-50.000000 2.621647e-02
-49.750000 2.542225e-02
-49.500000 2.353953e-02
-49.250000 2.065909e-02
-49.000000 1.694064e-02
-48.750000 1.264834e-02
-48.500000 8.325056e-03
-48.250000 5.698052e-03
-48.000000 7.596509e-03
-47.750000 1.193111e-02
-47.500000 1.652497e-02
-47.250000 2.068974e-02
-47.000000 2.409887e-02
-46.750000 2.654195e-02
-46.500000 2.787867e-02
-46.250000 2.803021e-02
-46.000000 2.697893e-02
-45.750000 2.477055e-02
-45.500000 2.151907e-02
-45.250000 1.742262e-02
-45.000000 1.282566e-02
-44.750000 8.511852e-03
-44.500000 6.794666e-03
-44.250000 9.648165e-03
-44.000000 1.441294e-02
-43.750000 1.929696e-02
-43.500000 2.366200e-02
-43.250000 2.717345e-02
-43.000000 2.961086e-02
-42.750000 3.082847e-02
-42.500000 3.074718e-02
-42.250000 2.935427e-02
-42.000000 2.670500e-02
-41.750000 2.292705e-02
-41.500000 1.823606e-02
-41.250000 1.300421e-02
-41.000000 8.133956e-03
-40.750000 6.675132e-03
-40.500000 1.054460e-02
-40.250000 1.604406e-02
-40.000000 2.145230e-02
-39.750000 2.618951e-02
-39.500000 2.993159e-02
-39.250000 3.245756e-02
-39.000000 3.362097e-02
-38.750000 3.334559e-02
-38.500000 3.162647e-02
-38.250000 2.853205e-02
-38.000000 2.420910e-02
-37.750000 1.890065e-02
-37.500000 1.303179e-02
-37.250000 7.741708e-03
-37.000000 7.128615e-03
-36.750000 1.218326e-02
-36.500000 1.843607e-02
-36.250000 2.439739e-02
-36.000000 2.953496e-02
-35.750000 3.352558e-02
-35.500000 3.614241e-02
-35.250000 3.723603e-02
-35.000000 3.673337e-02
-34.750000 3.464058e-02
-34.500000 3.104723e-02
-34.250000 2.613583e-02
-34.000000 2.021499e-02
-33.750000 1.386950e-02
-33.500000 8.790996e-03
-33.250000 9.477305e-03
-33.000000 1.531465e-02
-32.750000 2.219567e-02
-32.500000 2.871601e-02
-32.250000 3.430030e-02
-32.000000 3.859008e-02
-31.750000 4.133512e-02
-31.500000 4.237317e-02
-31.250000 4.162851e-02
-31.000000 3.911479e-02
-30.750000 3.494002e-02
-30.500000 2.931828e-02
-30.250000 2.261102e-02
-30.000000 1.551201e-02
-29.750000 1.002879e-02
-29.500000 1.106657e-02
-29.250000 1.760175e-02
-29.000000 2.523554e-02
-28.750000 3.243520e-02
-28.500000 3.855764e-02
-28.250000 4.320222e-02
-28.000000 4.609149e-02
-27.750000 4.704834e-02
-27.500000 4.599437e-02
-27.250000 4.295359e-02
-27.000000 3.805957e-02
-26.750000 3.157347e-02
-26.500000 2.394933e-02
-26.250000 1.613298e-02
-26.000000 1.105330e-02
-25.750000 1.398851e-02
-25.500000 2.192705e-02
-25.250000 3.065541e-02
-25.000000 3.875929e-02
-24.750000 4.557311e-02
-24.500000 5.066039e-02
-24.250000 5.371488e-02
-24.000000 5.454263e-02
-23.750000 5.306278e-02
-23.500000 4.931349e-02
-23.250000 4.346284e-02
-23.000000 3.583640e-02
-22.750000 2.701559e-02
-22.500000 1.827637e-02
-22.250000 1.346771e-02
-22.000000 1.779545e-02
-21.750000 2.711348e-02
-21.500000 3.716312e-02
-21.250000 4.642941e-02
-21.000000 5.415390e-02
-20.750000 5.983020e-02
-20.500000 6.310180e-02
-20.250000 6.374316e-02
-20.000000 6.166107e-02
-19.750000 5.690186e-02
-19.500000 4.966445e-02
-19.250000 4.033502e-02
-19.000000 2.961808e-02
-18.750000 1.918710e-02
-18.500000 1.466766e-02
-18.250000 2.181639e-02
-18.000000 3.372139e-02
-17.750000 4.596309e-02
-17.500000 5.705454e-02
-17.250000 6.618047e-02
-17.000000 7.276441e-02
-16.750000 7.638932e-02
-16.500000 7.678825e-02
-16.250000 7.385203e-02
-16.000000 6.764275e-02
-15.750000 5.841732e-02
-15.500000 4.669080e-02
-15.250000 3.348203e-02
-15.000000 2.157115e-02
-14.750000 1.966737e-02
-14.500000 3.112291e-02
-14.250000 4.670904e-02
-14.000000 6.230611e-02
-13.750000 7.634188e-02
-13.500000 8.784678e-02
-13.250000 9.609738e-02
-13.000000 1.005527e-01
-12.750000 1.008531e-01
-12.500000 9.683547e-02
-12.250000 8.855592e-02
-12.000000 7.632796e-02
-11.750000 6.082340e-02
-11.500000 4.345774e-02
-11.250000 2.833482e-02
-11.000000 2.759413e-02
-10.750000 4.390826e-02
-10.500000 6.532426e-02
-10.250000 8.679497e-02
-10.000000 1.062690e-01
-9.750000 1.224145e-01
-9.500000 1.341949e-01
-9.250000 1.407949e-01
-9.000000 1.416246e-01
-8.750000 1.363460e-01
-8.500000 1.249114e-01
-8.250000 1.076277e-01
-8.000000 8.532161e-02
-7.750000 5.998796e-02
-7.500000 3.835063e-02
-7.250000 4.113963e-02
-7.000000 6.906784e-02
-6.750000 1.039059e-01
-6.500000 1.391978e-01
-6.250000 1.721277e-01
-6.000000 2.006639e-01
-5.750000 2.230693e-01
-5.500000 2.378254e-01
-5.250000 2.436538e-01
-5.000000 2.395682e-01
-4.750000 2.249546e-01
-4.500000 1.997084e-01
-4.250000 1.645727e-01
-4.000000 1.223428e-01
-3.750000 8.368216e-02
-3.500000 8.393940e-02
-3.250000 1.375887e-01
-3.000000 2.144896e-01
-2.750000 3.011239e-01
-2.500000 3.924278e-01
-2.250000 4.851836e-01
-2.000000 5.766649e-01
-1.750000 6.643428e-01
-1.500000 7.458388e-01
-1.250000 8.189499e-01
-1.000000 8.816960e-01
-0.750000 9.323714e-01
-0.500000 9.695933e-01
-0.250000 9.923429e-01
0.000000 9.999961e-01
0.250000 9.923429e-01
0.500000 9.695933e-01
0.750000 9.323714e-01
1.000000 8.816960e-01
1.250000 8.189499e-01
1.500000 7.458388e-01
1.750000 6.643428e-01
2.000000 5.766649e-01
2.250000 4.851836e-01
2.500000 3.924278e-01
2.750000 3.011239e-01
3.000000 2.144896e-01
3.250000 1.375887e-01
3.500000 8.393940e-02
3.750000 8.368216e-02
4.000000 1.223428e-01
4.250000 1.645727e-01
4.500000 1.997084e-01
4.750000 2.249546e-01
5.000000 2.395682e-01
5.250000 2.436538e-01
5.500000 2.378254e-01
5.750000 2.230693e-01
6.000000 2.006639e-01
6.250000 1.721277e-01
6.500000 1.391978e-01
6.750000 1.039059e-01
7.000000 6.906784e-02
7.250000 4.113963e-02
7.500000 3.835063e-02
7.750000 5.998796e-02
8.000000 8.532161e-02
8.250000 1.076277e-01
8.500000 1.249114e-01
8.750000 1.363460e-01
9.000000 1.416246e-01
9.250000 1.407949e-01
9.500000 1.341949e-01
9.750000 1.224145e-01
10.000000 1.062690e-01
10.250000 8.679497e-02
10.500000 6.532426e-02
10.750000 4.390826e-02
11.000000 2.759413e-02
11.250000 2.833482e-02
11.500000 4.345774e-02
11.750000 6.082340e-02
12.000000 7.632796e-02
12.250000 8.855592e-02
12.500000 9.683547e-02
12.750000 1.008531e-01
13.000000 1.005527e-01
13.250000 9.609738e-02
13.500000 8.784678e-02
13.750000 7.634188e-02
14.000000 6.230611e-02
14.250000 4.670904e-02
14.500000 3.112291e-02
14.750000 1.966737e-02
15.000000 2.157115e-02
15.250000 3.348203e-02
15.500000 4.669080e-02
15.750000 5.841732e-02
16.000000 6.764275e-02
16.250000 7.385203e-02
16.500000 7.678825e-02
16.750000 7.638932e-02
17.000000 7.276441e-02
17.250000 6.618047e-02
17.500000 5.705454e-02
17.750000 4.596309e-02
18.000000 3.372139e-02
18.250000 2.181639e-02
18.500000 1.466766e-02
18.750000 1.918710e-02
19.000000 2.961808e-02
19.250000 4.033502e-02
19.500000 4.966445e-02
19.750000 5.690186e-02
20.000000 6.166107e-02
20.250000 6.374316e-02
20.500000 6.310180e-02
20.750000 5.983020e-02
21.000000 5.415390e-02
21.250000 4.642941e-02
21.500000 3.716312e-02
21.750000 2.711348e-02
22.000000 1.779545e-02
22.250000 1.346771e-02
22.500000 1.827637e-02
22.750000 2.701559e-02
23.000000 3.583640e-02
23.250000 4.346284e-02
23.500000 4.931349e-02
23.750000 5.306278e-02
24.000000 5.454263e-02
24.250000 5.371488e-02
24.500000 5.066039e-02
24.750000 4.557311e-02
25.000000 3.875929e-02
25.250000 3.065541e-02
25.500000 2.192705e-02
25.750000 1.398851e-02
26.000000 1.105330e-02
26.250000 1.613298e-02
26.500000 2.394933e-02
26.750000 3.157347e-02
27.000000 3.805957e-02
27.250000 4.295359e-02
27.500000 4.599437e-02
27.750000 4.704834e-02
28.000000 4.609149e-02
28.250000 4.320222e-02
28.500000 3.855764e-02
28.750000 3.243520e-02
29.000000 2.523554e-02
29.250000 1.760175e-02
29.500000 1.106657e-02
29.750000 1.002879e-02
30.000000 1.551201e-02
30.250000 2.261102e-02
30.500000 2.931828e-02
30.750000 3.494002e-02
31.000000 3.911479e-02
31.250000 4.162851e-02
31.500000 4.237317e-02
31.750000 4.133512e-02
32.000000 3.859008e-02
32.250000 3.430030e-02
32.500000 2.871601e-02
32.750000 2.219567e-02
33.000000 1.531465e-02
33.250000 9.477305e-03
33.500000 8.790996e-03
33.750000 1.386950e-02
34.000000 2.021499e-02
34.250000 2.613583e-02
34.500000 3.104723e-02
34.750000 3.464058e-02
35.000000 3.673337e-02
35.250000 3.723603e-02
35.500000 3.614241e-02
35.750000 3.352558e-02
36.000000 2.953496e-02
36.250000 2.439739e-02
36.500000 1.843607e-02
36.750000 1.218326e-02
37.000000 7.128615e-03
37.250000 7.741708e-03
37.500000 1.303179e-02
37.750000 1.890065e-02
38.000000 2.420910e-02
38.250000 2.853205e-02
38.500000 3.162647e-02
38.750000 3.334559e-02
39.000000 3.362097e-02
39.250000 3.245756e-02
39.500000 2.993159e-02
39.750000 2.618951e-02
40.000000 2.145230e-02
40.250000 1.604406e-02
40.500000 1.054460e-02
40.750000 6.675132e-03
41.000000 8.133956e-03
41.250000 1.300421e-02
41.500000 1.823606e-02
41.750000 2.292705e-02
42.000000 2.670500e-02
42.250000 2.935427e-02
42.500000 3.074718e-02
42.750000 3.082847e-02
43.000000 2.961086e-02
43.250000 2.717345e-02
43.500000 2.366200e-02
43.750000 1.929696e-02
44.000000 1.441294e-02
44.250000 9.648165e-03
44.500000 6.794666e-03
44.750000 8.511852e-03
45.000000 1.282566e-02
45.250000 1.742262e-02
45.500000 2.151907e-02
45.750000 2.477055e-02
46.000000 2.697893e-02
46.250000 2.803021e-02
46.500000 2.787867e-02
46.750000 2.654195e-02
47.000000 2.409887e-02
47.250000 2.068974e-02
47.500000 1.652497e-02
47.750000 1.193111e-02
48.000000 7.596509e-03
48.250000 5.698052e-03
48.500000 8.325056e-03
48.750000 1.264834e-02
49.000000 1.694064e-02
49.250000 2.065909e-02
49.500000 2.353953e-02
49.750000 2.542225e-02
50.000000 2.621647e-02
