-50.000000 6.913187e-02
-49.750000 6.449590e-02
-49.500000 5.979624e-02
-49.250000 5.503340e-02
-49.000000 5.020785e-02
-48.750000 4.532013e-02
-48.500000 4.037081e-02
-48.250000 3.536048e-02
-48.000000 3.028984e-02
-47.750000 2.515972e-02
-47.500000 1.997129e-02
-47.250000 1.472661e-02
-47.000000 9.431215e-03
-46.750000 4.116589e-03
-46.500000 1.653370e-03
-46.250000 6.940335e-03
-46.000000 1.245394e-02
-45.750000 1.803808e-02
-45.500000 2.368151e-02
-45.250000 2.938102e-02
-45.000000 3.513500e-02
-44.750000 4.094235e-02
-44.500000 4.680216e-02
-44.250000 5.271359e-02
-44.000000 5.867585e-02
-43.750000 6.468816e-02
-43.500000 7.074972e-02
-43.250000 7.685977e-02
-43.000000 8.301752e-02
-42.750000 8.922217e-02
-42.500000 9.547293e-02
-42.250000 1.017690e-01
-42.000000 1.081095e-01
-41.750000 1.144937e-01
-41.500000 1.209207e-01
-41.250000 1.273897e-01
-41.000000 1.338998e-01
-40.750000 1.404502e-01
-40.500000 1.470399e-01
-40.250000 1.536682e-01
-40.000000 1.603340e-01
-39.750000 1.670366e-01
-39.500000 1.737749e-01
-39.250000 1.805481e-01
-39.000000 1.873553e-01
-38.750000 1.941955e-01
-38.500000 2.010677e-01
-38.250000 2.079711e-01
-38.000000 2.149046e-01
-37.750000 2.218673e-01
-37.500000 2.288582e-01
-37.250000 2.358763e-01
-37.000000 2.429207e-01
-36.750000 2.499903e-01
-36.500000 2.570841e-01
-36.250000 2.642011e-01
-36.000000 2.713404e-01
-35.750000 2.785008e-01
-35.500000 2.856814e-01
-35.250000 2.928810e-01
-35.000000 3.000988e-01
-34.750000 3.073335e-01
-34.500000 3.145842e-01
-34.250000 3.218498e-01
-34.000000 3.291292e-01
-33.750000 3.364214e-01
-33.500000 3.437252e-01
-33.250000 3.510397e-01
-33.000000 3.583637e-01
-32.750000 3.656961e-01
-32.500000 3.730359e-01
-32.250000 3.803819e-01
-32.000000 3.877331e-01
-31.750000 3.950883e-01
-31.500000 4.024464e-01
-31.250000 4.098064e-01
-31.000000 4.171671e-01
-30.750000 4.245274e-01
-30.500000 4.318862e-01
-30.250000 4.392423e-01
-30.000000 4.465947e-01
-29.750000 4.539422e-01
-29.500000 4.612837e-01
-29.250000 4.686181e-01
-29.000000 4.759443e-01
-28.750000 4.832610e-01
-28.500000 4.905673e-01
-28.250000 4.978619e-01
-28.000000 5.051438e-01
-27.750000 5.124118e-01
-27.500000 5.196647e-01
-27.250000 5.269016e-01
-27.000000 5.341211e-01
-26.750000 5.413222e-01
-26.500000 5.485039e-01
-26.250000 5.556649e-01
-26.000000 5.628041e-01
-25.750000 5.699204e-01
-25.500000 5.770127e-01
-25.250000 5.840799e-01
-25.000000 5.911209e-01
-24.750000 5.981345e-01
-24.500000 6.051196e-01
-24.250000 6.120752e-01
-24.000000 6.190002e-01
-23.750000 6.258933e-01
-23.500000 6.327536e-01
-23.250000 6.395800e-01
-23.000000 6.463713e-01
-22.750000 6.531265e-01
-22.500000 6.598445e-01
-22.250000 6.665242e-01
-22.000000 6.731645e-01
-21.750000 6.797645e-01
-21.500000 6.863230e-01
-21.250000 6.928389e-01
-21.000000 6.993113e-01
-20.750000 7.057391e-01
-20.500000 7.121212e-01
-20.250000 7.184567e-01
-20.000000 7.247444e-01
-19.750000 7.309835e-01
-19.500000 7.371728e-01
-19.250000 7.433114e-01
-19.000000 7.493982e-01
-18.750000 7.554324e-01
-18.500000 7.614128e-01
-18.250000 7.673386e-01
-18.000000 7.732088e-01
-17.750000 7.790224e-01
-17.500000 7.847784e-01
-17.250000 7.904760e-01
-17.000000 7.961142e-01
-16.750000 8.016920e-01
-16.500000 8.072087e-01
-16.250000 8.126631e-01
-16.000000 8.180546e-01
-15.750000 8.233822e-01
-15.500000 8.286449e-01
-15.250000 8.338420e-01
-15.000000 8.389727e-01
-14.750000 8.440359e-01
-14.500000 8.490310e-01
-14.250000 8.539571e-01
-14.000000 8.588134e-01
-13.750000 8.635990e-01
-13.500000 8.683133e-01
-13.250000 8.729554e-01
-13.000000 8.775245e-01
-12.750000 8.820200e-01
-12.500000 8.864410e-01
-12.250000 8.907868e-01
-12.000000 8.950568e-01
-11.750000 8.992501e-01
-11.500000 9.033662e-01
-11.250000 9.074042e-01
-11.000000 9.113637e-01
-10.750000 9.152438e-01
-10.500000 9.190440e-01
-10.250000 9.227636e-01
-10.000000 9.264020e-01
-9.750000 9.299586e-01
-9.500000 9.334329e-01
-9.250000 9.368242e-01
-9.000000 9.401319e-01
-8.750000 9.433556e-01
-8.500000 9.464946e-01
-8.250000 9.495485e-01
-8.000000 9.525168e-01
-7.750000 9.553989e-01
-7.500000 9.581944e-01
-7.250000 9.609028e-01
-7.000000 9.635237e-01
-6.750000 9.660566e-01
-6.500000 9.685010e-01
-6.250000 9.708567e-01
-6.000000 9.731232e-01
-5.750000 9.753001e-01
-5.500000 9.773871e-01
-5.250000 9.793837e-01
-5.000000 9.812898e-01
-4.750000 9.831049e-01
-4.500000 9.848287e-01
-4.250000 9.864610e-01
-4.000000 9.880015e-01
-3.750000 9.894499e-01
-3.500000 9.908061e-01
-3.250000 9.920696e-01
-3.000000 9.932405e-01
-2.750000 9.943184e-01
-2.500000 9.953031e-01
-2.250000 9.961946e-01
-2.000000 9.969927e-01
-1.750000 9.976971e-01
-1.500000 9.983079e-01
-1.250000 9.988249e-01
-1.000000 9.992480e-01
-0.750000 9.995771e-01
-0.500000 9.998123e-01
-0.250000 9.999534e-01
0.000000 1.000000e+00
0.250000 9.999534e-01
0.500000 9.998123e-01
0.750000 9.995771e-01
1.000000 9.992480e-01
1.250000 9.988249e-01
1.500000 9.983079e-01
1.750000 9.976971e-01
2.000000 9.969927e-01
2.250000 9.961946e-01
2.500000 9.953031e-01
2.750000 9.943184e-01
3.000000 9.932405e-01
3.250000 9.920696e-01
3.500000 9.908061e-01
3.750000 9.894499e-01
4.000000 9.880015e-01
4.250000 9.864610e-01
4.500000 9.848287e-01
4.750000 9.831049e-01
5.000000 9.812898e-01
5.250000 9.793837e-01
5.500000 9.773871e-01
5.750000 9.753001e-01
6.000000 9.731232e-01
6.250000 9.708567e-01
6.500000 9.685010e-01
6.750000 9.660566e-01
7.000000 9.635237e-01
7.250000 9.609028e-01
7.500000 9.581944e-01
7.750000 9.553989e-01
8.000000 9.525168e-01
8.250000 9.495485e-01
8.500000 9.464946e-01
8.750000 9.433556e-01
9.000000 9.401319e-01
9.250000 9.368242e-01
9.500000 9.334329e-01
9.750000 9.299586e-01
10.000000 9.264020e-01
10.250000 9.227636e-01
10.500000 9.190440e-01
10.750000 9.152438e-01
11.000000 9.113637e-01
11.250000 9.074042e-01
11.500000 9.033662e-01
11.750000 8.992501e-01
12.000000 8.950568e-01
12.250000 8.907868e-01
12.500000 8.864410e-01
12.750000 8.820200e-01
13.000000 8.775245e-01
13.250000 8.729554e-01
13.500000 8.683133e-01
13.750000 8.635990e-01
14.000000 8.588134e-01
14.250000 8.539571e-01
14.500000 8.490310e-01
14.750000 8.440359e-01
15.000000 8.389727e-01
15.250000 8.338420e-01
15.500000 8.286449e-01
15.750000 8.233822e-01
16.000000 8.180546e-01
16.250000 8.126631e-01
16.500000 8.072087e-01
16.750000 8.016920e-01
17.000000 7.961142e-01
17.250000 7.904760e-01
17.500000 7.847784e-01
17.750000 7.790224e-01
18.000000 7.732088e-01
18.250000 7.673386e-01
18.500000 7.614128e-01
18.750000 7.554324e-01
19.000000 7.493982e-01
19.250000 7.433114e-01
19.500000 7.371728e-01
19.750000 7.309835e-01
20.000000 7.247444e-01
20.250000 7.184567e-01
20.500000 7.121212e-01
20.750000 7.057391e-01
21.000000 6.993113e-01
21.250000 6.928389e-01
21.500000 6.863230e-01
21.750000 6.797645e-01
22.000000 6.731645e-01
22.250000 6.665242e-01
22.500000 6.598445e-01
22.750000 6.531265e-01
23.000000 6.463713e-01
23.250000 6.395800e-01
23.500000 6.327536e-01
23.750000 6.258933e-01
24.000000 6.190002e-01
24.250000 6.120752e-01
24.500000 6.051196e-01
24.750000 5.981345e-01
25.000000 5.911209e-01
25.250000 5.840799e-01
25.500000 5.770127e-01
25.750000 5.699204e-01
26.000000 5.628041e-01
26.250000 5.556649e-01
26.500000 5.485039e-01
26.750000 5.413222e-01
27.000000 5.341211e-01
27.250000 5.269016e-01
27.500000 5.196647e-01
27.750000 5.124118e-01
28.000000 5.051438e-01
28.250000 4.978619e-01
28.500000 4.905673e-01
28.750000 4.832610e-01
29.000000 4.759443e-01
29.250000 4.686181e-01
29.500000 4.612837e-01
29.750000 4.539422e-01
30.000000 4.465947e-01
30.250000 4.392423e-01
30.500000 4.318862e-01
30.750000 4.245274e-01
31.000000 4.171671e-01
31.250000 4.098064e-01
31.500000 4.024464e-01
31.750000 3.950883e-01
32.000000 3.877331e-01
32.250000 3.803819e-01
32.500000 3.730359e-01
32.750000 3.656961e-01
33.000000 3.583637e-01
33.250000 3.510397e-01
33.500000 3.437252e-01
33.750000 3.364214e-01
34.000000 3.291292e-01
34.250000 3.218498e-01
34.500000 3.145842e-01
34.750000 3.073335e-01
35.000000 3.000988e-01
35.250000 2.928810e-01
35.500000 2.856814e-01
35.750000 2.785008e-01
36.000000 2.713404e-01
36.250000 2.642011e-01
36.500000 2.570841e-01
36.750000 2.499903e-01
37.000000 2.429207e-01
37.250000 2.358763e-01
37.500000 2.288582e-01
37.750000 2.218673e-01
38.000000 2.149046e-01
38.250000 2.079711e-01
38.500000 2.010677e-01
38.750000 1.941955e-01
39.000000 1.873553e-01
39.250000 1.805481e-01
39.500000 1.737749e-01
39.750000 1.670366e-01
40.000000 1.603340e-01
40.250000 1.536682e-01
40.500000 1.470399e-01
40.750000 1.404502e-01
41.000000 1.338998e-01
41.250000 1.273897e-01
41.500000 1.209207e-01
41.750000 1.144937e-01
42.000000 1.081095e-01
42.250000 1.017690e-01
42.500000 9.547293e-02
42.750000 8.922217e-02
43.000000 8.301752e-02
43.250000 7.685977e-02
43.500000 7.074972e-02
43.750000 6.468816e-02
44.000000 5.867585e-02
44.250000 5.271359e-02
44.500000 4.680216e-02
44.750000 4.094235e-02
45.000000 3.513500e-02
45.250000 2.938102e-02
45.500000 2.368151e-02
45.750000 1.803808e-02
46.000000 1.245394e-02
46.250000 6.940335e-03
46.500000 1.653370e-03
46.750000 4.116589e-03
47.000000 9.431215e-03
47.250000 1.472661e-02
47.500000 1.997129e-02
47.750000 2.515972e-02
48.000000 3.028984e-02
48.250000 3.536048e-02
48.500000 4.037081e-02
48.750000 4.532013e-02
49.000000 5.020785e-02
49.250000 5.503340e-02
49.500000 5.979624e-02
49.750000 6.449590e-02
50.000000 6.913187e-02
