-50.000000 6.339994e-04
-49.750000 5.864833e-04
-49.500000 5.370297e-04
-49.250000 4.873471e-04
-49.000000 4.397491e-04
-48.750000 3.973716e-04
-48.500000 3.642745e-04
-48.250000 3.450258e-04
-48.000000 3.433160e-04
-47.750000 3.601248e-04
-47.500000 3.932267e-04
-47.250000 4.386051e-04
-47.000000 4.921600e-04
-46.750000 5.505206e-04
-46.500000 6.111305e-04
-46.250000 6.720751e-04
-46.000000 7.318923e-04
-45.750000 7.894311e-04
-45.500000 8.437574e-04
-45.250000 8.940936e-04
-45.000000 9.397805e-04
-44.750000 9.802533e-04
-44.500000 1.015027e-03
-44.250000 1.043685e-03
-44.000000 1.065877e-03
-43.750000 1.081313e-03
-43.500000 1.089761e-03
-43.250000 1.091052e-03
-43.000000 1.085076e-03
-42.750000 1.071788e-03
-42.500000 1.051208e-03
-42.250000 1.023431e-03
-42.000000 9.886316e-04
-41.750000 9.470743e-04
-41.500000 8.991295e-04
-41.250000 8.452966e-04
-41.000000 7.862400e-04
-40.750000 7.228477e-04
-40.500000 6.563288e-04
-40.250000 5.883787e-04
-40.000000 5.214591e-04
-39.750000 4.592422e-04
-39.500000 4.071653e-04
-39.250000 3.725585e-04
-39.000000 3.629004e-04
-38.750000 3.816301e-04
-38.500000 4.256266e-04
-38.250000 4.879312e-04
-38.000000 5.617018e-04
-37.750000 6.417477e-04
-37.500000 7.243986e-04
-37.250000 8.070161e-04
-37.000000 8.876081e-04
-36.750000 9.645882e-04
-36.500000 1.036636e-03
-36.250000 1.102619e-03
-36.000000 1.161547e-03
-35.750000 1.212548e-03
-35.500000 1.254859e-03
-35.250000 1.287817e-03
-35.000000 1.310862e-03
-34.750000 1.323533e-03
-34.500000 1.325473e-03
-34.250000 1.316431e-03
-34.000000 1.296266e-03
-33.750000 1.264945e-03
-33.500000 1.222548e-03
-33.250000 1.169266e-03
-33.000000 1.105404e-03
-32.750000 1.031375e-03
-32.500000 9.477009e-04
-32.250000 8.550081e-04
-32.000000 7.540252e-04
-31.750000 6.455801e-04
-31.500000 5.306014e-04
-31.250000 4.101370e-04
-31.000000 2.854410e-04
-30.750000 1.585387e-04
-30.500000 4.420480e-05
-30.250000 1.163782e-04
-30.000000 2.455037e-04
-29.750000 3.758079e-04
-29.500000 5.042360e-04
-29.250000 6.292635e-04
-29.000000 7.496218e-04
-28.750000 8.641445e-04
-28.500000 9.717409e-04
-28.250000 1.071394e-03
-28.000000 1.162170e-03
-27.750000 1.243220e-03
-27.500000 1.313797e-03
-27.250000 1.373260e-03
-27.000000 1.421080e-03
-26.750000 1.456852e-03
-26.500000 1.480298e-03
-26.250000 1.491272e-03
-26.000000 1.489769e-03
-25.750000 1.475925e-03
-25.500000 1.450027e-03
-25.250000 1.412511e-03
-25.000000 1.363981e-03
-24.750000 1.305211e-03
-24.500000 1.237166e-03
-24.250000 1.161036e-03
-24.000000 1.078275e-03
-23.750000 9.906898e-04
-23.500000 9.005562e-04
-23.250000 8.108245e-04
-23.000000 7.254061e-04
-22.750000 6.495139e-04
-22.500000 5.897955e-04
-22.250000 5.535777e-04
-22.000000 5.464688e-04
-21.750000 5.692890e-04
-21.500000 6.174526e-04
-21.250000 6.835986e-04
-21.000000 7.605123e-04
-20.750000 8.423975e-04
-20.500000 9.249249e-04
-20.250000 1.004893e-03
-20.000000 1.079893e-03
-19.750000 1.148068e-03
-19.500000 1.207952e-03
-19.250000 1.258376e-03
-19.000000 1.298406e-03
-18.750000 1.327300e-03
-18.500000 1.344490e-03
-18.250000 1.349563e-03
-18.000000 1.342252e-03
-17.750000 1.322435e-03
-17.500000 1.290136e-03
-17.250000 1.245524e-03
-17.000000 1.188934e-03
-16.750000 1.120885e-03
-16.500000 1.042127e-03
-16.250000 9.537209e-04
-16.000000 8.571912e-04
-15.750000 7.548302e-04
-15.500000 6.503188e-04
-15.250000 5.500148e-04
-15.000000 4.653695e-04
-14.750000 4.153370e-04
-14.500000 4.206485e-04
-14.250000 4.852430e-04
-14.000000 5.935927e-04
-13.750000 7.283225e-04
-13.500000 8.780463e-04
-13.250000 1.036014e-03
-13.000000 1.197962e-03
-12.750000 1.360890e-03
-12.500000 1.522447e-03
-12.250000 1.680642e-03
-12.000000 1.833693e-03
-11.750000 1.979950e-03
-11.500000 2.117858e-03
-11.250000 2.245938e-03
-11.000000 2.362783e-03
-10.750000 2.467059e-03
-10.500000 2.557507e-03
-10.250000 2.632955e-03
-10.000000 2.692332e-03
-9.750000 2.734674e-03
-9.500000 2.759146e-03
-9.250000 2.765056e-03
-9.000000 2.751874e-03
-8.750000 2.719258e-03
-8.500000 2.667080e-03
-8.250000 2.595457e-03
-8.000000 2.504807e-03
-7.750000 2.395904e-03
-7.500000 2.269982e-03
-7.250000 2.128872e-03
-7.000000 1.975237e-03
-6.750000 1.812939e-03
-6.500000 1.647634e-03
-6.250000 1.487681e-03
-6.000000 1.345348e-03
-5.750000 1.237643e-03
-5.500000 1.184699e-03
-5.250000 1.203076e-03
-5.000000 1.296911e-03
-4.750000 1.456521e-03
-4.500000 1.665809e-03
-4.250000 1.909404e-03
-4.000000 2.175215e-03
-3.750000 2.454223e-03
-3.500000 2.739619e-03
-3.250000 3.026055e-03
-3.000000 3.309139e-03
-2.750000 3.585122e-03
-2.500000 3.850713e-03
-2.250000 4.102965e-03
-2.000000 4.339218e-03
-1.750000 4.557060e-03
-1.500000 4.754312e-03
-1.250000 4.929027e-03
-1.000000 5.079483e-03
-0.750000 5.204197e-03
-0.500000 5.301925e-03
-0.250000 5.371669e-03
0.000000 5.412692e-03
0.250000 5.424514e-03
0.500000 5.406924e-03
0.750000 5.359983e-03
1.000000 5.284025e-03
1.250000 5.179658e-03
1.500000 5.047767e-03
1.750000 4.889511e-03
2.000000 4.706326e-03
2.250000 4.499922e-03
2.500000 4.272292e-03
2.750000 4.025719e-03
3.000000 3.762799e-03
3.250000 3.486479e-03
3.500000 3.200121e-03
3.750000 2.907623e-03
4.000000 2.613612e-03
4.250000 2.323767e-03
4.500000 2.045351e-03
4.750000 1.788007e-03
5.000000 1.564711e-03
5.250000 1.392136e-03
5.500000 1.288218e-03
5.750000 1.264671e-03
6.000000 1.318476e-03
6.250000 1.432473e-03
6.500000 1.584789e-03
6.750000 1.756536e-03
7.000000 1.933908e-03
7.250000 2.107382e-03
7.500000 2.270426e-03
7.750000 2.418504e-03
8.000000 2.548430e-03
8.250000 2.657963e-03
8.500000 2.745563e-03
8.750000 2.810233e-03
9.000000 2.851425e-03
9.250000 2.868963e-03
9.500000 2.863003e-03
9.750000 2.833990e-03
10.000000 2.782631e-03
10.250000 2.709864e-03
10.500000 2.616840e-03
10.750000 2.504893e-03
11.000000 2.375525e-03
11.250000 2.230378e-03
11.500000 2.071219e-03
11.750000 1.899918e-03
12.000000 1.718429e-03
12.250000 1.528787e-03
12.500000 1.333097e-03
12.750000 1.133564e-03
13.000000 9.325639e-04
13.250000 7.328782e-04
13.500000 5.384332e-04
13.750000 3.572572e-04
14.000000 2.167420e-04
14.250000 2.051812e-04
14.500000 3.240357e-04
14.750000 4.753536e-04
15.000000 6.277159e-04
15.250000 7.729700e-04
15.500000 9.079268e-04
15.750000 1.030896e-03
16.000000 1.140825e-03
16.250000 1.237024e-03
16.500000 1.319052e-03
16.750000 1.386674e-03
17.000000 1.439825e-03
17.250000 1.478597e-03
17.500000 1.503219e-03
17.750000 1.514051e-03
18.000000 1.511566e-03
18.250000 1.496342e-03
18.500000 1.469050e-03
18.750000 1.430445e-03
19.000000 1.381355e-03
19.250000 1.322682e-03
19.500000 1.255387e-03
19.750000 1.180505e-03
20.000000 1.099142e-03
20.250000 1.012507e-03
20.500000 9.219459e-04
20.750000 8.290233e-04
21.000000 7.356546e-04
21.250000 6.443465e-04
21.500000 5.586043e-04
21.750000 4.835390e-04
22.000000 4.264073e-04
22.250000 3.958426e-04
22.500000 3.979136e-04
22.750000 4.312967e-04
23.000000 4.882421e-04
23.250000 5.599102e-04
23.500000 6.394771e-04
23.750000 7.223390e-04
24.000000 8.054397e-04
24.250000 8.866747e-04
24.500000 9.645139e-04
24.750000 1.037782e-03
25.000000 1.105535e-03
25.250000 1.166986e-03
25.500000 1.221469e-03
25.750000 1.268413e-03
26.000000 1.307332e-03
26.250000 1.337821e-03
26.500000 1.359555e-03
26.750000 1.372293e-03
27.000000 1.375884e-03
27.250000 1.370273e-03
27.500000 1.355508e-03
27.750000 1.331756e-03
28.000000 1.299313e-03
28.250000 1.258618e-03
28.500000 1.210278e-03
28.750000 1.155095e-03
29.000000 1.094104e-03
29.250000 1.028628e-03
29.500000 9.603523e-04
29.750000 8.914239e-04
30.000000 8.245732e-04
30.250000 7.632211e-04
30.500000 7.114853e-04
30.750000 6.738993e-04
31.000000 6.546389e-04
31.250000 6.563210e-04
31.500000 6.790072e-04
31.750000 7.201957e-04
32.000000 7.758005e-04
32.250000 8.413317e-04
32.500000 9.126588e-04
32.750000 9.862937e-04
33.000000 1.059395e-03
33.250000 1.129671e-03
33.500000 1.195270e-03
33.750000 1.254695e-03
34.000000 1.306734e-03
34.250000 1.350416e-03
34.500000 1.384985e-03
34.750000 1.409876e-03
35.000000 1.424705e-03
35.250000 1.429262e-03
35.500000 1.423503e-03
35.750000 1.407553e-03
36.000000 1.381704e-03
36.250000 1.346413e-03
36.500000 1.302317e-03
36.750000 1.250232e-03
37.000000 1.191174e-03
37.250000 1.126376e-03
37.500000 1.057326e-03
37.750000 9.858078e-04
38.000000 9.139645e-04
38.250000 8.443624e-04
38.500000 7.800388e-04
38.750000 7.244623e-04
39.000000 6.812917e-04
39.250000 6.538097e-04
39.500000 6.440735e-04
39.750000 6.521640e-04
40.000000 6.760686e-04
40.250000 7.123154e-04
40.500000 7.569029e-04
40.750000 8.060179e-04
41.000000 8.563803e-04
41.250000 9.053170e-04
41.500000 9.507075e-04
41.750000 9.908937e-04
42.000000 1.024595e-03
42.250000 1.050839e-03
42.500000 1.068912e-03
42.750000 1.078318e-03
43.000000 1.078751e-03
43.250000 1.070075e-03
43.500000 1.052309e-03
43.750000 1.025607e-03
44.000000 9.902528e-04
44.250000 9.466450e-04
44.500000 8.952906e-04
44.750000 8.367958e-04
45.000000 7.718612e-04
45.250000 7.012797e-04
45.500000 6.259421e-04
45.750000 5.468591e-04
46.000000 4.652172e-04
46.250000 3.825236e-04
46.500000 3.009927e-04
46.750000 2.246950e-04
47.000000 1.631263e-04
47.250000 1.376450e-04
47.500000 1.639379e-04
47.750000 2.218699e-04
48.000000 2.904203e-04
48.250000 3.608035e-04
48.500000 4.294006e-04
48.750000 4.943900e-04
49.000000 5.546740e-04
49.250000 6.095107e-04
49.500000 6.583700e-04
49.750000 7.008704e-04
50.000000 7.367490e-04
