-50.000000 4.038236e-04
-49.750000 4.297967e-04
-49.500000 4.317789e-04
-49.250000 4.068834e-04
-49.000000 3.555937e-04
-48.750000 2.815312e-04
-48.500000 1.913840e-04
-48.250000 9.695777e-05
-48.000000 5.409055e-05
-47.750000 1.235101e-04
-47.500000 1.949114e-04
-47.250000 2.440013e-04
-47.000000 2.638642e-04
-46.750000 2.519370e-04
-46.500000 2.097888e-04
-46.250000 1.457827e-04
-46.000000 9.429075e-05
-45.750000 1.387549e-04
-45.500000 2.415699e-04
-45.250000 3.505378e-04
-45.000000 4.474726e-04
-44.750000 5.214490e-04
-44.500000 5.648479e-04
-44.250000 5.731320e-04
-44.000000 5.450682e-04
-43.750000 4.829139e-04
-43.500000 3.926243e-04
-43.250000 2.848248e-04
-43.000000 1.808319e-04
-42.750000 1.390318e-04
-42.500000 2.012343e-04
-42.250000 2.922603e-04
-42.000000 3.700922e-04
-41.750000 4.211968e-04
-41.500000 4.403778e-04
-41.250000 4.269343e-04
-41.000000 3.836670e-04
-40.750000 3.162612e-04
-40.500000 2.326104e-04
-40.250000 1.420515e-04
-40.000000 5.498044e-05
-39.750000 2.725273e-05
-39.500000 8.131828e-05
-39.250000 1.125294e-04
-39.000000 1.161130e-04
-38.750000 9.328115e-05
-38.500000 5.629714e-05
-38.250000 6.899992e-05
-38.000000 1.438539e-04
-37.750000 2.320381e-04
-37.500000 3.171228e-04
-37.250000 3.886601e-04
-37.000000 4.384131e-04
-36.750000 4.605646e-04
-36.500000 4.523750e-04
-36.250000 4.150146e-04
-36.000000 3.550171e-04
-35.750000 2.879101e-04
-35.500000 2.454427e-04
-35.250000 2.654828e-04
-35.000000 3.415946e-04
-34.750000 4.372407e-04
-34.500000 5.267380e-04
-34.250000 5.957369e-04
-34.000000 6.362715e-04
-33.750000 6.448858e-04
-33.500000 6.220495e-04
-33.250000 5.719111e-04
-33.000000 5.021237e-04
-32.750000 4.237130e-04
-32.500000 3.507750e-04
-32.250000 2.983688e-04
-32.000000 2.748503e-04
-31.750000 2.727124e-04
-31.500000 2.739539e-04
-31.250000 2.635589e-04
-31.000000 2.350850e-04
-30.750000 1.921883e-04
-30.500000 1.553041e-04
-30.250000 1.669318e-04
-30.000000 2.369973e-04
-29.750000 3.322325e-04
-29.500000 4.287572e-04
-29.250000 5.130081e-04
-29.000000 5.761975e-04
-28.750000 6.128439e-04
-28.500000 6.205709e-04
-28.250000 6.001436e-04
-28.000000 5.554891e-04
-27.750000 4.936973e-04
-27.500000 4.250760e-04
-27.250000 3.630544e-04
-27.000000 3.222594e-04
-26.750000 3.114064e-04
-26.500000 3.253539e-04
-26.250000 3.496833e-04
-26.000000 3.716455e-04
-25.750000 3.842970e-04
-25.500000 3.856413e-04
-25.250000 3.769178e-04
-25.000000 3.611580e-04
-24.750000 3.421633e-04
-24.500000 3.241150e-04
-24.250000 3.119891e-04
-24.000000 3.122381e-04
-23.750000 3.319421e-04
-23.500000 3.753117e-04
-23.250000 4.406111e-04
-23.000000 5.208172e-04
-22.750000 6.061200e-04
-22.500000 6.857573e-04
-22.250000 7.490922e-04
-22.000000 7.864703e-04
-21.750000 7.900709e-04
-21.500000 7.547397e-04
-21.250000 6.787616e-04
-21.000000 5.646551e-04
-20.750000 4.206800e-04
-20.500000 2.675608e-04
-20.250000 1.796322e-04
-20.000000 2.688598e-04
-19.750000 4.281809e-04
-19.500000 5.801328e-04
-19.250000 6.999965e-04
-19.000000 7.750424e-04
-18.750000 7.984517e-04
-18.500000 7.686304e-04
-18.250000 6.892841e-04
-18.000000 5.696406e-04
-17.750000 4.254105e-04
-17.500000 2.839647e-04
-17.250000 2.042322e-04
-17.000000 2.431978e-04
-16.750000 3.281556e-04
-16.500000 3.906793e-04
-16.250000 4.055889e-04
-16.000000 3.637047e-04
-15.750000 2.646079e-04
-15.500000 1.175499e-04
-15.250000 9.776886e-05
-15.000000 3.085099e-04
-14.750000 5.326719e-04
-14.500000 7.441056e-04
-14.250000 9.223484e-04
-14.000000 1.049653e-03
-13.750000 1.112414e-03
-13.500000 1.102751e-03
-13.250000 1.020124e-03
-13.000000 8.736873e-04
-12.750000 6.882578e-04
-12.500000 5.238609e-04
-12.250000 5.008590e-04
-12.000000 6.663827e-04
-11.750000 9.144198e-04
-11.500000 1.163173e-03
-11.250000 1.372530e-03
-11.000000 1.520832e-03
-10.750000 1.597695e-03
-10.500000 1.602783e-03
-10.250000 1.546319e-03
-10.000000 1.450319e-03
-9.750000 1.349591e-03
-9.500000 1.288712e-03
-9.250000 1.307216e-03
-9.000000 1.416367e-03
-8.750000 1.594898e-03
-8.500000 1.809641e-03
-8.250000 2.033614e-03
-8.000000 2.251149e-03
-7.750000 2.456597e-03
-7.500000 2.651396e-03
-7.250000 2.840993e-03
-7.000000 3.032095e-03
-6.750000 3.230728e-03
-6.500000 3.441374e-03
-6.250000 3.667008e-03
-6.000000 3.909425e-03
-5.750000 4.169093e-03
-5.500000 4.444138e-03
-5.250000 4.728635e-03
-5.000000 5.010905e-03
-4.750000 5.272674e-03
-4.500000 5.489661e-03
-4.250000 5.633738e-03
-4.000000 5.676476e-03
-3.750000 5.593890e-03
-3.500000 5.372553e-03
-3.250000 5.018051e-03
-3.000000 4.568246e-03
-2.750000 4.114921e-03
-2.500000 3.827345e-03
-2.250000 3.920918e-03
-2.000000 4.504601e-03
-1.750000 5.490613e-03
-1.500000 6.710014e-03
-1.250000 8.014118e-03
-1.000000 9.289081e-03
-0.750000 1.044679e-02
-0.500000 1.141835e-02
-0.250000 1.215163e-02
0.000000 1.261088e-02
0.250000 1.277687e-02
0.500000 1.264672e-02
0.750000 1.223324e-02
1.000000 1.156348e-02
1.250000 1.067666e-02
1.500000 9.621721e-03
1.750000 8.454630e-03
2.000000 7.236189e-03
2.250000 6.030838e-03
2.500000 4.907516e-03
2.750000 3.943094e-03
3.000000 3.224196e-03
3.250000 2.826990e-03
3.500000 2.754553e-03
3.750000 2.905323e-03
4.000000 3.146697e-03
4.250000 3.384280e-03
4.500000 3.566884e-03
4.750000 3.670201e-03
5.000000 3.684316e-03
5.250000 3.607175e-03
5.500000 3.441709e-03
5.750000 3.194822e-03
6.000000 2.877183e-03
6.250000 2.503248e-03
6.500000 2.091295e-03
6.750000 1.663713e-03
7.000000 1.248665e-03
7.250000 8.867349e-04
7.500000 6.483564e-04
7.750000 6.166106e-04
8.000000 7.463844e-04
8.250000 9.170301e-04
8.500000 1.068363e-03
8.750000 1.182783e-03
9.000000 1.259126e-03
9.250000 1.302142e-03
9.500000 1.317539e-03
9.750000 1.309259e-03
10.000000 1.278407e-03
10.250000 1.223728e-03
10.500000 1.143218e-03
10.750000 1.036197e-03
11.000000 9.052453e-04
11.250000 7.578699e-04
11.500000 6.082538e-04
11.750000 4.796095e-04
12.000000 4.031133e-04
12.250000 3.955328e-04
12.500000 4.304484e-04
12.750000 4.646045e-04
13.000000 4.692808e-04
13.250000 4.313924e-04
13.500000 3.493750e-04
13.750000 2.356158e-04
14.000000 1.543677e-04
14.250000 2.481642e-04
14.500000 4.337583e-04
14.750000 6.322741e-04
15.000000 8.178631e-04
15.250000 9.751136e-04
15.500000 1.093461e-03
15.750000 1.166753e-03
16.000000 1.193367e-03
16.250000 1.176155e-03
16.500000 1.122032e-03
16.750000 1.041164e-03
17.000000 9.457068e-04
17.250000 8.480116e-04
17.500000 7.582816e-04
17.750000 6.820929e-04
18.000000 6.190204e-04
18.250000 5.637644e-04
18.500000 5.095084e-04
18.750000 4.514080e-04
19.000000 3.884808e-04
19.250000 3.236991e-04
19.500000 2.627292e-04
19.750000 2.113912e-04
20.000000 1.718940e-04
20.250000 1.405551e-04
20.500000 1.130990e-04
20.750000 1.013778e-04
21.000000 1.380071e-04
21.250000 2.226525e-04
21.500000 3.346783e-04
21.750000 4.594555e-04
22.000000 5.847846e-04
22.250000 6.990200e-04
22.500000 7.912922e-04
22.750000 8.522577e-04
23.000000 8.748789e-04
23.250000 8.550509e-04
23.500000 7.919868e-04
23.750000 6.883318e-04
24.000000 5.500363e-04
24.250000 3.861992e-04
24.500000 2.104109e-04
24.750000 7.723684e-05
25.000000 1.890035e-04
25.250000 3.450569e-04
25.500000 4.799050e-04
25.750000 5.830310e-04
26.000000 6.497880e-04
26.250000 6.791252e-04
26.500000 6.731629e-04
26.750000 6.367981e-04
27.000000 5.771559e-04
27.250000 5.029016e-04
27.500000 4.234714e-04
27.750000 3.482866e-04
28.000000 2.859675e-04
28.250000 2.434200e-04
28.500000 2.246695e-04
28.750000 2.301972e-04
29.000000 2.579491e-04
29.250000 3.046627e-04
29.500000 3.658439e-04
29.750000 4.354592e-04
30.000000 5.062773e-04
30.250000 5.706202e-04
30.500000 6.211732e-04
30.750000 6.517061e-04
31.000000 6.576551e-04
31.250000 6.365416e-04
31.500000 5.882152e-04
31.750000 5.149405e-04
32.000000 4.214119e-04
32.250000 3.150276e-04
32.500000 2.079841e-04
32.750000 1.297596e-04
33.000000 1.409652e-04
33.250000 2.134738e-04
33.500000 2.878779e-04
33.750000 3.461404e-04
34.000000 3.831942e-04
34.250000 3.988907e-04
34.500000 3.965192e-04
34.750000 3.823864e-04
35.000000 3.652310e-04
35.250000 3.545182e-04
35.500000 3.569510e-04
35.750000 3.729827e-04
36.000000 3.970297e-04
36.250000 4.211372e-04
36.500000 4.382779e-04
36.750000 4.437020e-04
37.000000 4.350573e-04
37.250000 4.120648e-04
37.500000 3.760917e-04
37.750000 3.297542e-04
38.000000 2.766799e-04
38.250000 2.216880e-04
38.500000 1.719690e-04
38.750000 1.395876e-04
39.000000 1.384836e-04
39.250000 1.665294e-04
39.500000 2.076494e-04
39.750000 2.496034e-04
40.000000 2.854116e-04
40.250000 3.105563e-04
40.500000 3.217836e-04
40.750000 3.168770e-04
41.000000 2.947843e-04
41.250000 2.558363e-04
41.500000 2.019884e-04
41.750000 1.373386e-04
42.000000 7.175069e-05
42.250000 5.549643e-05
42.500000 1.132778e-04
42.750000 1.764679e-04
43.000000 2.285600e-04
43.250000 2.639663e-04
43.500000 2.800934e-04
43.750000 2.769554e-04
44.000000 2.576213e-04
44.250000 2.290995e-04
44.500000 2.034255e-04
44.750000 1.957673e-04
45.000000 2.133470e-04
45.250000 2.472916e-04
45.500000 2.827382e-04
45.750000 3.081142e-04
46.000000 3.163053e-04
46.250000 3.038933e-04
46.500000 2.706945e-04
46.750000 2.197649e-04
47.000000 1.585430e-04
47.250000 1.054827e-04
47.500000 1.033067e-04
47.750000 1.539832e-04
48.000000 2.138578e-04
48.250000 2.633544e-04
48.500000 2.946687e-04
48.750000 3.043730e-04
49.000000 2.919225e-04
49.250000 2.591912e-04
49.500000 2.100823e-04
49.750000 1.500191e-04
50.000000 8.528924e-05
