-50.000000 5.420121e-04
-49.750000 6.165555e-04
-49.500000 6.874101e-04
-49.250000 7.345146e-04
-49.000000 7.494925e-04
-48.750000 7.332101e-04
-48.500000 6.951709e-04
-48.250000 6.536616e-04
-48.000000 6.334376e-04
-47.750000 6.553599e-04
-47.500000 7.216023e-04
-47.250000 8.148981e-04
-47.000000 9.116357e-04
-46.750000 9.913633e-04
-46.500000 1.039328e-03
-46.250000 1.046458e-03
-46.000000 1.009085e-03
-45.750000 9.289187e-04
-45.500000 8.135128e-04
-45.250000 6.779247e-04
-45.000000 5.491351e-04
-44.750000 4.717270e-04
-44.500000 4.882399e-04
-44.250000 5.852728e-04
-44.000000 7.130106e-04
-43.750000 8.346298e-04
-43.500000 9.304333e-04
-43.250000 9.912447e-04
-43.000000 1.015099e-03
-42.750000 1.006063e-03
-42.500000 9.737448e-04
-42.250000 9.325397e-04
-42.000000 8.994441e-04
-41.750000 8.892092e-04
-41.500000 9.078935e-04
-41.250000 9.498246e-04
-41.000000 1.001243e-03
-40.750000 1.046926e-03
-40.500000 1.075037e-03
-40.250000 1.079432e-03
-40.000000 1.060666e-03
-39.750000 1.026523e-03
-39.500000 9.918433e-04
-39.250000 9.760783e-04
-39.000000 9.964952e-04
-38.750000 1.058967e-03
-38.500000 1.154384e-03
-38.250000 1.264038e-03
-38.000000 1.367332e-03
-37.750000 1.446426e-03
-37.500000 1.487988e-03
-37.250000 1.483749e-03
-37.000000 1.430766e-03
-36.750000 1.331788e-03
-36.500000 1.195971e-03
-36.250000 1.040376e-03
-36.000000 8.925840e-04
-35.750000 7.917353e-04
-35.500000 7.750894e-04
-35.250000 8.454590e-04
-35.000000 9.670972e-04
-34.750000 1.098843e-03
-34.500000 1.212278e-03
-34.250000 1.291748e-03
-34.000000 1.331473e-03
-33.750000 1.333804e-03
-33.500000 1.308203e-03
-33.250000 1.269895e-03
-33.000000 1.236951e-03
-32.750000 1.224811e-03
-32.500000 1.239576e-03
-32.250000 1.274573e-03
-32.000000 1.313254e-03
-31.750000 1.335704e-03
-31.500000 1.324240e-03
-31.250000 1.266600e-03
-31.000000 1.157564e-03
-30.750000 1.000368e-03
-30.500000 8.098618e-04
-30.250000 6.224007e-04
-30.000000 5.179646e-04
-29.750000 5.843276e-04
-29.500000 7.777730e-04
-29.250000 1.004385e-03
-29.000000 1.210225e-03
-28.750000 1.366213e-03
-28.500000 1.455259e-03
-28.250000 1.468568e-03
-28.000000 1.405048e-03
-27.750000 1.271855e-03
-27.500000 1.086218e-03
-27.250000 8.804551e-04
-27.000000 7.133997e-04
-26.750000 6.699140e-04
-26.500000 7.784796e-04
-26.250000 9.655630e-04
-26.000000 1.154704e-03
-25.750000 1.302412e-03
-25.500000 1.386842e-03
-25.250000 1.400756e-03
-25.000000 1.350476e-03
-24.750000 1.258189e-03
-24.500000 1.165855e-03
-24.250000 1.132615e-03
-24.000000 1.206824e-03
-23.750000 1.385969e-03
-23.500000 1.623832e-03
-23.250000 1.867403e-03
-23.000000 2.074119e-03
-22.750000 2.213318e-03
-22.500000 2.264811e-03
-22.250000 2.218020e-03
-22.000000 2.071711e-03
-21.750000 1.834106e-03
-21.500000 1.523818e-03
-21.250000 1.173820e-03
-21.000000 8.470399e-04
-20.750000 6.760991e-04
-20.500000 7.854772e-04
-20.250000 1.058293e-03
-20.000000 1.347351e-03
-19.750000 1.587597e-03
-19.500000 1.751962e-03
-19.250000 1.831568e-03
-19.000000 1.830640e-03
-18.750000 1.765295e-03
-18.500000 1.662903e-03
-18.250000 1.559640e-03
-18.000000 1.492389e-03
-17.750000 1.482916e-03
-17.500000 1.523985e-03
-17.250000 1.583181e-03
-17.000000 1.620124e-03
-16.750000 1.600238e-03
-16.500000 1.500264e-03
-16.250000 1.309577e-03
-16.000000 1.031475e-03
-15.750000 6.916141e-04
-15.500000 4.068155e-04
-15.250000 5.511907e-04
-15.000000 9.948572e-04
-14.750000 1.484092e-03
-14.500000 1.948624e-03
-14.250000 2.351381e-03
-14.000000 2.665649e-03
-13.750000 2.872850e-03
-13.500000 2.963243e-03
-13.250000 2.937103e-03
-13.000000 2.806011e-03
-12.750000 2.594386e-03
-12.500000 2.341430e-03
-12.250000 2.102331e-03
-12.000000 1.942516e-03
-11.750000 1.912771e-03
-11.500000 2.013576e-03
-11.250000 2.194453e-03
-11.000000 2.391309e-03
-10.750000 2.554549e-03
-10.500000 2.656222e-03
-10.250000 2.689379e-03
-10.000000 2.666830e-03
-9.750000 2.619723e-03
-9.500000 2.592861e-03
-9.250000 2.632068e-03
-9.000000 2.764101e-03
-8.750000 2.982472e-03
-8.500000 3.252214e-03
-8.250000 3.526592e-03
-8.000000 3.761148e-03
-7.750000 3.920595e-03
-7.500000 3.980974e-03
-7.250000 3.929473e-03
-7.000000 3.762764e-03
-6.750000 3.483911e-03
-6.500000 3.097785e-03
-6.250000 2.605494e-03
-6.000000 1.999934e-03
-5.750000 1.272172e-03
-5.500000 5.632416e-04
-5.250000 1.160877e-03
-5.000000 2.631771e-03
-4.750000 4.544771e-03
-4.500000 6.920061e-03
-4.250000 9.794590e-03
-4.000000 1.319101e-02
-3.750000 1.711099e-02
-3.500000 2.153271e-02
-3.250000 2.641026e-02
-3.000000 3.167429e-02
-2.750000 3.723390e-02
-2.500000 4.297950e-02
-2.250000 4.878668e-02
-2.000000 5.452071e-02
-1.750000 6.004166e-02
-1.500000 6.520984e-02
-1.250000 6.989121e-02
-1.000000 7.396266e-02
-0.750000 7.731679e-02
-0.500000 7.986593e-02
-0.250000 8.154538e-02
0.000000 8.231554e-02
0.250000 8.216293e-02
0.500000 8.110011e-02
0.750000 7.916447e-02
1.000000 7.641614e-02
1.250000 7.293503e-02
1.500000 6.881720e-02
1.750000 6.417105e-02
2.000000 5.911312e-02
2.250000 5.376420e-02
2.500000 4.824555e-02
2.750000 4.267568e-02
3.000000 3.716768e-02
3.250000 3.182728e-02
3.500000 2.675168e-02
3.750000 2.202945e-02
4.000000 1.774180e-02
4.250000 1.396575e-02
4.500000 1.077989e-02
4.750000 8.270592e-03
5.000000 6.523125e-03
5.250000 5.557352e-03
5.500000 5.221226e-03
5.750000 5.221746e-03
6.000000 5.302341e-03
6.250000 5.329331e-03
6.500000 5.268398e-03
6.750000 5.142887e-03
7.000000 5.002678e-03
7.250000 4.899868e-03
7.500000 4.867945e-03
7.750000 4.909079e-03
8.000000 4.995970e-03
8.250000 5.085984e-03
8.500000 5.137598e-03
8.750000 5.121727e-03
9.000000 5.026864e-03
9.250000 4.859889e-03
9.500000 4.643999e-03
9.750000 4.413954e-03
10.000000 4.207940e-03
10.250000 4.056066e-03
10.500000 3.968839e-03
10.750000 3.932338e-03
11.000000 3.914227e-03
11.250000 3.876782e-03
11.500000 3.789515e-03
11.750000 3.637589e-03
12.000000 3.426485e-03
12.250000 3.184441e-03
12.500000 2.962081e-03
12.750000 2.823677e-03
13.000000 2.821729e-03
13.250000 2.963742e-03
13.500000 3.205471e-03
13.750000 3.478113e-03
14.000000 3.716631e-03
14.250000 3.871989e-03
14.500000 3.913243e-03
14.750000 3.826660e-03
15.000000 3.614615e-03
15.250000 3.294967e-03
15.500000 2.901321e-03
15.750000 2.484767e-03
16.000000 2.116280e-03
16.250000 1.880041e-03
16.500000 1.833203e-03
16.750000 1.950406e-03
17.000000 2.143484e-03
17.250000 2.328682e-03
17.500000 2.454007e-03
17.750000 2.496240e-03
18.000000 2.454067e-03
18.250000 2.343581e-03
18.500000 2.195153e-03
18.750000 2.049100e-03
19.000000 1.946356e-03
19.250000 1.912235e-03
19.500000 1.942053e-03
19.750000 2.003695e-03
20.000000 2.054945e-03
20.250000 2.059039e-03
20.500000 1.991484e-03
20.750000 1.841325e-03
21.000000 1.610782e-03
21.250000 1.315765e-03
21.500000 9.912665e-04
21.750000 7.147505e-04
22.000000 6.437771e-04
22.250000 8.380285e-04
22.500000 1.136770e-03
22.750000 1.425943e-03
23.000000 1.656797e-03
23.250000 1.806265e-03
23.500000 1.864614e-03
23.750000 1.832168e-03
24.000000 1.718440e-03
24.250000 1.542222e-03
24.500000 1.332760e-03
24.750000 1.132215e-03
25.000000 9.951897e-04
25.250000 9.677523e-04
25.500000 1.045290e-03
25.750000 1.175856e-03
26.000000 1.306905e-03
26.250000 1.406142e-03
26.500000 1.459859e-03
26.750000 1.468832e-03
27.000000 1.445948e-03
27.250000 1.414180e-03
27.500000 1.402048e-03
27.750000 1.433979e-03
28.000000 1.518535e-03
28.250000 1.644367e-03
28.500000 1.787458e-03
28.750000 1.921340e-03
29.000000 2.023373e-03
29.250000 2.077094e-03
29.500000 2.072705e-03
29.750000 2.006942e-03
30.000000 1.882837e-03
30.250000 1.709557e-03
30.500000 1.502590e-03
30.750000 1.284618e-03
31.000000 1.087112e-03
31.250000 9.495613e-04
31.500000 9.052396e-04
31.750000 9.526146e-04
32.000000 1.053887e-03
32.250000 1.166959e-03
32.500000 1.263962e-03
32.750000 1.331368e-03
33.000000 1.366247e-03
33.250000 1.373392e-03
33.500000 1.363015e-03
33.750000 1.348069e-03
34.000000 1.340587e-03
34.250000 1.347538e-03
34.500000 1.368023e-03
34.750000 1.393605e-03
35.000000 1.411464e-03
35.250000 1.408342e-03
35.500000 1.373649e-03
35.750000 1.301411e-03
36.000000 1.191514e-03
36.250000 1.050944e-03
36.500000 8.959167e-04
36.750000 7.556995e-04
37.000000 6.739261e-04
37.250000 6.869268e-04
37.500000 7.830355e-04
37.750000 9.150898e-04
38.000000 1.040874e-03
38.250000 1.133192e-03
38.500000 1.176039e-03
38.750000 1.161343e-03
39.000000 1.087448e-03
39.250000 9.585080e-04
39.500000 7.845360e-04
39.750000 5.831698e-04
40.000000 3.893526e-04
40.250000 2.931435e-04
40.500000 3.835161e-04
40.750000 5.540054e-04
41.000000 7.166436e-04
41.250000 8.402600e-04
41.500000 9.115349e-04
41.750000 9.255663e-04
42.000000 8.841570e-04
42.250000 7.960615e-04
42.500000 6.787577e-04
42.750000 5.628776e-04
43.000000 4.962262e-04
43.250000 5.199145e-04
43.500000 6.176451e-04
43.750000 7.386414e-04
44.000000 8.437356e-04
44.250000 9.099084e-04
44.500000 9.246257e-04
44.750000 8.827291e-04
45.000000 7.851429e-04
45.250000 6.383770e-04
45.500000 4.551232e-04
45.750000 2.617197e-04
46.000000 1.687097e-04
46.250000 3.119853e-04
46.500000 5.061422e-04
46.750000 6.799764e-04
47.000000 8.134214e-04
47.250000 8.962690e-04
47.500000 9.240564e-04
47.750000 8.977359e-04
48.000000 8.240209e-04
48.250000 7.163288e-04
48.500000 5.970930e-04
48.750000 5.014978e-04
49.000000 4.716620e-04
49.250000 5.191732e-04
49.500000 6.079339e-04
49.750000 6.957780e-04
50.000000 7.560958e-04
