-50.000000 7.783261e-04
-49.750000 7.755834e-04
-49.500000 7.726811e-04
-49.250000 7.696183e-04
-49.000000 7.663944e-04
-48.750000 7.630086e-04
-48.500000 7.594602e-04
-48.250000 7.557486e-04
-48.000000 7.518730e-04
-47.750000 7.478330e-04
-47.500000 7.436279e-04
-47.250000 7.392571e-04
-47.000000 7.347203e-04
-46.750000 7.300169e-04
-46.500000 7.251464e-04
-46.250000 7.201085e-04
-46.000000 7.149028e-04
-45.750000 7.095289e-04
-45.500000 7.039866e-04
-45.250000 6.982756e-04
-45.000000 6.923956e-04
-44.750000 6.863465e-04
-44.500000 6.801281e-04
-44.250000 6.737402e-04
-44.000000 6.671828e-04
-43.750000 6.604558e-04
-43.500000 6.535592e-04
-43.250000 6.464930e-04
-43.000000 6.392573e-04
-42.750000 6.318522e-04
-42.500000 6.242778e-04
-42.250000 6.165342e-04
-42.000000 6.086217e-04
-41.750000 6.005406e-04
-41.500000 5.922910e-04
-41.250000 5.838734e-04
-41.000000 5.752880e-04
-40.750000 5.665353e-04
-40.500000 5.576157e-04
-40.250000 5.485298e-04
-40.000000 5.392779e-04
-39.750000 5.298607e-04
-39.500000 5.202787e-04
-39.250000 5.105326e-04
-39.000000 5.006230e-04
-38.750000 4.905507e-04
-38.500000 4.803165e-04
-38.250000 4.699210e-04
-38.000000 4.593651e-04
-37.750000 4.486497e-04
-37.500000 4.377757e-04
-37.250000 4.267441e-04
-37.000000 4.155558e-04
-36.750000 4.042119e-04
-36.500000 3.927133e-04
-36.250000 3.810614e-04
-36.000000 3.692571e-04
-35.750000 3.573016e-04
-35.500000 3.451963e-04
-35.250000 3.329423e-04
-35.000000 3.205410e-04
-34.750000 3.079938e-04
-34.500000 2.953020e-04
-34.250000 2.824671e-04
-34.000000 2.694906e-04
-33.750000 2.563741e-04
-33.500000 2.431190e-04
-33.250000 2.297272e-04
-33.000000 2.162002e-04
-32.750000 2.025400e-04
-32.500000 1.887484e-04
-32.250000 1.748273e-04
-32.000000 1.607790e-04
-31.750000 1.466059e-04
-31.500000 1.323104e-04
-31.250000 1.178959e-04
-31.000000 1.033661e-04
-30.750000 8.872643e-05
-30.500000 7.398494e-05
-30.250000 5.915610e-05
-30.000000 4.427142e-05
-29.750000 2.942309e-05
-29.500000 1.506501e-05
-29.250000 7.329364e-06
-29.000000 1.886468e-05
-28.750000 3.380959e-05
-28.500000 4.924238e-05
-28.250000 6.488672e-05
-28.000000 8.067541e-05
-27.750000 9.658310e-05
-27.500000 1.125972e-04
-27.250000 1.287102e-04
-27.000000 1.449168e-04
-26.750000 1.612127e-04
-26.500000 1.775944e-04
-26.250000 1.940586e-04
-26.000000 2.106023e-04
-25.750000 2.272226e-04
-25.500000 2.439167e-04
-25.250000 2.606818e-04
-25.000000 2.775152e-04
-24.750000 2.944141e-04
-24.500000 3.113757e-04
-24.250000 3.283974e-04
-24.000000 3.454764e-04
-23.750000 3.626099e-04
-23.500000 3.797951e-04
-23.250000 3.970293e-04
-23.000000 4.143097e-04
-22.750000 4.316334e-04
-22.500000 4.489977e-04
-22.250000 4.663997e-04
-22.000000 4.838364e-04
-21.750000 5.013052e-04
-21.500000 5.188030e-04
-21.250000 5.363270e-04
-21.000000 5.538743e-04
-20.750000 5.714419e-04
-20.500000 5.890269e-04
-20.250000 6.066263e-04
-20.000000 6.242372e-04
-19.750000 6.418567e-04
-19.500000 6.594816e-04
-19.250000 6.771091e-04
-19.000000 6.947361e-04
-18.750000 7.123597e-04
-18.500000 7.299767e-04
-18.250000 7.475843e-04
-18.000000 7.651793e-04
-17.750000 7.827586e-04
-17.500000 8.003194e-04
-17.250000 8.178585e-04
-17.000000 8.353728e-04
-16.750000 8.528594e-04
-16.500000 8.703152e-04
-16.250000 8.877371e-04
-16.000000 9.051220e-04
-15.750000 9.224670e-04
-15.500000 9.397689e-04
-15.250000 9.570247e-04
-15.000000 9.742313e-04
-14.750000 9.913858e-04
-14.500000 1.008485e-03
-14.250000 1.025526e-03
-14.000000 1.042506e-03
-13.750000 1.059421e-03
-13.500000 1.076269e-03
-13.250000 1.093047e-03
-13.000000 1.109751e-03
-12.750000 1.126379e-03
-12.500000 1.142928e-03
-12.250000 1.159394e-03
-12.000000 1.175775e-03
-11.750000 1.192068e-03
-11.500000 1.208269e-03
-11.250000 1.224377e-03
-11.000000 1.240388e-03
-10.750000 1.256299e-03
-10.500000 1.272107e-03
-10.250000 1.287809e-03
-10.000000 1.303403e-03
-9.750000 1.318886e-03
-9.500000 1.334255e-03
-9.250000 1.349507e-03
-9.000000 1.364640e-03
-8.750000 1.379650e-03
-8.500000 1.394535e-03
-8.250000 1.409292e-03
-8.000000 1.423919e-03
-7.750000 1.438413e-03
-7.500000 1.452771e-03
-7.250000 1.466991e-03
-7.000000 1.481071e-03
-6.750000 1.495007e-03
-6.500000 1.508797e-03
-6.250000 1.522438e-03
-6.000000 1.535929e-03
-5.750000 1.549267e-03
-5.500000 1.562449e-03
-5.250000 1.575473e-03
-5.000000 1.588336e-03
-4.750000 1.601037e-03
-4.500000 1.613574e-03
-4.250000 1.625943e-03
-4.000000 1.638142e-03
-3.750000 1.650171e-03
-3.500000 1.662025e-03
-3.250000 1.673705e-03
-3.000000 1.685206e-03
-2.750000 1.696527e-03
-2.500000 1.707667e-03
-2.250000 1.718623e-03
-2.000000 1.729394e-03
-1.750000 1.739977e-03
-1.500000 1.750371e-03
-1.250000 1.760574e-03
-1.000000 1.770584e-03
-0.750000 1.780400e-03
-0.500000 1.790019e-03
-0.250000 1.799441e-03
0.000000 1.808664e-03
0.250000 1.817686e-03
0.500000 1.826505e-03
0.750000 1.835121e-03
1.000000 1.843532e-03
1.250000 1.851736e-03
1.500000 1.859733e-03
1.750000 1.867520e-03
2.000000 1.875098e-03
2.250000 1.882464e-03
2.500000 1.889617e-03
2.750000 1.896557e-03
3.000000 1.903283e-03
3.250000 1.909793e-03
3.500000 1.916086e-03
3.750000 1.922163e-03
4.000000 1.928021e-03
4.250000 1.933660e-03
4.500000 1.939080e-03
4.750000 1.944280e-03
5.000000 1.949258e-03
5.250000 1.954016e-03
5.500000 1.958551e-03
5.750000 1.962864e-03
6.000000 1.966954e-03
6.250000 1.970821e-03
6.500000 1.974464e-03
6.750000 1.977884e-03
7.000000 1.981080e-03
7.250000 1.984051e-03
7.500000 1.986799e-03
7.750000 1.989322e-03
8.000000 1.991621e-03
8.250000 1.993696e-03
8.500000 1.995546e-03
8.750000 1.997173e-03
9.000000 1.998576e-03
9.250000 1.999755e-03
9.500000 2.000712e-03
9.750000 2.001446e-03
10.000000 2.001957e-03
10.250000 2.002247e-03
10.500000 2.002315e-03
10.750000 2.002162e-03
11.000000 2.001790e-03
11.250000 2.001198e-03
11.500000 2.000387e-03
11.750000 1.999359e-03
12.000000 1.998113e-03
12.250000 1.996651e-03
12.500000 1.994974e-03
12.750000 1.993083e-03
13.000000 1.990979e-03
13.250000 1.988663e-03
13.500000 1.986135e-03
13.750000 1.983399e-03
14.000000 1.980453e-03
14.250000 1.977301e-03
14.500000 1.973943e-03
14.750000 1.970380e-03
15.000000 1.966615e-03
15.250000 1.962648e-03
15.500000 1.958481e-03
15.750000 1.954116e-03
16.000000 1.949554e-03
16.250000 1.944798e-03
16.500000 1.939848e-03
16.750000 1.934707e-03
17.000000 1.929376e-03
17.250000 1.923858e-03
17.500000 1.918154e-03
17.750000 1.912266e-03
18.000000 1.906197e-03
18.250000 1.899947e-03
18.500000 1.893521e-03
18.750000 1.886918e-03
19.000000 1.880143e-03
19.250000 1.873196e-03
19.500000 1.866081e-03
19.750000 1.858800e-03
20.000000 1.851354e-03
20.250000 1.843747e-03
20.500000 1.835981e-03
20.750000 1.828058e-03
21.000000 1.819981e-03
21.250000 1.811752e-03
21.500000 1.803375e-03
21.750000 1.794851e-03
22.000000 1.786183e-03
22.250000 1.777374e-03
22.500000 1.768427e-03
22.750000 1.759345e-03
23.000000 1.750130e-03
23.250000 1.740786e-03
23.500000 1.731314e-03
23.750000 1.721719e-03
24.000000 1.712003e-03
24.250000 1.702168e-03
24.500000 1.692219e-03
24.750000 1.682157e-03
25.000000 1.671987e-03
25.250000 1.661711e-03
25.500000 1.651332e-03
25.750000 1.640854e-03
26.000000 1.630279e-03
26.250000 1.619611e-03
26.500000 1.608854e-03
26.750000 1.598009e-03
27.000000 1.587082e-03
27.250000 1.576074e-03
27.500000 1.564989e-03
27.750000 1.553831e-03
28.000000 1.542603e-03
28.250000 1.531309e-03
28.500000 1.519951e-03
28.750000 1.508533e-03
29.000000 1.497059e-03
29.250000 1.485532e-03
29.500000 1.473955e-03
29.750000 1.462332e-03
30.000000 1.450667e-03
30.250000 1.438962e-03
30.500000 1.427222e-03
30.750000 1.415450e-03
31.000000 1.403650e-03
31.250000 1.391824e-03
31.500000 1.379977e-03
31.750000 1.368112e-03
32.000000 1.356233e-03
32.250000 1.344343e-03
32.500000 1.332446e-03
32.750000 1.320545e-03
33.000000 1.308644e-03
33.250000 1.296746e-03
33.500000 1.284855e-03
33.750000 1.272975e-03
34.000000 1.261109e-03
34.250000 1.249260e-03
34.500000 1.237433e-03
34.750000 1.225630e-03
35.000000 1.213855e-03
35.250000 1.202111e-03
35.500000 1.190403e-03
35.750000 1.178733e-03
36.000000 1.167104e-03
36.250000 1.155522e-03
36.500000 1.143987e-03
36.750000 1.132505e-03
37.000000 1.121078e-03
37.250000 1.109709e-03
37.500000 1.098403e-03
37.750000 1.087161e-03
38.000000 1.075987e-03
38.250000 1.064885e-03
38.500000 1.053858e-03
38.750000 1.042907e-03
39.000000 1.032038e-03
39.250000 1.021251e-03
39.500000 1.010551e-03
39.750000 9.999404e-04
40.000000 9.894215e-04
40.250000 9.789971e-04
40.500000 9.686701e-04
40.750000 9.584429e-04
41.000000 9.483180e-04
41.250000 9.382978e-04
41.500000 9.283848e-04
41.750000 9.185810e-04
42.000000 9.088888e-04
42.250000 8.993100e-04
42.500000 8.898468e-04
42.750000 8.805010e-04
43.000000 8.712744e-04
43.250000 8.621686e-04
43.500000 8.531851e-04
43.750000 8.443255e-04
44.000000 8.355910e-04
44.250000 8.269828e-04
44.500000 8.185019e-04
44.750000 8.101495e-04
45.000000 8.019261e-04
45.250000 7.938325e-04
45.500000 7.858693e-04
45.750000 7.780369e-04
46.000000 7.703355e-04
46.250000 7.627651e-04
46.500000 7.553259e-04
46.750000 7.480175e-04
47.000000 7.408397e-04
47.250000 7.337921e-04
47.500000 7.268738e-04
47.750000 7.200842e-04
48.000000 7.134224e-04
48.250000 7.068871e-04
48.500000 7.004773e-04
48.750000 6.941915e-04
49.000000 6.880282e-04
49.250000 6.819857e-04
49.500000 6.760622e-04
49.750000 6.702557e-04
50.000000 6.645641e-04
