-50.000000 6.021748e-04
-49.750000 5.757368e-04
-49.500000 5.484239e-04
-49.250000 5.209714e-04
-49.000000 4.943240e-04
-48.750000 4.696655e-04
-48.500000 4.484235e-04
-48.250000 4.322150e-04
-48.000000 4.226945e-04
-47.750000 4.212963e-04
-47.500000 4.289305e-04
-47.250000 4.457732e-04
-47.000000 4.712644e-04
-46.750000 5.043019e-04
-46.500000 5.435087e-04
-46.250000 5.874553e-04
-46.000000 6.347907e-04
-45.750000 6.842961e-04
-45.500000 7.348930e-04
-45.250000 7.856296e-04
-45.000000 8.356621e-04
-44.750000 8.842370e-04
-44.500000 9.306763e-04
-44.250000 9.743674e-04
-44.000000 1.014756e-03
-43.750000 1.051342e-03
-43.500000 1.083679e-03
-43.250000 1.111369e-03
-43.000000 1.134070e-03
-42.750000 1.151493e-03
-42.500000 1.163408e-03
-42.250000 1.169645e-03
-42.000000 1.170098e-03
-41.750000 1.164734e-03
-41.500000 1.153593e-03
-41.250000 1.136800e-03
-41.000000 1.114573e-03
-40.750000 1.087231e-03
-40.500000 1.055215e-03
-40.250000 1.019099e-03
-40.000000 9.796200e-04
-39.750000 9.377041e-04
-39.500000 8.945027e-04
-39.250000 8.514307e-04
-39.000000 8.101990e-04
-38.750000 7.728231e-04
-38.500000 7.415749e-04
-38.250000 7.188372e-04
-38.000000 7.068310e-04
-37.750000 7.072464e-04
-37.500000 7.208969e-04
-37.250000 7.475583e-04
-37.000000 7.860754e-04
-36.750000 8.346653e-04
-36.500000 8.912640e-04
-36.250000 9.537954e-04
-36.000000 1.020328e-03
-35.750000 1.089138e-03
-35.500000 1.158721e-03
-35.250000 1.227773e-03
-35.000000 1.295165e-03
-34.750000 1.359921e-03
-34.500000 1.421190e-03
-34.250000 1.478237e-03
-34.000000 1.530422e-03
-33.750000 1.577198e-03
-33.500000 1.618094e-03
-33.250000 1.652721e-03
-33.000000 1.680756e-03
-32.750000 1.701947e-03
-32.500000 1.716106e-03
-32.250000 1.723109e-03
-32.000000 1.722889e-03
-31.750000 1.715439e-03
-31.500000 1.700805e-03
-31.250000 1.679087e-03
-31.000000 1.650433e-03
-30.750000 1.615039e-03
-30.500000 1.573144e-03
-30.250000 1.525027e-03
-30.000000 1.471008e-03
-29.750000 1.411440e-03
-29.500000 1.346713e-03
-29.250000 1.277251e-03
-29.000000 1.203513e-03
-28.750000 1.125999e-03
-28.500000 1.045260e-03
-28.250000 9.619101e-04
-28.000000 8.766622e-04
-27.750000 7.903754e-04
-27.500000 7.041471e-04
-27.250000 6.194729e-04
-27.000000 5.385295e-04
-26.750000 4.646533e-04
-26.500000 4.030130e-04
-26.250000 3.609803e-04
-26.000000 3.464829e-04
-25.750000 3.631667e-04
-25.500000 4.072208e-04
-25.250000 4.707893e-04
-25.000000 5.467062e-04
-24.750000 6.300044e-04
-24.500000 7.175139e-04
-24.250000 8.071974e-04
-24.000000 8.976823e-04
-23.750000 9.879821e-04
-23.500000 1.077337e-03
-23.250000 1.165119e-03
-23.000000 1.250781e-03
-22.750000 1.333817e-03
-22.500000 1.413748e-03
-22.250000 1.490103e-03
-22.000000 1.562416e-03
-21.750000 1.630221e-03
-21.500000 1.693046e-03
-21.250000 1.750420e-03
-21.000000 1.801870e-03
-20.750000 1.846927e-03
-20.500000 1.885127e-03
-20.250000 1.916019e-03
-20.000000 1.939168e-03
-19.750000 1.954163e-03
-19.500000 1.960623e-03
-19.250000 1.958205e-03
-19.000000 1.946609e-03
-18.750000 1.925593e-03
-18.500000 1.894975e-03
-18.250000 1.854650e-03
-18.000000 1.804599e-03
-17.750000 1.744905e-03
-17.500000 1.675776e-03
-17.250000 1.597570e-03
-17.000000 1.510835e-03
-16.750000 1.416365e-03
-16.500000 1.315292e-03
-16.250000 1.209228e-03
-16.000000 1.100493e-03
-15.750000 9.924863e-04
-15.500000 8.902510e-04
-15.250000 8.011926e-04
-15.000000 7.354994e-04
-14.750000 7.049004e-04
-14.500000 7.183308e-04
-14.250000 7.768725e-04
-14.000000 8.737419e-04
-13.750000 9.990846e-04
-13.500000 1.143963e-03
-13.250000 1.301554e-03
-13.000000 1.466874e-03
-12.750000 1.636229e-03
-12.500000 1.806756e-03
-12.250000 1.976131e-03
-12.000000 2.142379e-03
-11.750000 2.303763e-03
-11.500000 2.458721e-03
-11.250000 2.605819e-03
-11.000000 2.743732e-03
-10.750000 2.871233e-03
-10.500000 2.987180e-03
-10.250000 3.090521e-03
-10.000000 3.180290e-03
-9.750000 3.255611e-03
-9.500000 3.315702e-03
-9.250000 3.359875e-03
-9.000000 3.387544e-03
-8.750000 3.398225e-03
-8.500000 3.391543e-03
-8.250000 3.367232e-03
-8.000000 3.325140e-03
-7.750000 3.265231e-03
-7.500000 3.187587e-03
-7.250000 3.092411e-03
-7.000000 2.980027e-03
-6.750000 2.850889e-03
-6.500000 2.705579e-03
-6.250000 2.544818e-03
-6.000000 2.369480e-03
-5.750000 2.180614e-03
-5.500000 1.979488e-03
-5.250000 1.767671e-03
-5.000000 1.547199e-03
-4.750000 1.320926e-03
-4.500000 1.093325e-03
-4.250000 8.725086e-04
-4.000000 6.755567e-04
-3.750000 5.404094e-04
-3.500000 5.262484e-04
-3.250000 6.456213e-04
-3.000000 8.452385e-04
-2.750000 1.081359e-03
-2.500000 1.333425e-03
-2.250000 1.591821e-03
-2.000000 1.851334e-03
-1.750000 2.108652e-03
-1.500000 2.361377e-03
-1.250000 2.607612e-03
-1.000000 2.845761e-03
-0.750000 3.074436e-03
-0.500000 3.292410e-03
-0.250000 3.498589e-03
0.000000 3.692002e-03
0.250000 3.871788e-03
0.500000 4.037200e-03
0.750000 4.187596e-03
1.000000 4.322444e-03
1.250000 4.441316e-03
1.500000 4.543894e-03
1.750000 4.629959e-03
2.000000 4.699401e-03
2.250000 4.752207e-03
2.500000 4.788463e-03
2.750000 4.808349e-03
3.000000 4.812137e-03
3.250000 4.800182e-03
3.500000 4.772922e-03
3.750000 4.730867e-03
4.000000 4.674596e-03
4.250000 4.604749e-03
4.500000 4.522020e-03
4.750000 4.427149e-03
5.000000 4.320914e-03
5.250000 4.204125e-03
5.500000 4.077613e-03
5.750000 3.942225e-03
6.000000 3.798813e-03
6.250000 3.648230e-03
6.500000 3.491321e-03
6.750000 3.328914e-03
7.000000 3.161818e-03
7.250000 2.990815e-03
7.500000 2.816655e-03
7.750000 2.640050e-03
8.000000 2.461677e-03
8.250000 2.282168e-03
8.500000 2.102115e-03
8.750000 1.922067e-03
9.000000 1.742533e-03
9.250000 1.563986e-03
9.500000 1.386866e-03
9.750000 1.211595e-03
10.000000 1.038591e-03
10.250000 8.683010e-04
10.500000 7.012772e-04
10.750000 5.383647e-04
11.000000 3.813294e-04
11.250000 2.357381e-04
11.500000 1.309010e-04
11.750000 1.634063e-04
12.000000 2.840281e-04
12.250000 4.186320e-04
12.500000 5.535903e-04
12.750000 6.856630e-04
13.000000 8.135847e-04
13.250000 9.366436e-04
13.500000 1.054323e-03
13.750000 1.166185e-03
14.000000 1.271826e-03
14.250000 1.370858e-03
14.500000 1.462905e-03
14.750000 1.547597e-03
15.000000 1.624575e-03
15.250000 1.693494e-03
15.500000 1.754025e-03
15.750000 1.805864e-03
16.000000 1.848731e-03
16.250000 1.882380e-03
16.500000 1.906603e-03
16.750000 1.921234e-03
17.000000 1.926153e-03
17.250000 1.921294e-03
17.500000 1.906645e-03
17.750000 1.882254e-03
18.000000 1.848233e-03
18.250000 1.804761e-03
18.500000 1.752085e-03
18.750000 1.690527e-03
19.000000 1.620488e-03
19.250000 1.542452e-03
19.500000 1.456992e-03
19.750000 1.364787e-03
20.000000 1.266637e-03
20.250000 1.163498e-03
20.500000 1.056529e-03
20.750000 9.471913e-04
21.000000 8.374056e-04
21.250000 7.298499e-04
21.500000 6.284784e-04
21.750000 5.393562e-04
22.000000 4.715336e-04
22.250000 4.362511e-04
22.500000 4.414950e-04
22.750000 4.851164e-04
23.000000 5.566609e-04
23.250000 6.449600e-04
23.500000 7.418418e-04
23.750000 8.419892e-04
24.000000 9.419454e-04
24.250000 1.039360e-03
24.500000 1.132543e-03
24.750000 1.220219e-03
25.000000 1.301388e-03
25.250000 1.375246e-03
25.500000 1.441144e-03
25.750000 1.498560e-03
26.000000 1.547080e-03
26.250000 1.586391e-03
26.500000 1.616273e-03
26.750000 1.636596e-03
27.000000 1.647319e-03
27.250000 1.648482e-03
27.500000 1.640210e-03
27.750000 1.622711e-03
28.000000 1.596272e-03
28.250000 1.561264e-03
28.500000 1.518136e-03
28.750000 1.467425e-03
29.000000 1.409751e-03
29.250000 1.345830e-03
29.500000 1.276482e-03
29.750000 1.202643e-03
30.000000 1.125397e-03
30.250000 1.046009e-03
30.500000 9.659767e-04
30.750000 8.871096e-04
31.000000 8.116212e-04
31.250000 7.422288e-04
31.500000 6.822002e-04
31.750000 6.352202e-04
32.000000 6.048936e-04
32.250000 5.938211e-04
32.500000 6.026136e-04
32.750000 6.295669e-04
33.000000 6.713058e-04
33.250000 7.238678e-04
33.500000 7.835381e-04
33.750000 8.472174e-04
34.000000 9.124643e-04
34.250000 9.774013e-04
34.500000 1.040593e-03
34.750000 1.100942e-03
35.000000 1.157606e-03
35.250000 1.209940e-03
35.500000 1.257456e-03
35.750000 1.299791e-03
36.000000 1.336684e-03
36.250000 1.367963e-03
36.500000 1.393529e-03
36.750000 1.413349e-03
37.000000 1.427444e-03
37.250000 1.435884e-03
37.500000 1.438783e-03
37.750000 1.436289e-03
38.000000 1.428580e-03
38.250000 1.415863e-03
38.500000 1.398365e-03
38.750000 1.376329e-03
39.000000 1.350014e-03
39.250000 1.319688e-03
39.500000 1.285630e-03
39.750000 1.248124e-03
40.000000 1.207459e-03
40.250000 1.163934e-03
40.500000 1.117853e-03
40.750000 1.069535e-03
41.000000 1.019312e-03
41.250000 9.675424e-04
41.500000 9.146191e-04
41.750000 8.609833e-04
42.000000 8.071446e-04
42.250000 7.537062e-04
42.500000 7.013974e-04
42.750000 6.511130e-04
43.000000 6.039564e-04
43.250000 5.612745e-04
43.500000 5.246592e-04
43.750000 4.958706e-04
44.000000 4.766314e-04
44.250000 4.682853e-04
44.500000 4.714227e-04
44.750000 4.856740e-04
45.000000 5.098093e-04
45.250000 5.420735e-04
45.500000 5.805568e-04
45.750000 6.234517e-04
46.000000 6.691712e-04
46.250000 7.163707e-04
46.500000 7.639245e-04
46.750000 8.108868e-04
47.000000 8.564552e-04
47.250000 8.999402e-04
47.500000 9.407422e-04
47.750000 9.783357e-04
48.000000 1.012258e-03
48.250000 1.042100e-03
48.500000 1.067507e-03
48.750000 1.088170e-03
49.000000 1.103827e-03
49.250000 1.114263e-03
49.500000 1.119313e-03
49.750000 1.118859e-03
50.000000 1.112832e-03
