-50.000000 2.923705e-02
-49.750000 2.666862e-02
-49.500000 2.338689e-02
-49.250000 1.948441e-02
-49.000000 1.508687e-02
-48.750000 1.038795e-02
-48.500000 5.871836e-03
-48.250000 4.077587e-03
-48.000000 7.611546e-03
-47.750000 1.248064e-02
-47.500000 1.736128e-02
-47.250000 2.192968e-02
-47.000000 2.600771e-02
-46.750000 2.946122e-02
-46.500000 3.218208e-02
-46.250000 3.408504e-02
-46.000000 3.510798e-02
-45.750000 3.521287e-02
-45.500000 3.438682e-02
-45.250000 3.264276e-02
-45.000000 3.001997e-02
-44.750000 2.658476e-02
-44.500000 2.243254e-02
-44.250000 1.769591e-02
-44.000000 1.257887e-02
-43.750000 7.549736e-03
-43.500000 4.772107e-03
-43.250000 7.880602e-03
-43.000000 1.318756e-02
-42.750000 1.869233e-02
-42.500000 2.393330e-02
-42.250000 2.868524e-02
-42.000000 3.278523e-02
-41.750000 3.610226e-02
-41.500000 3.853109e-02
-41.250000 3.999190e-02
-41.000000 4.043125e-02
-40.750000 3.982331e-02
-40.500000 3.817070e-02
-40.250000 3.550509e-02
-40.000000 3.188759e-02
-39.750000 2.740968e-02
-39.500000 2.219712e-02
-39.250000 1.642702e-02
-39.000000 1.041686e-02
-38.750000 5.363965e-03
-38.500000 6.533277e-03
-38.250000 1.236104e-02
-38.000000 1.875164e-02
-37.750000 2.494326e-02
-37.500000 3.064998e-02
-37.250000 3.567636e-02
-37.000000 3.986470e-02
-36.750000 4.308554e-02
-36.500000 4.523687e-02
-36.250000 4.624541e-02
-36.000000 4.606833e-02
-35.750000 4.469455e-02
-35.500000 4.214581e-02
-35.250000 3.847732e-02
-35.000000 3.377883e-02
-34.750000 2.817787e-02
-34.500000 2.185238e-02
-34.250000 1.508656e-02
-34.000000 8.619910e-03
-33.750000 6.201182e-03
-33.500000 1.136633e-02
-33.250000 1.851093e-02
-33.000000 2.572936e-02
-32.750000 3.253928e-02
-32.500000 3.867429e-02
-32.250000 4.393210e-02
-32.000000 4.814735e-02
-31.750000 5.118667e-02
-31.500000 5.294908e-02
-31.250000 5.336779e-02
-31.000000 5.241191e-02
-30.750000 5.008790e-02
-30.500000 4.644061e-02
-30.250000 4.155445e-02
-30.000000 3.555594e-02
-29.750000 2.862265e-02
-29.500000 2.101853e-02
-29.250000 1.327377e-02
-29.000000 7.519659e-03
-28.750000 1.012990e-02
-28.500000 1.781511e-02
-28.250000 2.619452e-02
-28.000000 3.431580e-02
-27.750000 4.178941e-02
-27.500000 4.834879e-02
-27.250000 5.378015e-02
-27.000000 5.790854e-02
-26.750000 6.059617e-02
-26.500000 6.174404e-02
-26.250000 6.129414e-02
-26.000000 5.923148e-02
-25.750000 5.558571e-02
-25.500000 5.043261e-02
-25.250000 4.389652e-02
-25.000000 3.615752e-02
-24.750000 2.747776e-02
-24.500000 1.832294e-02
-24.250000 1.018941e-02
-24.000000 9.795849e-03
-23.750000 1.806948e-02
-23.500000 2.802055e-02
-23.250000 3.790767e-02
-23.000000 4.717249e-02
-22.750000 5.546502e-02
-22.500000 6.250749e-02
-22.250000 6.806841e-02
-22.000000 7.195881e-02
-21.750000 7.403394e-02
-21.500000 7.419641e-02
-21.250000 7.239928e-02
-21.000000 6.864870e-02
-20.750000 6.300631e-02
-20.500000 5.559230e-02
-20.250000 4.659244e-02
-20.000000 3.628137e-02
-19.750000 2.512181e-02
-19.500000 1.438234e-02
-19.250000 1.060410e-02
-19.000000 1.963288e-02
-18.750000 3.203890e-02
-18.500000 4.469067e-02
-18.250000 5.676680e-02
-18.000000 6.779297e-02
-17.750000 7.739427e-02
-17.500000 8.525125e-02
-17.250000 9.109306e-02
-17.000000 9.469969e-02
-16.750000 9.590667e-02
-16.500000 9.461005e-02
-16.250000 9.077098e-02
-16.000000 8.442008e-02
-15.750000 7.566233e-02
-15.500000 6.468583e-02
-15.250000 5.178593e-02
-15.000000 3.745607e-02
-14.750000 2.287793e-02
-14.500000 1.376937e-02
-14.250000 2.239377e-02
-14.000000 3.871268e-02
-13.750000 5.614275e-02
-13.500000 7.322329e-02
-13.250000 8.923219e-02
-13.000000 1.036151e-01
-12.750000 1.158907e-01
-12.500000 1.256337e-01
-12.250000 1.324767e-01
-12.000000 1.361167e-01
-11.750000 1.363233e-01
-11.500000 1.329473e-01
-11.250000 1.259283e-01
-11.000000 1.153041e-01
-10.750000 1.012230e-01
-10.500000 8.397152e-02
-10.250000 6.405857e-02
-10.000000 4.259321e-02
-9.750000 2.392789e-02
-9.500000 2.653847e-02
-9.250000 4.931754e-02
-9.000000 7.644112e-02
-8.750000 1.042379e-01
-8.500000 1.313733e-01
-8.250000 1.569108e-01
-8.000000 1.800259e-01
-7.750000 1.999508e-01
-7.500000 2.159679e-01
-7.250000 2.274168e-01
-7.000000 2.337066e-01
-6.750000 2.343290e-01
-6.500000 2.288732e-01
-6.250000 2.170404e-01
-6.000000 1.986642e-01
-5.750000 1.737413e-01
-5.500000 1.425076e-01
-5.250000 1.056961e-01
-5.000000 6.589743e-02
-4.750000 3.914393e-02
-4.500000 6.702510e-02
-4.250000 1.220502e-01
-4.000000 1.849747e-01
-3.750000 2.521899e-01
-3.500000 3.221267e-01
-3.250000 3.935846e-01
-3.000000 4.654476e-01
-2.750000 5.366223e-01
-2.500000 6.060287e-01
-2.250000 6.726083e-01
-2.000000 7.353383e-01
-1.750000 7.932471e-01
-1.500000 8.454314e-01
-1.250000 8.910715e-01
-1.000000 9.294467e-01
-0.750000 9.599480e-01
-0.500000 9.820895e-01
-0.250000 9.955178e-01
0.000000 1.000018e+00
0.250000 9.955178e-01
0.500000 9.820895e-01
0.750000 9.599480e-01
1.000000 9.294467e-01
1.250000 8.910715e-01
1.500000 8.454314e-01
1.750000 7.932471e-01
2.000000 7.353383e-01
2.250000 6.726083e-01
2.500000 6.060287e-01
2.750000 5.366223e-01
3.000000 4.654476e-01
3.250000 3.935846e-01
3.500000 3.221267e-01
3.750000 2.521899e-01
4.000000 1.849747e-01
4.250000 1.220502e-01
4.500000 6.702510e-02
4.750000 3.914393e-02
5.000000 6.589743e-02
5.250000 1.056961e-01
5.500000 1.425076e-01
5.750000 1.737413e-01
6.000000 1.986642e-01
6.250000 2.170404e-01
6.500000 2.288732e-01
6.750000 2.343290e-01
7.000000 2.337066e-01
7.250000 2.274168e-01
7.500000 2.159679e-01
7.750000 1.999508e-01
8.000000 1.800259e-01
8.250000 1.569108e-01
8.500000 1.313733e-01
8.750000 1.042379e-01
9.000000 7.644112e-02
9.250000 4.931754e-02
9.500000 2.653847e-02
9.750000 2.392789e-02
10.000000 4.259321e-02
10.250000 6.405857e-02
10.500000 8.397152e-02
10.750000 1.012230e-01
11.000000 1.153041e-01
11.250000 1.259283e-01
11.500000 1.329473e-01
11.750000 1.363233e-01
12.000000 1.361167e-01
12.250000 1.324767e-01
12.500000 1.256337e-01
12.750000 1.158907e-01
13.000000 1.036151e-01
13.250000 8.923219e-02
13.500000 7.322329e-02
13.750000 5.614275e-02
14.000000 3.871268e-02
14.250000 2.239377e-02
14.500000 1.376937e-02
14.750000 2.287793e-02
15.000000 3.745607e-02
15.250000 5.178593e-02
15.500000 6.468583e-02
15.750000 7.566233e-02
16.000000 8.442008e-02
16.250000 9.077098e-02
16.500000 9.461005e-02
16.750000 9.590667e-02
17.000000 9.469969e-02
17.250000 9.109306e-02
17.500000 8.525125e-02
17.750000 7.739427e-02
18.000000 6.779297e-02
18.250000 5.676680e-02
18.500000 4.469067e-02
18.750000 3.203890e-02
19.000000 1.963288e-02
19.250000 1.060410e-02
19.500000 1.438234e-02
19.750000 2.512181e-02
20.000000 3.628137e-02
20.250000 4.659244e-02
20.500000 5.559230e-02
20.750000 6.300631e-02
21.000000 6.864870e-02
21.250000 7.239928e-02
21.500000 7.419641e-02
21.750000 7.403394e-02
22.000000 7.195881e-02
22.250000 6.806841e-02
22.500000 6.250749e-02
22.750000 5.546502e-02
23.000000 4.717249e-02
23.250000 3.790767e-02
23.500000 2.802055e-02
23.750000 1.806948e-02
24.000000 9.795849e-03
24.250000 1.018941e-02
24.500000 1.832294e-02
24.750000 2.747776e-02
25.000000 3.615752e-02
25.250000 4.389652e-02
25.500000 5.043261e-02
25.750000 5.558571e-02
26.000000 5.923148e-02
26.250000 6.129414e-02
26.500000 6.174404e-02
26.750000 6.059617e-02
27.000000 5.790854e-02
27.250000 5.378015e-02
27.500000 4.834879e-02
27.750000 4.178941e-02
28.000000 3.431580e-02
28.250000 2.619452e-02
28.500000 1.781511e-02
28.750000 1.012990e-02
29.000000 7.519659e-03
29.250000 1.327377e-02
29.500000 2.101853e-02
29.750000 2.862265e-02
30.000000 3.555594e-02
30.250000 4.155445e-02
30.500000 4.644061e-02
30.750000 5.008790e-02
31.000000 5.241191e-02
31.250000 5.336779e-02
31.500000 5.294908e-02
31.750000 5.118667e-02
32.000000 4.814735e-02
32.250000 4.393210e-02
32.500000 3.867429e-02
32.750000 3.253928e-02
33.000000 2.572936e-02
33.250000 1.851093e-02
33.500000 1.136633e-02
33.750000 6.201182e-03
34.000000 8.619910e-03
34.250000 1.508656e-02
34.500000 2.185238e-02
34.750000 2.817787e-02
35.000000 3.377883e-02
35.250000 3.847732e-02
35.500000 4.214581e-02
35.750000 4.469455e-02
36.000000 4.606833e-02
36.250000 4.624541e-02
36.500000 4.523687e-02
36.750000 4.308554e-02
37.000000 3.986470e-02
37.250000 3.567636e-02
37.500000 3.064998e-02
37.750000 2.494326e-02
38.000000 1.875164e-02
38.250000 1.236104e-02
38.500000 6.533277e-03
38.750000 5.363965e-03
39.000000 1.041686e-02
39.250000 1.642702e-02
39.500000 2.219712e-02
39.750000 2.740968e-02
40.000000 3.188759e-02
40.250000 3.550509e-02
40.500000 3.817070e-02
40.750000 3.982331e-02
41.000000 4.043125e-02
41.250000 3.999190e-02
41.500000 3.853109e-02
41.750000 3.610226e-02
42.000000 3.278523e-02
42.250000 2.868524e-02
42.500000 2.393330e-02
42.750000 1.869233e-02
43.000000 1.318756e-02
43.250000 7.880602e-03
43.500000 4.772107e-03
43.750000 7.549736e-03
44.000000 1.257887e-02
44.250000 1.769591e-02
44.500000 2.243254e-02
44.750000 2.658476e-02
45.000000 3.001997e-02
45.250000 3.264276e-02
45.500000 3.438682e-02
45.750000 3.521287e-02
46.000000 3.510798e-02
46.250000 3.408504e-02
46.500000 3.218208e-02
46.750000 2.946122e-02
47.000000 2.600771e-02
47.250000 2.192968e-02
47.500000 1.736128e-02
47.750000 1.248064e-02
48.000000 7.611546e-03
48.250000 4.077587e-03
48.500000 5.871836e-03
48.750000 1.038795e-02
49.000000 1.508687e-02
49.250000 1.948441e-02
49.500000 2.338689e-02
49.750000 2.666862e-02
50.000000 2.923705e-02
