-50.000000 6.266359e-04
-49.750000 6.194948e-04
-49.500000 6.122430e-04
-49.250000 6.048847e-04
-49.000000 5.974246e-04
-48.750000 5.898679e-04
-48.500000 5.822202e-04
-48.250000 5.744880e-04
-48.000000 5.666783e-04
-47.750000 5.587988e-04
-47.500000 5.508581e-04
-47.250000 5.428653e-04
-47.000000 5.348309e-04
-46.750000 5.267658e-04
-46.500000 5.186825e-04
-46.250000 5.105942e-04
-46.000000 5.025154e-04
-45.750000 4.944620e-04
-45.500000 4.864511e-04
-45.250000 4.785015e-04
-45.000000 4.706333e-04
-44.750000 4.628685e-04
-44.500000 4.552305e-04
-44.250000 4.477449e-04
-44.000000 4.404389e-04
-43.750000 4.333416e-04
-43.500000 4.264840e-04
-43.250000 4.198992e-04
-43.000000 4.136219e-04
-42.750000 4.076884e-04
-42.500000 4.021368e-04
-42.250000 3.970061e-04
-42.000000 3.923365e-04
-41.750000 3.881685e-04
-41.500000 3.845426e-04
-41.250000 3.814987e-04
-41.000000 3.790754e-04
-40.750000 3.773094e-04
-40.500000 3.762348e-04
-40.250000 3.758820e-04
-40.000000 3.762778e-04
-39.750000 3.774442e-04
-39.500000 3.793980e-04
-39.250000 3.821509e-04
-39.000000 3.857090e-04
-38.750000 3.900731e-04
-38.500000 3.952387e-04
-38.250000 4.011961e-04
-38.000000 4.079317e-04
-37.750000 4.154276e-04
-37.500000 4.236629e-04
-37.250000 4.326137e-04
-37.000000 4.422544e-04
-36.750000 4.525578e-04
-36.500000 4.634955e-04
-36.250000 4.750390e-04
-36.000000 4.871595e-04
-35.750000 4.998283e-04
-35.500000 5.130175e-04
-35.250000 5.266997e-04
-35.000000 5.408483e-04
-34.750000 5.554378e-04
-34.500000 5.704436e-04
-34.250000 5.858423e-04
-34.000000 6.016113e-04
-33.750000 6.177293e-04
-33.500000 6.341759e-04
-33.250000 6.509317e-04
-33.000000 6.679782e-04
-32.750000 6.852980e-04
-32.500000 7.028743e-04
-32.250000 7.206911e-04
-32.000000 7.387335e-04
-31.750000 7.569867e-04
-31.500000 7.754371e-04
-31.250000 7.940713e-04
-31.000000 8.128767e-04
-30.750000 8.318411e-04
-30.500000 8.509527e-04
-30.250000 8.702002e-04
-30.000000 8.895728e-04
-29.750000 9.090599e-04
-29.500000 9.286513e-04
-29.250000 9.483371e-04
-29.000000 9.681077e-04
-28.750000 9.879539e-04
-28.500000 1.007866e-03
-28.250000 1.027836e-03
-28.000000 1.047855e-03
-27.750000 1.067914e-03
-27.500000 1.088006e-03
-27.250000 1.108121e-03
-27.000000 1.128252e-03
-26.750000 1.148392e-03
-26.500000 1.168531e-03
-26.250000 1.188664e-03
-26.000000 1.208782e-03
-25.750000 1.228878e-03
-25.500000 1.248945e-03
-25.250000 1.268976e-03
-25.000000 1.288963e-03
-24.750000 1.308900e-03
-24.500000 1.328779e-03
-24.250000 1.348595e-03
-24.000000 1.368340e-03
-23.750000 1.388007e-03
-23.500000 1.407591e-03
-23.250000 1.427084e-03
-23.000000 1.446480e-03
-22.750000 1.465773e-03
-22.500000 1.484956e-03
-22.250000 1.504024e-03
-22.000000 1.522970e-03
-21.750000 1.541787e-03
-21.500000 1.560471e-03
-21.250000 1.579015e-03
-21.000000 1.597413e-03
-20.750000 1.615659e-03
-20.500000 1.633748e-03
-20.250000 1.651673e-03
-20.000000 1.669430e-03
-19.750000 1.687012e-03
-19.500000 1.704415e-03
-19.250000 1.721632e-03
-19.000000 1.738658e-03
-18.750000 1.755488e-03
-18.500000 1.772117e-03
-18.250000 1.788539e-03
-18.000000 1.804750e-03
-17.750000 1.820745e-03
-17.500000 1.836517e-03
-17.250000 1.852064e-03
-17.000000 1.867379e-03
-16.750000 1.882458e-03
-16.500000 1.897296e-03
-16.250000 1.911890e-03
-16.000000 1.926233e-03
-15.750000 1.940323e-03
-15.500000 1.954154e-03
-15.250000 1.967722e-03
-15.000000 1.981023e-03
-14.750000 1.994054e-03
-14.500000 2.006809e-03
-14.250000 2.019286e-03
-14.000000 2.031480e-03
-13.750000 2.043387e-03
-13.500000 2.055004e-03
-13.250000 2.066328e-03
-13.000000 2.077354e-03
-12.750000 2.088080e-03
-12.500000 2.098502e-03
-12.250000 2.108617e-03
-12.000000 2.118422e-03
-11.750000 2.127914e-03
-11.500000 2.137090e-03
-11.250000 2.145947e-03
-11.000000 2.154483e-03
-10.750000 2.162695e-03
-10.500000 2.170580e-03
-10.250000 2.178136e-03
-10.000000 2.185361e-03
-9.750000 2.192253e-03
-9.500000 2.198809e-03
-9.250000 2.205028e-03
-9.000000 2.210907e-03
-8.750000 2.216445e-03
-8.500000 2.221641e-03
-8.250000 2.226492e-03
-8.000000 2.230998e-03
-7.750000 2.235156e-03
-7.500000 2.238967e-03
-7.250000 2.242428e-03
-7.000000 2.245538e-03
-6.750000 2.248298e-03
-6.500000 2.250705e-03
-6.250000 2.252760e-03
-6.000000 2.254462e-03
-5.750000 2.255810e-03
-5.500000 2.256804e-03
-5.250000 2.257444e-03
-5.000000 2.257730e-03
-4.750000 2.257661e-03
-4.500000 2.257239e-03
-4.250000 2.256462e-03
-4.000000 2.255332e-03
-3.750000 2.253850e-03
-3.500000 2.252014e-03
-3.250000 2.249827e-03
-3.000000 2.247290e-03
-2.750000 2.244402e-03
-2.500000 2.241165e-03
-2.250000 2.237581e-03
-2.000000 2.233650e-03
-1.750000 2.229374e-03
-1.500000 2.224755e-03
-1.250000 2.219794e-03
-1.000000 2.214492e-03
-0.750000 2.208852e-03
-0.500000 2.202876e-03
-0.250000 2.196565e-03
0.000000 2.189922e-03
0.250000 2.182949e-03
0.500000 2.175649e-03
0.750000 2.168023e-03
1.000000 2.160076e-03
1.250000 2.151808e-03
1.500000 2.143224e-03
1.750000 2.134325e-03
2.000000 2.125116e-03
2.250000 2.115599e-03
2.500000 2.105778e-03
2.750000 2.095655e-03
3.000000 2.085235e-03
3.250000 2.074521e-03
3.500000 2.063516e-03
3.750000 2.052225e-03
4.000000 2.040651e-03
4.250000 2.028798e-03
4.500000 2.016670e-03
4.750000 2.004272e-03
5.000000 1.991607e-03
5.250000 1.978681e-03
5.500000 1.965497e-03
5.750000 1.952060e-03
6.000000 1.938375e-03
6.250000 1.924447e-03
6.500000 1.910280e-03
6.750000 1.895879e-03
7.000000 1.881250e-03
7.250000 1.866397e-03
7.500000 1.851325e-03
7.750000 1.836041e-03
8.000000 1.820550e-03
8.250000 1.804856e-03
8.500000 1.788966e-03
8.750000 1.772885e-03
9.000000 1.756619e-03
9.250000 1.740173e-03
9.500000 1.723555e-03
9.750000 1.706769e-03
10.000000 1.689823e-03
10.250000 1.672721e-03
10.500000 1.655471e-03
10.750000 1.638079e-03
11.000000 1.620552e-03
11.250000 1.602895e-03
11.500000 1.585116e-03
11.750000 1.567221e-03
12.000000 1.549218e-03
12.250000 1.531112e-03
12.500000 1.512912e-03
12.750000 1.494625e-03
13.000000 1.476257e-03
13.250000 1.457816e-03
13.500000 1.439309e-03
13.750000 1.420745e-03
14.000000 1.402130e-03
14.250000 1.383473e-03
14.500000 1.364781e-03
14.750000 1.346062e-03
15.000000 1.327325e-03
15.250000 1.308578e-03
15.500000 1.289828e-03
15.750000 1.271085e-03
16.000000 1.252358e-03
16.250000 1.233654e-03
16.500000 1.214984e-03
16.750000 1.196355e-03
17.000000 1.177778e-03
17.250000 1.159261e-03
17.500000 1.140815e-03
17.750000 1.122449e-03
18.000000 1.104172e-03
18.250000 1.085996e-03
18.500000 1.067930e-03
18.750000 1.049985e-03
19.000000 1.032172e-03
19.250000 1.014501e-03
19.500000 9.969837e-04
19.750000 9.796316e-04
20.000000 9.624564e-04
20.250000 9.454698e-04
20.500000 9.286839e-04
20.750000 9.121111e-04
21.000000 8.957641e-04
21.250000 8.796555e-04
21.500000 8.637986e-04
21.750000 8.482066e-04
22.000000 8.328930e-04
22.250000 8.178716e-04
22.500000 8.031562e-04
22.750000 7.887611e-04
23.000000 7.747002e-04
23.250000 7.609881e-04
23.500000 7.476389e-04
23.750000 7.346672e-04
24.000000 7.220871e-04
24.250000 7.099129e-04
24.500000 6.981585e-04
24.750000 6.868376e-04
25.000000 6.759636e-04
25.250000 6.655493e-04
25.500000 6.556068e-04
25.750000 6.461479e-04
26.000000 6.371831e-04
26.250000 6.287224e-04
26.500000 6.207742e-04
26.750000 6.133462e-04
27.000000 6.064445e-04
27.250000 6.000739e-04
27.500000 5.942375e-04
27.750000 5.889370e-04
28.000000 5.841722e-04
28.250000 5.799414e-04
28.500000 5.762407e-04
28.750000 5.730650e-04
29.000000 5.704069e-04
29.250000 5.682575e-04
29.500000 5.666063e-04
29.750000 5.654412e-04
30.000000 5.647486e-04
30.250000 5.645134e-04
30.500000 5.647196e-04
30.750000 5.653499e-04
31.000000 5.663862e-04
31.250000 5.678097e-04
31.500000 5.696010e-04
31.750000 5.717401e-04
32.000000 5.742072e-04
32.250000 5.769817e-04
32.500000 5.800437e-04
32.750000 5.833729e-04
33.000000 5.869496e-04
33.250000 5.907542e-04
33.500000 5.947677e-04
33.750000 5.989714e-04
34.000000 6.033475e-04
34.250000 6.078784e-04
34.500000 6.125474e-04
34.750000 6.173386e-04
35.000000 6.222364e-04
35.250000 6.272264e-04
35.500000 6.322945e-04
35.750000 6.374276e-04
36.000000 6.426133e-04
36.250000 6.478398e-04
36.500000 6.530961e-04
36.750000 6.583718e-04
37.000000 6.636573e-04
37.250000 6.689437e-04
37.500000 6.742224e-04
37.750000 6.794860e-04
38.000000 6.847271e-04
38.250000 6.899392e-04
38.500000 6.951165e-04
38.750000 7.002533e-04
39.000000 7.053449e-04
39.250000 7.103868e-04
39.500000 7.153750e-04
39.750000 7.203061e-04
40.000000 7.251771e-04
40.250000 7.299852e-04
40.500000 7.347284e-04
40.750000 7.394049e-04
41.000000 7.440130e-04
41.250000 7.485519e-04
41.500000 7.530208e-04
41.750000 7.574191e-04
42.000000 7.617470e-04
42.250000 7.660044e-04
42.500000 7.701920e-04
42.750000 7.743105e-04
43.000000 7.783609e-04
43.250000 7.823445e-04
43.500000 7.862627e-04
43.750000 7.901173e-04
44.000000 7.939103e-04
44.250000 7.976436e-04
44.500000 8.013198e-04
44.750000 8.049412e-04
45.000000 8.085105e-04
45.250000 8.120306e-04
45.500000 8.155043e-04
45.750000 8.189348e-04
46.000000 8.223252e-04
46.250000 8.256789e-04
46.500000 8.289993e-04
46.750000 8.322899e-04
47.000000 8.355543e-04
47.250000 8.387961e-04
47.500000 8.420189e-04
47.750000 8.452266e-04
48.000000 8.484230e-04
48.250000 8.516117e-04
48.500000 8.547967e-04
48.750000 8.579817e-04
49.000000 8.611705e-04
49.250000 8.643669e-04
49.500000 8.675746e-04
49.750000 8.707974e-04
50.000000 8.740389e-04
