-50.000000 1.255945e-03
-49.750000 1.199870e-03
-49.500000 1.138942e-03
-49.250000 1.073638e-03
-49.000000 1.004546e-03
-48.750000 9.324031e-04
-48.500000 8.581462e-04
-48.250000 7.829983e-04
-48.000000 7.086005e-04
-47.750000 6.372102e-04
-47.500000 5.719686e-04
-47.250000 5.171571e-04
-47.000000 4.781354e-04
-46.750000 4.603530e-04
-46.500000 4.671929e-04
-46.250000 4.980953e-04
-46.000000 5.490174e-04
-45.750000 6.146430e-04
-45.500000 6.901447e-04
-45.250000 7.717682e-04
-45.000000 8.567453e-04
-44.750000 9.430365e-04
-44.500000 1.029102e-03
-44.250000 1.113739e-03
-44.000000 1.195976e-03
-43.750000 1.275002e-03
-43.500000 1.350128e-03
-43.250000 1.420756e-03
-43.000000 1.486360e-03
-42.750000 1.546479e-03
-42.500000 1.600706e-03
-42.250000 1.648682e-03
-42.000000 1.690097e-03
-41.750000 1.724685e-03
-41.500000 1.752221e-03
-41.250000 1.772526e-03
-41.000000 1.785458e-03
-40.750000 1.790918e-03
-40.500000 1.788846e-03
-40.250000 1.779220e-03
-40.000000 1.762059e-03
-39.750000 1.737418e-03
-39.500000 1.705390e-03
-39.250000 1.666103e-03
-39.000000 1.619722e-03
-38.750000 1.566445e-03
-38.500000 1.506504e-03
-38.250000 1.440167e-03
-38.000000 1.367730e-03
-37.750000 1.289527e-03
-37.500000 1.205926e-03
-37.250000 1.117334e-03
-37.000000 1.024202e-03
-36.750000 9.270440e-04
-36.500000 8.264553e-04
-36.250000 7.231675e-04
-36.000000 6.181524e-04
-35.750000 5.128598e-04
-35.500000 4.098096e-04
-35.250000 3.142131e-04
-35.000000 2.384193e-04
-34.750000 2.081451e-04
-34.500000 2.424332e-04
-34.250000 3.214798e-04
-34.000000 4.204294e-04
-33.750000 5.275196e-04
-33.500000 6.377569e-04
-33.250000 7.487011e-04
-33.000000 8.589317e-04
-32.750000 9.674851e-04
-32.500000 1.073626e-03
-32.250000 1.176746e-03
-32.000000 1.276312e-03
-31.750000 1.371844e-03
-31.500000 1.462897e-03
-31.250000 1.549057e-03
-31.000000 1.629932e-03
-30.750000 1.705154e-03
-30.500000 1.774376e-03
-30.250000 1.837267e-03
-30.000000 1.893519e-03
-29.750000 1.942842e-03
-29.500000 1.984966e-03
-29.250000 2.019641e-03
-29.000000 2.046638e-03
-28.750000 2.065750e-03
-28.500000 2.076792e-03
-28.250000 2.079604e-03
-28.000000 2.074048e-03
-27.750000 2.060015e-03
-27.500000 2.037419e-03
-27.250000 2.006206e-03
-27.000000 1.966349e-03
-26.750000 1.917854e-03
-26.500000 1.860757e-03
-26.250000 1.795132e-03
-26.000000 1.721088e-03
-25.750000 1.638775e-03
-25.500000 1.548385e-03
-25.250000 1.450159e-03
-25.000000 1.344399e-03
-24.750000 1.231474e-03
-24.500000 1.111849e-03
-24.250000 9.861288e-04
-24.000000 8.551456e-04
-23.750000 7.201571e-04
-23.500000 5.833353e-04
-23.250000 4.491485e-04
-23.000000 3.288035e-04
-22.750000 2.530956e-04
-22.500000 2.713687e-04
-22.250000 3.745171e-04
-22.000000 5.163022e-04
-21.750000 6.740666e-04
-21.500000 8.393826e-04
-21.250000 1.008518e-03
-21.000000 1.179384e-03
-20.750000 1.350554e-03
-20.500000 1.520898e-03
-20.250000 1.689438e-03
-20.000000 1.855271e-03
-19.750000 2.017547e-03
-19.500000 2.175445e-03
-19.250000 2.328165e-03
-19.000000 2.474933e-03
-18.750000 2.614991e-03
-18.500000 2.747603e-03
-18.250000 2.872055e-03
-18.000000 2.987658e-03
-17.750000 3.093753e-03
-17.500000 3.189708e-03
-17.250000 3.274927e-03
-17.000000 3.348850e-03
-16.750000 3.410957e-03
-16.500000 3.460772e-03
-16.250000 3.497864e-03
-16.000000 3.521851e-03
-15.750000 3.532403e-03
-15.500000 3.529247e-03
-15.250000 3.512165e-03
-15.000000 3.481003e-03
-14.750000 3.435671e-03
-14.500000 3.376148e-03
-14.250000 3.302487e-03
-14.000000 3.214819e-03
-13.750000 3.113362e-03
-13.500000 2.998432e-03
-13.250000 2.870454e-03
-13.000000 2.729985e-03
-12.750000 2.577743e-03
-12.500000 2.414655e-03
-12.250000 2.241930e-03
-12.000000 2.061179e-03
-11.750000 1.874614e-03
-11.500000 1.685388e-03
-11.250000 1.498178e-03
-11.000000 1.320170e-03
-10.750000 1.162552e-03
-10.500000 1.042007e-03
-10.250000 9.796582e-04
-10.000000 9.930790e-04
-9.750000 1.084671e-03
-9.500000 1.241067e-03
-9.250000 1.443998e-03
-9.000000 1.678347e-03
-8.750000 1.933634e-03
-8.500000 2.202884e-03
-8.250000 2.481349e-03
-8.000000 2.765637e-03
-7.750000 3.053183e-03
-7.500000 3.341939e-03
-7.250000 3.630192e-03
-7.000000 3.916451e-03
-6.750000 4.199383e-03
-6.500000 4.477770e-03
-6.250000 4.750483e-03
-6.000000 5.016462e-03
-5.750000 5.274712e-03
-5.500000 5.524287e-03
-5.250000 5.764296e-03
-5.000000 5.993894e-03
-4.750000 6.212282e-03
-4.500000 6.418709e-03
-4.250000 6.612472e-03
-4.000000 6.792912e-03
-3.750000 6.959422e-03
-3.500000 7.111442e-03
-3.250000 7.248465e-03
-3.000000 7.370034e-03
-2.750000 7.475744e-03
-2.500000 7.565247e-03
-2.250000 7.638247e-03
-2.000000 7.694506e-03
-1.750000 7.733842e-03
-1.500000 7.756131e-03
-1.250000 7.761309e-03
-1.000000 7.749370e-03
-0.750000 7.720369e-03
-0.500000 7.674421e-03
-0.250000 7.611704e-03
0.000000 7.532457e-03
0.250000 7.436982e-03
0.500000 7.325644e-03
0.750000 7.198874e-03
1.000000 7.057166e-03
1.250000 6.901081e-03
1.500000 6.731247e-03
1.750000 6.548363e-03
2.000000 6.353198e-03
2.250000 6.146597e-03
2.500000 5.929485e-03
2.750000 5.702872e-03
3.000000 5.467859e-03
3.250000 5.225655e-03
3.500000 4.977581e-03
3.750000 4.725096e-03
4.000000 4.469820e-03
4.250000 4.213562e-03
4.500000 3.958365e-03
4.750000 3.706554e-03
5.000000 3.460806e-03
5.250000 3.224214e-03
5.500000 3.000368e-03
5.750000 2.793402e-03
6.000000 2.607978e-03
6.250000 2.449144e-03
6.500000 2.321960e-03
6.750000 2.230863e-03
7.000000 2.178821e-03
7.250000 2.166551e-03
7.500000 2.192166e-03
7.750000 2.251464e-03
8.000000 2.338721e-03
8.250000 2.447631e-03
8.500000 2.572058e-03
8.750000 2.706475e-03
9.000000 2.846135e-03
9.250000 2.987074e-03
9.500000 3.126030e-03
9.750000 3.260334e-03
10.000000 3.387809e-03
10.250000 3.506676e-03
10.500000 3.615489e-03
10.750000 3.713071e-03
11.000000 3.798471e-03
11.250000 3.870935e-03
11.500000 3.929874e-03
11.750000 3.974845e-03
12.000000 4.005538e-03
12.250000 4.021759e-03
12.500000 4.023426e-03
12.750000 4.010553e-03
13.000000 3.983249e-03
13.250000 3.941708e-03
13.500000 3.886204e-03
13.750000 3.817089e-03
14.000000 3.734784e-03
14.250000 3.639774e-03
14.500000 3.532608e-03
14.750000 3.413891e-03
15.000000 3.284280e-03
15.250000 3.144479e-03
15.500000 2.995238e-03
15.750000 2.837343e-03
16.000000 2.671618e-03
16.250000 2.498918e-03
16.500000 2.320129e-03
16.750000 2.136163e-03
17.000000 1.947959e-03
17.250000 1.756491e-03
17.500000 1.562772e-03
17.750000 1.367883e-03
18.000000 1.173017e-03
18.250000 9.795958e-04
18.500000 7.895361e-04
18.750000 6.059860e-04
19.000000 4.356834e-04
19.250000 2.976426e-04
19.500000 2.445748e-04
19.750000 3.142635e-04
20.000000 4.469894e-04
20.250000 5.971230e-04
20.500000 7.497028e-04
20.750000 8.993720e-04
21.000000 1.043687e-03
21.250000 1.181283e-03
21.500000 1.311276e-03
21.750000 1.433043e-03
22.000000 1.546118e-03
22.250000 1.650146e-03
22.500000 1.744864e-03
22.750000 1.830077e-03
23.000000 1.905659e-03
23.250000 1.971541e-03
23.500000 2.027708e-03
23.750000 2.074195e-03
24.000000 2.111087e-03
24.250000 2.138510e-03
24.500000 2.156632e-03
24.750000 2.165658e-03
25.000000 2.165829e-03
25.250000 2.157417e-03
25.500000 2.140723e-03
25.750000 2.116072e-03
26.000000 2.083813e-03
26.250000 2.044313e-03
26.500000 1.997957e-03
26.750000 1.945143e-03
27.000000 1.886279e-03
27.250000 1.821784e-03
27.500000 1.752084e-03
27.750000 1.677611e-03
28.000000 1.598800e-03
28.250000 1.516095e-03
28.500000 1.429944e-03
28.750000 1.340803e-03
29.000000 1.249144e-03
29.250000 1.155461e-03
29.500000 1.060282e-03
29.750000 9.641906e-04
30.000000 8.678647e-04
30.250000 7.721340e-04
30.500000 6.780872e-04
30.750000 5.872616e-04
31.000000 5.019862e-04
31.250000 4.259724e-04
31.500000 3.651149e-04
31.750000 3.276444e-04
32.000000 3.211292e-04
32.250000 3.463193e-04
32.500000 3.960702e-04
32.750000 4.612940e-04
33.000000 5.351239e-04
33.250000 6.132155e-04
33.500000 6.928957e-04
33.750000 7.724582e-04
34.000000 8.507456e-04
34.250000 9.269187e-04
34.500000 1.000330e-03
34.750000 1.070453e-03
35.000000 1.136841e-03
35.250000 1.199101e-03
35.500000 1.256882e-03
35.750000 1.309868e-03
36.000000 1.357766e-03
36.250000 1.400311e-03
36.500000 1.437262e-03
36.750000 1.468399e-03
37.000000 1.493529e-03
37.250000 1.512482e-03
37.500000 1.525115e-03
37.750000 1.531313e-03
38.000000 1.530988e-03
38.250000 1.524086e-03
38.500000 1.510581e-03
38.750000 1.490485e-03
39.000000 1.463841e-03
39.250000 1.430730e-03
39.500000 1.391272e-03
39.750000 1.345624e-03
40.000000 1.293987e-03
40.250000 1.236605e-03
40.500000 1.173768e-03
40.750000 1.105819e-03
41.000000 1.033161e-03
41.250000 9.562675e-04
41.500000 8.757044e-04
41.750000 7.921642e-04
42.000000 7.065280e-04
42.250000 6.199804e-04
42.500000 5.342329e-04
42.750000 4.519638e-04
43.000000 3.776726e-04
43.250000 3.190351e-04
43.500000 2.873766e-04
43.750000 2.923792e-04
44.000000 3.323917e-04
44.250000 3.964028e-04
44.500000 4.738703e-04
44.750000 5.580585e-04
45.000000 6.450256e-04
45.250000 7.323731e-04
45.500000 8.185214e-04
45.750000 9.023409e-04
46.000000 9.829656e-04
46.250000 1.059696e-03
46.500000 1.131946e-03
46.750000 1.199214e-03
47.000000 1.261069e-03
47.250000 1.317135e-03
47.500000 1.367091e-03
47.750000 1.410664e-03
48.000000 1.447629e-03
48.250000 1.477808e-03
48.500000 1.501068e-03
48.750000 1.517320e-03
49.000000 1.526519e-03
49.250000 1.528665e-03
49.500000 1.523802e-03
49.750000 1.512012e-03
50.000000 1.493422e-03
