-50.000000 7.129035e-04
-49.750000 7.181994e-04
-49.500000 7.235381e-04
-49.250000 7.289189e-04
-49.000000 7.343410e-04
-48.750000 7.398037e-04
-48.500000 7.453060e-04
-48.250000 7.508474e-04
-48.000000 7.564270e-04
-47.750000 7.620442e-04
-47.500000 7.676980e-04
-47.250000 7.733878e-04
-47.000000 7.791129e-04
-46.750000 7.848725e-04
-46.500000 7.906657e-04
-46.250000 7.964920e-04
-46.000000 8.023506e-04
-45.750000 8.082407e-04
-45.500000 8.141616e-04
-45.250000 8.201126e-04
-45.000000 8.260929e-04
-44.750000 8.321019e-04
-44.500000 8.381387e-04
-44.250000 8.442028e-04
-44.000000 8.502933e-04
-43.750000 8.564096e-04
-43.500000 8.625510e-04
-43.250000 8.687167e-04
-43.000000 8.749062e-04
-42.750000 8.811186e-04
-42.500000 8.873532e-04
-42.250000 8.936095e-04
-42.000000 8.998867e-04
-41.750000 9.061842e-04
-41.500000 9.125012e-04
-41.250000 9.188371e-04
-41.000000 9.251913e-04
-40.750000 9.315630e-04
-40.500000 9.379516e-04
-40.250000 9.443565e-04
-40.000000 9.507769e-04
-39.750000 9.572123e-04
-39.500000 9.636620e-04
-39.250000 9.701253e-04
-39.000000 9.766017e-04
-38.750000 9.830904e-04
-38.500000 9.895909e-04
-38.250000 9.961025e-04
-38.000000 1.002625e-03
-37.750000 1.009157e-03
-37.500000 1.015698e-03
-37.250000 1.022248e-03
-37.000000 1.028806e-03
-36.750000 1.035371e-03
-36.500000 1.041943e-03
-36.250000 1.048521e-03
-36.000000 1.055105e-03
-35.750000 1.061694e-03
-35.500000 1.068288e-03
-35.250000 1.074885e-03
-35.000000 1.081486e-03
-34.750000 1.088089e-03
-34.500000 1.094695e-03
-34.250000 1.101302e-03
-34.000000 1.107910e-03
-33.750000 1.114518e-03
-33.500000 1.121127e-03
-33.250000 1.127734e-03
-33.000000 1.134341e-03
-32.750000 1.140945e-03
-32.500000 1.147547e-03
-32.250000 1.154147e-03
-32.000000 1.160743e-03
-31.750000 1.167335e-03
-31.500000 1.173922e-03
-31.250000 1.180505e-03
-31.000000 1.187082e-03
-30.750000 1.193652e-03
-30.500000 1.200217e-03
-30.250000 1.206774e-03
-30.000000 1.213323e-03
-29.750000 1.219865e-03
-29.500000 1.226398e-03
-29.250000 1.232921e-03
-29.000000 1.239436e-03
-28.750000 1.245940e-03
-28.500000 1.252433e-03
-28.250000 1.258915e-03
-28.000000 1.265386e-03
-27.750000 1.271845e-03
-27.500000 1.278291e-03
-27.250000 1.284724e-03
-27.000000 1.291144e-03
-26.750000 1.297549e-03
-26.500000 1.303941e-03
-26.250000 1.310317e-03
-26.000000 1.316679e-03
-25.750000 1.323024e-03
-25.500000 1.329353e-03
-25.250000 1.335666e-03
-25.000000 1.341962e-03
-24.750000 1.348240e-03
-24.500000 1.354500e-03
-24.250000 1.360742e-03
-24.000000 1.366965e-03
-23.750000 1.373169e-03
-23.500000 1.379353e-03
-23.250000 1.385517e-03
-23.000000 1.391661e-03
-22.750000 1.397784e-03
-22.500000 1.403886e-03
-22.250000 1.409966e-03
-22.000000 1.416024e-03
-21.750000 1.422060e-03
-21.500000 1.428073e-03
-21.250000 1.434062e-03
-21.000000 1.440028e-03
-20.750000 1.445971e-03
-20.500000 1.451889e-03
-20.250000 1.457782e-03
-20.000000 1.463650e-03
-19.750000 1.469493e-03
-19.500000 1.475310e-03
-19.250000 1.481101e-03
-19.000000 1.486866e-03
-18.750000 1.492604e-03
-18.500000 1.498315e-03
-18.250000 1.503998e-03
-18.000000 1.509654e-03
-17.750000 1.515281e-03
-17.500000 1.520880e-03
-17.250000 1.526451e-03
-17.000000 1.531992e-03
-16.750000 1.537504e-03
-16.500000 1.542987e-03
-16.250000 1.548439e-03
-16.000000 1.553861e-03
-15.750000 1.559253e-03
-15.500000 1.564614e-03
-15.250000 1.569944e-03
-15.000000 1.575242e-03
-14.750000 1.580509e-03
-14.500000 1.585744e-03
-14.250000 1.590947e-03
-14.000000 1.596117e-03
-13.750000 1.601254e-03
-13.500000 1.606359e-03
-13.250000 1.611430e-03
-13.000000 1.616468e-03
-12.750000 1.621472e-03
-12.500000 1.626442e-03
-12.250000 1.631378e-03
-12.000000 1.636280e-03
-11.750000 1.641147e-03
-11.500000 1.645979e-03
-11.250000 1.650776e-03
-11.000000 1.655538e-03
-10.750000 1.660264e-03
-10.500000 1.664955e-03
-10.250000 1.669609e-03
-10.000000 1.674228e-03
-9.750000 1.678810e-03
-9.500000 1.683356e-03
-9.250000 1.687865e-03
-9.000000 1.692337e-03
-8.750000 1.696772e-03
-8.500000 1.701170e-03
-8.250000 1.705531e-03
-8.000000 1.709854e-03
-7.750000 1.714139e-03
-7.500000 1.718387e-03
-7.250000 1.722596e-03
-7.000000 1.726767e-03
-6.750000 1.730900e-03
-6.500000 1.734995e-03
-6.250000 1.739051e-03
-6.000000 1.743068e-03
-5.750000 1.747046e-03
-5.500000 1.750986e-03
-5.250000 1.754886e-03
-5.000000 1.758747e-03
-4.750000 1.762569e-03
-4.500000 1.766351e-03
-4.250000 1.770094e-03
-4.000000 1.773796e-03
-3.750000 1.777460e-03
-3.500000 1.781083e-03
-3.250000 1.784666e-03
-3.000000 1.788210e-03
-2.750000 1.791713e-03
-2.500000 1.795176e-03
-2.250000 1.798598e-03
-2.000000 1.801981e-03
-1.750000 1.805323e-03
-1.500000 1.808624e-03
-1.250000 1.811885e-03
-1.000000 1.815105e-03
-0.750000 1.818284e-03
-0.500000 1.821423e-03
-0.250000 1.824521e-03
0.000000 1.827577e-03
0.250000 1.830594e-03
0.500000 1.833569e-03
0.750000 1.836503e-03
1.000000 1.839396e-03
1.250000 1.842248e-03
1.500000 1.845059e-03
1.750000 1.847829e-03
2.000000 1.850557e-03
2.250000 1.853245e-03
2.500000 1.855891e-03
2.750000 1.858496e-03
3.000000 1.861060e-03
3.250000 1.863583e-03
3.500000 1.866065e-03
3.750000 1.868505e-03
4.000000 1.870904e-03
4.250000 1.873262e-03
4.500000 1.875579e-03
4.750000 1.877854e-03
5.000000 1.880089e-03
5.250000 1.882282e-03
5.500000 1.884434e-03
5.750000 1.886545e-03
6.000000 1.888615e-03
6.250000 1.890643e-03
6.500000 1.892631e-03
6.750000 1.894578e-03
7.000000 1.896483e-03
7.250000 1.898348e-03
7.500000 1.900171e-03
7.750000 1.901954e-03
8.000000 1.903696e-03
8.250000 1.905397e-03
8.500000 1.907057e-03
8.750000 1.908677e-03
9.000000 1.910256e-03
9.250000 1.911794e-03
9.500000 1.913292e-03
9.750000 1.914749e-03
10.000000 1.916166e-03
10.250000 1.917542e-03
10.500000 1.918878e-03
10.750000 1.920174e-03
11.000000 1.921430e-03
11.250000 1.922645e-03
11.500000 1.923820e-03
11.750000 1.924956e-03
12.000000 1.926051e-03
12.250000 1.927107e-03
12.500000 1.928123e-03
12.750000 1.929099e-03
13.000000 1.930035e-03
13.250000 1.930932e-03
13.500000 1.931789e-03
13.750000 1.932608e-03
14.000000 1.933386e-03
14.250000 1.934126e-03
14.500000 1.934826e-03
14.750000 1.935488e-03
15.000000 1.936110e-03
15.250000 1.936694e-03
15.500000 1.937239e-03
15.750000 1.937745e-03
16.000000 1.938213e-03
16.250000 1.938642e-03
16.500000 1.939033e-03
16.750000 1.939385e-03
17.000000 1.939699e-03
17.250000 1.939976e-03
17.500000 1.940214e-03
17.750000 1.940414e-03
18.000000 1.940577e-03
18.250000 1.940702e-03
18.500000 1.940789e-03
18.750000 1.940839e-03
19.000000 1.940852e-03
19.250000 1.940827e-03
19.500000 1.940765e-03
19.750000 1.940667e-03
20.000000 1.940531e-03
20.250000 1.940359e-03
20.500000 1.940149e-03
20.750000 1.939904e-03
21.000000 1.939621e-03
21.250000 1.939303e-03
21.500000 1.938948e-03
21.750000 1.938557e-03
22.000000 1.938130e-03
22.250000 1.937667e-03
22.500000 1.937169e-03
22.750000 1.936635e-03
23.000000 1.936065e-03
23.250000 1.935460e-03
23.500000 1.934819e-03
23.750000 1.934144e-03
24.000000 1.933433e-03
24.250000 1.932687e-03
24.500000 1.931907e-03
24.750000 1.931092e-03
25.000000 1.930242e-03
25.250000 1.929358e-03
25.500000 1.928440e-03
25.750000 1.927487e-03
26.000000 1.926500e-03
26.250000 1.925479e-03
26.500000 1.924425e-03
26.750000 1.923337e-03
27.000000 1.922215e-03
27.250000 1.921060e-03
27.500000 1.919871e-03
27.750000 1.918649e-03
28.000000 1.917394e-03
28.250000 1.916107e-03
28.500000 1.914786e-03
28.750000 1.913433e-03
29.000000 1.912047e-03
29.250000 1.910628e-03
29.500000 1.909178e-03
29.750000 1.907695e-03
30.000000 1.906180e-03
30.250000 1.904633e-03
30.500000 1.903055e-03
30.750000 1.901445e-03
31.000000 1.899803e-03
31.250000 1.898130e-03
31.500000 1.896425e-03
31.750000 1.894690e-03
32.000000 1.892923e-03
32.250000 1.891126e-03
32.500000 1.889298e-03
32.750000 1.887439e-03
33.000000 1.885550e-03
33.250000 1.883631e-03
33.500000 1.881681e-03
33.750000 1.879701e-03
34.000000 1.877692e-03
34.250000 1.875652e-03
34.500000 1.873583e-03
34.750000 1.871485e-03
35.000000 1.869357e-03
35.250000 1.867200e-03
35.500000 1.865013e-03
35.750000 1.862798e-03
36.000000 1.860554e-03
36.250000 1.858282e-03
36.500000 1.855980e-03
36.750000 1.853651e-03
37.000000 1.851293e-03
37.250000 1.848907e-03
37.500000 1.846494e-03
37.750000 1.844052e-03
38.000000 1.841583e-03
38.250000 1.839086e-03
38.500000 1.836562e-03
38.750000 1.834011e-03
39.000000 1.831432e-03
39.250000 1.828827e-03
39.500000 1.826195e-03
39.750000 1.823537e-03
40.000000 1.820852e-03
40.250000 1.818140e-03
40.500000 1.815403e-03
40.750000 1.812639e-03
41.000000 1.809850e-03
41.250000 1.807035e-03
41.500000 1.804195e-03
41.750000 1.801329e-03
42.000000 1.798439e-03
42.250000 1.795523e-03
42.500000 1.792582e-03
42.750000 1.789617e-03
43.000000 1.786627e-03
43.250000 1.783613e-03
43.500000 1.780575e-03
43.750000 1.777512e-03
44.000000 1.774426e-03
44.250000 1.771317e-03
44.500000 1.768183e-03
44.750000 1.765027e-03
45.000000 1.761847e-03
45.250000 1.758645e-03
45.500000 1.755420e-03
45.750000 1.752172e-03
46.000000 1.748902e-03
46.250000 1.745610e-03
46.500000 1.742295e-03
46.750000 1.738959e-03
47.000000 1.735602e-03
47.250000 1.732223e-03
47.500000 1.728823e-03
47.750000 1.725401e-03
48.000000 1.721959e-03
48.250000 1.718497e-03
48.500000 1.715014e-03
48.750000 1.711510e-03
49.000000 1.707987e-03
49.250000 1.704444e-03
49.500000 1.700882e-03
49.750000 1.697300e-03
50.000000 1.693699e-03
