-50.000000 3.104743e-03
-49.750000 3.084398e-03
-49.500000 3.063359e-03
-49.250000 3.041902e-03
-49.000000 3.020291e-03
-48.750000 2.998775e-03
-48.500000 2.977586e-03
-48.250000 2.956929e-03
-48.000000 2.936981e-03
-47.750000 2.917889e-03
-47.500000 2.899763e-03
-47.250000 2.882677e-03
-47.000000 2.866663e-03
-46.750000 2.851715e-03
-46.500000 2.837782e-03
-46.250000 2.824776e-03
-46.000000 2.812565e-03
-45.750000 2.800985e-03
-45.500000 2.789835e-03
-45.250000 2.778884e-03
-45.000000 2.767877e-03
-44.750000 2.756534e-03
-44.500000 2.744560e-03
-44.250000 2.731649e-03
-44.000000 2.717486e-03
-43.750000 2.701754e-03
-43.500000 2.684137e-03
-43.250000 2.664327e-03
-43.000000 2.642022e-03
-42.750000 2.616935e-03
-42.500000 2.588795e-03
-42.250000 2.557347e-03
-42.000000 2.522360e-03
-41.750000 2.483623e-03
-41.500000 2.440948e-03
-41.250000 2.394176e-03
-41.000000 2.343171e-03
-40.750000 2.287825e-03
-40.500000 2.228057e-03
-40.250000 2.163816e-03
-40.000000 2.095076e-03
-39.750000 2.021840e-03
-39.500000 1.944140e-03
-39.250000 1.862036e-03
-39.000000 1.775612e-03
-38.750000 1.684981e-03
-38.500000 1.590284e-03
-38.250000 1.491686e-03
-38.000000 1.389377e-03
-37.750000 1.283577e-03
-37.500000 1.174529e-03
-37.250000 1.062506e-03
-37.000000 9.478143e-04
-36.750000 8.308014e-04
-36.500000 7.118763e-04
-36.250000 5.915546e-04
-36.000000 4.705763e-04
-35.750000 3.502699e-04
-35.500000 2.340071e-04
-35.250000 1.356100e-04
-35.000000 1.181433e-04
-34.750000 2.036359e-04
-34.500000 3.170911e-04
-34.250000 4.364000e-04
-34.000000 5.568111e-04
-33.750000 6.766397e-04
-33.500000 7.949967e-04
-33.250000 9.112707e-04
-33.000000 1.024970e-03
-32.750000 1.135667e-03
-32.500000 1.242968e-03
-32.250000 1.346512e-03
-32.000000 1.445956e-03
-31.750000 1.540980e-03
-31.500000 1.631281e-03
-31.250000 1.716579e-03
-31.000000 1.796613e-03
-30.750000 1.871144e-03
-30.500000 1.939953e-03
-30.250000 2.002847e-03
-30.000000 2.059657e-03
-29.750000 2.110236e-03
-29.500000 2.154466e-03
-29.250000 2.192257e-03
-29.000000 2.223543e-03
-28.750000 2.248289e-03
-28.500000 2.266490e-03
-28.250000 2.278170e-03
-28.000000 2.283385e-03
-27.750000 2.282222e-03
-27.500000 2.274799e-03
-27.250000 2.261269e-03
-27.000000 2.241819e-03
-26.750000 2.216669e-03
-26.500000 2.186074e-03
-26.250000 2.150328e-03
-26.000000 2.109760e-03
-25.750000 2.064738e-03
-25.500000 2.015672e-03
-25.250000 1.963011e-03
-25.000000 1.907250e-03
-24.750000 1.848929e-03
-24.500000 1.788635e-03
-24.250000 1.727005e-03
-24.000000 1.664726e-03
-23.750000 1.602538e-03
-23.500000 1.541228e-03
-23.250000 1.481628e-03
-23.000000 1.424606e-03
-22.750000 1.371047e-03
-22.500000 1.321829e-03
-22.250000 1.277791e-03
-22.000000 1.239684e-03
-21.750000 1.208122e-03
-21.500000 1.183529e-03
-21.250000 1.166091e-03
-21.000000 1.155725e-03
-20.750000 1.152078e-03
-20.500000 1.154540e-03
-20.250000 1.162294e-03
-20.000000 1.174367e-03
-19.750000 1.189693e-03
-19.500000 1.207174e-03
-19.250000 1.225720e-03
-19.000000 1.244283e-03
-18.750000 1.261887e-03
-18.500000 1.277629e-03
-18.250000 1.290696e-03
-18.000000 1.300355e-03
-17.750000 1.305960e-03
-17.500000 1.306943e-03
-17.250000 1.302812e-03
-17.000000 1.293147e-03
-16.750000 1.277596e-03
-16.500000 1.255873e-03
-16.250000 1.227759e-03
-16.000000 1.193099e-03
-15.750000 1.151806e-03
-15.500000 1.103866e-03
-15.250000 1.049347e-03
-15.000000 9.884176e-04
-14.750000 9.213713e-04
-14.500000 8.486792e-04
-14.250000 7.710752e-04
-14.000000 6.897182e-04
-13.750000 6.064999e-04
-13.500000 5.246488e-04
-13.250000 4.498699e-04
-13.000000 3.920569e-04
-12.750000 3.656643e-04
-12.500000 3.831262e-04
-12.250000 4.440518e-04
-12.000000 5.375187e-04
-11.750000 6.524994e-04
-11.500000 7.816963e-04
-11.250000 9.207416e-04
-11.000000 1.066949e-03
-10.750000 1.218538e-03
-10.500000 1.374221e-03
-10.250000 1.532989e-03
-10.000000 1.693994e-03
-9.750000 1.856488e-03
-9.500000 2.019782e-03
-9.250000 2.183231e-03
-9.000000 2.346215e-03
-8.750000 2.508139e-03
-8.500000 2.668419e-03
-8.250000 2.826490e-03
-8.000000 2.981798e-03
-7.750000 3.133802e-03
-7.500000 3.281978e-03
-7.250000 3.425811e-03
-7.000000 3.564807e-03
-6.750000 3.698486e-03
-6.500000 3.826385e-03
-6.250000 3.948062e-03
-6.000000 4.063097e-03
-5.750000 4.171089e-03
-5.500000 4.271662e-03
-5.250000 4.364466e-03
-5.000000 4.449173e-03
-4.750000 4.525487e-03
-4.500000 4.593135e-03
-4.250000 4.651877e-03
-4.000000 4.701501e-03
-3.750000 4.741826e-03
-3.500000 4.772701e-03
-3.250000 4.794009e-03
-3.000000 4.805664e-03
-2.750000 4.807613e-03
-2.500000 4.799834e-03
-2.250000 4.782341e-03
-2.000000 4.755179e-03
-1.750000 4.718425e-03
-1.500000 4.672189e-03
-1.250000 4.616614e-03
-1.000000 4.551871e-03
-0.750000 4.478166e-03
-0.500000 4.395733e-03
-0.250000 4.304834e-03
0.000000 4.205760e-03
0.250000 4.098829e-03
0.500000 3.984386e-03
0.750000 3.862797e-03
1.000000 3.734455e-03
1.250000 3.599771e-03
1.500000 3.459179e-03
1.750000 3.313128e-03
2.000000 3.162086e-03
2.250000 3.006534e-03
2.500000 2.846968e-03
2.750000 2.683891e-03
3.000000 2.517817e-03
3.250000 2.349267e-03
3.500000 2.178766e-03
3.750000 2.006840e-03
4.000000 1.834016e-03
4.250000 1.660821e-03
4.500000 1.487775e-03
4.750000 1.315391e-03
5.000000 1.144178e-03
5.250000 9.746286e-04
5.500000 8.072284e-04
5.750000 6.424491e-04
6.000000 4.807562e-04
6.250000 3.226330e-04
6.500000 1.687508e-04
6.750000 2.660736e-05
7.000000 1.298879e-04
7.250000 2.697834e-04
7.500000 4.050560e-04
7.750000 5.350176e-04
8.000000 6.593764e-04
8.250000 7.779352e-04
8.500000 8.905540e-04
8.750000 9.971430e-04
9.000000 1.097662e-03
9.250000 1.192122e-03
9.500000 1.280586e-03
9.750000 1.363171e-03
10.000000 1.440051e-03
10.250000 1.511457e-03
10.500000 1.577679e-03
10.750000 1.639069e-03
11.000000 1.696034e-03
11.250000 1.749044e-03
11.500000 1.798624e-03
11.750000 1.845351e-03
12.000000 1.889850e-03
12.250000 1.932785e-03
12.500000 1.974853e-03
12.750000 2.016766e-03
13.000000 2.059243e-03
13.250000 2.102989e-03
13.500000 2.148681e-03
13.750000 2.196951e-03
14.000000 2.248366e-03
14.250000 2.303415e-03
14.500000 2.362494e-03
14.750000 2.425898e-03
15.000000 2.493815e-03
15.250000 2.566320e-03
15.500000 2.643384e-03
15.750000 2.724873e-03
16.000000 2.810562e-03
16.250000 2.900140e-03
16.500000 2.993223e-03
16.750000 3.089367e-03
17.000000 3.188077e-03
17.250000 3.288821e-03
17.500000 3.391035e-03
17.750000 3.494137e-03
18.000000 3.597533e-03
18.250000 3.700622e-03
18.500000 3.802807e-03
18.750000 3.903492e-03
19.000000 4.002094e-03
19.250000 4.098042e-03
19.500000 4.190782e-03
19.750000 4.279778e-03
20.000000 4.364517e-03
20.250000 4.444508e-03
20.500000 4.519285e-03
20.750000 4.588408e-03
21.000000 4.651463e-03
21.250000 4.708067e-03
21.500000 4.757865e-03
21.750000 4.800532e-03
22.000000 4.835772e-03
22.250000 4.863323e-03
22.500000 4.882952e-03
22.750000 4.894461e-03
23.000000 4.897680e-03
23.250000 4.892474e-03
23.500000 4.878740e-03
23.750000 4.856406e-03
24.000000 4.825431e-03
24.250000 4.785809e-03
24.500000 4.737562e-03
24.750000 4.680743e-03
25.000000 4.615439e-03
25.250000 4.541762e-03
25.500000 4.459855e-03
25.750000 4.369891e-03
26.000000 4.272068e-03
26.250000 4.166613e-03
26.500000 4.053777e-03
26.750000 3.933839e-03
27.000000 3.807100e-03
27.250000 3.673886e-03
27.500000 3.534547e-03
27.750000 3.389455e-03
28.000000 3.239007e-03
28.250000 3.083623e-03
28.500000 2.923749e-03
28.750000 2.759856e-03
29.000000 2.592450e-03
29.250000 2.422072e-03
29.500000 2.249315e-03
29.750000 2.074833e-03
30.000000 1.899370e-03
30.250000 1.723806e-03
30.500000 1.549217e-03
30.750000 1.376999e-03
31.000000 1.209072e-03
31.250000 1.048237e-03
31.500000 8.988191e-04
31.750000 7.676988e-04
32.000000 6.655340e-04
32.250000 6.063764e-04
32.500000 6.018081e-04
32.750000 6.514605e-04
33.000000 7.429143e-04
33.250000 8.613062e-04
33.500000 9.954433e-04
33.750000 1.138196e-03
34.000000 1.285186e-03
34.250000 1.433676e-03
34.500000 1.581885e-03
34.750000 1.728608e-03
35.000000 1.872996e-03
35.250000 2.014432e-03
35.500000 2.152458e-03
35.750000 2.286732e-03
36.000000 2.416992e-03
36.250000 2.543047e-03
36.500000 2.664757e-03
36.750000 2.782029e-03
37.000000 2.894809e-03
37.250000 3.003073e-03
37.500000 3.106833e-03
37.750000 3.206123e-03
38.000000 3.301004e-03
38.250000 3.391557e-03
38.500000 3.477885e-03
38.750000 3.560105e-03
39.000000 3.638350e-03
39.250000 3.712766e-03
39.500000 3.783509e-03
39.750000 3.850744e-03
40.000000 3.914640e-03
40.250000 3.975372e-03
40.500000 4.033114e-03
40.750000 4.088040e-03
41.000000 4.140321e-03
41.250000 4.190122e-03
41.500000 4.237601e-03
41.750000 4.282908e-03
42.000000 4.326179e-03
42.250000 4.367541e-03
42.500000 4.407103e-03
42.750000 4.444961e-03
43.000000 4.481195e-03
43.250000 4.515868e-03
43.500000 4.549025e-03
43.750000 4.580694e-03
44.000000 4.610884e-03
44.250000 4.639590e-03
44.500000 4.666788e-03
44.750000 4.692439e-03
45.000000 4.716488e-03
45.250000 4.738870e-03
45.500000 4.759503e-03
45.750000 4.778297e-03
46.000000 4.795153e-03
46.250000 4.809962e-03
46.500000 4.822610e-03
46.750000 4.832980e-03
47.000000 4.840950e-03
47.250000 4.846398e-03
47.500000 4.849201e-03
47.750000 4.849240e-03
48.000000 4.846398e-03
48.250000 4.840562e-03
48.500000 4.831626e-03
48.750000 4.819491e-03
49.000000 4.804065e-03
49.250000 4.785266e-03
49.500000 4.763020e-03
49.750000 4.737266e-03
50.000000 4.707951e-03
