-50.000000 5.168517e-03
-49.750000 5.189839e-03
-49.500000 5.211124e-03
-49.250000 5.232371e-03
-49.000000 5.253579e-03
-48.750000 5.274746e-03
-48.500000 5.295871e-03
-48.250000 5.316953e-03
-48.000000 5.337990e-03
-47.750000 5.358982e-03
-47.500000 5.379927e-03
-47.250000 5.400824e-03
-47.000000 5.421670e-03
-46.750000 5.442466e-03
-46.500000 5.463209e-03
-46.250000 5.483899e-03
-46.000000 5.504533e-03
-45.750000 5.525110e-03
-45.500000 5.545629e-03
-45.250000 5.566089e-03
-45.000000 5.586487e-03
-44.750000 5.606823e-03
-44.500000 5.627095e-03
-44.250000 5.647301e-03
-44.000000 5.667441e-03
-43.750000 5.687511e-03
-43.500000 5.707511e-03
-43.250000 5.727440e-03
-43.000000 5.747295e-03
-42.750000 5.767076e-03
-42.500000 5.786779e-03
-42.250000 5.806405e-03
-42.000000 5.825951e-03
-41.750000 5.845415e-03
-41.500000 5.864797e-03
-41.250000 5.884094e-03
-41.000000 5.903304e-03
-40.750000 5.922426e-03
-40.500000 5.941459e-03
-40.250000 5.960400e-03
-40.000000 5.979248e-03
-39.750000 5.998001e-03
-39.500000 6.016658e-03
-39.250000 6.035216e-03
-39.000000 6.053674e-03
-38.750000 6.072031e-03
-38.500000 6.090284e-03
-38.250000 6.108431e-03
-38.000000 6.126472e-03
-37.750000 6.144404e-03
-37.500000 6.162225e-03
-37.250000 6.179934e-03
-37.000000 6.197528e-03
-36.750000 6.215007e-03
-36.500000 6.232368e-03
-36.250000 6.249609e-03
-36.000000 6.266730e-03
-35.750000 6.283727e-03
-35.500000 6.300599e-03
-35.250000 6.317344e-03
-35.000000 6.333961e-03
-34.750000 6.350447e-03
-34.500000 6.366801e-03
-34.250000 6.383021e-03
-34.000000 6.399106e-03
-33.750000 6.415052e-03
-33.500000 6.430860e-03
-33.250000 6.446526e-03
-33.000000 6.462048e-03
-32.750000 6.477427e-03
-32.500000 6.492658e-03
-32.250000 6.507741e-03
-32.000000 6.522673e-03
-31.750000 6.537454e-03
-31.500000 6.552080e-03
-31.250000 6.566551e-03
-31.000000 6.580864e-03
-30.750000 6.595018e-03
-30.500000 6.609011e-03
-30.250000 6.622842e-03
-30.000000 6.636507e-03
-29.750000 6.650006e-03
-29.500000 6.663337e-03
-29.250000 6.676499e-03
-29.000000 6.689488e-03
-28.750000 6.702304e-03
-28.500000 6.714945e-03
-28.250000 6.727409e-03
-28.000000 6.739695e-03
-27.750000 6.751801e-03
-27.500000 6.763724e-03
-27.250000 6.775464e-03
-27.000000 6.787018e-03
-26.750000 6.798386e-03
-26.500000 6.809565e-03
-26.250000 6.820554e-03
-26.000000 6.831350e-03
-25.750000 6.841954e-03
-25.500000 6.852362e-03
-25.250000 6.862573e-03
-25.000000 6.872586e-03
-24.750000 6.882399e-03
-24.500000 6.892011e-03
-24.250000 6.901419e-03
-24.000000 6.910623e-03
-23.750000 6.919621e-03
-23.500000 6.928412e-03
-23.250000 6.936993e-03
-23.000000 6.945364e-03
-22.750000 6.953523e-03
-22.500000 6.961468e-03
-22.250000 6.969199e-03
-22.000000 6.976713e-03
-21.750000 6.984010e-03
-21.500000 6.991087e-03
-21.250000 6.997945e-03
-21.000000 7.004580e-03
-20.750000 7.010993e-03
-20.500000 7.017181e-03
-20.250000 7.023143e-03
-20.000000 7.028879e-03
-19.750000 7.034386e-03
-19.500000 7.039664e-03
-19.250000 7.044712e-03
-19.000000 7.049527e-03
-18.750000 7.054110e-03
-18.500000 7.058459e-03
-18.250000 7.062572e-03
-18.000000 7.066450e-03
-17.750000 7.070089e-03
-17.500000 7.073491e-03
-17.250000 7.076652e-03
-17.000000 7.079574e-03
-16.750000 7.082253e-03
-16.500000 7.084691e-03
-16.250000 7.086885e-03
-16.000000 7.088834e-03
-15.750000 7.090538e-03
-15.500000 7.091996e-03
-15.250000 7.093207e-03
-15.000000 7.094171e-03
-14.750000 7.094885e-03
-14.500000 7.095350e-03
-14.250000 7.095565e-03
-14.000000 7.095529e-03
-13.750000 7.095242e-03
-13.500000 7.094702e-03
-13.250000 7.093909e-03
-13.000000 7.092862e-03
-12.750000 7.091562e-03
-12.500000 7.090006e-03
-12.250000 7.088195e-03
-12.000000 7.086128e-03
-11.750000 7.083805e-03
-11.500000 7.081225e-03
-11.250000 7.078388e-03
-11.000000 7.075292e-03
-10.750000 7.071939e-03
-10.500000 7.068327e-03
-10.250000 7.064456e-03
-10.000000 7.060327e-03
-9.750000 7.055937e-03
-9.500000 7.051288e-03
-9.250000 7.046379e-03
-9.000000 7.041210e-03
-8.750000 7.035780e-03
-8.500000 7.030090e-03
-8.250000 7.024140e-03
-8.000000 7.017928e-03
-7.750000 7.011456e-03
-7.500000 7.004723e-03
-7.250000 6.997730e-03
-7.000000 6.990475e-03
-6.750000 6.982960e-03
-6.500000 6.975184e-03
-6.250000 6.967148e-03
-6.000000 6.958851e-03
-5.750000 6.950294e-03
-5.500000 6.941476e-03
-5.250000 6.932399e-03
-5.000000 6.923063e-03
-4.750000 6.913467e-03
-4.500000 6.903612e-03
-4.250000 6.893499e-03
-4.000000 6.883127e-03
-3.750000 6.872497e-03
-3.500000 6.861610e-03
-3.250000 6.850466e-03
-3.000000 6.839066e-03
-2.750000 6.827410e-03
-2.500000 6.815498e-03
-2.250000 6.803331e-03
-2.000000 6.790910e-03
-1.750000 6.778236e-03
-1.500000 6.765308e-03
-1.250000 6.752128e-03
-1.000000 6.738697e-03
-0.750000 6.725015e-03
-0.500000 6.711083e-03
-0.250000 6.696902e-03
0.000000 6.682472e-03
0.250000 6.667795e-03
0.500000 6.652872e-03
0.750000 6.637703e-03
1.000000 6.622289e-03
1.250000 6.606631e-03
1.500000 6.590731e-03
1.750000 6.574589e-03
2.000000 6.558207e-03
2.250000 6.541585e-03
2.500000 6.524725e-03
2.750000 6.507628e-03
3.000000 6.490295e-03
3.250000 6.472727e-03
3.500000 6.454925e-03
3.750000 6.436891e-03
4.000000 6.418627e-03
4.250000 6.400132e-03
4.500000 6.381410e-03
4.750000 6.362461e-03
5.000000 6.343286e-03
5.250000 6.323887e-03
5.500000 6.304266e-03
5.750000 6.284424e-03
6.000000 6.264362e-03
6.250000 6.244083e-03
6.500000 6.223587e-03
6.750000 6.202876e-03
7.000000 6.181952e-03
7.250000 6.160817e-03
7.500000 6.139472e-03
7.750000 6.117919e-03
8.000000 6.096159e-03
8.250000 6.074195e-03
8.500000 6.052029e-03
8.750000 6.029661e-03
9.000000 6.007094e-03
9.250000 5.984331e-03
9.500000 5.961371e-03
9.750000 5.938219e-03
10.000000 5.914875e-03
10.250000 5.891342e-03
10.500000 5.867621e-03
10.750000 5.843714e-03
11.000000 5.819625e-03
11.250000 5.795354e-03
11.500000 5.770904e-03
11.750000 5.746276e-03
12.000000 5.721474e-03
12.250000 5.696499e-03
12.500000 5.671354e-03
12.750000 5.646040e-03
13.000000 5.620560e-03
13.250000 5.594916e-03
13.500000 5.569110e-03
13.750000 5.543146e-03
14.000000 5.517024e-03
14.250000 5.490748e-03
14.500000 5.464319e-03
14.750000 5.437741e-03
15.000000 5.411016e-03
15.250000 5.384145e-03
15.500000 5.357132e-03
15.750000 5.329979e-03
16.000000 5.302689e-03
16.250000 5.275263e-03
16.500000 5.247705e-03
16.750000 5.220018e-03
17.000000 5.192203e-03
17.250000 5.164263e-03
17.500000 5.136202e-03
17.750000 5.108021e-03
18.000000 5.079723e-03
18.250000 5.051312e-03
18.500000 5.022789e-03
18.750000 4.994158e-03
19.000000 4.965420e-03
19.250000 4.936580e-03
19.500000 4.907640e-03
19.750000 4.878602e-03
20.000000 4.849469e-03
20.250000 4.820245e-03
20.500000 4.790932e-03
20.750000 4.761533e-03
21.000000 4.732050e-03
21.250000 4.702487e-03
21.500000 4.672847e-03
21.750000 4.643133e-03
22.000000 4.613347e-03
22.250000 4.583493e-03
22.500000 4.553574e-03
22.750000 4.523592e-03
23.000000 4.493550e-03
23.250000 4.463453e-03
23.500000 4.433302e-03
23.750000 4.403101e-03
24.000000 4.372853e-03
24.250000 4.342561e-03
24.500000 4.312228e-03
24.750000 4.281857e-03
25.000000 4.251452e-03
25.250000 4.221016e-03
25.500000 4.190552e-03
25.750000 4.160062e-03
26.000000 4.129551e-03
26.250000 4.099021e-03
26.500000 4.068477e-03
26.750000 4.037920e-03
27.000000 4.007354e-03
27.250000 3.976784e-03
27.500000 3.946211e-03
27.750000 3.915639e-03
28.000000 3.885073e-03
28.250000 3.854514e-03
28.500000 3.823966e-03
28.750000 3.793434e-03
29.000000 3.762920e-03
29.250000 3.732427e-03
29.500000 3.701959e-03
29.750000 3.671520e-03
30.000000 3.641113e-03
30.250000 3.610741e-03
30.500000 3.580408e-03
30.750000 3.550118e-03
31.000000 3.519874e-03
31.250000 3.489679e-03
31.500000 3.459537e-03
31.750000 3.429452e-03
32.000000 3.399428e-03
32.250000 3.369467e-03
32.500000 3.339574e-03
32.750000 3.309752e-03
33.000000 3.280005e-03
33.250000 3.250336e-03
33.500000 3.220750e-03
33.750000 3.191249e-03
34.000000 3.161838e-03
34.250000 3.132521e-03
34.500000 3.103300e-03
34.750000 3.074180e-03
35.000000 3.045165e-03
35.250000 3.016259e-03
35.500000 2.987465e-03
35.750000 2.958787e-03
36.000000 2.930228e-03
36.250000 2.901794e-03
36.500000 2.873488e-03
36.750000 2.845313e-03
37.000000 2.817273e-03
37.250000 2.789373e-03
37.500000 2.761617e-03
37.750000 2.734008e-03
38.000000 2.706550e-03
38.250000 2.679248e-03
38.500000 2.652105e-03
38.750000 2.625125e-03
39.000000 2.598313e-03
39.250000 2.571673e-03
39.500000 2.545208e-03
39.750000 2.518923e-03
40.000000 2.492822e-03
40.250000 2.466908e-03
40.500000 2.441187e-03
40.750000 2.415661e-03
41.000000 2.390336e-03
41.250000 2.365215e-03
41.500000 2.340303e-03
41.750000 2.315604e-03
42.000000 2.291122e-03
42.250000 2.266860e-03
42.500000 2.242824e-03
42.750000 2.219017e-03
43.000000 2.195444e-03
43.250000 2.172108e-03
43.500000 2.149014e-03
43.750000 2.126166e-03
44.000000 2.103568e-03
44.250000 2.081224e-03
44.500000 2.059139e-03
44.750000 2.037315e-03
45.000000 2.015758e-03
45.250000 1.994471e-03
45.500000 1.973458e-03
45.750000 1.952723e-03
46.000000 1.932269e-03
46.250000 1.912102e-03
46.500000 1.892224e-03
46.750000 1.872639e-03
47.000000 1.853350e-03
47.250000 1.834362e-03
47.500000 1.815677e-03
47.750000 1.797299e-03
48.000000 1.779231e-03
48.250000 1.761476e-03
48.500000 1.744038e-03
48.750000 1.726918e-03
49.000000 1.710121e-03
49.250000 1.693648e-03
49.500000 1.677502e-03
49.750000 1.661685e-03
50.000000 1.646200e-03
