-50.000000 1.893601e-03
-49.750000 1.869618e-03
-49.500000 1.839890e-03
-49.250000 1.804459e-03
-49.000000 1.763422e-03
-48.750000 1.716932e-03
-48.500000 1.665200e-03
-48.250000 1.608497e-03
-48.000000 1.547161e-03
-47.750000 1.481605e-03
-47.500000 1.412324e-03
-47.250000 1.339910e-03
-47.000000 1.265075e-03
-46.750000 1.188676e-03
-46.500000 1.111757e-03
-46.250000 1.035596e-03
-46.000000 9.617697e-04
-45.750000 8.922255e-04
-45.500000 8.293356e-04
-45.250000 7.758889e-04
-45.000000 7.349330e-04
-44.750000 7.093773e-04
-44.500000 7.013634e-04
-44.250000 7.116352e-04
-44.000000 7.392881e-04
-43.750000 7.820766e-04
-43.500000 8.370615e-04
-43.250000 9.012204e-04
-43.000000 9.718159e-04
-42.750000 1.046533e-03
-42.500000 1.123476e-03
-42.250000 1.201112e-03
-42.000000 1.278198e-03
-41.750000 1.353724e-03
-41.500000 1.426858e-03
-41.250000 1.496911e-03
-41.000000 1.563312e-03
-40.750000 1.625587e-03
-40.500000 1.683345e-03
-40.250000 1.736269e-03
-40.000000 1.784108e-03
-39.750000 1.826676e-03
-39.500000 1.863845e-03
-39.250000 1.895543e-03
-39.000000 1.921756e-03
-38.750000 1.942527e-03
-38.500000 1.957952e-03
-38.250000 1.968186e-03
-38.000000 1.973439e-03
-37.750000 1.973978e-03
-37.500000 1.970128e-03
-37.250000 1.962273e-03
-37.000000 1.950854e-03
-36.750000 1.936368e-03
-36.500000 1.919370e-03
-36.250000 1.900467e-03
-36.000000 1.880314e-03
-35.750000 1.859609e-03
-35.500000 1.839081e-03
-35.250000 1.819478e-03
-35.000000 1.801550e-03
-34.750000 1.786030e-03
-34.500000 1.773610e-03
-34.250000 1.764914e-03
-34.000000 1.760473e-03
-33.750000 1.760700e-03
-33.500000 1.765870e-03
-33.250000 1.776106e-03
-33.000000 1.791375e-03
-32.750000 1.811489e-03
-32.500000 1.836116e-03
-32.250000 1.864802e-03
-32.000000 1.896987e-03
-31.750000 1.932035e-03
-31.500000 1.969254e-03
-31.250000 2.007921e-03
-31.000000 2.047301e-03
-30.750000 2.086661e-03
-30.500000 2.125286e-03
-30.250000 2.162487e-03
-30.000000 2.197610e-03
-29.750000 2.230040e-03
-29.500000 2.259203e-03
-29.250000 2.284573e-03
-29.000000 2.305666e-03
-28.750000 2.322049e-03
-28.500000 2.333333e-03
-28.250000 2.339177e-03
-28.000000 2.339287e-03
-27.750000 2.333415e-03
-27.500000 2.321355e-03
-27.250000 2.302949e-03
-27.000000 2.278081e-03
-26.750000 2.246677e-03
-26.500000 2.208708e-03
-26.250000 2.164182e-03
-26.000000 2.113149e-03
-25.750000 2.055698e-03
-25.500000 1.991957e-03
-25.250000 1.922088e-03
-25.000000 1.846294e-03
-24.750000 1.764809e-03
-24.500000 1.677906e-03
-24.250000 1.585891e-03
-24.000000 1.489107e-03
-23.750000 1.387934e-03
-23.500000 1.282794e-03
-23.250000 1.174158e-03
-23.000000 1.062559e-03
-22.750000 9.486143e-04
-22.500000 8.330784e-04
-22.250000 7.169322e-04
-22.000000 6.015889e-04
-21.750000 4.893633e-04
-21.500000 3.846478e-04
-21.250000 2.968855e-04
-21.000000 2.456945e-04
-20.750000 2.539380e-04
-20.500000 3.160515e-04
-20.250000 4.068413e-04
-20.000000 5.097982e-04
-19.750000 6.173595e-04
-19.500000 7.259474e-04
-19.250000 8.336347e-04
-19.000000 9.392363e-04
-18.750000 1.041939e-03
-18.500000 1.141141e-03
-18.250000 1.236371e-03
-18.000000 1.327252e-03
-17.750000 1.413484e-03
-17.500000 1.494830e-03
-17.250000 1.571111e-03
-17.000000 1.642209e-03
-16.750000 1.708064e-03
-16.500000 1.768672e-03
-16.250000 1.824095e-03
-16.000000 1.874455e-03
-15.750000 1.919942e-03
-15.500000 1.960815e-03
-15.250000 1.997403e-03
-15.000000 2.030109e-03
-14.750000 2.059407e-03
-14.500000 2.085847e-03
-14.250000 2.110049e-03
-14.000000 2.132699e-03
-13.750000 2.154545e-03
-13.500000 2.176381e-03
-13.250000 2.199042e-03
-13.000000 2.223379e-03
-12.750000 2.250241e-03
-12.500000 2.280453e-03
-12.250000 2.314785e-03
-12.000000 2.353935e-03
-11.750000 2.398494e-03
-11.500000 2.448934e-03
-11.250000 2.505589e-03
-11.000000 2.568643e-03
-10.750000 2.638132e-03
-10.500000 2.713946e-03
-10.250000 2.795835e-03
-10.000000 2.883430e-03
-9.750000 2.976251e-03
-9.500000 3.073731e-03
-9.250000 3.175230e-03
-9.000000 3.280052e-03
-8.750000 3.387461e-03
-8.500000 3.496695e-03
-8.250000 3.606974e-03
-8.000000 3.717512e-03
-7.750000 3.827525e-03
-7.500000 3.936237e-03
-7.250000 4.042883e-03
-7.000000 4.146717e-03
-6.750000 4.247015e-03
-6.500000 4.343076e-03
-6.250000 4.434224e-03
-6.000000 4.519814e-03
-5.750000 4.599232e-03
-5.500000 4.671895e-03
-5.250000 4.737256e-03
-5.000000 4.794804e-03
-4.750000 4.844063e-03
-4.500000 4.884599e-03
-4.250000 4.916017e-03
-4.000000 4.937964e-03
-3.750000 4.950131e-03
-3.500000 4.952252e-03
-3.250000 4.944108e-03
-3.000000 4.925527e-03
-2.750000 4.896386e-03
-2.500000 4.856613e-03
-2.250000 4.806187e-03
-2.000000 4.745142e-03
-1.750000 4.673567e-03
-1.500000 4.591611e-03
-1.250000 4.499483e-03
-1.000000 4.397458e-03
-0.750000 4.285880e-03
-0.500000 4.165169e-03
-0.250000 4.035826e-03
0.000000 3.898445e-03
0.250000 3.753721e-03
0.500000 3.602470e-03
0.750000 3.445647e-03
1.000000 3.284370e-03
1.250000 3.119962e-03
1.500000 2.953989e-03
1.750000 2.788321e-03
2.000000 2.625201e-03
2.250000 2.467325e-03
2.500000 2.317925e-03
2.750000 2.180826e-03
3.000000 2.060431e-03
3.250000 1.961567e-03
3.500000 1.889094e-03
3.750000 1.847269e-03
4.000000 1.838949e-03
4.250000 1.864947e-03
4.500000 1.923837e-03
4.750000 2.012326e-03
5.000000 2.125987e-03
5.250000 2.260011e-03
5.500000 2.409756e-03
5.750000 2.571048e-03
6.000000 2.740272e-03
6.250000 2.914366e-03
6.500000 3.090750e-03
6.750000 3.267250e-03
7.000000 3.442022e-03
7.250000 3.613487e-03
7.500000 3.780287e-03
7.750000 3.941239e-03
8.000000 4.095309e-03
8.250000 4.241587e-03
8.500000 4.379269e-03
8.750000 4.507647e-03
9.000000 4.626098e-03
9.250000 4.734073e-03
9.500000 4.831099e-03
9.750000 4.916765e-03
10.000000 4.990729e-03
10.250000 5.052708e-03
10.500000 5.102478e-03
10.750000 5.139875e-03
11.000000 5.164789e-03
11.250000 5.177170e-03
11.500000 5.177017e-03
11.750000 5.164389e-03
12.000000 5.139393e-03
12.250000 5.102190e-03
12.500000 5.052994e-03
12.750000 4.992067e-03
13.000000 4.919721e-03
13.250000 4.836320e-03
13.500000 4.742272e-03
13.750000 4.638035e-03
14.000000 4.524114e-03
14.250000 4.401061e-03
14.500000 4.269474e-03
14.750000 4.129998e-03
15.000000 3.983326e-03
15.250000 3.830199e-03
15.500000 3.671413e-03
15.750000 3.507817e-03
16.000000 3.340320e-03
16.250000 3.169902e-03
16.500000 2.997618e-03
16.750000 2.824618e-03
17.000000 2.652161e-03
17.250000 2.481641e-03
17.500000 2.314613e-03
17.750000 2.152834e-03
18.000000 1.998295e-03
18.250000 1.853260e-03
18.500000 1.720273e-03
18.750000 1.602130e-03
19.000000 1.501744e-03
19.250000 1.421886e-03
19.500000 1.364774e-03
19.750000 1.331579e-03
20.000000 1.322042e-03
20.250000 1.334376e-03
20.500000 1.365546e-03
20.750000 1.411794e-03
21.000000 1.469177e-03
21.250000 1.533977e-03
21.500000 1.602915e-03
21.750000 1.673223e-03
22.000000 1.742625e-03
22.250000 1.809276e-03
22.500000 1.871702e-03
22.750000 1.928728e-03
23.000000 1.979429e-03
23.250000 2.023089e-03
23.500000 2.059163e-03
23.750000 2.087254e-03
24.000000 2.107096e-03
24.250000 2.118534e-03
24.500000 2.121522e-03
24.750000 2.116108e-03
25.000000 2.102436e-03
25.250000 2.080742e-03
25.500000 2.051355e-03
25.750000 2.014697e-03
26.000000 1.971295e-03
26.250000 1.921782e-03
26.500000 1.866916e-03
26.750000 1.807587e-03
27.000000 1.744844e-03
27.250000 1.679913e-03
27.500000 1.614220e-03
27.750000 1.549422e-03
28.000000 1.487416e-03
28.250000 1.430340e-03
28.500000 1.380534e-03
28.750000 1.340445e-03
29.000000 1.312462e-03
29.250000 1.298684e-03
29.500000 1.300657e-03
29.750000 1.319158e-03
30.000000 1.354100e-03
30.250000 1.404591e-03
30.500000 1.469123e-03
30.750000 1.545812e-03
31.000000 1.632629e-03
31.250000 1.727566e-03
31.500000 1.828743e-03
31.750000 1.934455e-03
32.000000 2.043189e-03
32.250000 2.153617e-03
32.500000 2.264578e-03
32.750000 2.375060e-03
33.000000 2.484182e-03
33.250000 2.591175e-03
33.500000 2.695371e-03
33.750000 2.796187e-03
34.000000 2.893119e-03
34.250000 2.985730e-03
34.500000 3.073651e-03
34.750000 3.156565e-03
35.000000 3.234213e-03
35.250000 3.306382e-03
35.500000 3.372910e-03
35.750000 3.433674e-03
36.000000 3.488595e-03
36.250000 3.537632e-03
36.500000 3.580780e-03
36.750000 3.618067e-03
37.000000 3.649555e-03
37.250000 3.675334e-03
37.500000 3.695520e-03
37.750000 3.710255e-03
38.000000 3.719703e-03
38.250000 3.724047e-03
38.500000 3.723487e-03
38.750000 3.718238e-03
39.000000 3.708524e-03
39.250000 3.694580e-03
39.500000 3.676647e-03
39.750000 3.654969e-03
40.000000 3.629789e-03
40.250000 3.601350e-03
40.500000 3.569890e-03
40.750000 3.535639e-03
41.000000 3.498821e-03
41.250000 3.459645e-03
41.500000 3.418311e-03
41.750000 3.375003e-03
42.000000 3.329891e-03
42.250000 3.283131e-03
42.500000 3.234860e-03
42.750000 3.185202e-03
43.000000 3.134265e-03
43.250000 3.082143e-03
43.500000 3.028919e-03
43.750000 2.974662e-03
44.000000 2.919435e-03
44.250000 2.863294e-03
44.500000 2.806292e-03
44.750000 2.748479e-03
45.000000 2.689913e-03
45.250000 2.630653e-03
45.500000 2.570772e-03
45.750000 2.510355e-03
46.000000 2.449503e-03
46.250000 2.388339e-03
46.500000 2.327011e-03
46.750000 2.265694e-03
47.000000 2.204594e-03
47.250000 2.143950e-03
47.500000 2.084037e-03
47.750000 2.025167e-03
48.000000 1.967690e-03
48.250000 1.911991e-03
48.500000 1.858489e-03
48.750000 1.807633e-03
49.000000 1.759891e-03
49.250000 1.715740e-03
49.500000 1.675655e-03
49.750000 1.640086e-03
50.000000 1.609441e-03
