-50.000000 1.189205e-03
-49.750000 1.191093e-03
-49.500000 1.192552e-03
-49.250000 1.193581e-03
-49.000000 1.194180e-03
-48.750000 1.194347e-03
-48.500000 1.194082e-03
-48.250000 1.193387e-03
-48.000000 1.192263e-03
-47.750000 1.190710e-03
-47.500000 1.188731e-03
-47.250000 1.186328e-03
-47.000000 1.183506e-03
-46.750000 1.180268e-03
-46.500000 1.176619e-03
-46.250000 1.172563e-03
-46.000000 1.168109e-03
-45.750000 1.163261e-03
-45.500000 1.158029e-03
-45.250000 1.152421e-03
-45.000000 1.146446e-03
-44.750000 1.140116e-03
-44.500000 1.133441e-03
-44.250000 1.126434e-03
-44.000000 1.119109e-03
-43.750000 1.111482e-03
-43.500000 1.103568e-03
-43.250000 1.095385e-03
-43.000000 1.086952e-03
-42.750000 1.078289e-03
-42.500000 1.069419e-03
-42.250000 1.060365e-03
-42.000000 1.051152e-03
-41.750000 1.041809e-03
-41.500000 1.032362e-03
-41.250000 1.022845e-03
-41.000000 1.013289e-03
-40.750000 1.003730e-03
-40.500000 9.942054e-04
-40.250000 9.847543e-04
-40.000000 9.754187e-04
-39.750000 9.662425e-04
-39.500000 9.572721e-04
-39.250000 9.485559e-04
-39.000000 9.401444e-04
-38.750000 9.320904e-04
-38.500000 9.244483e-04
-38.250000 9.172743e-04
-38.000000 9.106256e-04
-37.750000 9.045610e-04
-37.500000 8.991395e-04
-37.250000 8.944204e-04
-37.000000 8.904625e-04
-36.750000 8.873241e-04
-36.500000 8.850614e-04
-36.250000 8.837288e-04
-36.000000 8.833776e-04
-35.750000 8.840558e-04
-35.500000 8.858072e-04
-35.250000 8.886706e-04
-35.000000 8.926800e-04
-34.750000 8.978633e-04
-34.500000 9.042428e-04
-34.250000 9.118343e-04
-34.000000 9.206476e-04
-33.750000 9.306863e-04
-33.500000 9.419477e-04
-33.250000 9.544236e-04
-33.000000 9.681004e-04
-32.750000 9.829595e-04
-32.500000 9.989779e-04
-32.250000 1.016129e-03
-32.000000 1.034381e-03
-31.750000 1.053703e-03
-31.500000 1.074057e-03
-31.250000 1.095408e-03
-31.000000 1.117716e-03
-30.750000 1.140941e-03
-30.500000 1.165044e-03
-30.250000 1.189983e-03
-30.000000 1.215719e-03
-29.750000 1.242210e-03
-29.500000 1.269417e-03
-29.250000 1.297301e-03
-29.000000 1.325823e-03
-28.750000 1.354945e-03
-28.500000 1.384629e-03
-28.250000 1.414841e-03
-28.000000 1.445544e-03
-27.750000 1.476705e-03
-27.500000 1.508290e-03
-27.250000 1.540266e-03
-27.000000 1.572603e-03
-26.750000 1.605268e-03
-26.500000 1.638234e-03
-26.250000 1.671471e-03
-26.000000 1.704950e-03
-25.750000 1.738644e-03
-25.500000 1.772527e-03
-25.250000 1.806572e-03
-25.000000 1.840755e-03
-24.750000 1.875051e-03
-24.500000 1.909435e-03
-24.250000 1.943885e-03
-24.000000 1.978377e-03
-23.750000 2.012889e-03
-23.500000 2.047400e-03
-23.250000 2.081887e-03
-23.000000 2.116330e-03
-22.750000 2.150709e-03
-22.500000 2.185003e-03
-22.250000 2.219193e-03
-22.000000 2.253259e-03
-21.750000 2.287184e-03
-21.500000 2.320948e-03
-21.250000 2.354532e-03
-21.000000 2.387921e-03
-20.750000 2.421095e-03
-20.500000 2.454038e-03
-20.250000 2.486734e-03
-20.000000 2.519165e-03
-19.750000 2.551316e-03
-19.500000 2.583170e-03
-19.250000 2.614713e-03
-19.000000 2.645929e-03
-18.750000 2.676802e-03
-18.500000 2.707320e-03
-18.250000 2.737466e-03
-18.000000 2.767227e-03
-17.750000 2.796590e-03
-17.500000 2.825541e-03
-17.250000 2.854066e-03
-17.000000 2.882152e-03
-16.750000 2.909788e-03
-16.500000 2.936961e-03
-16.250000 2.963658e-03
-16.000000 2.989869e-03
-15.750000 3.015581e-03
-15.500000 3.040783e-03
-15.250000 3.065465e-03
-15.000000 3.089616e-03
-14.750000 3.113226e-03
-14.500000 3.136284e-03
-14.250000 3.158782e-03
-14.000000 3.180709e-03
-13.750000 3.202056e-03
-13.500000 3.222816e-03
-13.250000 3.242979e-03
-13.000000 3.262537e-03
-12.750000 3.281483e-03
-12.500000 3.299809e-03
-12.250000 3.317507e-03
-12.000000 3.334571e-03
-11.750000 3.350995e-03
-11.500000 3.366772e-03
-11.250000 3.381896e-03
-11.000000 3.396362e-03
-10.750000 3.410164e-03
-10.500000 3.423298e-03
-10.250000 3.435758e-03
-10.000000 3.447542e-03
-9.750000 3.458644e-03
-9.500000 3.469061e-03
-9.250000 3.478791e-03
-9.000000 3.487830e-03
-8.750000 3.496175e-03
-8.500000 3.503826e-03
-8.250000 3.510779e-03
-8.000000 3.517033e-03
-7.750000 3.522587e-03
-7.500000 3.527441e-03
-7.250000 3.531594e-03
-7.000000 3.535046e-03
-6.750000 3.537797e-03
-6.500000 3.539848e-03
-6.250000 3.541200e-03
-6.000000 3.541855e-03
-5.750000 3.541813e-03
-5.500000 3.541078e-03
-5.250000 3.539652e-03
-5.000000 3.537538e-03
-4.750000 3.534738e-03
-4.500000 3.531257e-03
-4.250000 3.527098e-03
-4.000000 3.522267e-03
-3.750000 3.516766e-03
-3.500000 3.510602e-03
-3.250000 3.503780e-03
-3.000000 3.496306e-03
-2.750000 3.488186e-03
-2.500000 3.479426e-03
-2.250000 3.470034e-03
-2.000000 3.460016e-03
-1.750000 3.449380e-03
-1.500000 3.438135e-03
-1.250000 3.426289e-03
-1.000000 3.413850e-03
-0.750000 3.400828e-03
-0.500000 3.387232e-03
-0.250000 3.373072e-03
0.000000 3.358358e-03
0.250000 3.343101e-03
0.500000 3.327312e-03
0.750000 3.311002e-03
1.000000 3.294183e-03
1.250000 3.276867e-03
1.500000 3.259066e-03
1.750000 3.240794e-03
2.000000 3.222063e-03
2.250000 3.202887e-03
2.500000 3.183279e-03
2.750000 3.163255e-03
3.000000 3.142829e-03
3.250000 3.122015e-03
3.500000 3.100830e-03
3.750000 3.079288e-03
4.000000 3.057407e-03
4.250000 3.035201e-03
4.500000 3.012689e-03
4.750000 2.989887e-03
5.000000 2.966812e-03
5.250000 2.943483e-03
5.500000 2.919918e-03
5.750000 2.896134e-03
6.000000 2.872152e-03
6.250000 2.847990e-03
6.500000 2.823667e-03
6.750000 2.799204e-03
7.000000 2.774620e-03
7.250000 2.749936e-03
7.500000 2.725173e-03
7.750000 2.700351e-03
8.000000 2.675492e-03
8.250000 2.650617e-03
8.500000 2.625749e-03
8.750000 2.600908e-03
9.000000 2.576117e-03
9.250000 2.551399e-03
9.500000 2.526777e-03
9.750000 2.502272e-03
10.000000 2.477908e-03
10.250000 2.453707e-03
10.500000 2.429694e-03
10.750000 2.405890e-03
11.000000 2.382318e-03
11.250000 2.359003e-03
11.500000 2.335967e-03
11.750000 2.313231e-03
12.000000 2.290821e-03
12.250000 2.268757e-03
12.500000 2.247061e-03
12.750000 2.225756e-03
13.000000 2.204864e-03
13.250000 2.184404e-03
13.500000 2.164398e-03
13.750000 2.144866e-03
14.000000 2.125825e-03
14.250000 2.107296e-03
14.500000 2.089296e-03
14.750000 2.071841e-03
15.000000 2.054948e-03
15.250000 2.038631e-03
15.500000 2.022904e-03
15.750000 2.007779e-03
16.000000 1.993268e-03
16.250000 1.979380e-03
16.500000 1.966125e-03
16.750000 1.953509e-03
17.000000 1.941539e-03
17.250000 1.930217e-03
17.500000 1.919548e-03
17.750000 1.909531e-03
18.000000 1.900167e-03
18.250000 1.891452e-03
18.500000 1.883384e-03
18.750000 1.875957e-03
19.000000 1.869163e-03
19.250000 1.862993e-03
19.500000 1.857439e-03
19.750000 1.852488e-03
20.000000 1.848126e-03
20.250000 1.844340e-03
20.500000 1.841113e-03
20.750000 1.838429e-03
21.000000 1.836268e-03
21.250000 1.834613e-03
21.500000 1.833442e-03
21.750000 1.832734e-03
22.000000 1.832467e-03
22.250000 1.832620e-03
22.500000 1.833167e-03
22.750000 1.834086e-03
23.000000 1.835352e-03
23.250000 1.836941e-03
23.500000 1.838828e-03
23.750000 1.840988e-03
24.000000 1.843396e-03
24.250000 1.846027e-03
24.500000 1.848856e-03
24.750000 1.851858e-03
25.000000 1.855008e-03
25.250000 1.858283e-03
25.500000 1.861658e-03
25.750000 1.865110e-03
26.000000 1.868616e-03
26.250000 1.872152e-03
26.500000 1.875697e-03
26.750000 1.879228e-03
27.000000 1.882725e-03
27.250000 1.886166e-03
27.500000 1.889533e-03
27.750000 1.892805e-03
28.000000 1.895964e-03
28.250000 1.898991e-03
28.500000 1.901870e-03
28.750000 1.904583e-03
29.000000 1.907113e-03
29.250000 1.909447e-03
29.500000 1.911567e-03
29.750000 1.913462e-03
30.000000 1.915116e-03
30.250000 1.916517e-03
30.500000 1.917653e-03
30.750000 1.918512e-03
31.000000 1.919083e-03
31.250000 1.919355e-03
31.500000 1.919320e-03
31.750000 1.918968e-03
32.000000 1.918289e-03
32.250000 1.917277e-03
32.500000 1.915925e-03
32.750000 1.914224e-03
33.000000 1.912169e-03
33.250000 1.909755e-03
33.500000 1.906976e-03
33.750000 1.903827e-03
34.000000 1.900304e-03
34.250000 1.896405e-03
34.500000 1.892125e-03
34.750000 1.887462e-03
35.000000 1.882415e-03
35.250000 1.876980e-03
35.500000 1.871158e-03
35.750000 1.864947e-03
36.000000 1.858347e-03
36.250000 1.851358e-03
36.500000 1.843980e-03
36.750000 1.836215e-03
37.000000 1.828064e-03
37.250000 1.819528e-03
37.500000 1.810609e-03
37.750000 1.801310e-03
38.000000 1.791633e-03
38.250000 1.781583e-03
38.500000 1.771161e-03
38.750000 1.760372e-03
39.000000 1.749219e-03
39.250000 1.737708e-03
39.500000 1.725843e-03
39.750000 1.713628e-03
40.000000 1.701070e-03
40.250000 1.688172e-03
40.500000 1.674942e-03
40.750000 1.661385e-03
41.000000 1.647507e-03
41.250000 1.633315e-03
41.500000 1.618816e-03
41.750000 1.604016e-03
42.000000 1.588922e-03
42.250000 1.573542e-03
42.500000 1.557883e-03
42.750000 1.541952e-03
43.000000 1.525759e-03
43.250000 1.509310e-03
43.500000 1.492613e-03
43.750000 1.475678e-03
44.000000 1.458511e-03
44.250000 1.441123e-03
44.500000 1.423521e-03
44.750000 1.405715e-03
45.000000 1.387712e-03
45.250000 1.369523e-03
45.500000 1.351156e-03
45.750000 1.332620e-03
46.000000 1.313925e-03
46.250000 1.295079e-03
46.500000 1.276093e-03
46.750000 1.256975e-03
47.000000 1.237735e-03
47.250000 1.218382e-03
47.500000 1.198927e-03
47.750000 1.179377e-03
48.000000 1.159744e-03
48.250000 1.140036e-03
48.500000 1.120263e-03
48.750000 1.100435e-03
49.000000 1.080561e-03
49.250000 1.060652e-03
49.500000 1.040715e-03
49.750000 1.020762e-03
50.000000 1.000801e-03
