-50.000000 1.431138e-03
-49.750000 1.443140e-03
-49.500000 1.456035e-03
-49.250000 1.469795e-03
-49.000000 1.484383e-03
-48.750000 1.499761e-03
-48.500000 1.515882e-03
-48.250000 1.532697e-03
-48.000000 1.550152e-03
-47.750000 1.568190e-03
-47.500000 1.586750e-03
-47.250000 1.605770e-03
-47.000000 1.625187e-03
-46.750000 1.644935e-03
-46.500000 1.664947e-03
-46.250000 1.685158e-03
-46.000000 1.705502e-03
-45.750000 1.725913e-03
-45.500000 1.746328e-03
-45.250000 1.766683e-03
-45.000000 1.786918e-03
-44.750000 1.806973e-03
-44.500000 1.826794e-03
-44.250000 1.846325e-03
-44.000000 1.865518e-03
-43.750000 1.884324e-03
-43.500000 1.902700e-03
-43.250000 1.920606e-03
-43.000000 1.938006e-03
-42.750000 1.954868e-03
-42.500000 1.971165e-03
-42.250000 1.986873e-03
-42.000000 2.001973e-03
-41.750000 2.016452e-03
-41.500000 2.030299e-03
-41.250000 2.043511e-03
-41.000000 2.056088e-03
-40.750000 2.068035e-03
-40.500000 2.079361e-03
-40.250000 2.090083e-03
-40.000000 2.100219e-03
-39.750000 2.109793e-03
-39.500000 2.118836e-03
-39.250000 2.127380e-03
-39.000000 2.135463e-03
-38.750000 2.143126e-03
-38.500000 2.150415e-03
-38.250000 2.157377e-03
-38.000000 2.164066e-03
-37.750000 2.170534e-03
-37.500000 2.176837e-03
-37.250000 2.183034e-03
-37.000000 2.189183e-03
-36.750000 2.195343e-03
-36.500000 2.201573e-03
-36.250000 2.207930e-03
-36.000000 2.214470e-03
-35.750000 2.221249e-03
-35.500000 2.228315e-03
-35.250000 2.235717e-03
-35.000000 2.243498e-03
-34.750000 2.251694e-03
-34.500000 2.260338e-03
-34.250000 2.269456e-03
-34.000000 2.279066e-03
-33.750000 2.289181e-03
-33.500000 2.299805e-03
-33.250000 2.310934e-03
-33.000000 2.322557e-03
-32.750000 2.334653e-03
-32.500000 2.347197e-03
-32.250000 2.360151e-03
-32.000000 2.373473e-03
-31.750000 2.387113e-03
-31.500000 2.401011e-03
-31.250000 2.415105e-03
-31.000000 2.429324e-03
-30.750000 2.443590e-03
-30.500000 2.457824e-03
-30.250000 2.471941e-03
-30.000000 2.485850e-03
-29.750000 2.499461e-03
-29.500000 2.512679e-03
-29.250000 2.525409e-03
-29.000000 2.537553e-03
-28.750000 2.549016e-03
-28.500000 2.559702e-03
-28.250000 2.569516e-03
-28.000000 2.578366e-03
-27.750000 2.586161e-03
-27.500000 2.592815e-03
-27.250000 2.598245e-03
-27.000000 2.602374e-03
-26.750000 2.605128e-03
-26.500000 2.606440e-03
-26.250000 2.606250e-03
-26.000000 2.604505e-03
-25.750000 2.601158e-03
-25.500000 2.596172e-03
-25.250000 2.589519e-03
-25.000000 2.581178e-03
-24.750000 2.571141e-03
-24.500000 2.559410e-03
-24.250000 2.545997e-03
-24.000000 2.530928e-03
-23.750000 2.514240e-03
-23.500000 2.495985e-03
-23.250000 2.476228e-03
-23.000000 2.455052e-03
-22.750000 2.432551e-03
-22.500000 2.408839e-03
-22.250000 2.384048e-03
-22.000000 2.358325e-03
-21.750000 2.331838e-03
-21.500000 2.304776e-03
-21.250000 2.277343e-03
-21.000000 2.249769e-03
-20.750000 2.222300e-03
-20.500000 2.195204e-03
-20.250000 2.168767e-03
-20.000000 2.143293e-03
-19.750000 2.119103e-03
-19.500000 2.096529e-03
-19.250000 2.075913e-03
-19.000000 2.057600e-03
-18.750000 2.041936e-03
-18.500000 2.029257e-03
-18.250000 2.019885e-03
-18.000000 2.014119e-03
-17.750000 2.012226e-03
-17.500000 2.014437e-03
-17.250000 2.020935e-03
-17.000000 2.031854e-03
-16.750000 2.047275e-03
-16.500000 2.067219e-03
-16.250000 2.091654e-03
-16.000000 2.120491e-03
-15.750000 2.153592e-03
-15.500000 2.190774e-03
-15.250000 2.231813e-03
-15.000000 2.276453e-03
-14.750000 2.324411e-03
-14.500000 2.375386e-03
-14.250000 2.429062e-03
-14.000000 2.485114e-03
-13.750000 2.543213e-03
-13.500000 2.603032e-03
-13.250000 2.664244e-03
-13.000000 2.726529e-03
-12.750000 2.789575e-03
-12.500000 2.853078e-03
-12.250000 2.916744e-03
-12.000000 2.980289e-03
-11.750000 3.043440e-03
-11.500000 3.105936e-03
-11.250000 3.167528e-03
-11.000000 3.227976e-03
-10.750000 3.287053e-03
-10.500000 3.344543e-03
-10.250000 3.400240e-03
-10.000000 3.453951e-03
-9.750000 3.505492e-03
-9.500000 3.554691e-03
-9.250000 3.601385e-03
-9.000000 3.645423e-03
-8.750000 3.686663e-03
-8.500000 3.724974e-03
-8.250000 3.760236e-03
-8.000000 3.792337e-03
-7.750000 3.821177e-03
-7.500000 3.846666e-03
-7.250000 3.868721e-03
-7.000000 3.887272e-03
-6.750000 3.902259e-03
-6.500000 3.913628e-03
-6.250000 3.921340e-03
-6.000000 3.925360e-03
-5.750000 3.925668e-03
-5.500000 3.922249e-03
-5.250000 3.915101e-03
-5.000000 3.904229e-03
-4.750000 3.889648e-03
-4.500000 3.871382e-03
-4.250000 3.849464e-03
-4.000000 3.823937e-03
-3.750000 3.794851e-03
-3.500000 3.762267e-03
-3.250000 3.726251e-03
-3.000000 3.686881e-03
-2.750000 3.644241e-03
-2.500000 3.598423e-03
-2.250000 3.549527e-03
-2.000000 3.497662e-03
-1.750000 3.442941e-03
-1.500000 3.385488e-03
-1.250000 3.325431e-03
-1.000000 3.262905e-03
-0.750000 3.198053e-03
-0.500000 3.131022e-03
-0.250000 3.061965e-03
0.000000 2.991043e-03
0.250000 2.918418e-03
0.500000 2.844261e-03
0.750000 2.768745e-03
1.000000 2.692048e-03
1.250000 2.614353e-03
1.500000 2.535846e-03
1.750000 2.456715e-03
2.000000 2.377153e-03
2.250000 2.297355e-03
2.500000 2.217519e-03
2.750000 2.137845e-03
3.000000 2.058532e-03
3.250000 1.979785e-03
3.500000 1.901806e-03
3.750000 1.824798e-03
4.000000 1.748966e-03
4.250000 1.674511e-03
4.500000 1.601634e-03
4.750000 1.530533e-03
5.000000 1.461399e-03
5.250000 1.394423e-03
5.500000 1.329783e-03
5.750000 1.267650e-03
6.000000 1.208183e-03
6.250000 1.151523e-03
6.500000 1.097795e-03
6.750000 1.047099e-03
7.000000 9.995070e-04
7.250000 9.550602e-04
7.500000 9.137633e-04
7.750000 8.755817e-04
8.000000 8.404386e-04
8.250000 8.082145e-04
8.500000 7.787479e-04
8.750000 7.518386e-04
9.000000 7.272536e-04
9.250000 7.047344e-04
9.500000 6.840063e-04
9.750000 6.647893e-04
10.000000 6.468087e-04
10.250000 6.298071e-04
10.500000 6.135550e-04
10.750000 5.978614e-04
11.000000 5.825845e-04
11.250000 5.676407e-04
11.500000 5.530152e-04
11.750000 5.387714e-04
12.000000 5.250603e-04
12.250000 5.121304e-04
12.500000 5.003340e-04
12.750000 4.901308e-04
13.000000 4.820828e-04
13.250000 4.768369e-04
13.500000 4.750920e-04
13.750000 4.775480e-04
14.000000 4.848432e-04
14.250000 4.974899e-04
14.500000 5.158257e-04
14.750000 5.399916e-04
15.000000 5.699419e-04
15.250000 6.054782e-04
15.500000 6.462942e-04
15.750000 6.920209e-04
16.000000 7.422625e-04
16.250000 7.966211e-04
16.500000 8.547128e-04
16.750000 9.161746e-04
17.000000 9.806671e-04
17.250000 1.047875e-03
17.500000 1.117502e-03
17.750000 1.189275e-03
18.000000 1.262933e-03
18.250000 1.338229e-03
18.500000 1.414931e-03
18.750000 1.492813e-03
19.000000 1.571658e-03
19.250000 1.651257e-03
19.500000 1.731408e-03
19.750000 1.811910e-03
20.000000 1.892573e-03
20.250000 1.973207e-03
20.500000 2.053627e-03
20.750000 2.133655e-03
21.000000 2.213113e-03
21.250000 2.291831e-03
21.500000 2.369640e-03
21.750000 2.446378e-03
22.000000 2.521886e-03
22.250000 2.596010e-03
22.500000 2.668601e-03
22.750000 2.739515e-03
23.000000 2.808613e-03
23.250000 2.875763e-03
23.500000 2.940836e-03
23.750000 3.003712e-03
24.000000 3.064275e-03
24.250000 3.122417e-03
24.500000 3.178035e-03
24.750000 3.231033e-03
25.000000 3.281324e-03
25.250000 3.328827e-03
25.500000 3.373467e-03
25.750000 3.415178e-03
26.000000 3.453902e-03
26.250000 3.489588e-03
26.500000 3.522193e-03
26.750000 3.551683e-03
27.000000 3.578030e-03
27.250000 3.601217e-03
27.500000 3.621234e-03
27.750000 3.638079e-03
28.000000 3.651758e-03
28.250000 3.662287e-03
28.500000 3.669690e-03
28.750000 3.673998e-03
29.000000 3.675253e-03
29.250000 3.673502e-03
29.500000 3.668804e-03
29.750000 3.661224e-03
30.000000 3.650836e-03
30.250000 3.637722e-03
30.500000 3.621971e-03
30.750000 3.603683e-03
31.000000 3.582961e-03
31.250000 3.559920e-03
31.500000 3.534681e-03
31.750000 3.507371e-03
32.000000 3.478126e-03
32.250000 3.447086e-03
32.500000 3.414401e-03
32.750000 3.380224e-03
33.000000 3.344715e-03
33.250000 3.308040e-03
33.500000 3.270368e-03
33.750000 3.231875e-03
34.000000 3.192738e-03
34.250000 3.153139e-03
34.500000 3.113261e-03
34.750000 3.073290e-03
35.000000 3.033411e-03
35.250000 2.993811e-03
35.500000 2.954673e-03
35.750000 2.916178e-03
36.000000 2.878504e-03
36.250000 2.841823e-03
36.500000 2.806300e-03
36.750000 2.772092e-03
37.000000 2.739347e-03
37.250000 2.708199e-03
37.500000 2.678771e-03
37.750000 2.651172e-03
38.000000 2.625495e-03
38.250000 2.601815e-03
38.500000 2.580191e-03
38.750000 2.560661e-03
39.000000 2.543247e-03
39.250000 2.527949e-03
39.500000 2.514751e-03
39.750000 2.503615e-03
40.000000 2.494490e-03
40.250000 2.487305e-03
40.500000 2.481974e-03
40.750000 2.478401e-03
41.000000 2.476474e-03
41.250000 2.476073e-03
41.500000 2.477072e-03
41.750000 2.479337e-03
42.000000 2.482729e-03
42.250000 2.487111e-03
42.500000 2.492341e-03
42.750000 2.498281e-03
43.000000 2.504795e-03
43.250000 2.511752e-03
43.500000 2.519025e-03
43.750000 2.526492e-03
44.000000 2.534041e-03
44.250000 2.541564e-03
44.500000 2.548965e-03
44.750000 2.556153e-03
45.000000 2.563047e-03
45.250000 2.569576e-03
45.500000 2.575674e-03
45.750000 2.581289e-03
46.000000 2.586374e-03
46.250000 2.590891e-03
46.500000 2.594812e-03
46.750000 2.598116e-03
47.000000 2.600788e-03
47.250000 2.602823e-03
47.500000 2.604222e-03
47.750000 2.604992e-03
48.000000 2.605146e-03
48.250000 2.604703e-03
48.500000 2.603687e-03
48.750000 2.602127e-03
49.000000 2.600054e-03
49.250000 2.597505e-03
49.500000 2.594519e-03
49.750000 2.591138e-03
50.000000 2.587405e-03
