-50.000000 2.889953e-03
-49.750000 2.917740e-03
-49.500000 2.945235e-03
-49.250000 2.972388e-03
-49.000000 2.999153e-03
-48.750000 3.025483e-03
-48.500000 3.051330e-03
-48.250000 3.076651e-03
-48.000000 3.101401e-03
-47.750000 3.125537e-03
-47.500000 3.149016e-03
-47.250000 3.171798e-03
-47.000000 3.193841e-03
-46.750000 3.215107e-03
-46.500000 3.235557e-03
-46.250000 3.255154e-03
-46.000000 3.273862e-03
-45.750000 3.291645e-03
-45.500000 3.308469e-03
-45.250000 3.324300e-03
-45.000000 3.339108e-03
-44.750000 3.352861e-03
-44.500000 3.365528e-03
-44.250000 3.377081e-03
-44.000000 3.387492e-03
-43.750000 3.396734e-03
-43.500000 3.404782e-03
-43.250000 3.411611e-03
-43.000000 3.417197e-03
-42.750000 3.421518e-03
-42.500000 3.424554e-03
-42.250000 3.426283e-03
-42.000000 3.426687e-03
-41.750000 3.425748e-03
-41.500000 3.423449e-03
-41.250000 3.419775e-03
-41.000000 3.414712e-03
-40.750000 3.408246e-03
-40.500000 3.400365e-03
-40.250000 3.391059e-03
-40.000000 3.380317e-03
-39.750000 3.368133e-03
-39.500000 3.354499e-03
-39.250000 3.339408e-03
-39.000000 3.322857e-03
-38.750000 3.304842e-03
-38.500000 3.285362e-03
-38.250000 3.264416e-03
-38.000000 3.242005e-03
-37.750000 3.218132e-03
-37.500000 3.192800e-03
-37.250000 3.166014e-03
-37.000000 3.137781e-03
-36.750000 3.108110e-03
-36.500000 3.077011e-03
-36.250000 3.044495e-03
-36.000000 3.010576e-03
-35.750000 2.975270e-03
-35.500000 2.938592e-03
-35.250000 2.900563e-03
-35.000000 2.861205e-03
-34.750000 2.820539e-03
-34.500000 2.778593e-03
-34.250000 2.735395e-03
-34.000000 2.690976e-03
-33.750000 2.645371e-03
-33.500000 2.598615e-03
-33.250000 2.550751e-03
-33.000000 2.501822e-03
-32.750000 2.451877e-03
-32.500000 2.400969e-03
-32.250000 2.349156e-03
-32.000000 2.296503e-03
-31.750000 2.243077e-03
-31.500000 2.188957e-03
-31.250000 2.134227e-03
-31.000000 2.078980e-03
-30.750000 2.023320e-03
-30.500000 1.967362e-03
-30.250000 1.911234e-03
-30.000000 1.855077e-03
-29.750000 1.799052e-03
-29.500000 1.743336e-03
-29.250000 1.688129e-03
-29.000000 1.633656e-03
-28.750000 1.580169e-03
-28.500000 1.527949e-03
-28.250000 1.477314e-03
-28.000000 1.428613e-03
-27.750000 1.382237e-03
-27.500000 1.338613e-03
-27.250000 1.298205e-03
-27.000000 1.261504e-03
-26.750000 1.229028e-03
-26.500000 1.201296e-03
-26.250000 1.178818e-03
-26.000000 1.162067e-03
-25.750000 1.151454e-03
-25.500000 1.147301e-03
-25.250000 1.149819e-03
-25.000000 1.159095e-03
-24.750000 1.175087e-03
-24.500000 1.197630e-03
-24.250000 1.226456e-03
-24.000000 1.261214e-03
-23.750000 1.301496e-03
-23.500000 1.346859e-03
-23.250000 1.396852e-03
-23.000000 1.451027e-03
-22.750000 1.508954e-03
-22.500000 1.570229e-03
-22.250000 1.634476e-03
-22.000000 1.701350e-03
-21.750000 1.770540e-03
-21.500000 1.841760e-03
-21.250000 1.914755e-03
-21.000000 1.989293e-03
-20.750000 2.065166e-03
-20.500000 2.142183e-03
-20.250000 2.220175e-03
-20.000000 2.298985e-03
-19.750000 2.378471e-03
-19.500000 2.458504e-03
-19.250000 2.538964e-03
-19.000000 2.619740e-03
-18.750000 2.700731e-03
-18.500000 2.781841e-03
-18.250000 2.862982e-03
-18.000000 2.944071e-03
-17.750000 3.025029e-03
-17.500000 3.105782e-03
-17.250000 3.186262e-03
-17.000000 3.266400e-03
-16.750000 3.346135e-03
-16.500000 3.425406e-03
-16.250000 3.504154e-03
-16.000000 3.582326e-03
-15.750000 3.659867e-03
-15.500000 3.736726e-03
-15.250000 3.812855e-03
-15.000000 3.888206e-03
-14.750000 3.962733e-03
-14.500000 4.036391e-03
-14.250000 4.109138e-03
-14.000000 4.180933e-03
-13.750000 4.251735e-03
-13.500000 4.321505e-03
-13.250000 4.390206e-03
-13.000000 4.457801e-03
-12.750000 4.524255e-03
-12.500000 4.589534e-03
-12.250000 4.653604e-03
-12.000000 4.716434e-03
-11.750000 4.777993e-03
-11.500000 4.838251e-03
-11.250000 4.897178e-03
-11.000000 4.954747e-03
-10.750000 5.010931e-03
-10.500000 5.065703e-03
-10.250000 5.119040e-03
-10.000000 5.170916e-03
-9.750000 5.221310e-03
-9.500000 5.270198e-03
-9.250000 5.317560e-03
-9.000000 5.363376e-03
-8.750000 5.407626e-03
-8.500000 5.450292e-03
-8.250000 5.491357e-03
-8.000000 5.530804e-03
-7.750000 5.568619e-03
-7.500000 5.604786e-03
-7.250000 5.639292e-03
-7.000000 5.672125e-03
-6.750000 5.703273e-03
-6.500000 5.732725e-03
-6.250000 5.760471e-03
-6.000000 5.786504e-03
-5.750000 5.810814e-03
-5.500000 5.833394e-03
-5.250000 5.854240e-03
-5.000000 5.873345e-03
-4.750000 5.890706e-03
-4.500000 5.906319e-03
-4.250000 5.920182e-03
-4.000000 5.932294e-03
-3.750000 5.942653e-03
-3.500000 5.951261e-03
-3.250000 5.958118e-03
-3.000000 5.963226e-03
-2.750000 5.966589e-03
-2.500000 5.968211e-03
-2.250000 5.968096e-03
-2.000000 5.966250e-03
-1.750000 5.962679e-03
-1.500000 5.957391e-03
-1.250000 5.950394e-03
-1.000000 5.941696e-03
-0.750000 5.931308e-03
-0.500000 5.919240e-03
-0.250000 5.905503e-03
0.000000 5.890110e-03
0.250000 5.873073e-03
0.500000 5.854407e-03
0.750000 5.834126e-03
1.000000 5.812244e-03
1.250000 5.788779e-03
1.500000 5.763746e-03
1.750000 5.737162e-03
2.000000 5.709047e-03
2.250000 5.679418e-03
2.500000 5.648295e-03
2.750000 5.615698e-03
3.000000 5.581648e-03
3.250000 5.546166e-03
3.500000 5.509273e-03
3.750000 5.470992e-03
4.000000 5.431347e-03
4.250000 5.390360e-03
4.500000 5.348056e-03
4.750000 5.304459e-03
5.000000 5.259595e-03
5.250000 5.213490e-03
5.500000 5.166168e-03
5.750000 5.117658e-03
6.000000 5.067985e-03
6.250000 5.017178e-03
6.500000 4.965263e-03
6.750000 4.912270e-03
7.000000 4.858227e-03
7.250000 4.803162e-03
7.500000 4.747105e-03
7.750000 4.690086e-03
8.000000 4.632134e-03
8.250000 4.573279e-03
8.500000 4.513552e-03
8.750000 4.452983e-03
9.000000 4.391604e-03
9.250000 4.329445e-03
9.500000 4.266537e-03
9.750000 4.202912e-03
10.000000 4.138601e-03
10.250000 4.073636e-03
10.500000 4.008049e-03
10.750000 3.941871e-03
11.000000 3.875135e-03
11.250000 3.807873e-03
11.500000 3.740116e-03
11.750000 3.671896e-03
12.000000 3.603246e-03
12.250000 3.534198e-03
12.500000 3.464784e-03
12.750000 3.395035e-03
13.000000 3.324984e-03
13.250000 3.254662e-03
13.500000 3.184102e-03
13.750000 3.113335e-03
14.000000 3.042392e-03
14.250000 2.971305e-03
14.500000 2.900105e-03
14.750000 2.828824e-03
15.000000 2.757493e-03
15.250000 2.686141e-03
15.500000 2.614801e-03
15.750000 2.543502e-03
16.000000 2.472276e-03
16.250000 2.401151e-03
16.500000 2.330158e-03
16.750000 2.259327e-03
17.000000 2.188687e-03
17.250000 2.118268e-03
17.500000 2.048099e-03
17.750000 1.978210e-03
18.000000 1.908629e-03
18.250000 1.839386e-03
18.500000 1.770510e-03
18.750000 1.702029e-03
19.000000 1.633974e-03
19.250000 1.566373e-03
19.500000 1.499257e-03
19.750000 1.432656e-03
20.000000 1.366601e-03
20.250000 1.301124e-03
20.500000 1.236259e-03
20.750000 1.172041e-03
21.000000 1.108506e-03
21.250000 1.045696e-03
21.500000 9.836537e-04
21.750000 9.224299e-04
22.000000 8.620806e-04
22.250000 8.026716e-04
22.500000 7.442814e-04
22.750000 6.870064e-04
23.000000 6.309673e-04
23.250000 5.763194e-04
23.500000 5.232681e-04
23.750000 4.720916e-04
24.000000 4.231754e-04
24.250000 3.770645e-04
24.500000 3.345378e-04
24.750000 2.967044e-04
25.000000 2.650890e-04
25.250000 2.416010e-04
25.500000 2.281863e-04
25.750000 2.260634e-04
26.000000 2.349833e-04
26.250000 2.532709e-04
26.500000 2.786266e-04
26.750000 3.089009e-04
27.000000 3.424206e-04
27.250000 3.779899e-04
27.500000 4.147813e-04
27.750000 4.522242e-04
28.000000 4.899215e-04
28.250000 5.275922e-04
28.500000 5.650340e-04
28.750000 6.020985e-04
29.000000 6.386750e-04
29.250000 6.746798e-04
29.500000 7.100485e-04
29.750000 7.447314e-04
30.000000 7.786895e-04
30.250000 8.118921e-04
30.500000 8.443153e-04
30.750000 8.759400e-04
31.000000 9.067514e-04
31.250000 9.367380e-04
31.500000 9.658913e-04
31.750000 9.942048e-04
32.000000 1.021674e-03
32.250000 1.048297e-03
32.500000 1.074072e-03
32.750000 1.099000e-03
33.000000 1.123081e-03
33.250000 1.146318e-03
33.500000 1.168715e-03
33.750000 1.190276e-03
34.000000 1.211005e-03
34.250000 1.230909e-03
34.500000 1.249993e-03
34.750000 1.268265e-03
35.000000 1.285732e-03
35.250000 1.302403e-03
35.500000 1.318286e-03
35.750000 1.333390e-03
36.000000 1.347724e-03
36.250000 1.361299e-03
36.500000 1.374125e-03
36.750000 1.386213e-03
37.000000 1.397575e-03
37.250000 1.408220e-03
37.500000 1.418162e-03
37.750000 1.427412e-03
38.000000 1.435983e-03
38.250000 1.443888e-03
38.500000 1.451139e-03
38.750000 1.457750e-03
39.000000 1.463734e-03
39.250000 1.469105e-03
39.500000 1.473876e-03
39.750000 1.478062e-03
40.000000 1.481677e-03
40.250000 1.484735e-03
40.500000 1.487251e-03
40.750000 1.489238e-03
41.000000 1.490713e-03
41.250000 1.491689e-03
41.500000 1.492183e-03
41.750000 1.492208e-03
42.000000 1.491779e-03
42.250000 1.490913e-03
42.500000 1.489623e-03
42.750000 1.487926e-03
43.000000 1.485836e-03
43.250000 1.483369e-03
43.500000 1.480540e-03
43.750000 1.477363e-03
44.000000 1.473855e-03
44.250000 1.470030e-03
44.500000 1.465903e-03
44.750000 1.461489e-03
45.000000 1.456804e-03
45.250000 1.451861e-03
45.500000 1.446676e-03
45.750000 1.441262e-03
46.000000 1.435636e-03
46.250000 1.429810e-03
46.500000 1.423799e-03
46.750000 1.417617e-03
47.000000 1.411278e-03
47.250000 1.404796e-03
47.500000 1.398183e-03
47.750000 1.391453e-03
48.000000 1.384620e-03
48.250000 1.377696e-03
48.500000 1.370693e-03
48.750000 1.363624e-03
49.000000 1.356501e-03
49.250000 1.349335e-03
49.500000 1.342138e-03
49.750000 1.334922e-03
50.000000 1.327697e-03
