-50.000000 9.524775e-03
-49.750000 9.388388e-03
-49.500000 9.239356e-03
-49.250000 9.077824e-03
-49.000000 8.903966e-03
-48.750000 8.717984e-03
-48.500000 8.520119e-03
-48.250000 8.310646e-03
-48.000000 8.089882e-03
-47.750000 7.858193e-03
-47.500000 7.615993e-03
-47.250000 7.363762e-03
-47.000000 7.102049e-03
-46.750000 6.831486e-03
-46.500000 6.552809e-03
-46.250000 6.266881e-03
-46.000000 5.974718e-03
-45.750000 5.677533e-03
-45.500000 5.376790e-03
-45.250000 5.074276e-03
-45.000000 4.772202e-03
-44.750000 4.473327e-03
-44.500000 4.181138e-03
-44.250000 3.900055e-03
-44.000000 3.635677e-03
-43.750000 3.395016e-03
-43.500000 3.186600e-03
-43.250000 3.020245e-03
-43.000000 2.906223e-03
-42.750000 2.853663e-03
-42.500000 2.868517e-03
-42.250000 2.951988e-03
-42.000000 3.100379e-03
-41.750000 3.306411e-03
-41.500000 3.561177e-03
-41.250000 3.855773e-03
-41.000000 4.182237e-03
-40.750000 4.533868e-03
-40.500000 4.905203e-03
-40.250000 5.291838e-03
-40.000000 5.690218e-03
-39.750000 6.097448e-03
-39.500000 6.511138e-03
-39.250000 6.929280e-03
-39.000000 7.350157e-03
-38.750000 7.772275e-03
-38.500000 8.194310e-03
-38.250000 8.615070e-03
-38.000000 9.033468e-03
-37.750000 9.448498e-03
-37.500000 9.859219e-03
-37.250000 1.026474e-02
-37.000000 1.066423e-02
-36.750000 1.105686e-02
-36.500000 1.144187e-02
-36.250000 1.181851e-02
-36.000000 1.218603e-02
-35.750000 1.254375e-02
-35.500000 1.289097e-02
-35.250000 1.322702e-02
-35.000000 1.355124e-02
-34.750000 1.386299e-02
-34.500000 1.416166e-02
-34.250000 1.444663e-02
-34.000000 1.471730e-02
-33.750000 1.497311e-02
-33.500000 1.521348e-02
-33.250000 1.543786e-02
-33.000000 1.564572e-02
-32.750000 1.583655e-02
-32.500000 1.600984e-02
-32.250000 1.616511e-02
-32.000000 1.630190e-02
-31.750000 1.641974e-02
-31.500000 1.651822e-02
-31.250000 1.659693e-02
-31.000000 1.665547e-02
-30.750000 1.669348e-02
-30.500000 1.671061e-02
-30.250000 1.670654e-02
-30.000000 1.668097e-02
-29.750000 1.663363e-02
-29.500000 1.656427e-02
-29.250000 1.647266e-02
-29.000000 1.635862e-02
-28.750000 1.622200e-02
-28.500000 1.606266e-02
-28.250000 1.588053e-02
-28.000000 1.567554e-02
-27.750000 1.544769e-02
-27.500000 1.519702e-02
-27.250000 1.492363e-02
-27.000000 1.462765e-02
-26.750000 1.430930e-02
-26.500000 1.396887e-02
-26.250000 1.360672e-02
-26.000000 1.322333e-02
-25.750000 1.281928e-02
-25.500000 1.239531e-02
-25.250000 1.195232e-02
-25.000000 1.149143e-02
-24.750000 1.101403e-02
-24.500000 1.052184e-02
-24.250000 1.001705e-02
-24.000000 9.502389e-03
-23.750000 8.981363e-03
-23.500000 8.458476e-03
-23.250000 7.939567e-03
-23.000000 7.432251e-03
-22.750000 6.946461e-03
-22.500000 6.495064e-03
-22.250000 6.094377e-03
-22.000000 5.764241e-03
-21.750000 5.527026e-03
-21.500000 5.404934e-03
-21.250000 5.415674e-03
-21.000000 5.568061e-03
-20.750000 5.860073e-03
-20.500000 6.280568e-03
-20.250000 6.813332e-03
-20.000000 7.441051e-03
-19.750000 8.147842e-03
-19.500000 8.920286e-03
-19.250000 9.747531e-03
-19.000000 1.062097e-02
-18.750000 1.153379e-02
-18.500000 1.248060e-02
-18.250000 1.345705e-02
-18.000000 1.445960e-02
-17.750000 1.548530e-02
-17.500000 1.653166e-02
-17.250000 1.759654e-02
-17.000000 1.867803e-02
-16.750000 1.977447e-02
-16.500000 2.088431e-02
-16.250000 2.200614e-02
-16.000000 2.313865e-02
-15.750000 2.428058e-02
-15.500000 2.543076e-02
-15.250000 2.658804e-02
-15.000000 2.775133e-02
-14.750000 2.891955e-02
-14.500000 3.009166e-02
-14.250000 3.126662e-02
-14.000000 3.244343e-02
-13.750000 3.362109e-02
-13.500000 3.479862e-02
-13.250000 3.597504e-02
-13.000000 3.714940e-02
-12.750000 3.832072e-02
-12.500000 3.948807e-02
-12.250000 4.065051e-02
-12.000000 4.180710e-02
-11.750000 4.295692e-02
-11.500000 4.409904e-02
-11.250000 4.523257e-02
-11.000000 4.635659e-02
-10.750000 4.747021e-02
-10.500000 4.857255e-02
-10.250000 4.966273e-02
-10.000000 5.073988e-02
-9.750000 5.180316e-02
-9.500000 5.285170e-02
-9.250000 5.388469e-02
-9.000000 5.490130e-02
-8.750000 5.590071e-02
-8.500000 5.688213e-02
-8.250000 5.784478e-02
-8.000000 5.878790e-02
-7.750000 5.971072e-02
-7.500000 6.061251e-02
-7.250000 6.149254e-02
-7.000000 6.235013e-02
-6.750000 6.318456e-02
-6.500000 6.399519e-02
-6.250000 6.478135e-02
-6.000000 6.554242e-02
-5.750000 6.627778e-02
-5.500000 6.698683e-02
-5.250000 6.766902e-02
-5.000000 6.832379e-02
-4.750000 6.895062e-02
-4.500000 6.954898e-02
-4.250000 7.011841e-02
-4.000000 7.065845e-02
-3.750000 7.116865e-02
-3.500000 7.164860e-02
-3.250000 7.209792e-02
-3.000000 7.251624e-02
-2.750000 7.290322e-02
-2.500000 7.325855e-02
-2.250000 7.358194e-02
-2.000000 7.387313e-02
-1.750000 7.413189e-02
-1.500000 7.435799e-02
-1.250000 7.455127e-02
-1.000000 7.471156e-02
-0.750000 7.483873e-02
-0.500000 7.493268e-02
-0.250000 7.499333e-02
0.000000 7.502064e-02
0.250000 7.501458e-02
0.500000 7.497516e-02
0.750000 7.490241e-02
1.000000 7.479639e-02
1.250000 7.465719e-02
1.500000 7.448492e-02
1.750000 7.427971e-02
2.000000 7.404175e-02
2.250000 7.377122e-02
2.500000 7.346833e-02
2.750000 7.313335e-02
3.000000 7.276653e-02
3.250000 7.236819e-02
3.500000 7.193863e-02
3.750000 7.147822e-02
4.000000 7.098731e-02
4.250000 7.046632e-02
4.500000 6.991566e-02
4.750000 6.933578e-02
5.000000 6.872715e-02
5.250000 6.809025e-02
5.500000 6.742561e-02
5.750000 6.673377e-02
6.000000 6.601527e-02
6.250000 6.527069e-02
6.500000 6.450065e-02
6.750000 6.370575e-02
7.000000 6.288664e-02
7.250000 6.204397e-02
7.500000 6.117842e-02
7.750000 6.029069e-02
8.000000 5.938148e-02
8.250000 5.845152e-02
8.500000 5.750157e-02
8.750000 5.653237e-02
9.000000 5.554470e-02
9.250000 5.453935e-02
9.500000 5.351713e-02
9.750000 5.247884e-02
10.000000 5.142532e-02
10.250000 5.035740e-02
10.500000 4.927594e-02
10.750000 4.818179e-02
11.000000 4.707583e-02
11.250000 4.595895e-02
11.500000 4.483202e-02
11.750000 4.369596e-02
12.000000 4.255166e-02
12.250000 4.140006e-02
12.500000 4.024207e-02
12.750000 3.907862e-02
13.000000 3.791067e-02
13.250000 3.673915e-02
13.500000 3.556503e-02
13.750000 3.438927e-02
14.000000 3.321286e-02
14.250000 3.203678e-02
14.500000 3.086204e-02
14.750000 2.968965e-02
15.000000 2.852065e-02
15.250000 2.735609e-02
15.500000 2.619707e-02
15.750000 2.504468e-02
16.000000 2.390008e-02
16.250000 2.276446e-02
16.500000 2.163908e-02
16.750000 2.052528e-02
17.000000 1.942446e-02
17.250000 1.833816e-02
17.500000 1.726807e-02
17.750000 1.621606e-02
18.000000 1.518425e-02
18.250000 1.417507e-02
18.500000 1.319138e-02
18.750000 1.223656e-02
19.000000 1.131470e-02
19.250000 1.043083e-02
19.500000 9.591162e-03
19.750000 8.803449e-03
20.000000 8.077315e-03
20.250000 7.424536e-03
20.500000 6.859027e-03
20.750000 6.396192e-03
21.000000 6.051221e-03
21.250000 5.836164e-03
21.500000 5.756468e-03
21.750000 5.808576e-03
22.000000 5.980123e-03
22.250000 6.252733e-03
22.500000 6.605810e-03
22.750000 7.019626e-03
23.000000 7.477016e-03
23.250000 7.963882e-03
23.500000 8.469018e-03
23.750000 8.983661e-03
24.000000 9.500998e-03
24.250000 1.001572e-02
24.500000 1.052369e-02
24.750000 1.102163e-02
25.000000 1.150696e-02
25.250000 1.197760e-02
25.500000 1.243189e-02
25.750000 1.286849e-02
26.000000 1.328631e-02
26.250000 1.368445e-02
26.500000 1.406220e-02
26.750000 1.441897e-02
27.000000 1.475430e-02
27.250000 1.506782e-02
27.500000 1.535925e-02
27.750000 1.562837e-02
28.000000 1.587503e-02
28.250000 1.609916e-02
28.500000 1.630070e-02
28.750000 1.647967e-02
29.000000 1.663612e-02
29.250000 1.677013e-02
29.500000 1.688183e-02
29.750000 1.697139e-02
30.000000 1.703898e-02
30.250000 1.708484e-02
30.500000 1.710921e-02
30.750000 1.711237e-02
31.000000 1.709461e-02
31.250000 1.705627e-02
31.500000 1.699768e-02
31.750000 1.691923e-02
32.000000 1.682130e-02
32.250000 1.670431e-02
32.500000 1.656869e-02
32.750000 1.641488e-02
33.000000 1.624337e-02
33.250000 1.605463e-02
33.500000 1.584917e-02
33.750000 1.562752e-02
34.000000 1.539021e-02
34.250000 1.513780e-02
34.500000 1.487085e-02
34.750000 1.458996e-02
35.000000 1.429572e-02
35.250000 1.398875e-02
35.500000 1.366969e-02
35.750000 1.333918e-02
36.000000 1.299789e-02
36.250000 1.264650e-02
36.500000 1.228572e-02
36.750000 1.191627e-02
37.000000 1.153889e-02
37.250000 1.115436e-02
37.500000 1.076347e-02
37.750000 1.036706e-02
38.000000 9.965993e-03
38.250000 9.561188e-03
38.500000 9.153613e-03
38.750000 8.744301e-03
39.000000 8.334368e-03
39.250000 7.925023e-03
39.500000 7.517599e-03
39.750000 7.113578e-03
40.000000 6.714631e-03
40.250000 6.322663e-03
40.500000 5.939872e-03
40.750000 5.568825e-03
41.000000 5.212532e-03
41.250000 4.874546e-03
41.500000 4.559040e-03
41.750000 4.270858e-03
42.000000 4.015479e-03
42.250000 3.798834e-03
42.500000 3.626878e-03
42.750000 3.504905e-03
43.000000 3.436670e-03
43.250000 3.423568e-03
43.500000 3.464201e-03
43.750000 3.554549e-03
44.000000 3.688681e-03
44.250000 3.859695e-03
44.500000 4.060570e-03
44.750000 4.284751e-03
45.000000 4.526447e-03
45.250000 4.780715e-03
45.500000 5.043424e-03
45.750000 5.311153e-03
46.000000 5.581083e-03
46.250000 5.850884e-03
46.500000 6.118628e-03
46.750000 6.382705e-03
47.000000 6.641765e-03
47.250000 6.894665e-03
47.500000 7.140436e-03
47.750000 7.378245e-03
48.000000 7.607379e-03
48.250000 7.827219e-03
48.500000 8.037229e-03
48.750000 8.236946e-03
49.000000 8.425964e-03
49.250000 8.603934e-03
49.500000 8.770553e-03
49.750000 8.925561e-03
50.000000 9.068737e-03
