-50.000000 2.124727e-03
-49.750000 2.460867e-03
-49.500000 2.811915e-03
-49.250000 3.153083e-03
-49.000000 3.467208e-03
-48.750000 3.741972e-03
-48.500000 3.968359e-03
-48.250000 4.139884e-03
-48.000000 4.252207e-03
-47.750000 4.302986e-03
-47.500000 4.291834e-03
-47.250000 4.220378e-03
-47.000000 4.092385e-03
-46.750000 3.913986e-03
-46.500000 3.694030e-03
-46.250000 3.444630e-03
-46.000000 3.181911e-03
-45.750000 2.926857e-03
-45.500000 2.705628e-03
-45.250000 2.547742e-03
-45.000000 2.479900e-03
-44.750000 2.515948e-03
-44.500000 2.649945e-03
-44.250000 2.859356e-03
-44.000000 3.114885e-03
-43.750000 3.388514e-03
-43.500000 3.656832e-03
-43.250000 3.901380e-03
-43.000000 4.107976e-03
-42.750000 4.265988e-03
-42.500000 4.367805e-03
-42.250000 4.408523e-03
-42.000000 4.385805e-03
-41.750000 4.299890e-03
-41.500000 4.153739e-03
-41.250000 3.953358e-03
-41.000000 3.708369e-03
-40.750000 3.432948e-03
-40.500000 3.147217e-03
-40.250000 2.878917e-03
-40.000000 2.664051e-03
-39.750000 2.542989e-03
-39.500000 2.548038e-03
-39.250000 2.687269e-03
-39.000000 2.940572e-03
-38.750000 3.272232e-03
-38.500000 3.645446e-03
-38.250000 4.029091e-03
-38.000000 4.398593e-03
-37.750000 4.734811e-03
-37.500000 5.022826e-03
-37.250000 5.251084e-03
-37.000000 5.410891e-03
-36.750000 5.496151e-03
-36.500000 5.503271e-03
-36.250000 5.431183e-03
-36.000000 5.281467e-03
-35.750000 5.058594e-03
-35.500000 4.770358e-03
-35.250000 4.428599e-03
-35.000000 4.050431e-03
-34.750000 3.660196e-03
-34.500000 3.292166e-03
-34.250000 2.992579e-03
-34.000000 2.815823e-03
-33.750000 2.806809e-03
-33.500000 2.975211e-03
-33.250000 3.289556e-03
-33.000000 3.698661e-03
-32.750000 4.153486e-03
-32.500000 4.615033e-03
-32.250000 5.053885e-03
-32.000000 5.447850e-03
-31.750000 5.780035e-03
-31.500000 6.037644e-03
-31.250000 6.211323e-03
-31.000000 6.294848e-03
-30.750000 6.285046e-03
-30.500000 6.181868e-03
-30.250000 5.988619e-03
-30.000000 5.712393e-03
-29.750000 5.364789e-03
-29.500000 4.963130e-03
-29.250000 4.532406e-03
-29.000000 4.108094e-03
-28.750000 3.739010e-03
-28.500000 3.486218e-03
-28.250000 3.409566e-03
-28.000000 3.539873e-03
-27.750000 3.860158e-03
-27.500000 4.319015e-03
-27.250000 4.857831e-03
-27.000000 5.426265e-03
-26.750000 5.985055e-03
-26.500000 6.504096e-03
-26.250000 6.960115e-03
-26.000000 7.335036e-03
-25.750000 7.615037e-03
-25.500000 7.790062e-03
-25.250000 7.853641e-03
-25.000000 7.802923e-03
-24.750000 7.638862e-03
-24.500000 7.366605e-03
-24.250000 6.996130e-03
-24.000000 6.543313e-03
-23.750000 6.031674e-03
-23.500000 5.495112e-03
-23.250000 4.981634e-03
-23.000000 4.556329e-03
-22.750000 4.297017e-03
-22.500000 4.272002e-03
-22.250000 4.504575e-03
-22.000000 4.959449e-03
-21.750000 5.567745e-03
-21.500000 6.258565e-03
-21.250000 6.973143e-03
-21.000000 7.665966e-03
-20.750000 8.302007e-03
-20.500000 8.854073e-03
-20.250000 9.301081e-03
-20.000000 9.627106e-03
-19.750000 9.820978e-03
-19.500000 9.876231e-03
-19.250000 9.791327e-03
-19.000000 9.570143e-03
-18.750000 9.222772e-03
-18.500000 8.766784e-03
-18.250000 8.229143e-03
-18.000000 7.648962e-03
-17.750000 7.080878e-03
-17.500000 6.597238e-03
-17.250000 6.283771e-03
-17.000000 6.220732e-03
-16.750000 6.451020e-03
-16.500000 6.959402e-03
-16.250000 7.684299e-03
-16.000000 8.547186e-03
-15.750000 9.473797e-03
-15.500000 1.040150e-02
-15.250000 1.127925e-02
-15.000000 1.206567e-02
-14.750000 1.272718e-02
-14.500000 1.323691e-02
-14.250000 1.357422e-02
-14.000000 1.372461e-02
-13.750000 1.368016e-02
-13.500000 1.344032e-02
-13.250000 1.301321e-02
-13.000000 1.241777e-02
-12.750000 1.168705e-02
-12.500000 1.087339e-02
-12.250000 1.005553e-02
-12.000000 9.345783e-03
-11.750000 8.888422e-03
-11.500000 8.831397e-03
-11.250000 9.266356e-03
-11.000000 1.018219e-02
-10.750000 1.148321e-02
-10.500000 1.304407e-02
-10.250000 1.474740e-02
-10.000000 1.649475e-02
-9.750000 1.820492e-02
-9.500000 1.980979e-02
-9.250000 2.125109e-02
-9.000000 2.247838e-02
-8.750000 2.344831e-02
-8.500000 2.412452e-02
-8.250000 2.447835e-02
-8.000000 2.449005e-02
-7.750000 2.415096e-02
-7.500000 2.346679e-02
-7.250000 2.246312e-02
-7.000000 2.119425e-02
-6.750000 1.975795e-02
-6.500000 1.831796e-02
-6.250000 1.713071e-02
-6.000000 1.655016e-02
-5.750000 1.695084e-02
-5.500000 1.855720e-02
-5.250000 2.133892e-02
-5.000000 2.509466e-02
-4.750000 2.959092e-02
-4.500000 3.462877e-02
-4.250000 4.005130e-02
-4.000000 4.573283e-02
-3.750000 5.156796e-02
-3.500000 5.746405e-02
-3.250000 6.333679e-02
-3.000000 6.910777e-02
-2.750000 7.470324e-02
-2.500000 8.005372e-02
-2.250000 8.509392e-02
-2.000000 8.976306e-02
-1.750000 9.400519e-02
-1.500000 9.776972e-02
-1.250000 1.010118e-01
-1.000000 1.036930e-01
-0.750000 1.057814e-01
-0.500000 1.072522e-01
-0.250000 1.080879e-01
0.000000 1.082785e-01
0.250000 1.078219e-01
0.500000 1.067233e-01
0.750000 1.049958e-01
1.000000 1.026598e-01
1.250000 9.974304e-02
1.500000 9.628007e-02
1.750000 9.231197e-02
2.000000 8.788587e-02
2.250000 8.305451e-02
2.500000 7.787570e-02
2.750000 7.241193e-02
3.000000 6.672998e-02
3.250000 6.090074e-02
3.500000 5.499936e-02
3.750000 4.910591e-02
4.000000 4.330700e-02
4.250000 3.769881e-02
4.500000 3.239273e-02
4.750000 2.752441e-02
5.000000 2.326633e-02
5.250000 1.983645e-02
5.500000 1.747520e-02
5.750000 1.634445e-02
6.000000 1.637844e-02
6.250000 1.726586e-02
6.500000 1.861422e-02
6.750000 2.009943e-02
7.000000 2.150273e-02
7.250000 2.268972e-02
7.500000 2.358265e-02
7.750000 2.414062e-02
8.000000 2.434729e-02
8.250000 2.420348e-02
8.500000 2.372279e-02
8.750000 2.292874e-02
9.000000 2.185305e-02
9.250000 2.053456e-02
9.500000 1.901889e-02
9.750000 1.735860e-02
10.000000 1.561444e-02
10.250000 1.385776e-02
10.500000 1.217443e-02
10.750000 1.066948e-02
11.000000 9.467109e-03
11.250000 8.692724e-03
11.500000 8.423420e-03
11.750000 8.633224e-03
12.000000 9.197902e-03
12.250000 9.959194e-03
12.500000 1.077935e-02
12.750000 1.155760e-02
13.000000 1.222575e-02
13.250000 1.273964e-02
13.500000 1.307230e-02
13.750000 1.320939e-02
14.000000 1.314631e-02
14.250000 1.288640e-02
14.500000 1.243981e-02
14.750000 1.182290e-02
15.000000 1.105802e-02
15.250000 1.017379e-02
15.500000 9.206194e-03
15.750000 8.200758e-03
16.000000 7.216354e-03
16.250000 6.330352e-03
16.500000 5.640815e-03
16.750000 5.251911e-03
17.000000 5.227669e-03
17.250000 5.543726e-03
17.500000 6.101099e-03
17.750000 6.784862e-03
18.000000 7.501517e-03
18.250000 8.184772e-03
18.500000 8.789564e-03
18.750000 9.285673e-03
19.000000 9.653355e-03
19.250000 9.880690e-03
19.500000 9.962001e-03
19.750000 9.896902e-03
20.000000 9.689717e-03
20.250000 9.349143e-03
20.500000 8.888110e-03
20.750000 8.323864e-03
21.000000 7.678352e-03
21.250000 6.979077e-03
21.500000 6.260630e-03
21.750000 5.566983e-03
22.000000 4.953791e-03
22.250000 4.487163e-03
22.500000 4.231018e-03
22.750000 4.218936e-03
23.000000 4.430666e-03
23.250000 4.802533e-03
23.500000 5.259896e-03
23.750000 5.739302e-03
24.000000 6.193747e-03
24.250000 6.590293e-03
24.500000 6.906539e-03
24.750000 7.127935e-03
25.000000 7.246047e-03
25.250000 7.257513e-03
25.500000 7.163441e-03
25.750000 6.969116e-03
26.000000 6.683952e-03
26.250000 6.321691e-03
26.500000 5.900900e-03
26.750000 5.445836e-03
27.000000 4.987626e-03
27.250000 4.565282e-03
27.500000 4.224838e-03
27.750000 4.013207e-03
28.000000 3.964284e-03
28.250000 4.083330e-03
28.500000 4.343835e-03
28.750000 4.700531e-03
29.000000 5.105641e-03
29.250000 5.517955e-03
29.500000 5.905019e-03
29.750000 6.242269e-03
30.000000 6.511543e-03
30.250000 6.699820e-03
30.500000 6.798326e-03
30.750000 6.801935e-03
31.000000 6.708781e-03
31.250000 6.520006e-03
31.500000 6.239617e-03
31.750000 5.874455e-03
32.000000 5.434320e-03
32.250000 4.932356e-03
32.500000 4.385961e-03
32.750000 3.818672e-03
33.000000 3.263919e-03
33.250000 2.771478e-03
33.500000 2.413709e-03
33.750000 2.272973e-03
34.000000 2.386611e-03
34.250000 2.706624e-03
34.500000 3.145422e-03
34.750000 3.630007e-03
35.000000 4.112241e-03
35.250000 4.561450e-03
35.500000 4.957512e-03
35.750000 5.286880e-03
36.000000 5.540519e-03
36.250000 5.712842e-03
36.500000 5.801159e-03
36.750000 5.805371e-03
37.000000 5.727814e-03
37.250000 5.573191e-03
37.500000 5.348577e-03
37.750000 5.063518e-03
38.000000 4.730253e-03
38.250000 4.364120e-03
38.500000 3.984182e-03
38.750000 3.614016e-03
39.000000 3.282191e-03
39.250000 3.021058e-03
39.500000 2.861391e-03
39.750000 2.821948e-03
40.000000 2.899719e-03
40.250000 3.070539e-03
40.500000 3.299941e-03
40.750000 3.554177e-03
41.000000 3.805510e-03
41.250000 4.033031e-03
41.500000 4.221725e-03
41.750000 4.361326e-03
42.000000 4.445411e-03
42.250000 4.470790e-03
42.500000 4.437124e-03
42.750000 4.346715e-03
43.000000 4.204431e-03
43.250000 4.017744e-03
43.500000 3.796891e-03
43.750000 3.555137e-03
44.000000 3.309060e-03
44.250000 3.078602e-03
44.500000 2.886219e-03
44.750000 2.754155e-03
45.000000 2.699270e-03
45.250000 2.727158e-03
45.500000 2.829650e-03
45.750000 2.987982e-03
46.000000 3.178997e-03
46.250000 3.380264e-03
46.500000 3.572608e-03
46.750000 3.740723e-03
47.000000 3.872948e-03
47.250000 3.960819e-03
47.500000 3.998669e-03
47.750000 3.983339e-03
48.000000 3.913994e-03
48.250000 3.792046e-03
48.500000 3.621184e-03
48.750000 3.407541e-03
49.000000 3.160059e-03
49.250000 2.891150e-03
49.500000 2.617735e-03
49.750000 2.362561e-03
50.000000 2.154812e-03
