-50.000000 3.175975e-04
-49.750000 2.886844e-04
-49.500000 2.967718e-04
-49.250000 3.470131e-04
-49.000000 4.283547e-04
-48.750000 5.269716e-04
-48.500000 6.328968e-04
-48.250000 7.394124e-04
-48.000000 8.416603e-04
-47.750000 9.358586e-04
-47.500000 1.018945e-03
-47.250000 1.088427e-03
-47.000000 1.142330e-03
-46.750000 1.179178e-03
-46.500000 1.198003e-03
-46.250000 1.198344e-03
-46.000000 1.180252e-03
-45.750000 1.144294e-03
-45.500000 1.091547e-03
-45.250000 1.023604e-03
-45.000000 9.425905e-04
-44.750000 8.512146e-04
-44.500000 7.528975e-04
-44.250000 6.520493e-04
-44.000000 5.546213e-04
-43.750000 4.690203e-04
-43.500000 4.068141e-04
-43.250000 3.803412e-04
-43.000000 3.942198e-04
-42.750000 4.398681e-04
-42.500000 5.029136e-04
-42.250000 5.715543e-04
-42.000000 6.381625e-04
-41.750000 6.981033e-04
-41.500000 7.485920e-04
-41.250000 7.880113e-04
-41.000000 8.155347e-04
-40.750000 8.309134e-04
-40.500000 8.343474e-04
-40.250000 8.264046e-04
-40.000000 8.079719e-04
-39.750000 7.802370e-04
-39.500000 7.447051e-04
-39.250000 7.032642e-04
-39.000000 6.583115e-04
-38.750000 6.129486e-04
-38.500000 5.712134e-04
-38.250000 5.381952e-04
-38.000000 5.196776e-04
-37.750000 5.208956e-04
-37.500000 5.446696e-04
-37.250000 5.903062e-04
-37.000000 6.542765e-04
-36.750000 7.318368e-04
-36.500000 8.182561e-04
-36.250000 9.093006e-04
-36.000000 1.001275e-03
-35.750000 1.090922e-03
-35.500000 1.175332e-03
-35.250000 1.251883e-03
-35.000000 1.318234e-03
-34.750000 1.372346e-03
-34.500000 1.412535e-03
-34.250000 1.437540e-03
-34.000000 1.446601e-03
-33.750000 1.439560e-03
-33.500000 1.416970e-03
-33.250000 1.380222e-03
-33.000000 1.331694e-03
-32.750000 1.274917e-03
-32.500000 1.214719e-03
-32.250000 1.157280e-03
-32.000000 1.109888e-03
-31.750000 1.080135e-03
-31.500000 1.074398e-03
-31.250000 1.095998e-03
-31.000000 1.144097e-03
-30.750000 1.214095e-03
-30.500000 1.299177e-03
-30.250000 1.391941e-03
-30.000000 1.485495e-03
-29.750000 1.573955e-03
-29.500000 1.652621e-03
-29.250000 1.717992e-03
-29.000000 1.767756e-03
-28.750000 1.800782e-03
-28.500000 1.817126e-03
-28.250000 1.818039e-03
-28.000000 1.805971e-03
-27.750000 1.784528e-03
-27.500000 1.758343e-03
-27.250000 1.732802e-03
-27.000000 1.713560e-03
-26.750000 1.705828e-03
-26.500000 1.713520e-03
-26.250000 1.738490e-03
-26.000000 1.780129e-03
-25.750000 1.835496e-03
-25.500000 1.899892e-03
-25.250000 1.967636e-03
-25.000000 2.032808e-03
-24.750000 2.089815e-03
-24.500000 2.133774e-03
-24.250000 2.160759e-03
-24.000000 2.167941e-03
-23.750000 2.153687e-03
-23.500000 2.117639e-03
-23.250000 2.060785e-03
-23.000000 1.985546e-03
-22.750000 1.895878e-03
-22.500000 1.797389e-03
-22.250000 1.697400e-03
-22.000000 1.604836e-03
-21.750000 1.529676e-03
-21.500000 1.481632e-03
-21.250000 1.468028e-03
-21.000000 1.491622e-03
-20.750000 1.549751e-03
-20.500000 1.635466e-03
-20.250000 1.739807e-03
-20.000000 1.853874e-03
-19.750000 1.970054e-03
-19.500000 2.082490e-03
-19.250000 2.187128e-03
-19.000000 2.281582e-03
-18.750000 2.364920e-03
-18.500000 2.437424e-03
-18.250000 2.500310e-03
-18.000000 2.555415e-03
-17.750000 2.604856e-03
-17.500000 2.650657e-03
-17.250000 2.694417e-03
-17.000000 2.737021e-03
-16.750000 2.778478e-03
-16.500000 2.817891e-03
-16.250000 2.853582e-03
-16.000000 2.883342e-03
-15.750000 2.904784e-03
-15.500000 2.915745e-03
-15.250000 2.914710e-03
-15.000000 2.901225e-03
-14.750000 2.876289e-03
-14.500000 2.842674e-03
-14.250000 2.805148e-03
-14.000000 2.770488e-03
-13.750000 2.747156e-03
-13.500000 2.744478e-03
-13.250000 2.771279e-03
-13.000000 2.834178e-03
-12.750000 2.936080e-03
-12.500000 3.075464e-03
-12.250000 3.246716e-03
-12.000000 3.441235e-03
-11.750000 3.648805e-03
-11.500000 3.858809e-03
-11.250000 4.061142e-03
-11.000000 4.246850e-03
-10.750000 4.408596e-03
-10.500000 4.541033e-03
-10.250000 4.641159e-03
-10.000000 4.708672e-03
-9.750000 4.746327e-03
-9.500000 4.760275e-03
-9.250000 4.760286e-03
-9.000000 4.759692e-03
-8.750000 4.774809e-03
-8.500000 4.823572e-03
-8.250000 4.923268e-03
-8.000000 5.087715e-03
-7.750000 5.324727e-03
-7.500000 5.634828e-03
-7.250000 6.011647e-03
-7.000000 6.443580e-03
-6.750000 6.915912e-03
-6.500000 7.412706e-03
-6.250000 7.918216e-03
-6.000000 8.417814e-03
-5.750000 8.898584e-03
-5.500000 9.349713e-03
-5.250000 9.762763e-03
-5.000000 1.013187e-02
-4.750000 1.045393e-02
-4.500000 1.072863e-02
-4.250000 1.095856e-02
-4.000000 1.114907e-02
-3.750000 1.130807e-02
-3.500000 1.144561e-02
-3.250000 1.157328e-02
-3.000000 1.170331e-02
-2.750000 1.184755e-02
-2.500000 1.201628e-02
-2.250000 1.221707e-02
-2.000000 1.245386e-02
-1.750000 1.272642e-02
-1.500000 1.303024e-02
-1.250000 1.335692e-02
-1.000000 1.369492e-02
-0.750000 1.403045e-02
-0.500000 1.434851e-02
-0.250000 1.463381e-02
0.000000 1.487159e-02
0.250000 1.504828e-02
0.500000 1.515203e-02
0.750000 1.517309e-02
1.000000 1.510409e-02
1.250000 1.494020e-02
1.500000 1.467925e-02
1.750000 1.432179e-02
2.000000 1.387103e-02
2.250000 1.333285e-02
2.500000 1.271570e-02
2.750000 1.203049e-02
3.000000 1.129055e-02
3.250000 1.051152e-02
3.500000 9.711289e-03
3.750000 8.910002e-03
4.000000 8.129935e-03
4.250000 7.395269e-03
4.500000 6.731358e-03
4.750000 6.163027e-03
5.000000 5.711353e-03
5.250000 5.388975e-03
5.500000 5.195462e-03
5.750000 5.115602e-03
6.000000 5.122452e-03
6.250000 5.183730e-03
6.500000 5.268172e-03
6.750000 5.349537e-03
7.000000 5.408139e-03
7.250000 5.430793e-03
7.500000 5.410102e-03
7.750000 5.343582e-03
8.000000 5.232869e-03
8.250000 5.083046e-03
8.500000 4.902065e-03
8.750000 4.700230e-03
9.000000 4.489623e-03
9.250000 4.283403e-03
9.500000 4.094818e-03
9.750000 3.935888e-03
10.000000 3.815806e-03
10.250000 3.739413e-03
10.500000 3.706280e-03
10.750000 3.710868e-03
11.000000 3.743761e-03
11.250000 3.793503e-03
11.500000 3.848378e-03
11.750000 3.897742e-03
12.000000 3.932784e-03
12.250000 3.946845e-03
12.500000 3.935427e-03
12.750000 3.896058e-03
13.000000 3.828061e-03
13.250000 3.732317e-03
13.500000 3.611014e-03
13.750000 3.467409e-03
14.000000 3.305614e-03
14.250000 3.130397e-03
14.500000 2.947011e-03
14.750000 2.761047e-03
15.000000 2.578300e-03
15.250000 2.404647e-03
15.500000 2.245886e-03
15.750000 2.107515e-03
16.000000 1.994388e-03
16.250000 1.910243e-03
16.500000 1.857180e-03
16.750000 1.835267e-03
17.000000 1.842482e-03
17.250000 1.875055e-03
17.500000 1.928091e-03
17.750000 1.996216e-03
18.000000 2.074074e-03
18.250000 2.156601e-03
18.500000 2.239148e-03
18.750000 2.317505e-03
19.000000 2.387896e-03
19.250000 2.446982e-03
19.500000 2.491879e-03
19.750000 2.520203e-03
20.000000 2.530124e-03
20.250000 2.520436e-03
20.500000 2.490628e-03
20.750000 2.440956e-03
21.000000 2.372510e-03
21.250000 2.287282e-03
21.500000 2.188214e-03
21.750000 2.079247e-03
22.000000 1.965327e-03
22.250000 1.852339e-03
22.500000 1.746890e-03
22.750000 1.655832e-03
23.000000 1.585408e-03
23.250000 1.540089e-03
23.500000 1.521413e-03
23.750000 1.527428e-03
24.000000 1.553079e-03
24.250000 1.591391e-03
24.500000 1.634828e-03
24.750000 1.676348e-03
25.000000 1.710014e-03
25.250000 1.731238e-03
25.500000 1.736824e-03
25.750000 1.724916e-03
26.000000 1.694919e-03
26.250000 1.647423e-03
26.500000 1.584146e-03
26.750000 1.507894e-03
27.000000 1.422539e-03
27.250000 1.332996e-03
27.500000 1.245151e-03
27.750000 1.165631e-03
28.000000 1.101231e-03
28.250000 1.057863e-03
28.500000 1.039123e-03
28.750000 1.045146e-03
29.000000 1.072542e-03
29.250000 1.115547e-03
29.500000 1.167639e-03
29.750000 1.222804e-03
30.000000 1.276183e-03
30.250000 1.324252e-03
30.500000 1.364750e-03
30.750000 1.396516e-03
31.000000 1.419296e-03
31.250000 1.433542e-03
31.500000 1.440217e-03
31.750000 1.440586e-03
32.000000 1.436013e-03
32.250000 1.427764e-03
32.500000 1.416835e-03
32.750000 1.403824e-03
33.000000 1.388859e-03
33.250000 1.371611e-03
33.500000 1.351364e-03
33.750000 1.327150e-03
34.000000 1.297923e-03
34.250000 1.262741e-03
34.500000 1.220950e-03
34.750000 1.172348e-03
35.000000 1.117341e-03
35.250000 1.057076e-03
35.500000 9.935695e-04
35.750000 9.298071e-04
36.000000 8.697738e-04
36.250000 8.182990e-04
36.500000 7.805224e-04
36.750000 7.608334e-04
37.000000 7.614974e-04
37.250000 7.817185e-04
37.500000 8.178485e-04
37.750000 8.645736e-04
38.000000 9.162443e-04
38.250000 9.677560e-04
38.500000 1.014934e-03
38.750000 1.054620e-03
39.000000 1.084630e-03
39.250000 1.103690e-03
39.500000 1.111363e-03
39.750000 1.107994e-03
40.000000 1.094653e-03
40.250000 1.073071e-03
40.500000 1.045548e-03
40.750000 1.014821e-03
41.000000 9.838621e-04
41.250000 9.555906e-04
41.500000 9.325013e-04
41.750000 9.162725e-04
42.000000 9.074544e-04
42.250000 9.053602e-04
42.500000 9.082188e-04
42.750000 9.135355e-04
43.000000 9.185401e-04
43.250000 9.206016e-04
43.500000 9.175487e-04
43.750000 9.078914e-04
44.000000 8.909673e-04
44.250000 8.670458e-04
44.500000 8.374079e-04
44.750000 8.044041e-04
45.000000 7.714510e-04
45.250000 7.428722e-04
45.500000 7.234309e-04
45.750000 7.174358e-04
46.000000 7.275742e-04
46.250000 7.540221e-04
46.500000 7.943979e-04
46.750000 8.445436e-04
47.000000 8.995671e-04
47.250000 9.546494e-04
47.500000 1.005486e-03
47.750000 1.048466e-03
48.000000 1.080718e-03
48.250000 1.100104e-03
48.500000 1.105206e-03
48.750000 1.095318e-03
49.000000 1.070450e-03
49.250000 1.031345e-03
49.500000 9.795303e-04
49.750000 9.173929e-04
50.000000 8.483216e-04
