-50.000000 7.585698e-04
-49.750000 1.017812e-03
-49.500000 1.301908e-03
-49.250000 1.596975e-03
-49.000000 1.896532e-03
-48.750000 2.196876e-03
-48.500000 2.495489e-03
-48.250000 2.790416e-03
-48.000000 3.080006e-03
-47.750000 3.362782e-03
-47.500000 3.637385e-03
-47.250000 3.902537e-03
-47.000000 4.157027e-03
-46.750000 4.399703e-03
-46.500000 4.629466e-03
-46.250000 4.845274e-03
-46.000000 5.046135e-03
-45.750000 5.231119e-03
-45.500000 5.399352e-03
-45.250000 5.550023e-03
-45.000000 5.682386e-03
-44.750000 5.795765e-03
-44.500000 5.889553e-03
-44.250000 5.963221e-03
-44.000000 6.016317e-03
-43.750000 6.048471e-03
-43.500000 6.059400e-03
-43.250000 6.048907e-03
-43.000000 6.016888e-03
-42.750000 5.963338e-03
-42.500000 5.888347e-03
-42.250000 5.792116e-03
-42.000000 5.674953e-03
-41.750000 5.537285e-03
-41.500000 5.379667e-03
-41.250000 5.202793e-03
-41.000000 5.007511e-03
-40.750000 4.794846e-03
-40.500000 4.566033e-03
-40.250000 4.322559e-03
-40.000000 4.066232e-03
-39.750000 3.799274e-03
-39.500000 3.524471e-03
-39.250000 3.245393e-03
-39.000000 2.966733e-03
-38.750000 2.694804e-03
-38.500000 2.438242e-03
-38.250000 2.208837e-03
-38.000000 2.022083e-03
-37.750000 1.896293e-03
-37.500000 1.848643e-03
-37.250000 1.888436e-03
-37.000000 2.012458e-03
-36.750000 2.207209e-03
-36.500000 2.455458e-03
-36.250000 2.741342e-03
-36.000000 3.052213e-03
-35.750000 3.378520e-03
-35.500000 3.713096e-03
-35.250000 4.050453e-03
-35.000000 4.386261e-03
-34.750000 4.716987e-03
-34.500000 5.039651e-03
-34.250000 5.351675e-03
-34.000000 5.650775e-03
-33.750000 5.934897e-03
-33.500000 6.202170e-03
-33.250000 6.450878e-03
-33.000000 6.679439e-03
-32.750000 6.886396e-03
-32.500000 7.070405e-03
-32.250000 7.230236e-03
-32.000000 7.364768e-03
-31.750000 7.472989e-03
-31.500000 7.554000e-03
-31.250000 7.607014e-03
-31.000000 7.631362e-03
-30.750000 7.626492e-03
-30.500000 7.591981e-03
-30.250000 7.527531e-03
-30.000000 7.432982e-03
-29.750000 7.308315e-03
-29.500000 7.153663e-03
-29.250000 6.969320e-03
-29.000000 6.755758e-03
-28.750000 6.513644e-03
-28.500000 6.243867e-03
-28.250000 5.947581e-03
-28.000000 5.626256e-03
-27.750000 5.281769e-03
-27.500000 4.916539e-03
-27.250000 4.533735e-03
-27.000000 4.137638e-03
-26.750000 3.734224e-03
-26.500000 3.332174e-03
-26.250000 2.944582e-03
-26.000000 2.591630e-03
-25.750000 2.303842e-03
-25.500000 2.122485e-03
-25.250000 2.088717e-03
-25.000000 2.219889e-03
-24.750000 2.497735e-03
-24.500000 2.885093e-03
-24.250000 3.346870e-03
-24.000000 3.857378e-03
-23.750000 4.399210e-03
-23.500000 4.960481e-03
-23.250000 5.532715e-03
-23.000000 6.109498e-03
-22.750000 6.685695e-03
-22.500000 7.256974e-03
-22.250000 7.819528e-03
-22.000000 8.369906e-03
-21.750000 8.904906e-03
-21.500000 9.421510e-03
-21.250000 9.916841e-03
-21.000000 1.038814e-02
-20.750000 1.083276e-02
-20.500000 1.124814e-02
-20.250000 1.163180e-02
-20.000000 1.198138e-02
-19.750000 1.229459e-02
-19.500000 1.256925e-02
-19.250000 1.280327e-02
-19.000000 1.299468e-02
-18.750000 1.314163e-02
-18.500000 1.324238e-02
-18.250000 1.329534e-02
-18.000000 1.329906e-02
-17.750000 1.325222e-02
-17.500000 1.315370e-02
-17.250000 1.300255e-02
-17.000000 1.279802e-02
-16.750000 1.253959e-02
-16.500000 1.222698e-02
-16.250000 1.186021e-02
-16.000000 1.143967e-02
-15.750000 1.096615e-02
-15.500000 1.044099e-02
-15.250000 9.866244e-03
-15.000000 9.244945e-03
-14.750000 8.581534e-03
-14.500000 7.882559e-03
-14.250000 7.157885e-03
-14.000000 6.422772e-03
-13.750000 5.701518e-03
-13.500000 5.033495e-03
-13.250000 4.481365e-03
-13.000000 4.134943e-03
-12.750000 4.090889e-03
-12.500000 4.398773e-03
-12.250000 5.028830e-03
-12.000000 5.907424e-03
-11.750000 6.964635e-03
-11.500000 8.150524e-03
-11.250000 9.432408e-03
-11.000000 1.078887e-02
-10.750000 1.220529e-02
-10.500000 1.367111e-02
-10.250000 1.517822e-02
-10.000000 1.672002e-02
-9.750000 1.829088e-02
-9.500000 1.988574e-02
-9.250000 2.149999e-02
-9.000000 2.312925e-02
-8.750000 2.476934e-02
-8.500000 2.641617e-02
-8.250000 2.806578e-02
-8.000000 2.971424e-02
-7.750000 3.135771e-02
-7.500000 3.299235e-02
-7.250000 3.461439e-02
-7.000000 3.622009e-02
-6.750000 3.780577e-02
-6.500000 3.936778e-02
-6.250000 4.090253e-02
-6.000000 4.240649e-02
-5.750000 4.387619e-02
-5.500000 4.530825e-02
-5.250000 4.669936e-02
-5.000000 4.804629e-02
-4.750000 4.934593e-02
-4.500000 5.059524e-02
-4.250000 5.179132e-02
-4.000000 5.293137e-02
-3.750000 5.401273e-02
-3.500000 5.503286e-02
-3.250000 5.598937e-02
-3.000000 5.688000e-02
-2.750000 5.770266e-02
-2.500000 5.845541e-02
-2.250000 5.913645e-02
-2.000000 5.974418e-02
-1.750000 6.027715e-02
-1.500000 6.073410e-02
-1.250000 6.111393e-02
-1.000000 6.141573e-02
-0.750000 6.163878e-02
-0.500000 6.178254e-02
-0.250000 6.184665e-02
0.000000 6.183096e-02
0.250000 6.173548e-02
0.500000 6.156042e-02
0.750000 6.130619e-02
1.000000 6.097337e-02
1.250000 6.056274e-02
1.500000 6.007525e-02
1.750000 5.951203e-02
2.000000 5.887439e-02
2.250000 5.816383e-02
2.500000 5.738198e-02
2.750000 5.653069e-02
3.000000 5.561191e-02
3.250000 5.462780e-02
3.500000 5.358062e-02
3.750000 5.247281e-02
4.000000 5.130692e-02
4.250000 5.008564e-02
4.500000 4.881179e-02
4.750000 4.748830e-02
5.000000 4.611818e-02
5.250000 4.470457e-02
5.500000 4.325070e-02
5.750000 4.175986e-02
6.000000 4.023544e-02
6.250000 3.868087e-02
6.500000 3.709966e-02
6.750000 3.549534e-02
7.000000 3.387152e-02
7.250000 3.223182e-02
7.500000 3.057988e-02
7.750000 2.891939e-02
8.000000 2.725401e-02
8.250000 2.558747e-02
8.500000 2.392346e-02
8.750000 2.226573e-02
9.000000 2.061801e-02
9.250000 1.898410e-02
9.500000 1.736785e-02
9.750000 1.577325e-02
10.000000 1.420445e-02
10.250000 1.266597e-02
10.500000 1.116287e-02
10.750000 9.701231e-03
11.000000 8.288923e-03
11.250000 6.937260e-03
11.500000 5.664434e-03
11.750000 4.503296e-03
12.000000 3.518869e-03
12.250000 2.838245e-03
12.500000 2.636436e-03
12.750000 2.951813e-03
13.000000 3.603538e-03
13.250000 4.405815e-03
13.500000 5.257207e-03
13.750000 6.109167e-03
14.000000 6.937453e-03
14.250000 7.728941e-03
14.500000 8.475967e-03
14.750000 9.173774e-03
15.000000 9.819295e-03
15.250000 1.041052e-02
15.500000 1.094615e-02
15.750000 1.142539e-02
16.000000 1.184786e-02
16.250000 1.221349e-02
16.500000 1.252246e-02
16.750000 1.277522e-02
17.000000 1.297241e-02
17.250000 1.311485e-02
17.500000 1.320356e-02
17.750000 1.323972e-02
18.000000 1.322465e-02
18.250000 1.315983e-02
18.500000 1.304690e-02
18.750000 1.288759e-02
19.000000 1.268379e-02
19.250000 1.243750e-02
19.500000 1.215084e-02
19.750000 1.182604e-02
20.000000 1.146545e-02
20.250000 1.107154e-02
20.500000 1.064686e-02
20.750000 1.019411e-02
21.000000 9.716129e-03
21.250000 9.215870e-03
21.500000 8.696487e-03
21.750000 8.161340e-03
22.000000 7.614072e-03
22.250000 7.058698e-03
22.500000 6.499750e-03
22.750000 5.942492e-03
23.000000 5.393251e-03
23.250000 4.859908e-03
23.500000 4.352626e-03
23.750000 3.884827e-03
24.000000 3.474265e-03
24.250000 3.143436e-03
24.500000 2.917536e-03
24.750000 2.817779e-03
25.000000 2.851522e-03
25.250000 3.007104e-03
25.500000 3.259212e-03
25.750000 3.579244e-03
26.000000 3.942357e-03
26.250000 4.329506e-03
26.500000 4.726811e-03
26.750000 5.124259e-03
27.000000 5.514551e-03
27.250000 5.892258e-03
27.500000 6.253259e-03
27.750000 6.594358e-03
28.000000 6.913040e-03
28.250000 7.207304e-03
28.500000 7.475552e-03
28.750000 7.716509e-03
29.000000 7.929176e-03
29.250000 8.112785e-03
29.500000 8.266773e-03
29.750000 8.390761e-03
30.000000 8.484542e-03
30.250000 8.548058e-03
30.500000 8.581401e-03
30.750000 8.584795e-03
31.000000 8.558595e-03
31.250000 8.503275e-03
31.500000 8.419424e-03
31.750000 8.307739e-03
32.000000 8.169022e-03
32.250000 8.004168e-03
32.500000 7.814166e-03
32.750000 7.600090e-03
33.000000 7.363095e-03
33.250000 7.104410e-03
33.500000 6.825335e-03
33.750000 6.527234e-03
34.000000 6.211533e-03
34.250000 5.879712e-03
34.500000 5.533308e-03
34.750000 5.173907e-03
35.000000 4.803147e-03
35.250000 4.422725e-03
35.500000 4.034402e-03
35.750000 3.640029e-03
36.000000 3.241583e-03
36.250000 2.841251e-03
36.500000 2.441586e-03
36.750000 2.045854e-03
37.000000 1.658830e-03
37.250000 1.288889e-03
37.500000 9.541053e-04
37.750000 7.002634e-04
38.000000 6.230882e-04
38.250000 7.658685e-04
38.500000 1.031559e-03
38.750000 1.340271e-03
39.000000 1.660026e-03
39.250000 1.977948e-03
39.500000 2.287861e-03
39.750000 2.586240e-03
40.000000 2.870775e-03
40.250000 3.139789e-03
40.500000 3.391978e-03
40.750000 3.626292e-03
41.000000 3.841861e-03
41.250000 4.037965e-03
41.500000 4.214011e-03
41.750000 4.369518e-03
42.000000 4.504113e-03
42.250000 4.617523e-03
42.500000 4.709572e-03
42.750000 4.780179e-03
43.000000 4.829354e-03
43.250000 4.857201e-03
43.500000 4.863909e-03
43.750000 4.849756e-03
44.000000 4.815107e-03
44.250000 4.760411e-03
44.500000 4.686200e-03
44.750000 4.593093e-03
45.000000 4.481788e-03
45.250000 4.353070e-03
45.500000 4.207806e-03
45.750000 4.046957e-03
46.000000 3.871575e-03
46.250000 3.682818e-03
46.500000 3.481964e-03
46.750000 3.270434e-03
47.000000 3.049831e-03
47.250000 2.821998e-03
47.500000 2.589109e-03
47.750000 2.353819e-03
48.000000 2.119506e-03
48.250000 1.890655e-03
48.500000 1.673476e-03
48.750000 1.476777e-03
49.000000 1.312907e-03
49.250000 1.197686e-03
49.500000 1.147026e-03
49.750000 1.169279e-03
50.000000 1.259451e-03
