-50.000000 2.211619e-03
-49.750000 2.051637e-03
-49.500000 1.887488e-03
-49.250000 1.719314e-03
-49.000000 1.547267e-03
-48.750000 1.371507e-03
-48.500000 1.192206e-03
-48.250000 1.009552e-03
-48.000000 8.237645e-04
-47.750000 6.351325e-04
-47.500000 4.441575e-04
-47.250000 2.523568e-04
-47.000000 7.635774e-05
-46.750000 1.633217e-04
-46.500000 3.590268e-04
-46.250000 5.611641e-04
-46.000000 7.660141e-04
-45.750000 9.727716e-04
-45.500000 1.181040e-03
-45.250000 1.390529e-03
-45.000000 1.600983e-03
-44.750000 1.812160e-03
-44.500000 2.023825e-03
-44.250000 2.235741e-03
-44.000000 2.447675e-03
-43.750000 2.659388e-03
-43.500000 2.870645e-03
-43.250000 3.081206e-03
-43.000000 3.290829e-03
-42.750000 3.499274e-03
-42.500000 3.706297e-03
-42.250000 3.911653e-03
-42.000000 4.115096e-03
-41.750000 4.316380e-03
-41.500000 4.515259e-03
-41.250000 4.711483e-03
-41.000000 4.904807e-03
-40.750000 5.094982e-03
-40.500000 5.281760e-03
-40.250000 5.464894e-03
-40.000000 5.644139e-03
-39.750000 5.819247e-03
-39.500000 5.989975e-03
-39.250000 6.156079e-03
-39.000000 6.317317e-03
-38.750000 6.473450e-03
-38.500000 6.624240e-03
-38.250000 6.769450e-03
-38.000000 6.908846e-03
-37.750000 7.042200e-03
-37.500000 7.169281e-03
-37.250000 7.289866e-03
-37.000000 7.403733e-03
-36.750000 7.510663e-03
-36.500000 7.610443e-03
-36.250000 7.702862e-03
-36.000000 7.787714e-03
-35.750000 7.864797e-03
-35.500000 7.933913e-03
-35.250000 7.994871e-03
-35.000000 8.047483e-03
-34.750000 8.091567e-03
-34.500000 8.126945e-03
-34.250000 8.153446e-03
-34.000000 8.170905e-03
-33.750000 8.179162e-03
-33.500000 8.178064e-03
-33.250000 8.167463e-03
-33.000000 8.147219e-03
-32.750000 8.117198e-03
-32.500000 8.077273e-03
-32.250000 8.027325e-03
-32.000000 7.967239e-03
-31.750000 7.896911e-03
-31.500000 7.816242e-03
-31.250000 7.725144e-03
-31.000000 7.623532e-03
-30.750000 7.511335e-03
-30.500000 7.388484e-03
-30.250000 7.254924e-03
-30.000000 7.110605e-03
-29.750000 6.955487e-03
-29.500000 6.789541e-03
-29.250000 6.612745e-03
-29.000000 6.425088e-03
-28.750000 6.226569e-03
-28.500000 6.017199e-03
-28.250000 5.796999e-03
-28.000000 5.566004e-03
-27.750000 5.324263e-03
-27.500000 5.071840e-03
-27.250000 4.808818e-03
-27.000000 4.535302e-03
-26.750000 4.251424e-03
-26.500000 3.957352e-03
-26.250000 3.653305e-03
-26.000000 3.339572e-03
-25.750000 3.016554e-03
-25.500000 2.684828e-03
-25.250000 2.345289e-03
-25.000000 1.999427e-03
-24.750000 1.649996e-03
-24.500000 1.302747e-03
-24.250000 9.717735e-04
-24.000000 6.977383e-04
-23.750000 5.894778e-04
-23.500000 7.410393e-04
-23.250000 1.055751e-03
-23.000000 1.437563e-03
-22.750000 1.851369e-03
-22.500000 2.284690e-03
-22.250000 2.732260e-03
-22.000000 3.191458e-03
-21.750000 3.660791e-03
-21.500000 4.139295e-03
-21.250000 4.626281e-03
-21.000000 5.121216e-03
-20.750000 5.623651e-03
-20.500000 6.133194e-03
-20.250000 6.649483e-03
-20.000000 7.172176e-03
-19.750000 7.700943e-03
-19.500000 8.235461e-03
-19.250000 8.775412e-03
-19.000000 9.320476e-03
-18.750000 9.870337e-03
-18.500000 1.042468e-02
-18.250000 1.098317e-02
-18.000000 1.154550e-02
-17.750000 1.211134e-02
-17.500000 1.268035e-02
-17.250000 1.325222e-02
-17.000000 1.382660e-02
-16.750000 1.440316e-02
-16.500000 1.498155e-02
-16.250000 1.556145e-02
-16.000000 1.614250e-02
-15.750000 1.672436e-02
-15.500000 1.730668e-02
-15.250000 1.788912e-02
-15.000000 1.847131e-02
-14.750000 1.905291e-02
-14.500000 1.963357e-02
-14.250000 2.021293e-02
-14.000000 2.079064e-02
-13.750000 2.136634e-02
-13.500000 2.193968e-02
-13.250000 2.251030e-02
-13.000000 2.307785e-02
-12.750000 2.364198e-02
-12.500000 2.420233e-02
-12.250000 2.475855e-02
-12.000000 2.531029e-02
-11.750000 2.585721e-02
-11.500000 2.639896e-02
-11.250000 2.693519e-02
-11.000000 2.746557e-02
-10.750000 2.798976e-02
-10.500000 2.850742e-02
-10.250000 2.901821e-02
-10.000000 2.952182e-02
-9.750000 3.001792e-02
-9.500000 3.050619e-02
-9.250000 3.098630e-02
-9.000000 3.145797e-02
-8.750000 3.192086e-02
-8.500000 3.237469e-02
-8.250000 3.281916e-02
-8.000000 3.325398e-02
-7.750000 3.367887e-02
-7.500000 3.409354e-02
-7.250000 3.449772e-02
-7.000000 3.489115e-02
-6.750000 3.527358e-02
-6.500000 3.564474e-02
-6.250000 3.600439e-02
-6.000000 3.635230e-02
-5.750000 3.668823e-02
-5.500000 3.701196e-02
-5.250000 3.732328e-02
-5.000000 3.762198e-02
-4.750000 3.790786e-02
-4.500000 3.818074e-02
-4.250000 3.844042e-02
-4.000000 3.868674e-02
-3.750000 3.891952e-02
-3.500000 3.913863e-02
-3.250000 3.934390e-02
-3.000000 3.953520e-02
-2.750000 3.971240e-02
-2.500000 3.987539e-02
-2.250000 4.002404e-02
-2.000000 4.015828e-02
-1.750000 4.027799e-02
-1.500000 4.038311e-02
-1.250000 4.047355e-02
-1.000000 4.054927e-02
-0.750000 4.061020e-02
-0.500000 4.065630e-02
-0.250000 4.068755e-02
0.000000 4.070393e-02
0.250000 4.070541e-02
0.500000 4.069200e-02
0.750000 4.066371e-02
1.000000 4.062055e-02
1.250000 4.056255e-02
1.500000 4.048975e-02
1.750000 4.040220e-02
2.000000 4.029995e-02
2.250000 4.018308e-02
2.500000 4.005166e-02
2.750000 3.990577e-02
3.000000 3.974552e-02
3.250000 3.957101e-02
3.500000 3.938235e-02
3.750000 3.917968e-02
4.000000 3.896311e-02
4.250000 3.873281e-02
4.500000 3.848892e-02
4.750000 3.823160e-02
5.000000 3.796102e-02
5.250000 3.767736e-02
5.500000 3.738081e-02
5.750000 3.707157e-02
6.000000 3.674983e-02
6.250000 3.641582e-02
6.500000 3.606975e-02
6.750000 3.571185e-02
7.000000 3.534235e-02
7.250000 3.496150e-02
7.500000 3.456954e-02
7.750000 3.416675e-02
8.000000 3.375337e-02
8.250000 3.332968e-02
8.500000 3.289595e-02
8.750000 3.245247e-02
9.000000 3.199953e-02
9.250000 3.153742e-02
9.500000 3.106644e-02
9.750000 3.058690e-02
10.000000 3.009910e-02
10.250000 2.960337e-02
10.500000 2.910002e-02
10.750000 2.858937e-02
11.000000 2.807175e-02
11.250000 2.754749e-02
11.500000 2.701694e-02
11.750000 2.648042e-02
12.000000 2.593828e-02
12.250000 2.539086e-02
12.500000 2.483850e-02
12.750000 2.428157e-02
13.000000 2.372039e-02
13.250000 2.315534e-02
13.500000 2.258676e-02
13.750000 2.201501e-02
14.000000 2.144043e-02
14.250000 2.086340e-02
14.500000 2.028425e-02
14.750000 1.970336e-02
15.000000 1.912107e-02
15.250000 1.853775e-02
15.500000 1.795374e-02
15.750000 1.736940e-02
16.000000 1.678509e-02
16.250000 1.620115e-02
16.500000 1.561793e-02
16.750000 1.503579e-02
17.000000 1.445506e-02
17.250000 1.387610e-02
17.500000 1.329923e-02
17.750000 1.272481e-02
18.000000 1.215316e-02
18.250000 1.158462e-02
18.500000 1.101951e-02
18.750000 1.045817e-02
19.000000 9.900905e-03
19.250000 9.348049e-03
19.500000 8.799915e-03
19.750000 8.256818e-03
20.000000 7.719070e-03
20.250000 7.186984e-03
20.500000 6.660872e-03
20.750000 6.141050e-03
21.000000 5.627839e-03
21.250000 5.121572e-03
21.500000 4.622602e-03
21.750000 4.131314e-03
22.000000 3.648153e-03
22.250000 3.173666e-03
22.500000 2.708590e-03
22.750000 2.254035e-03
23.000000 1.811927e-03
23.250000 1.386199e-03
23.500000 9.867149e-04
23.750000 6.453836e-04
24.000000 4.768160e-04
24.250000 6.189013e-04
24.500000 9.276006e-04
24.750000 1.279231e-03
25.000000 1.639494e-03
25.250000 1.998005e-03
25.500000 2.350729e-03
25.750000 2.695765e-03
26.000000 3.032076e-03
26.250000 3.359033e-03
26.500000 3.676215e-03
26.750000 3.983328e-03
27.000000 4.280149e-03
27.250000 4.566506e-03
27.500000 4.842264e-03
27.750000 5.107314e-03
28.000000 5.361566e-03
28.250000 5.604951e-03
28.500000 5.837413e-03
28.750000 6.058908e-03
29.000000 6.269408e-03
29.250000 6.468894e-03
29.500000 6.657357e-03
29.750000 6.834800e-03
30.000000 7.001235e-03
30.250000 7.156683e-03
30.500000 7.301176e-03
30.750000 7.434752e-03
31.000000 7.557461e-03
31.250000 7.669359e-03
31.500000 7.770512e-03
31.750000 7.860993e-03
32.000000 7.940886e-03
32.250000 8.010279e-03
32.500000 8.069271e-03
32.750000 8.117966e-03
33.000000 8.156478e-03
33.250000 8.184926e-03
33.500000 8.203437e-03
33.750000 8.212146e-03
34.000000 8.211195e-03
34.250000 8.200730e-03
34.500000 8.180905e-03
34.750000 8.151882e-03
35.000000 8.113826e-03
35.250000 8.066911e-03
35.500000 8.011314e-03
35.750000 7.947220e-03
36.000000 7.874817e-03
36.250000 7.794299e-03
36.500000 7.705867e-03
36.750000 7.609723e-03
37.000000 7.506077e-03
37.250000 7.395141e-03
37.500000 7.277133e-03
37.750000 7.152273e-03
38.000000 7.020786e-03
38.250000 6.882899e-03
38.500000 6.738845e-03
38.750000 6.588858e-03
39.000000 6.433174e-03
39.250000 6.272034e-03
39.500000 6.105680e-03
39.750000 5.934355e-03
40.000000 5.758307e-03
40.250000 5.577783e-03
40.500000 5.393033e-03
40.750000 5.204306e-03
41.000000 5.011856e-03
41.250000 4.815934e-03
41.500000 4.616794e-03
41.750000 4.414690e-03
42.000000 4.209875e-03
42.250000 4.002604e-03
42.500000 3.793131e-03
42.750000 3.581710e-03
43.000000 3.368594e-03
43.250000 3.154036e-03
43.500000 2.938292e-03
43.750000 2.721612e-03
44.000000 2.504253e-03
44.250000 2.286468e-03
44.500000 2.068516e-03
44.750000 1.850662e-03
45.000000 1.633177e-03
45.250000 1.416357e-03
45.500000 1.200535e-03
45.750000 9.861273e-04
46.000000 7.737527e-04
46.250000 5.646031e-04
46.500000 3.620512e-04
46.750000 1.833976e-04
47.000000 1.553221e-04
47.250000 3.160941e-04
47.500000 5.079990e-04
47.750000 7.038010e-04
48.000000 8.990182e-04
48.250000 1.092248e-03
48.500000 1.282839e-03
48.750000 1.470394e-03
49.000000 1.654623e-03
49.250000 1.835294e-03
49.500000 2.012202e-03
49.750000 2.185164e-03
50.000000 2.354010e-03
