-50.000000 1.407691e-02
-49.750000 9.492441e-03
-49.500000 5.502980e-03
-49.250000 4.900466e-03
-49.000000 8.559805e-03
-48.750000 1.328411e-02
-48.500000 1.812474e-02
-48.250000 2.282604e-02
-48.000000 2.725609e-02
-47.750000 3.131853e-02
-47.500000 3.493339e-02
-47.250000 3.803198e-02
-47.000000 4.055562e-02
-46.750000 4.245564e-02
-46.500000 4.369370e-02
-46.250000 4.424231e-02
-46.000000 4.408526e-02
-45.750000 4.321793e-02
-45.500000 4.164760e-02
-45.250000 3.939354e-02
-45.000000 3.648716e-02
-44.750000 3.297220e-02
-44.500000 2.890548e-02
-44.250000 2.435902e-02
-44.000000 1.942702e-02
-43.750000 1.425095e-02
-43.500000 9.136491e-03
-43.250000 5.328452e-03
-43.000000 6.611321e-03
-42.750000 1.143983e-02
-42.500000 1.693206e-02
-42.250000 2.243851e-02
-42.000000 2.773848e-02
-41.750000 3.269904e-02
-41.500000 3.721664e-02
-41.250000 4.120327e-02
-41.000000 4.458275e-02
-40.750000 4.728997e-02
-40.500000 4.927118e-02
-40.250000 5.048445e-02
-40.000000 5.090035e-02
-39.750000 5.050240e-02
-39.500000 4.928756e-02
-39.250000 4.726654e-02
-39.000000 4.446402e-02
-38.750000 4.091891e-02
-38.500000 3.668494e-02
-38.250000 3.183209e-02
-38.000000 2.645088e-02
-37.750000 2.066603e-02
-37.500000 1.468766e-02
-37.250000 9.071908e-03
-37.000000 6.239606e-03
-36.750000 9.605165e-03
-36.500000 1.558318e-02
-36.250000 2.202140e-02
-36.000000 2.840393e-02
-35.750000 3.451211e-02
-35.500000 4.020034e-02
-35.250000 4.535108e-02
-35.000000 4.986325e-02
-34.750000 5.364909e-02
-34.500000 5.663363e-02
-34.250000 5.875509e-02
-34.000000 5.996560e-02
-33.750000 6.023191e-02
-33.500000 5.953602e-02
-33.250000 5.787569e-02
-33.000000 5.526487e-02
-32.750000 5.173396e-02
-32.500000 4.733016e-02
-32.250000 4.211820e-02
-32.000000 3.618227e-02
-31.750000 2.963191e-02
-31.500000 2.262149e-02
-31.250000 1.543078e-02
-31.000000 8.943241e-03
-30.750000 7.308116e-03
-30.500000 1.290182e-02
-30.250000 2.045548e-02
-30.000000 2.827751e-02
-29.750000 3.593977e-02
-29.500000 4.322570e-02
-29.250000 4.997571e-02
-29.000000 5.605489e-02
-28.750000 6.134471e-02
-28.500000 6.574112e-02
-28.250000 6.915471e-02
-28.000000 7.151155e-02
-27.750000 7.275425e-02
-27.500000 7.284295e-02
-27.250000 7.175625e-02
-27.000000 6.949195e-02
-26.750000 6.606769e-02
-26.500000 6.152162e-02
-26.250000 5.591318e-02
-26.000000 4.932488e-02
-25.750000 4.186675e-02
-25.500000 3.368917e-02
-25.250000 2.502710e-02
-25.000000 1.639721e-02
-24.750000 9.812928e-03
-24.500000 1.148303e-02
-24.250000 1.965462e-02
-24.000000 2.926894e-02
-23.750000 3.906335e-02
-23.500000 4.861660e-02
-23.250000 5.767911e-02
-23.000000 6.605540e-02
-22.750000 7.357608e-02
-22.500000 8.009043e-02
-22.250000 8.546482e-02
-22.000000 8.958327e-02
-21.750000 9.234870e-02
-21.500000 9.368441e-02
-21.250000 9.353549e-02
-21.000000 9.187014e-02
-20.750000 8.868082e-02
-20.500000 8.398528e-02
-20.250000 7.782763e-02
-20.000000 7.027983e-02
-19.750000 6.144463e-02
-19.500000 5.146301e-02
-19.250000 4.053632e-02
-19.000000 2.900890e-02
-18.750000 1.779555e-02
-18.500000 1.132570e-02
-18.250000 1.782212e-02
-18.000000 3.007041e-02
-17.750000 4.339649e-02
-17.500000 5.678528e-02
-17.250000 6.980857e-02
-17.000000 8.216856e-02
-16.750000 9.361259e-02
-16.500000 1.039122e-01
-16.250000 1.128579e-01
-16.000000 1.202595e-01
-15.750000 1.259473e-01
-15.500000 1.297743e-01
-15.250000 1.316194e-01
-15.000000 1.313887e-01
-14.750000 1.290187e-01
-14.500000 1.244782e-01
-14.250000 1.177705e-01
-14.000000 1.089359e-01
-13.750000 9.805571e-02
-13.500000 8.525947e-02
-13.250000 7.074288e-02
-13.000000 5.482214e-02
-12.750000 3.814695e-02
-12.500000 2.289906e-02
-12.250000 1.895875e-02
-12.000000 3.273608e-02
-11.750000 5.222482e-02
-11.500000 7.307977e-02
-11.250000 9.416751e-02
-11.000000 1.149109e-01
-10.750000 1.348694e-01
-10.500000 1.536488e-01
-10.250000 1.708776e-01
-10.000000 1.862005e-01
-9.750000 1.992789e-01
-9.500000 2.097931e-01
-9.250000 2.174460e-01
-9.000000 2.219666e-01
-8.750000 2.231143e-01
-8.500000 2.206827e-01
-8.250000 2.145035e-01
-8.000000 2.044512e-01
-7.750000 1.904483e-01
-7.500000 1.724735e-01
-7.250000 1.505764e-01
-7.000000 1.249149e-01
-6.750000 9.587098e-02
-6.500000 6.455524e-02
-6.250000 3.630767e-02
-6.000000 3.815401e-02
-5.750000 7.338425e-02
-5.500000 1.177767e-01
-5.250000 1.661398e-01
-5.000000 2.171549e-01
-4.750000 2.701248e-01
-4.500000 3.244978e-01
-4.250000 3.797608e-01
-4.000000 4.354090e-01
-3.750000 4.909378e-01
-3.500000 5.458426e-01
-3.250000 5.996210e-01
-3.000000 6.517773e-01
-2.750000 7.018265e-01
-2.500000 7.492998e-01
-2.250000 7.937494e-01
-2.000000 8.347531e-01
-1.750000 8.719193e-01
-1.500000 9.048913e-01
-1.250000 9.333512e-01
-1.000000 9.570237e-01
-0.750000 9.756790e-01
-0.500000 9.891356e-01
-0.250000 9.972625e-01
0.000000 9.999803e-01
0.250000 9.972625e-01
0.500000 9.891356e-01
0.750000 9.756790e-01
1.000000 9.570237e-01
1.250000 9.333512e-01
1.500000 9.048913e-01
1.750000 8.719193e-01
2.000000 8.347531e-01
2.250000 7.937494e-01
2.500000 7.492998e-01
2.750000 7.018265e-01
3.000000 6.517773e-01
3.250000 5.996210e-01
3.500000 5.458426e-01
3.750000 4.909378e-01
4.000000 4.354090e-01
4.250000 3.797608e-01
4.500000 3.244978e-01
4.750000 2.701248e-01
5.000000 2.171549e-01
5.250000 1.661398e-01
5.500000 1.177767e-01
5.750000 7.338425e-02
6.000000 3.815401e-02
6.250000 3.630767e-02
6.500000 6.455524e-02
6.750000 9.587098e-02
7.000000 1.249149e-01
7.250000 1.505764e-01
7.500000 1.724735e-01
7.750000 1.904483e-01
8.000000 2.044512e-01
8.250000 2.145035e-01
8.500000 2.206827e-01
8.750000 2.231143e-01
9.000000 2.219666e-01
9.250000 2.174460e-01
9.500000 2.097931e-01
9.750000 1.992789e-01
10.000000 1.862005e-01
10.250000 1.708776e-01
10.500000 1.536488e-01
10.750000 1.348694e-01
11.000000 1.149109e-01
11.250000 9.416751e-02
11.500000 7.307977e-02
11.750000 5.222482e-02
12.000000 3.273608e-02
12.250000 1.895875e-02
12.500000 2.289906e-02
12.750000 3.814695e-02
13.000000 5.482214e-02
13.250000 7.074288e-02
13.500000 8.525947e-02
13.750000 9.805571e-02
14.000000 1.089359e-01
14.250000 1.177705e-01
14.500000 1.244782e-01
14.750000 1.290187e-01
15.000000 1.313887e-01
15.250000 1.316194e-01
15.500000 1.297743e-01
15.750000 1.259473e-01
16.000000 1.202595e-01
16.250000 1.128579e-01
16.500000 1.039122e-01
16.750000 9.361259e-02
17.000000 8.216856e-02
17.250000 6.980857e-02
17.500000 5.678528e-02
17.750000 4.339649e-02
18.000000 3.007041e-02
18.250000 1.782212e-02
18.500000 1.132570e-02
18.750000 1.779555e-02
19.000000 2.900890e-02
19.250000 4.053632e-02
19.500000 5.146301e-02
19.750000 6.144463e-02
20.000000 7.027983e-02
20.250000 7.782763e-02
20.500000 8.398528e-02
20.750000 8.868082e-02
21.000000 9.187014e-02
21.250000 9.353549e-02
21.500000 9.368441e-02
21.750000 9.234870e-02
22.000000 8.958327e-02
22.250000 8.546482e-02
22.500000 8.009043e-02
22.750000 7.357608e-02
23.000000 6.605540e-02
23.250000 5.767911e-02
23.500000 4.861660e-02
23.750000 3.906335e-02
24.000000 2.926894e-02
24.250000 1.965462e-02
24.500000 1.148303e-02
24.750000 9.812928e-03
25.000000 1.639721e-02
25.250000 2.502710e-02
25.500000 3.368917e-02
25.750000 4.186675e-02
26.000000 4.932488e-02
26.250000 5.591318e-02
26.500000 6.152162e-02
26.750000 6.606769e-02
27.000000 6.949195e-02
27.250000 7.175625e-02
27.500000 7.284295e-02
27.750000 7.275425e-02
28.000000 7.151155e-02
28.250000 6.915471e-02
28.500000 6.574112e-02
28.750000 6.134471e-02
29.000000 5.605489e-02
29.250000 4.997571e-02
29.500000 4.322570e-02
29.750000 3.593977e-02
30.000000 2.827751e-02
30.250000 2.045548e-02
30.500000 1.290182e-02
30.750000 7.308116e-03
31.000000 8.943241e-03
31.250000 1.543078e-02
31.500000 2.262149e-02
31.750000 2.963191e-02
32.000000 3.618227e-02
32.250000 4.211820e-02
32.500000 4.733016e-02
32.750000 5.173396e-02
33.000000 5.526487e-02
33.250000 5.787569e-02
33.500000 5.953602e-02
33.750000 6.023191e-02
34.000000 5.996560e-02
34.250000 5.875509e-02
34.500000 5.663363e-02
34.750000 5.364909e-02
35.000000 4.986325e-02
35.250000 4.535108e-02
35.500000 4.020034e-02
35.750000 3.451211e-02
36.000000 2.840393e-02
36.250000 2.202140e-02
36.500000 1.558318e-02
36.750000 9.605165e-03
37.000000 6.239606e-03
37.250000 9.071908e-03
37.500000 1.468766e-02
37.750000 2.066603e-02
38.000000 2.645088e-02
38.250000 3.183209e-02
38.500000 3.668494e-02
38.750000 4.091891e-02
39.000000 4.446402e-02
39.250000 4.726654e-02
39.500000 4.928756e-02
39.750000 5.050240e-02
40.000000 5.090035e-02
40.250000 5.048445e-02
40.500000 4.927118e-02
40.750000 4.728997e-02
41.000000 4.458275e-02
41.250000 4.120327e-02
41.500000 3.721664e-02
41.750000 3.269904e-02
42.000000 2.773848e-02
42.250000 2.243851e-02
42.500000 1.693206e-02
42.750000 1.143983e-02
43.000000 6.611321e-03
43.250000 5.328452e-03
43.500000 9.136491e-03
43.750000 1.425095e-02
44.000000 1.942702e-02
44.250000 2.435902e-02
44.500000 2.890548e-02
44.750000 3.297220e-02
45.000000 3.648716e-02
45.250000 3.939354e-02
45.500000 4.164760e-02
45.750000 4.321793e-02
46.000000 4.408526e-02
46.250000 4.424231e-02
46.500000 4.369370e-02
46.750000 4.245564e-02
47.000000 4.055562e-02
47.250000 3.803198e-02
47.500000 3.493339e-02
47.750000 3.131853e-02
48.000000 2.725609e-02
48.250000 2.282604e-02
48.500000 1.812474e-02
48.750000 1.328411e-02
49.000000 8.559805e-03
49.250000 4.900466e-03
49.500000 5.502980e-03
49.750000 9.492441e-03
50.000000 1.407691e-02
