-50.000000 4.798212e-04
-49.750000 4.623420e-04
-49.500000 4.449335e-04
-49.250000 4.276477e-04
-49.000000 4.105454e-04
-48.750000 3.936980e-04
-48.500000 3.771892e-04
-48.250000 3.611170e-04
-48.000000 3.455964e-04
-47.750000 3.307613e-04
-47.500000 3.167666e-04
-47.250000 3.037897e-04
-47.000000 2.920293e-04
-46.750000 2.817030e-04
-46.500000 2.730406e-04
-46.250000 2.662726e-04
-46.000000 2.616150e-04
-45.750000 2.592505e-04
-45.500000 2.593103e-04
-45.250000 2.618595e-04
-45.000000 2.668919e-04
-44.750000 2.743333e-04
-44.500000 2.840541e-04
-44.250000 2.958860e-04
-44.000000 3.096403e-04
-43.750000 3.251228e-04
-43.500000 3.421456e-04
-43.250000 3.605339e-04
-43.000000 3.801299e-04
-42.750000 4.007939e-04
-42.500000 4.224040e-04
-42.250000 4.448547e-04
-42.000000 4.680549e-04
-41.750000 4.919262e-04
-41.500000 5.164012e-04
-41.250000 5.414218e-04
-41.000000 5.669378e-04
-40.750000 5.929054e-04
-40.500000 6.192866e-04
-40.250000 6.460480e-04
-40.000000 6.731601e-04
-39.750000 7.005968e-04
-39.500000 7.283348e-04
-39.250000 7.563533e-04
-39.000000 7.846332e-04
-38.750000 8.131576e-04
-38.500000 8.419107e-04
-38.250000 8.708781e-04
-38.000000 9.000466e-04
-37.750000 9.294038e-04
-37.500000 9.589382e-04
-37.250000 9.886389e-04
-37.000000 1.018496e-03
-36.750000 1.048499e-03
-36.500000 1.078639e-03
-36.250000 1.108908e-03
-36.000000 1.139297e-03
-35.750000 1.169797e-03
-35.500000 1.200402e-03
-35.250000 1.231103e-03
-35.000000 1.261892e-03
-34.750000 1.292764e-03
-34.500000 1.323710e-03
-34.250000 1.354724e-03
-34.000000 1.385799e-03
-33.750000 1.416929e-03
-33.500000 1.448107e-03
-33.250000 1.479327e-03
-33.000000 1.510582e-03
-32.750000 1.541866e-03
-32.500000 1.573173e-03
-32.250000 1.604497e-03
-32.000000 1.635831e-03
-31.750000 1.667171e-03
-31.500000 1.698510e-03
-31.250000 1.729842e-03
-31.000000 1.761161e-03
-30.750000 1.792462e-03
-30.500000 1.823739e-03
-30.250000 1.854986e-03
-30.000000 1.886197e-03
-29.750000 1.917368e-03
-29.500000 1.948491e-03
-29.250000 1.979563e-03
-29.000000 2.010576e-03
-28.750000 2.041526e-03
-28.500000 2.072408e-03
-28.250000 2.103215e-03
-28.000000 2.133942e-03
-27.750000 2.164585e-03
-27.500000 2.195137e-03
-27.250000 2.225593e-03
-27.000000 2.255948e-03
-26.750000 2.286196e-03
-26.500000 2.316333e-03
-26.250000 2.346353e-03
-26.000000 2.376251e-03
-25.750000 2.406021e-03
-25.500000 2.435659e-03
-25.250000 2.465160e-03
-25.000000 2.494517e-03
-24.750000 2.523727e-03
-24.500000 2.552784e-03
-24.250000 2.581683e-03
-24.000000 2.610419e-03
-23.750000 2.638988e-03
-23.500000 2.667383e-03
-23.250000 2.695601e-03
-23.000000 2.723636e-03
-22.750000 2.751484e-03
-22.500000 2.779140e-03
-22.250000 2.806599e-03
-22.000000 2.833856e-03
-21.750000 2.860907e-03
-21.500000 2.887747e-03
-21.250000 2.914371e-03
-21.000000 2.940774e-03
-20.750000 2.966954e-03
-20.500000 2.992903e-03
-20.250000 3.018619e-03
-20.000000 3.044097e-03
-19.750000 3.069333e-03
-19.500000 3.094321e-03
-19.250000 3.119058e-03
-19.000000 3.143540e-03
-18.750000 3.167762e-03
-18.500000 3.191720e-03
-18.250000 3.215411e-03
-18.000000 3.238829e-03
-17.750000 3.261971e-03
-17.500000 3.284833e-03
-17.250000 3.307411e-03
-17.000000 3.329702e-03
-16.750000 3.351700e-03
-16.500000 3.373403e-03
-16.250000 3.394807e-03
-16.000000 3.415908e-03
-15.750000 3.436703e-03
-15.500000 3.457187e-03
-15.250000 3.477358e-03
-15.000000 3.497212e-03
-14.750000 3.516746e-03
-14.500000 3.535955e-03
-14.250000 3.554838e-03
-14.000000 3.573390e-03
-13.750000 3.591609e-03
-13.500000 3.609491e-03
-13.250000 3.627033e-03
-13.000000 3.644233e-03
-12.750000 3.661087e-03
-12.500000 3.677592e-03
-12.250000 3.693746e-03
-12.000000 3.709546e-03
-11.750000 3.724989e-03
-11.500000 3.740073e-03
-11.250000 3.754795e-03
-11.000000 3.769152e-03
-10.750000 3.783143e-03
-10.500000 3.796764e-03
-10.250000 3.810013e-03
-10.000000 3.822889e-03
-9.750000 3.835388e-03
-9.500000 3.847510e-03
-9.250000 3.859251e-03
-9.000000 3.870610e-03
-8.750000 3.881585e-03
-8.500000 3.892174e-03
-8.250000 3.902375e-03
-8.000000 3.912187e-03
-7.750000 3.921608e-03
-7.500000 3.930636e-03
-7.250000 3.939270e-03
-7.000000 3.947509e-03
-6.750000 3.955350e-03
-6.500000 3.962794e-03
-6.250000 3.969838e-03
-6.000000 3.976482e-03
-5.750000 3.982724e-03
-5.500000 3.988564e-03
-5.250000 3.994000e-03
-5.000000 3.999032e-03
-4.750000 4.003658e-03
-4.500000 4.007879e-03
-4.250000 4.011693e-03
-4.000000 4.015101e-03
-3.750000 4.018100e-03
-3.500000 4.020692e-03
-3.250000 4.022875e-03
-3.000000 4.024650e-03
-2.750000 4.026016e-03
-2.500000 4.026974e-03
-2.250000 4.027522e-03
-2.000000 4.027661e-03
-1.750000 4.027391e-03
-1.500000 4.026713e-03
-1.250000 4.025626e-03
-1.000000 4.024131e-03
-0.750000 4.022229e-03
-0.500000 4.019919e-03
-0.250000 4.017202e-03
0.000000 4.014079e-03
0.250000 4.010551e-03
0.500000 4.006618e-03
0.750000 4.002281e-03
1.000000 3.997541e-03
1.250000 3.992398e-03
1.500000 3.986855e-03
1.750000 3.980912e-03
2.000000 3.974570e-03
2.250000 3.967830e-03
2.500000 3.960695e-03
2.750000 3.953164e-03
3.000000 3.945240e-03
3.250000 3.936924e-03
3.500000 3.928218e-03
3.750000 3.919124e-03
4.000000 3.909642e-03
4.250000 3.899776e-03
4.500000 3.889526e-03
4.750000 3.878896e-03
5.000000 3.867885e-03
5.250000 3.856498e-03
5.500000 3.844736e-03
5.750000 3.832601e-03
6.000000 3.820095e-03
6.250000 3.807222e-03
6.500000 3.793982e-03
6.750000 3.780379e-03
7.000000 3.766415e-03
7.250000 3.752094e-03
7.500000 3.737416e-03
7.750000 3.722386e-03
8.000000 3.707005e-03
8.250000 3.691278e-03
8.500000 3.675206e-03
8.750000 3.658793e-03
9.000000 3.642041e-03
9.250000 3.624954e-03
9.500000 3.607535e-03
9.750000 3.589788e-03
10.000000 3.571714e-03
10.250000 3.553318e-03
10.500000 3.534603e-03
10.750000 3.515573e-03
11.000000 3.496230e-03
11.250000 3.476579e-03
11.500000 3.456623e-03
11.750000 3.436365e-03
12.000000 3.415810e-03
12.250000 3.394961e-03
12.500000 3.373821e-03
12.750000 3.352395e-03
13.000000 3.330687e-03
13.250000 3.308700e-03
13.500000 3.286439e-03
13.750000 3.263907e-03
14.000000 3.241109e-03
14.250000 3.218048e-03
14.500000 3.194730e-03
14.750000 3.171157e-03
15.000000 3.147334e-03
15.250000 3.123266e-03
15.500000 3.098957e-03
15.750000 3.074411e-03
16.000000 3.049633e-03
16.250000 3.024626e-03
16.500000 2.999397e-03
16.750000 2.973948e-03
17.000000 2.948285e-03
17.250000 2.922412e-03
17.500000 2.896334e-03
17.750000 2.870056e-03
18.000000 2.843582e-03
18.250000 2.816916e-03
18.500000 2.790064e-03
18.750000 2.763031e-03
19.000000 2.735821e-03
19.250000 2.708439e-03
19.500000 2.680890e-03
19.750000 2.653179e-03
20.000000 2.625311e-03
20.250000 2.597290e-03
20.500000 2.569122e-03
20.750000 2.540812e-03
21.000000 2.512364e-03
21.250000 2.483784e-03
21.500000 2.455077e-03
21.750000 2.426248e-03
22.000000 2.397302e-03
22.250000 2.368243e-03
22.500000 2.339079e-03
22.750000 2.309812e-03
23.000000 2.280449e-03
23.250000 2.250995e-03
23.500000 2.221455e-03
23.750000 2.191834e-03
24.000000 2.162137e-03
24.250000 2.132370e-03
24.500000 2.102538e-03
24.750000 2.072646e-03
25.000000 2.042700e-03
25.250000 2.012705e-03
25.500000 1.982665e-03
25.750000 1.952588e-03
26.000000 1.922477e-03
26.250000 1.892338e-03
26.500000 1.862177e-03
26.750000 1.831998e-03
27.000000 1.801809e-03
27.250000 1.771612e-03
27.500000 1.741416e-03
27.750000 1.711223e-03
28.000000 1.681041e-03
28.250000 1.650874e-03
28.500000 1.620729e-03
28.750000 1.590610e-03
29.000000 1.560523e-03
29.250000 1.530474e-03
29.500000 1.500468e-03
29.750000 1.470511e-03
30.000000 1.440608e-03
30.250000 1.410766e-03
30.500000 1.380989e-03
30.750000 1.351284e-03
31.000000 1.321657e-03
31.250000 1.292113e-03
31.500000 1.262658e-03
31.750000 1.233299e-03
32.000000 1.204041e-03
32.250000 1.174890e-03
32.500000 1.145854e-03
32.750000 1.116937e-03
33.000000 1.088147e-03
33.250000 1.059491e-03
33.500000 1.030974e-03
33.750000 1.002605e-03
34.000000 9.743903e-04
34.250000 9.463373e-04
34.500000 9.184540e-04
34.750000 8.907484e-04
35.000000 8.632289e-04
35.250000 8.359043e-04
35.500000 8.087841e-04
35.750000 7.818781e-04
36.000000 7.551969e-04
36.250000 7.287517e-04
36.500000 7.025548e-04
36.750000 6.766193e-04
37.000000 6.509597e-04
37.250000 6.255916e-04
37.500000 6.005325e-04
37.750000 5.758018e-04
38.000000 5.514210e-04
38.250000 5.274144e-04
38.500000 5.038095e-04
38.750000 4.806376e-04
39.000000 4.579345e-04
39.250000 4.357414e-04
39.500000 4.141057e-04
39.750000 3.930827e-04
40.000000 3.727365e-04
40.250000 3.531415e-04
40.500000 3.343844e-04
40.750000 3.165654e-04
41.000000 2.998000e-04
41.250000 2.842190e-04
41.500000 2.699687e-04
41.750000 2.572077e-04
42.000000 2.461020e-04
42.250000 2.368156e-04
42.500000 2.294977e-04
42.750000 2.242676e-04
43.000000 2.211982e-04
43.250000 2.203043e-04
43.500000 2.215367e-04
43.750000 2.247861e-04
44.000000 2.298939e-04
44.250000 2.366692e-04
44.500000 2.449049e-04
44.750000 2.543935e-04
45.000000 2.649373e-04
45.250000 2.763551e-04
45.500000 2.884855e-04
45.750000 3.011875e-04
46.000000 3.143392e-04
46.250000 3.278366e-04
46.500000 3.415909e-04
46.750000 3.555267e-04
47.000000 3.695802e-04
47.250000 3.836967e-04
47.500000 3.978300e-04
47.750000 4.119404e-04
48.000000 4.259939e-04
48.250000 4.399613e-04
48.500000 4.538172e-04
48.750000 4.675396e-04
49.000000 4.811096e-04
49.250000 4.945105e-04
49.500000 5.077275e-04
49.750000 5.207478e-04
50.000000 5.335601e-04
