-50.000000 5.063413e-03
-49.750000 5.077924e-03
-49.500000 5.092389e-03
-49.250000 5.106807e-03
-49.000000 5.121178e-03
-48.750000 5.135501e-03
-48.500000 5.149777e-03
-48.250000 5.164006e-03
-48.000000 5.178186e-03
-47.750000 5.192318e-03
-47.500000 5.206401e-03
-47.250000 5.220435e-03
-47.000000 5.234420e-03
-46.750000 5.248356e-03
-46.500000 5.262242e-03
-46.250000 5.276078e-03
-46.000000 5.289863e-03
-45.750000 5.303598e-03
-45.500000 5.317283e-03
-45.250000 5.330916e-03
-45.000000 5.344498e-03
-44.750000 5.358028e-03
-44.500000 5.371507e-03
-44.250000 5.384933e-03
-44.000000 5.398307e-03
-43.750000 5.411628e-03
-43.500000 5.424897e-03
-43.250000 5.438112e-03
-43.000000 5.451274e-03
-42.750000 5.464382e-03
-42.500000 5.477436e-03
-42.250000 5.490436e-03
-42.000000 5.503382e-03
-41.750000 5.516273e-03
-41.500000 5.529109e-03
-41.250000 5.541890e-03
-41.000000 5.554615e-03
-40.750000 5.567285e-03
-40.500000 5.579899e-03
-40.250000 5.592457e-03
-40.000000 5.604958e-03
-39.750000 5.617403e-03
-39.500000 5.629791e-03
-39.250000 5.642121e-03
-39.000000 5.654395e-03
-38.750000 5.666611e-03
-38.500000 5.678768e-03
-38.250000 5.690868e-03
-38.000000 5.702910e-03
-37.750000 5.714893e-03
-37.500000 5.726817e-03
-37.250000 5.738683e-03
-37.000000 5.750489e-03
-36.750000 5.762235e-03
-36.500000 5.773922e-03
-36.250000 5.785549e-03
-36.000000 5.797116e-03
-35.750000 5.808623e-03
-35.500000 5.820069e-03
-35.250000 5.831454e-03
-35.000000 5.842778e-03
-34.750000 5.854041e-03
-34.500000 5.865243e-03
-34.250000 5.876383e-03
-34.000000 5.887461e-03
-33.750000 5.898477e-03
-33.500000 5.909430e-03
-33.250000 5.920321e-03
-33.000000 5.931150e-03
-32.750000 5.941915e-03
-32.500000 5.952618e-03
-32.250000 5.963257e-03
-32.000000 5.973832e-03
-31.750000 5.984344e-03
-31.500000 5.994792e-03
-31.250000 6.005175e-03
-31.000000 6.015495e-03
-30.750000 6.025749e-03
-30.500000 6.035939e-03
-30.250000 6.046065e-03
-30.000000 6.056124e-03
-29.750000 6.066119e-03
-29.500000 6.076048e-03
-29.250000 6.085912e-03
-29.000000 6.095709e-03
-28.750000 6.105441e-03
-28.500000 6.115106e-03
-28.250000 6.124704e-03
-28.000000 6.134236e-03
-27.750000 6.143702e-03
-27.500000 6.153100e-03
-27.250000 6.162431e-03
-27.000000 6.171695e-03
-26.750000 6.180891e-03
-26.500000 6.190019e-03
-26.250000 6.199080e-03
-26.000000 6.208072e-03
-25.750000 6.216997e-03
-25.500000 6.225853e-03
-25.250000 6.234640e-03
-25.000000 6.243358e-03
-24.750000 6.252008e-03
-24.500000 6.260589e-03
-24.250000 6.269100e-03
-24.000000 6.277542e-03
-23.750000 6.285914e-03
-23.500000 6.294217e-03
-23.250000 6.302450e-03
-23.000000 6.310613e-03
-22.750000 6.318705e-03
-22.500000 6.326727e-03
-22.250000 6.334679e-03
-22.000000 6.342560e-03
-21.750000 6.350371e-03
-21.500000 6.358110e-03
-21.250000 6.365778e-03
-21.000000 6.373375e-03
-20.750000 6.380901e-03
-20.500000 6.388355e-03
-20.250000 6.395738e-03
-20.000000 6.403048e-03
-19.750000 6.410287e-03
-19.500000 6.417454e-03
-19.250000 6.424548e-03
-19.000000 6.431570e-03
-18.750000 6.438520e-03
-18.500000 6.445397e-03
-18.250000 6.452201e-03
-18.000000 6.458933e-03
-17.750000 6.465591e-03
-17.500000 6.472176e-03
-17.250000 6.478688e-03
-17.000000 6.485127e-03
-16.750000 6.491492e-03
-16.500000 6.497784e-03
-16.250000 6.504002e-03
-16.000000 6.510146e-03
-15.750000 6.516216e-03
-15.500000 6.522212e-03
-15.250000 6.528133e-03
-15.000000 6.533981e-03
-14.750000 6.539754e-03
-14.500000 6.545452e-03
-14.250000 6.551076e-03
-14.000000 6.556625e-03
-13.750000 6.562100e-03
-13.500000 6.567499e-03
-13.250000 6.572824e-03
-13.000000 6.578073e-03
-12.750000 6.583247e-03
-12.500000 6.588345e-03
-12.250000 6.593369e-03
-12.000000 6.598316e-03
-11.750000 6.603188e-03
-11.500000 6.607985e-03
-11.250000 6.612706e-03
-11.000000 6.617350e-03
-10.750000 6.621919e-03
-10.500000 6.626412e-03
-10.250000 6.630828e-03
-10.000000 6.635169e-03
-9.750000 6.639433e-03
-9.500000 6.643621e-03
-9.250000 6.647732e-03
-9.000000 6.651767e-03
-8.750000 6.655725e-03
-8.500000 6.659606e-03
-8.250000 6.663411e-03
-8.000000 6.667139e-03
-7.750000 6.670790e-03
-7.500000 6.674364e-03
-7.250000 6.677861e-03
-7.000000 6.681281e-03
-6.750000 6.684624e-03
-6.500000 6.687890e-03
-6.250000 6.691078e-03
-6.000000 6.694190e-03
-5.750000 6.697223e-03
-5.500000 6.700180e-03
-5.250000 6.703059e-03
-5.000000 6.705860e-03
-4.750000 6.708584e-03
-4.500000 6.711230e-03
-4.250000 6.713799e-03
-4.000000 6.716289e-03
-3.750000 6.718702e-03
-3.500000 6.721038e-03
-3.250000 6.723295e-03
-3.000000 6.725475e-03
-2.750000 6.727576e-03
-2.500000 6.729600e-03
-2.250000 6.731546e-03
-2.000000 6.733413e-03
-1.750000 6.735203e-03
-1.500000 6.736915e-03
-1.250000 6.738548e-03
-1.000000 6.740104e-03
-0.750000 6.741581e-03
-0.500000 6.742980e-03
-0.250000 6.744301e-03
0.000000 6.745543e-03
0.250000 6.746708e-03
0.500000 6.747794e-03
0.750000 6.748802e-03
1.000000 6.749731e-03
1.250000 6.750582e-03
1.500000 6.751355e-03
1.750000 6.752050e-03
2.000000 6.752666e-03
2.250000 6.753204e-03
2.500000 6.753664e-03
2.750000 6.754045e-03
3.000000 6.754348e-03
3.250000 6.754573e-03
3.500000 6.754719e-03
3.750000 6.754787e-03
4.000000 6.754777e-03
4.250000 6.754688e-03
4.500000 6.754521e-03
4.750000 6.754275e-03
5.000000 6.753952e-03
5.250000 6.753550e-03
5.500000 6.753070e-03
5.750000 6.752511e-03
6.000000 6.751874e-03
6.250000 6.751160e-03
6.500000 6.750366e-03
6.750000 6.749495e-03
7.000000 6.748546e-03
7.250000 6.747518e-03
7.500000 6.746412e-03
7.750000 6.745229e-03
8.000000 6.743967e-03
8.250000 6.742627e-03
8.500000 6.741209e-03
8.750000 6.739713e-03
9.000000 6.738140e-03
9.250000 6.736488e-03
9.500000 6.734759e-03
9.750000 6.732951e-03
10.000000 6.731066e-03
10.250000 6.729104e-03
10.500000 6.727063e-03
10.750000 6.724945e-03
11.000000 6.722750e-03
11.250000 6.720477e-03
11.500000 6.718126e-03
11.750000 6.715698e-03
12.000000 6.713193e-03
12.250000 6.710610e-03
12.500000 6.707950e-03
12.750000 6.705213e-03
13.000000 6.702399e-03
13.250000 6.699508e-03
13.500000 6.696539e-03
13.750000 6.693494e-03
14.000000 6.690372e-03
14.250000 6.687173e-03
14.500000 6.683897e-03
14.750000 6.680545e-03
15.000000 6.677116e-03
15.250000 6.673610e-03
15.500000 6.670028e-03
15.750000 6.666370e-03
16.000000 6.662635e-03
16.250000 6.658824e-03
16.500000 6.654937e-03
16.750000 6.650974e-03
17.000000 6.646935e-03
17.250000 6.642820e-03
17.500000 6.638630e-03
17.750000 6.634363e-03
18.000000 6.630021e-03
18.250000 6.625604e-03
18.500000 6.621111e-03
18.750000 6.616542e-03
19.000000 6.611899e-03
19.250000 6.607180e-03
19.500000 6.602387e-03
19.750000 6.597518e-03
20.000000 6.592574e-03
20.250000 6.587556e-03
20.500000 6.582463e-03
20.750000 6.577296e-03
21.000000 6.572054e-03
21.250000 6.566738e-03
21.500000 6.561348e-03
21.750000 6.555884e-03
22.000000 6.550345e-03
22.250000 6.544733e-03
22.500000 6.539047e-03
22.750000 6.533288e-03
23.000000 6.527455e-03
23.250000 6.521549e-03
23.500000 6.515569e-03
23.750000 6.509516e-03
24.000000 6.503391e-03
24.250000 6.497192e-03
24.500000 6.490921e-03
24.750000 6.484577e-03
25.000000 6.478161e-03
25.250000 6.471672e-03
25.500000 6.465111e-03
25.750000 6.458478e-03
26.000000 6.451773e-03
26.250000 6.444997e-03
26.500000 6.438148e-03
26.750000 6.431229e-03
27.000000 6.424237e-03
27.250000 6.417175e-03
27.500000 6.410042e-03
27.750000 6.402837e-03
28.000000 6.395562e-03
28.250000 6.388216e-03
28.500000 6.380800e-03
28.750000 6.373313e-03
29.000000 6.365757e-03
29.250000 6.358130e-03
29.500000 6.350433e-03
29.750000 6.342667e-03
30.000000 6.334831e-03
30.250000 6.326926e-03
30.500000 6.318952e-03
30.750000 6.310908e-03
31.000000 6.302796e-03
31.250000 6.294615e-03
31.500000 6.286365e-03
31.750000 6.278048e-03
32.000000 6.269662e-03
32.250000 6.261207e-03
32.500000 6.252686e-03
32.750000 6.244096e-03
33.000000 6.235439e-03
33.250000 6.226714e-03
33.500000 6.217923e-03
33.750000 6.209064e-03
34.000000 6.200139e-03
34.250000 6.191147e-03
34.500000 6.182089e-03
34.750000 6.172965e-03
35.000000 6.163774e-03
35.250000 6.154518e-03
35.500000 6.145196e-03
35.750000 6.135809e-03
36.000000 6.126356e-03
36.250000 6.116838e-03
36.500000 6.107256e-03
36.750000 6.097609e-03
37.000000 6.087897e-03
37.250000 6.078121e-03
37.500000 6.068281e-03
37.750000 6.058377e-03
38.000000 6.048409e-03
38.250000 6.038378e-03
38.500000 6.028284e-03
38.750000 6.018127e-03
39.000000 6.007907e-03
39.250000 5.997624e-03
39.500000 5.987279e-03
39.750000 5.976872e-03
40.000000 5.966402e-03
40.250000 5.955871e-03
40.500000 5.945279e-03
40.750000 5.934625e-03
41.000000 5.923910e-03
41.250000 5.913134e-03
41.500000 5.902297e-03
41.750000 5.891400e-03
42.000000 5.880443e-03
42.250000 5.869426e-03
42.500000 5.858349e-03
42.750000 5.847212e-03
43.000000 5.836016e-03
43.250000 5.824762e-03
43.500000 5.813448e-03
43.750000 5.802076e-03
44.000000 5.790645e-03
44.250000 5.779156e-03
44.500000 5.767609e-03
44.750000 5.756005e-03
45.000000 5.744343e-03
45.250000 5.732624e-03
45.500000 5.720848e-03
45.750000 5.709016e-03
46.000000 5.697127e-03
46.250000 5.685181e-03
46.500000 5.673180e-03
46.750000 5.661123e-03
47.000000 5.649011e-03
47.250000 5.636843e-03
47.500000 5.624621e-03
47.750000 5.612343e-03
48.000000 5.600012e-03
48.250000 5.587626e-03
48.500000 5.575186e-03
48.750000 5.562693e-03
49.000000 5.550146e-03
49.250000 5.537546e-03
49.500000 5.524893e-03
49.750000 5.512187e-03
50.000000 5.499429e-03
