-50.000000 9.313791e-04
-49.750000 9.943036e-04
-49.500000 1.047130e-03
-49.250000 1.089197e-03
-49.000000 1.119964e-03
-48.750000 1.139024e-03
-48.500000 1.146111e-03
-48.250000 1.141107e-03
-48.000000 1.124054e-03
-47.750000 1.095158e-03
-47.500000 1.054805e-03
-47.250000 1.003571e-03
-47.000000 9.422557e-04
-46.750000 8.719190e-04
-46.500000 7.939635e-04
-46.250000 7.102812e-04
-46.000000 6.235357e-04
-45.750000 5.377095e-04
-45.500000 4.591045e-04
-45.250000 3.977223e-04
-45.000000 3.671218e-04
-44.750000 3.779089e-04
-44.500000 4.280962e-04
-44.250000 5.057472e-04
-44.000000 5.989094e-04
-43.750000 6.993543e-04
-43.500000 8.018528e-04
-43.250000 9.029605e-04
-43.000000 1.000252e-03
-42.750000 1.091914e-03
-42.500000 1.176535e-03
-42.250000 1.252996e-03
-42.000000 1.320410e-03
-41.750000 1.378096e-03
-41.500000 1.425553e-03
-41.250000 1.462458e-03
-41.000000 1.488653e-03
-40.750000 1.504140e-03
-40.500000 1.509077e-03
-40.250000 1.503770e-03
-40.000000 1.488665e-03
-39.750000 1.464339e-03
-39.500000 1.431489e-03
-39.250000 1.390918e-03
-39.000000 1.343524e-03
-38.750000 1.290275e-03
-38.500000 1.232199e-03
-38.250000 1.170356e-03
-38.000000 1.105814e-03
-37.750000 1.039627e-03
-37.500000 9.727995e-04
-37.250000 9.062607e-04
-37.000000 8.408285e-04
-36.750000 7.771804e-04
-36.500000 7.158273e-04
-36.250000 6.570973e-04
-36.000000 6.011365e-04
-35.750000 5.479347e-04
-35.500000 4.973855e-04
-35.250000 4.493926e-04
-35.000000 4.040377e-04
-34.750000 3.618313e-04
-34.500000 3.240712e-04
-34.250000 2.932795e-04
-34.000000 2.734524e-04
-33.750000 2.693772e-04
-33.500000 2.844539e-04
-33.250000 3.186414e-04
-33.000000 3.689873e-04
-32.750000 4.317077e-04
-32.500000 5.034811e-04
-32.250000 5.816853e-04
-32.000000 6.642294e-04
-31.750000 7.493552e-04
-31.500000 8.354988e-04
-31.250000 9.212114e-04
-31.000000 1.005120e-03
-30.750000 1.085909e-03
-30.500000 1.162326e-03
-30.250000 1.233180e-03
-30.000000 1.297361e-03
-29.750000 1.353855e-03
-29.500000 1.401760e-03
-29.250000 1.440305e-03
-29.000000 1.468872e-03
-28.750000 1.487016e-03
-28.500000 1.494486e-03
-28.250000 1.491250e-03
-28.000000 1.477525e-03
-27.750000 1.453800e-03
-27.500000 1.420884e-03
-27.250000 1.379942e-03
-27.000000 1.332552e-03
-26.750000 1.280768e-03
-26.500000 1.227178e-03
-26.250000 1.174947e-03
-26.000000 1.127796e-03
-25.750000 1.089851e-03
-25.500000 1.065280e-03
-25.250000 1.057709e-03
-25.000000 1.069522e-03
-24.750000 1.101340e-03
-24.500000 1.151948e-03
-24.250000 1.218692e-03
-24.000000 1.298115e-03
-23.750000 1.386536e-03
-23.500000 1.480443e-03
-23.250000 1.576697e-03
-23.000000 1.672597e-03
-22.750000 1.765888e-03
-22.500000 1.854738e-03
-22.250000 1.937710e-03
-22.000000 2.013730e-03
-21.750000 2.082077e-03
-21.500000 2.142352e-03
-21.250000 2.194475e-03
-21.000000 2.238662e-03
-20.750000 2.275407e-03
-20.500000 2.305463e-03
-20.250000 2.329802e-03
-20.000000 2.349580e-03
-19.750000 2.366080e-03
-19.500000 2.380647e-03
-19.250000 2.394611e-03
-19.000000 2.409207e-03
-18.750000 2.425488e-03
-18.500000 2.444247e-03
-18.250000 2.465953e-03
-18.000000 2.490712e-03
-17.750000 2.518255e-03
-17.500000 2.547952e-03
-17.250000 2.578862e-03
-17.000000 2.609794e-03
-16.750000 2.639393e-03
-16.500000 2.666226e-03
-16.250000 2.688875e-03
-16.000000 2.706022e-03
-15.750000 2.716536e-03
-15.500000 2.719547e-03
-15.250000 2.714521e-03
-15.000000 2.701329e-03
-14.750000 2.680310e-03
-14.500000 2.652333e-03
-14.250000 2.618848e-03
-14.000000 2.581923e-03
-13.750000 2.544256e-03
-13.500000 2.509139e-03
-13.250000 2.480346e-03
-13.000000 2.461936e-03
-12.750000 2.457931e-03
-12.500000 2.471919e-03
-12.250000 2.506611e-03
-12.000000 2.563472e-03
-11.750000 2.642518e-03
-11.500000 2.742326e-03
-11.250000 2.860231e-03
-11.000000 2.992648e-03
-10.750000 3.135416e-03
-10.500000 3.284104e-03
-10.250000 3.434249e-03
-10.000000 3.581533e-03
-9.750000 3.721901e-03
-9.500000 3.851648e-03
-9.250000 3.967484e-03
-9.000000 4.066597e-03
-8.750000 4.146711e-03
-8.500000 4.206160e-03
-8.250000 4.243968e-03
-8.000000 4.259956e-03
-7.750000 4.254866e-03
-7.500000 4.230508e-03
-7.250000 4.189943e-03
-7.000000 4.137669e-03
-6.750000 4.079812e-03
-6.500000 4.024246e-03
-6.250000 3.980573e-03
-6.000000 3.959811e-03
-5.750000 3.973676e-03
-5.500000 4.033411e-03
-5.250000 4.148334e-03
-5.000000 4.324510e-03
-4.750000 4.564029e-03
-4.500000 4.865104e-03
-4.250000 5.222842e-03
-4.000000 5.630295e-03
-3.750000 6.079435e-03
-3.500000 6.561867e-03
-3.250000 7.069271e-03
-3.000000 7.593633e-03
-2.750000 8.127346e-03
-2.500000 8.663231e-03
-2.250000 9.194538e-03
-2.000000 9.714932e-03
-1.750000 1.021847e-02
-1.500000 1.069962e-02
-1.250000 1.115322e-02
-1.000000 1.157451e-02
-0.750000 1.195916e-02
-0.500000 1.230323e-02
-0.250000 1.260322e-02
0.000000 1.285611e-02
0.250000 1.305930e-02
0.500000 1.321070e-02
0.750000 1.330871e-02
1.000000 1.335220e-02
1.250000 1.334057e-02
1.500000 1.327372e-02
1.750000 1.315204e-02
2.000000 1.297645e-02
2.250000 1.274831e-02
2.500000 1.246952e-02
2.750000 1.214238e-02
3.000000 1.176969e-02
3.250000 1.135465e-02
3.500000 1.090087e-02
3.750000 1.041235e-02
4.000000 9.893443e-03
4.250000 9.348876e-03
4.500000 8.783705e-03
4.750000 8.203334e-03
5.000000 7.613527e-03
5.250000 7.020444e-03
5.500000 6.430714e-03
5.750000 5.851544e-03
6.000000 5.290878e-03
6.250000 4.757624e-03
6.500000 4.261896e-03
6.750000 3.815196e-03
7.000000 3.430269e-03
7.250000 3.120138e-03
7.500000 2.895759e-03
7.750000 2.762333e-03
8.000000 2.715944e-03
8.250000 2.743192e-03
8.500000 2.824614e-03
8.750000 2.939540e-03
9.000000 3.069634e-03
9.250000 3.200323e-03
9.500000 3.320785e-03
9.750000 3.423355e-03
10.000000 3.502843e-03
10.250000 3.555954e-03
10.500000 3.580840e-03
10.750000 3.576777e-03
11.000000 3.543927e-03
11.250000 3.483165e-03
11.500000 3.395948e-03
11.750000 3.284218e-03
12.000000 3.150323e-03
12.250000 2.996963e-03
12.500000 2.827144e-03
12.750000 2.644150e-03
13.000000 2.451536e-03
13.250000 2.253136e-03
13.500000 2.053105e-03
13.750000 1.855983e-03
14.000000 1.666800e-03
14.250000 1.491183e-03
14.500000 1.335384e-03
14.750000 1.206038e-03
15.000000 1.109313e-03
15.250000 1.049279e-03
15.500000 1.026013e-03
15.750000 1.034862e-03
16.000000 1.067755e-03
16.250000 1.115644e-03
16.500000 1.170446e-03
16.750000 1.225878e-03
17.000000 1.277505e-03
17.250000 1.322460e-03
17.500000 1.359127e-03
17.750000 1.386862e-03
18.000000 1.405784e-03
18.250000 1.416621e-03
18.500000 1.420574e-03
18.750000 1.419210e-03
19.000000 1.414342e-03
19.250000 1.407910e-03
19.500000 1.401838e-03
19.750000 1.397882e-03
20.000000 1.397479e-03
20.250000 1.401606e-03
20.500000 1.410688e-03
20.750000 1.424562e-03
21.000000 1.442510e-03
21.250000 1.463348e-03
21.500000 1.485552e-03
21.750000 1.507398e-03
22.000000 1.527094e-03
22.250000 1.542894e-03
22.500000 1.553183e-03
22.750000 1.556540e-03
23.000000 1.551786e-03
23.250000 1.538015e-03
23.500000 1.514612e-03
23.750000 1.481273e-03
24.000000 1.438024e-03
24.250000 1.385234e-03
24.500000 1.323650e-03
24.750000 1.254440e-03
25.000000 1.179256e-03
25.250000 1.100333e-03
25.500000 1.020621e-03
25.750000 9.439395e-04
26.000000 8.750901e-04
26.250000 8.197574e-04
26.500000 7.838973e-04
26.750000 7.723959e-04
27.000000 7.873930e-04
27.250000 8.274152e-04
27.500000 8.880758e-04
27.750000 9.636946e-04
28.000000 1.048677e-03
28.250000 1.138183e-03
28.500000 1.228274e-03
28.750000 1.315818e-03
29.000000 1.398343e-03
29.250000 1.473909e-03
29.500000 1.541005e-03
29.750000 1.598480e-03
30.000000 1.645497e-03
30.250000 1.681498e-03
30.500000 1.706179e-03
30.750000 1.719475e-03
31.000000 1.721548e-03
31.250000 1.712770e-03
31.500000 1.693719e-03
31.750000 1.665165e-03
32.000000 1.628061e-03
32.250000 1.583528e-03
32.500000 1.532848e-03
32.750000 1.477441e-03
33.000000 1.418848e-03
33.250000 1.358700e-03
33.500000 1.298679e-03
33.750000 1.240463e-03
34.000000 1.185652e-03
34.250000 1.135675e-03
34.500000 1.091681e-03
34.750000 1.054432e-03
35.000000 1.024207e-03
35.250000 1.000764e-03
35.500000 9.833509e-04
35.750000 9.707967e-04
36.000000 9.616393e-04
36.250000 9.542787e-04
36.500000 9.471188e-04
36.750000 9.386825e-04
37.000000 9.276925e-04
37.250000 9.131217e-04
37.500000 8.942199e-04
37.750000 8.705254e-04
38.000000 8.418706e-04
38.250000 8.083845e-04
38.500000 7.705012e-04
38.750000 7.289754e-04
39.000000 6.849107e-04
39.250000 6.397996e-04
39.500000 5.955704e-04
39.750000 5.546152e-04
40.000000 5.197375e-04
40.250000 4.939163e-04
40.500000 4.797889e-04
40.750000 4.789246e-04
41.000000 4.912558e-04
41.250000 5.150824e-04
41.500000 5.476490e-04
41.750000 5.858721e-04
42.000000 6.268519e-04
42.250000 6.680982e-04
42.500000 7.075708e-04
42.750000 7.436395e-04
43.000000 7.750243e-04
43.250000 8.007422e-04
43.500000 8.200661e-04
43.750000 8.324955e-04
44.000000 8.377367e-04
44.250000 8.356911e-04
44.500000 8.264483e-04
44.750000 8.102847e-04
45.000000 7.876674e-04
45.250000 7.592636e-04
45.500000 7.259564e-04
45.750000 6.888705e-04
46.000000 6.494056e-04
46.250000 6.092762e-04
46.500000 5.705448e-04
46.750000 5.356150e-04
47.000000 5.071237e-04
47.250000 4.876501e-04
47.500000 4.792185e-04
47.750000 4.827400e-04
48.000000 4.977101e-04
48.250000 5.223823e-04
48.500000 5.542932e-04
48.750000 5.908106e-04
49.000000 6.294933e-04
49.250000 6.682452e-04
49.500000 7.053409e-04
49.750000 7.393946e-04
50.000000 7.693140e-04
