-50.000000 3.035030e-04
-49.750000 4.109944e-04
-49.500000 5.257178e-04
-49.250000 6.271454e-04
-49.000000 7.060278e-04
-48.750000 7.579030e-04
-48.500000 7.813623e-04
-48.250000 7.776719e-04
-48.000000 7.508608e-04
-47.750000 7.080467e-04
-47.500000 6.598106e-04
-47.250000 6.199567e-04
-47.000000 6.029790e-04
-46.750000 6.180424e-04
-46.500000 6.634784e-04
-46.250000 7.283039e-04
-46.000000 7.985382e-04
-45.750000 8.617207e-04
-45.500000 9.083245e-04
-45.250000 9.317593e-04
-45.000000 9.280974e-04
-44.750000 8.958614e-04
-44.500000 8.359305e-04
-44.250000 7.516006e-04
-44.000000 6.489486e-04
-43.750000 5.379242e-04
-43.500000 4.350422e-04
-43.250000 3.671349e-04
-43.000000 3.629557e-04
-42.750000 4.204761e-04
-42.500000 5.082190e-04
-42.250000 5.986275e-04
-42.000000 6.755278e-04
-41.750000 7.297489e-04
-41.500000 7.561552e-04
-41.250000 7.524010e-04
-41.000000 7.184639e-04
-40.750000 6.565563e-04
-40.500000 5.714102e-04
-40.250000 4.713915e-04
-40.000000 3.719456e-04
-39.750000 3.035656e-04
-39.500000 3.084136e-04
-39.250000 3.888465e-04
-39.000000 5.063276e-04
-38.750000 6.320114e-04
-38.500000 7.510105e-04
-38.250000 8.550451e-04
-38.000000 9.391011e-04
-37.750000 1.000214e-03
-37.500000 1.036976e-03
-37.250000 1.049267e-03
-37.000000 1.038063e-03
-36.750000 1.005268e-03
-36.500000 9.535656e-04
-36.250000 8.863351e-04
-36.000000 8.076684e-04
-35.750000 7.225800e-04
-35.500000 6.375049e-04
-35.250000 5.611012e-04
-35.000000 5.047837e-04
-34.750000 4.808657e-04
-34.500000 4.961940e-04
-34.250000 5.465486e-04
-34.000000 6.199373e-04
-33.750000 7.035984e-04
-33.500000 7.871176e-04
-33.250000 8.624263e-04
-33.000000 9.231454e-04
-32.750000 9.641478e-04
-32.500000 9.814012e-04
-32.250000 9.719949e-04
-32.000000 9.342728e-04
-31.750000 8.680400e-04
-31.500000 7.748805e-04
-31.250000 6.587796e-04
-31.000000 5.277473e-04
-30.750000 3.989252e-04
-30.500000 3.130252e-04
-30.250000 3.326346e-04
-30.000000 4.511739e-04
-29.750000 6.105592e-04
-29.500000 7.775286e-04
-29.250000 9.367836e-04
-29.000000 1.080147e-03
-28.750000 1.203174e-03
-28.500000 1.304273e-03
-28.250000 1.384516e-03
-28.000000 1.447538e-03
-27.750000 1.499245e-03
-27.500000 1.547111e-03
-27.250000 1.598954e-03
-27.000000 1.661299e-03
-26.750000 1.737779e-03
-26.500000 1.828202e-03
-26.250000 1.928644e-03
-26.000000 2.032457e-03
-25.750000 2.131669e-03
-25.500000 2.218354e-03
-25.250000 2.285727e-03
-25.000000 2.328957e-03
-24.750000 2.345744e-03
-24.500000 2.336713e-03
-24.250000 2.305653e-03
-24.000000 2.259536e-03
-23.750000 2.208185e-03
-23.500000 2.163367e-03
-23.250000 2.137057e-03
-23.000000 2.138963e-03
-22.750000 2.174001e-03
-22.500000 2.240932e-03
-22.250000 2.332932e-03
-22.000000 2.439674e-03
-21.750000 2.549783e-03
-21.500000 2.652747e-03
-21.250000 2.740050e-03
-21.000000 2.805655e-03
-20.750000 2.846061e-03
-20.500000 2.860112e-03
-20.250000 2.848635e-03
-20.000000 2.813982e-03
-19.750000 2.759500e-03
-19.500000 2.689002e-03
-19.250000 2.606280e-03
-19.000000 2.514734e-03
-18.750000 2.417195e-03
-18.500000 2.315954e-03
-18.250000 2.213002e-03
-18.000000 2.110402e-03
-17.750000 2.010665e-03
-17.500000 1.916971e-03
-17.250000 1.833051e-03
-17.000000 1.762621e-03
-16.750000 1.708371e-03
-16.500000 1.670786e-03
-16.250000 1.647289e-03
-16.000000 1.632177e-03
-15.750000 1.617443e-03
-15.500000 1.594157e-03
-15.250000 1.553946e-03
-15.000000 1.490276e-03
-14.750000 1.399507e-03
-14.500000 1.281894e-03
-14.250000 1.142906e-03
-14.000000 9.954472e-04
-13.750000 8.635072e-04
-13.500000 7.842818e-04
-13.250000 7.947347e-04
-13.000000 8.990775e-04
-12.750000 1.065871e-03
-12.500000 1.258778e-03
-12.250000 1.452009e-03
-12.000000 1.630030e-03
-11.750000 1.785107e-03
-11.500000 1.915995e-03
-11.250000 2.027300e-03
-11.000000 2.128692e-03
-10.750000 2.233270e-03
-10.500000 2.354688e-03
-10.250000 2.503450e-03
-10.000000 2.683681e-03
-9.750000 2.891875e-03
-9.500000 3.118055e-03
-9.250000 3.348559e-03
-9.000000 3.569305e-03
-8.750000 3.768881e-03
-8.500000 3.941328e-03
-8.250000 4.088634e-03
-8.000000 4.222809e-03
-7.750000 4.366882e-03
-7.500000 4.553519e-03
-7.250000 4.819900e-03
-7.000000 5.199024e-03
-6.750000 5.710808e-03
-6.500000 6.357686e-03
-6.250000 7.126381e-03
-6.000000 7.993418e-03
-5.750000 8.930989e-03
-5.500000 9.911518e-03
-5.250000 1.091084e-02
-5.000000 1.191039e-02
-4.750000 1.289874e-02
-4.500000 1.387251e-02
-4.250000 1.483657e-02
-4.000000 1.580327e-02
-3.750000 1.679063e-02
-3.500000 1.781931e-02
-3.250000 1.890877e-02
-3.000000 2.007312e-02
-2.750000 2.131750e-02
-2.500000 2.263556e-02
-2.250000 2.400872e-02
-2.000000 2.540693e-02
-1.750000 2.679073e-02
-1.500000 2.811413e-02
-1.250000 2.932773e-02
-1.000000 3.038189e-02
-0.750000 3.122961e-02
-0.500000 3.182905e-02
-0.250000 3.214570e-02
0.000000 3.215412e-02
0.250000 3.183920e-02
0.500000 3.119707e-02
0.750000 3.023559e-02
1.000000 2.897440e-02
1.250000 2.744465e-02
1.500000 2.568850e-02
1.750000 2.375826e-02
2.000000 2.171545e-02
2.250000 1.962964e-02
2.500000 1.757707e-02
2.750000 1.563840e-02
3.000000 1.389468e-02
3.250000 1.241943e-02
3.500000 1.126510e-02
3.750000 1.044605e-02
4.000000 9.927126e-03
4.250000 9.629704e-03
4.500000 9.454823e-03
4.750000 9.309404e-03
5.000000 9.122849e-03
5.250000 8.852384e-03
5.500000 8.481719e-03
5.750000 8.017360e-03
6.000000 7.484741e-03
6.250000 6.924613e-03
6.500000 6.388915e-03
6.750000 5.934203e-03
7.000000 5.610348e-03
7.250000 5.445171e-03
7.500000 5.432701e-03
7.750000 5.535170e-03
8.000000 5.698352e-03
8.250000 5.868847e-03
8.500000 6.004692e-03
8.750000 6.078962e-03
9.000000 6.079480e-03
9.250000 6.007057e-03
9.500000 5.873284e-03
9.750000 5.698049e-03
10.000000 5.506530e-03
10.250000 5.325337e-03
10.500000 5.177750e-03
10.750000 5.078752e-03
11.000000 5.031468e-03
11.250000 5.026705e-03
11.500000 5.045921e-03
11.750000 5.066185e-03
12.000000 5.065049e-03
12.250000 5.024050e-03
12.500000 4.930589e-03
12.750000 4.778585e-03
13.000000 4.568330e-03
13.250000 4.305941e-03
13.500000 4.002571e-03
13.750000 3.673512e-03
14.000000 3.337147e-03
14.250000 3.013611e-03
14.500000 2.722843e-03
14.750000 2.481629e-03
15.000000 2.299736e-03
15.250000 2.176547e-03
15.500000 2.100710e-03
15.750000 2.053883e-03
16.000000 2.016476e-03
16.250000 1.972219e-03
16.500000 1.910228e-03
16.750000 1.825124e-03
17.000000 1.716178e-03
17.250000 1.586165e-03
17.500000 1.440224e-03
17.750000 1.284877e-03
18.000000 1.127264e-03
18.250000 9.746888e-04
18.500000 8.346151e-04
18.750000 7.152112e-04
19.000000 6.261449e-04
19.250000 5.780695e-04
19.500000 5.782893e-04
19.750000 6.248604e-04
20.000000 7.072100e-04
20.250000 8.123919e-04
20.500000 9.290677e-04
20.750000 1.048018e-03
21.000000 1.161621e-03
21.250000 1.263529e-03
21.500000 1.348666e-03
21.750000 1.413443e-03
22.000000 1.456037e-03
22.250000 1.476652e-03
22.500000 1.477685e-03
22.750000 1.463719e-03
23.000000 1.441223e-03
23.250000 1.417807e-03
23.500000 1.400949e-03
23.750000 1.396295e-03
24.000000 1.406075e-03
24.250000 1.428368e-03
24.500000 1.457650e-03
24.750000 1.486293e-03
25.000000 1.506334e-03
25.250000 1.510934e-03
25.500000 1.495382e-03
25.750000 1.457744e-03
26.000000 1.399294e-03
26.250000 1.324853e-03
26.500000 1.243028e-03
26.750000 1.166069e-03
27.000000 1.108587e-03
27.250000 1.084059e-03
27.500000 1.099453e-03
27.750000 1.151544e-03
28.000000 1.228504e-03
28.250000 1.314993e-03
28.500000 1.396476e-03
28.750000 1.461220e-03
29.000000 1.500760e-03
29.250000 1.509775e-03
29.500000 1.485841e-03
29.750000 1.429198e-03
30.000000 1.342567e-03
30.250000 1.231031e-03
30.500000 1.102036e-03
30.750000 9.655768e-04
31.000000 8.345887e-04
31.250000 7.250721e-04
31.500000 6.539669e-04
31.750000 6.317870e-04
32.000000 6.539628e-04
32.250000 7.031427e-04
32.500000 7.602468e-04
32.750000 8.111854e-04
33.000000 8.475209e-04
33.250000 8.651786e-04
33.500000 8.632065e-04
33.750000 8.428853e-04
34.000000 8.070680e-04
34.250000 7.596262e-04
34.500000 7.049220e-04
34.750000 6.472683e-04
35.000000 5.903865e-04
35.250000 5.369285e-04
35.500000 4.882105e-04
35.750000 4.443337e-04
36.000000 4.047831e-04
36.250000 3.694004e-04
36.500000 3.394396e-04
36.750000 3.182203e-04
37.000000 3.105561e-04
37.250000 3.202616e-04
37.500000 3.471461e-04
37.750000 3.866584e-04
38.000000 4.321944e-04
38.250000 4.772743e-04
38.500000 5.164999e-04
38.750000 5.458206e-04
39.000000 5.626264e-04
39.250000 5.658639e-04
39.500000 5.562171e-04
39.750000 5.363552e-04
40.000000 5.111958e-04
40.250000 4.879437e-04
40.500000 4.752632e-04
40.750000 4.807714e-04
41.000000 5.075197e-04
41.250000 5.524828e-04
41.500000 6.085696e-04
41.750000 6.677368e-04
42.000000 7.228994e-04
42.250000 7.685875e-04
42.500000 8.010402e-04
42.750000 8.181512e-04
43.000000 8.194024e-04
43.250000 8.057996e-04
43.500000 7.797889e-04
43.750000 7.451150e-04
44.000000 7.065495e-04
44.250000 6.693758e-04
44.500000 6.385173e-04
44.750000 6.173514e-04
45.000000 6.066264e-04
45.250000 6.041574e-04
45.500000 6.055956e-04
45.750000 6.058057e-04
46.000000 6.001221e-04
46.250000 5.851319e-04
46.500000 5.590372e-04
46.750000 5.217956e-04
47.000000 4.752121e-04
47.250000 4.231118e-04
47.500000 3.716456e-04
47.750000 3.294237e-04
48.000000 3.060609e-04
48.250000 3.072236e-04
48.500000 3.296401e-04
48.750000 3.634599e-04
49.000000 3.984667e-04
49.250000 4.270514e-04
49.500000 4.443233e-04
49.750000 4.475686e-04
50.000000 4.358381e-04
