-50.000000 1.397660e-03
-49.750000 1.637421e-03
-49.500000 1.954113e-03
-49.250000 2.295198e-03
-49.000000 2.627317e-03
-48.750000 2.929070e-03
-48.500000 3.185947e-03
-48.250000 3.387831e-03
-48.000000 3.527866e-03
-47.750000 3.601978e-03
-47.500000 3.608712e-03
-47.250000 3.549240e-03
-47.000000 3.427504e-03
-46.750000 3.250499e-03
-46.500000 3.028784e-03
-46.250000 2.777327e-03
-46.000000 2.516788e-03
-45.750000 2.274984e-03
-45.500000 2.086927e-03
-45.250000 1.989243e-03
-45.000000 2.005560e-03
-44.750000 2.131946e-03
-44.500000 2.339576e-03
-44.250000 2.591056e-03
-44.000000 2.852807e-03
-43.750000 3.098680e-03
-43.500000 3.309322e-03
-43.250000 3.470771e-03
-43.000000 3.573390e-03
-42.750000 3.611254e-03
-42.500000 3.581883e-03
-42.250000 3.486234e-03
-42.000000 3.328951e-03
-41.750000 3.118934e-03
-41.500000 2.870395e-03
-41.250000 2.604625e-03
-41.000000 2.352406e-03
-40.750000 2.155405e-03
-40.500000 2.060767e-03
-40.250000 2.102160e-03
-40.000000 2.278273e-03
-39.750000 2.555316e-03
-39.500000 2.889053e-03
-39.250000 3.240408e-03
-39.000000 3.579098e-03
-38.750000 3.882321e-03
-38.500000 4.132907e-03
-38.250000 4.318052e-03
-38.000000 4.428623e-03
-37.750000 4.458846e-03
-37.500000 4.406223e-03
-37.250000 4.271646e-03
-37.000000 4.059682e-03
-36.750000 3.779166e-03
-36.500000 3.444297e-03
-36.250000 3.076698e-03
-36.000000 2.709031e-03
-35.750000 2.389985e-03
-35.500000 2.185318e-03
-35.250000 2.158564e-03
-35.000000 2.327762e-03
-34.750000 2.650577e-03
-34.500000 3.061222e-03
-34.250000 3.503038e-03
-34.000000 3.934945e-03
-33.750000 4.327749e-03
-33.500000 4.660269e-03
-33.250000 4.917010e-03
-33.000000 5.086982e-03
-32.750000 5.163194e-03
-32.500000 5.142527e-03
-32.250000 5.025862e-03
-32.000000 4.818440e-03
-31.750000 4.530560e-03
-31.500000 4.178810e-03
-31.250000 3.788208e-03
-31.000000 3.395607e-03
-30.750000 3.053652e-03
-30.500000 2.830050e-03
-30.250000 2.789395e-03
-30.000000 2.955924e-03
-29.750000 3.296228e-03
-29.500000 3.746235e-03
-29.250000 4.243724e-03
-29.000000 4.739930e-03
-28.750000 5.198642e-03
-28.500000 5.592933e-03
-28.250000 5.902728e-03
-28.000000 6.113433e-03
-27.750000 6.215286e-03
-27.500000 6.203162e-03
-27.250000 6.076683e-03
-27.000000 5.840616e-03
-26.750000 5.505650e-03
-26.500000 5.089788e-03
-26.250000 4.620811e-03
-26.000000 4.140350e-03
-25.750000 3.709224e-03
-25.500000 3.408959e-03
-25.250000 3.324115e-03
-25.000000 3.496630e-03
-24.750000 3.895170e-03
-24.500000 4.442944e-03
-24.250000 5.061550e-03
-24.000000 5.688898e-03
-23.750000 6.278930e-03
-23.500000 6.797406e-03
-23.250000 7.218661e-03
-23.000000 7.523762e-03
-22.750000 7.699650e-03
-22.500000 7.738874e-03
-22.250000 7.639720e-03
-22.000000 7.406688e-03
-21.750000 7.051361e-03
-21.500000 6.593909e-03
-21.250000 6.065587e-03
-21.000000 5.512605e-03
-20.750000 5.000929e-03
-20.500000 4.617722e-03
-20.250000 4.457172e-03
-20.000000 4.580392e-03
-19.750000 4.976937e-03
-19.500000 5.575373e-03
-19.250000 6.286459e-03
-19.000000 7.031619e-03
-18.750000 7.749391e-03
-18.500000 8.392970e-03
-18.250000 8.926832e-03
-18.000000 9.324471e-03
-17.750000 9.567267e-03
-17.500000 9.644169e-03
-17.250000 9.551976e-03
-17.000000 9.296175e-03
-16.750000 8.892442e-03
-16.500000 8.369104e-03
-16.250000 7.770960e-03
-16.000000 7.164469e-03
-15.750000 6.642150e-03
-15.500000 6.317910e-03
-15.250000 6.298805e-03
-15.000000 6.635218e-03
-14.750000 7.293406e-03
-14.500000 8.181890e-03
-14.250000 9.196231e-03
-14.000000 1.024389e-02
-13.750000 1.124946e-02
-13.500000 1.215260e-02
-13.250000 1.290509e-02
-13.000000 1.346896e-02
-12.750000 1.381577e-02
-12.500000 1.392667e-02
-12.250000 1.379329e-02
-12.000000 1.341948e-02
-11.750000 1.282423e-02
-11.500000 1.204641e-02
-11.250000 1.115259e-02
-11.000000 1.024844e-02
-10.750000 9.490454e-03
-10.500000 9.080728e-03
-10.250000 9.211203e-03
-10.000000 9.963226e-03
-9.750000 1.126470e-02
-9.500000 1.295523e-02
-9.250000 1.486664e-02
-9.000000 1.685605e-02
-8.750000 1.880744e-02
-8.500000 2.062536e-02
-8.250000 2.222949e-02
-8.000000 2.355175e-02
-7.750000 2.453531e-02
-7.500000 2.513514e-02
-7.250000 2.531989e-02
-7.000000 2.507525e-02
-6.750000 2.440944e-02
-6.500000 2.336240e-02
-6.250000 2.202112e-02
-6.000000 2.054428e-02
-5.750000 1.919656e-02
-5.500000 1.837280e-02
-5.250000 1.854586e-02
-5.000000 2.007622e-02
-4.750000 2.302229e-02
-4.500000 2.718117e-02
-4.250000 3.226766e-02
-4.000000 3.802421e-02
-3.750000 4.424291e-02
-3.500000 5.075491e-02
-3.250000 5.741699e-02
-3.000000 6.410223e-02
-2.750000 7.069462e-02
-2.500000 7.708634e-02
-2.250000 8.317670e-02
-2.000000 8.887191e-02
-1.750000 9.408553e-02
-1.500000 9.873908e-02
-1.250000 1.027629e-01
-1.000000 1.060969e-01
-0.750000 1.086913e-01
-0.500000 1.105075e-01
-0.250000 1.115185e-01
0.000000 1.117090e-01
0.250000 1.110762e-01
0.500000 1.096293e-01
0.750000 1.073896e-01
1.000000 1.043905e-01
1.250000 1.006761e-01
1.500000 9.630152e-02
1.750000 9.133171e-02
2.000000 8.584058e-02
2.250000 7.991030e-02
2.500000 7.363041e-02
2.750000 6.709719e-02
3.000000 6.041347e-02
3.250000 5.368899e-02
3.500000 4.704202e-02
3.750000 4.060310e-02
4.000000 3.452213e-02
4.250000 2.898072e-02
4.500000 2.420895e-02
4.750000 2.049344e-02
5.000000 1.812776e-02
5.250000 1.724338e-02
5.500000 1.763004e-02
5.750000 1.881486e-02
6.000000 2.031941e-02
6.250000 2.179921e-02
6.500000 2.304291e-02
6.750000 2.393194e-02
7.000000 2.440703e-02
7.250000 2.444737e-02
7.500000 2.405832e-02
7.750000 2.326422e-02
8.000000 2.210404e-02
8.250000 2.062886e-02
8.500000 1.890067e-02
8.750000 1.699255e-02
9.000000 1.499077e-02
9.250000 1.299974e-02
9.500000 1.115036e-02
9.750000 9.608564e-03
10.000000 8.565224e-03
10.250000 8.168147e-03
10.500000 8.409493e-03
10.750000 9.109630e-03
11.000000 1.003495e-02
11.250000 1.099539e-02
11.500000 1.186331e-02
11.750000 1.255934e-02
12.000000 1.303684e-02
12.250000 1.327167e-02
12.500000 1.325612e-02
12.750000 1.299542e-02
13.000000 1.250580e-02
13.250000 1.181353e-02
13.500000 1.095486e-02
13.750000 9.976970e-03
14.000000 8.940399e-03
14.250000 7.923069e-03
14.500000 7.024582e-03
14.750000 6.363303e-03
15.000000 6.049277e-03
15.250000 6.127731e-03
15.500000 6.543180e-03
15.750000 7.174622e-03
16.000000 7.897000e-03
16.250000 8.611848e-03
16.500000 9.249689e-03
16.750000 9.763687e-03
17.000000 1.012357e-02
17.250000 1.031150e-02
17.500000 1.031957e-02
17.750000 1.014817e-02
18.000000 9.805149e-03
18.250000 9.305260e-03
18.500000 8.670115e-03
18.750000 7.928652e-03
19.000000 7.118473e-03
19.250000 6.288491e-03
19.500000 5.503162e-03
19.750000 4.846332e-03
20.000000 4.415327e-03
20.250000 4.287564e-03
20.500000 4.468007e-03
20.750000 4.880147e-03
21.000000 5.416860e-03
21.250000 5.985658e-03
21.500000 6.520327e-03
21.750000 6.976534e-03
22.000000 7.325589e-03
22.250000 7.550040e-03
22.500000 7.641018e-03
22.750000 7.596705e-03
23.000000 7.421459e-03
23.250000 7.125367e-03
23.500000 6.724134e-03
23.750000 6.239334e-03
24.000000 5.699131e-03
24.250000 5.139574e-03
24.500000 4.606203e-03
24.750000 4.154364e-03
25.000000 3.843588e-03
25.250000 3.719915e-03
25.500000 3.791333e-03
25.750000 4.020385e-03
26.000000 4.344417e-03
26.250000 4.700956e-03
26.500000 5.039896e-03
26.750000 5.324858e-03
27.000000 5.530864e-03
27.250000 5.641872e-03
27.500000 5.649005e-03
27.750000 5.549463e-03
28.000000 5.345932e-03
28.250000 5.046423e-03
28.500000 4.664579e-03
28.750000 4.220689e-03
29.000000 3.743875e-03
29.250000 3.276070e-03
29.500000 2.877195e-03
29.750000 2.624487e-03
30.000000 2.587062e-03
30.250000 2.776625e-03
30.500000 3.136830e-03
30.750000 3.588889e-03
31.000000 4.067417e-03
31.250000 4.526323e-03
31.500000 4.933981e-03
31.750000 5.268481e-03
32.000000 5.514714e-03
32.250000 5.662762e-03
32.500000 5.707038e-03
32.750000 5.645793e-03
33.000000 5.480845e-03
33.250000 5.217425e-03
33.500000 4.864160e-03
33.750000 4.433243e-03
34.000000 3.941015e-03
34.250000 3.409398e-03
34.500000 2.869208e-03
34.750000 2.367223e-03
35.000000 1.977510e-03
35.250000 1.799332e-03
35.500000 1.891480e-03
35.750000 2.198980e-03
36.000000 2.615225e-03
36.250000 3.059359e-03
36.500000 3.483036e-03
36.750000 3.857503e-03
37.000000 4.164945e-03
37.250000 4.394294e-03
37.500000 4.539291e-03
37.750000 4.597579e-03
38.000000 4.570270e-03
38.250000 4.461764e-03
38.500000 4.279726e-03
38.750000 4.035238e-03
39.000000 3.743151e-03
39.250000 3.422747e-03
39.500000 3.098675e-03
39.750000 2.801767e-03
40.000000 2.568077e-03
40.250000 2.432721e-03
40.500000 2.416684e-03
40.750000 2.514664e-03
41.000000 2.697493e-03
41.250000 2.926788e-03
41.500000 3.167370e-03
41.750000 3.391828e-03
42.000000 3.580427e-03
42.250000 3.719756e-03
42.500000 3.801497e-03
42.750000 3.821573e-03
43.000000 3.779650e-03
43.250000 3.678880e-03
43.500000 3.525853e-03
43.750000 3.330731e-03
44.000000 3.107568e-03
44.250000 2.874738e-03
44.500000 2.655135e-03
44.750000 2.475205e-03
45.000000 2.361113e-03
45.250000 2.331148e-03
45.500000 2.387731e-03
45.750000 2.515966e-03
46.000000 2.690370e-03
46.250000 2.883544e-03
46.500000 3.071421e-03
46.750000 3.234927e-03
47.000000 3.359843e-03
47.250000 3.436200e-03
47.500000 3.457717e-03
47.750000 3.421405e-03
48.000000 3.327354e-03
48.250000 3.178693e-03
48.500000 2.981734e-03
48.750000 2.746414e-03
49.000000 2.487168e-03
49.250000 2.224397e-03
49.500000 1.986345e-03
49.750000 1.809388e-03
50.000000 1.731130e-03
