-50.000000 4.108637e-03
-49.750000 4.415142e-03
-49.500000 4.704877e-03
-49.250000 4.975584e-03
-49.000000 5.225228e-03
-48.750000 5.451976e-03
-48.500000 5.654181e-03
-48.250000 5.830384e-03
-48.000000 5.979306e-03
-47.750000 6.099857e-03
-47.500000 6.191141e-03
-47.250000 6.252461e-03
-47.000000 6.283329e-03
-46.750000 6.283478e-03
-46.500000 6.252872e-03
-46.250000 6.191720e-03
-46.000000 6.100497e-03
-45.750000 5.979962e-03
-45.500000 5.831190e-03
-45.250000 5.655609e-03
-45.000000 5.455046e-03
-44.750000 5.231806e-03
-44.500000 4.988759e-03
-44.250000 4.729480e-03
-44.000000 4.458429e-03
-43.750000 4.181210e-03
-43.500000 3.904898e-03
-43.250000 3.638432e-03
-43.000000 3.392995e-03
-42.750000 3.182145e-03
-42.500000 3.021257e-03
-42.250000 2.925694e-03
-42.000000 2.907570e-03
-41.750000 2.972227e-03
-41.500000 3.116602e-03
-41.250000 3.330669e-03
-41.000000 3.600777e-03
-40.750000 3.912757e-03
-40.500000 4.253736e-03
-40.250000 4.612743e-03
-40.000000 4.980669e-03
-39.750000 5.349970e-03
-39.500000 5.714337e-03
-39.250000 6.068424e-03
-39.000000 6.407625e-03
-38.750000 6.727927e-03
-38.500000 7.025794e-03
-38.250000 7.298094e-03
-38.000000 7.542045e-03
-37.750000 7.755187e-03
-37.500000 7.935353e-03
-37.250000 8.080661e-03
-37.000000 8.189507e-03
-36.750000 8.260566e-03
-36.500000 8.292789e-03
-36.250000 8.285417e-03
-36.000000 8.237981e-03
-35.750000 8.150320e-03
-35.500000 8.022596e-03
-35.250000 7.855311e-03
-35.000000 7.649338e-03
-34.750000 7.405959e-03
-34.500000 7.126915e-03
-34.250000 6.814482e-03
-34.000000 6.471577e-03
-33.750000 6.101921e-03
-33.500000 5.710269e-03
-33.250000 5.302774e-03
-33.000000 4.887520e-03
-32.750000 4.475310e-03
-32.500000 4.080766e-03
-32.250000 3.723607e-03
-32.000000 3.429495e-03
-31.750000 3.228726e-03
-31.500000 3.150309e-03
-31.250000 3.211595e-03
-31.000000 3.410332e-03
-30.750000 3.726877e-03
-30.500000 4.133927e-03
-30.250000 4.605042e-03
-30.000000 5.118309e-03
-29.750000 5.656627e-03
-29.500000 6.206771e-03
-29.250000 6.758337e-03
-29.000000 7.302907e-03
-28.750000 7.833460e-03
-28.500000 8.343979e-03
-28.250000 8.829199e-03
-28.000000 9.284432e-03
-27.750000 9.705469e-03
-27.500000 1.008851e-02
-27.250000 1.043011e-02
-27.000000 1.072718e-02
-26.750000 1.097698e-02
-26.500000 1.117706e-02
-26.250000 1.132535e-02
-26.000000 1.142010e-02
-25.750000 1.145993e-02
-25.500000 1.144383e-02
-25.250000 1.137121e-02
-25.000000 1.124187e-02
-24.750000 1.105612e-02
-24.500000 1.081474e-02
-24.250000 1.051909e-02
-24.000000 1.017117e-02
-23.750000 9.773756e-03
-23.500000 9.330508e-03
-23.250000 8.846244e-03
-23.000000 8.327244e-03
-22.750000 7.781751e-03
-22.500000 7.220689e-03
-22.250000 6.658718e-03
-22.000000 6.115669e-03
-21.750000 5.618248e-03
-21.500000 5.201263e-03
-21.250000 4.906423e-03
-21.000000 4.775657e-03
-20.750000 4.838275e-03
-20.500000 5.099002e-03
-20.250000 5.537437e-03
-20.000000 6.118976e-03
-19.750000 6.806986e-03
-19.500000 7.569450e-03
-19.250000 8.380547e-03
-19.000000 9.219894e-03
-18.750000 1.007123e-02
-18.500000 1.092123e-02
-18.250000 1.175868e-02
-18.000000 1.257381e-02
-17.750000 1.335793e-02
-17.500000 1.410319e-02
-17.250000 1.480232e-02
-17.000000 1.544862e-02
-16.750000 1.603583e-02
-16.500000 1.655812e-02
-16.250000 1.701006e-02
-16.000000 1.738663e-02
-15.750000 1.768323e-02
-15.500000 1.789571e-02
-15.250000 1.802038e-02
-15.000000 1.805410e-02
-14.750000 1.799430e-02
-14.500000 1.783905e-02
-14.250000 1.758721e-02
-14.000000 1.723853e-02
-13.750000 1.679381e-02
-13.500000 1.625522e-02
-13.250000 1.562663e-02
-13.000000 1.491419e-02
-12.750000 1.412710e-02
-12.500000 1.327893e-02
-12.250000 1.238944e-02
-12.000000 1.148749e-02
-11.750000 1.061500e-02
-11.500000 9.831845e-03
-11.250000 9.219293e-03
-11.000000 8.875824e-03
-10.750000 8.897023e-03
-10.500000 9.342025e-03
-10.250000 1.021136e-02
-10.000000 1.145743e-02
-9.750000 1.301374e-02
-9.500000 1.481726e-02
-9.250000 1.681683e-02
-9.000000 1.897318e-02
-8.750000 2.125638e-02
-8.500000 2.364305e-02
-8.250000 2.611431e-02
-8.000000 2.865429e-02
-7.750000 3.124919e-02
-7.500000 3.388655e-02
-7.250000 3.655491e-02
-7.000000 3.924346e-02
-6.750000 4.194185e-02
-6.500000 4.464012e-02
-6.250000 4.732857e-02
-6.000000 4.999775e-02
-5.750000 5.263839e-02
-5.500000 5.524143e-02
-5.250000 5.779802e-02
-5.000000 6.029949e-02
-4.750000 6.273739e-02
-4.500000 6.510350e-02
-4.250000 6.738987e-02
-4.000000 6.958880e-02
-3.750000 7.169288e-02
-3.500000 7.369505e-02
-3.250000 7.558854e-02
-3.000000 7.736697e-02
-2.750000 7.902435e-02
-2.500000 8.055506e-02
-2.250000 8.195394e-02
-2.000000 8.321625e-02
-1.750000 8.433771e-02
-1.500000 8.531450e-02
-1.250000 8.614333e-02
-1.000000 8.682136e-02
-0.750000 8.734630e-02
-0.500000 8.771635e-02
-0.250000 8.793025e-02
0.000000 8.798727e-02
0.250000 8.788721e-02
0.500000 8.763041e-02
0.750000 8.721774e-02
1.000000 8.665059e-02
1.250000 8.593087e-02
1.500000 8.506104e-02
1.750000 8.404404e-02
2.000000 8.288330e-02
2.250000 8.158275e-02
2.500000 8.014679e-02
2.750000 7.858027e-02
3.000000 7.688847e-02
3.250000 7.507710e-02
3.500000 7.315224e-02
3.750000 7.112039e-02
4.000000 6.898836e-02
4.250000 6.676332e-02
4.500000 6.445275e-02
4.750000 6.206440e-02
5.000000 5.960631e-02
5.250000 5.708675e-02
5.500000 5.451422e-02
5.750000 5.189743e-02
6.000000 4.924533e-02
6.250000 4.656701e-02
6.500000 4.387180e-02
6.750000 4.116925e-02
7.000000 3.846915e-02
7.250000 3.578162e-02
7.500000 3.311717e-02
7.750000 3.048686e-02
8.000000 2.790255e-02
8.250000 2.537718e-02
8.500000 2.292535e-02
8.750000 2.056402e-02
9.000000 1.831372e-02
9.250000 1.620025e-02
9.500000 1.425703e-02
9.750000 1.252798e-02
10.000000 1.106968e-02
10.250000 9.949025e-03
10.500000 9.229924e-03
10.750000 8.946118e-03
11.000000 9.075213e-03
11.250000 9.540482e-03
11.500000 1.024113e-02
11.750000 1.108295e-02
12.000000 1.199201e-02
12.250000 1.291511e-02
12.500000 1.381528e-02
12.750000 1.466711e-02
13.000000 1.545314e-02
13.250000 1.616140e-02
13.500000 1.678376e-02
13.750000 1.731482e-02
14.000000 1.775125e-02
14.250000 1.809128e-02
14.500000 1.833437e-02
14.750000 1.848099e-02
15.000000 1.853244e-02
15.250000 1.849073e-02
15.500000 1.835848e-02
15.750000 1.813887e-02
16.000000 1.783556e-02
16.250000 1.745264e-02
16.500000 1.699462e-02
16.750000 1.646637e-02
17.000000 1.587311e-02
17.250000 1.522040e-02
17.500000 1.451413e-02
17.750000 1.376055e-02
18.000000 1.296627e-02
18.250000 1.213832e-02
18.500000 1.128430e-02
18.750000 1.041246e-02
19.000000 9.532009e-03
19.250000 8.653499e-03
19.500000 7.789448e-03
19.750000 6.955300e-03
20.000000 6.170831e-03
20.250000 5.461965e-03
20.500000 4.862348e-03
20.750000 4.412444e-03
21.000000 4.151845e-03
21.250000 4.102935e-03
21.500000 4.256026e-03
21.750000 4.572179e-03
22.000000 5.001272e-03
22.250000 5.497774e-03
22.500000 6.026531e-03
22.750000 6.562191e-03
23.000000 7.086790e-03
23.250000 7.587507e-03
23.500000 8.055049e-03
23.750000 8.482573e-03
24.000000 8.864985e-03
24.250000 9.198493e-03
24.500000 9.480307e-03
24.750000 9.708444e-03
25.000000 9.881592e-03
25.250000 9.999015e-03
25.500000 1.006049e-02
25.750000 1.006624e-02
26.000000 1.001693e-02
26.250000 9.913595e-03
26.500000 9.757639e-03
26.750000 9.550819e-03
27.000000 9.295218e-03
27.250000 8.993248e-03
27.500000 8.647633e-03
27.750000 8.261426e-03
28.000000 7.838014e-03
28.250000 7.381156e-03
28.500000 6.895042e-03
28.750000 6.384389e-03
29.000000 5.854621e-03
29.250000 5.312147e-03
29.500000 4.764865e-03
29.750000 4.222991e-03
30.000000 3.700501e-03
30.250000 3.217451e-03
30.500000 2.803142e-03
30.750000 2.498069e-03
31.000000 2.347452e-03
31.250000 2.378926e-03
31.500000 2.580553e-03
31.750000 2.909574e-03
32.000000 3.319268e-03
32.250000 3.773569e-03
32.500000 4.247930e-03
32.750000 4.725994e-03
33.000000 5.196588e-03
33.250000 5.651753e-03
33.500000 6.085586e-03
33.750000 6.493544e-03
34.000000 6.872044e-03
34.250000 7.218217e-03
34.500000 7.529755e-03
34.750000 7.804817e-03
35.000000 8.041961e-03
35.250000 8.240110e-03
35.500000 8.398516e-03
35.750000 8.516744e-03
36.000000 8.594655e-03
36.250000 8.632396e-03
36.500000 8.630390e-03
36.750000 8.589329e-03
37.000000 8.510168e-03
37.250000 8.394121e-03
37.500000 8.242662e-03
37.750000 8.057516e-03
38.000000 7.840670e-03
38.250000 7.594373e-03
38.500000 7.321150e-03
38.750000 7.023816e-03
39.000000 6.705509e-03
39.250000 6.369723e-03
39.500000 6.020371e-03
39.750000 5.661864e-03
40.000000 5.299222e-03
40.250000 4.938215e-03
40.500000 4.585540e-03
40.750000 4.249015e-03
41.000000 3.937721e-03
41.250000 3.661983e-03
41.500000 3.432956e-03
41.750000 3.261544e-03
42.000000 3.156540e-03
42.250000 3.122391e-03
42.500000 3.157643e-03
42.750000 3.255047e-03
43.000000 3.403347e-03
43.250000 3.589688e-03
43.500000 3.801568e-03
43.750000 4.027915e-03
44.000000 4.259430e-03
44.250000 4.488523e-03
44.500000 4.709072e-03
44.750000 4.916167e-03
45.000000 5.105874e-03
45.250000 5.275048e-03
45.500000 5.421184e-03
45.750000 5.542316e-03
46.000000 5.636932e-03
46.250000 5.703912e-03
46.500000 5.742487e-03
46.750000 5.752203e-03
47.000000 5.732894e-03
47.250000 5.684662e-03
47.500000 5.607865e-03
47.750000 5.503102e-03
48.000000 5.371207e-03
48.250000 5.213246e-03
48.500000 5.030514e-03
48.750000 4.824544e-03
49.000000 4.597122e-03
49.250000 4.350309e-03
49.500000 4.086486e-03
49.750000 3.808425e-03
50.000000 3.519403e-03
