-50.000000 8.239470e-03
-49.750000 8.317911e-03
-49.500000 8.392178e-03
-49.250000 8.462188e-03
-49.000000 8.527856e-03
-48.750000 8.589102e-03
-48.500000 8.645846e-03
-48.250000 8.698009e-03
-48.000000 8.745514e-03
-47.750000 8.788287e-03
-47.500000 8.826254e-03
-47.250000 8.859343e-03
-47.000000 8.887485e-03
-46.750000 8.910612e-03
-46.500000 8.928658e-03
-46.250000 8.941559e-03
-46.000000 8.949252e-03
-45.750000 8.951677e-03
-45.500000 8.948776e-03
-45.250000 8.940493e-03
-45.000000 8.926773e-03
-44.750000 8.907565e-03
-44.500000 8.882820e-03
-44.250000 8.852488e-03
-44.000000 8.816526e-03
-43.750000 8.774890e-03
-43.500000 8.727540e-03
-43.250000 8.674437e-03
-43.000000 8.615545e-03
-42.750000 8.550831e-03
-42.500000 8.480264e-03
-42.250000 8.403815e-03
-42.000000 8.321460e-03
-41.750000 8.233174e-03
-41.500000 8.138938e-03
-41.250000 8.038735e-03
-41.000000 7.932548e-03
-40.750000 7.820367e-03
-40.500000 7.702183e-03
-40.250000 7.577991e-03
-40.000000 7.447788e-03
-39.750000 7.311576e-03
-39.500000 7.169358e-03
-39.250000 7.021145e-03
-39.000000 6.866948e-03
-38.750000 6.706785e-03
-38.500000 6.540676e-03
-38.250000 6.368648e-03
-38.000000 6.190733e-03
-37.750000 6.006969e-03
-37.500000 5.817402e-03
-37.250000 5.622083e-03
-37.000000 5.421076e-03
-36.750000 5.214453e-03
-36.500000 5.002301e-03
-36.250000 4.784722e-03
-36.000000 4.561839e-03
-35.750000 4.333798e-03
-35.500000 4.100782e-03
-35.250000 3.863016e-03
-35.000000 3.620782e-03
-34.750000 3.374450e-03
-34.500000 3.124503e-03
-34.250000 2.871601e-03
-34.000000 2.616662e-03
-33.750000 2.361013e-03
-33.500000 2.106641e-03
-33.250000 1.856634e-03
-33.000000 1.615981e-03
-32.750000 1.392995e-03
-32.500000 1.201589e-03
-32.250000 1.063551e-03
-32.000000 1.005983e-03
-31.750000 1.046885e-03
-31.500000 1.180070e-03
-31.250000 1.382483e-03
-31.000000 1.631396e-03
-30.750000 1.911141e-03
-30.500000 2.212122e-03
-30.250000 2.528563e-03
-30.000000 2.856895e-03
-29.750000 3.194835e-03
-29.500000 3.540852e-03
-29.250000 3.893882e-03
-29.000000 4.253153e-03
-28.750000 4.618082e-03
-28.500000 4.988214e-03
-28.250000 5.363181e-03
-28.000000 5.742678e-03
-27.750000 6.126441e-03
-27.500000 6.514239e-03
-27.250000 6.905865e-03
-27.000000 7.301126e-03
-26.750000 7.699846e-03
-26.500000 8.101856e-03
-26.250000 8.506995e-03
-26.000000 8.915107e-03
-25.750000 9.326043e-03
-25.500000 9.739652e-03
-25.250000 1.015579e-02
-25.000000 1.057432e-02
-24.750000 1.099508e-02
-24.500000 1.141795e-02
-24.250000 1.184278e-02
-24.000000 1.226942e-02
-23.750000 1.269775e-02
-23.500000 1.312761e-02
-23.250000 1.355887e-02
-23.000000 1.399139e-02
-22.750000 1.442502e-02
-22.500000 1.485962e-02
-22.250000 1.529506e-02
-22.000000 1.573119e-02
-21.750000 1.616787e-02
-21.500000 1.660495e-02
-21.250000 1.704230e-02
-21.000000 1.747977e-02
-20.750000 1.791722e-02
-20.500000 1.835450e-02
-20.250000 1.879147e-02
-20.000000 1.922799e-02
-19.750000 1.966391e-02
-19.500000 2.009910e-02
-19.250000 2.053339e-02
-19.000000 2.096666e-02
-18.750000 2.139876e-02
-18.500000 2.182954e-02
-18.250000 2.225886e-02
-18.000000 2.268657e-02
-17.750000 2.311254e-02
-17.500000 2.353662e-02
-17.250000 2.395868e-02
-17.000000 2.437855e-02
-16.750000 2.479612e-02
-16.500000 2.521122e-02
-16.250000 2.562373e-02
-16.000000 2.603351e-02
-15.750000 2.644041e-02
-15.500000 2.684430e-02
-15.250000 2.724503e-02
-15.000000 2.764248e-02
-14.750000 2.803651e-02
-14.500000 2.842697e-02
-14.250000 2.881375e-02
-14.000000 2.919670e-02
-13.750000 2.957569e-02
-13.500000 2.995060e-02
-13.250000 3.032129e-02
-13.000000 3.068764e-02
-12.750000 3.104951e-02
-12.500000 3.140679e-02
-12.250000 3.175935e-02
-12.000000 3.210707e-02
-11.750000 3.244982e-02
-11.500000 3.278749e-02
-11.250000 3.311996e-02
-11.000000 3.344712e-02
-10.750000 3.376884e-02
-10.500000 3.408503e-02
-10.250000 3.439555e-02
-10.000000 3.470032e-02
-9.750000 3.499922e-02
-9.500000 3.529214e-02
-9.250000 3.557898e-02
-9.000000 3.585965e-02
-8.750000 3.613404e-02
-8.500000 3.640206e-02
-8.250000 3.666361e-02
-8.000000 3.691860e-02
-7.750000 3.716693e-02
-7.500000 3.740853e-02
-7.250000 3.764331e-02
-7.000000 3.787117e-02
-6.750000 3.809205e-02
-6.500000 3.830587e-02
-6.250000 3.851254e-02
-6.000000 3.871199e-02
-5.750000 3.890416e-02
-5.500000 3.908898e-02
-5.250000 3.926637e-02
-5.000000 3.943628e-02
-4.750000 3.959864e-02
-4.500000 3.975340e-02
-4.250000 3.990051e-02
-4.000000 4.003990e-02
-3.750000 4.017153e-02
-3.500000 4.029536e-02
-3.250000 4.041133e-02
-3.000000 4.051942e-02
-2.750000 4.061956e-02
-2.500000 4.071175e-02
-2.250000 4.079593e-02
-2.000000 4.087208e-02
-1.750000 4.094017e-02
-1.500000 4.100017e-02
-1.250000 4.105208e-02
-1.000000 4.109586e-02
-0.750000 4.113150e-02
-0.500000 4.115898e-02
-0.250000 4.117831e-02
0.000000 4.118947e-02
0.250000 4.119245e-02
0.500000 4.118725e-02
0.750000 4.117389e-02
1.000000 4.115235e-02
1.250000 4.112266e-02
1.500000 4.108481e-02
1.750000 4.103882e-02
2.000000 4.098471e-02
2.250000 4.092250e-02
2.500000 4.085221e-02
2.750000 4.077387e-02
3.000000 4.068749e-02
3.250000 4.059312e-02
3.500000 4.049078e-02
3.750000 4.038052e-02
4.000000 4.026237e-02
4.250000 4.013637e-02
4.500000 4.000257e-02
4.750000 3.986101e-02
5.000000 3.971175e-02
5.250000 3.955484e-02
5.500000 3.939033e-02
5.750000 3.921828e-02
6.000000 3.903876e-02
6.250000 3.885183e-02
6.500000 3.865754e-02
6.750000 3.845598e-02
7.000000 3.824721e-02
7.250000 3.803131e-02
7.500000 3.780835e-02
7.750000 3.757841e-02
8.000000 3.734158e-02
8.250000 3.709793e-02
8.500000 3.684755e-02
8.750000 3.659054e-02
9.000000 3.632697e-02
9.250000 3.605695e-02
9.500000 3.578057e-02
9.750000 3.549792e-02
10.000000 3.520911e-02
10.250000 3.491424e-02
10.500000 3.461340e-02
10.750000 3.430671e-02
11.000000 3.399427e-02
11.250000 3.367620e-02
11.500000 3.335259e-02
11.750000 3.302358e-02
12.000000 3.268926e-02
12.250000 3.234976e-02
12.500000 3.200519e-02
12.750000 3.165568e-02
13.000000 3.130134e-02
13.250000 3.094231e-02
13.500000 3.057869e-02
13.750000 3.021063e-02
14.000000 2.983824e-02
14.250000 2.946166e-02
14.500000 2.908100e-02
14.750000 2.869642e-02
15.000000 2.830803e-02
15.250000 2.791598e-02
15.500000 2.752038e-02
15.750000 2.712139e-02
16.000000 2.671914e-02
16.250000 2.631376e-02
16.500000 2.590539e-02
16.750000 2.549417e-02
17.000000 2.508024e-02
17.250000 2.466375e-02
17.500000 2.424482e-02
17.750000 2.382361e-02
18.000000 2.340026e-02
18.250000 2.297490e-02
18.500000 2.254769e-02
18.750000 2.211876e-02
19.000000 2.168826e-02
19.250000 2.125633e-02
19.500000 2.082312e-02
19.750000 2.038877e-02
20.000000 1.995342e-02
20.250000 1.951723e-02
20.500000 1.908033e-02
20.750000 1.864287e-02
21.000000 1.820500e-02
21.250000 1.776686e-02
21.500000 1.732859e-02
21.750000 1.689034e-02
22.000000 1.645225e-02
22.250000 1.601447e-02
22.500000 1.557714e-02
22.750000 1.514041e-02
23.000000 1.470441e-02
23.250000 1.426930e-02
23.500000 1.383521e-02
23.750000 1.340229e-02
24.000000 1.297068e-02
24.250000 1.254052e-02
24.500000 1.211197e-02
24.750000 1.168515e-02
25.000000 1.126021e-02
25.250000 1.083730e-02
25.500000 1.041657e-02
25.750000 9.998155e-03
26.000000 9.582206e-03
26.250000 9.168874e-03
26.500000 8.758310e-03
26.750000 8.350670e-03
27.000000 7.946116e-03
27.250000 7.544813e-03
27.500000 7.146936e-03
27.750000 6.752669e-03
28.000000 6.362211e-03
28.250000 5.975778e-03
28.500000 5.593610e-03
28.750000 5.215977e-03
29.000000 4.843196e-03
29.250000 4.475641e-03
29.500000 4.113774e-03
29.750000 3.758174e-03
30.000000 3.409602e-03
30.250000 3.069083e-03
30.500000 2.738051e-03
30.750000 2.418592e-03
31.000000 2.113840e-03
31.250000 1.828674e-03
31.500000 1.570852e-03
31.750000 1.352620e-03
32.000000 1.191908e-03
32.250000 1.109627e-03
32.500000 1.118882e-03
32.750000 1.213630e-03
33.000000 1.372816e-03
33.250000 1.573974e-03
33.500000 1.800422e-03
33.750000 2.041403e-03
34.000000 2.290230e-03
34.250000 2.542711e-03
34.500000 2.796144e-03
34.750000 3.048734e-03
35.000000 3.299245e-03
35.250000 3.546798e-03
35.500000 3.790754e-03
35.750000 4.030634e-03
36.000000 4.266069e-03
36.250000 4.496771e-03
36.500000 4.722511e-03
36.750000 4.943101e-03
37.000000 5.158390e-03
37.250000 5.368249e-03
37.500000 5.572573e-03
37.750000 5.771270e-03
38.000000 5.964264e-03
38.250000 6.151491e-03
38.500000 6.332893e-03
38.750000 6.508423e-03
39.000000 6.678042e-03
39.250000 6.841715e-03
39.500000 6.999415e-03
39.750000 7.151117e-03
40.000000 7.296806e-03
40.250000 7.436466e-03
40.500000 7.570088e-03
40.750000 7.697667e-03
41.000000 7.819201e-03
41.250000 7.934691e-03
41.500000 8.044143e-03
41.750000 8.147564e-03
42.000000 8.244966e-03
42.250000 8.336364e-03
42.500000 8.421775e-03
42.750000 8.501218e-03
43.000000 8.574718e-03
43.250000 8.642299e-03
43.500000 8.703990e-03
43.750000 8.759823e-03
44.000000 8.809830e-03
44.250000 8.854048e-03
44.500000 8.892515e-03
44.750000 8.925272e-03
45.000000 8.952362e-03
45.250000 8.973832e-03
45.500000 8.989728e-03
45.750000 9.000101e-03
46.000000 9.005004e-03
46.250000 9.004490e-03
46.500000 8.998617e-03
46.750000 8.987443e-03
47.000000 8.971029e-03
47.250000 8.949437e-03
47.500000 8.922733e-03
47.750000 8.890982e-03
48.000000 8.854254e-03
48.250000 8.812618e-03
48.500000 8.766148e-03
48.750000 8.714916e-03
49.000000 8.658998e-03
49.250000 8.598472e-03
49.500000 8.533418e-03
49.750000 8.463914e-03
50.000000 8.390044e-03
