-50.000000 5.670849e-04
-49.750000 5.539785e-04
-49.500000 5.155269e-04
-49.250000 4.546006e-04
-49.000000 3.768793e-04
-48.750000 2.924945e-04
-48.500000 2.212449e-04
-48.250000 1.986480e-04
-48.000000 2.416082e-04
-47.750000 3.179115e-04
-47.500000 3.980579e-04
-47.250000 4.683520e-04
-47.000000 5.226769e-04
-46.750000 5.587201e-04
-46.500000 5.766315e-04
-46.250000 5.783080e-04
-46.000000 5.667323e-04
-45.750000 5.452062e-04
-45.500000 5.165081e-04
-45.250000 4.821494e-04
-45.000000 4.420003e-04
-44.750000 3.944991e-04
-44.500000 3.374675e-04
-44.250000 2.694595e-04
-44.000000 1.922953e-04
-43.750000 1.211360e-04
-43.500000 1.204999e-04
-43.250000 2.101709e-04
-43.000000 3.278000e-04
-42.750000 4.495754e-04
-42.500000 5.646284e-04
-42.250000 6.646007e-04
-42.000000 7.422720e-04
-41.750000 7.916335e-04
-41.500000 8.082300e-04
-41.250000 7.895224e-04
-41.000000 7.352170e-04
-40.750000 6.476028e-04
-40.500000 5.321432e-04
-40.250000 3.993609e-04
-40.000000 2.729386e-04
-39.750000 2.173440e-04
-39.500000 2.919691e-04
-39.250000 4.272313e-04
-39.000000 5.661251e-04
-38.750000 6.868206e-04
-38.500000 7.782474e-04
-38.250000 8.337927e-04
-38.000000 8.499362e-04
-37.750000 8.259178e-04
-37.500000 7.635906e-04
-37.250000 6.672452e-04
-37.000000 5.433736e-04
-36.750000 4.004811e-04
-36.500000 2.496458e-04
-36.250000 1.133251e-04
-36.000000 1.089704e-04
-35.750000 2.202887e-04
-35.500000 3.234997e-04
-35.250000 3.999346e-04
-35.000000 4.441041e-04
-34.750000 4.544176e-04
-34.500000 4.322104e-04
-34.250000 3.815371e-04
-34.000000 3.092234e-04
-33.750000 2.257944e-04
-33.500000 1.505715e-04
-33.250000 1.251926e-04
-33.000000 1.673751e-04
-32.750000 2.282049e-04
-32.500000 2.787075e-04
-32.250000 3.096408e-04
-32.000000 3.198154e-04
-31.750000 3.142307e-04
-31.500000 3.047464e-04
-31.250000 3.090490e-04
-31.000000 3.419190e-04
-30.750000 4.035214e-04
-30.500000 4.815590e-04
-30.250000 5.613232e-04
-30.000000 6.305521e-04
-29.750000 6.802394e-04
-29.500000 7.046068e-04
-29.250000 7.010985e-04
-29.000000 6.704108e-04
-28.750000 6.164701e-04
-28.500000 5.463008e-04
-28.250000 4.696849e-04
-28.000000 3.982178e-04
-27.750000 3.426149e-04
-27.500000 3.072067e-04
-27.250000 2.853477e-04
-27.000000 2.631099e-04
-26.750000 2.285124e-04
-26.500000 1.795168e-04
-26.250000 1.391209e-04
-26.000000 1.713602e-04
-25.750000 2.794059e-04
-25.500000 4.175881e-04
-25.250000 5.607238e-04
-25.000000 6.920856e-04
-24.750000 7.975868e-04
-24.500000 8.653528e-04
-24.250000 8.866315e-04
-24.000000 8.573209e-04
-23.750000 7.805263e-04
-23.500000 6.720488e-04
-23.250000 5.731504e-04
-23.000000 5.618613e-04
-22.750000 6.927984e-04
-22.500000 9.270565e-04
-22.250000 1.203561e-03
-22.000000 1.480688e-03
-21.750000 1.729943e-03
-21.500000 1.929973e-03
-21.250000 2.064739e-03
-21.000000 2.123323e-03
-20.750000 2.100171e-03
-20.500000 1.995285e-03
-20.250000 1.814177e-03
-20.000000 1.567516e-03
-19.750000 1.270505e-03
-19.500000 9.421765e-04
-19.250000 6.055812e-04
-19.000000 2.969596e-04
-18.750000 1.858046e-04
-18.500000 3.811635e-04
-18.250000 5.820001e-04
-18.000000 7.328375e-04
-17.750000 8.294144e-04
-17.500000 8.809228e-04
-17.250000 9.063606e-04
-17.000000 9.307012e-04
-16.750000 9.759670e-04
-16.500000 1.049578e-03
-16.250000 1.139858e-03
-16.000000 1.222500e-03
-15.750000 1.270080e-03
-15.500000 1.258295e-03
-15.250000 1.169024e-03
-15.000000 9.921299e-04
-14.750000 7.283357e-04
-14.500000 4.060535e-04
-14.250000 2.910014e-04
-14.000000 6.921596e-04
-13.750000 1.215379e-03
-13.500000 1.761179e-03
-13.250000 2.289757e-03
-13.000000 2.767804e-03
-12.750000 3.165454e-03
-12.500000 3.457658e-03
-12.250000 3.626453e-03
-12.000000 3.663716e-03
-11.750000 3.574671e-03
-11.500000 3.382874e-03
-11.250000 3.137558e-03
-11.000000 2.921699e-03
-10.750000 2.846945e-03
-10.500000 3.006929e-03
-10.250000 3.409692e-03
-10.000000 3.980087e-03
-9.750000 4.619310e-03
-9.500000 5.240740e-03
-9.250000 5.775996e-03
-9.000000 6.172650e-03
-8.750000 6.392300e-03
-8.500000 6.410080e-03
-8.250000 6.215169e-03
-8.000000 5.812096e-03
-7.750000 5.223246e-03
-7.500000 4.494363e-03
-7.250000 3.707978e-03
-7.000000 3.014121e-03
-6.750000 2.660564e-03
-6.500000 2.854052e-03
-6.250000 3.485522e-03
-6.000000 4.290062e-03
-5.750000 5.078895e-03
-5.500000 5.742096e-03
-5.250000 6.213854e-03
-5.000000 6.456432e-03
-4.750000 6.455474e-03
-4.500000 6.220720e-03
-4.250000 5.790824e-03
-4.000000 5.243747e-03
-3.750000 4.713931e-03
-3.500000 4.401453e-03
-3.250000 4.511212e-03
-3.000000 5.102233e-03
-2.750000 6.050631e-03
-2.500000 7.179860e-03
-2.250000 8.347657e-03
-2.000000 9.454949e-03
-1.750000 1.043518e-02
-1.500000 1.124590e-02
-1.250000 1.186381e-02
-1.000000 1.228153e-02
-0.750000 1.250459e-02
-0.500000 1.254834e-02
-0.250000 1.243426e-02
0.000000 1.218612e-02
0.250000 1.182623e-02
0.500000 1.137247e-02
0.750000 1.083661e-02
1.000000 1.022439e-02
1.250000 9.537411e-03
1.500000 8.776446e-03
1.750000 7.945693e-03
2.000000 7.057398e-03
2.250000 6.136863e-03
2.500000 5.228430e-03
2.750000 4.403057e-03
3.000000 3.763462e-03
3.250000 3.423819e-03
3.500000 3.432543e-03
3.750000 3.707925e-03
4.000000 4.099078e-03
4.250000 4.476071e-03
4.500000 4.754338e-03
4.750000 4.885666e-03
5.000000 4.847329e-03
5.250000 4.635083e-03
5.500000 4.258728e-03
5.750000 3.738793e-03
6.000000 3.103662e-03
6.250000 2.386901e-03
6.500000 1.625089e-03
6.750000 8.586805e-04
7.000000 2.165466e-04
7.250000 6.640230e-04
7.500000 1.287044e-03
7.750000 1.834152e-03
8.000000 2.287332e-03
8.250000 2.640696e-03
8.500000 2.893717e-03
8.750000 3.049000e-03
9.000000 3.110669e-03
9.250000 3.083210e-03
9.500000 2.970932e-03
9.750000 2.778147e-03
10.000000 2.510056e-03
10.250000 2.174292e-03
10.500000 1.783412e-03
10.750000 1.360066e-03
11.000000 9.533497e-04
11.250000 6.957096e-04
11.500000 7.909941e-04
11.750000 1.136442e-03
12.000000 1.531929e-03
12.250000 1.893476e-03
12.500000 2.183312e-03
12.750000 2.380208e-03
13.000000 2.472685e-03
13.250000 2.457418e-03
13.500000 2.338682e-03
13.750000 2.127791e-03
14.000000 1.842222e-03
14.250000 1.504407e-03
14.500000 1.140316e-03
14.750000 7.783054e-04
15.000000 4.505622e-04
15.250000 2.160254e-04
15.500000 2.218268e-04
15.750000 3.421538e-04
16.000000 4.300960e-04
16.250000 4.879838e-04
16.500000 5.618538e-04
16.750000 7.035149e-04
17.000000 9.279485e-04
17.250000 1.213286e-03
17.500000 1.526199e-03
17.750000 1.834053e-03
18.000000 2.107693e-03
18.250000 2.322443e-03
18.500000 2.459061e-03
18.750000 2.504696e-03
19.000000 2.453667e-03
19.250000 2.308038e-03
19.500000 2.078112e-03
19.750000 1.783343e-03
20.000000 1.455041e-03
20.250000 1.144061e-03
20.500000 9.341767e-04
20.750000 9.170801e-04
21.000000 1.076978e-03
21.250000 1.306341e-03
21.500000 1.523729e-03
21.750000 1.687483e-03
22.000000 1.778082e-03
22.250000 1.788681e-03
22.500000 1.721053e-03
22.750000 1.583407e-03
23.000000 1.388777e-03
23.250000 1.153518e-03
23.500000 8.958396e-04
23.750000 6.344180e-04
24.000000 3.873703e-04
24.250000 1.735526e-04
24.500000 6.690611e-05
24.750000 1.642172e-04
25.000000 2.398087e-04
25.250000 2.671797e-04
25.500000 2.491881e-04
25.750000 1.951989e-04
26.000000 1.248606e-04
26.250000 1.006660e-04
26.500000 1.735598e-04
26.750000 2.716280e-04
27.000000 3.609099e-04
27.250000 4.288173e-04
27.500000 4.688799e-04
27.750000 4.787087e-04
28.000000 4.597728e-04
28.250000 4.176017e-04
28.500000 3.624720e-04
28.750000 3.106961e-04
29.000000 2.837403e-04
29.250000 2.958440e-04
29.500000 3.384781e-04
29.750000 3.910953e-04
30.000000 4.375895e-04
30.250000 4.691198e-04
30.500000 4.824016e-04
30.750000 4.783952e-04
31.000000 4.615571e-04
31.250000 4.391381e-04
31.500000 4.198880e-04
31.750000 4.115150e-04
32.000000 4.173960e-04
32.250000 4.351215e-04
32.500000 4.585654e-04
32.750000 4.813732e-04
33.000000 4.992460e-04
33.250000 5.106338e-04
33.500000 5.164552e-04
33.750000 5.192537e-04
34.000000 5.219557e-04
34.250000 5.264866e-04
34.500000 5.327476e-04
34.750000 5.384428e-04
35.000000 5.397847e-04
35.250000 5.326182e-04
35.500000 5.134518e-04
35.750000 4.801544e-04
36.000000 4.323227e-04
36.250000 3.714416e-04
36.500000 3.010403e-04
36.750000 2.273167e-04
37.000000 1.616967e-04
37.250000 1.268917e-04
37.500000 1.421887e-04
37.750000 1.851529e-04
38.000000 2.289172e-04
38.250000 2.618915e-04
38.500000 2.796918e-04
38.750000 2.813023e-04
39.000000 2.680276e-04
39.250000 2.433509e-04
39.500000 2.133219e-04
39.750000 1.872962e-04
40.000000 1.770478e-04
40.250000 1.896949e-04
40.500000 2.207470e-04
40.750000 2.601526e-04
41.000000 2.999852e-04
41.250000 3.357534e-04
41.500000 3.655540e-04
41.750000 3.892984e-04
42.000000 4.081210e-04
42.250000 4.237897e-04
42.500000 4.380449e-04
42.750000 4.519422e-04
43.000000 4.653830e-04
43.250000 4.769987e-04
43.500000 4.844048e-04
43.750000 4.846829e-04
44.000000 4.749093e-04
44.250000 4.526073e-04
44.500000 4.160800e-04
44.750000 3.646270e-04
45.000000 2.986663e-04
45.250000 2.198027e-04
45.500000 1.310460e-04
45.750000 4.118441e-05
46.000000 7.392370e-05
46.250000 1.695475e-04
46.500000 2.610902e-04
46.750000 3.423158e-04
47.000000 4.089718e-04
47.250000 4.578198e-04
47.500000 4.867539e-04
47.750000 4.949614e-04
48.000000 4.830212e-04
48.250000 4.529127e-04
48.500000 4.079278e-04
48.750000 3.524847e-04
49.000000 2.918473e-04
49.250000 2.317298e-04
49.500000 1.776836e-04
49.750000 1.339596e-04
50.000000 1.015702e-04
