-50.000000 3.738805e-02
-49.750000 3.375898e-02
-49.500000 2.978006e-02
-49.250000 2.549082e-02
-49.000000 2.093869e-02
-48.750000 1.618570e-02
-48.500000 1.133385e-02
-48.250000 6.664227e-03
-48.000000 3.824099e-03
-47.750000 6.471971e-03
-47.500000 1.126335e-02
-47.250000 1.637121e-02
-47.000000 2.148545e-02
-46.750000 2.649295e-02
-46.500000 3.132182e-02
-46.250000 3.591377e-02
-46.000000 4.021708e-02
-45.750000 4.418453e-02
-45.500000 4.777272e-02
-45.250000 5.094209e-02
-45.000000 5.365701e-02
-44.750000 5.588609e-02
-44.500000 5.760237e-02
-44.250000 5.878365e-02
-44.000000 5.941266e-02
-43.750000 5.947730e-02
-43.500000 5.897081e-02
-43.250000 5.789188e-02
-43.000000 5.624475e-02
-42.750000 5.403925e-02
-42.500000 5.129083e-02
-42.250000 4.802057e-02
-42.000000 4.425517e-02
-41.750000 4.002707e-02
-41.500000 3.537476e-02
-41.250000 3.034365e-02
-41.000000 2.498866e-02
-40.750000 1.938197e-02
-40.500000 1.364237e-02
-40.250000 8.092981e-03
-40.000000 4.593332e-03
-39.750000 7.580444e-03
-39.500000 1.327181e-02
-39.250000 1.937937e-02
-39.000000 2.551489e-02
-38.750000 3.153957e-02
-38.500000 3.736584e-02
-38.250000 4.292272e-02
-38.000000 4.814702e-02
-37.750000 5.298067e-02
-37.500000 5.737002e-02
-37.250000 6.126574e-02
-37.000000 6.462302e-02
-36.750000 6.740190e-02
-36.500000 6.956758e-02
-36.250000 7.109080e-02
-36.000000 7.194809e-02
-35.750000 7.212212e-02
-35.500000 7.160189e-02
-35.250000 7.038294e-02
-35.000000 6.846746e-02
-34.750000 6.586445e-02
-34.500000 6.258972e-02
-34.250000 5.866596e-02
-34.000000 5.412276e-02
-33.750000 4.899669e-02
-33.500000 4.333167e-02
-33.250000 3.717981e-02
-33.000000 3.060406e-02
-32.750000 2.368625e-02
-32.500000 1.655815e-02
-32.250000 9.577629e-03
-32.000000 5.091644e-03
-31.750000 9.212884e-03
-31.500000 1.649812e-02
-31.250000 2.422098e-02
-31.000000 3.197148e-02
-30.750000 3.959566e-02
-30.500000 4.699035e-02
-30.250000 5.406856e-02
-30.000000 6.075101e-02
-29.750000 6.696360e-02
-29.500000 7.263687e-02
-29.250000 7.770610e-02
-29.000000 8.211165e-02
-28.750000 8.579945e-02
-28.500000 8.872146e-02
-28.250000 9.083621e-02
-28.000000 9.210921e-02
-27.750000 9.251341e-02
-27.500000 9.202954e-02
-27.250000 9.064650e-02
-27.000000 8.836153e-02
-26.750000 8.518055e-02
-26.500000 8.111826e-02
-26.250000 7.619835e-02
-26.000000 7.045375e-02
-25.750000 6.392694e-02
-25.500000 5.667078e-02
-25.250000 4.875039e-02
-25.000000 4.024807e-02
-24.750000 3.127804e-02
-24.500000 2.204149e-02
-24.250000 1.312316e-02
-24.000000 7.857232e-03
-23.750000 1.311339e-02
-23.500000 2.264631e-02
-23.250000 3.295563e-02
-23.000000 4.341144e-02
-22.750000 5.378116e-02
-22.500000 6.391543e-02
-22.250000 7.369097e-02
-22.000000 8.299575e-02
-21.750000 9.172453e-02
-21.500000 9.977753e-02
-21.250000 1.070604e-01
-21.000000 1.134844e-01
-20.750000 1.189674e-01
-20.500000 1.234343e-01
-20.250000 1.268177e-01
-20.000000 1.290587e-01
-19.750000 1.301077e-01
-19.500000 1.299248e-01
-19.250000 1.284804e-01
-19.000000 1.257561e-01
-18.750000 1.217447e-01
-18.500000 1.164507e-01
-18.250000 1.098912e-01
-18.000000 1.020957e-01
-17.750000 9.310718e-02
-17.500000 8.298333e-02
-17.250000 7.179878e-02
-17.000000 5.965141e-02
-16.750000 4.668037e-02
-16.500000 3.313234e-02
-16.250000 1.972033e-02
-16.000000 1.086441e-02
-15.750000 1.840784e-02
-15.500000 3.302152e-02
-15.250000 4.893821e-02
-15.000000 6.523716e-02
-14.750000 8.158835e-02
-14.500000 9.777525e-02
-14.250000 1.136134e-01
-14.000000 1.289297e-01
-13.750000 1.435565e-01
-13.500000 1.573298e-01
-13.250000 1.700888e-01
-13.000000 1.816770e-01
-12.750000 1.919424e-01
-12.500000 2.007393e-01
-12.250000 2.079288e-01
-12.000000 2.133800e-01
-11.750000 2.169714e-01
-11.500000 2.185917e-01
-11.250000 2.181409e-01
-11.000000 2.155313e-01
-10.750000 2.106886e-01
-10.500000 2.035527e-01
-10.250000 1.940789e-01
-10.000000 1.822389e-01
-9.750000 1.680222e-01
-9.500000 1.514391e-01
-9.250000 1.325248e-01
-9.000000 1.113507e-01
-8.750000 8.805568e-02
-8.500000 6.296218e-02
-8.250000 3.722629e-02
-8.000000 1.961965e-02
-7.750000 3.647692e-02
-7.500000 6.771331e-02
-7.250000 1.024451e-01
-7.000000 1.392168e-01
-6.750000 1.775676e-01
-6.500000 2.172192e-01
-6.250000 2.579399e-01
-6.000000 2.995109e-01
-5.750000 3.417146e-01
-5.500000 3.843318e-01
-5.250000 4.271402e-01
-5.000000 4.699151e-01
-4.750000 5.124299e-01
-4.500000 5.544575e-01
-4.250000 5.957713e-01
-4.000000 6.361469e-01
-3.750000 6.753631e-01
-3.500000 7.132036e-01
-3.250000 7.494584e-01
-3.000000 7.839248e-01
-2.750000 8.164094e-01
-2.500000 8.467288e-01
-2.250000 8.747111e-01
-2.000000 9.001971e-01
-1.750000 9.230412e-01
-1.500000 9.431126e-01
-1.250000 9.602960e-01
-1.000000 9.744925e-01
-0.750000 9.856202e-01
-0.500000 9.936148e-01
-0.250000 9.984301e-01
0.000000 1.000038e+00
0.250000 9.984301e-01
0.500000 9.936148e-01
0.750000 9.856202e-01
1.000000 9.744925e-01
1.250000 9.602960e-01
1.500000 9.431126e-01
1.750000 9.230412e-01
2.000000 9.001971e-01
2.250000 8.747111e-01
2.500000 8.467288e-01
2.750000 8.164094e-01
3.000000 7.839248e-01
3.250000 7.494584e-01
3.500000 7.132036e-01
3.750000 6.753631e-01
4.000000 6.361469e-01
4.250000 5.957713e-01
4.500000 5.544575e-01
4.750000 5.124299e-01
5.000000 4.699151e-01
5.250000 4.271402e-01
5.500000 3.843318e-01
5.750000 3.417146e-01
6.000000 2.995109e-01
6.250000 2.579399e-01
6.500000 2.172192e-01
6.750000 1.775676e-01
7.000000 1.392168e-01
7.250000 1.024451e-01
7.500000 6.771331e-02
7.750000 3.647692e-02
8.000000 1.961965e-02
8.250000 3.722629e-02
8.500000 6.296218e-02
8.750000 8.805568e-02
9.000000 1.113507e-01
9.250000 1.325248e-01
9.500000 1.514391e-01
9.750000 1.680222e-01
10.000000 1.822389e-01
10.250000 1.940789e-01
10.500000 2.035527e-01
10.750000 2.106886e-01
11.000000 2.155313e-01
11.250000 2.181409e-01
11.500000 2.185917e-01
11.750000 2.169714e-01
12.000000 2.133800e-01
12.250000 2.079288e-01
12.500000 2.007393e-01
12.750000 1.919424e-01
13.000000 1.816770e-01
13.250000 1.700888e-01
13.500000 1.573298e-01
13.750000 1.435565e-01
14.000000 1.289297e-01
14.250000 1.136134e-01
14.500000 9.777525e-02
14.750000 8.158835e-02
15.000000 6.523716e-02
15.250000 4.893821e-02
15.500000 3.302152e-02
15.750000 1.840784e-02
16.000000 1.086441e-02
16.250000 1.972033e-02
16.500000 3.313234e-02
16.750000 4.668037e-02
17.000000 5.965141e-02
17.250000 7.179878e-02
17.500000 8.298333e-02
17.750000 9.310718e-02
18.000000 1.020957e-01
18.250000 1.098912e-01
18.500000 1.164507e-01
18.750000 1.217447e-01
19.000000 1.257561e-01
19.250000 1.284804e-01
19.500000 1.299248e-01
19.750000 1.301077e-01
20.000000 1.290587e-01
20.250000 1.268177e-01
20.500000 1.234343e-01
20.750000 1.189674e-01
21.000000 1.134844e-01
21.250000 1.070604e-01
21.500000 9.977753e-02
21.750000 9.172453e-02
22.000000 8.299575e-02
22.250000 7.369097e-02
22.500000 6.391543e-02
22.750000 5.378116e-02
23.000000 4.341144e-02
23.250000 3.295563e-02
23.500000 2.264631e-02
23.750000 1.311339e-02
24.000000 7.857232e-03
24.250000 1.312316e-02
24.500000 2.204149e-02
24.750000 3.127804e-02
25.000000 4.024807e-02
25.250000 4.875039e-02
25.500000 5.667078e-02
25.750000 6.392694e-02
26.000000 7.045375e-02
26.250000 7.619835e-02
26.500000 8.111826e-02
26.750000 8.518055e-02
27.000000 8.836153e-02
27.250000 9.064650e-02
27.500000 9.202954e-02
27.750000 9.251341e-02
28.000000 9.210921e-02
28.250000 9.083621e-02
28.500000 8.872146e-02
28.750000 8.579945e-02
29.000000 8.211165e-02
29.250000 7.770610e-02
29.500000 7.263687e-02
29.750000 6.696360e-02
30.000000 6.075101e-02
30.250000 5.406856e-02
30.500000 4.699035e-02
30.750000 3.959566e-02
31.000000 3.197148e-02
31.250000 2.422098e-02
31.500000 1.649812e-02
31.750000 9.212884e-03
32.000000 5.091644e-03
32.250000 9.577629e-03
32.500000 1.655815e-02
32.750000 2.368625e-02
33.000000 3.060406e-02
33.250000 3.717981e-02
33.500000 4.333167e-02
33.750000 4.899669e-02
34.000000 5.412276e-02
34.250000 5.866596e-02
34.500000 6.258972e-02
34.750000 6.586445e-02
35.000000 6.846746e-02
35.250000 7.038294e-02
35.500000 7.160189e-02
35.750000 7.212212e-02
36.000000 7.194809e-02
36.250000 7.109080e-02
36.500000 6.956758e-02
36.750000 6.740190e-02
37.000000 6.462302e-02
37.250000 6.126574e-02
37.500000 5.737002e-02
37.750000 5.298067e-02
38.000000 4.814702e-02
38.250000 4.292272e-02
38.500000 3.736584e-02
38.750000 3.153957e-02
39.000000 2.551489e-02
39.250000 1.937937e-02
39.500000 1.327181e-02
39.750000 7.580444e-03
40.000000 4.593332e-03
40.250000 8.092981e-03
40.500000 1.364237e-02
40.750000 1.938197e-02
41.000000 2.498866e-02
41.250000 3.034365e-02
41.500000 3.537476e-02
41.750000 4.002707e-02
42.000000 4.425517e-02
42.250000 4.802057e-02
42.500000 5.129083e-02
42.750000 5.403925e-02
43.000000 5.624475e-02
43.250000 5.789188e-02
43.500000 5.897081e-02
43.750000 5.947730e-02
44.000000 5.941266e-02
44.250000 5.878365e-02
44.500000 5.760237e-02
44.750000 5.588609e-02
45.000000 5.365701e-02
45.250000 5.094209e-02
45.500000 4.777272e-02
45.750000 4.418453e-02
46.000000 4.021708e-02
46.250000 3.591377e-02
46.500000 3.132182e-02
46.750000 2.649295e-02
47.000000 2.148545e-02
47.250000 1.637121e-02
47.500000 1.126335e-02
47.750000 6.471971e-03
48.000000 3.824099e-03
48.250000 6.664227e-03
48.500000 1.133385e-02
48.750000 1.618570e-02
49.000000 2.093869e-02
49.250000 2.549082e-02
49.500000 2.978006e-02
49.750000 3.375898e-02
50.000000 3.738805e-02
