-50.000000 1.155677e-03
-49.750000 1.205493e-03
-49.500000 1.254240e-03
-49.250000 1.301763e-03
-49.000000 1.347910e-03
-48.750000 1.392533e-03
-48.500000 1.435494e-03
-48.250000 1.476656e-03
-48.000000 1.515891e-03
-47.750000 1.553077e-03
-47.500000 1.588096e-03
-47.250000 1.620841e-03
-47.000000 1.651207e-03
-46.750000 1.679102e-03
-46.500000 1.704437e-03
-46.250000 1.727135e-03
-46.000000 1.747124e-03
-45.750000 1.764342e-03
-45.500000 1.778739e-03
-45.250000 1.790270e-03
-45.000000 1.798903e-03
-44.750000 1.804615e-03
-44.500000 1.807392e-03
-44.250000 1.807235e-03
-44.000000 1.804151e-03
-43.750000 1.798162e-03
-43.500000 1.789300e-03
-43.250000 1.777610e-03
-43.000000 1.763151e-03
-42.750000 1.745991e-03
-42.500000 1.726215e-03
-42.250000 1.703920e-03
-42.000000 1.679217e-03
-41.750000 1.652235e-03
-41.500000 1.623115e-03
-41.250000 1.592016e-03
-41.000000 1.559113e-03
-40.750000 1.524601e-03
-40.500000 1.488691e-03
-40.250000 1.451615e-03
-40.000000 1.413628e-03
-39.750000 1.375004e-03
-39.500000 1.336040e-03
-39.250000 1.297057e-03
-39.000000 1.258401e-03
-38.750000 1.220437e-03
-38.500000 1.183555e-03
-38.250000 1.148162e-03
-38.000000 1.114677e-03
-37.750000 1.083526e-03
-37.500000 1.055129e-03
-37.250000 1.029887e-03
-37.000000 1.008169e-03
-36.750000 9.902883e-04
-36.500000 9.764877e-04
-36.250000 9.669222e-04
-36.000000 9.616457e-04
-35.750000 9.606050e-04
-35.500000 9.636405e-04
-35.250000 9.704948e-04
-35.000000 9.808269e-04
-34.750000 9.942302e-04
-34.500000 1.010253e-03
-34.250000 1.028418e-03
-34.000000 1.048239e-03
-33.750000 1.069233e-03
-33.500000 1.090934e-03
-33.250000 1.112898e-03
-33.000000 1.134710e-03
-32.750000 1.155981e-03
-32.500000 1.176358e-03
-32.250000 1.195513e-03
-32.000000 1.213154e-03
-31.750000 1.229013e-03
-31.500000 1.242851e-03
-31.250000 1.254457e-03
-31.000000 1.263641e-03
-30.750000 1.270239e-03
-30.500000 1.274108e-03
-30.250000 1.275127e-03
-30.000000 1.273194e-03
-29.750000 1.268227e-03
-29.500000 1.260163e-03
-29.250000 1.248956e-03
-29.000000 1.234578e-03
-28.750000 1.217019e-03
-28.500000 1.196284e-03
-28.250000 1.172395e-03
-28.000000 1.145390e-03
-27.750000 1.115323e-03
-27.500000 1.082265e-03
-27.250000 1.046301e-03
-27.000000 1.007535e-03
-26.750000 9.660844e-04
-26.500000 9.220872e-04
-26.250000 8.756991e-04
-26.000000 8.270969e-04
-25.750000 7.764817e-04
-25.500000 7.240836e-04
-25.250000 6.701695e-04
-25.000000 6.150552e-04
-24.750000 5.591253e-04
-24.500000 5.028667e-04
-24.250000 4.469248e-04
-24.000000 3.922033e-04
-23.750000 3.400388e-04
-23.500000 2.924948e-04
-23.250000 2.527767e-04
-23.000000 2.254562e-04
-22.750000 2.154339e-04
-22.500000 2.248827e-04
-22.250000 2.512384e-04
-22.000000 2.893844e-04
-21.750000 3.346737e-04
-21.500000 3.838768e-04
-21.250000 4.349146e-04
-21.000000 4.864324e-04
-20.750000 5.375040e-04
-20.500000 5.874570e-04
-20.250000 6.357746e-04
-20.000000 6.820396e-04
-19.750000 7.259018e-04
-19.500000 7.670590e-04
-19.250000 8.052461e-04
-19.000000 8.402281e-04
-18.750000 8.717965e-04
-18.500000 8.997679e-04
-18.250000 9.239837e-04
-18.000000 9.443109e-04
-17.750000 9.606441e-04
-17.500000 9.729080e-04
-17.250000 9.810620e-04
-17.000000 9.851044e-04
-16.750000 9.850800e-04
-16.500000 9.810877e-04
-16.250000 9.732921e-04
-16.000000 9.619366e-04
-15.750000 9.473615e-04
-15.500000 9.300254e-04
-15.250000 9.105320e-04
-15.000000 8.896614e-04
-14.750000 8.684050e-04
-14.500000 8.479975e-04
-14.250000 8.299400e-04
-14.000000 8.159948e-04
-13.750000 8.081345e-04
-13.500000 8.084233e-04
-13.250000 8.188305e-04
-13.000000 8.410051e-04
-12.750000 8.760794e-04
-12.500000 9.245687e-04
-12.250000 9.864001e-04
-12.000000 1.061042e-03
-11.750000 1.147672e-03
-11.500000 1.245334e-03
-11.250000 1.353046e-03
-11.000000 1.469871e-03
-10.750000 1.594942e-03
-10.500000 1.727475e-03
-10.250000 1.866763e-03
-10.000000 2.012166e-03
-9.750000 2.163102e-03
-9.500000 2.319035e-03
-9.250000 2.479464e-03
-9.000000 2.643919e-03
-8.750000 2.811950e-03
-8.500000 2.983128e-03
-8.250000 3.157032e-03
-8.000000 3.333255e-03
-7.750000 3.511396e-03
-7.500000 3.691060e-03
-7.250000 3.871859e-03
-7.000000 4.053406e-03
-6.750000 4.235318e-03
-6.500000 4.417217e-03
-6.250000 4.598726e-03
-6.000000 4.779472e-03
-5.750000 4.959085e-03
-5.500000 5.137198e-03
-5.250000 5.313448e-03
-5.000000 5.487479e-03
-4.750000 5.658935e-03
-4.500000 5.827471e-03
-4.250000 5.992743e-03
-4.000000 6.154417e-03
-3.750000 6.312164e-03
-3.500000 6.465666e-03
-3.250000 6.614610e-03
-3.000000 6.758694e-03
-2.750000 6.897625e-03
-2.500000 7.031122e-03
-2.250000 7.158912e-03
-2.000000 7.280736e-03
-1.750000 7.396346e-03
-1.500000 7.505507e-03
-1.250000 7.607997e-03
-1.000000 7.703608e-03
-0.750000 7.792145e-03
-0.500000 7.873429e-03
-0.250000 7.947296e-03
0.000000 8.013594e-03
0.250000 8.072192e-03
0.500000 8.122970e-03
0.750000 8.165827e-03
1.000000 8.200678e-03
1.250000 8.227454e-03
1.500000 8.246103e-03
1.750000 8.256590e-03
2.000000 8.258897e-03
2.250000 8.253023e-03
2.500000 8.238983e-03
2.750000 8.216810e-03
3.000000 8.186554e-03
3.250000 8.148282e-03
3.500000 8.102075e-03
3.750000 8.048033e-03
4.000000 7.986272e-03
4.250000 7.916923e-03
4.500000 7.840131e-03
4.750000 7.756061e-03
5.000000 7.664887e-03
5.250000 7.566801e-03
5.500000 7.462010e-03
5.750000 7.350730e-03
6.000000 7.233195e-03
6.250000 7.109648e-03
6.500000 6.980346e-03
6.750000 6.845557e-03
7.000000 6.705560e-03
7.250000 6.560645e-03
7.500000 6.411109e-03
7.750000 6.257262e-03
8.000000 6.099420e-03
8.250000 5.937908e-03
8.500000 5.773059e-03
8.750000 5.605212e-03
9.000000 5.434712e-03
9.250000 5.261912e-03
9.500000 5.087168e-03
9.750000 4.910842e-03
10.000000 4.733301e-03
10.250000 4.554917e-03
10.500000 4.376064e-03
10.750000 4.197124e-03
11.000000 4.018479e-03
11.250000 3.840520e-03
11.500000 3.663639e-03
11.750000 3.488238e-03
12.000000 3.314723e-03
12.250000 3.143510e-03
12.500000 2.975024e-03
12.750000 2.809706e-03
13.000000 2.648009e-03
13.250000 2.490407e-03
13.500000 2.337400e-03
13.750000 2.189515e-03
14.000000 2.047314e-03
14.250000 1.911400e-03
14.500000 1.782422e-03
14.750000 1.661076e-03
15.000000 1.548108e-03
15.250000 1.444298e-03
15.500000 1.350444e-03
15.750000 1.267318e-03
16.000000 1.195606e-03
16.250000 1.135821e-03
16.500000 1.088213e-03
16.750000 1.052672e-03
17.000000 1.028678e-03
17.250000 1.015299e-03
17.500000 1.011258e-03
17.750000 1.015042e-03
18.000000 1.025032e-03
18.250000 1.039626e-03
18.500000 1.057325e-03
18.750000 1.076786e-03
19.000000 1.096849e-03
19.250000 1.116532e-03
19.500000 1.135026e-03
19.750000 1.151672e-03
20.000000 1.165942e-03
20.250000 1.177423e-03
20.500000 1.185794e-03
20.750000 1.190817e-03
21.000000 1.192320e-03
21.250000 1.190189e-03
21.500000 1.184360e-03
21.750000 1.174806e-03
22.000000 1.161541e-03
22.250000 1.144605e-03
22.500000 1.124067e-03
22.750000 1.100018e-03
23.000000 1.072571e-03
23.250000 1.041854e-03
23.500000 1.008013e-03
23.750000 9.712083e-04
24.000000 9.316118e-04
24.250000 8.894075e-04
24.500000 8.447902e-04
24.750000 7.979651e-04
25.000000 7.491475e-04
25.250000 6.985641e-04
25.500000 6.464538e-04
25.750000 5.930716e-04
26.000000 5.386938e-04
26.250000 4.836286e-04
26.500000 4.282349e-04
26.750000 3.729581e-04
27.000000 3.184005e-04
27.250000 2.654708e-04
27.500000 2.157139e-04
27.750000 1.720502e-04
28.000000 1.401227e-04
28.250000 1.284243e-04
28.500000 1.412433e-04
28.750000 1.723247e-04
29.000000 2.129470e-04
29.250000 2.577756e-04
29.500000 3.041179e-04
29.750000 3.505700e-04
30.000000 3.963270e-04
30.250000 4.408780e-04
30.500000 4.838685e-04
30.750000 5.250345e-04
31.000000 5.641684e-04
31.250000 6.011013e-04
31.500000 6.356922e-04
31.750000 6.678218e-04
32.000000 6.973893e-04
32.250000 7.243095e-04
32.500000 7.485115e-04
32.750000 7.699377e-04
33.000000 7.885427e-04
33.250000 8.042931e-04
33.500000 8.171671e-04
33.750000 8.271541e-04
34.000000 8.342544e-04
34.250000 8.384792e-04
34.500000 8.398502e-04
34.750000 8.383997e-04
35.000000 8.341701e-04
35.250000 8.272142e-04
35.500000 8.175950e-04
35.750000 8.053857e-04
36.000000 7.906699e-04
36.250000 7.735413e-04
36.500000 7.541047e-04
36.750000 7.324761e-04
37.000000 7.087832e-04
37.250000 6.831669e-04
37.500000 6.557825e-04
37.750000 6.268022e-04
38.000000 5.964179e-04
38.250000 5.648455e-04
38.500000 5.323314e-04
38.750000 4.991613e-04
39.000000 4.656721e-04
39.250000 4.322698e-04
39.500000 3.994530e-04
39.750000 3.678440e-04
40.000000 3.382260e-04
40.250000 3.115775e-04
40.500000 2.890809e-04
40.750000 2.720602e-04
41.000000 2.617923e-04
41.250000 2.591910e-04
41.500000 2.644942e-04
41.750000 2.771697e-04
42.000000 2.961169e-04
42.250000 3.200074e-04
42.500000 3.475611e-04
42.750000 3.776809e-04
43.000000 4.094821e-04
43.250000 4.422680e-04
43.500000 4.754930e-04
43.750000 5.087266e-04
44.000000 5.416241e-04
44.250000 5.739059e-04
44.500000 6.053411e-04
44.750000 6.357369e-04
45.000000 6.649303e-04
45.250000 6.927823e-04
45.500000 7.191740e-04
45.750000 7.440036e-04
46.000000 7.671838e-04
46.250000 7.886404e-04
46.500000 8.083113e-04
46.750000 8.261447e-04
47.000000 8.420994e-04
47.250000 8.561434e-04
47.500000 8.682537e-04
47.750000 8.784158e-04
48.000000 8.866233e-04
48.250000 8.928777e-04
48.500000 8.971879e-04
48.750000 8.995701e-04
49.000000 9.000472e-04
49.250000 8.986488e-04
49.500000 8.954108e-04
49.750000 8.903751e-04
50.000000 8.835892e-04
