-50.000000 2.270044e-03
-49.750000 2.260703e-03
-49.500000 2.251594e-03
-49.250000 2.242738e-03
-49.000000 2.234154e-03
-48.750000 2.225864e-03
-48.500000 2.217894e-03
-48.250000 2.210271e-03
-48.000000 2.203026e-03
-47.750000 2.196191e-03
-47.500000 2.189802e-03
-47.250000 2.183898e-03
-47.000000 2.178521e-03
-46.750000 2.173714e-03
-46.500000 2.169525e-03
-46.250000 2.166005e-03
-46.000000 2.163205e-03
-45.750000 2.161180e-03
-45.500000 2.159988e-03
-45.250000 2.159687e-03
-45.000000 2.160339e-03
-44.750000 2.162004e-03
-44.500000 2.164745e-03
-44.250000 2.168626e-03
-44.000000 2.173708e-03
-43.750000 2.180055e-03
-43.500000 2.187727e-03
-43.250000 2.196783e-03
-43.000000 2.207280e-03
-42.750000 2.219273e-03
-42.500000 2.232812e-03
-42.250000 2.247944e-03
-42.000000 2.264712e-03
-41.750000 2.283153e-03
-41.500000 2.303300e-03
-41.250000 2.325181e-03
-41.000000 2.348817e-03
-40.750000 2.374223e-03
-40.500000 2.401409e-03
-40.250000 2.430379e-03
-40.000000 2.461131e-03
-39.750000 2.493656e-03
-39.500000 2.527940e-03
-39.250000 2.563964e-03
-39.000000 2.601702e-03
-38.750000 2.641126e-03
-38.500000 2.682199e-03
-38.250000 2.724884e-03
-38.000000 2.769138e-03
-37.750000 2.814913e-03
-37.500000 2.862160e-03
-37.250000 2.910825e-03
-37.000000 2.960854e-03
-36.750000 3.012188e-03
-36.500000 3.064767e-03
-36.250000 3.118530e-03
-36.000000 3.173415e-03
-35.750000 3.229356e-03
-35.500000 3.286290e-03
-35.250000 3.344151e-03
-35.000000 3.402873e-03
-34.750000 3.462390e-03
-34.500000 3.522636e-03
-34.250000 3.583545e-03
-34.000000 3.645051e-03
-33.750000 3.707089e-03
-33.500000 3.769595e-03
-33.250000 3.832505e-03
-33.000000 3.895755e-03
-32.750000 3.959283e-03
-32.500000 4.023028e-03
-32.250000 4.086930e-03
-32.000000 4.150929e-03
-31.750000 4.214968e-03
-31.500000 4.278990e-03
-31.250000 4.342939e-03
-31.000000 4.406763e-03
-30.750000 4.470408e-03
-30.500000 4.533824e-03
-30.250000 4.596961e-03
-30.000000 4.659772e-03
-29.750000 4.722210e-03
-29.500000 4.784232e-03
-29.250000 4.845794e-03
-29.000000 4.906857e-03
-28.750000 4.967381e-03
-28.500000 5.027328e-03
-28.250000 5.086664e-03
-28.000000 5.145356e-03
-27.750000 5.203371e-03
-27.500000 5.260681e-03
-27.250000 5.317257e-03
-27.000000 5.373075e-03
-26.750000 5.428111e-03
-26.500000 5.482343e-03
-26.250000 5.535752e-03
-26.000000 5.588321e-03
-25.750000 5.640034e-03
-25.500000 5.690878e-03
-25.250000 5.740841e-03
-25.000000 5.789915e-03
-24.750000 5.838092e-03
-24.500000 5.885366e-03
-24.250000 5.931735e-03
-24.000000 5.977196e-03
-23.750000 6.021752e-03
-23.500000 6.065403e-03
-23.250000 6.108154e-03
-23.000000 6.150011e-03
-22.750000 6.190982e-03
-22.500000 6.231076e-03
-22.250000 6.270305e-03
-22.000000 6.308681e-03
-21.750000 6.346218e-03
-21.500000 6.382931e-03
-21.250000 6.418839e-03
-21.000000 6.453957e-03
-20.750000 6.488307e-03
-20.500000 6.521908e-03
-20.250000 6.554782e-03
-20.000000 6.586951e-03
-19.750000 6.618438e-03
-19.500000 6.649266e-03
-19.250000 6.679460e-03
-19.000000 6.709044e-03
-18.750000 6.738043e-03
-18.500000 6.766483e-03
-18.250000 6.794388e-03
-18.000000 6.821783e-03
-17.750000 6.848693e-03
-17.500000 6.875144e-03
-17.250000 6.901157e-03
-17.000000 6.926759e-03
-16.750000 6.951970e-03
-16.500000 6.976813e-03
-16.250000 7.001308e-03
-16.000000 7.025477e-03
-15.750000 7.049336e-03
-15.500000 7.072904e-03
-15.250000 7.096197e-03
-15.000000 7.119228e-03
-14.750000 7.142011e-03
-14.500000 7.164556e-03
-14.250000 7.186873e-03
-14.000000 7.208969e-03
-13.750000 7.230849e-03
-13.500000 7.252516e-03
-13.250000 7.273972e-03
-13.000000 7.295216e-03
-12.750000 7.316245e-03
-12.500000 7.337053e-03
-12.250000 7.357634e-03
-12.000000 7.377977e-03
-11.750000 7.398071e-03
-11.500000 7.417901e-03
-11.250000 7.437452e-03
-11.000000 7.456705e-03
-10.750000 7.475639e-03
-10.500000 7.494233e-03
-10.250000 7.512461e-03
-10.000000 7.530297e-03
-9.750000 7.547714e-03
-9.500000 7.564680e-03
-9.250000 7.581164e-03
-9.000000 7.597132e-03
-8.750000 7.612550e-03
-8.500000 7.627382e-03
-8.250000 7.641589e-03
-8.000000 7.655133e-03
-7.750000 7.667975e-03
-7.500000 7.680073e-03
-7.250000 7.691386e-03
-7.000000 7.701872e-03
-6.750000 7.711487e-03
-6.500000 7.720189e-03
-6.250000 7.727934e-03
-6.000000 7.734679e-03
-5.750000 7.740379e-03
-5.500000 7.744991e-03
-5.250000 7.748472e-03
-5.000000 7.750778e-03
-4.750000 7.751867e-03
-4.500000 7.751698e-03
-4.250000 7.750228e-03
-4.000000 7.747418e-03
-3.750000 7.743228e-03
-3.500000 7.737621e-03
-3.250000 7.730558e-03
-3.000000 7.722004e-03
-2.750000 7.711925e-03
-2.500000 7.700289e-03
-2.250000 7.687064e-03
-2.000000 7.672221e-03
-1.750000 7.655733e-03
-1.500000 7.637573e-03
-1.250000 7.617719e-03
-1.000000 7.596149e-03
-0.750000 7.572844e-03
-0.500000 7.547788e-03
-0.250000 7.520965e-03
0.000000 7.492363e-03
0.250000 7.461974e-03
0.500000 7.429789e-03
0.750000 7.395805e-03
1.000000 7.360020e-03
1.250000 7.322435e-03
1.500000 7.283054e-03
1.750000 7.241884e-03
2.000000 7.198934e-03
2.250000 7.154217e-03
2.500000 7.107748e-03
2.750000 7.059547e-03
3.000000 7.009634e-03
3.250000 6.958036e-03
3.500000 6.904780e-03
3.750000 6.849896e-03
4.000000 6.793421e-03
4.250000 6.735390e-03
4.500000 6.675846e-03
4.750000 6.614833e-03
5.000000 6.552398e-03
5.250000 6.488592e-03
5.500000 6.423469e-03
5.750000 6.357088e-03
6.000000 6.289509e-03
6.250000 6.220797e-03
6.500000 6.151019e-03
6.750000 6.080248e-03
7.000000 6.008557e-03
7.250000 5.936025e-03
7.500000 5.862734e-03
7.750000 5.788768e-03
8.000000 5.714217e-03
8.250000 5.639171e-03
8.500000 5.563725e-03
8.750000 5.487979e-03
9.000000 5.412033e-03
9.250000 5.335991e-03
9.500000 5.259962e-03
9.750000 5.184056e-03
10.000000 5.108387e-03
10.250000 5.033069e-03
10.500000 4.958221e-03
10.750000 4.883964e-03
11.000000 4.810420e-03
11.250000 4.737713e-03
11.500000 4.665967e-03
11.750000 4.595309e-03
12.000000 4.525866e-03
12.250000 4.457762e-03
12.500000 4.391123e-03
12.750000 4.326074e-03
13.000000 4.262737e-03
13.250000 4.201230e-03
13.500000 4.141669e-03
13.750000 4.084164e-03
14.000000 4.028821e-03
14.250000 3.975740e-03
14.500000 3.925010e-03
14.750000 3.876716e-03
15.000000 3.830930e-03
15.250000 3.787717e-03
15.500000 3.747127e-03
15.750000 3.709201e-03
16.000000 3.673965e-03
16.250000 3.641432e-03
16.500000 3.611603e-03
16.750000 3.584461e-03
17.000000 3.559978e-03
17.250000 3.538109e-03
17.500000 3.518798e-03
17.750000 3.501971e-03
18.000000 3.487545e-03
18.250000 3.475422e-03
18.500000 3.465494e-03
18.750000 3.457641e-03
19.000000 3.451736e-03
19.250000 3.447641e-03
19.500000 3.445214e-03
19.750000 3.444306e-03
20.000000 3.444763e-03
20.250000 3.446429e-03
20.500000 3.449146e-03
20.750000 3.452754e-03
21.000000 3.457095e-03
21.250000 3.462010e-03
21.500000 3.467345e-03
21.750000 3.472946e-03
22.000000 3.478664e-03
22.250000 3.484355e-03
22.500000 3.489877e-03
22.750000 3.495096e-03
23.000000 3.499881e-03
23.250000 3.504109e-03
23.500000 3.507662e-03
23.750000 3.510429e-03
24.000000 3.512304e-03
24.250000 3.513189e-03
24.500000 3.512991e-03
24.750000 3.511626e-03
25.000000 3.509015e-03
25.250000 3.505085e-03
25.500000 3.499772e-03
25.750000 3.493017e-03
26.000000 3.484769e-03
26.250000 3.474981e-03
26.500000 3.463616e-03
26.750000 3.450642e-03
27.000000 3.436033e-03
27.250000 3.419771e-03
27.500000 3.401844e-03
27.750000 3.382246e-03
28.000000 3.360980e-03
28.250000 3.338052e-03
28.500000 3.313478e-03
28.750000 3.287280e-03
29.000000 3.259487e-03
29.250000 3.230133e-03
29.500000 3.199263e-03
29.750000 3.166927e-03
30.000000 3.133183e-03
30.250000 3.098097e-03
30.500000 3.061743e-03
30.750000 3.024203e-03
31.000000 2.985569e-03
31.250000 2.945940e-03
31.500000 2.905426e-03
31.750000 2.864145e-03
32.000000 2.822228e-03
32.250000 2.779813e-03
32.500000 2.737052e-03
32.750000 2.694105e-03
33.000000 2.651147e-03
33.250000 2.608361e-03
33.500000 2.565946e-03
33.750000 2.524110e-03
34.000000 2.483074e-03
34.250000 2.443070e-03
34.500000 2.404340e-03
34.750000 2.367137e-03
35.000000 2.331721e-03
35.250000 2.298359e-03
35.500000 2.267319e-03
35.750000 2.238873e-03
36.000000 2.213286e-03
36.250000 2.190818e-03
36.500000 2.171716e-03
36.750000 2.156207e-03
37.000000 2.144500e-03
37.250000 2.136775e-03
37.500000 2.133178e-03
37.750000 2.133822e-03
38.000000 2.138780e-03
38.250000 2.148085e-03
38.500000 2.161731e-03
38.750000 2.179668e-03
39.000000 2.201811e-03
39.250000 2.228039e-03
39.500000 2.258200e-03
39.750000 2.292115e-03
40.000000 2.329583e-03
40.250000 2.370385e-03
40.500000 2.414290e-03
40.750000 2.461059e-03
41.000000 2.510447e-03
41.250000 2.562207e-03
41.500000 2.616096e-03
41.750000 2.671873e-03
42.000000 2.729301e-03
42.250000 2.788152e-03
42.500000 2.848204e-03
42.750000 2.909244e-03
43.000000 2.971069e-03
43.250000 3.033482e-03
43.500000 3.096297e-03
43.750000 3.159337e-03
44.000000 3.222432e-03
44.250000 3.285422e-03
44.500000 3.348154e-03
44.750000 3.410483e-03
45.000000 3.472273e-03
45.250000 3.533393e-03
45.500000 3.593720e-03
45.750000 3.653138e-03
46.000000 3.711535e-03
46.250000 3.768808e-03
46.500000 3.824857e-03
46.750000 3.879590e-03
47.000000 3.932918e-03
47.250000 3.984758e-03
47.500000 4.035033e-03
47.750000 4.083668e-03
48.000000 4.130596e-03
48.250000 4.175751e-03
48.500000 4.219073e-03
48.750000 4.260506e-03
49.000000 4.299998e-03
49.250000 4.337502e-03
49.500000 4.372972e-03
49.750000 4.406368e-03
50.000000 4.437654e-03
