-50.000000 8.993789e-04
-49.750000 7.765396e-04
-49.500000 6.523315e-04
-49.250000 5.288132e-04
-49.000000 4.097599e-04
-48.750000 3.036438e-04
-48.500000 2.317050e-04
-48.250000 2.296977e-04
-48.000000 2.983993e-04
-47.750000 4.017215e-04
-47.500000 5.175634e-04
-47.250000 6.371004e-04
-47.000000 7.564187e-04
-46.750000 8.733860e-04
-46.500000 9.866070e-04
-46.250000 1.095038e-03
-46.000000 1.197827e-03
-45.750000 1.294244e-03
-45.500000 1.383644e-03
-45.250000 1.465454e-03
-45.000000 1.539160e-03
-44.750000 1.604307e-03
-44.500000 1.660495e-03
-44.250000 1.707382e-03
-44.000000 1.744681e-03
-43.750000 1.772163e-03
-43.500000 1.789658e-03
-43.250000 1.797059e-03
-43.000000 1.794317e-03
-42.750000 1.781450e-03
-42.500000 1.758539e-03
-42.250000 1.725732e-03
-42.000000 1.683248e-03
-41.750000 1.631377e-03
-41.500000 1.570486e-03
-41.250000 1.501026e-03
-41.000000 1.423541e-03
-40.750000 1.338686e-03
-40.500000 1.247248e-03
-40.250000 1.150191e-03
-40.000000 1.048722e-03
-39.750000 9.444135e-04
-39.500000 8.394051e-04
-39.250000 7.367686e-04
-39.000000 6.411169e-04
-38.750000 5.594759e-04
-38.500000 5.018545e-04
-38.250000 4.794281e-04
-38.000000 4.984233e-04
-37.750000 5.550870e-04
-37.500000 6.391929e-04
-37.250000 7.405977e-04
-37.000000 8.518862e-04
-36.750000 9.681112e-04
-36.500000 1.085953e-03
-36.250000 1.203079e-03
-36.000000 1.317761e-03
-35.750000 1.428646e-03
-35.500000 1.534638e-03
-35.250000 1.634818e-03
-35.000000 1.728409e-03
-34.750000 1.814745e-03
-34.500000 1.893263e-03
-34.250000 1.963489e-03
-34.000000 2.025041e-03
-33.750000 2.077626e-03
-33.500000 2.121037e-03
-33.250000 2.155161e-03
-33.000000 2.179983e-03
-32.750000 2.195584e-03
-32.500000 2.202152e-03
-32.250000 2.199987e-03
-32.000000 2.189508e-03
-31.750000 2.171261e-03
-31.500000 2.145929e-03
-31.250000 2.114340e-03
-31.000000 2.077482e-03
-30.750000 2.036505e-03
-30.500000 1.992736e-03
-30.250000 1.947677e-03
-30.000000 1.903001e-03
-29.750000 1.860528e-03
-29.500000 1.822187e-03
-29.250000 1.789946e-03
-29.000000 1.765710e-03
-28.750000 1.751203e-03
-28.500000 1.747824e-03
-28.250000 1.756518e-03
-28.000000 1.777685e-03
-27.750000 1.811145e-03
-27.500000 1.856168e-03
-27.250000 1.911561e-03
-27.000000 1.975783e-03
-26.750000 2.047079e-03
-26.500000 2.123583e-03
-26.250000 2.203412e-03
-26.000000 2.284731e-03
-25.750000 2.365790e-03
-25.500000 2.444949e-03
-25.250000 2.520691e-03
-25.000000 2.591625e-03
-24.750000 2.656486e-03
-24.500000 2.714134e-03
-24.250000 2.763549e-03
-24.000000 2.803830e-03
-23.750000 2.834197e-03
-23.500000 2.853984e-03
-23.250000 2.862644e-03
-23.000000 2.859750e-03
-22.750000 2.845001e-03
-22.500000 2.818222e-03
-22.250000 2.779378e-03
-22.000000 2.728581e-03
-21.750000 2.666108e-03
-21.500000 2.592418e-03
-21.250000 2.508180e-03
-21.000000 2.414317e-03
-20.750000 2.312049e-03
-20.500000 2.202971e-03
-20.250000 2.089150e-03
-20.000000 1.973247e-03
-19.750000 1.858678e-03
-19.500000 1.749784e-03
-19.250000 1.651954e-03
-19.000000 1.571598e-03
-18.750000 1.515744e-03
-18.500000 1.491112e-03
-18.250000 1.502722e-03
-18.000000 1.552614e-03
-17.750000 1.639436e-03
-17.500000 1.759145e-03
-17.250000 1.906287e-03
-17.000000 2.075147e-03
-16.750000 2.260429e-03
-16.500000 2.457526e-03
-16.250000 2.662523e-03
-16.000000 2.872113e-03
-15.750000 3.083480e-03
-15.500000 3.294193e-03
-15.250000 3.502122e-03
-15.000000 3.705378e-03
-14.750000 3.902263e-03
-14.500000 4.091238e-03
-14.250000 4.270902e-03
-14.000000 4.439971e-03
-13.750000 4.597274e-03
-13.500000 4.741741e-03
-13.250000 4.872401e-03
-13.000000 4.988377e-03
-12.750000 5.088891e-03
-12.500000 5.173255e-03
-12.250000 5.240880e-03
-12.000000 5.291272e-03
-11.750000 5.324032e-03
-11.500000 5.338860e-03
-11.250000 5.335556e-03
-11.000000 5.314019e-03
-10.750000 5.274247e-03
-10.500000 5.216342e-03
-10.250000 5.140504e-03
-10.000000 5.047040e-03
-9.750000 4.936357e-03
-9.500000 4.808965e-03
-9.250000 4.665483e-03
-9.000000 4.506633e-03
-8.750000 4.333251e-03
-8.500000 4.146286e-03
-8.250000 3.946811e-03
-8.000000 3.736036e-03
-7.750000 3.515324e-03
-7.500000 3.286224e-03
-7.250000 3.050514e-03
-7.000000 2.810271e-03
-6.750000 2.567983e-03
-6.500000 2.326720e-03
-6.250000 2.090405e-03
-6.000000 1.864229e-03
-5.750000 1.655234e-03
-5.500000 1.472997e-03
-5.250000 1.329902e-03
-5.000000 1.239774e-03
-4.750000 1.213409e-03
-4.500000 1.252637e-03
-4.250000 1.348680e-03
-4.000000 1.486928e-03
-3.750000 1.652835e-03
-3.500000 1.834745e-03
-3.250000 2.024132e-03
-3.000000 2.214908e-03
-2.750000 2.402680e-03
-2.500000 2.584207e-03
-2.250000 2.757031e-03
-2.000000 2.919246e-03
-1.750000 3.069344e-03
-1.500000 3.206127e-03
-1.250000 3.328642e-03
-1.000000 3.436142e-03
-0.750000 3.528060e-03
-0.500000 3.603993e-03
-0.250000 3.663691e-03
0.000000 3.707048e-03
0.250000 3.734099e-03
0.500000 3.745021e-03
0.750000 3.740126e-03
1.000000 3.719867e-03
1.250000 3.684840e-03
1.500000 3.635785e-03
1.750000 3.573593e-03
2.000000 3.499314e-03
2.250000 3.414165e-03
2.500000 3.319539e-03
2.750000 3.217021e-03
3.000000 3.108404e-03
3.250000 2.995698e-03
3.500000 2.881152e-03
3.750000 2.767255e-03
4.000000 2.656736e-03
4.250000 2.552527e-03
4.500000 2.457703e-03
4.750000 2.375353e-03
5.000000 2.308400e-03
5.250000 2.259360e-03
5.500000 2.230067e-03
5.750000 2.221445e-03
6.000000 2.233361e-03
6.250000 2.264632e-03
6.500000 2.313178e-03
6.750000 2.376266e-03
7.000000 2.450795e-03
7.250000 2.533541e-03
7.500000 2.621348e-03
7.750000 2.711254e-03
8.000000 2.800551e-03
8.250000 2.886816e-03
8.500000 2.967910e-03
8.750000 3.041962e-03
9.000000 3.107354e-03
9.250000 3.162700e-03
9.500000 3.206823e-03
9.750000 3.238743e-03
10.000000 3.257656e-03
10.250000 3.262925e-03
10.500000 3.254071e-03
10.750000 3.230756e-03
11.000000 3.192783e-03
11.250000 3.140087e-03
11.500000 3.072725e-03
11.750000 2.990874e-03
12.000000 2.894827e-03
12.250000 2.784986e-03
12.500000 2.661857e-03
12.750000 2.526049e-03
13.000000 2.378272e-03
13.250000 2.219333e-03
13.500000 2.050139e-03
13.750000 1.871705e-03
14.000000 1.685169e-03
14.250000 1.491824e-03
14.500000 1.293196e-03
14.750000 1.091202e-03
15.000000 8.885502e-04
15.250000 6.898101e-04
15.500000 5.047738e-04
15.750000 3.597906e-04
16.000000 3.173431e-04
16.250000 4.090471e-04
16.500000 5.708857e-04
16.750000 7.556805e-04
17.000000 9.462552e-04
17.250000 1.135715e-03
17.500000 1.320517e-03
17.750000 1.498404e-03
18.000000 1.667709e-03
18.250000 1.827078e-03
18.500000 1.975357e-03
18.750000 2.111536e-03
19.000000 2.234723e-03
19.250000 2.344131e-03
19.500000 2.439071e-03
19.750000 2.518952e-03
20.000000 2.583282e-03
20.250000 2.631664e-03
20.500000 2.663802e-03
20.750000 2.679503e-03
21.000000 2.678676e-03
21.250000 2.661337e-03
21.500000 2.627610e-03
21.750000 2.577735e-03
22.000000 2.512069e-03
22.250000 2.431096e-03
22.500000 2.335437e-03
22.750000 2.225867e-03
23.000000 2.103343e-03
23.250000 1.969045e-03
23.500000 1.824445e-03
23.750000 1.671425e-03
24.000000 1.512471e-03
24.250000 1.351021e-03
24.500000 1.192064e-03
24.750000 1.043149e-03
25.000000 9.158253e-04
25.250000 8.265856e-04
25.500000 7.939716e-04
25.750000 8.287865e-04
26.000000 9.258937e-04
26.250000 1.069501e-03
26.500000 1.243569e-03
26.750000 1.436214e-03
27.000000 1.639442e-03
27.250000 1.847857e-03
27.500000 2.057650e-03
27.750000 2.265973e-03
28.000000 2.470583e-03
28.250000 2.669632e-03
28.500000 2.861545e-03
28.750000 3.044951e-03
29.000000 3.218637e-03
29.250000 3.381525e-03
29.500000 3.532657e-03
29.750000 3.671183e-03
30.000000 3.796354e-03
30.250000 3.907525e-03
30.500000 4.004147e-03
30.750000 4.085773e-03
31.000000 4.152051e-03
31.250000 4.202728e-03
31.500000 4.237651e-03
31.750000 4.256765e-03
32.000000 4.260113e-03
32.250000 4.247839e-03
32.500000 4.220184e-03
32.750000 4.177489e-03
33.000000 4.120193e-03
33.250000 4.048833e-03
33.500000 3.964046e-03
33.750000 3.866566e-03
34.000000 3.757230e-03
34.250000 3.636974e-03
34.500000 3.506844e-03
34.750000 3.367993e-03
35.000000 3.221694e-03
35.250000 3.069349e-03
35.500000 2.912504e-03
35.750000 2.752868e-03
36.000000 2.592338e-03
36.250000 2.433028e-03
36.500000 2.277306e-03
36.750000 2.127817e-03
37.000000 1.987508e-03
37.250000 1.859593e-03
37.500000 1.747462e-03
37.750000 1.654457e-03
38.000000 1.583501e-03
38.250000 1.536623e-03
38.500000 1.514477e-03
38.750000 1.516090e-03
39.000000 1.538947e-03
39.250000 1.579416e-03
39.500000 1.633319e-03
39.750000 1.696439e-03
40.000000 1.764873e-03
40.250000 1.835202e-03
40.500000 1.904541e-03
40.750000 1.970512e-03
41.000000 2.031195e-03
41.250000 2.085063e-03
41.500000 2.130928e-03
41.750000 2.167894e-03
42.000000 2.195322e-03
42.250000 2.212802e-03
42.500000 2.220132e-03
42.750000 2.217307e-03
43.000000 2.204508e-03
43.250000 2.182106e-03
43.500000 2.150657e-03
43.750000 2.110917e-03
44.000000 2.063847e-03
44.250000 2.010635e-03
44.500000 1.952712e-03
44.750000 1.891772e-03
45.000000 1.829797e-03
45.250000 1.769061e-03
45.500000 1.712115e-03
45.750000 1.661739e-03
46.000000 1.620822e-03
46.250000 1.592180e-03
46.500000 1.578294e-03
46.750000 1.581026e-03
47.000000 1.601374e-03
47.250000 1.639349e-03
47.500000 1.694014e-03
47.750000 1.763664e-03
48.000000 1.846082e-03
48.250000 1.938795e-03
48.500000 2.039278e-03
48.750000 2.145091e-03
49.000000 2.253960e-03
49.250000 2.363806e-03
49.500000 2.472757e-03
49.750000 2.579137e-03
50.000000 2.681452e-03
