-50.000000 3.483498e-04
-49.750000 2.846021e-04
-49.500000 1.647561e-04
-49.250000 2.599992e-05
-49.000000 1.762381e-04
-48.750000 3.450572e-04
-48.500000 4.847839e-04
-48.250000 5.772608e-04
-48.000000 6.120386e-04
-47.750000 5.874630e-04
-47.500000 5.108125e-04
-47.250000 3.973061e-04
-47.000000 2.684330e-04
-46.750000 1.515108e-04
-46.500000 8.628006e-05
-46.250000 8.771105e-05
-46.000000 8.174020e-05
-45.750000 3.577347e-05
-45.500000 6.704547e-05
-45.250000 1.880542e-04
-45.000000 3.207505e-04
-44.750000 4.410308e-04
-44.500000 5.269057e-04
-44.250000 5.610283e-04
-44.000000 5.335816e-04
-43.750000 4.444727e-04
-43.500000 3.056098e-04
-43.250000 1.546331e-04
-43.000000 1.593462e-04
-42.750000 3.128279e-04
-42.500000 4.501689e-04
-42.250000 5.304515e-04
-42.000000 5.361315e-04
-41.750000 4.619700e-04
-41.500000 3.144425e-04
-41.250000 1.126153e-04
-41.000000 1.333663e-04
-40.750000 3.693081e-04
-40.500000 5.783260e-04
-40.250000 7.315375e-04
-40.000000 8.096427e-04
-39.750000 8.052012e-04
-39.500000 7.259056e-04
-39.250000 5.994040e-04
-39.000000 4.832800e-04
-38.750000 4.608688e-04
-38.500000 5.477594e-04
-38.250000 6.635172e-04
-38.000000 7.397148e-04
-37.750000 7.439589e-04
-37.500000 6.711869e-04
-37.250000 5.462365e-04
-37.000000 4.464856e-04
-36.750000 4.966484e-04
-36.500000 6.891051e-04
-36.250000 9.150382e-04
-36.000000 1.105876e-03
-35.750000 1.226875e-03
-35.500000 1.264171e-03
-35.250000 1.221714e-03
-35.000000 1.120231e-03
-34.750000 9.949632e-04
-34.500000 8.881327e-04
-34.250000 8.298005e-04
-34.000000 8.151156e-04
-33.750000 8.095338e-04
-33.500000 7.797956e-04
-33.250000 7.161612e-04
-33.000000 6.410953e-04
-32.750000 6.079355e-04
-32.500000 6.624135e-04
-32.250000 7.849556e-04
-32.000000 9.163725e-04
-31.750000 1.007781e-03
-31.500000 1.032401e-03
-31.250000 9.852808e-04
-31.000000 8.842679e-04
-30.750000 7.726880e-04
-30.500000 7.138672e-04
-30.250000 7.479908e-04
-30.000000 8.434730e-04
-29.750000 9.345001e-04
-29.500000 9.717403e-04
-29.250000 9.314361e-04
-29.000000 8.114166e-04
-28.750000 6.268900e-04
-28.500000 4.066602e-04
-28.250000 1.926675e-04
-28.000000 9.727427e-05
-27.750000 1.847658e-04
-27.500000 2.381335e-04
-27.250000 2.566118e-04
-27.000000 3.416253e-04
-26.750000 5.562470e-04
-26.500000 8.540048e-04
-26.250000 1.174556e-03
-26.000000 1.464644e-03
-25.750000 1.677858e-03
-25.500000 1.777875e-03
-25.250000 1.742501e-03
-25.000000 1.566604e-03
-24.750000 1.263126e-03
-24.500000 8.621315e-04
-24.250000 4.106787e-04
-24.000000 1.382125e-04
-23.750000 5.120207e-04
-23.500000 8.429385e-04
-23.250000 1.056195e-03
-23.000000 1.132773e-03
-22.750000 1.075670e-03
-22.500000 9.112205e-04
-22.250000 6.961356e-04
-22.000000 5.394503e-04
-21.750000 5.697742e-04
-21.500000 7.315132e-04
-21.250000 8.854207e-04
-21.000000 9.617053e-04
-20.750000 9.386734e-04
-20.500000 8.241988e-04
-20.250000 6.516151e-04
-20.000000 4.853139e-04
-19.750000 4.227398e-04
-19.500000 4.915139e-04
-19.250000 5.978785e-04
-19.000000 6.819490e-04
-18.750000 7.505763e-04
-18.500000 8.510528e-04
-18.250000 1.024894e-03
-18.000000 1.264556e-03
-17.750000 1.522422e-03
-17.500000 1.741622e-03
-17.250000 1.873874e-03
-17.000000 1.887748e-03
-16.750000 1.774086e-03
-16.500000 1.551283e-03
-16.250000 1.273846e-03
-16.000000 1.047451e-03
-15.750000 1.008196e-03
-15.500000 1.170105e-03
-15.250000 1.398182e-03
-15.000000 1.575416e-03
-14.750000 1.644094e-03
-14.500000 1.588187e-03
-14.250000 1.421583e-03
-14.000000 1.180956e-03
-13.750000 9.190814e-04
-13.500000 6.959624e-04
-13.250000 5.603155e-04
-13.000000 5.211288e-04
-12.750000 5.654841e-04
-12.500000 7.099283e-04
-12.250000 9.666973e-04
-12.000000 1.300995e-03
-11.750000 1.648444e-03
-11.500000 1.938105e-03
-11.250000 2.107145e-03
-11.000000 2.116027e-03
-10.750000 1.971467e-03
-10.500000 1.770312e-03
-10.250000 1.753175e-03
-10.000000 2.158687e-03
-9.750000 2.919525e-03
-9.500000 3.819497e-03
-9.250000 4.681818e-03
-9.000000 5.376829e-03
-8.750000 5.811994e-03
-8.500000 5.932130e-03
-8.250000 5.722558e-03
-8.000000 5.210662e-03
-7.750000 4.464485e-03
-7.500000 3.589513e-03
-7.250000 2.728467e-03
-7.000000 2.070521e-03
-6.750000 1.826498e-03
-6.500000 2.041451e-03
-6.250000 2.570716e-03
-6.000000 3.351120e-03
-5.750000 4.412027e-03
-5.500000 5.767361e-03
-5.250000 7.373785e-03
-5.000000 9.142744e-03
-4.750000 1.096570e-02
-4.500000 1.273606e-02
-4.250000 1.436529e-02
-4.000000 1.579305e-02
-3.750000 1.699065e-02
-3.500000 1.795752e-02
-3.250000 1.871121e-02
-3.000000 1.927364e-02
-2.750000 1.965784e-02
-2.500000 1.985995e-02
-2.250000 1.985930e-02
-2.000000 1.962636e-02
-1.750000 1.913472e-02
-1.500000 1.837288e-02
-1.250000 1.735205e-02
-1.000000 1.610819e-02
-0.750000 1.469843e-02
-0.500000 1.319330e-02
-0.250000 1.166750e-02
0.000000 1.019206e-02
0.250000 8.831028e-03
0.500000 7.643633e-03
0.750000 6.688748e-03
1.000000 6.021187e-03
1.250000 5.667711e-03
1.500000 5.592263e-03
1.750000 5.690489e-03
2.000000 5.827646e-03
2.250000 5.882730e-03
2.500000 5.771564e-03
2.750000 5.452712e-03
3.000000 4.926091e-03
3.250000 4.229147e-03
3.500000 3.433396e-03
3.750000 2.646653e-03
4.000000 2.029701e-03
4.250000 1.791480e-03
4.500000 1.999711e-03
4.750000 2.476833e-03
5.000000 3.070347e-03
5.250000 3.733035e-03
5.500000 4.456631e-03
5.750000 5.225573e-03
6.000000 6.002209e-03
6.250000 6.731446e-03
6.500000 7.353257e-03
6.750000 7.815351e-03
7.000000 8.082567e-03
7.250000 8.141996e-03
7.500000 8.003952e-03
7.750000 7.699322e-03
8.000000 7.274200e-03
8.250000 6.782921e-03
8.500000 6.280697e-03
8.750000 5.816892e-03
9.000000 5.429477e-03
9.250000 5.140698e-03
9.500000 4.954043e-03
9.750000 4.853433e-03
10.000000 4.805982e-03
10.250000 4.768497e-03
10.500000 4.695940e-03
10.750000 4.549530e-03
11.000000 4.302918e-03
11.250000 3.945813e-03
11.500000 3.484921e-03
11.750000 2.942365e-03
12.000000 2.352041e-03
12.250000 1.754814e-03
12.500000 1.194666e-03
12.750000 7.230652e-04
13.000000 4.421614e-04
13.250000 4.935093e-04
13.500000 7.094100e-04
13.750000 9.355895e-04
14.000000 1.144710e-03
14.250000 1.333266e-03
14.500000 1.498566e-03
14.750000 1.640406e-03
15.000000 1.767764e-03
15.250000 1.901839e-03
15.500000 2.069621e-03
15.750000 2.288366e-03
16.000000 2.551717e-03
16.250000 2.828948e-03
16.500000 3.075702e-03
16.750000 3.246966e-03
17.000000 3.306970e-03
17.250000 3.235334e-03
17.500000 3.030063e-03
17.750000 2.707842e-03
18.000000 2.302013e-03
18.250000 1.858742e-03
18.500000 1.432056e-03
18.750000 1.077632e-03
19.000000 8.409674e-04
19.250000 7.330537e-04
19.500000 7.225582e-04
19.750000 7.815614e-04
20.000000 9.099393e-04
20.250000 1.102891e-03
20.500000 1.328942e-03
20.750000 1.540729e-03
21.000000 1.691388e-03
21.250000 1.744910e-03
21.500000 1.682763e-03
21.750000 1.509880e-03
22.000000 1.264282e-03
22.250000 1.038647e-03
22.500000 9.909255e-04
22.750000 1.197557e-03
23.000000 1.540998e-03
23.250000 1.891434e-03
23.500000 2.176146e-03
23.750000 2.359986e-03
24.000000 2.432171e-03
24.250000 2.400034e-03
24.500000 2.284174e-03
24.750000 2.113218e-03
25.000000 1.918148e-03
25.250000 1.727076e-03
25.500000 1.561877e-03
25.750000 1.437753e-03
26.000000 1.364715e-03
26.250000 1.347465e-03
26.500000 1.381772e-03
26.750000 1.451568e-03
27.000000 1.531904e-03
27.250000 1.596278e-03
27.500000 1.623660e-03
27.750000 1.603052e-03
28.000000 1.535495e-03
28.250000 1.433559e-03
28.500000 1.317790e-03
28.750000 1.209393e-03
29.000000 1.120327e-03
29.250000 1.046885e-03
29.500000 9.741480e-04
29.750000 8.899193e-04
30.000000 7.998326e-04
30.250000 7.368510e-04
30.500000 7.493439e-04
30.750000 8.519383e-04
31.000000 1.003617e-03
31.250000 1.147454e-03
31.500000 1.238782e-03
31.750000 1.249613e-03
32.000000 1.167887e-03
32.250000 9.965050e-04
32.500000 7.519300e-04
32.750000 4.627395e-04
33.000000 1.796526e-04
33.250000 1.897529e-04
33.500000 4.051545e-04
33.750000 5.598327e-04
34.000000 6.253623e-04
34.250000 5.991663e-04
34.500000 4.978123e-04
34.750000 3.685069e-04
35.000000 3.233162e-04
35.250000 4.413915e-04
35.500000 6.206020e-04
35.750000 7.764368e-04
36.000000 8.725996e-04
36.250000 8.966710e-04
36.500000 8.549871e-04
36.750000 7.733757e-04
37.000000 6.977289e-04
37.250000 6.802450e-04
37.500000 7.368217e-04
37.750000 8.295817e-04
38.000000 9.074004e-04
38.250000 9.348823e-04
38.500000 8.953698e-04
38.750000 7.877524e-04
39.000000 6.232235e-04
39.250000 4.223585e-04
39.500000 2.146241e-04
39.750000 8.870810e-05
40.000000 1.997016e-04
40.250000 3.086927e-04
40.500000 3.605229e-04
40.750000 3.503970e-04
41.000000 2.850789e-04
41.250000 1.793566e-04
41.500000 5.858790e-05
41.750000 9.236063e-05
42.000000 2.023497e-04
42.250000 2.838279e-04
42.500000 3.269927e-04
42.750000 3.334186e-04
43.000000 3.159001e-04
43.250000 2.981004e-04
43.500000 3.044323e-04
43.750000 3.376484e-04
44.000000 3.764900e-04
44.250000 3.966793e-04
44.500000 3.824602e-04
44.750000 3.281552e-04
45.000000 2.384927e-04
45.250000 1.365835e-04
45.500000 1.226890e-04
45.750000 2.320200e-04
46.000000 3.517726e-04
46.250000 4.461018e-04
46.500000 5.007454e-04
46.750000 5.095493e-04
47.000000 4.729960e-04
47.250000 3.974440e-04
47.500000 2.939707e-04
47.750000 1.771480e-04
48.000000 6.891813e-05
48.250000 7.330309e-05
48.500000 1.504190e-04
48.750000 2.084090e-04
49.000000 2.422829e-04
49.250000 2.569913e-04
49.500000 2.612440e-04
49.750000 2.631329e-04
50.000000 2.654966e-04
