-50.000000 3.611538e-03
-49.750000 3.477210e-03
-49.500000 3.335805e-03
-49.250000 3.188220e-03
-49.000000 3.035511e-03
-48.750000 2.878919e-03
-48.500000 2.719924e-03
-48.250000 2.560303e-03
-48.000000 2.402201e-03
-47.750000 2.248235e-03
-47.500000 2.101590e-03
-47.250000 1.966115e-03
-47.000000 1.846357e-03
-46.750000 1.747435e-03
-46.500000 1.674656e-03
-46.250000 1.632778e-03
-46.000000 1.625039e-03
-45.750000 1.652330e-03
-45.500000 1.712963e-03
-45.250000 1.803167e-03
-45.000000 1.918021e-03
-44.750000 2.052348e-03
-44.500000 2.201311e-03
-44.250000 2.360683e-03
-44.000000 2.526897e-03
-43.750000 2.696990e-03
-43.500000 2.868504e-03
-43.250000 3.039394e-03
-43.000000 3.207938e-03
-42.750000 3.372677e-03
-42.500000 3.532358e-03
-42.250000 3.685898e-03
-42.000000 3.832355e-03
-41.750000 3.970909e-03
-41.500000 4.100842e-03
-41.250000 4.221531e-03
-41.000000 4.332437e-03
-40.750000 4.433102e-03
-40.500000 4.523142e-03
-40.250000 4.602249e-03
-40.000000 4.670184e-03
-39.750000 4.726780e-03
-39.500000 4.771941e-03
-39.250000 4.805643e-03
-39.000000 4.827933e-03
-38.750000 4.838933e-03
-38.500000 4.838841e-03
-38.250000 4.827932e-03
-38.000000 4.806562e-03
-37.750000 4.775169e-03
-37.500000 4.734281e-03
-37.250000 4.684513e-03
-37.000000 4.626579e-03
-36.750000 4.561288e-03
-36.500000 4.489557e-03
-36.250000 4.412410e-03
-36.000000 4.330984e-03
-35.750000 4.246531e-03
-35.500000 4.160420e-03
-35.250000 4.074135e-03
-35.000000 3.989267e-03
-34.750000 3.907498e-03
-34.500000 3.830585e-03
-34.250000 3.760318e-03
-34.000000 3.698483e-03
-33.750000 3.646799e-03
-33.500000 3.606849e-03
-33.250000 3.580009e-03
-33.000000 3.567374e-03
-32.750000 3.569692e-03
-32.500000 3.587319e-03
-32.250000 3.620201e-03
-32.000000 3.667883e-03
-31.750000 3.729541e-03
-31.500000 3.804045e-03
-31.250000 3.890017e-03
-31.000000 3.985912e-03
-30.750000 4.090081e-03
-30.500000 4.200830e-03
-30.250000 4.316469e-03
-30.000000 4.435346e-03
-29.750000 4.555877e-03
-29.500000 4.676555e-03
-29.250000 4.795967e-03
-29.000000 4.912795e-03
-28.750000 5.025819e-03
-28.500000 5.133914e-03
-28.250000 5.236052e-03
-28.000000 5.331290e-03
-27.750000 5.418778e-03
-27.500000 5.497746e-03
-27.250000 5.567503e-03
-27.000000 5.627439e-03
-26.750000 5.677013e-03
-26.500000 5.715759e-03
-26.250000 5.743276e-03
-26.000000 5.759234e-03
-25.750000 5.763365e-03
-25.500000 5.755463e-03
-25.250000 5.735387e-03
-25.000000 5.703053e-03
-24.750000 5.658438e-03
-24.500000 5.601578e-03
-24.250000 5.532565e-03
-24.000000 5.451551e-03
-23.750000 5.358743e-03
-23.500000 5.254407e-03
-23.250000 5.138867e-03
-23.000000 5.012510e-03
-22.750000 4.875783e-03
-22.500000 4.729200e-03
-22.250000 4.573347e-03
-22.000000 4.408889e-03
-21.750000 4.236578e-03
-21.500000 4.057270e-03
-21.250000 3.871939e-03
-21.000000 3.681706e-03
-20.750000 3.487868e-03
-20.500000 3.291948e-03
-20.250000 3.095754e-03
-20.000000 2.901455e-03
-19.750000 2.711687e-03
-19.500000 2.529667e-03
-19.250000 2.359324e-03
-19.000000 2.205388e-03
-18.750000 2.073371e-03
-18.500000 1.969315e-03
-18.250000 1.899154e-03
-18.000000 1.867697e-03
-17.750000 1.877501e-03
-17.500000 1.928162e-03
-17.250000 2.016475e-03
-17.000000 2.137337e-03
-16.750000 2.284879e-03
-16.500000 2.453370e-03
-16.250000 2.637703e-03
-16.000000 2.833559e-03
-15.750000 3.037381e-03
-15.500000 3.246267e-03
-15.250000 3.457848e-03
-15.000000 3.670175e-03
-14.750000 3.881627e-03
-14.500000 4.090840e-03
-14.250000 4.296651e-03
-14.000000 4.498056e-03
-13.750000 4.694178e-03
-13.500000 4.884245e-03
-13.250000 5.067571e-03
-13.000000 5.243543e-03
-12.750000 5.411607e-03
-12.500000 5.571266e-03
-12.250000 5.722067e-03
-12.000000 5.863602e-03
-11.750000 5.995498e-03
-11.500000 6.117421e-03
-11.250000 6.229065e-03
-11.000000 6.330158e-03
-10.750000 6.420453e-03
-10.500000 6.499734e-03
-10.250000 6.567808e-03
-10.000000 6.624508e-03
-9.750000 6.669692e-03
-9.500000 6.703241e-03
-9.250000 6.725061e-03
-9.000000 6.735077e-03
-8.750000 6.733242e-03
-8.500000 6.719527e-03
-8.250000 6.693929e-03
-8.000000 6.656465e-03
-7.750000 6.607176e-03
-7.500000 6.546127e-03
-7.250000 6.473403e-03
-7.000000 6.389115e-03
-6.750000 6.293398e-03
-6.500000 6.186410e-03
-6.250000 6.068335e-03
-6.000000 5.939382e-03
-5.750000 5.799786e-03
-5.500000 5.649812e-03
-5.250000 5.489750e-03
-5.000000 5.319922e-03
-4.750000 5.140682e-03
-4.500000 4.952415e-03
-4.250000 4.755547e-03
-4.000000 4.550540e-03
-3.750000 4.337904e-03
-3.500000 4.118201e-03
-3.250000 3.892051e-03
-3.000000 3.660154e-03
-2.750000 3.423299e-03
-2.500000 3.182402e-03
-2.250000 2.938541e-03
-2.000000 2.693029e-03
-1.750000 2.447514e-03
-1.500000 2.204149e-03
-1.250000 1.965869e-03
-1.000000 1.736844e-03
-0.750000 1.523203e-03
-0.500000 1.334084e-03
-0.250000 1.182666e-03
0.000000 1.085645e-03
0.250000 1.058205e-03
0.500000 1.104972e-03
0.750000 1.216289e-03
1.000000 1.375040e-03
1.250000 1.565051e-03
1.500000 1.774311e-03
1.750000 1.994655e-03
2.000000 2.220591e-03
2.250000 2.448341e-03
2.500000 2.675196e-03
2.750000 2.899126e-03
3.000000 3.118548e-03
3.250000 3.332177e-03
3.500000 3.538941e-03
3.750000 3.737917e-03
4.000000 3.928306e-03
4.250000 4.109398e-03
4.500000 4.280566e-03
4.750000 4.441251e-03
5.000000 4.590955e-03
5.250000 4.729242e-03
5.500000 4.855730e-03
5.750000 4.970094e-03
6.000000 5.072063e-03
6.250000 5.161423e-03
6.500000 5.238015e-03
6.750000 5.301736e-03
7.000000 5.352544e-03
7.250000 5.390456e-03
7.500000 5.415552e-03
7.750000 5.427976e-03
8.000000 5.427937e-03
8.250000 5.415714e-03
8.500000 5.391658e-03
8.750000 5.356195e-03
9.000000 5.309826e-03
9.250000 5.253136e-03
9.500000 5.186796e-03
9.750000 5.111564e-03
10.000000 5.028294e-03
10.250000 4.937939e-03
10.500000 4.841555e-03
10.750000 4.740307e-03
11.000000 4.635472e-03
11.250000 4.528441e-03
11.500000 4.420718e-03
11.750000 4.313919e-03
12.000000 4.209757e-03
12.250000 4.110027e-03
12.500000 4.016579e-03
12.750000 3.931275e-03
13.000000 3.855940e-03
13.250000 3.792288e-03
13.500000 3.741855e-03
13.750000 3.705912e-03
14.000000 3.685391e-03
14.250000 3.680823e-03
14.500000 3.692301e-03
14.750000 3.719472e-03
15.000000 3.761558e-03
15.250000 3.817412e-03
15.500000 3.885584e-03
15.750000 3.964402e-03
16.000000 4.052051e-03
16.250000 4.146645e-03
16.500000 4.246289e-03
16.750000 4.349118e-03
17.000000 4.453341e-03
17.250000 4.557256e-03
17.500000 4.659267e-03
17.750000 4.757890e-03
18.000000 4.851756e-03
18.250000 4.939610e-03
18.500000 5.020309e-03
18.750000 5.092815e-03
19.000000 5.156197e-03
19.250000 5.209619e-03
19.500000 5.252341e-03
19.750000 5.283714e-03
20.000000 5.303176e-03
20.250000 5.310246e-03
20.500000 5.304525e-03
20.750000 5.285693e-03
21.000000 5.253503e-03
21.250000 5.207780e-03
21.500000 5.148423e-03
21.750000 5.075397e-03
22.000000 4.988734e-03
22.250000 4.888531e-03
22.500000 4.774950e-03
22.750000 4.648212e-03
23.000000 4.508601e-03
23.250000 4.356460e-03
23.500000 4.192189e-03
23.750000 4.016247e-03
24.000000 3.829152e-03
24.250000 3.631480e-03
24.500000 3.423872e-03
24.750000 3.207034e-03
25.000000 2.981752e-03
25.250000 2.748904e-03
25.500000 2.509490e-03
25.750000 2.264683e-03
26.000000 2.015912e-03
26.250000 1.765037e-03
26.500000 1.514675e-03
26.750000 1.268908e-03
27.000000 1.034870e-03
27.250000 8.263891e-04
27.500000 6.711236e-04
27.750000 6.131426e-04
28.000000 6.783561e-04
28.250000 8.377493e-04
28.500000 1.047758e-03
28.750000 1.281853e-03
29.000000 1.526823e-03
29.250000 1.775833e-03
29.500000 2.024956e-03
29.750000 2.271669e-03
30.000000 2.514187e-03
30.250000 2.751137e-03
30.500000 2.981405e-03
30.750000 3.204043e-03
31.000000 3.418224e-03
31.250000 3.623215e-03
31.500000 3.818359e-03
31.750000 4.003063e-03
32.000000 4.176798e-03
32.250000 4.339087e-03
32.500000 4.489508e-03
32.750000 4.627692e-03
33.000000 4.753321e-03
33.250000 4.866125e-03
33.500000 4.965887e-03
33.750000 5.052438e-03
34.000000 5.125659e-03
34.250000 5.185480e-03
34.500000 5.231878e-03
34.750000 5.264880e-03
35.000000 5.284557e-03
35.250000 5.291028e-03
35.500000 5.284458e-03
35.750000 5.265054e-03
36.000000 5.233068e-03
36.250000 5.188792e-03
36.500000 5.132558e-03
36.750000 5.064737e-03
37.000000 4.985736e-03
37.250000 4.895998e-03
37.500000 4.795999e-03
37.750000 4.686243e-03
38.000000 4.567267e-03
38.250000 4.439633e-03
38.500000 4.303927e-03
38.750000 4.160759e-03
39.000000 4.010758e-03
39.250000 3.854574e-03
39.500000 3.692870e-03
39.750000 3.526329e-03
40.000000 3.355641e-03
40.250000 3.181515e-03
40.500000 3.004666e-03
40.750000 2.825824e-03
41.000000 2.645730e-03
41.250000 2.465142e-03
41.500000 2.284836e-03
41.750000 2.105616e-03
42.000000 1.928324e-03
42.250000 1.753862e-03
42.500000 1.583219e-03
42.750000 1.417520e-03
43.000000 1.258099e-03
43.250000 1.106620e-03
43.500000 9.652577e-04
43.750000 8.369723e-04
44.000000 7.258395e-04
44.250000 6.372442e-04
44.500000 5.773066e-04
44.750000 5.506762e-04
45.000000 5.573086e-04
45.250000 5.915073e-04
45.500000 6.447246e-04
45.750000 7.089505e-04
46.000000 7.781515e-04
46.250000 8.482009e-04
46.500000 9.163661e-04
46.750000 9.808432e-04
47.000000 1.040433e-03
47.250000 1.094336e-03
47.500000 1.142023e-03
47.750000 1.183156e-03
48.000000 1.217535e-03
48.250000 1.245068e-03
48.500000 1.265743e-03
48.750000 1.279617e-03
49.000000 1.286803e-03
49.250000 1.287462e-03
49.500000 1.281793e-03
49.750000 1.270036e-03
50.000000 1.252460e-03
