-50.000000 1.556296e-04
-49.750000 1.510833e-04
-49.500000 1.340690e-04
-49.250000 1.436999e-04
-49.000000 2.204390e-04
-48.750000 3.438163e-04
-48.500000 4.857837e-04
-48.250000 6.266321e-04
-48.000000 7.500969e-04
-47.750000 8.422121e-04
-47.500000 8.917436e-04
-47.250000 8.909282e-04
-47.000000 8.361251e-04
-46.750000 7.282601e-04
-46.500000 5.731316e-04
-46.250000 3.823467e-04
-46.000000 1.832663e-04
-45.750000 1.534611e-04
-45.500000 3.484895e-04
-45.250000 5.499685e-04
-45.000000 7.195623e-04
-44.750000 8.413748e-04
-44.500000 9.054266e-04
-44.250000 9.067650e-04
-44.000000 8.457698e-04
-43.750000 7.287254e-04
-43.500000 5.694474e-04
-43.250000 3.966296e-04
-43.000000 2.865370e-04
-42.750000 3.542481e-04
-42.500000 5.310141e-04
-42.250000 7.182871e-04
-42.000000 8.790081e-04
-41.750000 9.973537e-04
-41.500000 1.067137e-03
-41.250000 1.089832e-03
-41.000000 1.074511e-03
-40.750000 1.037828e-03
-40.500000 1.002567e-03
-40.250000 9.922672e-04
-40.000000 1.021225e-03
-39.750000 1.086599e-03
-39.500000 1.171257e-03
-39.250000 1.253634e-03
-39.000000 1.315375e-03
-38.750000 1.344425e-03
-38.500000 1.335595e-03
-38.250000 1.290165e-03
-38.000000 1.215059e-03
-37.750000 1.121534e-03
-37.500000 1.023109e-03
-37.250000 9.323272e-04
-37.000000 8.565686e-04
-36.750000 7.947147e-04
-36.500000 7.374764e-04
-36.250000 6.718084e-04
-36.000000 5.863534e-04
-35.750000 4.751454e-04
-35.500000 3.397915e-04
-35.250000 1.957112e-04
-35.000000 1.287068e-04
-34.750000 2.435687e-04
-34.500000 3.956492e-04
-34.250000 5.289778e-04
-34.000000 6.247322e-04
-33.750000 6.718382e-04
-33.500000 6.651230e-04
-33.250000 6.070509e-04
-33.000000 5.129088e-04
-32.750000 4.254012e-04
-32.500000 4.292362e-04
-32.250000 5.691390e-04
-32.000000 7.894016e-04
-31.750000 1.032966e-03
-31.500000 1.265765e-03
-31.250000 1.465247e-03
-31.000000 1.615409e-03
-30.750000 1.705603e-03
-30.500000 1.730387e-03
-30.250000 1.689458e-03
-30.000000 1.587405e-03
-29.750000 1.433181e-03
-29.500000 1.239395e-03
-29.250000 1.021621e-03
-29.000000 7.982560e-04
-28.750000 5.922410e-04
-28.500000 4.369169e-04
-28.250000 3.767716e-04
-28.000000 4.182722e-04
-27.750000 5.067618e-04
-27.500000 5.974533e-04
-27.250000 6.709470e-04
-27.000000 7.186908e-04
-26.750000 7.350812e-04
-26.500000 7.147459e-04
-26.250000 6.523507e-04
-26.000000 5.441211e-04
-25.750000 3.924162e-04
-25.500000 2.306516e-04
-25.250000 2.553111e-04
-25.000000 5.157182e-04
-24.750000 8.461989e-04
-24.500000 1.199188e-03
-24.250000 1.548805e-03
-24.000000 1.871667e-03
-23.750000 2.145763e-03
-23.500000 2.351937e-03
-23.250000 2.476086e-03
-23.000000 2.511782e-03
-22.750000 2.463458e-03
-22.500000 2.350489e-03
-22.250000 2.212155e-03
-22.000000 2.110233e-03
-21.750000 2.117261e-03
-21.500000 2.279461e-03
-21.250000 2.584514e-03
-21.000000 2.976587e-03
-20.750000 3.391360e-03
-20.500000 3.773969e-03
-20.250000 4.082412e-03
-20.000000 4.286888e-03
-19.750000 4.368963e-03
-19.500000 4.321107e-03
-19.250000 4.146414e-03
-19.000000 3.858471e-03
-18.750000 3.481609e-03
-18.500000 3.052221e-03
-18.250000 2.622163e-03
-18.000000 2.263624e-03
-17.750000 2.064404e-03
-17.500000 2.086657e-03
-17.250000 2.311342e-03
-17.000000 2.659506e-03
-16.750000 3.055309e-03
-16.500000 3.448635e-03
-16.250000 3.809786e-03
-16.000000 4.121240e-03
-15.750000 4.372374e-03
-15.500000 4.556808e-03
-15.250000 4.671536e-03
-15.000000 4.717249e-03
-14.750000 4.699364e-03
-14.500000 4.629262e-03
-14.250000 4.525083e-03
-14.000000 4.411200e-03
-13.750000 4.315338e-03
-13.500000 4.262704e-03
-13.250000 4.268217e-03
-13.000000 4.330378e-03
-12.750000 4.430682e-03
-12.500000 4.539037e-03
-12.250000 4.621878e-03
-12.000000 4.649326e-03
-11.750000 4.599864e-03
-11.500000 4.462677e-03
-11.250000 4.238251e-03
-11.000000 3.937622e-03
-10.750000 3.580384e-03
-10.500000 3.191293e-03
-10.250000 2.795269e-03
-10.000000 2.410870e-03
-9.750000 2.043568e-03
-9.500000 1.681895e-03
-9.250000 1.299911e-03
-9.000000 8.666704e-04
-8.750000 3.683291e-04
-8.500000 3.402824e-04
-8.250000 1.039322e-03
-8.000000 1.857964e-03
-7.750000 2.752618e-03
-7.500000 3.689143e-03
-7.250000 4.629605e-03
-7.000000 5.534724e-03
-6.750000 6.367396e-03
-6.500000 7.096160e-03
-6.250000 7.698231e-03
-6.000000 8.161772e-03
-5.750000 8.487122e-03
-5.500000 8.686610e-03
-5.250000 8.782658e-03
-5.000000 8.803960e-03
-4.750000 8.779891e-03
-4.500000 8.734008e-03
-4.250000 8.678295e-03
-4.000000 8.610145e-03
-3.750000 8.513320e-03
-3.500000 8.362543e-03
-3.250000 8.130020e-03
-3.000000 7.791857e-03
-2.750000 7.333012e-03
-2.500000 6.750217e-03
-2.250000 6.052981e-03
-2.000000 5.262979e-03
-1.750000 4.412252e-03
-1.500000 3.540609e-03
-1.250000 2.692679e-03
-1.000000 1.915159e-03
-0.750000 1.255232e-03
-0.500000 7.614817e-04
-0.250000 4.780215e-04
0.000000 3.705548e-04
0.250000 2.899141e-04
0.500000 2.172473e-04
0.750000 4.261204e-04
1.000000 8.609636e-04
1.250000 1.405017e-03
1.500000 2.004798e-03
1.750000 2.614800e-03
2.000000 3.192408e-03
2.250000 3.699523e-03
2.500000 4.104924e-03
2.750000 4.386394e-03
3.000000 4.532329e-03
3.250000 4.542740e-03
3.500000 4.429647e-03
3.750000 4.216861e-03
4.000000 3.939060e-03
4.250000 3.639633e-03
4.500000 3.365963e-03
4.750000 3.160174e-03
5.000000 3.045771e-03
5.250000 3.017471e-03
5.500000 3.044123e-03
5.750000 3.083429e-03
6.000000 3.096697e-03
6.250000 3.056460e-03
6.500000 2.948023e-03
6.750000 2.768227e-03
7.000000 2.523574e-03
7.250000 2.228749e-03
7.500000 1.906217e-03
7.750000 1.587691e-03
8.000000 1.317624e-03
8.250000 1.152147e-03
8.500000 1.131146e-03
8.750000 1.233103e-03
9.000000 1.391408e-03
9.250000 1.545216e-03
9.500000 1.654360e-03
9.750000 1.694024e-03
10.000000 1.649590e-03
10.250000 1.514718e-03
10.500000 1.292234e-03
10.750000 1.000135e-03
11.000000 6.989206e-04
11.250000 5.920719e-04
11.500000 8.767608e-04
11.750000 1.358063e-03
12.000000 1.887290e-03
12.250000 2.402992e-03
12.500000 2.866592e-03
12.750000 3.248238e-03
13.000000 3.524844e-03
13.250000 3.680822e-03
13.500000 3.709498e-03
13.750000 3.614769e-03
14.000000 3.413099e-03
14.250000 3.136245e-03
14.500000 2.834900e-03
14.750000 2.580843e-03
15.000000 2.456538e-03
15.250000 2.517024e-03
15.500000 2.749141e-03
15.750000 3.085202e-03
16.000000 3.449345e-03
16.250000 3.782559e-03
16.500000 4.045656e-03
16.750000 4.215934e-03
17.000000 4.283844e-03
17.250000 4.250446e-03
17.500000 4.125295e-03
17.750000 3.924442e-03
18.000000 3.668401e-03
18.250000 3.380077e-03
18.500000 3.082706e-03
18.750000 2.797912e-03
19.000000 2.544008e-03
19.250000 2.334693e-03
19.500000 2.178292e-03
19.750000 2.077618e-03
20.000000 2.030374e-03
20.250000 2.029822e-03
20.500000 2.065561e-03
20.750000 2.124408e-03
21.000000 2.191520e-03
21.250000 2.251763e-03
21.500000 2.291181e-03
21.750000 2.298374e-03
22.000000 2.265646e-03
22.250000 2.189830e-03
22.500000 2.072748e-03
22.750000 1.921328e-03
23.000000 1.747369e-03
23.250000 1.566882e-03
23.500000 1.398672e-03
23.750000 1.261363e-03
24.000000 1.168182e-03
24.250000 1.121191e-03
24.500000 1.110165e-03
24.750000 1.118638e-03
25.000000 1.132033e-03
25.250000 1.142179e-03
25.500000 1.147605e-03
25.750000 1.151339e-03
26.000000 1.157604e-03
26.250000 1.168553e-03
26.500000 1.182260e-03
26.750000 1.192791e-03
27.000000 1.192025e-03
27.250000 1.172128e-03
27.500000 1.127680e-03
27.750000 1.057108e-03
28.000000 9.634770e-04
28.250000 8.548770e-04
28.500000 7.444441e-04
28.750000 6.493734e-04
29.000000 5.865875e-04
29.250000 5.631382e-04
29.500000 5.689201e-04
29.750000 5.831784e-04
30.000000 5.872003e-04
30.250000 5.710700e-04
30.500000 5.357625e-04
30.750000 4.951725e-04
31.000000 4.774515e-04
31.250000 5.139260e-04
31.500000 6.120255e-04
31.750000 7.515789e-04
32.000000 9.065294e-04
32.250000 1.055970e-03
32.500000 1.184767e-03
32.750000 1.282560e-03
33.000000 1.343182e-03
33.250000 1.364353e-03
33.500000 1.347382e-03
33.750000 1.296719e-03
34.000000 1.219303e-03
34.250000 1.123669e-03
34.500000 1.018819e-03
34.750000 9.129089e-04
35.000000 8.118969e-04
35.250000 7.185255e-04
35.500000 6.321244e-04
35.750000 5.495430e-04
36.000000 4.669059e-04
36.250000 3.814046e-04
36.500000 2.924389e-04
36.750000 2.019159e-04
37.000000 1.138997e-04
37.250000 3.397063e-05
37.500000 3.257948e-05
37.750000 7.889361e-05
38.000000 1.011947e-04
38.250000 9.717646e-05
38.500000 7.011117e-05
38.750000 5.496857e-05
39.000000 1.188340e-04
39.250000 2.230431e-04
39.500000 3.450360e-04
39.750000 4.749400e-04
40.000000 6.044303e-04
40.250000 7.258710e-04
40.500000 8.325900e-04
40.750000 9.192667e-04
41.000000 9.822370e-04
41.250000 1.019654e-03
41.500000 1.031485e-03
41.750000 1.019351e-03
42.000000 9.862510e-04
42.250000 9.362202e-04
42.500000 8.740132e-04
42.750000 8.049072e-04
43.000000 7.347036e-04
43.250000 6.699118e-04
43.500000 6.178474e-04
43.750000 5.859502e-04
44.000000 5.796014e-04
44.250000 5.992428e-04
44.500000 6.394992e-04
44.750000 6.913146e-04
45.000000 7.448492e-04
45.250000 7.912396e-04
45.500000 8.232735e-04
45.750000 8.356036e-04
46.000000 8.248376e-04
46.250000 7.895805e-04
46.500000 7.304068e-04
46.750000 6.497276e-04
47.000000 5.515355e-04
47.250000 4.410305e-04
47.500000 3.241598e-04
47.750000 2.071746e-04
48.000000 9.691192e-05
48.250000 3.107676e-05
48.500000 1.053413e-04
48.750000 1.802915e-04
49.000000 2.431814e-04
49.250000 2.953367e-04
49.500000 3.394285e-04
49.750000 3.778469e-04
50.000000 4.115628e-04
