-50.000000 2.357587e-02
-49.750000 1.922273e-02
-49.500000 1.449509e-02
-49.250000 9.472368e-03
-49.000000 4.265398e-03
-48.750000 1.528109e-03
-48.500000 6.741676e-03
-48.250000 1.212495e-02
-48.000000 1.739612e-02
-47.750000 2.245445e-02
-47.500000 2.721100e-02
-47.250000 3.158274e-02
-47.000000 3.549271e-02
-46.750000 3.887094e-02
-46.500000 4.165561e-02
-46.250000 4.379404e-02
-46.000000 4.524369e-02
-45.750000 4.597290e-02
-45.500000 4.596157e-02
-45.250000 4.520156e-02
-45.000000 4.369701e-02
-44.750000 4.146436e-02
-44.500000 3.853227e-02
-44.250000 3.494126e-02
-44.000000 3.074325e-02
-43.750000 2.600093e-02
-43.500000 2.078716e-02
-43.250000 1.518478e-02
-43.000000 9.290215e-03
-42.750000 3.270824e-03
-42.500000 3.298502e-03
-42.250000 9.442111e-03
-42.000000 1.557975e-02
-41.750000 2.153595e-02
-41.500000 2.720179e-02
-41.250000 3.247812e-02
-41.000000 3.727255e-02
-40.750000 4.150001e-02
-40.500000 4.508394e-02
-40.250000 4.795757e-02
-40.000000 5.006503e-02
-39.750000 5.136241e-02
-39.500000 5.181858e-02
-39.250000 5.141589e-02
-39.000000 5.015056e-02
-38.750000 4.803295e-02
-38.500000 4.508757e-02
-38.250000 4.135284e-02
-38.000000 3.688070e-02
-37.750000 3.173593e-02
-37.500000 2.599549e-02
-37.250000 1.974789e-02
-37.000000 1.309409e-02
-36.750000 6.163319e-03
-36.500000 1.495998e-03
-36.250000 8.412725e-03
-36.000000 1.560327e-02
-35.750000 2.265621e-02
-35.500000 2.943997e-02
-35.250000 3.583610e-02
-35.000000 4.173299e-02
-34.750000 4.702632e-02
-34.500000 5.162055e-02
-34.250000 5.543042e-02
-34.000000 5.838247e-02
-33.750000 6.041632e-02
-33.500000 6.148589e-02
-33.250000 6.156028e-02
-33.000000 6.062451e-02
-32.750000 5.867998e-02
-32.500000 5.574467e-02
-32.250000 5.185311e-02
-32.000000 4.705601e-02
-31.750000 4.141973e-02
-31.500000 3.502541e-02
-31.250000 2.796796e-02
-31.000000 2.035497e-02
-30.750000 1.230644e-02
-30.500000 3.970936e-03
-30.250000 4.658841e-03
-30.000000 1.321840e-02
-29.750000 2.169610e-02
-29.500000 2.993300e-02
-29.250000 3.778677e-02
-29.000000 4.512061e-02
-28.750000 5.180441e-02
-28.500000 5.771674e-02
-28.250000 6.274690e-02
-28.000000 6.679686e-02
-27.750000 6.978306e-02
-27.500000 7.163797e-02
-27.250000 7.231151e-02
-27.000000 7.177211e-02
-26.750000 7.000758e-02
-26.500000 6.702562e-02
-26.250000 6.285408e-02
-26.000000 5.754094e-02
-25.750000 5.115391e-02
-25.500000 4.377992e-02
-25.250000 3.552456e-02
-25.000000 2.651234e-02
-24.750000 1.689259e-02
-24.500000 6.912899e-03
-24.250000 4.270786e-03
-24.000000 1.456385e-02
-23.750000 2.511140e-02
-23.500000 3.549661e-02
-23.250000 4.552101e-02
-23.000000 5.500475e-02
-22.750000 6.377671e-02
-22.500000 7.167499e-02
-22.250000 7.854899e-02
-22.000000 8.426173e-02
-21.750000 8.869230e-02
-21.500000 9.173802e-02
-21.250000 9.331648e-02
-21.000000 9.336724e-02
-20.750000 9.185328e-02
-20.500000 8.876213e-02
-20.250000 8.410654e-02
-20.000000 7.792494e-02
-19.750000 7.028132e-02
-19.500000 6.126487e-02
-19.250000 5.098914e-02
-19.000000 3.959082e-02
-18.750000 2.722815e-02
-18.500000 1.407917e-02
-18.250000 3.781250e-04
-18.000000 1.378721e-02
-17.750000 2.807052e-02
-17.500000 4.228505e-02
-17.250000 5.619552e-02
-17.000000 6.956522e-02
-16.750000 8.215948e-02
-16.500000 9.374933e-02
-16.250000 1.041152e-01
-16.000000 1.130504e-01
-15.750000 1.203651e-01
-15.500000 1.258891e-01
-15.250000 1.294755e-01
-15.000000 1.310032e-01
-14.750000 1.303799e-01
-14.500000 1.275439e-01
-14.250000 1.224665e-01
-14.000000 1.151527e-01
-13.750000 1.056429e-01
-13.500000 9.401273e-02
-13.250000 8.037361e-02
-13.000000 6.487179e-02
-12.750000 4.768757e-02
-12.500000 2.903368e-02
-12.250000 9.153324e-03
-12.000000 1.168242e-02
-11.750000 3.317734e-02
-11.500000 5.501365e-02
-11.250000 7.685558e-02
-11.000000 9.835346e-02
-10.750000 1.191480e-01
-10.500000 1.388751e-01
-10.250000 1.571700e-01
-10.000000 1.736729e-01
-9.750000 1.880331e-01
-9.500000 1.999142e-01
-9.250000 2.089990e-01
-9.000000 2.149938e-01
-8.750000 2.176328e-01
-8.500000 2.166825e-01
-8.250000 2.119453e-01
-8.000000 2.032626e-01
-7.750000 1.905183e-01
-7.500000 1.736408e-01
-7.250000 1.526049e-01
-7.000000 1.274336e-01
-6.750000 9.819848e-02
-6.500000 6.502002e-02
-6.250000 2.806854e-02
-6.000000 1.245970e-02
-5.750000 5.626188e-02
-5.500000 1.030634e-01
-5.250000 1.525121e-01
-5.000000 2.042247e-01
-4.750000 2.577849e-01
-4.500000 3.127476e-01
-4.250000 3.686433e-01
-4.000000 4.249833e-01
-3.750000 4.812652e-01
-3.500000 5.369783e-01
-3.250000 5.916094e-01
-3.000000 6.446486e-01
-2.750000 6.955952e-01
-2.500000 7.439634e-01
-2.250000 7.892879e-01
-2.000000 8.311293e-01
-1.750000 8.690795e-01
-1.500000 9.027659e-01
-1.250000 9.318564e-01
-1.000000 9.560631e-01
-0.750000 9.751454e-01
-0.500000 9.889133e-01
-0.250000 9.972295e-01
0.000000 1.000011e+00
0.250000 9.972295e-01
0.500000 9.889133e-01
0.750000 9.751454e-01
1.000000 9.560631e-01
1.250000 9.318564e-01
1.500000 9.027659e-01
1.750000 8.690795e-01
2.000000 8.311293e-01
2.250000 7.892879e-01
2.500000 7.439634e-01
2.750000 6.955952e-01
3.000000 6.446486e-01
3.250000 5.916094e-01
3.500000 5.369783e-01
3.750000 4.812652e-01
4.000000 4.249833e-01
4.250000 3.686433e-01
4.500000 3.127476e-01
4.750000 2.577849e-01
5.000000 2.042247e-01
5.250000 1.525121e-01
5.500000 1.030634e-01
5.750000 5.626188e-02
6.000000 1.245970e-02
6.250000 2.806854e-02
6.500000 6.502002e-02
6.750000 9.819848e-02
7.000000 1.274336e-01
7.250000 1.526049e-01
7.500000 1.736408e-01
7.750000 1.905183e-01
8.000000 2.032626e-01
8.250000 2.119453e-01
8.500000 2.166825e-01
8.750000 2.176328e-01
9.000000 2.149938e-01
9.250000 2.089990e-01
9.500000 1.999142e-01
9.750000 1.880331e-01
10.000000 1.736729e-01
10.250000 1.571700e-01
10.500000 1.388751e-01
10.750000 1.191480e-01
11.000000 9.835346e-02
11.250000 7.685558e-02
11.500000 5.501365e-02
11.750000 3.317734e-02
12.000000 1.168242e-02
12.250000 9.153324e-03
12.500000 2.903368e-02
12.750000 4.768757e-02
13.000000 6.487179e-02
13.250000 8.037361e-02
13.500000 9.401273e-02
13.750000 1.056429e-01
14.000000 1.151527e-01
14.250000 1.224665e-01
14.500000 1.275439e-01
14.750000 1.303799e-01
15.000000 1.310032e-01
15.250000 1.294755e-01
15.500000 1.258891e-01
15.750000 1.203651e-01
16.000000 1.130504e-01
16.250000 1.041152e-01
16.500000 9.374933e-02
16.750000 8.215948e-02
17.000000 6.956522e-02
17.250000 5.619552e-02
17.500000 4.228505e-02
17.750000 2.807052e-02
18.000000 1.378721e-02
18.250000 3.781250e-04
18.500000 1.407917e-02
18.750000 2.722815e-02
19.000000 3.959082e-02
19.250000 5.098914e-02
19.500000 6.126487e-02
19.750000 7.028132e-02
20.000000 7.792494e-02
20.250000 8.410654e-02
20.500000 8.876213e-02
20.750000 9.185328e-02
21.000000 9.336724e-02
21.250000 9.331648e-02
21.500000 9.173802e-02
21.750000 8.869230e-02
22.000000 8.426173e-02
22.250000 7.854899e-02
22.500000 7.167499e-02
22.750000 6.377671e-02
23.000000 5.500475e-02
23.250000 4.552101e-02
23.500000 3.549661e-02
23.750000 2.511140e-02
24.000000 1.456385e-02
24.250000 4.270786e-03
24.500000 6.912899e-03
24.750000 1.689259e-02
25.000000 2.651234e-02
25.250000 3.552456e-02
25.500000 4.377992e-02
25.750000 5.115391e-02
26.000000 5.754094e-02
26.250000 6.285408e-02
26.500000 6.702562e-02
26.750000 7.000758e-02
27.000000 7.177211e-02
27.250000 7.231151e-02
27.500000 7.163797e-02
27.750000 6.978306e-02
28.000000 6.679686e-02
28.250000 6.274690e-02
28.500000 5.771674e-02
28.750000 5.180441e-02
29.000000 4.512061e-02
29.250000 3.778677e-02
29.500000 2.993300e-02
29.750000 2.169610e-02
30.000000 1.321840e-02
30.250000 4.658841e-03
30.500000 3.970936e-03
30.750000 1.230644e-02
31.000000 2.035497e-02
31.250000 2.796796e-02
31.500000 3.502541e-02
31.750000 4.141973e-02
32.000000 4.705601e-02
32.250000 5.185311e-02
32.500000 5.574467e-02
32.750000 5.867998e-02
33.000000 6.062451e-02
33.250000 6.156028e-02
33.500000 6.148589e-02
33.750000 6.041632e-02
34.000000 5.838247e-02
34.250000 5.543042e-02
34.500000 5.162055e-02
34.750000 4.702632e-02
35.000000 4.173299e-02
35.250000 3.583610e-02
35.500000 2.943997e-02
35.750000 2.265621e-02
36.000000 1.560327e-02
36.250000 8.412725e-03
36.500000 1.495998e-03
36.750000 6.163319e-03
37.000000 1.309409e-02
37.250000 1.974789e-02
37.500000 2.599549e-02
37.750000 3.173593e-02
38.000000 3.688070e-02
38.250000 4.135284e-02
38.500000 4.508757e-02
38.750000 4.803295e-02
39.000000 5.015056e-02
39.250000 5.141589e-02
39.500000 5.181858e-02
39.750000 5.136241e-02
40.000000 5.006503e-02
40.250000 4.795757e-02
40.500000 4.508394e-02
40.750000 4.150001e-02
41.000000 3.727255e-02
41.250000 3.247812e-02
41.500000 2.720179e-02
41.750000 2.153595e-02
42.000000 1.557975e-02
42.250000 9.442111e-03
42.500000 3.298502e-03
42.750000 3.270824e-03
43.000000 9.290215e-03
43.250000 1.518478e-02
43.500000 2.078716e-02
43.750000 2.600093e-02
44.000000 3.074325e-02
44.250000 3.494126e-02
44.500000 3.853227e-02
44.750000 4.146436e-02
45.000000 4.369701e-02
45.250000 4.520156e-02
45.500000 4.596157e-02
45.750000 4.597290e-02
46.000000 4.524369e-02
46.250000 4.379404e-02
46.500000 4.165561e-02
46.750000 3.887094e-02
47.000000 3.549271e-02
47.250000 3.158274e-02
47.500000 2.721100e-02
47.750000 2.245445e-02
48.000000 1.739612e-02
48.250000 1.212495e-02
48.500000 6.741676e-03
48.750000 1.528109e-03
49.000000 4.265398e-03
49.250000 9.472368e-03
49.500000 1.449509e-02
49.750000 1.922273e-02
50.000000 2.357587e-02
