-50.000000 6.485376e-05
-49.750000 8.018577e-05
-49.500000 1.150578e-04
-49.250000 1.472356e-04
-49.000000 1.624342e-04
-48.750000 1.512373e-04
-48.500000 1.115561e-04
-48.250000 6.082535e-05
-48.000000 8.342741e-05
-47.750000 1.569646e-04
-47.500000 2.153837e-04
-47.250000 2.359287e-04
-47.000000 2.097621e-04
-46.750000 1.432994e-04
-46.500000 7.923773e-05
-46.250000 1.274113e-04
-46.000000 2.118989e-04
-45.750000 2.637078e-04
-45.500000 2.642009e-04
-45.250000 2.149851e-04
-45.000000 1.406423e-04
-44.750000 1.097348e-04
-44.500000 1.563801e-04
-44.250000 1.937738e-04
-44.000000 1.788446e-04
-43.750000 1.068872e-04
-43.500000 5.870410e-05
-43.250000 1.863303e-04
-43.000000 3.196281e-04
-42.750000 4.101346e-04
-42.500000 4.334008e-04
-42.250000 3.816007e-04
-42.000000 2.652527e-04
-41.750000 1.158492e-04
-41.500000 9.334679e-05
-41.250000 2.193895e-04
-41.000000 3.035371e-04
-40.750000 3.228961e-04
-40.500000 2.809813e-04
-40.250000 2.013595e-04
-40.000000 1.350558e-04
-39.750000 1.466085e-04
-39.500000 1.910456e-04
-39.250000 2.070985e-04
-39.000000 1.805081e-04
-38.750000 1.190470e-04
-38.500000 4.796078e-05
-38.250000 6.794805e-05
-38.000000 1.334957e-04
-37.750000 1.818063e-04
-37.500000 2.066993e-04
-37.250000 2.074268e-04
-37.000000 1.834827e-04
-36.750000 1.373130e-04
-36.500000 9.380625e-05
-36.250000 1.283683e-04
-36.000000 2.188831e-04
-35.750000 3.050400e-04
-35.500000 3.577474e-04
-35.250000 3.613497e-04
-35.000000 3.129441e-04
-34.750000 2.228964e-04
-34.500000 1.122926e-04
-34.250000 1.109628e-05
-34.000000 7.494220e-05
-33.750000 1.244145e-04
-33.500000 1.656491e-04
-33.250000 2.322487e-04
-33.000000 3.251100e-04
-32.750000 4.154031e-04
-32.500000 4.733383e-04
-32.250000 4.830642e-04
-32.000000 4.511787e-04
-31.750000 4.116904e-04
-31.500000 4.121665e-04
-31.250000 4.623134e-04
-31.000000 5.212136e-04
-30.750000 5.485373e-04
-30.500000 5.302363e-04
-30.250000 4.787432e-04
-30.000000 4.252964e-04
-29.750000 4.003456e-04
-29.500000 4.064023e-04
-29.250000 4.223535e-04
-29.000000 4.332725e-04
-28.750000 4.372882e-04
-28.500000 4.309397e-04
-28.250000 3.991221e-04
-28.000000 3.246255e-04
-27.750000 2.185864e-04
-27.500000 2.105828e-04
-27.250000 3.863392e-04
-27.000000 5.968428e-04
-26.750000 7.583712e-04
-26.500000 8.229860e-04
-26.250000 7.659825e-04
-26.000000 5.888561e-04
-25.750000 3.194648e-04
-25.500000 3.638534e-05
-25.250000 3.051153e-04
-25.000000 5.439536e-04
-24.750000 6.811848e-04
-24.500000 7.027815e-04
-24.250000 6.221897e-04
-24.000000 4.776046e-04
-23.750000 3.264768e-04
-23.500000 2.325292e-04
-23.250000 2.032367e-04
-23.000000 1.621032e-04
-22.750000 5.814315e-05
-22.500000 1.156115e-04
-22.250000 3.369520e-04
-22.000000 5.815988e-04
-21.750000 8.234501e-04
-21.500000 1.040649e-03
-21.250000 1.215930e-03
-21.000000 1.336133e-03
-20.750000 1.392949e-03
-20.500000 1.385390e-03
-20.250000 1.322525e-03
-20.000000 1.224221e-03
-19.750000 1.118562e-03
-19.500000 1.036564e-03
-19.250000 1.005741e-03
-19.000000 1.042395e-03
-18.750000 1.142926e-03
-18.500000 1.280870e-03
-18.250000 1.414544e-03
-18.000000 1.500646e-03
-17.750000 1.508481e-03
-17.500000 1.432392e-03
-17.250000 1.300252e-03
-17.000000 1.172957e-03
-16.750000 1.120201e-03
-16.500000 1.168111e-03
-16.250000 1.286130e-03
-16.000000 1.443153e-03
-15.750000 1.640466e-03
-15.500000 1.889392e-03
-15.250000 2.176675e-03
-15.000000 2.458415e-03
-14.750000 2.681326e-03
-14.500000 2.806993e-03
-14.250000 2.825200e-03
-14.000000 2.753881e-03
-13.750000 2.627888e-03
-13.500000 2.482880e-03
-13.250000 2.344445e-03
-13.000000 2.228856e-03
-12.750000 2.148093e-03
-12.500000 2.104135e-03
-12.250000 2.073531e-03
-12.000000 2.004612e-03
-11.750000 1.838540e-03
-11.500000 1.538744e-03
-11.250000 1.112570e-03
-11.000000 6.305163e-04
-10.750000 3.528066e-04
-10.500000 5.875061e-04
-10.250000 8.208446e-04
-10.000000 8.436180e-04
-9.750000 6.197307e-04
-9.500000 1.990276e-04
-9.250000 4.689350e-04
-9.000000 1.126359e-03
-8.750000 1.753622e-03
-8.500000 2.264778e-03
-8.250000 2.611397e-03
-8.000000 2.782736e-03
-7.750000 2.801220e-03
-7.500000 2.717239e-03
-7.250000 2.614294e-03
-7.000000 2.622349e-03
-6.750000 2.890112e-03
-6.500000 3.480520e-03
-6.250000 4.322586e-03
-6.000000 5.280819e-03
-5.750000 6.219520e-03
-5.500000 7.028980e-03
-5.250000 7.638356e-03
-5.000000 8.023829e-03
-4.750000 8.211542e-03
-4.500000 8.274076e-03
-4.250000 8.318871e-03
-4.000000 8.465621e-03
-3.750000 8.812327e-03
-3.500000 9.401588e-03
-3.250000 1.020709e-02
-3.000000 1.114581e-02
-2.750000 1.210072e-02
-2.500000 1.294043e-02
-2.250000 1.353572e-02
-2.000000 1.378014e-02
-1.750000 1.362083e-02
-1.500000 1.310206e-02
-1.250000 1.241706e-02
-1.000000 1.193525e-02
-0.750000 1.210419e-02
-0.500000 1.315781e-02
-0.250000 1.491089e-02
0.000000 1.692122e-02
0.250000 1.874855e-02
0.500000 2.007329e-02
0.750000 2.071736e-02
1.000000 2.063004e-02
1.250000 1.985940e-02
1.500000 1.851642e-02
1.750000 1.674060e-02
2.000000 1.467664e-02
2.250000 1.246811e-02
2.500000 1.026647e-02
2.750000 8.244597e-03
3.000000 6.594011e-03
3.250000 5.467788e-03
3.500000 4.852616e-03
3.750000 4.518134e-03
4.000000 4.185467e-03
4.250000 3.704178e-03
4.500000 3.087589e-03
4.750000 2.489150e-03
5.000000 2.158605e-03
5.250000 2.247361e-03
5.500000 2.604341e-03
5.750000 3.006783e-03
6.000000 3.349812e-03
6.250000 3.616168e-03
6.500000 3.820806e-03
6.750000 3.978235e-03
7.000000 4.091550e-03
7.250000 4.155667e-03
7.500000 4.164326e-03
7.750000 4.114000e-03
8.000000 4.004200e-03
8.250000 3.836729e-03
8.500000 3.615536e-03
8.750000 3.346951e-03
9.000000 3.039803e-03
9.250000 2.706112e-03
9.500000 2.363624e-03
9.750000 2.039725e-03
10.000000 1.772068e-03
10.250000 1.596553e-03
10.500000 1.520404e-03
10.750000 1.508732e-03
11.000000 1.510842e-03
11.250000 1.495359e-03
11.500000 1.461541e-03
11.750000 1.429635e-03
12.000000 1.422291e-03
12.250000 1.449833e-03
12.500000 1.509271e-03
12.750000 1.591349e-03
13.000000 1.682205e-03
13.250000 1.759360e-03
13.500000 1.792187e-03
13.750000 1.751086e-03
14.000000 1.620051e-03
14.250000 1.405425e-03
14.500000 1.137086e-03
14.750000 8.624393e-04
15.000000 6.385636e-04
15.250000 5.309438e-04
15.500000 5.916388e-04
15.750000 7.994208e-04
16.000000 1.092031e-03
16.250000 1.405616e-03
16.500000 1.675046e-03
16.750000 1.842028e-03
17.000000 1.868149e-03
17.250000 1.744326e-03
17.500000 1.493279e-03
17.750000 1.165553e-03
18.000000 8.350911e-04
18.250000 6.079093e-04
18.500000 6.013691e-04
18.750000 7.782245e-04
19.000000 1.019770e-03
19.250000 1.264247e-03
19.500000 1.469980e-03
19.750000 1.595178e-03
20.000000 1.604483e-03
20.250000 1.480399e-03
20.500000 1.230203e-03
20.750000 8.860376e-04
21.000000 5.003667e-04
21.250000 1.631621e-04
21.500000 2.526913e-04
21.750000 4.520080e-04
22.000000 5.404121e-04
22.250000 5.099900e-04
22.500000 3.875137e-04
22.750000 2.587198e-04
23.000000 3.205796e-04
23.250000 5.261408e-04
23.500000 7.206315e-04
23.750000 8.416908e-04
24.000000 8.605862e-04
24.250000 7.705051e-04
24.500000 5.854171e-04
24.750000 3.378921e-04
25.000000 8.207898e-05
25.250000 1.829239e-04
25.500000 3.553856e-04
25.750000 4.437046e-04
26.000000 4.512657e-04
26.250000 4.159186e-04
26.500000 4.036294e-04
26.750000 4.543603e-04
27.000000 5.338344e-04
27.250000 5.915941e-04
27.500000 6.052271e-04
27.750000 5.788850e-04
28.000000 5.293618e-04
28.250000 4.688018e-04
28.500000 3.959432e-04
28.750000 3.111425e-04
29.000000 2.600796e-04
29.250000 3.323188e-04
29.500000 4.927873e-04
29.750000 6.542781e-04
30.000000 7.651258e-04
30.250000 8.005709e-04
30.500000 7.603593e-04
30.750000 6.674222e-04
31.000000 5.605245e-04
31.250000 4.752081e-04
31.500000 4.162701e-04
31.750000 3.568357e-04
32.000000 2.764737e-04
32.250000 1.978677e-04
32.500000 1.982671e-04
32.750000 2.706336e-04
33.000000 3.252378e-04
33.250000 3.181632e-04
33.500000 2.418936e-04
33.750000 1.187519e-04
34.000000 8.914999e-05
34.250000 2.117131e-04
34.500000 2.982117e-04
34.750000 3.127618e-04
35.000000 2.522312e-04
35.250000 1.495849e-04
35.500000 1.497443e-04
35.750000 2.845273e-04
36.000000 4.098386e-04
36.250000 4.802123e-04
36.500000 4.843144e-04
36.750000 4.318591e-04
37.000000 3.489651e-04
37.250000 2.706097e-04
37.500000 2.237331e-04
37.750000 2.031624e-04
38.000000 1.844940e-04
38.250000 1.629791e-04
38.500000 1.605821e-04
38.750000 1.919444e-04
39.000000 2.390533e-04
39.250000 2.816844e-04
39.500000 3.111307e-04
39.750000 3.238360e-04
40.000000 3.152451e-04
40.250000 2.802585e-04
40.500000 2.214914e-04
40.750000 1.680804e-04
41.000000 1.857779e-04
41.250000 2.653226e-04
41.500000 3.382403e-04
41.750000 3.655766e-04
42.000000 3.322145e-04
42.250000 2.434565e-04
42.500000 1.315530e-04
42.750000 1.106524e-04
43.000000 1.949252e-04
43.250000 2.466279e-04
43.500000 2.291595e-04
43.750000 1.409775e-04
44.000000 3.673988e-05
44.250000 1.774721e-04
44.500000 3.246276e-04
44.750000 4.208224e-04
45.000000 4.428478e-04
45.250000 3.875521e-04
45.500000 2.760813e-04
45.750000 1.706192e-04
46.000000 1.907291e-04
46.250000 2.795270e-04
46.500000 3.294091e-04
46.750000 3.116812e-04
47.000000 2.307573e-04
47.250000 1.136431e-04
47.500000 6.736875e-05
47.750000 1.586427e-04
48.000000 2.180028e-04
48.250000 2.189052e-04
48.500000 1.661492e-04
48.750000 9.606069e-05
49.000000 1.204102e-04
49.250000 2.124815e-04
49.500000 2.882643e-04
49.750000 3.262741e-04
50.000000 3.241349e-04
