-50.000000 1.048340e-02
-49.750000 1.054475e-02
-49.500000 1.060616e-02
-49.250000 1.066762e-02
-49.000000 1.072913e-02
-48.750000 1.079069e-02
-48.500000 1.085228e-02
-48.250000 1.091391e-02
-48.000000 1.097556e-02
-47.750000 1.103724e-02
-47.500000 1.109895e-02
-47.250000 1.116066e-02
-47.000000 1.122238e-02
-46.750000 1.128411e-02
-46.500000 1.134584e-02
-46.250000 1.140757e-02
-46.000000 1.146928e-02
-45.750000 1.153098e-02
-45.500000 1.159266e-02
-45.250000 1.165432e-02
-45.000000 1.171595e-02
-44.750000 1.177755e-02
-44.500000 1.183911e-02
-44.250000 1.190063e-02
-44.000000 1.196211e-02
-43.750000 1.202353e-02
-43.500000 1.208490e-02
-43.250000 1.214621e-02
-43.000000 1.220746e-02
-42.750000 1.226864e-02
-42.500000 1.232974e-02
-42.250000 1.239077e-02
-42.000000 1.245172e-02
-41.750000 1.251259e-02
-41.500000 1.257336e-02
-41.250000 1.263405e-02
-41.000000 1.269463e-02
-40.750000 1.275512e-02
-40.500000 1.281550e-02
-40.250000 1.287577e-02
-40.000000 1.293593e-02
-39.750000 1.299597e-02
-39.500000 1.305589e-02
-39.250000 1.311568e-02
-39.000000 1.317535e-02
-38.750000 1.323488e-02
-38.500000 1.329428e-02
-38.250000 1.335353e-02
-38.000000 1.341265e-02
-37.750000 1.347161e-02
-37.500000 1.353043e-02
-37.250000 1.358908e-02
-37.000000 1.364758e-02
-36.750000 1.370592e-02
-36.500000 1.376409e-02
-36.250000 1.382210e-02
-36.000000 1.387993e-02
-35.750000 1.393758e-02
-35.500000 1.399505e-02
-35.250000 1.405234e-02
-35.000000 1.410945e-02
-34.750000 1.416636e-02
-34.500000 1.422308e-02
-34.250000 1.427961e-02
-34.000000 1.433593e-02
-33.750000 1.439205e-02
-33.500000 1.444796e-02
-33.250000 1.450367e-02
-33.000000 1.455916e-02
-32.750000 1.461444e-02
-32.500000 1.466949e-02
-32.250000 1.472433e-02
-32.000000 1.477894e-02
-31.750000 1.483332e-02
-31.500000 1.488747e-02
-31.250000 1.494138e-02
-31.000000 1.499506e-02
-30.750000 1.504850e-02
-30.500000 1.510169e-02
-30.250000 1.515464e-02
-30.000000 1.520734e-02
-29.750000 1.525979e-02
-29.500000 1.531198e-02
-29.250000 1.536391e-02
-29.000000 1.541559e-02
-28.750000 1.546700e-02
-28.500000 1.551815e-02
-28.250000 1.556903e-02
-28.000000 1.561964e-02
-27.750000 1.566998e-02
-27.500000 1.572004e-02
-27.250000 1.576982e-02
-27.000000 1.581932e-02
-26.750000 1.586854e-02
-26.500000 1.591747e-02
-26.250000 1.596612e-02
-26.000000 1.601447e-02
-25.750000 1.606253e-02
-25.500000 1.611030e-02
-25.250000 1.615776e-02
-25.000000 1.620493e-02
-24.750000 1.625179e-02
-24.500000 1.629836e-02
-24.250000 1.634461e-02
-24.000000 1.639055e-02
-23.750000 1.643619e-02
-23.500000 1.648151e-02
-23.250000 1.652651e-02
-23.000000 1.657120e-02
-22.750000 1.661556e-02
-22.500000 1.665961e-02
-22.250000 1.670333e-02
-22.000000 1.674673e-02
-21.750000 1.678979e-02
-21.500000 1.683253e-02
-21.250000 1.687494e-02
-21.000000 1.691701e-02
-20.750000 1.695875e-02
-20.500000 1.700015e-02
-20.250000 1.704121e-02
-20.000000 1.708194e-02
-19.750000 1.712231e-02
-19.500000 1.716235e-02
-19.250000 1.720204e-02
-19.000000 1.724138e-02
-18.750000 1.728037e-02
-18.500000 1.731901e-02
-18.250000 1.735730e-02
-18.000000 1.739523e-02
-17.750000 1.743281e-02
-17.500000 1.747003e-02
-17.250000 1.750689e-02
-17.000000 1.754340e-02
-16.750000 1.757954e-02
-16.500000 1.761531e-02
-16.250000 1.765072e-02
-16.000000 1.768577e-02
-15.750000 1.772045e-02
-15.500000 1.775476e-02
-15.250000 1.778870e-02
-15.000000 1.782227e-02
-14.750000 1.785546e-02
-14.500000 1.788828e-02
-14.250000 1.792073e-02
-14.000000 1.795280e-02
-13.750000 1.798449e-02
-13.500000 1.801581e-02
-13.250000 1.804674e-02
-13.000000 1.807729e-02
-12.750000 1.810747e-02
-12.500000 1.813725e-02
-12.250000 1.816666e-02
-12.000000 1.819568e-02
-11.750000 1.822431e-02
-11.500000 1.825255e-02
-11.250000 1.828041e-02
-11.000000 1.830788e-02
-10.750000 1.833496e-02
-10.500000 1.836164e-02
-10.250000 1.838794e-02
-10.000000 1.841384e-02
-9.750000 1.843935e-02
-9.500000 1.846446e-02
-9.250000 1.848918e-02
-9.000000 1.851351e-02
-8.750000 1.853743e-02
-8.500000 1.856096e-02
-8.250000 1.858410e-02
-8.000000 1.860683e-02
-7.750000 1.862916e-02
-7.500000 1.865110e-02
-7.250000 1.867263e-02
-7.000000 1.869376e-02
-6.750000 1.871449e-02
-6.500000 1.873482e-02
-6.250000 1.875475e-02
-6.000000 1.877427e-02
-5.750000 1.879339e-02
-5.500000 1.881210e-02
-5.250000 1.883041e-02
-5.000000 1.884831e-02
-4.750000 1.886581e-02
-4.500000 1.888290e-02
-4.250000 1.889959e-02
-4.000000 1.891587e-02
-3.750000 1.893174e-02
-3.500000 1.894721e-02
-3.250000 1.896226e-02
-3.000000 1.897691e-02
-2.750000 1.899115e-02
-2.500000 1.900498e-02
-2.250000 1.901841e-02
-2.000000 1.903142e-02
-1.750000 1.904402e-02
-1.500000 1.905622e-02
-1.250000 1.906801e-02
-1.000000 1.907938e-02
-0.750000 1.909035e-02
-0.500000 1.910091e-02
-0.250000 1.911105e-02
0.000000 1.912079e-02
0.250000 1.913012e-02
0.500000 1.913903e-02
0.750000 1.914754e-02
1.000000 1.915563e-02
1.250000 1.916332e-02
1.500000 1.917060e-02
1.750000 1.917746e-02
2.000000 1.918392e-02
2.250000 1.918996e-02
2.500000 1.919560e-02
2.750000 1.920083e-02
3.000000 1.920565e-02
3.250000 1.921005e-02
3.500000 1.921405e-02
3.750000 1.921764e-02
4.000000 1.922082e-02
4.250000 1.922359e-02
4.500000 1.922596e-02
4.750000 1.922791e-02
5.000000 1.922946e-02
5.250000 1.923060e-02
5.500000 1.923133e-02
5.750000 1.923166e-02
6.000000 1.923158e-02
6.250000 1.923109e-02
6.500000 1.923020e-02
6.750000 1.922890e-02
7.000000 1.922719e-02
7.250000 1.922509e-02
7.500000 1.922257e-02
7.750000 1.921965e-02
8.000000 1.921633e-02
8.250000 1.921261e-02
8.500000 1.920848e-02
8.750000 1.920395e-02
9.000000 1.919902e-02
9.250000 1.919369e-02
9.500000 1.918795e-02
9.750000 1.918182e-02
10.000000 1.917529e-02
10.250000 1.916835e-02
10.500000 1.916102e-02
10.750000 1.915329e-02
11.000000 1.914517e-02
11.250000 1.913664e-02
11.500000 1.912772e-02
11.750000 1.911841e-02
12.000000 1.910870e-02
12.250000 1.909860e-02
12.500000 1.908810e-02
12.750000 1.907721e-02
13.000000 1.906593e-02
13.250000 1.905425e-02
13.500000 1.904219e-02
13.750000 1.902974e-02
14.000000 1.901689e-02
14.250000 1.900366e-02
14.500000 1.899004e-02
14.750000 1.897603e-02
15.000000 1.896164e-02
15.250000 1.894686e-02
15.500000 1.893170e-02
15.750000 1.891616e-02
16.000000 1.890023e-02
16.250000 1.888392e-02
16.500000 1.886722e-02
16.750000 1.885015e-02
17.000000 1.883270e-02
17.250000 1.881487e-02
17.500000 1.879666e-02
17.750000 1.877808e-02
18.000000 1.875912e-02
18.250000 1.873979e-02
18.500000 1.872008e-02
18.750000 1.870000e-02
19.000000 1.867955e-02
19.250000 1.865872e-02
19.500000 1.863753e-02
19.750000 1.861597e-02
20.000000 1.859404e-02
20.250000 1.857175e-02
20.500000 1.854908e-02
20.750000 1.852606e-02
21.000000 1.850267e-02
21.250000 1.847892e-02
21.500000 1.845480e-02
21.750000 1.843033e-02
22.000000 1.840549e-02
22.250000 1.838030e-02
22.500000 1.835476e-02
22.750000 1.832885e-02
23.000000 1.830259e-02
23.250000 1.827598e-02
23.500000 1.824902e-02
23.750000 1.822170e-02
24.000000 1.819403e-02
24.250000 1.816602e-02
24.500000 1.813766e-02
24.750000 1.810895e-02
25.000000 1.807990e-02
25.250000 1.805050e-02
25.500000 1.802076e-02
25.750000 1.799068e-02
26.000000 1.796026e-02
26.250000 1.792950e-02
26.500000 1.789840e-02
26.750000 1.786697e-02
27.000000 1.783520e-02
27.250000 1.780310e-02
27.500000 1.777066e-02
27.750000 1.773790e-02
28.000000 1.770480e-02
28.250000 1.767138e-02
28.500000 1.763763e-02
28.750000 1.760356e-02
29.000000 1.756916e-02
29.250000 1.753444e-02
29.500000 1.749939e-02
29.750000 1.746403e-02
30.000000 1.742835e-02
30.250000 1.739235e-02
30.500000 1.735604e-02
30.750000 1.731941e-02
31.000000 1.728247e-02
31.250000 1.724522e-02
31.500000 1.720766e-02
31.750000 1.716979e-02
32.000000 1.713161e-02
32.250000 1.709313e-02
32.500000 1.705435e-02
32.750000 1.701526e-02
33.000000 1.697588e-02
33.250000 1.693619e-02
33.500000 1.689621e-02
33.750000 1.685593e-02
34.000000 1.681535e-02
34.250000 1.677449e-02
34.500000 1.673333e-02
34.750000 1.669189e-02
35.000000 1.665015e-02
35.250000 1.660813e-02
35.500000 1.656583e-02
35.750000 1.652324e-02
36.000000 1.648037e-02
36.250000 1.643722e-02
36.500000 1.639380e-02
36.750000 1.635010e-02
37.000000 1.630612e-02
37.250000 1.626187e-02
37.500000 1.621735e-02
37.750000 1.617256e-02
38.000000 1.612750e-02
38.250000 1.608218e-02
38.500000 1.603659e-02
38.750000 1.599074e-02
39.000000 1.594463e-02
39.250000 1.589826e-02
39.500000 1.585164e-02
39.750000 1.580475e-02
40.000000 1.575762e-02
40.250000 1.571023e-02
40.500000 1.566260e-02
40.750000 1.561471e-02
41.000000 1.556658e-02
41.250000 1.551821e-02
41.500000 1.546959e-02
41.750000 1.542074e-02
42.000000 1.537164e-02
42.250000 1.532231e-02
42.500000 1.527274e-02
42.750000 1.522294e-02
43.000000 1.517291e-02
43.250000 1.512265e-02
43.500000 1.507217e-02
43.750000 1.502145e-02
44.000000 1.497052e-02
44.250000 1.491936e-02
44.500000 1.486799e-02
44.750000 1.481640e-02
45.000000 1.476459e-02
45.250000 1.471257e-02
45.500000 1.466034e-02
45.750000 1.460789e-02
46.000000 1.455525e-02
46.250000 1.450239e-02
46.500000 1.444934e-02
46.750000 1.439608e-02
47.000000 1.434262e-02
47.250000 1.428897e-02
47.500000 1.423512e-02
47.750000 1.418108e-02
48.000000 1.412685e-02
48.250000 1.407243e-02
48.500000 1.401783e-02
48.750000 1.396304e-02
49.000000 1.390807e-02
49.250000 1.385291e-02
49.500000 1.379758e-02
49.750000 1.374208e-02
50.000000 1.368640e-02
