-50.000000 1.452105e-03
-49.750000 1.451162e-03
-49.500000 1.456208e-03
-49.250000 1.462442e-03
-49.000000 1.465550e-03
-48.750000 1.461954e-03
-48.500000 1.448909e-03
-48.250000 1.424533e-03
-48.000000 1.387801e-03
-47.750000 1.338553e-03
-47.500000 1.277521e-03
-47.250000 1.206418e-03
-47.000000 1.128097e-03
-46.750000 1.046805e-03
-46.500000 9.685090e-04
-46.250000 9.011193e-04
-46.000000 8.541344e-04
-45.750000 8.369290e-04
-45.500000 8.555775e-04
-45.250000 9.101724e-04
-45.000000 9.951846e-04
-44.750000 1.102329e-03
-44.500000 1.223254e-03
-44.250000 1.350803e-03
-44.000000 1.479223e-03
-43.750000 1.603987e-03
-43.500000 1.721558e-03
-43.250000 1.829198e-03
-43.000000 1.924846e-03
-42.750000 2.007050e-03
-42.500000 2.074916e-03
-42.250000 2.128098e-03
-42.000000 2.166786e-03
-41.750000 2.191699e-03
-41.500000 2.204083e-03
-41.250000 2.205690e-03
-41.000000 2.198749e-03
-40.750000 2.185904e-03
-40.500000 2.170116e-03
-40.250000 2.154518e-03
-40.000000 2.142217e-03
-39.750000 2.136044e-03
-39.500000 2.138294e-03
-39.250000 2.150474e-03
-39.000000 2.173130e-03
-38.750000 2.205783e-03
-38.500000 2.246995e-03
-38.250000 2.294538e-03
-38.000000 2.345635e-03
-37.750000 2.397209e-03
-37.500000 2.446116e-03
-37.250000 2.489339e-03
-37.000000 2.524137e-03
-36.750000 2.548154e-03
-36.500000 2.559496e-03
-36.250000 2.556794e-03
-36.000000 2.539242e-03
-35.750000 2.506643e-03
-35.500000 2.459439e-03
-35.250000 2.398749e-03
-35.000000 2.326409e-03
-34.750000 2.245012e-03
-34.500000 2.157934e-03
-34.250000 2.069340e-03
-34.000000 1.984120e-03
-33.750000 1.907703e-03
-33.500000 1.845674e-03
-33.250000 1.803157e-03
-33.000000 1.784012e-03
-32.750000 1.790075e-03
-32.500000 1.820735e-03
-32.250000 1.873057e-03
-32.000000 1.942394e-03
-31.750000 2.023199e-03
-31.500000 2.109762e-03
-31.250000 2.196733e-03
-31.000000 2.279421e-03
-30.750000 2.353939e-03
-30.500000 2.417261e-03
-30.250000 2.467234e-03
-30.000000 2.502588e-03
-29.750000 2.522939e-03
-29.500000 2.528800e-03
-29.250000 2.521601e-03
-29.000000 2.503698e-03
-28.750000 2.478361e-03
-28.500000 2.449716e-03
-28.250000 2.422607e-03
-28.000000 2.402321e-03
-27.750000 2.394169e-03
-27.500000 2.402914e-03
-27.250000 2.432150e-03
-27.000000 2.483753e-03
-26.750000 2.557600e-03
-26.500000 2.651605e-03
-26.250000 2.762061e-03
-26.000000 2.884136e-03
-25.750000 3.012376e-03
-25.500000 3.141134e-03
-25.250000 3.264882e-03
-25.000000 3.378411e-03
-24.750000 3.476958e-03
-24.500000 3.556277e-03
-24.250000 3.612676e-03
-24.000000 3.643047e-03
-23.750000 3.644869e-03
-23.500000 3.616219e-03
-23.250000 3.555775e-03
-23.000000 3.462810e-03
-22.750000 3.337188e-03
-22.500000 3.179358e-03
-22.250000 2.990334e-03
-22.000000 2.771686e-03
-21.750000 2.525523e-03
-21.500000 2.254479e-03
-21.250000 1.961717e-03
-21.000000 1.650989e-03
-20.750000 1.326828e-03
-20.500000 9.952437e-04
-20.250000 6.666372e-04
-20.000000 3.735534e-04
-19.750000 2.848380e-04
-19.500000 5.116835e-04
-19.250000 8.136082e-04
-19.000000 1.118285e-03
-18.750000 1.409569e-03
-18.500000 1.680046e-03
-18.250000 1.924619e-03
-18.000000 2.139190e-03
-17.750000 2.320310e-03
-17.500000 2.465076e-03
-17.250000 2.571115e-03
-17.000000 2.636588e-03
-16.750000 2.660208e-03
-16.500000 2.641265e-03
-16.250000 2.579647e-03
-16.000000 2.475865e-03
-15.750000 2.331101e-03
-15.500000 2.147280e-03
-15.250000 1.927226e-03
-15.000000 1.675014e-03
-14.750000 1.396857e-03
-14.500000 1.103634e-03
-14.250000 8.191797e-04
-14.000000 6.080745e-04
-13.750000 6.039699e-04
-13.500000 8.338491e-04
-13.250000 1.177607e-03
-13.000000 1.564999e-03
-12.750000 1.968892e-03
-12.500000 2.376171e-03
-12.250000 2.778481e-03
-12.000000 3.169434e-03
-11.750000 3.543655e-03
-11.500000 3.896426e-03
-11.250000 4.223551e-03
-11.000000 4.521309e-03
-10.750000 4.786447e-03
-10.500000 5.016191e-03
-10.250000 5.208256e-03
-10.000000 5.360861e-03
-9.750000 5.472739e-03
-9.500000 5.543147e-03
-9.250000 5.571860e-03
-9.000000 5.559173e-03
-8.750000 5.505890e-03
-8.500000 5.413301e-03
-8.250000 5.283172e-03
-8.000000 5.117707e-03
-7.750000 4.919528e-03
-7.500000 4.691635e-03
-7.250000 4.437377e-03
-7.000000 4.160413e-03
-6.750000 3.864684e-03
-6.500000 3.554387e-03
-6.250000 3.233963e-03
-6.000000 2.908109e-03
-5.750000 2.581827e-03
-5.500000 2.260536e-03
-5.250000 1.950311e-03
-5.000000 1.658293e-03
-4.750000 1.393397e-03
-4.500000 1.167238e-03
-4.250000 9.945103e-04
-4.000000 8.900202e-04
-3.750000 8.594766e-04
-3.500000 8.910157e-04
-3.250000 9.607125e-04
-3.000000 1.045390e-03
-2.750000 1.128597e-03
-2.500000 1.200126e-03
-2.250000 1.254006e-03
-2.000000 1.286957e-03
-1.750000 1.297440e-03
-1.500000 1.285127e-03
-1.250000 1.250611e-03
-1.000000 1.195263e-03
-0.750000 1.121212e-03
-0.500000 1.031434e-03
-0.250000 9.300353e-04
0.000000 8.228395e-04
0.250000 7.185016e-04
0.500000 6.301656e-04
0.750000 5.761709e-04
1.000000 5.746708e-04
1.250000 6.308878e-04
1.500000 7.333896e-04
1.750000 8.653462e-04
2.000000 1.013238e-03
2.250000 1.167963e-03
2.500000 1.323496e-03
2.750000 1.475698e-03
3.000000 1.621614e-03
3.250000 1.759082e-03
3.500000 1.886528e-03
3.750000 2.002847e-03
4.000000 2.107340e-03
4.250000 2.199666e-03
4.500000 2.279818e-03
4.750000 2.348092e-03
5.000000 2.405073e-03
5.250000 2.451603e-03
5.500000 2.488755e-03
5.750000 2.517804e-03
6.000000 2.540179e-03
6.250000 2.557423e-03
6.500000 2.571133e-03
6.750000 2.582900e-03
7.000000 2.594236e-03
7.250000 2.606510e-03
7.500000 2.620872e-03
7.750000 2.638200e-03
8.000000 2.659051e-03
8.250000 2.683634e-03
8.500000 2.711808e-03
8.750000 2.743096e-03
9.000000 2.776725e-03
9.250000 2.811669e-03
9.500000 2.846713e-03
9.750000 2.880510e-03
10.000000 2.911641e-03
10.250000 2.938666e-03
10.500000 2.960169e-03
10.750000 2.974801e-03
11.000000 2.981308e-03
11.250000 2.978557e-03
11.500000 2.965558e-03
11.750000 2.941478e-03
12.000000 2.905660e-03
12.250000 2.857633e-03
12.500000 2.797127e-03
12.750000 2.724090e-03
13.000000 2.638702e-03
13.250000 2.541405e-03
13.500000 2.432935e-03
13.750000 2.314365e-03
14.000000 2.187179e-03
14.250000 2.053368e-03
14.500000 1.915567e-03
14.750000 1.777255e-03
15.000000 1.643004e-03
15.250000 1.518756e-03
15.500000 1.411989e-03
15.750000 1.331455e-03
16.000000 1.286024e-03
16.250000 1.282463e-03
16.500000 1.323056e-03
16.750000 1.404805e-03
17.000000 1.520886e-03
17.250000 1.663045e-03
17.500000 1.823394e-03
17.750000 1.995200e-03
18.000000 2.172977e-03
18.250000 2.352310e-03
18.500000 2.529619e-03
18.750000 2.701957e-03
19.000000 2.866860e-03
19.250000 3.022234e-03
19.500000 3.166285e-03
19.750000 3.297461e-03
20.000000 3.414424e-03
20.250000 3.516017e-03
20.500000 3.601252e-03
20.750000 3.669297e-03
21.000000 3.719465e-03
21.250000 3.751212e-03
21.500000 3.764129e-03
21.750000 3.757943e-03
22.000000 3.732510e-03
22.250000 3.687821e-03
22.500000 3.623999e-03
22.750000 3.541301e-03
23.000000 3.440122e-03
23.250000 3.320996e-03
23.500000 3.184608e-03
23.750000 3.031796e-03
24.000000 2.863566e-03
24.250000 2.681113e-03
24.500000 2.485845e-03
24.750000 2.279429e-03
25.000000 2.063871e-03
25.250000 1.841649e-03
25.500000 1.615959e-03
25.750000 1.391202e-03
26.000000 1.173933e-03
26.250000 9.747574e-04
26.500000 8.115839e-04
26.750000 7.119270e-04
27.000000 7.026478e-04
27.250000 7.836935e-04
27.500000 9.268493e-04
27.750000 1.102427e-03
28.000000 1.290986e-03
28.250000 1.481087e-03
28.500000 1.665736e-03
28.750000 1.840302e-03
29.000000 2.001481e-03
29.250000 2.146788e-03
29.500000 2.274309e-03
29.750000 2.382574e-03
30.000000 2.470496e-03
30.250000 2.537351e-03
30.500000 2.582765e-03
30.750000 2.606729e-03
31.000000 2.609611e-03
31.250000 2.592179e-03
31.500000 2.555636e-03
31.750000 2.501655e-03
32.000000 2.432433e-03
32.250000 2.350747e-03
32.500000 2.260026e-03
32.750000 2.164414e-03
33.000000 2.068820e-03
33.250000 1.978881e-03
33.500000 1.900793e-03
33.750000 1.840883e-03
34.000000 1.804880e-03
34.250000 1.796973e-03
34.500000 1.818940e-03
34.750000 1.869765e-03
35.000000 1.945926e-03
35.250000 2.042203e-03
35.500000 2.152596e-03
35.750000 2.271072e-03
36.000000 2.392012e-03
36.250000 2.510418e-03
36.500000 2.621973e-03
36.750000 2.723015e-03
37.000000 2.810490e-03
37.250000 2.881899e-03
37.500000 2.935243e-03
37.750000 2.968989e-03
38.000000 2.982029e-03
38.250000 2.973655e-03
38.500000 2.943533e-03
38.750000 2.891679e-03
39.000000 2.818441e-03
39.250000 2.724474e-03
39.500000 2.610716e-03
39.750000 2.478373e-03
40.000000 2.328886e-03
40.250000 2.163912e-03
40.500000 1.985301e-03
40.750000 1.795070e-03
41.000000 1.595386e-03
41.250000 1.388555e-03
41.500000 1.177042e-03
41.750000 9.635308e-04
42.000000 7.511662e-04
42.250000 5.443487e-04
42.500000 3.521352e-04
42.750000 2.074753e-04
43.000000 2.142677e-04
43.250000 3.496631e-04
43.500000 5.095057e-04
43.750000 6.662429e-04
44.000000 8.125691e-04
44.250000 9.454040e-04
44.500000 1.063012e-03
44.750000 1.164287e-03
45.000000 1.248519e-03
45.250000 1.315306e-03
45.500000 1.364512e-03
45.750000 1.396242e-03
46.000000 1.410826e-03
46.250000 1.408804e-03
46.500000 1.390917e-03
46.750000 1.358094e-03
47.000000 1.311441e-03
47.250000 1.252240e-03
47.500000 1.181944e-03
47.750000 1.102191e-03
48.000000 1.014829e-03
48.250000 9.219781e-04
48.500000 8.261391e-04
48.750000 7.303916e-04
49.000000 6.387274e-04
49.250000 5.565349e-04
49.500000 4.910182e-04
49.750000 4.506207e-04
50.000000 4.419144e-04
