-50.000000 2.703734e-03
-49.750000 2.564472e-03
-49.500000 2.422928e-03
-49.250000 2.280576e-03
-49.000000 2.139086e-03
-48.750000 2.000365e-03
-48.500000 1.866610e-03
-48.250000 1.740359e-03
-48.000000 1.624526e-03
-47.750000 1.522380e-03
-47.500000 1.437417e-03
-47.250000 1.373067e-03
-47.000000 1.332204e-03
-46.750000 1.316566e-03
-46.500000 1.326299e-03
-46.250000 1.359873e-03
-46.000000 1.414431e-03
-45.750000 1.486392e-03
-45.500000 1.572036e-03
-45.250000 1.667909e-03
-45.000000 1.771021e-03
-44.750000 1.878891e-03
-44.500000 1.989512e-03
-44.250000 2.101286e-03
-44.000000 2.212943e-03
-43.750000 2.323481e-03
-43.500000 2.432104e-03
-43.250000 2.538179e-03
-43.000000 2.641198e-03
-42.750000 2.740750e-03
-42.500000 2.836496e-03
-42.250000 2.928153e-03
-42.000000 3.015477e-03
-41.750000 3.098252e-03
-41.500000 3.176284e-03
-41.250000 3.249389e-03
-41.000000 3.317394e-03
-40.750000 3.380127e-03
-40.500000 3.437422e-03
-40.250000 3.489114e-03
-40.000000 3.535043e-03
-39.750000 3.575053e-03
-39.500000 3.608996e-03
-39.250000 3.636738e-03
-39.000000 3.658161e-03
-38.750000 3.673170e-03
-38.500000 3.681699e-03
-38.250000 3.683716e-03
-38.000000 3.679232e-03
-37.750000 3.668308e-03
-37.500000 3.651061e-03
-37.250000 3.627676e-03
-37.000000 3.598408e-03
-36.750000 3.563596e-03
-36.500000 3.523668e-03
-36.250000 3.479149e-03
-36.000000 3.430667e-03
-35.750000 3.378964e-03
-35.500000 3.324893e-03
-35.250000 3.269424e-03
-35.000000 3.213644e-03
-34.750000 3.158745e-03
-34.500000 3.106015e-03
-34.250000 3.056817e-03
-34.000000 3.012551e-03
-33.750000 2.974620e-03
-33.500000 2.944372e-03
-33.250000 2.923044e-03
-33.000000 2.911693e-03
-32.750000 2.911138e-03
-32.500000 2.921908e-03
-32.250000 2.944203e-03
-32.000000 2.977888e-03
-31.750000 3.022498e-03
-31.500000 3.077271e-03
-31.250000 3.141197e-03
-31.000000 3.213074e-03
-30.750000 3.291568e-03
-30.500000 3.375264e-03
-30.250000 3.462721e-03
-30.000000 3.552509e-03
-29.750000 3.643237e-03
-29.500000 3.733584e-03
-29.250000 3.822308e-03
-29.000000 3.908258e-03
-28.750000 3.990383e-03
-28.500000 4.067737e-03
-28.250000 4.139473e-03
-28.000000 4.204852e-03
-27.750000 4.263236e-03
-27.500000 4.314085e-03
-27.250000 4.356961e-03
-27.000000 4.391518e-03
-26.750000 4.417501e-03
-26.500000 4.434744e-03
-26.250000 4.443163e-03
-26.000000 4.442752e-03
-25.750000 4.433577e-03
-25.500000 4.415774e-03
-25.250000 4.389539e-03
-25.000000 4.355124e-03
-24.750000 4.312828e-03
-24.500000 4.262994e-03
-24.250000 4.205997e-03
-24.000000 4.142240e-03
-23.750000 4.072144e-03
-23.500000 3.996143e-03
-23.250000 3.914674e-03
-23.000000 3.828174e-03
-22.750000 3.737070e-03
-22.500000 3.641775e-03
-22.250000 3.542685e-03
-22.000000 3.440177e-03
-21.750000 3.334607e-03
-21.500000 3.226311e-03
-21.250000 3.115614e-03
-21.000000 3.002834e-03
-20.750000 2.888295e-03
-20.500000 2.772342e-03
-20.250000 2.655369e-03
-20.000000 2.537840e-03
-19.750000 2.420333e-03
-19.500000 2.303581e-03
-19.250000 2.188533e-03
-19.000000 2.076420e-03
-18.750000 1.968838e-03
-18.500000 1.867826e-03
-18.250000 1.775936e-03
-18.000000 1.696262e-03
-17.750000 1.632365e-03
-17.500000 1.588054e-03
-17.250000 1.566972e-03
-17.000000 1.572040e-03
-16.750000 1.604922e-03
-16.500000 1.665736e-03
-16.250000 1.753130e-03
-16.000000 1.864662e-03
-15.750000 1.997299e-03
-15.500000 2.147838e-03
-15.250000 2.313186e-03
-15.000000 2.490494e-03
-14.750000 2.677200e-03
-14.500000 2.871008e-03
-14.250000 3.069859e-03
-14.000000 3.271885e-03
-13.750000 3.475372e-03
-13.500000 3.678731e-03
-13.250000 3.880472e-03
-13.000000 4.079189e-03
-12.750000 4.273547e-03
-12.500000 4.462273e-03
-12.250000 4.644156e-03
-12.000000 4.818042e-03
-11.750000 4.982834e-03
-11.500000 5.137497e-03
-11.250000 5.281057e-03
-11.000000 5.412606e-03
-10.750000 5.531308e-03
-10.500000 5.636399e-03
-10.250000 5.727193e-03
-10.000000 5.803085e-03
-9.750000 5.863557e-03
-9.500000 5.908177e-03
-9.250000 5.936608e-03
-9.000000 5.948602e-03
-8.750000 5.944011e-03
-8.500000 5.922781e-03
-8.250000 5.884957e-03
-8.000000 5.830680e-03
-7.750000 5.760189e-03
-7.500000 5.673819e-03
-7.250000 5.571998e-03
-7.000000 5.455245e-03
-6.750000 5.324167e-03
-6.500000 5.179454e-03
-6.250000 5.021876e-03
-6.000000 4.852275e-03
-5.750000 4.671563e-03
-5.500000 4.480713e-03
-5.250000 4.280751e-03
-5.000000 4.072750e-03
-4.750000 3.857823e-03
-4.500000 3.637113e-03
-4.250000 3.411782e-03
-4.000000 3.183008e-03
-3.750000 2.951966e-03
-3.500000 2.719829e-03
-3.250000 2.487749e-03
-3.000000 2.256851e-03
-2.750000 2.028225e-03
-2.500000 1.802912e-03
-2.250000 1.581903e-03
-2.000000 1.366132e-03
-1.750000 1.156480e-03
-1.500000 9.537992e-04
-1.250000 7.589849e-04
-1.000000 5.731893e-04
-0.750000 3.985858e-04
-0.500000 2.419876e-04
-0.250000 1.388455e-04
0.000000 1.819865e-04
0.250000 3.046903e-04
0.500000 4.382547e-04
0.750000 5.705341e-04
1.000000 6.993224e-04
1.250000 8.245383e-04
1.500000 9.467983e-04
1.750000 1.067017e-03
2.000000 1.186247e-03
2.250000 1.305580e-03
2.500000 1.426083e-03
2.750000 1.548740e-03
3.000000 1.674404e-03
3.250000 1.803756e-03
3.500000 1.937284e-03
3.750000 2.075263e-03
4.000000 2.217751e-03
4.250000 2.364590e-03
4.500000 2.515422e-03
4.750000 2.669703e-03
5.000000 2.826726e-03
5.250000 2.985640e-03
5.500000 3.145478e-03
5.750000 3.305174e-03
6.000000 3.463590e-03
6.250000 3.619532e-03
6.500000 3.771775e-03
6.750000 3.919073e-03
7.000000 4.060180e-03
7.250000 4.193865e-03
7.500000 4.318923e-03
7.750000 4.434190e-03
8.000000 4.538555e-03
8.250000 4.630968e-03
8.500000 4.710451e-03
8.750000 4.776113e-03
9.000000 4.827149e-03
9.250000 4.862858e-03
9.500000 4.882643e-03
9.750000 4.886025e-03
10.000000 4.872647e-03
10.250000 4.842280e-03
10.500000 4.794836e-03
10.750000 4.730368e-03
11.000000 4.649087e-03
11.250000 4.551365e-03
11.500000 4.437752e-03
11.750000 4.308988e-03
12.000000 4.166023e-03
12.250000 4.010042e-03
12.500000 3.842499e-03
12.750000 3.665162e-03
13.000000 3.480169e-03
13.250000 3.290111e-03
13.500000 3.098131e-03
13.750000 2.908051e-03
14.000000 2.724512e-03
14.250000 2.553094e-03
14.500000 2.400356e-03
14.750000 2.273651e-03
15.000000 2.180554e-03
15.250000 2.127788e-03
15.500000 2.119826e-03
15.750000 2.157718e-03
16.000000 2.238805e-03
16.250000 2.357497e-03
16.500000 2.506636e-03
16.750000 2.678755e-03
17.000000 2.866895e-03
17.250000 3.064961e-03
17.500000 3.267777e-03
17.750000 3.471007e-03
18.000000 3.671019e-03
18.250000 3.864760e-03
18.500000 4.049647e-03
18.750000 4.223478e-03
19.000000 4.384371e-03
19.250000 4.530710e-03
19.500000 4.661115e-03
19.750000 4.774412e-03
20.000000 4.869612e-03
20.250000 4.945900e-03
20.500000 5.002622e-03
20.750000 5.039275e-03
21.000000 5.055503e-03
21.250000 5.051087e-03
21.500000 5.025945e-03
21.750000 4.980123e-03
22.000000 4.913791e-03
22.250000 4.827240e-03
22.500000 4.720874e-03
22.750000 4.595211e-03
23.000000 4.450872e-03
23.250000 4.288577e-03
23.500000 4.109143e-03
23.750000 3.913475e-03
24.000000 3.702561e-03
24.250000 3.477470e-03
24.500000 3.239343e-03
24.750000 2.989395e-03
25.000000 2.728911e-03
25.250000 2.459251e-03
25.500000 2.181869e-03
25.750000 1.898341e-03
26.000000 1.610454e-03
26.250000 1.320403e-03
26.500000 1.031343e-03
26.750000 7.491652e-04
27.000000 4.899526e-04
27.250000 3.173406e-04
27.500000 3.750662e-04
27.750000 5.953267e-04
28.000000 8.564692e-04
28.250000 1.125641e-03
28.500000 1.393446e-03
28.750000 1.655926e-03
29.000000 1.910831e-03
29.250000 2.156604e-03
29.500000 2.392040e-03
29.750000 2.616145e-03
30.000000 2.828081e-03
30.250000 3.027133e-03
30.500000 3.212694e-03
30.750000 3.384261e-03
31.000000 3.541426e-03
31.250000 3.683874e-03
31.500000 3.811384e-03
31.750000 3.923820e-03
32.000000 4.021137e-03
32.250000 4.103373e-03
32.500000 4.170650e-03
32.750000 4.223169e-03
33.000000 4.261208e-03
33.250000 4.285119e-03
33.500000 4.295325e-03
33.750000 4.292313e-03
34.000000 4.276635e-03
34.250000 4.248899e-03
34.500000 4.209766e-03
34.750000 4.159945e-03
35.000000 4.100190e-03
35.250000 4.031290e-03
35.500000 3.954069e-03
35.750000 3.869377e-03
36.000000 3.778086e-03
36.250000 3.681083e-03
36.500000 3.579266e-03
36.750000 3.473533e-03
37.000000 3.364783e-03
37.250000 3.253904e-03
37.500000 3.141765e-03
37.750000 3.029213e-03
38.000000 2.917063e-03
38.250000 2.806087e-03
38.500000 2.697011e-03
38.750000 2.590499e-03
39.000000 2.487146e-03
39.250000 2.387472e-03
39.500000 2.291905e-03
39.750000 2.200777e-03
40.000000 2.114317e-03
40.250000 2.032642e-03
40.500000 1.955758e-03
40.750000 1.883558e-03
41.000000 1.815829e-03
41.250000 1.752261e-03
41.500000 1.692459e-03
41.750000 1.635961e-03
42.000000 1.582253e-03
42.250000 1.530793e-03
42.500000 1.481031e-03
42.750000 1.432424e-03
43.000000 1.384457e-03
43.250000 1.336656e-03
43.500000 1.288602e-03
43.750000 1.239938e-03
44.000000 1.190376e-03
44.250000 1.139704e-03
44.500000 1.087786e-03
44.750000 1.034571e-03
45.000000 9.800905e-04
45.250000 9.244635e-04
45.500000 8.679054e-04
45.750000 8.107356e-04
46.000000 7.533934e-04
46.250000 6.964611e-04
46.500000 6.406964e-04
46.750000 5.870772e-04
47.000000 5.368551e-04
47.250000 4.916033e-04
47.500000 4.532198e-04
47.750000 4.238090e-04
48.000000 4.053485e-04
48.250000 3.991444e-04
48.500000 4.053148e-04
48.750000 4.226750e-04
49.000000 4.491306e-04
49.250000 4.822770e-04
49.500000 5.198537e-04
49.750000 5.599478e-04
50.000000 6.010226e-04
