-50.000000 1.398832e-03
-49.750000 1.450920e-03
-49.500000 1.500961e-03
-49.250000 1.546331e-03
-49.000000 1.584782e-03
-48.750000 1.614450e-03
-48.500000 1.633848e-03
-48.250000 1.641863e-03
-48.000000 1.637751e-03
-47.750000 1.621146e-03
-47.500000 1.592079e-03
-47.250000 1.551009e-03
-47.000000 1.498883e-03
-46.750000 1.437212e-03
-46.500000 1.368194e-03
-46.250000 1.294874e-03
-46.000000 1.221336e-03
-45.750000 1.152882e-03
-45.500000 1.096049e-03
-45.250000 1.058192e-03
-45.000000 1.046344e-03
-44.750000 1.065446e-03
-44.500000 1.116814e-03
-44.250000 1.197944e-03
-44.000000 1.303710e-03
-43.750000 1.427973e-03
-43.500000 1.564732e-03
-43.250000 1.708638e-03
-43.000000 1.855093e-03
-42.750000 2.000181e-03
-42.500000 2.140550e-03
-42.250000 2.273305e-03
-42.000000 2.395926e-03
-41.750000 2.506219e-03
-41.500000 2.602275e-03
-41.250000 2.682452e-03
-41.000000 2.745363e-03
-40.750000 2.789869e-03
-40.500000 2.815086e-03
-40.250000 2.820383e-03
-40.000000 2.805393e-03
-39.750000 2.770023e-03
-39.500000 2.714463e-03
-39.250000 2.639211e-03
-39.000000 2.545097e-03
-38.750000 2.433323e-03
-38.500000 2.305519e-03
-38.250000 2.163843e-03
-38.000000 2.011119e-03
-37.750000 1.851066e-03
-37.500000 1.688651e-03
-37.250000 1.530599e-03
-37.000000 1.386039e-03
-36.750000 1.266963e-03
-36.500000 1.187574e-03
-36.250000 1.161041e-03
-36.000000 1.193936e-03
-35.750000 1.282729e-03
-35.500000 1.416219e-03
-35.250000 1.581000e-03
-35.000000 1.765149e-03
-34.750000 1.959281e-03
-34.500000 2.156275e-03
-34.250000 2.350701e-03
-34.000000 2.538333e-03
-33.750000 2.715806e-03
-33.500000 2.880395e-03
-33.250000 3.029873e-03
-33.000000 3.162427e-03
-32.750000 3.276607e-03
-32.500000 3.371290e-03
-32.250000 3.445661e-03
-32.000000 3.499209e-03
-31.750000 3.531710e-03
-31.500000 3.543236e-03
-31.250000 3.534144e-03
-31.000000 3.505086e-03
-30.750000 3.457006e-03
-30.500000 3.391144e-03
-30.250000 3.309042e-03
-30.000000 3.212551e-03
-29.750000 3.103839e-03
-29.500000 2.985398e-03
-29.250000 2.860057e-03
-29.000000 2.730981e-03
-28.750000 2.601666e-03
-28.500000 2.475900e-03
-28.250000 2.357684e-03
-28.000000 2.251080e-03
-27.750000 2.159958e-03
-27.500000 2.087655e-03
-27.250000 2.036559e-03
-27.000000 2.007741e-03
-26.750000 2.000738e-03
-26.500000 2.013596e-03
-26.250000 2.043164e-03
-26.000000 2.085555e-03
-25.750000 2.136626e-03
-25.500000 2.192370e-03
-25.250000 2.249196e-03
-25.000000 2.304084e-03
-24.750000 2.354664e-03
-24.500000 2.399234e-03
-24.250000 2.436765e-03
-24.000000 2.466880e-03
-23.750000 2.489839e-03
-23.500000 2.506518e-03
-23.250000 2.518380e-03
-23.000000 2.527426e-03
-22.750000 2.536130e-03
-22.500000 2.547330e-03
-22.250000 2.564073e-03
-22.000000 2.589413e-03
-21.750000 2.626175e-03
-21.500000 2.676696e-03
-21.250000 2.742606e-03
-21.000000 2.824666e-03
-20.750000 2.922709e-03
-20.500000 3.035676e-03
-20.250000 3.161735e-03
-20.000000 3.298450e-03
-19.750000 3.442955e-03
-19.500000 3.592129e-03
-19.250000 3.742730e-03
-19.000000 3.891509e-03
-18.750000 4.035290e-03
-18.500000 4.171032e-03
-18.250000 4.295867e-03
-18.000000 4.407135e-03
-17.750000 4.502402e-03
-17.500000 4.579480e-03
-17.250000 4.636437e-03
-17.000000 4.671609e-03
-16.750000 4.683609e-03
-16.500000 4.671330e-03
-16.250000 4.633957e-03
-16.000000 4.570965e-03
-15.750000 4.482122e-03
-15.500000 4.367495e-03
-15.250000 4.227446e-03
-15.000000 4.062633e-03
-14.750000 3.874013e-03
-14.500000 3.662838e-03
-14.250000 3.430669e-03
-14.000000 3.179380e-03
-13.750000 2.911198e-03
-13.500000 2.628751e-03
-13.250000 2.335197e-03
-13.000000 2.034454e-03
-12.750000 1.731709e-03
-12.500000 1.434529e-03
-12.250000 1.155408e-03
-12.000000 9.174844e-04
-11.750000 7.631972e-04
-11.500000 7.440204e-04
-11.250000 8.625999e-04
-11.000000 1.065790e-03
-10.750000 1.305564e-03
-10.500000 1.555541e-03
-10.250000 1.801917e-03
-10.000000 2.036714e-03
-9.750000 2.254735e-03
-9.500000 2.452252e-03
-9.250000 2.626421e-03
-9.000000 2.775001e-03
-8.750000 2.896213e-03
-8.500000 2.988674e-03
-8.250000 3.051352e-03
-8.000000 3.083552e-03
-7.750000 3.084898e-03
-7.500000 3.055331e-03
-7.250000 2.995102e-03
-7.000000 2.904765e-03
-6.750000 2.785179e-03
-6.500000 2.637503e-03
-6.250000 2.463201e-03
-6.000000 2.264052e-03
-5.750000 2.042183e-03
-5.500000 1.800143e-03
-5.250000 1.541086e-03
-5.000000 1.269229e-03
-4.750000 9.911607e-04
-4.500000 7.202156e-04
-4.250000 4.936239e-04
-4.000000 4.178028e-04
-3.750000 5.670496e-04
-3.500000 8.289957e-04
-3.250000 1.125423e-03
-3.000000 1.430745e-03
-2.750000 1.734641e-03
-2.500000 2.031359e-03
-2.250000 2.316870e-03
-2.000000 2.587959e-03
-1.750000 2.841904e-03
-1.500000 3.076334e-03
-1.250000 3.289183e-03
-1.000000 3.478670e-03
-0.750000 3.643287e-03
-0.500000 3.781809e-03
-0.250000 3.893293e-03
0.000000 3.977082e-03
0.250000 4.032813e-03
0.500000 4.060416e-03
0.750000 4.060116e-03
1.000000 4.032434e-03
1.250000 3.978180e-03
1.500000 3.898456e-03
1.750000 3.794647e-03
2.000000 3.668421e-03
2.250000 3.521724e-03
2.500000 3.356782e-03
2.750000 3.176106e-03
3.000000 2.982505e-03
3.250000 2.779115e-03
3.500000 2.569447e-03
3.750000 2.357453e-03
4.000000 2.147643e-03
4.250000 1.945215e-03
4.500000 1.756218e-03
4.750000 1.587619e-03
5.000000 1.447093e-03
5.250000 1.342164e-03
5.500000 1.278445e-03
5.750000 1.257428e-03
6.000000 1.275306e-03
6.250000 1.323990e-03
6.500000 1.393636e-03
6.750000 1.474941e-03
7.000000 1.560324e-03
7.250000 1.644176e-03
7.500000 1.722683e-03
7.750000 1.793533e-03
8.000000 1.855660e-03
8.250000 1.909057e-03
8.500000 1.954630e-03
8.750000 1.994091e-03
9.000000 2.029848e-03
9.250000 2.064878e-03
9.500000 2.102550e-03
9.750000 2.146399e-03
10.000000 2.199837e-03
10.250000 2.265840e-03
10.500000 2.346657e-03
10.750000 2.443595e-03
11.000000 2.556922e-03
11.250000 2.685893e-03
11.500000 2.828889e-03
11.750000 2.983605e-03
12.000000 3.147254e-03
12.250000 3.316761e-03
12.500000 3.488909e-03
12.750000 3.660465e-03
13.000000 3.828265e-03
13.250000 3.989268e-03
13.500000 4.140611e-03
13.750000 4.279627e-03
14.000000 4.403881e-03
14.250000 4.511174e-03
14.500000 4.599568e-03
14.750000 4.667387e-03
15.000000 4.713234e-03
15.250000 4.735990e-03
15.500000 4.734825e-03
15.750000 4.709197e-03
16.000000 4.658854e-03
16.250000 4.583837e-03
16.500000 4.484476e-03
16.750000 4.361386e-03
17.000000 4.215465e-03
17.250000 4.047894e-03
17.500000 3.860127e-03
17.750000 3.653898e-03
18.000000 3.431225e-03
18.250000 3.194422e-03
18.500000 2.946133e-03
18.750000 2.689392e-03
19.000000 2.427724e-03
19.250000 2.165339e-03
19.500000 1.907447e-03
19.750000 1.660812e-03
20.000000 1.434606e-03
20.250000 1.241484e-03
20.500000 1.097914e-03
20.750000 1.020953e-03
21.000000 1.019161e-03
21.250000 1.084658e-03
21.500000 1.197482e-03
21.750000 1.336599e-03
22.000000 1.485785e-03
22.250000 1.633939e-03
22.500000 1.773666e-03
22.750000 1.899978e-03
23.000000 2.009447e-03
23.250000 2.099695e-03
23.500000 2.169095e-03
23.750000 2.216585e-03
24.000000 2.241563e-03
24.250000 2.243816e-03
24.500000 2.223466e-03
24.750000 2.180943e-03
25.000000 2.116957e-03
25.250000 2.032475e-03
25.500000 1.928710e-03
25.750000 1.807110e-03
26.000000 1.669353e-03
26.250000 1.517366e-03
26.500000 1.353358e-03
26.750000 1.179926e-03
27.000000 1.000289e-03
27.250000 8.188654e-04
27.500000 6.428017e-04
27.750000 4.862306e-04
28.000000 3.803635e-04
28.250000 3.727110e-04
28.500000 4.654451e-04
28.750000 6.100165e-04
29.000000 7.724699e-04
29.250000 9.377011e-04
29.500000 1.098527e-03
29.750000 1.250879e-03
30.000000 1.392086e-03
30.250000 1.520222e-03
30.500000 1.633835e-03
30.750000 1.731829e-03
31.000000 1.813397e-03
31.250000 1.877999e-03
31.500000 1.925342e-03
31.750000 1.955375e-03
32.000000 1.968282e-03
32.250000 1.964478e-03
32.500000 1.944612e-03
32.750000 1.909565e-03
33.000000 1.860456e-03
33.250000 1.798646e-03
33.500000 1.725755e-03
33.750000 1.643678e-03
34.000000 1.554621e-03
34.250000 1.461134e-03
34.500000 1.366172e-03
34.750000 1.273134e-03
35.000000 1.185888e-03
35.250000 1.108698e-03
35.500000 1.045964e-03
35.750000 1.001679e-03
36.000000 9.786263e-04
36.250000 9.775931e-04
36.500000 9.970502e-04
36.750000 1.033544e-03
37.000000 1.082566e-03
37.250000 1.139427e-03
37.500000 1.199835e-03
37.750000 1.260152e-03
38.000000 1.317436e-03
38.250000 1.369387e-03
38.500000 1.414264e-03
38.750000 1.450800e-03
39.000000 1.478142e-03
39.250000 1.495793e-03
39.500000 1.503575e-03
39.750000 1.501606e-03
40.000000 1.490275e-03
40.250000 1.470229e-03
40.500000 1.442367e-03
40.750000 1.407826e-03
41.000000 1.367978e-03
41.250000 1.324421e-03
41.500000 1.278955e-03
41.750000 1.233555e-03
42.000000 1.190307e-03
42.250000 1.151312e-03
42.500000 1.118548e-03
42.750000 1.093694e-03
43.000000 1.077926e-03
43.250000 1.071764e-03
43.500000 1.074982e-03
43.750000 1.086640e-03
44.000000 1.105222e-03
44.250000 1.128833e-03
44.500000 1.155405e-03
44.750000 1.182877e-03
45.000000 1.209314e-03
45.250000 1.232986e-03
45.500000 1.252407e-03
45.750000 1.266351e-03
46.000000 1.273848e-03
46.250000 1.274186e-03
46.500000 1.266891e-03
46.750000 1.251730e-03
47.000000 1.228696e-03
47.250000 1.198009e-03
47.500000 1.160113e-03
47.750000 1.115689e-03
48.000000 1.065657e-03
48.250000 1.011208e-03
48.500000 9.538238e-04
48.750000 8.953228e-04
49.000000 8.378922e-04
49.250000 7.841067e-04
49.500000 7.368789e-04
49.750000 6.992714e-04
50.000000 6.741014e-04
