-50.000000 3.664878e-04
-49.750000 4.430143e-04
-49.500000 5.839642e-04
-49.250000 7.460112e-04
-49.000000 9.085920e-04
-48.750000 1.061543e-03
-48.500000 1.198809e-03
-48.250000 1.316257e-03
-48.000000 1.410895e-03
-47.750000 1.480571e-03
-47.500000 1.523850e-03
-47.250000 1.539958e-03
-47.000000 1.528760e-03
-46.750000 1.490742e-03
-46.500000 1.427012e-03
-46.250000 1.339310e-03
-46.000000 1.230055e-03
-45.750000 1.102472e-03
-45.500000 9.609040e-04
-45.250000 8.115564e-04
-45.000000 6.643077e-04
-44.750000 5.368378e-04
-44.500000 4.603722e-04
-44.250000 4.694511e-04
-44.000000 5.623724e-04
-43.750000 7.051968e-04
-43.500000 8.698328e-04
-43.250000 1.040833e-03
-43.000000 1.209762e-03
-42.750000 1.371534e-03
-42.500000 1.522782e-03
-42.250000 1.661150e-03
-42.000000 1.784950e-03
-41.750000 1.892990e-03
-41.500000 1.984461e-03
-41.250000 2.058859e-03
-41.000000 2.115928e-03
-40.750000 2.155612e-03
-40.500000 2.178010e-03
-40.250000 2.183353e-03
-40.000000 2.171977e-03
-39.750000 2.144321e-03
-39.500000 2.100934e-03
-39.250000 2.042495e-03
-39.000000 1.969855e-03
-38.750000 1.884098e-03
-38.500000 1.786630e-03
-38.250000 1.679291e-03
-38.000000 1.564527e-03
-37.750000 1.445606e-03
-37.500000 1.326919e-03
-37.250000 1.214326e-03
-37.000000 1.115434e-03
-36.750000 1.039415e-03
-36.500000 9.956935e-04
-36.250000 9.911134e-04
-36.000000 1.026885e-03
-35.750000 1.097946e-03
-35.500000 1.195372e-03
-35.250000 1.309488e-03
-35.000000 1.431735e-03
-34.750000 1.555213e-03
-34.500000 1.674581e-03
-34.250000 1.785796e-03
-34.000000 1.885872e-03
-33.750000 1.972713e-03
-33.500000 2.044997e-03
-33.250000 2.102100e-03
-33.000000 2.144031e-03
-32.750000 2.171381e-03
-32.500000 2.185260e-03
-32.250000 2.187216e-03
-32.000000 2.179144e-03
-31.750000 2.163166e-03
-31.500000 2.141490e-03
-31.250000 2.116259e-03
-31.000000 2.089390e-03
-30.750000 2.062434e-03
-30.500000 2.036471e-03
-30.250000 2.012062e-03
-30.000000 1.989278e-03
-29.750000 1.967804e-03
-29.500000 1.947107e-03
-29.250000 1.926646e-03
-29.000000 1.906096e-03
-28.750000 1.885554e-03
-28.500000 1.865702e-03
-28.250000 1.847884e-03
-28.000000 1.834088e-03
-27.750000 1.826787e-03
-27.500000 1.828628e-03
-27.250000 1.842002e-03
-27.000000 1.868544e-03
-26.750000 1.908691e-03
-26.500000 1.961418e-03
-26.250000 2.024210e-03
-26.000000 2.093260e-03
-25.750000 2.163811e-03
-25.500000 2.230538e-03
-25.250000 2.287910e-03
-25.000000 2.330488e-03
-24.750000 2.353160e-03
-24.500000 2.351337e-03
-24.250000 2.321099e-03
-24.000000 2.259337e-03
-23.750000 2.163891e-03
-23.500000 2.033714e-03
-23.250000 1.869123e-03
-23.000000 1.672230e-03
-22.750000 1.447863e-03
-22.500000 1.205789e-03
-22.250000 9.665390e-04
-22.000000 7.759922e-04
-21.750000 7.196918e-04
-21.500000 8.554286e-04
-21.250000 1.130966e-03
-21.000000 1.475395e-03
-20.750000 1.849368e-03
-20.500000 2.231913e-03
-20.250000 2.609575e-03
-20.000000 2.972145e-03
-19.750000 3.311071e-03
-19.500000 3.618880e-03
-19.250000 3.888979e-03
-19.000000 4.115623e-03
-18.750000 4.293950e-03
-18.500000 4.420043e-03
-18.250000 4.490993e-03
-18.000000 4.504959e-03
-17.750000 4.461216e-03
-17.500000 4.360184e-03
-17.250000 4.203440e-03
-17.000000 3.993716e-03
-16.750000 3.734880e-03
-16.500000 3.431909e-03
-16.250000 3.090876e-03
-16.000000 2.718969e-03
-15.750000 2.324637e-03
-15.500000 1.918034e-03
-15.250000 1.512352e-03
-15.000000 1.127859e-03
-14.750000 8.047795e-04
-14.500000 6.320258e-04
-14.250000 6.973883e-04
-14.000000 9.193135e-04
-13.750000 1.181762e-03
-13.500000 1.432706e-03
-13.250000 1.650647e-03
-13.000000 1.825071e-03
-12.750000 1.950401e-03
-12.500000 2.024117e-03
-12.250000 2.046214e-03
-12.000000 2.019218e-03
-11.750000 1.948568e-03
-11.500000 1.843412e-03
-11.250000 1.717942e-03
-11.000000 1.593220e-03
-10.750000 1.498379e-03
-10.500000 1.467408e-03
-10.250000 1.527110e-03
-10.000000 1.682643e-03
-9.750000 1.917205e-03
-9.500000 2.204827e-03
-9.250000 2.520750e-03
-9.000000 2.844636e-03
-8.750000 3.160269e-03
-8.500000 3.454579e-03
-8.250000 3.716887e-03
-8.000000 3.938450e-03
-7.750000 4.112238e-03
-7.500000 4.232825e-03
-7.250000 4.296381e-03
-7.000000 4.300687e-03
-6.750000 4.245194e-03
-6.500000 4.131106e-03
-6.250000 3.961506e-03
-6.000000 3.741559e-03
-5.750000 3.478849e-03
-5.500000 3.183967e-03
-5.250000 2.871499e-03
-5.000000 2.561609e-03
-4.750000 2.282054e-03
-4.500000 2.068950e-03
-4.250000 1.961176e-03
-4.000000 1.983543e-03
-3.750000 2.129858e-03
-3.500000 2.367426e-03
-3.250000 2.656675e-03
-3.000000 2.964044e-03
-2.750000 3.264467e-03
-2.500000 3.539756e-03
-2.250000 3.776644e-03
-2.000000 3.965416e-03
-1.750000 4.099074e-03
-1.500000 4.172851e-03
-1.250000 4.183915e-03
-1.000000 4.131193e-03
-0.750000 4.015244e-03
-0.500000 3.838162e-03
-0.250000 3.603498e-03
0.000000 3.316201e-03
0.250000 2.982601e-03
0.500000 2.610493e-03
0.750000 2.209468e-03
1.000000 1.791929e-03
1.250000 1.376188e-03
1.500000 9.965871e-04
1.750000 7.342555e-04
2.000000 7.267076e-04
2.250000 9.611898e-04
2.500000 1.288955e-03
2.750000 1.628678e-03
3.000000 1.947783e-03
3.250000 2.230377e-03
3.500000 2.466964e-03
3.750000 2.651268e-03
4.000000 2.779126e-03
4.250000 2.848054e-03
4.500000 2.857057e-03
4.750000 2.806523e-03
5.000000 2.698163e-03
5.250000 2.534950e-03
5.500000 2.321091e-03
5.750000 2.062029e-03
6.000000 1.764574e-03
6.250000 1.437387e-03
6.500000 1.092698e-03
6.750000 7.531965e-04
7.000000 4.852304e-04
7.250000 4.730131e-04
7.500000 7.292027e-04
7.750000 1.064708e-03
8.000000 1.407305e-03
8.250000 1.733427e-03
8.500000 2.031116e-03
8.750000 2.292335e-03
9.000000 2.511059e-03
9.250000 2.682716e-03
9.500000 2.804010e-03
9.750000 2.872894e-03
10.000000 2.888579e-03
10.250000 2.851587e-03
10.500000 2.763830e-03
10.750000 2.628759e-03
11.000000 2.451621e-03
11.250000 2.239973e-03
11.500000 2.004644e-03
11.750000 1.761595e-03
12.000000 1.535100e-03
12.250000 1.361404e-03
12.500000 1.285732e-03
12.750000 1.339779e-03
13.000000 1.515255e-03
13.250000 1.774614e-03
13.500000 2.079606e-03
13.750000 2.402363e-03
14.000000 2.723995e-03
14.250000 3.031354e-03
14.500000 3.314868e-03
14.750000 3.567327e-03
15.000000 3.783257e-03
15.250000 3.958577e-03
15.500000 4.090418e-03
15.750000 4.177004e-03
16.000000 4.217583e-03
16.250000 4.212365e-03
16.500000 4.162468e-03
16.750000 4.069860e-03
17.000000 3.937299e-03
17.250000 3.768276e-03
17.500000 3.566948e-03
17.750000 3.338083e-03
18.000000 3.087012e-03
18.250000 2.819604e-03
18.500000 2.542277e-03
18.750000 2.262067e-03
19.000000 1.986797e-03
19.250000 1.725355e-03
19.500000 1.488081e-03
19.750000 1.286956e-03
20.000000 1.134755e-03
20.250000 1.041574e-03
20.500000 1.008830e-03
20.750000 1.025891e-03
21.000000 1.074373e-03
21.250000 1.135804e-03
21.500000 1.195962e-03
21.750000 1.245406e-03
22.000000 1.278508e-03
22.250000 1.292410e-03
22.500000 1.286263e-03
22.750000 1.260752e-03
23.000000 1.217803e-03
23.250000 1.160431e-03
23.500000 1.092668e-03
23.750000 1.019542e-03
24.000000 9.470369e-04
24.250000 8.818845e-04
24.500000 8.309382e-04
24.750000 7.998998e-04
25.000000 7.916061e-04
25.250000 8.048612e-04
25.500000 8.348132e-04
25.750000 8.746324e-04
26.000000 9.172808e-04
26.250000 9.565810e-04
26.500000 9.875937e-04
26.750000 1.006620e-03
27.000000 1.011077e-03
27.250000 9.993614e-04
27.500000 9.707504e-04
27.750000 9.253379e-04
28.000000 8.640336e-04
28.250000 7.886415e-04
28.500000 7.020937e-04
28.750000 6.089979e-04
29.000000 5.168308e-04
29.250000 4.381480e-04
29.500000 3.923455e-04
29.750000 3.986544e-04
30.000000 4.580780e-04
30.250000 5.534236e-04
30.500000 6.667868e-04
30.750000 7.862441e-04
31.000000 9.043631e-04
31.250000 1.016236e-03
31.500000 1.118395e-03
31.750000 1.208291e-03
32.000000 1.284054e-03
32.250000 1.344375e-03
32.500000 1.388446e-03
32.750000 1.415938e-03
33.000000 1.426977e-03
33.250000 1.422138e-03
33.500000 1.402433e-03
33.750000 1.369302e-03
34.000000 1.324613e-03
34.250000 1.270646e-03
34.500000 1.210098e-03
34.750000 1.146058e-03
35.000000 1.081968e-03
35.250000 1.021530e-03
35.500000 9.684963e-04
35.750000 9.263260e-04
36.000000 8.976869e-04
36.250000 8.839363e-04
36.500000 8.848022e-04
36.750000 8.984611e-04
37.000000 9.220012e-04
37.250000 9.520451e-04
37.500000 9.852905e-04
37.750000 1.018848e-03
38.000000 1.050391e-03
38.250000 1.078175e-03
38.500000 1.100996e-03
38.750000 1.118118e-03
39.000000 1.129199e-03
39.250000 1.134212e-03
39.500000 1.133387e-03
39.750000 1.127147e-03
40.000000 1.116063e-03
40.250000 1.100816e-03
40.500000 1.082170e-03
40.750000 1.060957e-03
41.000000 1.038070e-03
41.250000 1.014466e-03
41.500000 9.911756e-04
41.750000 9.693035e-04
42.000000 9.500230e-04
42.250000 9.345453e-04
42.500000 9.240570e-04
42.750000 9.196253e-04
43.000000 9.220767e-04
43.250000 9.318747e-04
43.500000 9.490256e-04
43.750000 9.730397e-04
44.000000 1.002957e-03
44.250000 1.037429e-03
44.500000 1.074829e-03
44.750000 1.113371e-03
45.000000 1.151219e-03
45.250000 1.186575e-03
45.500000 1.217753e-03
45.750000 1.243240e-03
46.000000 1.261737e-03
46.250000 1.272203e-03
46.500000 1.273888e-03
46.750000 1.266363e-03
47.000000 1.249550e-03
47.250000 1.223743e-03
47.500000 1.189635e-03
47.750000 1.148336e-03
48.000000 1.101386e-03
48.250000 1.050757e-03
48.500000 9.988259e-04
48.750000 9.483079e-04
49.000000 9.020975e-04
49.250000 8.629976e-04
49.500000 8.333217e-04
49.750000 8.144315e-04
50.000000 8.063657e-04
