-50.000000 4.712370e-04
-49.750000 4.495487e-04
-49.500000 4.423340e-04
-49.250000 4.537925e-04
-49.000000 4.858304e-04
-48.750000 5.375528e-04
-48.500000 6.061933e-04
-48.250000 6.884400e-04
-48.000000 7.812470e-04
-47.750000 8.820811e-04
-47.500000 9.888846e-04
-47.250000 1.099964e-03
-47.000000 1.213882e-03
-46.750000 1.329381e-03
-46.500000 1.445327e-03
-46.250000 1.560678e-03
-46.000000 1.674458e-03
-45.750000 1.785749e-03
-45.500000 1.893681e-03
-45.250000 1.997433e-03
-45.000000 2.096226e-03
-44.750000 2.189332e-03
-44.500000 2.276072e-03
-44.250000 2.355818e-03
-44.000000 2.428004e-03
-43.750000 2.492118e-03
-43.500000 2.547718e-03
-43.250000 2.594426e-03
-43.000000 2.631937e-03
-42.750000 2.660022e-03
-42.500000 2.678529e-03
-42.250000 2.687387e-03
-42.000000 2.686608e-03
-41.750000 2.676294e-03
-41.500000 2.656630e-03
-41.250000 2.627898e-03
-41.000000 2.590468e-03
-40.750000 2.544809e-03
-40.500000 2.491486e-03
-40.250000 2.431166e-03
-40.000000 2.364618e-03
-39.750000 2.292717e-03
-39.500000 2.216449e-03
-39.250000 2.136912e-03
-39.000000 2.055318e-03
-38.750000 1.972996e-03
-38.500000 1.891382e-03
-38.250000 1.812010e-03
-38.000000 1.736491e-03
-37.750000 1.666466e-03
-37.500000 1.603550e-03
-37.250000 1.549238e-03
-37.000000 1.504799e-03
-36.750000 1.471157e-03
-36.500000 1.448783e-03
-36.250000 1.437625e-03
-36.000000 1.437100e-03
-35.750000 1.446154e-03
-35.500000 1.463367e-03
-35.250000 1.487095e-03
-35.000000 1.515612e-03
-34.750000 1.547221e-03
-34.500000 1.580349e-03
-34.250000 1.613599e-03
-34.000000 1.645787e-03
-33.750000 1.675957e-03
-33.500000 1.703383e-03
-33.250000 1.727574e-03
-33.000000 1.748263e-03
-32.750000 1.765402e-03
-32.500000 1.779160e-03
-32.250000 1.789910e-03
-32.000000 1.798225e-03
-31.750000 1.804859e-03
-31.500000 1.810734e-03
-31.250000 1.816910e-03
-31.000000 1.824555e-03
-30.750000 1.834892e-03
-30.500000 1.849148e-03
-30.250000 1.868485e-03
-30.000000 1.893934e-03
-29.750000 1.926326e-03
-29.500000 1.966239e-03
-29.250000 2.013960e-03
-29.000000 2.069469e-03
-28.750000 2.132452e-03
-28.500000 2.202318e-03
-28.250000 2.278251e-03
-28.000000 2.359249e-03
-27.750000 2.444180e-03
-27.500000 2.531821e-03
-27.250000 2.620902e-03
-27.000000 2.710137e-03
-26.750000 2.798252e-03
-26.500000 2.884001e-03
-26.250000 2.966186e-03
-26.000000 3.043667e-03
-25.750000 3.115370e-03
-25.500000 3.180294e-03
-25.250000 3.237521e-03
-25.000000 3.286212e-03
-24.750000 3.325621e-03
-24.500000 3.355091e-03
-24.250000 3.374060e-03
-24.000000 3.382068e-03
-23.750000 3.378755e-03
-23.500000 3.363870e-03
-23.250000 3.337274e-03
-23.000000 3.298945e-03
-22.750000 3.248985e-03
-22.500000 3.187631e-03
-22.250000 3.115263e-03
-22.000000 3.032424e-03
-21.750000 2.939830e-03
-21.500000 2.838406e-03
-21.250000 2.729312e-03
-21.000000 2.613991e-03
-20.750000 2.494225e-03
-20.500000 2.372209e-03
-20.250000 2.250634e-03
-20.000000 2.132782e-03
-19.750000 2.022602e-03
-19.500000 1.924730e-03
-19.250000 1.844367e-03
-19.000000 1.786930e-03
-18.750000 1.757422e-03
-18.500000 1.759592e-03
-18.250000 1.795181e-03
-18.000000 1.863606e-03
-17.750000 1.962239e-03
-17.500000 2.087109e-03
-17.250000 2.233686e-03
-17.000000 2.397468e-03
-16.750000 2.574320e-03
-16.500000 2.760608e-03
-16.250000 2.953201e-03
-16.000000 3.149424e-03
-15.750000 3.346986e-03
-15.500000 3.543914e-03
-15.250000 3.738494e-03
-15.000000 3.929227e-03
-14.750000 4.114787e-03
-14.500000 4.293996e-03
-14.250000 4.465798e-03
-14.000000 4.629249e-03
-13.750000 4.783497e-03
-13.500000 4.927775e-03
-13.250000 5.061392e-03
-13.000000 5.183730e-03
-12.750000 5.294233e-03
-12.500000 5.392409e-03
-12.250000 5.477822e-03
-12.000000 5.550092e-03
-11.750000 5.608890e-03
-11.500000 5.653940e-03
-11.250000 5.685012e-03
-11.000000 5.701925e-03
-10.750000 5.704544e-03
-10.500000 5.692778e-03
-10.250000 5.666582e-03
-10.000000 5.625952e-03
-9.750000 5.570932e-03
-9.500000 5.501605e-03
-9.250000 5.418102e-03
-9.000000 5.320595e-03
-8.750000 5.209303e-03
-8.500000 5.084491e-03
-8.250000 4.946471e-03
-8.000000 4.795608e-03
-7.750000 4.632316e-03
-7.500000 4.457066e-03
-7.250000 4.270390e-03
-7.000000 4.072885e-03
-6.750000 3.865225e-03
-6.500000 3.648165e-03
-6.250000 3.422566e-03
-6.000000 3.189410e-03
-5.750000 2.949844e-03
-5.500000 2.705228e-03
-5.250000 2.457232e-03
-5.000000 2.207981e-03
-4.750000 1.960310e-03
-4.500000 1.718213e-03
-4.250000 1.487630e-03
-4.000000 1.277775e-03
-3.750000 1.103016e-03
-3.500000 9.838466e-04
-3.250000 9.420052e-04
-3.000000 9.865101e-04
-2.750000 1.105113e-03
-2.500000 1.274748e-03
-2.250000 1.474894e-03
-2.000000 1.691438e-03
-1.750000 1.915323e-03
-1.500000 2.140644e-03
-1.250000 2.363352e-03
-1.000000 2.580496e-03
-0.750000 2.789803e-03
-0.500000 2.989432e-03
-0.250000 3.177844e-03
0.000000 3.353710e-03
0.250000 3.515872e-03
0.500000 3.663308e-03
0.750000 3.795118e-03
1.000000 3.910511e-03
1.250000 4.008801e-03
1.500000 4.089406e-03
1.750000 4.151843e-03
2.000000 4.195732e-03
2.250000 4.220796e-03
2.500000 4.226859e-03
2.750000 4.213851e-03
3.000000 4.181807e-03
3.250000 4.130869e-03
3.500000 4.061283e-03
3.750000 3.973404e-03
4.000000 3.867691e-03
4.250000 3.744706e-03
4.500000 3.605118e-03
4.750000 3.449693e-03
5.000000 3.279299e-03
5.250000 3.094899e-03
5.500000 2.897550e-03
5.750000 2.688403e-03
6.000000 2.468698e-03
6.250000 2.239771e-03
6.500000 2.003061e-03
6.750000 1.760127e-03
7.000000 1.512698e-03
7.250000 1.262784e-03
7.500000 1.012956e-03
7.750000 7.671709e-04
8.000000 5.337061e-04
8.250000 3.385113e-04
8.500000 2.725750e-04
8.750000 3.967879e-04
9.000000 5.955289e-04
9.250000 8.086938e-04
9.500000 1.020398e-03
9.750000 1.224837e-03
10.000000 1.418963e-03
10.250000 1.600732e-03
10.500000 1.768566e-03
10.750000 1.921163e-03
11.000000 2.057416e-03
11.250000 2.176378e-03
11.500000 2.277258e-03
11.750000 2.359410e-03
12.000000 2.422338e-03
12.250000 2.465703e-03
12.500000 2.489331e-03
12.750000 2.493222e-03
13.000000 2.477566e-03
13.250000 2.442762e-03
13.500000 2.389441e-03
13.750000 2.318503e-03
14.000000 2.231171e-03
14.250000 2.129059e-03
14.500000 2.014290e-03
14.750000 1.889659e-03
15.000000 1.758883e-03
15.250000 1.626950e-03
15.500000 1.500591e-03
15.750000 1.388733e-03
16.000000 1.302581e-03
16.250000 1.254506e-03
16.500000 1.255031e-03
16.750000 1.308904e-03
17.000000 1.413339e-03
17.250000 1.560068e-03
17.500000 1.738987e-03
17.750000 1.940700e-03
18.000000 2.157422e-03
18.250000 2.382943e-03
18.500000 2.612307e-03
18.750000 2.841473e-03
19.000000 3.067063e-03
19.250000 3.286175e-03
19.500000 3.496269e-03
19.750000 3.695083e-03
20.000000 3.880586e-03
20.250000 4.050942e-03
20.500000 4.204496e-03
20.750000 4.339756e-03
21.000000 4.455390e-03
21.250000 4.550223e-03
21.500000 4.623235e-03
21.750000 4.673562e-03
22.000000 4.700498e-03
22.250000 4.703494e-03
22.500000 4.682160e-03
22.750000 4.636268e-03
23.000000 4.565750e-03
23.250000 4.470697e-03
23.500000 4.351361e-03
23.750000 4.208150e-03
24.000000 4.041629e-03
24.250000 3.852513e-03
24.500000 3.641669e-03
24.750000 3.410104e-03
25.000000 3.158968e-03
25.250000 2.889548e-03
25.500000 2.603264e-03
25.750000 2.301676e-03
26.000000 1.986494e-03
26.250000 1.659626e-03
26.500000 1.323302e-03
26.750000 9.804976e-04
27.000000 6.367970e-04
27.250000 3.145344e-04
27.500000 2.272533e-04
27.750000 5.176788e-04
28.000000 8.640164e-04
28.250000 1.216553e-03
28.500000 1.567009e-03
28.750000 1.911749e-03
29.000000 2.248223e-03
29.250000 2.574277e-03
29.500000 2.887962e-03
29.750000 3.187467e-03
30.000000 3.471102e-03
30.250000 3.737294e-03
30.500000 3.984588e-03
30.750000 4.211651e-03
31.000000 4.417281e-03
31.250000 4.600410e-03
31.500000 4.760109e-03
31.750000 4.895599e-03
32.000000 5.006248e-03
32.250000 5.091582e-03
32.500000 5.151283e-03
32.750000 5.185192e-03
33.000000 5.193313e-03
33.250000 5.175810e-03
33.500000 5.133011e-03
33.750000 5.065403e-03
34.000000 4.973633e-03
34.250000 4.858507e-03
34.500000 4.720987e-03
34.750000 4.562191e-03
35.000000 4.383393e-03
35.250000 4.186022e-03
35.500000 3.971672e-03
35.750000 3.742110e-03
36.000000 3.499294e-03
36.250000 3.245409e-03
36.500000 2.982921e-03
36.750000 2.714676e-03
37.000000 2.444058e-03
37.250000 2.175263e-03
37.500000 1.913764e-03
37.750000 1.667074e-03
38.000000 1.445899e-03
38.250000 1.265378e-03
38.500000 1.144712e-03
38.750000 1.101462e-03
39.000000 1.140399e-03
39.250000 1.248641e-03
39.500000 1.404415e-03
39.750000 1.587690e-03
40.000000 1.783887e-03
40.250000 1.983204e-03
40.500000 2.179079e-03
40.750000 2.367002e-03
41.000000 2.543774e-03
41.250000 2.707056e-03
41.500000 2.855109e-03
41.750000 2.986640e-03
42.000000 3.100700e-03
42.250000 3.196629e-03
42.500000 3.274014e-03
42.750000 3.332669e-03
43.000000 3.372611e-03
43.250000 3.394056e-03
43.500000 3.397406e-03
43.750000 3.383249e-03
44.000000 3.352352e-03
44.250000 3.305665e-03
44.500000 3.244316e-03
44.750000 3.169624e-03
45.000000 3.083096e-03
45.250000 2.986443e-03
45.500000 2.881586e-03
45.750000 2.770673e-03
46.000000 2.656092e-03
46.250000 2.540479e-03
46.500000 2.426722e-03
46.750000 2.317938e-03
47.000000 2.217413e-03
47.250000 2.128487e-03
47.500000 2.054365e-03
47.750000 1.997843e-03
48.000000 1.961002e-03
48.250000 1.944907e-03
48.500000 1.949436e-03
48.750000 1.973274e-03
49.000000 2.014114e-03
49.250000 2.068962e-03
49.500000 2.134492e-03
49.750000 2.207335e-03
50.000000 2.284296e-03
