-50.000000 1.550326e-03
-49.750000 1.634892e-03
-49.500000 1.719738e-03
-49.250000 1.802801e-03
-49.000000 1.882247e-03
-48.750000 1.956439e-03
-48.500000 2.023904e-03
-48.250000 2.083310e-03
-48.000000 2.133448e-03
-47.750000 2.173217e-03
-47.500000 2.201622e-03
-47.250000 2.217770e-03
-47.000000 2.220870e-03
-46.750000 2.210241e-03
-46.500000 2.185317e-03
-46.250000 2.145657e-03
-46.000000 2.090957e-03
-45.750000 2.021063e-03
-45.500000 1.935981e-03
-45.250000 1.835902e-03
-45.000000 1.721220e-03
-44.750000 1.592569e-03
-44.500000 1.450871e-03
-44.250000 1.297438e-03
-44.000000 1.134156e-03
-43.750000 9.638849e-04
-43.500000 7.914103e-04
-43.250000 6.258959e-04
-43.000000 4.872342e-04
-42.750000 4.162129e-04
-42.500000 4.545154e-04
-42.250000 5.845911e-04
-42.000000 7.613551e-04
-41.750000 9.579711e-04
-41.500000 1.161736e-03
-41.250000 1.365870e-03
-41.000000 1.566023e-03
-40.750000 1.758956e-03
-40.500000 1.942006e-03
-40.250000 2.112870e-03
-40.000000 2.269504e-03
-39.750000 2.410086e-03
-39.500000 2.533008e-03
-39.250000 2.636875e-03
-39.000000 2.720518e-03
-38.750000 2.783007e-03
-38.500000 2.823671e-03
-38.250000 2.842114e-03
-38.000000 2.838234e-03
-37.750000 2.812250e-03
-37.500000 2.764723e-03
-37.250000 2.696590e-03
-37.000000 2.609206e-03
-36.750000 2.504395e-03
-36.500000 2.384532e-03
-36.250000 2.252642e-03
-36.000000 2.112550e-03
-35.750000 1.969075e-03
-35.500000 1.828258e-03
-35.250000 1.697560e-03
-35.000000 1.585849e-03
-34.750000 1.502812e-03
-34.500000 1.457410e-03
-34.250000 1.455452e-03
-34.000000 1.497496e-03
-33.750000 1.578618e-03
-33.500000 1.690265e-03
-33.250000 1.822694e-03
-33.000000 1.966702e-03
-32.750000 2.114352e-03
-32.500000 2.259067e-03
-32.250000 2.395468e-03
-32.000000 2.519157e-03
-31.750000 2.626531e-03
-31.500000 2.714641e-03
-31.250000 2.781091e-03
-31.000000 2.823976e-03
-30.750000 2.841836e-03
-30.500000 2.833629e-03
-30.250000 2.798717e-03
-30.000000 2.736860e-03
-29.750000 2.648214e-03
-29.500000 2.533347e-03
-29.250000 2.393265e-03
-29.000000 2.229464e-03
-28.750000 2.044032e-03
-28.500000 1.839844e-03
-28.250000 1.620965e-03
-28.000000 1.393481e-03
-27.750000 1.167344e-03
-27.500000 9.604073e-04
-27.250000 8.055788e-04
-27.000000 7.518561e-04
-26.750000 8.294773e-04
-26.500000 1.013353e-03
-26.250000 1.258598e-03
-26.000000 1.534321e-03
-25.750000 1.823205e-03
-25.500000 2.115097e-03
-25.250000 2.403342e-03
-25.000000 2.683083e-03
-24.750000 2.950496e-03
-24.500000 3.202425e-03
-24.250000 3.436208e-03
-24.000000 3.649597e-03
-23.750000 3.840714e-03
-23.500000 4.008043e-03
-23.250000 4.150421e-03
-23.000000 4.267049e-03
-22.750000 4.357492e-03
-22.500000 4.421691e-03
-22.250000 4.459968e-03
-22.000000 4.473032e-03
-21.750000 4.461982e-03
-21.500000 4.428310e-03
-21.250000 4.373894e-03
-21.000000 4.300996e-03
-20.750000 4.212243e-03
-20.500000 4.110606e-03
-20.250000 3.999362e-03
-20.000000 3.882039e-03
-19.750000 3.762334e-03
-19.500000 3.644001e-03
-19.250000 3.530698e-03
-19.000000 3.425799e-03
-18.750000 3.332175e-03
-18.500000 3.251960e-03
-18.250000 3.186349e-03
-18.000000 3.135457e-03
-17.750000 3.098284e-03
-17.500000 3.072790e-03
-17.250000 3.056080e-03
-17.000000 3.044667e-03
-16.750000 3.034749e-03
-16.500000 3.022482e-03
-16.250000 3.004207e-03
-16.000000 2.976634e-03
-15.750000 2.936975e-03
-15.500000 2.883041e-03
-15.250000 2.813318e-03
-15.000000 2.727043e-03
-14.750000 2.624273e-03
-14.500000 2.506000e-03
-14.250000 2.374296e-03
-14.000000 2.232539e-03
-13.750000 2.085729e-03
-13.500000 1.940897e-03
-13.250000 1.807519e-03
-13.000000 1.697626e-03
-12.750000 1.624947e-03
-12.500000 1.602308e-03
-12.250000 1.637603e-03
-12.000000 1.730751e-03
-11.750000 1.874211e-03
-11.500000 2.056354e-03
-11.250000 2.264886e-03
-11.000000 2.488710e-03
-10.750000 2.718441e-03
-10.500000 2.946289e-03
-10.250000 3.165752e-03
-10.000000 3.371349e-03
-9.750000 3.558401e-03
-9.500000 3.722896e-03
-9.250000 3.861400e-03
-9.000000 3.970996e-03
-8.750000 4.049261e-03
-8.500000 4.094242e-03
-8.250000 4.104451e-03
-8.000000 4.078860e-03
-7.750000 4.016898e-03
-7.500000 3.918447e-03
-7.250000 3.783841e-03
-7.000000 3.613850e-03
-6.750000 3.409678e-03
-6.500000 3.172940e-03
-6.250000 2.905651e-03
-6.000000 2.610199e-03
-5.750000 2.289323e-03
-5.500000 1.946088e-03
-5.250000 1.583866e-03
-5.000000 1.206343e-03
-4.750000 8.176565e-04
-4.500000 4.235361e-04
-4.250000 8.152350e-05
-4.000000 3.955437e-04
-3.750000 7.885153e-04
-3.500000 1.175827e-03
-3.250000 1.551375e-03
-3.000000 1.910859e-03
-2.750000 2.250426e-03
-2.500000 2.566514e-03
-2.250000 2.855847e-03
-2.000000 3.115457e-03
-1.750000 3.342714e-03
-1.500000 3.535353e-03
-1.250000 3.691505e-03
-1.000000 3.809718e-03
-0.750000 3.888979e-03
-0.500000 3.928728e-03
-0.250000 3.928873e-03
0.000000 3.889798e-03
0.250000 3.812369e-03
0.500000 3.697940e-03
0.750000 3.548361e-03
1.000000 3.365994e-03
1.250000 3.153737e-03
1.500000 2.915080e-03
1.750000 2.654220e-03
2.000000 2.376267e-03
2.250000 2.087676e-03
2.500000 1.797082e-03
2.750000 1.516994e-03
3.000000 1.266947e-03
3.250000 1.077761e-03
3.500000 9.895282e-04
3.750000 1.026966e-03
4.000000 1.171837e-03
4.250000 1.381771e-03
4.500000 1.621152e-03
4.750000 1.867470e-03
5.000000 2.107020e-03
5.250000 2.331012e-03
5.500000 2.533427e-03
5.750000 2.709937e-03
6.000000 2.857352e-03
6.250000 2.973352e-03
6.500000 3.056326e-03
6.750000 3.105296e-03
7.000000 3.119873e-03
7.250000 3.100228e-03
7.500000 3.047085e-03
7.750000 2.961722e-03
8.000000 2.845984e-03
8.250000 2.702319e-03
8.500000 2.533848e-03
8.750000 2.344488e-03
9.000000 2.139178e-03
9.250000 1.924280e-03
9.500000 1.708268e-03
9.750000 1.502830e-03
10.000000 1.324309e-03
10.250000 1.194246e-03
10.500000 1.135417e-03
10.750000 1.160482e-03
11.000000 1.262359e-03
11.250000 1.419624e-03
11.500000 1.609184e-03
11.750000 1.812813e-03
12.000000 2.017545e-03
12.250000 2.214241e-03
12.500000 2.396287e-03
12.750000 2.558745e-03
13.000000 2.697846e-03
13.250000 2.810696e-03
13.500000 2.895105e-03
13.750000 2.949483e-03
14.000000 2.972780e-03
14.250000 2.964448e-03
14.500000 2.924411e-03
14.750000 2.853058e-03
15.000000 2.751236e-03
15.250000 2.620260e-03
15.500000 2.461943e-03
15.750000 2.278666e-03
16.000000 2.073519e-03
16.250000 1.850586e-03
16.500000 1.615544e-03
16.750000 1.376924e-03
17.000000 1.148831e-03
17.250000 9.562410e-04
17.500000 8.406120e-04
17.750000 8.465978e-04
18.000000 9.785287e-04
18.250000 1.197523e-03
18.500000 1.464102e-03
18.750000 1.753783e-03
19.000000 2.052576e-03
19.250000 2.351955e-03
19.500000 2.646191e-03
19.750000 2.931095e-03
20.000000 3.203405e-03
20.250000 3.460489e-03
20.500000 3.700180e-03
20.750000 3.920692e-03
21.000000 4.120561e-03
21.250000 4.298618e-03
21.500000 4.453960e-03
21.750000 4.585934e-03
22.000000 4.694121e-03
22.250000 4.778321e-03
22.500000 4.838536e-03
22.750000 4.874960e-03
23.000000 4.887961e-03
23.250000 4.878068e-03
23.500000 4.845959e-03
23.750000 4.792444e-03
24.000000 4.718454e-03
24.250000 4.625030e-03
24.500000 4.513308e-03
24.750000 4.384515e-03
25.000000 4.239956e-03
25.250000 4.081008e-03
25.500000 3.909114e-03
25.750000 3.725778e-03
26.000000 3.532561e-03
26.250000 3.331083e-03
26.500000 3.123018e-03
26.750000 2.910098e-03
27.000000 2.694121e-03
27.250000 2.476955e-03
27.500000 2.260556e-03
27.750000 2.046992e-03
28.000000 1.838474e-03
28.250000 1.637419e-03
28.500000 1.446524e-03
28.750000 1.268876e-03
29.000000 1.108082e-03
29.250000 9.683360e-04
29.500000 8.542646e-04
29.750000 7.701847e-04
30.000000 7.185283e-04
30.250000 6.980094e-04
30.500000 7.031590e-04
30.750000 7.260482e-04
31.000000 7.588062e-04
31.250000 7.952248e-04
31.500000 8.311839e-04
31.750000 8.644636e-04
32.000000 8.944101e-04
32.250000 9.216372e-04
32.500000 9.477808e-04
32.750000 9.752607e-04
33.000000 1.007000e-03
33.250000 1.046066e-03
33.500000 1.095259e-03
33.750000 1.156701e-03
34.000000 1.231557e-03
34.250000 1.319923e-03
34.500000 1.420910e-03
34.750000 1.532847e-03
35.000000 1.653514e-03
35.250000 1.780361e-03
35.500000 1.910674e-03
35.750000 2.041691e-03
36.000000 2.170679e-03
36.250000 2.294992e-03
36.500000 2.412103e-03
36.750000 2.519635e-03
37.000000 2.615380e-03
37.250000 2.697321e-03
37.500000 2.763649e-03
37.750000 2.812778e-03
38.000000 2.843361e-03
38.250000 2.854305e-03
38.500000 2.844777e-03
38.750000 2.814217e-03
39.000000 2.762343e-03
39.250000 2.689156e-03
39.500000 2.594938e-03
39.750000 2.480255e-03
40.000000 2.345951e-03
40.250000 2.193145e-03
40.500000 2.023223e-03
40.750000 1.837842e-03
41.000000 1.638933e-03
41.250000 1.428732e-03
41.500000 1.209864e-03
41.750000 9.855817e-04
42.000000 7.604494e-04
42.250000 5.427245e-04
42.500000 3.544388e-04
42.750000 2.686436e-04
43.000000 3.606007e-04
43.250000 5.389705e-04
43.500000 7.352892e-04
43.750000 9.295580e-04
44.000000 1.114251e-03
44.250000 1.285292e-03
44.500000 1.439903e-03
44.750000 1.575967e-03
45.000000 1.691802e-03
45.250000 1.786084e-03
45.500000 1.857808e-03
45.750000 1.906278e-03
46.000000 1.931103e-03
46.250000 1.932195e-03
46.500000 1.909768e-03
46.750000 1.864342e-03
47.000000 1.796738e-03
47.250000 1.708084e-03
47.500000 1.599825e-03
47.750000 1.473743e-03
48.000000 1.332015e-03
48.250000 1.177330e-03
48.500000 1.013154e-03
48.750000 8.443594e-04
49.000000 6.787773e-04
49.250000 5.311490e-04
49.500000 4.310358e-04
49.750000 4.201820e-04
50.000000 5.050843e-04
