-50.000000 1.546369e-03
-49.750000 1.604705e-03
-49.500000 1.659189e-03
-49.250000 1.707211e-03
-49.000000 1.746556e-03
-48.750000 1.775398e-03
-48.500000 1.792289e-03
-48.250000 1.796158e-03
-48.000000 1.786310e-03
-47.750000 1.762436e-03
-47.500000 1.724639e-03
-47.250000 1.673471e-03
-47.000000 1.610000e-03
-46.750000 1.535910e-03
-46.500000 1.453645e-03
-46.250000 1.366618e-03
-46.000000 1.279470e-03
-45.750000 1.198351e-03
-45.500000 1.131008e-03
-45.250000 1.086330e-03
-45.000000 1.072850e-03
-44.750000 1.096323e-03
-44.500000 1.157708e-03
-44.250000 1.253176e-03
-44.000000 1.375994e-03
-43.750000 1.518667e-03
-43.500000 1.674243e-03
-43.250000 1.836751e-03
-43.000000 2.001192e-03
-42.750000 2.163371e-03
-42.500000 2.319729e-03
-42.250000 2.467206e-03
-42.000000 2.603145e-03
-41.750000 2.725229e-03
-41.500000 2.831446e-03
-41.250000 2.920064e-03
-41.000000 2.989623e-03
-40.750000 3.038931e-03
-40.500000 3.067063e-03
-40.250000 3.073374e-03
-40.000000 3.057502e-03
-39.750000 3.019383e-03
-39.500000 2.959266e-03
-39.250000 2.877737e-03
-39.000000 2.775749e-03
-38.750000 2.654669e-03
-38.500000 2.516344e-03
-38.250000 2.363208e-03
-38.000000 2.198440e-03
-37.750000 2.026220e-03
-37.500000 1.852103e-03
-37.250000 1.683560e-03
-37.000000 1.530605e-03
-36.750000 1.406151e-03
-36.500000 1.325086e-03
-36.250000 1.300722e-03
-36.000000 1.339241e-03
-35.750000 1.436543e-03
-35.500000 1.580897e-03
-35.250000 1.758348e-03
-35.000000 1.956377e-03
-34.750000 2.165012e-03
-34.500000 2.376599e-03
-34.250000 2.585254e-03
-34.000000 2.786373e-03
-33.750000 2.976276e-03
-33.500000 3.151982e-03
-33.250000 3.311057e-03
-33.000000 3.451526e-03
-32.750000 3.571812e-03
-32.500000 3.670703e-03
-32.250000 3.747332e-03
-32.000000 3.801166e-03
-31.750000 3.831995e-03
-31.500000 3.839932e-03
-31.250000 3.825412e-03
-31.000000 3.789190e-03
-30.750000 3.732346e-03
-30.500000 3.656286e-03
-30.250000 3.562744e-03
-30.000000 3.453795e-03
-29.750000 3.331856e-03
-29.500000 3.199695e-03
-29.250000 3.060443e-03
-29.000000 2.917590e-03
-28.750000 2.774970e-03
-28.500000 2.636722e-03
-28.250000 2.507187e-03
-28.000000 2.390732e-03
-27.750000 2.291466e-03
-27.500000 2.212848e-03
-27.250000 2.157248e-03
-27.000000 2.125548e-03
-26.750000 2.116952e-03
-26.500000 2.129070e-03
-26.250000 2.158284e-03
-26.000000 2.200267e-03
-25.750000 2.250507e-03
-25.500000 2.304724e-03
-25.250000 2.359155e-03
-25.000000 2.410712e-03
-24.750000 2.457056e-03
-24.500000 2.496619e-03
-24.250000 2.528598e-03
-24.000000 2.552946e-03
-23.750000 2.570350e-03
-23.500000 2.582205e-03
-23.250000 2.590579e-03
-23.000000 2.598136e-03
-22.750000 2.608035e-03
-22.500000 2.623762e-03
-22.250000 2.648892e-03
-22.000000 2.686811e-03
-21.750000 2.740397e-03
-21.500000 2.811728e-03
-21.250000 2.901874e-03
-21.000000 3.010801e-03
-20.750000 3.137408e-03
-20.500000 3.279678e-03
-20.250000 3.434875e-03
-20.000000 3.599770e-03
-19.750000 3.770843e-03
-19.500000 3.944444e-03
-19.250000 4.116925e-03
-19.000000 4.284729e-03
-18.750000 4.444452e-03
-18.500000 4.592891e-03
-18.250000 4.727073e-03
-18.000000 4.844275e-03
-17.750000 4.942046e-03
-17.500000 5.018213e-03
-17.250000 5.070896e-03
-17.000000 5.098517e-03
-16.750000 5.099802e-03
-16.500000 5.073791e-03
-16.250000 5.019842e-03
-16.000000 4.937627e-03
-15.750000 4.827141e-03
-15.500000 4.688696e-03
-15.250000 4.522920e-03
-15.000000 4.330757e-03
-14.750000 4.113461e-03
-14.500000 3.872600e-03
-14.250000 3.610055e-03
-14.000000 3.328038e-03
-13.750000 3.029123e-03
-13.500000 2.716310e-03
-13.250000 2.393166e-03
-13.000000 2.064120e-03
-12.750000 1.735091e-03
-12.500000 1.414952e-03
-12.250000 1.119047e-03
-12.000000 8.772700e-04
-11.750000 7.442456e-04
-11.500000 7.722132e-04
-11.250000 9.379285e-04
-11.000000 1.174458e-03
-10.750000 1.436601e-03
-10.500000 1.701819e-03
-10.250000 1.958406e-03
-10.000000 2.199447e-03
-9.750000 2.420331e-03
-9.500000 2.617701e-03
-9.250000 2.788992e-03
-9.000000 2.932201e-03
-8.750000 3.045781e-03
-8.500000 3.128581e-03
-8.250000 3.179811e-03
-8.000000 3.199029e-03
-7.750000 3.186131e-03
-7.500000 3.141338e-03
-7.250000 3.065197e-03
-7.000000 2.958578e-03
-6.750000 2.822670e-03
-6.500000 2.658994e-03
-6.250000 2.469412e-03
-6.000000 2.256174e-03
-5.750000 2.022001e-03
-5.500000 1.770274e-03
-5.250000 1.505466e-03
-5.000000 1.234199e-03
-4.750000 9.680762e-04
-4.500000 7.318660e-04
-4.250000 5.827825e-04
-4.000000 6.025502e-04
-3.750000 7.824117e-04
-3.500000 1.041807e-03
-3.250000 1.331663e-03
-3.000000 1.630756e-03
-2.750000 1.928737e-03
-2.500000 2.219449e-03
-2.250000 2.498591e-03
-2.000000 2.762827e-03
-1.750000 3.009419e-03
-1.500000 3.236063e-03
-1.250000 3.440813e-03
-1.000000 3.622043e-03
-0.750000 3.778434e-03
-0.500000 3.908965e-03
-0.250000 4.012911e-03
0.000000 4.089843e-03
0.250000 4.139626e-03
0.500000 4.162415e-03
0.750000 4.158655e-03
1.000000 4.129076e-03
1.250000 4.074685e-03
1.500000 3.996760e-03
1.750000 3.896843e-03
2.000000 3.776732e-03
2.250000 3.638471e-03
2.500000 3.484346e-03
2.750000 3.316881e-03
3.000000 3.138835e-03
3.250000 2.953206e-03
3.500000 2.763243e-03
3.750000 2.572454e-03
4.000000 2.384628e-03
4.250000 2.203833e-03
4.500000 2.034397e-03
4.750000 1.880814e-03
5.000000 1.747522e-03
5.250000 1.638502e-03
5.500000 1.556684e-03
5.750000 1.503295e-03
6.000000 1.477413e-03
6.250000 1.476026e-03
6.500000 1.494630e-03
6.750000 1.528129e-03
7.000000 1.571667e-03
7.250000 1.621193e-03
7.500000 1.673730e-03
7.750000 1.727430e-03
8.000000 1.781510e-03
8.250000 1.836130e-03
8.500000 1.892236e-03
8.750000 1.951380e-03
9.000000 2.015519e-03
9.250000 2.086786e-03
9.500000 2.167252e-03
9.750000 2.258702e-03
10.000000 2.362437e-03
10.250000 2.479142e-03
10.500000 2.608831e-03
10.750000 2.750849e-03
11.000000 2.903947e-03
11.250000 3.066381e-03
11.500000 3.236022e-03
11.750000 3.410476e-03
12.000000 3.587176e-03
12.250000 3.763471e-03
12.500000 3.936696e-03
12.750000 4.104220e-03
13.000000 4.263497e-03
13.250000 4.412099e-03
13.500000 4.547742e-03
13.750000 4.668312e-03
14.000000 4.771886e-03
14.250000 4.856746e-03
14.500000 4.921393e-03
14.750000 4.964562e-03
15.000000 4.985225e-03
15.250000 4.982605e-03
15.500000 4.956178e-03
15.750000 4.905674e-03
16.000000 4.831082e-03
16.250000 4.732649e-03
16.500000 4.610873e-03
16.750000 4.466508e-03
17.000000 4.300549e-03
17.250000 4.114235e-03
17.500000 3.909041e-03
17.750000 3.686676e-03
18.000000 3.449084e-03
18.250000 3.198450e-03
18.500000 2.937225e-03
18.750000 2.668168e-03
19.000000 2.394429e-03
19.250000 2.119713e-03
19.500000 1.848565e-03
19.750000 1.586917e-03
20.000000 1.343078e-03
20.250000 1.129362e-03
20.500000 9.639189e-04
20.750000 8.692917e-04
21.000000 8.608361e-04
21.250000 9.311888e-04
21.500000 1.054693e-03
21.750000 1.205324e-03
22.000000 1.364832e-03
22.250000 1.521834e-03
22.500000 1.669261e-03
22.750000 1.802582e-03
23.000000 1.918789e-03
23.250000 2.015854e-03
23.500000 2.092428e-03
23.750000 2.147672e-03
24.000000 2.181158e-03
24.250000 2.192805e-03
24.500000 2.182845e-03
24.750000 2.151790e-03
25.000000 2.100421e-03
25.250000 2.029771e-03
25.500000 1.941125e-03
25.750000 1.836024e-03
26.000000 1.716278e-03
26.250000 1.584011e-03
26.500000 1.441733e-03
26.750000 1.292493e-03
27.000000 1.140148e-03
27.250000 9.898799e-04
27.500000 8.490965e-04
27.750000 7.287912e-04
28.000000 6.444202e-04
28.250000 6.125313e-04
28.500000 6.400227e-04
28.750000 7.172175e-04
29.000000 8.262377e-04
29.250000 9.514650e-04
29.500000 1.082237e-03
29.750000 1.211667e-03
30.000000 1.335203e-03
30.250000 1.449700e-03
30.500000 1.552899e-03
30.750000 1.643140e-03
31.000000 1.719212e-03
31.250000 1.780252e-03
31.500000 1.825704e-03
31.750000 1.855276e-03
32.000000 1.868931e-03
32.250000 1.866865e-03
32.500000 1.849504e-03
32.750000 1.817498e-03
33.000000 1.771719e-03
33.250000 1.713269e-03
33.500000 1.643481e-03
33.750000 1.563945e-03
34.000000 1.476527e-03
34.250000 1.383420e-03
34.500000 1.287201e-03
34.750000 1.190911e-03
35.000000 1.098145e-03
35.250000 1.013102e-03
35.500000 9.405078e-04
35.750000 8.852348e-04
36.000000 8.514728e-04
36.250000 8.415658e-04
36.500000 8.551033e-04
36.750000 8.889595e-04
37.000000 9.382880e-04
37.250000 9.977755e-04
37.500000 1.062521e-03
37.750000 1.128414e-03
38.000000 1.192179e-03
38.250000 1.251288e-03
38.500000 1.303828e-03
38.750000 1.348395e-03
39.000000 1.384005e-03
39.250000 1.410032e-03
39.500000 1.426164e-03
39.750000 1.432372e-03
40.000000 1.428889e-03
40.250000 1.416198e-03
40.500000 1.395026e-03
40.750000 1.366337e-03
41.000000 1.331330e-03
41.250000 1.291442e-03
41.500000 1.248337e-03
41.750000 1.203899e-03
42.000000 1.160190e-03
42.250000 1.119391e-03
42.500000 1.083691e-03
42.750000 1.055123e-03
43.000000 1.035355e-03
43.250000 1.025475e-03
43.500000 1.025822e-03
43.750000 1.035925e-03
44.000000 1.054584e-03
44.250000 1.080048e-03
44.500000 1.110246e-03
44.750000 1.143006e-03
45.000000 1.176218e-03
45.250000 1.207943e-03
45.500000 1.236470e-03
45.750000 1.260343e-03
46.000000 1.278366e-03
46.250000 1.289594e-03
46.500000 1.293330e-03
46.750000 1.289109e-03
47.000000 1.276696e-03
47.250000 1.256078e-03
47.500000 1.227460e-03
47.750000 1.191276e-03
48.000000 1.148190e-03
48.250000 1.099118e-03
48.500000 1.045253e-03
48.750000 9.880987e-04
49.000000 9.295172e-04
49.250000 8.717792e-04
49.500000 8.175920e-04
49.750000 7.700626e-04
50.000000 7.325146e-04
