-50.000000 6.271082e-04
-49.750000 5.736951e-04
-49.500000 4.385035e-04
-49.250000 2.507917e-04
-49.000000 1.602374e-04
-48.750000 3.587797e-04
-48.500000 5.989941e-04
-48.250000 8.027390e-04
-48.000000 9.409080e-04
-47.750000 9.976357e-04
-47.500000 9.687179e-04
-47.250000 8.620847e-04
-47.000000 6.985569e-04
-46.750000 5.150966e-04
-46.500000 3.762780e-04
-46.250000 3.613740e-04
-46.000000 4.392220e-04
-45.750000 5.101878e-04
-45.500000 5.222552e-04
-45.250000 4.584504e-04
-45.000000 3.206142e-04
-44.750000 1.240696e-04
-44.500000 1.139303e-04
-44.250000 3.532328e-04
-44.000000 5.698420e-04
-43.750000 7.341867e-04
-43.500000 8.235859e-04
-43.250000 8.243498e-04
-43.000000 7.336329e-04
-42.750000 5.601480e-04
-42.500000 3.242292e-04
-42.250000 7.787165e-05
-42.000000 2.470008e-04
-41.750000 4.923571e-04
-41.500000 6.793764e-04
-41.250000 7.805221e-04
-41.000000 7.800708e-04
-40.750000 6.747595e-04
-40.500000 4.758891e-04
-40.250000 2.242388e-04
-40.000000 2.245189e-04
-39.750000 5.365991e-04
-39.500000 8.530477e-04
-39.250000 1.115868e-03
-39.000000 1.293342e-03
-38.750000 1.366060e-03
-38.500000 1.327598e-03
-38.250000 1.185405e-03
-38.000000 9.610899e-04
-37.750000 6.919465e-04
-37.500000 4.433035e-04
-37.250000 3.477486e-04
-37.000000 4.538637e-04
-36.750000 5.909245e-04
-36.500000 6.707906e-04
-36.250000 6.815644e-04
-36.000000 6.560935e-04
-35.750000 6.696032e-04
-35.500000 7.930109e-04
-35.250000 1.014722e-03
-35.000000 1.270234e-03
-34.750000 1.499578e-03
-34.500000 1.659844e-03
-34.250000 1.725017e-03
-34.000000 1.686352e-03
-33.750000 1.553505e-03
-33.500000 1.356034e-03
-33.250000 1.145130e-03
-33.000000 9.898988e-04
-32.750000 9.446212e-04
-32.500000 9.911628e-04
-32.250000 1.053438e-03
-32.000000 1.064410e-03
-31.750000 9.914029e-04
-31.500000 8.367975e-04
-31.250000 6.480228e-04
-31.000000 5.546319e-04
-30.750000 6.909519e-04
-30.500000 9.640795e-04
-30.250000 1.239902e-03
-30.000000 1.446975e-03
-29.750000 1.547458e-03
-29.500000 1.524967e-03
-29.250000 1.381958e-03
-29.000000 1.138877e-03
-28.750000 8.343027e-04
-28.500000 5.324828e-04
-28.250000 3.612692e-04
-28.000000 4.261801e-04
-27.750000 5.450589e-04
-27.500000 5.809070e-04
-27.250000 4.996913e-04
-27.000000 3.325837e-04
-26.750000 3.199327e-04
-26.500000 6.530817e-04
-26.250000 1.092677e-03
-26.000000 1.530421e-03
-25.750000 1.903586e-03
-25.500000 2.162863e-03
-25.250000 2.272580e-03
-25.000000 2.213992e-03
-24.750000 1.987918e-03
-24.500000 1.616488e-03
-24.250000 1.146973e-03
-24.000000 6.793444e-04
-23.750000 5.235344e-04
-23.500000 8.474306e-04
-23.250000 1.235297e-03
-23.000000 1.522251e-03
-22.750000 1.661967e-03
-22.500000 1.648601e-03
-22.250000 1.510445e-03
-22.000000 1.317883e-03
-21.750000 1.192493e-03
-21.500000 1.255034e-03
-21.250000 1.492136e-03
-21.000000 1.784413e-03
-20.750000 2.028745e-03
-20.500000 2.165562e-03
-20.250000 2.170309e-03
-20.000000 2.047032e-03
-19.750000 1.824805e-03
-19.500000 1.554451e-03
-19.250000 1.302013e-03
-19.000000 1.128341e-03
-18.750000 1.046371e-03
-18.500000 1.001126e-03
-18.250000 9.164986e-04
-18.000000 7.434464e-04
-17.750000 4.712449e-04
-17.500000 1.532089e-04
-17.250000 3.528650e-04
-17.000000 7.602052e-04
-16.750000 1.125987e-03
-16.500000 1.394299e-03
-16.250000 1.527950e-03
-16.000000 1.512002e-03
-15.750000 1.364432e-03
-15.500000 1.158071e-03
-15.250000 1.055200e-03
-15.000000 1.225913e-03
-14.750000 1.615238e-03
-14.500000 2.059442e-03
-14.250000 2.447444e-03
-14.000000 2.722518e-03
-13.750000 2.872789e-03
-13.500000 2.931895e-03
-13.250000 2.976405e-03
-13.000000 3.101106e-03
-12.750000 3.364073e-03
-12.500000 3.743007e-03
-12.250000 4.151003e-03
-12.000000 4.484265e-03
-11.750000 4.657680e-03
-11.500000 4.624184e-03
-11.250000 4.389169e-03
-11.000000 4.027901e-03
-10.750000 3.704155e-03
-10.500000 3.646173e-03
-10.250000 3.995346e-03
-10.000000 4.663181e-03
-9.750000 5.432946e-03
-9.500000 6.105381e-03
-9.250000 6.538776e-03
-9.000000 6.646441e-03
-8.750000 6.391346e-03
-8.500000 5.782291e-03
-8.250000 4.869939e-03
-8.000000 3.743249e-03
-7.750000 2.535754e-03
-7.500000 1.503620e-03
-7.250000 1.317039e-03
-7.000000 2.056219e-03
-6.750000 2.969722e-03
-6.500000 3.866194e-03
-6.250000 4.784538e-03
-6.000000 5.818536e-03
-5.750000 7.042846e-03
-5.500000 8.472027e-03
-5.250000 1.005829e-02
-5.000000 1.171453e-02
-4.750000 1.334170e-02
-4.500000 1.485025e-02
-4.250000 1.617401e-02
-4.000000 1.727704e-02
-3.750000 1.815382e-02
-3.500000 1.882304e-02
-3.250000 1.931632e-02
-3.000000 1.966437e-02
-2.750000 1.988467e-02
-2.500000 1.997478e-02
-2.250000 1.991353e-02
-2.000000 1.966924e-02
-1.750000 1.921147e-02
-1.500000 1.852222e-02
-1.250000 1.760336e-02
-1.000000 1.647889e-02
-0.750000 1.519210e-02
-0.500000 1.379899e-02
-0.250000 1.235975e-02
0.000000 1.093134e-02
0.250000 9.563700e-03
0.500000 8.301882e-03
0.750000 7.194175e-03
1.000000 6.301213e-03
1.250000 5.692979e-03
1.500000 5.416575e-03
1.750000 5.445975e-03
2.000000 5.671360e-03
2.250000 5.947335e-03
2.500000 6.145189e-03
2.750000 6.175707e-03
3.000000 5.992232e-03
3.250000 5.586978e-03
3.500000 4.984977e-03
3.750000 4.236191e-03
4.000000 3.406132e-03
4.250000 2.567651e-03
4.500000 1.805446e-03
4.750000 1.276171e-03
5.000000 1.295622e-03
5.250000 1.900254e-03
5.500000 2.823041e-03
5.750000 3.939888e-03
6.000000 5.188978e-03
6.250000 6.503041e-03
6.500000 7.800309e-03
6.750000 8.992160e-03
7.000000 9.994476e-03
7.250000 1.073856e-02
7.500000 1.117991e-02
7.750000 1.130381e-02
8.000000 1.112706e-02
8.250000 1.069547e-02
8.500000 1.007682e-02
8.750000 9.349351e-03
9.000000 8.586840e-03
9.250000 7.842941e-03
9.500000 7.140361e-03
9.750000 6.470953e-03
10.000000 5.808653e-03
10.250000 5.129832e-03
10.500000 4.432403e-03
10.750000 3.748025e-03
11.000000 3.144868e-03
11.250000 2.712080e-03
11.500000 2.505885e-03
11.750000 2.482154e-03
12.000000 2.515849e-03
12.250000 2.488933e-03
12.500000 2.338130e-03
12.750000 2.060608e-03
13.000000 1.717247e-03
13.250000 1.450768e-03
13.500000 1.454841e-03
13.750000 1.757940e-03
14.000000 2.191572e-03
14.250000 2.610735e-03
14.500000 2.945531e-03
14.750000 3.179533e-03
15.000000 3.334435e-03
15.250000 3.455954e-03
15.500000 3.592815e-03
15.750000 3.771329e-03
16.000000 3.979844e-03
16.250000 4.174198e-03
16.500000 4.297355e-03
16.750000 4.298799e-03
17.000000 4.146688e-03
17.250000 3.833089e-03
17.500000 3.374513e-03
17.750000 2.809605e-03
18.000000 2.195766e-03
18.250000 1.607507e-03
18.500000 1.140387e-03
18.750000 9.023782e-04
19.000000 9.034954e-04
19.250000 1.002986e-03
19.500000 1.103870e-03
19.750000 1.210192e-03
20.000000 1.368328e-03
20.250000 1.602508e-03
20.500000 1.886167e-03
20.750000 2.161163e-03
21.000000 2.365811e-03
21.250000 2.450398e-03
21.500000 2.384169e-03
21.750000 2.159259e-03
22.000000 1.795137e-03
22.250000 1.351787e-03
22.500000 9.829088e-04
22.750000 9.934705e-04
23.000000 1.406552e-03
23.250000 1.934771e-03
23.500000 2.423309e-03
23.750000 2.807720e-03
24.000000 3.061234e-03
24.250000 3.180497e-03
24.500000 3.179718e-03
24.750000 3.085301e-03
25.000000 2.929176e-03
25.250000 2.741080e-03
25.500000 2.541506e-03
25.750000 2.338229e-03
26.000000 2.128643e-03
26.250000 1.907250e-03
26.500000 1.674767e-03
26.750000 1.445311e-03
27.000000 1.249083e-03
27.250000 1.125007e-03
27.500000 1.095520e-03
27.750000 1.141977e-03
28.000000 1.220155e-03
28.250000 1.294926e-03
28.500000 1.354973e-03
28.750000 1.409720e-03
29.000000 1.477637e-03
29.250000 1.570312e-03
29.500000 1.680798e-03
29.750000 1.784314e-03
30.000000 1.848341e-03
30.250000 1.843362e-03
30.500000 1.750022e-03
30.750000 1.562977e-03
31.000000 1.293089e-03
31.250000 9.709025e-04
31.500000 6.617877e-04
31.750000 5.137539e-04
32.000000 6.402340e-04
32.250000 8.690364e-04
32.500000 1.058016e-03
32.750000 1.155084e-03
33.000000 1.143640e-03
33.250000 1.026989e-03
33.500000 8.239618e-04
33.750000 5.678218e-04
34.000000 3.164847e-04
34.250000 2.291590e-04
34.500000 3.676275e-04
34.750000 4.993729e-04
35.000000 5.454378e-04
35.250000 4.864944e-04
35.500000 3.246836e-04
35.750000 9.952115e-05
36.000000 2.745291e-04
36.250000 6.197964e-04
36.500000 9.635176e-04
36.750000 1.264610e-03
37.000000 1.489760e-03
37.250000 1.614286e-03
37.500000 1.624433e-03
37.750000 1.518690e-03
38.000000 1.307807e-03
38.250000 1.013553e-03
38.500000 6.666773e-04
38.750000 3.074400e-04
39.000000 1.226370e-04
39.250000 3.831047e-04
39.500000 6.069545e-04
39.750000 7.423310e-04
40.000000 7.805323e-04
40.250000 7.266488e-04
40.500000 5.985927e-04
40.750000 4.306116e-04
41.000000 2.953952e-04
41.250000 3.177067e-04
41.500000 4.596789e-04
41.750000 6.031612e-04
42.000000 7.024056e-04
42.250000 7.447573e-04
42.500000 7.346385e-04
42.750000 6.900040e-04
43.000000 6.392819e-04
43.250000 6.119020e-04
43.500000 6.194905e-04
43.750000 6.455692e-04
44.000000 6.598180e-04
44.250000 6.365543e-04
44.500000 5.619220e-04
44.750000 4.346396e-04
45.000000 2.676558e-04
45.250000 1.265831e-04
45.500000 2.361780e-04
45.750000 4.358714e-04
46.000000 6.175199e-04
46.250000 7.547980e-04
46.500000 8.337805e-04
46.750000 8.487486e-04
47.000000 8.020125e-04
47.250000 7.037874e-04
47.500000 5.722003e-04
47.750000 4.349210e-04
48.000000 3.341953e-04
48.250000 3.160685e-04
48.500000 3.691450e-04
48.750000 4.392723e-04
49.000000 4.957163e-04
49.250000 5.320958e-04
49.500000 5.544476e-04
49.750000 5.728905e-04
50.000000 5.941521e-04
