-50.000000 8.086746e-05
-49.750000 9.938117e-05
-49.500000 8.183119e-05
-49.250000 4.368833e-05
-49.000000 8.569225e-05
-48.750000 1.750977e-04
-48.500000 2.579790e-04
-48.250000 3.130879e-04
-48.000000 3.281523e-04
-47.750000 3.012129e-04
-47.500000 2.432062e-04
-47.250000 1.821815e-04
-47.000000 1.620517e-04
-46.750000 1.875740e-04
-46.500000 2.096000e-04
-46.250000 1.956534e-04
-46.000000 1.399595e-04
-45.750000 7.690647e-05
-45.500000 1.356796e-04
-45.250000 2.510695e-04
-45.000000 3.496906e-04
-44.750000 4.056077e-04
-44.500000 4.062514e-04
-44.250000 3.512432e-04
-44.000000 2.521574e-04
-43.750000 1.312260e-04
-43.500000 4.117638e-05
-43.250000 1.022537e-04
-43.000000 1.480636e-04
-42.750000 1.394209e-04
-42.500000 7.678405e-05
-42.250000 3.516625e-05
-42.000000 1.579596e-04
-41.750000 2.793087e-04
-41.500000 3.733332e-04
-41.250000 4.250093e-04
-41.000000 4.332888e-04
-40.750000 4.155422e-04
-40.500000 4.064980e-04
-40.250000 4.364624e-04
-40.000000 4.985742e-04
-39.750000 5.585939e-04
-39.500000 5.856968e-04
-39.250000 5.641329e-04
-39.000000 4.937353e-04
-38.750000 3.884047e-04
-38.500000 2.762639e-04
-38.250000 2.053572e-04
-38.000000 2.175300e-04
-37.750000 2.726565e-04
-37.500000 3.217698e-04
-37.250000 3.510834e-04
-37.000000 3.618446e-04
-36.750000 3.571722e-04
-36.500000 3.363602e-04
-36.250000 2.953737e-04
-36.000000 2.312420e-04
-35.750000 1.465227e-04
-35.500000 5.502997e-05
-35.250000 6.479970e-05
-35.000000 1.409713e-04
-34.750000 1.900273e-04
-34.500000 1.986776e-04
-34.250000 1.637534e-04
-34.000000 9.037422e-05
-33.750000 1.639513e-05
-33.500000 1.231551e-04
-33.250000 2.276597e-04
-33.000000 3.105232e-04
-32.750000 3.617377e-04
-32.500000 3.790913e-04
-32.250000 3.698791e-04
-32.000000 3.518235e-04
-31.750000 3.494468e-04
-31.500000 3.787567e-04
-31.250000 4.325056e-04
-31.000000 4.891349e-04
-30.750000 5.281815e-04
-30.500000 5.358345e-04
-30.250000 5.058319e-04
-30.000000 4.403357e-04
-29.750000 3.527411e-04
-29.500000 2.757891e-04
-29.250000 2.648165e-04
-29.000000 3.327066e-04
-28.750000 4.271792e-04
-28.500000 5.078120e-04
-28.250000 5.559689e-04
-28.000000 5.650297e-04
-27.750000 5.358872e-04
-27.500000 4.747193e-04
-27.250000 3.920169e-04
-27.000000 3.036547e-04
-26.750000 2.347617e-04
-26.500000 2.148344e-04
-26.250000 2.384332e-04
-26.000000 2.638790e-04
-25.750000 2.593458e-04
-25.500000 2.133157e-04
-25.250000 1.450515e-04
-25.000000 1.618547e-04
-24.750000 2.989610e-04
-24.500000 4.598049e-04
-24.250000 5.957992e-04
-24.000000 6.772975e-04
-23.750000 6.869708e-04
-23.500000 6.229135e-04
-23.250000 5.029981e-04
-23.000000 3.733084e-04
-22.750000 3.183684e-04
-22.500000 3.788965e-04
-22.250000 4.764938e-04
-22.000000 5.572691e-04
-21.750000 6.287108e-04
-21.500000 7.318507e-04
-21.250000 8.950781e-04
-21.000000 1.101713e-03
-20.750000 1.306382e-03
-20.500000 1.463786e-03
-20.250000 1.545315e-03
-20.000000 1.547379e-03
-19.750000 1.494257e-03
-19.500000 1.432170e-03
-19.250000 1.407608e-03
-19.000000 1.435101e-03
-18.750000 1.487603e-03
-18.500000 1.524434e-03
-18.250000 1.523999e-03
-18.000000 1.497704e-03
-17.750000 1.483988e-03
-17.500000 1.522110e-03
-17.250000 1.618768e-03
-17.000000 1.742725e-03
-16.750000 1.851832e-03
-16.500000 1.918887e-03
-16.250000 1.940072e-03
-16.000000 1.929484e-03
-15.750000 1.905376e-03
-15.500000 1.875276e-03
-15.250000 1.829768e-03
-15.000000 1.749249e-03
-14.750000 1.616996e-03
-14.500000 1.428901e-03
-14.250000 1.195973e-03
-14.000000 9.414854e-04
-13.750000 6.984535e-04
-13.500000 5.187768e-04
-13.250000 4.875959e-04
-13.000000 6.317223e-04
-12.750000 8.729174e-04
-12.500000 1.148048e-03
-12.250000 1.418781e-03
-12.000000 1.655141e-03
-11.750000 1.834390e-03
-11.500000 1.944502e-03
-11.250000 1.986345e-03
-11.000000 1.972705e-03
-10.750000 1.924116e-03
-10.500000 1.862743e-03
-10.250000 1.806376e-03
-10.000000 1.764445e-03
-9.750000 1.736550e-03
-9.500000 1.712719e-03
-9.250000 1.675188e-03
-9.000000 1.603058e-03
-8.750000 1.481639e-03
-8.500000 1.318793e-03
-8.250000 1.172302e-03
-8.000000 1.169516e-03
-7.750000 1.413234e-03
-7.500000 1.852035e-03
-7.250000 2.371242e-03
-7.000000 2.880291e-03
-6.750000 3.317489e-03
-6.500000 3.644659e-03
-6.250000 3.845222e-03
-6.000000 3.922605e-03
-5.750000 3.897036e-03
-5.500000 3.800442e-03
-5.250000 3.669987e-03
-5.000000 3.541179e-03
-4.750000 3.441637e-03
-4.500000 3.386584e-03
-4.250000 3.376875e-03
-4.000000 3.399694e-03
-3.750000 3.431385e-03
-3.500000 3.441615e-03
-3.250000 3.398326e-03
-3.000000 3.273025e-03
-2.750000 3.045894e-03
-2.500000 2.710044e-03
-2.250000 2.274193e-03
-2.000000 1.763331e-03
-1.750000 1.217850e-03
-1.500000 6.961345e-04
-1.250000 3.296524e-04
-1.000000 4.207085e-04
-0.750000 6.579628e-04
-0.500000 8.114268e-04
-0.250000 8.669307e-04
0.000000 8.538883e-04
0.250000 8.163325e-04
0.500000 7.903379e-04
0.750000 7.861876e-04
1.000000 7.987536e-04
1.250000 8.389061e-04
1.500000 9.425003e-04
1.750000 1.133122e-03
2.000000 1.386859e-03
2.250000 1.646819e-03
2.500000 1.852114e-03
2.750000 1.954585e-03
3.000000 1.926888e-03
3.250000 1.765825e-03
3.500000 1.491336e-03
3.750000 1.141237e-03
4.000000 7.624089e-04
4.250000 3.998589e-04
4.500000 8.735171e-05
4.750000 1.774174e-04
5.000000 3.946875e-04
5.250000 6.000893e-04
5.500000 8.123718e-04
5.750000 1.028669e-03
6.000000 1.229325e-03
6.250000 1.391274e-03
6.500000 1.498396e-03
6.750000 1.545663e-03
7.000000 1.538038e-03
7.250000 1.486608e-03
7.500000 1.405143e-03
7.750000 1.309721e-03
8.000000 1.220858e-03
8.250000 1.162557e-03
8.500000 1.151064e-03
8.750000 1.178632e-03
9.000000 1.212640e-03
9.250000 1.213344e-03
9.500000 1.151895e-03
9.750000 1.019167e-03
10.000000 8.271217e-04
10.250000 6.052761e-04
10.500000 3.935503e-04
10.750000 2.322117e-04
11.000000 1.514050e-04
11.250000 1.768004e-04
11.500000 3.174200e-04
11.750000 5.454003e-04
12.000000 8.210205e-04
12.250000 1.098163e-03
12.500000 1.331599e-03
12.750000 1.486263e-03
13.000000 1.544773e-03
13.250000 1.511134e-03
13.500000 1.409243e-03
13.750000 1.275374e-03
14.000000 1.145208e-03
14.250000 1.040745e-03
14.500000 9.688143e-04
14.750000 9.353366e-04
15.000000 9.553954e-04
15.250000 1.036372e-03
15.500000 1.153913e-03
15.750000 1.258294e-03
16.000000 1.299615e-03
16.250000 1.247618e-03
16.500000 1.105727e-03
16.750000 9.286821e-04
17.000000 8.414163e-04
17.250000 9.576341e-04
17.500000 1.213862e-03
17.750000 1.477160e-03
18.000000 1.662345e-03
18.250000 1.729653e-03
18.500000 1.671878e-03
18.750000 1.506725e-03
19.000000 1.270706e-03
19.250000 1.015228e-03
19.500000 8.072572e-04
19.750000 7.206645e-04
20.000000 7.744187e-04
20.250000 9.005991e-04
20.500000 1.023438e-03
20.750000 1.095164e-03
21.000000 1.087499e-03
21.250000 9.862456e-04
21.500000 7.915989e-04
21.750000 5.196575e-04
22.000000 2.093516e-04
22.250000 1.890873e-04
22.500000 4.862866e-04
22.750000 7.402959e-04
23.000000 9.163264e-04
23.250000 1.007321e-03
23.500000 1.023457e-03
23.750000 9.858531e-04
24.000000 9.160585e-04
24.250000 8.247472e-04
24.500000 7.075420e-04
24.750000 5.524499e-04
25.000000 3.536652e-04
25.250000 1.352974e-04
25.500000 1.951534e-04
25.750000 4.368714e-04
26.000000 6.462232e-04
26.250000 7.852544e-04
26.500000 8.343785e-04
26.750000 7.896895e-04
27.000000 6.628356e-04
27.250000 4.783035e-04
27.500000 2.685145e-04
27.750000 7.176000e-05
28.000000 1.123016e-04
28.250000 2.272387e-04
28.500000 2.907635e-04
28.750000 3.126694e-04
29.000000 3.137398e-04
29.250000 3.123673e-04
29.500000 3.106076e-04
29.750000 2.946765e-04
30.000000 2.489842e-04
30.250000 1.666429e-04
30.500000 5.190765e-05
30.750000 8.374681e-05
31.000000 2.211041e-04
31.250000 3.435580e-04
31.500000 4.370739e-04
31.750000 4.940263e-04
32.000000 5.141040e-04
32.250000 5.035477e-04
32.500000 4.728886e-04
32.750000 4.337091e-04
33.000000 3.953144e-04
33.250000 3.626486e-04
33.500000 3.365516e-04
33.750000 3.158050e-04
34.000000 2.989406e-04
34.250000 2.846399e-04
34.500000 2.714053e-04
34.750000 2.575524e-04
35.000000 2.416222e-04
35.250000 2.227006e-04
35.500000 2.005399e-04
35.750000 1.760038e-04
36.000000 1.523389e-04
36.250000 1.364876e-04
36.500000 1.361624e-04
36.750000 1.506340e-04
37.000000 1.697953e-04
37.250000 1.836623e-04
37.500000 1.879162e-04
37.750000 1.850759e-04
38.000000 1.829432e-04
38.250000 1.880831e-04
38.500000 1.974801e-04
38.750000 1.991991e-04
39.000000 1.803575e-04
39.250000 1.328449e-04
39.500000 5.549945e-05
39.750000 4.735324e-05
40.000000 1.620888e-04
40.250000 2.751418e-04
40.500000 3.703244e-04
40.750000 4.335804e-04
41.000000 4.552549e-04
41.250000 4.317734e-04
41.500000 3.664817e-04
41.750000 2.704251e-04
42.000000 1.682675e-04
42.250000 1.319080e-04
42.500000 2.082491e-04
42.750000 3.076875e-04
43.000000 3.884207e-04
43.250000 4.368172e-04
43.500000 4.474286e-04
43.750000 4.199163e-04
44.000000 3.589227e-04
44.250000 2.754869e-04
44.500000 1.927899e-04
44.750000 1.595994e-04
45.000000 2.028058e-04
45.250000 2.682471e-04
45.500000 3.153718e-04
45.750000 3.291248e-04
46.000000 3.066352e-04
46.250000 2.535465e-04
46.500000 1.835234e-04
46.750000 1.220874e-04
47.000000 1.099269e-04
47.250000 1.410811e-04
47.500000 1.685252e-04
47.750000 1.724047e-04
48.000000 1.498682e-04
48.250000 1.064756e-04
48.500000 5.832372e-05
48.750000 6.161583e-05
49.000000 1.170446e-04
49.250000 1.757352e-04
49.500000 2.268674e-04
49.750000 2.668847e-04
50.000000 2.932100e-04
