-50.000000 2.673224e-03
-49.750000 2.701665e-03
-49.500000 2.764985e-03
-49.250000 2.858671e-03
-49.000000 2.977246e-03
-48.750000 3.115322e-03
-48.500000 3.268287e-03
-48.250000 3.432584e-03
-48.000000 3.605684e-03
-47.750000 3.785855e-03
-47.500000 3.971842e-03
-47.250000 4.162538e-03
-47.000000 4.356706e-03
-46.750000 4.552792e-03
-46.500000 4.748838e-03
-46.250000 4.942504e-03
-46.000000 5.131182e-03
-45.750000 5.312174e-03
-45.500000 5.482899e-03
-45.250000 5.641122e-03
-45.000000 5.785154e-03
-44.750000 5.914021e-03
-44.500000 6.027584e-03
-44.250000 6.126590e-03
-44.000000 6.212661e-03
-43.750000 6.288204e-03
-43.500000 6.356256e-03
-43.250000 6.420254e-03
-43.000000 6.483761e-03
-42.750000 6.550163e-03
-42.500000 6.622350e-03
-42.250000 6.702443e-03
-42.000000 6.791565e-03
-41.750000 6.889701e-03
-41.500000 6.995651e-03
-41.250000 7.107066e-03
-41.000000 7.220557e-03
-40.750000 7.331866e-03
-40.500000 7.436048e-03
-40.250000 7.527679e-03
-40.000000 7.601057e-03
-39.750000 7.650402e-03
-39.500000 7.670050e-03
-39.250000 7.654650e-03
-39.000000 7.599365e-03
-38.750000 7.500069e-03
-38.500000 7.353560e-03
-38.250000 7.157767e-03
-38.000000 6.911959e-03
-37.750000 6.616949e-03
-37.500000 6.275282e-03
-37.250000 5.891430e-03
-37.000000 5.471971e-03
-36.750000 5.025792e-03
-36.500000 4.564314e-03
-36.250000 4.101765e-03
-36.000000 3.655455e-03
-35.750000 3.245837e-03
-35.500000 2.895732e-03
-35.250000 2.627436e-03
-35.000000 2.456572e-03
-34.750000 2.384448e-03
-34.500000 2.395217e-03
-34.250000 2.462080e-03
-34.000000 2.557893e-03
-33.750000 2.663001e-03
-33.500000 2.768441e-03
-33.250000 2.876286e-03
-33.000000 2.998519e-03
-32.750000 3.154517e-03
-32.500000 3.366711e-03
-32.250000 3.654889e-03
-32.000000 4.031074e-03
-31.750000 4.497228e-03
-31.500000 5.046231e-03
-31.250000 5.664676e-03
-31.000000 6.335754e-03
-30.750000 7.041405e-03
-30.500000 7.763677e-03
-30.250000 8.485557e-03
-30.000000 9.191469e-03
-29.750000 9.867616e-03
-29.500000 1.050219e-02
-29.250000 1.108553e-02
-29.000000 1.161015e-02
-28.750000 1.207072e-02
-28.500000 1.246398e-02
-28.250000 1.278854e-02
-28.000000 1.304466e-02
-27.750000 1.323395e-02
-27.500000 1.335908e-02
-27.250000 1.342347e-02
-27.000000 1.343104e-02
-26.750000 1.338601e-02
-26.500000 1.329273e-02
-26.250000 1.315567e-02
-26.000000 1.297934e-02
-25.750000 1.276839e-02
-25.500000 1.252762e-02
-25.250000 1.226191e-02
-25.000000 1.197620e-02
-24.750000 1.167520e-02
-24.500000 1.136308e-02
-24.250000 1.104292e-02
-24.000000 1.071621e-02
-23.750000 1.038229e-02
-23.500000 1.003790e-02
-23.250000 9.677035e-03
-23.000000 9.291023e-03
-22.750000 8.868974e-03
-22.500000 8.398522e-03
-22.250000 7.866776e-03
-22.000000 7.261381e-03
-21.750000 6.571584e-03
-21.500000 5.789252e-03
-21.250000 4.909841e-03
-21.000000 3.933541e-03
-20.750000 2.867647e-03
-20.500000 1.737268e-03
-20.250000 7.122473e-04
-20.000000 1.124323e-03
-19.750000 2.390427e-03
-19.500000 3.751184e-03
-19.250000 5.127179e-03
-19.000000 6.482686e-03
-18.750000 7.787881e-03
-18.500000 9.014812e-03
-18.250000 1.013717e-02
-18.000000 1.113085e-02
-17.750000 1.197468e-02
-17.500000 1.265122e-02
-17.250000 1.314743e-02
-17.000000 1.345537e-02
-16.750000 1.357271e-02
-16.500000 1.350320e-02
-16.250000 1.325702e-02
-16.000000 1.285106e-02
-15.750000 1.230915e-02
-15.500000 1.166223e-02
-15.250000 1.094838e-02
-15.000000 1.021252e-02
-14.750000 9.505293e-03
-14.500000 8.879933e-03
-14.250000 8.386075e-03
-14.000000 8.060017e-03
-13.750000 7.914308e-03
-13.500000 7.932673e-03
-13.250000 8.074605e-03
-13.000000 8.287126e-03
-12.750000 8.516889e-03
-12.500000 8.718051e-03
-12.250000 8.855583e-03
-12.000000 8.905670e-03
-11.750000 8.854781e-03
-11.500000 8.698300e-03
-11.250000 8.439082e-03
-11.000000 8.086051e-03
-10.750000 7.652842e-03
-10.500000 7.156479e-03
-10.250000 6.616075e-03
-10.000000 6.051611e-03
-9.750000 5.482870e-03
-9.500000 4.928719e-03
-9.250000 4.407060e-03
-9.000000 3.935867e-03
-8.750000 3.535691e-03
-8.500000 3.233218e-03
-8.250000 3.063197e-03
-8.000000 3.063085e-03
-7.750000 3.258168e-03
-7.500000 3.648954e-03
-7.250000 4.214488e-03
-7.000000 4.925081e-03
-6.750000 5.751073e-03
-6.500000 6.665273e-03
-6.250000 7.642537e-03
-6.000000 8.658959e-03
-5.750000 9.691443e-03
-5.500000 1.071769e-02
-5.250000 1.171645e-02
-5.000000 1.266793e-02
-4.750000 1.355416e-02
-4.500000 1.435946e-02
-4.250000 1.507067e-02
-4.000000 1.567742e-02
-3.750000 1.617218e-02
-3.500000 1.655031e-02
-3.250000 1.680989e-02
-3.000000 1.695154e-02
-2.750000 1.697821e-02
-2.500000 1.689485e-02
-2.250000 1.670813e-02
-2.000000 1.642618e-02
-1.750000 1.605838e-02
-1.500000 1.561516e-02
-1.250000 1.510793e-02
-1.000000 1.454900e-02
-0.750000 1.395158e-02
-0.500000 1.332966e-02
-0.250000 1.269790e-02
0.000000 1.207127e-02
0.250000 1.146451e-02
0.500000 1.089122e-02
0.750000 1.036272e-02
1.000000 9.886651e-03
1.250000 9.465724e-03
1.500000 9.096843e-03
1.750000 8.771027e-03
2.000000 8.474276e-03
2.250000 8.189265e-03
2.500000 7.897557e-03
2.750000 7.581893e-03
3.000000 7.228280e-03
3.250000 6.827730e-03
3.500000 6.377712e-03
3.750000 5.883482e-03
4.000000 5.359529e-03
4.250000 4.831315e-03
4.500000 4.337027e-03
4.750000 3.927425e-03
5.000000 3.658517e-03
5.250000 3.571079e-03
5.500000 3.665041e-03
5.750000 3.894827e-03
6.000000 4.191991e-03
6.250000 4.489955e-03
6.500000 4.735137e-03
6.750000 4.888629e-03
7.000000 4.925413e-03
7.250000 4.834491e-03
7.500000 4.621409e-03
7.750000 4.314698e-03
8.000000 3.978392e-03
8.250000 3.728971e-03
8.500000 3.732238e-03
8.750000 4.128832e-03
9.000000 4.935045e-03
9.250000 6.064343e-03
9.500000 7.412842e-03
9.750000 8.895800e-03
10.000000 1.044746e-02
10.250000 1.201457e-02
10.500000 1.355194e-02
10.750000 1.502043e-02
11.000000 1.638611e-02
11.250000 1.762028e-02
11.500000 1.869967e-02
11.750000 1.960682e-02
12.000000 2.033035e-02
12.250000 2.086519e-02
12.500000 2.121259e-02
12.750000 2.138000e-02
13.000000 2.138064e-02
13.250000 2.123291e-02
13.500000 2.095948e-02
13.750000 2.058618e-02
14.000000 2.014051e-02
14.250000 1.965011e-02
14.500000 1.914091e-02
14.750000 1.863547e-02
15.000000 1.815139e-02
15.250000 1.770038e-02
15.500000 1.728785e-02
15.750000 1.691344e-02
16.000000 1.657221e-02
16.250000 1.625642e-02
16.500000 1.595745e-02
16.750000 1.566752e-02
17.000000 1.538108e-02
17.250000 1.509546e-02
17.500000 1.481093e-02
17.750000 1.453003e-02
18.000000 1.425651e-02
18.250000 1.399377e-02
18.500000 1.374334e-02
18.750000 1.350348e-02
19.000000 1.326836e-02
19.250000 1.302775e-02
19.500000 1.276757e-02
19.750000 1.247090e-02
20.000000 1.211948e-02
20.250000 1.169526e-02
20.500000 1.118188e-02
20.750000 1.056595e-02
21.000000 9.837926e-03
21.250000 8.992797e-03
21.500000 8.030365e-03
21.750000 6.955354e-03
22.000000 5.777373e-03
22.250000 4.511012e-03
22.500000 3.177070e-03
22.750000 1.811933e-03
23.000000 6.253808e-04
23.250000 1.282739e-03
23.500000 2.645921e-03
23.750000 4.017188e-03
24.000000 5.337114e-03
24.250000 6.577551e-03
24.500000 7.717163e-03
24.750000 8.738689e-03
25.000000 9.628631e-03
25.250000 1.037736e-02
25.500000 1.097925e-02
25.750000 1.143278e-02
26.000000 1.174050e-02
26.250000 1.190892e-02
26.500000 1.194825e-02
26.750000 1.187209e-02
27.000000 1.169697e-02
27.250000 1.144172e-02
27.500000 1.112679e-02
27.750000 1.077336e-02
28.000000 1.040231e-02
28.250000 1.003305e-02
28.500000 9.682244e-03
28.750000 9.362618e-03
29.000000 9.082011e-03
29.250000 8.842934e-03
29.500000 8.642786e-03
29.750000 8.474745e-03
30.000000 8.329153e-03
30.250000 8.195103e-03
30.500000 8.061929e-03
30.750000 7.920390e-03
31.000000 7.763462e-03
31.250000 7.586746e-03
31.500000 7.388583e-03
31.750000 7.169920e-03
32.000000 6.934042e-03
32.250000 6.686175e-03
32.500000 6.433027e-03
32.750000 6.182258e-03
33.000000 5.941885e-03
33.250000 5.719643e-03
33.500000 5.522321e-03
33.750000 5.355123e-03
34.000000 5.221173e-03
34.250000 5.121231e-03
34.500000 5.053734e-03
34.750000 5.015138e-03
35.000000 5.000499e-03
35.250000 5.004146e-03
35.500000 5.020320e-03
35.750000 5.043672e-03
36.000000 5.069604e-03
36.250000 5.094431e-03
36.500000 5.115437e-03
36.750000 5.130834e-03
37.000000 5.139688e-03
37.250000 5.141828e-03
37.500000 5.137755e-03
37.750000 5.128572e-03
38.000000 5.115925e-03
38.250000 5.101960e-03
38.500000 5.089274e-03
38.750000 5.080854e-03
39.000000 5.079981e-03
39.250000 5.090091e-03
39.500000 5.114576e-03
39.750000 5.156532e-03
40.000000 5.218480e-03
40.250000 5.302089e-03
40.500000 5.407943e-03
40.750000 5.535405e-03
41.000000 5.682587e-03
41.250000 5.846430e-03
41.500000 6.022896e-03
41.750000 6.207206e-03
42.000000 6.394118e-03
42.250000 6.578206e-03
42.500000 6.754113e-03
42.750000 6.916777e-03
43.000000 7.061625e-03
43.250000 7.184724e-03
43.500000 7.282896e-03
43.750000 7.353809e-03
44.000000 7.396020e-03
44.250000 7.408992e-03
44.500000 7.393086e-03
44.750000 7.349508e-03
45.000000 7.280236e-03
45.250000 7.187915e-03
45.500000 7.075720e-03
45.750000 6.947206e-03
46.000000 6.806133e-03
46.250000 6.656276e-03
46.500000 6.501247e-03
46.750000 6.344313e-03
47.000000 6.188243e-03
47.250000 6.035193e-03
47.500000 5.886634e-03
47.750000 5.743339e-03
48.000000 5.605423e-03
48.250000 5.472433e-03
48.500000 5.343478e-03
48.750000 5.217377e-03
49.000000 5.092817e-03
49.250000 4.968492e-03
49.500000 4.843224e-03
49.750000 4.716054e-03
50.000000 4.586295e-03
