-50.000000 2.007852e-02
-49.750000 1.928676e-02
-49.500000 1.849121e-02
-49.250000 1.771442e-02
-49.000000 1.698049e-02
-48.750000 1.631400e-02
-48.500000 1.573834e-02
-48.250000 1.527363e-02
-48.000000 1.493436e-02
-47.750000 1.472719e-02
-47.500000 1.464971e-02
-47.250000 1.469051e-02
-47.000000 1.483062e-02
-46.750000 1.504594e-02
-46.500000 1.530995e-02
-46.250000 1.559621e-02
-46.000000 1.588022e-02
-45.750000 1.614069e-02
-45.500000 1.636027e-02
-45.250000 1.652597e-02
-45.000000 1.662931e-02
-44.750000 1.666639e-02
-44.500000 1.663796e-02
-44.250000 1.654935e-02
-44.000000 1.641044e-02
-43.750000 1.623556e-02
-43.500000 1.604317e-02
-43.250000 1.585527e-02
-43.000000 1.569648e-02
-42.750000 1.559244e-02
-42.500000 1.556783e-02
-42.250000 1.564383e-02
-42.000000 1.583574e-02
-41.750000 1.615106e-02
-41.500000 1.658862e-02
-41.250000 1.713899e-02
-41.000000 1.778591e-02
-40.750000 1.850829e-02
-40.500000 1.928231e-02
-40.250000 2.008328e-02
-40.000000 2.088704e-02
-39.750000 2.167094e-02
-39.500000 2.241453e-02
-39.250000 2.309998e-02
-39.000000 2.371230e-02
-38.750000 2.423949e-02
-38.500000 2.467266e-02
-38.250000 2.500607e-02
-38.000000 2.523716e-02
-37.750000 2.536651e-02
-37.500000 2.539786e-02
-37.250000 2.533803e-02
-37.000000 2.519677e-02
-36.750000 2.498659e-02
-36.500000 2.472243e-02
-36.250000 2.442128e-02
-36.000000 2.410154e-02
-35.750000 2.378226e-02
-35.500000 2.348219e-02
-35.250000 2.321865e-02
-35.000000 2.300630e-02
-34.750000 2.285596e-02
-34.500000 2.277367e-02
-34.250000 2.276001e-02
-34.000000 2.280997e-02
-33.750000 2.291330e-02
-33.500000 2.305530e-02
-33.250000 2.321785e-02
-33.000000 2.338066e-02
-32.750000 2.352244e-02
-32.500000 2.362197e-02
-32.250000 2.365900e-02
-32.000000 2.361493e-02
-31.750000 2.347333e-02
-31.500000 2.322034e-02
-31.250000 2.284491e-02
-31.000000 2.233905e-02
-30.750000 2.169796e-02
-30.500000 2.092025e-02
-30.250000 2.000817e-02
-30.000000 1.896799e-02
-29.750000 1.781061e-02
-29.500000 1.655259e-02
-29.250000 1.521785e-02
-29.000000 1.384058e-02
-28.750000 1.246997e-02
-28.500000 1.117739e-02
-28.250000 1.006501e-02
-28.000000 9.268643e-03
-27.750000 8.936084e-03
-27.500000 9.166754e-03
-27.250000 9.953662e-03
-27.000000 1.119686e-02
-26.750000 1.276808e-02
-26.500000 1.455638e-02
-26.250000 1.647926e-02
-26.000000 1.847800e-02
-25.750000 2.051058e-02
-25.500000 2.254617e-02
-25.250000 2.456152e-02
-25.000000 2.653872e-02
-24.750000 2.846371e-02
-24.500000 3.032535e-02
-24.250000 3.211477e-02
-24.000000 3.382485e-02
-23.750000 3.544986e-02
-23.500000 3.698511e-02
-23.250000 3.842665e-02
-23.000000 3.977100e-02
-22.750000 4.101491e-02
-22.500000 4.215511e-02
-22.250000 4.318814e-02
-22.000000 4.411018e-02
-21.750000 4.491689e-02
-21.500000 4.560336e-02
-21.250000 4.616406e-02
-21.000000 4.659279e-02
-20.750000 4.688282e-02
-20.500000 4.702689e-02
-20.250000 4.701738e-02
-20.000000 4.684645e-02
-19.750000 4.650624e-02
-19.500000 4.598907e-02
-19.250000 4.528762e-02
-19.000000 4.439520e-02
-18.750000 4.330593e-02
-18.500000 4.201498e-02
-18.250000 4.051873e-02
-18.000000 3.881496e-02
-17.750000 3.690301e-02
-17.500000 3.478391e-02
-17.250000 3.246045e-02
-17.000000 2.993729e-02
-16.750000 2.722101e-02
-16.500000 2.432009e-02
-16.250000 2.124495e-02
-16.000000 1.800792e-02
-15.750000 1.462336e-02
-15.500000 1.110790e-02
-15.250000 7.482022e-03
-15.000000 3.781534e-03
-14.750000 7.289694e-04
-14.500000 4.037490e-03
-14.250000 7.912746e-03
-14.000000 1.182339e-02
-13.750000 1.573135e-02
-13.500000 1.961082e-02
-13.250000 2.343816e-02
-13.000000 2.719065e-02
-12.750000 3.084629e-02
-12.500000 3.438386e-02
-12.250000 3.778309e-02
-12.000000 4.102481e-02
-11.750000 4.409114e-02
-11.500000 4.696558e-02
-11.250000 4.963321e-02
-11.000000 5.208073e-02
-10.750000 5.429665e-02
-10.500000 5.627129e-02
-10.250000 5.799685e-02
-10.000000 5.946747e-02
-9.750000 6.067921e-02
-9.500000 6.163005e-02
-9.250000 6.231985e-02
-9.000000 6.275031e-02
-8.750000 6.292489e-02
-8.500000 6.284872e-02
-8.250000 6.252850e-02
-8.000000 6.197238e-02
-7.750000 6.118986e-02
-7.500000 6.019159e-02
-7.250000 5.898929e-02
-7.000000 5.759559e-02
-6.750000 5.602388e-02
-6.500000 5.428816e-02
-6.250000 5.240295e-02
-6.000000 5.038311e-02
-5.750000 4.824381e-02
-5.500000 4.600039e-02
-5.250000 4.366838e-02
-5.000000 4.126341e-02
-4.750000 3.880133e-02
-4.500000 3.629827e-02
-4.250000 3.377089e-02
-4.000000 3.123667e-02
-3.750000 2.871448e-02
-3.500000 2.622534e-02
-3.250000 2.379360e-02
-3.000000 2.144866e-02
-2.750000 1.922744e-02
-2.500000 1.717764e-02
-2.250000 1.536126e-02
-2.000000 1.385635e-02
-1.750000 1.275185e-02
-1.500000 1.212831e-02
-1.250000 1.202540e-02
-1.000000 1.241667e-02
-0.750000 1.321685e-02
-0.500000 1.431541e-02
-0.250000 1.560753e-02
0.000000 1.700790e-02
0.250000 1.845164e-02
0.500000 1.989029e-02
0.750000 2.128726e-02
1.000000 2.261420e-02
1.250000 2.384844e-02
1.500000 2.497129e-02
1.750000 2.596697e-02
2.000000 2.682179e-02
2.250000 2.752383e-02
2.500000 2.806256e-02
2.750000 2.842876e-02
3.000000 2.861441e-02
3.250000 2.861267e-02
3.500000 2.841792e-02
3.750000 2.802576e-02
4.000000 2.743309e-02
4.250000 2.663816e-02
4.500000 2.564066e-02
4.750000 2.444172e-02
5.000000 2.304410e-02
5.250000 2.145218e-02
5.500000 1.967213e-02
5.750000 1.771214e-02
6.000000 1.558274e-02
6.250000 1.329769e-02
6.500000 1.087609e-02
6.750000 8.348571e-03
7.000000 5.781469e-03
7.250000 3.411323e-03
7.500000 2.495787e-03
7.750000 4.330852e-03
8.000000 7.097510e-03
8.250000 1.008905e-02
8.500000 1.316107e-02
8.750000 1.625875e-02
9.000000 1.934835e-02
9.250000 2.240297e-02
9.500000 2.539864e-02
9.750000 2.831294e-02
10.000000 3.112462e-02
10.250000 3.381342e-02
10.500000 3.636022e-02
10.750000 3.874705e-02
11.000000 4.095727e-02
11.250000 4.297573e-02
11.500000 4.478889e-02
11.750000 4.638500e-02
12.000000 4.775419e-02
12.250000 4.888863e-02
12.500000 4.978261e-02
12.750000 5.043267e-02
13.000000 5.083761e-02
13.250000 5.099859e-02
13.500000 5.091917e-02
13.750000 5.060527e-02
14.000000 5.006524e-02
14.250000 4.930979e-02
14.500000 4.835197e-02
14.750000 4.720710e-02
15.000000 4.589276e-02
15.250000 4.442863e-02
15.500000 4.283647e-02
15.750000 4.113998e-02
16.000000 3.936471e-02
16.250000 3.753790e-02
16.500000 3.568826e-02
16.750000 3.384578e-02
17.000000 3.204128e-02
17.250000 3.030588e-02
17.500000 2.867021e-02
17.750000 2.716320e-02
18.000000 2.581059e-02
18.250000 2.463306e-02
18.500000 2.364429e-02
18.750000 2.284920e-02
19.000000 2.224299e-02
19.250000 2.181128e-02
19.500000 2.153153e-02
19.750000 2.137546e-02
20.000000 2.131194e-02
20.250000 2.130979e-02
20.500000 2.134002e-02
20.750000 2.137739e-02
21.000000 2.140124e-02
21.250000 2.139582e-02
21.500000 2.135017e-02
21.750000 2.125781e-02
22.000000 2.111624e-02
22.250000 2.092637e-02
22.500000 2.069188e-02
22.750000 2.041862e-02
23.000000 2.011385e-02
23.250000 1.978565e-02
23.500000 1.944217e-02
23.750000 1.909102e-02
24.000000 1.873869e-02
24.250000 1.839002e-02
24.500000 1.804793e-02
24.750000 1.771321e-02
25.000000 1.738462e-02
25.250000 1.705915e-02
25.500000 1.673254e-02
25.750000 1.639988e-02
26.000000 1.605644e-02
26.250000 1.569855e-02
26.500000 1.532445e-02
26.750000 1.493531e-02
27.000000 1.453608e-02
27.250000 1.413642e-02
27.500000 1.375138e-02
27.750000 1.340182e-02
28.000000 1.311422e-02
28.250000 1.291940e-02
28.500000 1.284994e-02
28.750000 1.293609e-02
29.000000 1.320104e-02
29.250000 1.365679e-02
29.500000 1.430228e-02
29.750000 1.512425e-02
30.000000 1.610009e-02
30.250000 1.720149e-02
30.500000 1.839759e-02
30.750000 1.965724e-02
31.000000 2.095040e-02
31.250000 2.224880e-02
31.500000 2.352632e-02
31.750000 2.475908e-02
32.000000 2.592544e-02
32.250000 2.700608e-02
32.500000 2.798395e-02
32.750000 2.884433e-02
33.000000 2.957489e-02
33.250000 3.016572e-02
33.500000 3.060941e-02
33.750000 3.090111e-02
34.000000 3.103860e-02
34.250000 3.102232e-02
34.500000 3.085544e-02
34.750000 3.054390e-02
35.000000 3.009641e-02
35.250000 2.952446e-02
35.500000 2.884233e-02
35.750000 2.806700e-02
36.000000 2.721812e-02
36.250000 2.631781e-02
36.500000 2.539039e-02
36.750000 2.446196e-02
37.000000 2.355971e-02
37.250000 2.271094e-02
37.500000 2.194171e-02
37.750000 2.127511e-02
38.000000 2.072938e-02
38.250000 2.031602e-02
38.500000 2.003841e-02
38.750000 1.989129e-02
39.000000 1.986131e-02
39.250000 1.992854e-02
39.500000 2.006865e-02
39.750000 2.025525e-02
40.000000 2.046205e-02
40.250000 2.066451e-02
40.500000 2.084110e-02
40.750000 2.097398e-02
41.000000 2.104946e-02
41.250000 2.105815e-02
41.500000 2.099499e-02
41.750000 2.085918e-02
42.000000 2.065405e-02
42.250000 2.038691e-02
42.500000 2.006877e-02
42.750000 1.971409e-02
43.000000 1.934027e-02
43.250000 1.896702e-02
43.500000 1.861546e-02
43.750000 1.830689e-02
44.000000 1.806128e-02
44.250000 1.789557e-02
44.500000 1.782202e-02
44.750000 1.784679e-02
45.000000 1.796928e-02
45.250000 1.818218e-02
45.500000 1.847229e-02
45.750000 1.882197e-02
46.000000 1.921079e-02
46.250000 1.961718e-02
46.500000 2.001982e-02
46.750000 2.039874e-02
47.000000 2.073616e-02
47.250000 2.101698e-02
47.500000 2.122919e-02
47.750000 2.136409e-02
48.000000 2.141645e-02
48.250000 2.138460e-02
48.500000 2.127055e-02
48.750000 2.108003e-02
49.000000 2.082252e-02
49.250000 2.051126e-02
49.500000 2.016311e-02
49.750000 1.979830e-02
50.000000 1.943997e-02
