-50.000000 3.539361e-04
-49.750000 4.103584e-04
-49.500000 4.729918e-04
-49.250000 5.397069e-04
-49.000000 6.088785e-04
-48.750000 6.792059e-04
-48.500000 7.495917e-04
-48.250000 8.190677e-04
-48.000000 8.867510e-04
-47.750000 9.518207e-04
-47.500000 1.013505e-03
-47.250000 1.071078e-03
-47.000000 1.123857e-03
-46.750000 1.171207e-03
-46.500000 1.212544e-03
-46.250000 1.247342e-03
-46.000000 1.275138e-03
-45.750000 1.295536e-03
-45.500000 1.308219e-03
-45.250000 1.312949e-03
-45.000000 1.309577e-03
-44.750000 1.298047e-03
-44.500000 1.278400e-03
-44.250000 1.250781e-03
-44.000000 1.215446e-03
-43.750000 1.172763e-03
-43.500000 1.123221e-03
-43.250000 1.067441e-03
-43.000000 1.006189e-03
-42.750000 9.403961e-04
-42.500000 8.711891e-04
-42.250000 7.999411e-04
-42.000000 7.283436e-04
-41.750000 6.585109e-04
-41.500000 5.931119e-04
-41.250000 5.354810e-04
-41.000000 4.895614e-04
-40.750000 4.593866e-04
-40.500000 4.478828e-04
-40.250000 4.554603e-04
-40.000000 4.796167e-04
-39.750000 5.160218e-04
-39.500000 5.600478e-04
-39.250000 6.077014e-04
-39.000000 6.558714e-04
-38.750000 7.022366e-04
-38.500000 7.450924e-04
-38.250000 7.831977e-04
-38.000000 8.156629e-04
-37.750000 8.418731e-04
-37.500000 8.614368e-04
-37.250000 8.741497e-04
-37.000000 8.799695e-04
-36.750000 8.789963e-04
-36.500000 8.714561e-04
-36.250000 8.576857e-04
-36.000000 8.381184e-04
-35.750000 8.132686e-04
-35.500000 7.837161e-04
-35.250000 7.500881e-04
-35.000000 7.130405e-04
-34.750000 6.732363e-04
-34.500000 6.313232e-04
-34.250000 5.879092e-04
-34.000000 5.435367e-04
-33.750000 4.986578e-04
-33.500000 4.536100e-04
-33.250000 4.085970e-04
-33.000000 3.636746e-04
-32.750000 3.187470e-04
-32.500000 2.735743e-04
-32.250000 2.277926e-04
-32.000000 1.809471e-04
-31.750000 1.325415e-04
-31.500000 8.212866e-05
-31.250000 2.993174e-05
-31.000000 2.978340e-05
-30.750000 8.839934e-05
-30.500000 1.515226e-04
-30.250000 2.184497e-04
-30.000000 2.890123e-04
-29.750000 3.629604e-04
-29.500000 4.399185e-04
-29.250000 5.193856e-04
-29.000000 6.007439e-04
-28.750000 6.832729e-04
-28.500000 7.661643e-04
-28.250000 8.485390e-04
-28.000000 9.294643e-04
-27.750000 1.007972e-03
-27.500000 1.083076e-03
-27.250000 1.153790e-03
-27.000000 1.219146e-03
-26.750000 1.278211e-03
-26.500000 1.330104e-03
-26.250000 1.374009e-03
-26.000000 1.409193e-03
-25.750000 1.435017e-03
-25.500000 1.450950e-03
-25.250000 1.456576e-03
-25.000000 1.451605e-03
-24.750000 1.435882e-03
-24.500000 1.409385e-03
-24.250000 1.372236e-03
-24.000000 1.324699e-03
-23.750000 1.267178e-03
-23.500000 1.200220e-03
-23.250000 1.124508e-03
-23.000000 1.040863e-03
-22.750000 9.502435e-04
-22.500000 8.537537e-04
-22.250000 7.526683e-04
-22.000000 6.484925e-04
-21.750000 5.431091e-04
-21.500000 4.391462e-04
-21.250000 3.409539e-04
-21.000000 2.572647e-04
-20.750000 2.065079e-04
-20.500000 2.113421e-04
-20.250000 2.654242e-04
-20.000000 3.428474e-04
-19.750000 4.278312e-04
-19.500000 5.136151e-04
-19.250000 5.972463e-04
-19.000000 6.773971e-04
-18.750000 7.535686e-04
-18.500000 8.257762e-04
-18.250000 8.944049e-04
-18.000000 9.601241e-04
-17.750000 1.023819e-03
-17.500000 1.086521e-03
-17.250000 1.149329e-03
-17.000000 1.213324e-03
-16.750000 1.279478e-03
-16.500000 1.348574e-03
-16.250000 1.421129e-03
-16.000000 1.497353e-03
-15.750000 1.577122e-03
-15.500000 1.659987e-03
-15.250000 1.745193e-03
-15.000000 1.831730e-03
-14.750000 1.918378e-03
-14.500000 2.003770e-03
-14.250000 2.086445e-03
-14.000000 2.164905e-03
-13.750000 2.237664e-03
-13.500000 2.303300e-03
-13.250000 2.360495e-03
-13.000000 2.408080e-03
-12.750000 2.445074e-03
-12.500000 2.470723e-03
-12.250000 2.484538e-03
-12.000000 2.486338e-03
-11.750000 2.476286e-03
-11.500000 2.454937e-03
-11.250000 2.423285e-03
-11.000000 2.382806e-03
-10.750000 2.335507e-03
-10.500000 2.283965e-03
-10.250000 2.231340e-03
-10.000000 2.181348e-03
-9.750000 2.138157e-03
-9.500000 2.106178e-03
-9.250000 2.089719e-03
-9.000000 2.092544e-03
-8.750000 2.117387e-03
-8.500000 2.165585e-03
-8.250000 2.236924e-03
-8.000000 2.329765e-03
-7.750000 2.441381e-03
-7.500000 2.568379e-03
-7.250000 2.707099e-03
-7.000000 2.853938e-03
-6.750000 3.005556e-03
-6.500000 3.159021e-03
-6.250000 3.311878e-03
-6.000000 3.462198e-03
-5.750000 3.608596e-03
-5.500000 3.750245e-03
-5.250000 3.886881e-03
-5.000000 4.018792e-03
-4.750000 4.146805e-03
-4.500000 4.272252e-03
-4.250000 4.396921e-03
-4.000000 4.522977e-03
-3.750000 4.652860e-03
-3.500000 4.789158e-03
-3.250000 4.934455e-03
-3.000000 5.091169e-03
-2.750000 5.261390e-03
-2.500000 5.446727e-03
-2.250000 5.648195e-03
-2.000000 5.866132e-03
-1.750000 6.100170e-03
-1.500000 6.349241e-03
-1.250000 6.611629e-03
-1.000000 6.885047e-03
-0.750000 7.166725e-03
-0.500000 7.453518e-03
-0.250000 7.742001e-03
0.000000 8.028569e-03
0.250000 8.309521e-03
0.500000 8.581138e-03
0.750000 8.839757e-03
1.000000 9.081827e-03
1.250000 9.303962e-03
1.500000 9.502987e-03
1.750000 9.675979e-03
2.000000 9.820300e-03
2.250000 9.933625e-03
2.500000 1.001397e-02
2.750000 1.005970e-02
3.000000 1.006956e-02
3.250000 1.004267e-02
3.500000 9.978565e-03
3.750000 9.877144e-03
4.000000 9.738713e-03
4.250000 9.563963e-03
4.500000 9.353963e-03
4.750000 9.110149e-03
5.000000 8.834306e-03
5.250000 8.528552e-03
5.500000 8.195312e-03
5.750000 7.837302e-03
6.000000 7.457496e-03
6.250000 7.059106e-03
6.500000 6.645553e-03
6.750000 6.220443e-03
7.000000 5.787544e-03
7.250000 5.350771e-03
7.500000 4.914171e-03
7.750000 4.481925e-03
8.000000 4.058360e-03
8.250000 3.647979e-03
8.500000 3.255516e-03
8.750000 2.886014e-03
9.000000 2.544909e-03
9.250000 2.238088e-03
9.500000 1.971776e-03
9.750000 1.752047e-03
10.000000 1.583638e-03
10.250000 1.468036e-03
10.500000 1.401633e-03
10.750000 1.375444e-03
11.000000 1.377055e-03
11.250000 1.393589e-03
11.500000 1.413930e-03
11.750000 1.429594e-03
12.000000 1.434680e-03
12.250000 1.425431e-03
12.500000 1.399773e-03
12.750000 1.356929e-03
13.000000 1.297160e-03
13.250000 1.221610e-03
13.500000 1.132255e-03
13.750000 1.031988e-03
14.000000 9.248830e-04
14.250000 8.167527e-04
14.500000 7.161038e-04
14.750000 6.352626e-04
15.000000 5.899184e-04
15.250000 5.933729e-04
15.500000 6.472069e-04
15.750000 7.406104e-04
16.000000 8.592749e-04
16.250000 9.916318e-04
16.500000 1.129728e-03
16.750000 1.268254e-03
17.000000 1.403605e-03
17.250000 1.533278e-03
17.500000 1.655528e-03
17.750000 1.769167e-03
18.000000 1.873448e-03
18.250000 1.967990e-03
18.500000 2.052721e-03
18.750000 2.127835e-03
19.000000 2.193751e-03
19.250000 2.251074e-03
19.500000 2.300545e-03
19.750000 2.343000e-03
20.000000 2.379317e-03
20.250000 2.410364e-03
20.500000 2.436950e-03
20.750000 2.459774e-03
21.000000 2.479386e-03
21.250000 2.496152e-03
21.500000 2.510229e-03
21.750000 2.521563e-03
22.000000 2.529890e-03
22.250000 2.534752e-03
22.500000 2.535530e-03
22.750000 2.531479e-03
23.000000 2.521773e-03
23.250000 2.505545e-03
23.500000 2.481938e-03
23.750000 2.450143e-03
24.000000 2.409439e-03
24.250000 2.359228e-03
24.500000 2.299064e-03
24.750000 2.228675e-03
25.000000 2.147988e-03
25.250000 2.057145e-03
25.500000 1.956522e-03
25.750000 1.846743e-03
26.000000 1.728712e-03
26.250000 1.603640e-03
26.500000 1.473108e-03
26.750000 1.339152e-03
27.000000 1.204420e-03
27.250000 1.072407e-03
27.500000 9.478301e-04
27.750000 8.370907e-04
28.000000 7.485430e-04
28.250000 6.916607e-04
28.500000 6.738729e-04
28.750000 6.961010e-04
29.000000 7.516254e-04
29.250000 8.299003e-04
29.500000 9.208585e-04
29.750000 1.016672e-03
30.000000 1.111705e-03
30.250000 1.201954e-03
30.500000 1.284544e-03
30.750000 1.357381e-03
31.000000 1.418935e-03
31.250000 1.468099e-03
31.500000 1.504106e-03
31.750000 1.526478e-03
32.000000 1.534985e-03
32.250000 1.529619e-03
32.500000 1.510577e-03
32.750000 1.478237e-03
33.000000 1.433148e-03
33.250000 1.376010e-03
33.500000 1.307662e-03
33.750000 1.229062e-03
34.000000 1.141277e-03
34.250000 1.045463e-03
34.500000 9.428520e-04
34.750000 8.347422e-04
35.000000 7.224905e-04
35.250000 6.075221e-04
35.500000 4.913779e-04
35.750000 3.758774e-04
36.000000 2.637227e-04
36.250000 1.614183e-04
36.500000 9.766855e-05
36.750000 1.334390e-04
37.000000 2.188723e-04
37.250000 3.103593e-04
37.500000 3.989871e-04
37.750000 4.821750e-04
38.000000 5.588065e-04
38.250000 6.283102e-04
38.500000 6.904138e-04
38.750000 7.450594e-04
39.000000 7.923674e-04
39.250000 8.326161e-04
39.500000 8.662264e-04
39.750000 8.937461e-04
40.000000 9.158325e-04
40.250000 9.332313e-04
40.500000 9.467509e-04
40.750000 9.572326e-04
41.000000 9.655152e-04
41.250000 9.723979e-04
41.500000 9.786005e-04
41.750000 9.847268e-04
42.000000 9.912331e-04
42.250000 9.984056e-04
42.500000 1.006351e-03
42.750000 1.014999e-03
43.000000 1.024121e-03
43.250000 1.033353e-03
43.500000 1.042233e-03
43.750000 1.050234e-03
44.000000 1.056803e-03
44.250000 1.061388e-03
44.500000 1.063473e-03
44.750000 1.062592e-03
45.000000 1.058351e-03
45.250000 1.050436e-03
45.500000 1.038622e-03
45.750000 1.022773e-03
46.000000 1.002843e-03
46.250000 9.788746e-04
46.500000 9.509916e-04
46.750000 9.193937e-04
47.000000 8.843490e-04
47.250000 8.461855e-04
47.500000 8.052829e-04
47.750000 7.620641e-04
48.000000 7.169881e-04
48.250000 6.705439e-04
48.500000 6.232473e-04
48.750000 5.756412e-04
49.000000 5.283021e-04
49.250000 4.818542e-04
49.500000 4.369950e-04
49.750000 3.945352e-04
50.000000 3.554531e-04
