-50.000000 1.909213e-03
-49.750000 1.740872e-03
-49.500000 1.588283e-03
-49.250000 1.476702e-03
-49.000000 1.432533e-03
-48.750000 1.472359e-03
-48.500000 1.593161e-03
-48.250000 1.775243e-03
-48.000000 1.993534e-03
-47.750000 2.225431e-03
-47.500000 2.452881e-03
-47.250000 2.661863e-03
-47.000000 2.841444e-03
-46.750000 2.983064e-03
-46.500000 3.080100e-03
-46.250000 3.127616e-03
-46.000000 3.122239e-03
-45.750000 3.062099e-03
-45.500000 2.946799e-03
-45.250000 2.777412e-03
-45.000000 2.556512e-03
-44.750000 2.288255e-03
-44.500000 1.978633e-03
-44.250000 1.636170e-03
-44.000000 1.274101e-03
-43.750000 9.180442e-04
-43.500000 6.362250e-04
-43.250000 5.939035e-04
-43.000000 8.366645e-04
-42.750000 1.195045e-03
-42.500000 1.577175e-03
-42.250000 1.949545e-03
-42.000000 2.295345e-03
-41.750000 2.603407e-03
-41.500000 2.865245e-03
-41.250000 3.074187e-03
-41.000000 3.225114e-03
-40.750000 3.314435e-03
-40.500000 3.340133e-03
-40.250000 3.301870e-03
-40.000000 3.201123e-03
-39.750000 3.041394e-03
-39.500000 2.828557e-03
-39.250000 2.571497e-03
-39.000000 2.283342e-03
-38.750000 1.983894e-03
-38.500000 1.704053e-03
-38.250000 1.491305e-03
-38.000000 1.405356e-03
-37.750000 1.483294e-03
-37.500000 1.703692e-03
-37.250000 2.010951e-03
-37.000000 2.355102e-03
-36.750000 2.701616e-03
-36.500000 3.027172e-03
-36.250000 3.315205e-03
-36.000000 3.553389e-03
-35.750000 3.732387e-03
-35.500000 3.845283e-03
-35.250000 3.887344e-03
-35.000000 3.855958e-03
-34.750000 3.750680e-03
-34.500000 3.573377e-03
-34.250000 3.328517e-03
-34.000000 3.023758e-03
-33.750000 2.671163e-03
-33.500000 2.289897e-03
-33.250000 1.912246e-03
-33.000000 1.595582e-03
-32.750000 1.432236e-03
-32.500000 1.506151e-03
-32.250000 1.799626e-03
-32.000000 2.223288e-03
-31.750000 2.702194e-03
-31.500000 3.190403e-03
-31.250000 3.659104e-03
-31.000000 4.088250e-03
-30.750000 4.462671e-03
-30.500000 4.770399e-03
-30.250000 5.001971e-03
-30.000000 5.150151e-03
-29.750000 5.209851e-03
-29.500000 5.178137e-03
-29.250000 5.054273e-03
-29.000000 4.839790e-03
-28.750000 4.538593e-03
-28.500000 4.157154e-03
-28.250000 3.704927e-03
-28.000000 3.195302e-03
-27.750000 2.648025e-03
-27.500000 2.095767e-03
-27.250000 1.602691e-03
-27.000000 1.303614e-03
-26.750000 1.367150e-03
-26.500000 1.755081e-03
-26.250000 2.291775e-03
-26.000000 2.868090e-03
-25.750000 3.431669e-03
-25.500000 3.953469e-03
-25.250000 4.414393e-03
-25.000000 4.800628e-03
-24.750000 5.102005e-03
-24.500000 5.311447e-03
-24.250000 5.424871e-03
-24.000000 5.441306e-03
-23.750000 5.363162e-03
-23.500000 5.196659e-03
-23.250000 4.952484e-03
-23.000000 4.646809e-03
-22.750000 4.302821e-03
-22.500000 3.952767e-03
-22.250000 3.639744e-03
-22.000000 3.416252e-03
-21.750000 3.333790e-03
-21.500000 3.421998e-03
-21.250000 3.672408e-03
-21.000000 4.044816e-03
-20.750000 4.487795e-03
-20.500000 4.953614e-03
-20.250000 5.403035e-03
-20.000000 5.804963e-03
-19.750000 6.134917e-03
-19.500000 6.373757e-03
-19.250000 6.506893e-03
-19.000000 6.523888e-03
-18.750000 6.418355e-03
-18.500000 6.188069e-03
-18.250000 5.835351e-03
-18.000000 5.367861e-03
-17.750000 4.800268e-03
-17.500000 4.157925e-03
-17.250000 3.485420e-03
-17.000000 2.866206e-03
-16.750000 2.454748e-03
-16.500000 2.451211e-03
-16.250000 2.904733e-03
-16.000000 3.660283e-03
-15.750000 4.556579e-03
-15.500000 5.494418e-03
-15.250000 6.413278e-03
-15.000000 7.271146e-03
-14.750000 8.035394e-03
-14.500000 8.679075e-03
-14.250000 9.179507e-03
-14.000000 9.517855e-03
-13.750000 9.679161e-03
-13.500000 9.652622e-03
-13.250000 9.432020e-03
-13.000000 9.016353e-03
-12.750000 8.410809e-03
-12.500000 7.628495e-03
-12.250000 6.693984e-03
-12.000000 5.651566e-03
-11.750000 4.586321e-03
-11.500000 3.677072e-03
-11.250000 3.268808e-03
-11.000000 3.680261e-03
-10.750000 4.767960e-03
-10.500000 6.197723e-03
-10.250000 7.758886e-03
-10.000000 9.335869e-03
-9.750000 1.085385e-02
-9.500000 1.225541e-02
-9.250000 1.349185e-02
-9.000000 1.452020e-02
-8.750000 1.530243e-02
-8.500000 1.580597e-02
-8.250000 1.600486e-02
-8.000000 1.588190e-02
-7.750000 1.543220e-02
-7.500000 1.466936e-02
-7.250000 1.363689e-02
-7.000000 1.243024e-02
-6.750000 1.123719e-02
-6.500000 1.039338e-02
-6.250000 1.037583e-02
-6.000000 1.157357e-02
-5.750000 1.400591e-02
-5.500000 1.742605e-02
-5.250000 2.157341e-02
-5.000000 2.625752e-02
-4.750000 3.134403e-02
-4.500000 3.673050e-02
-4.250000 4.233102e-02
-4.000000 4.806795e-02
-3.750000 5.386788e-02
-3.500000 5.965971e-02
-3.250000 6.537398e-02
-3.000000 7.094284e-02
-2.750000 7.630032e-02
-2.500000 8.138292e-02
-2.250000 8.613020e-02
-2.000000 9.048546e-02
-1.750000 9.439645e-02
-1.500000 9.781604e-02
-1.250000 1.007028e-01
-1.000000 1.030216e-01
-0.750000 1.047441e-01
-0.500000 1.058490e-01
-0.250000 1.063226e-01
0.000000 1.061587e-01
0.250000 1.053590e-01
0.500000 1.039328e-01
0.750000 1.018968e-01
1.000000 9.927528e-02
1.250000 9.609940e-02
1.500000 9.240685e-02
1.750000 8.824135e-02
2.000000 8.365201e-02
2.250000 7.869269e-02
2.500000 7.342128e-02
2.750000 6.789893e-02
3.000000 6.218933e-02
3.250000 5.635799e-02
3.500000 5.047161e-02
3.750000 4.459764e-02
4.000000 3.880416e-02
4.250000 3.316037e-02
4.500000 2.773836e-02
4.750000 2.261750e-02
5.000000 1.789496e-02
5.250000 1.371049e-02
5.500000 1.030243e-02
5.750000 8.086951e-03
6.000000 7.501599e-03
6.250000 8.341861e-03
6.500000 9.841666e-03
6.750000 1.142953e-02
7.000000 1.283419e-02
7.250000 1.393940e-02
7.500000 1.469876e-02
7.750000 1.510011e-02
8.000000 1.515048e-02
8.250000 1.486917e-02
8.500000 1.428429e-02
8.750000 1.343089e-02
9.000000 1.235020e-02
9.250000 1.108971e-02
9.500000 9.704773e-03
9.750000 8.262849e-03
10.000000 6.853359e-03
10.250000 5.607469e-03
10.500000 4.722597e-03
10.750000 4.424495e-03
11.000000 4.771694e-03
11.250000 5.563087e-03
11.500000 6.546102e-03
11.750000 7.551051e-03
12.000000 8.480584e-03
12.250000 9.278407e-03
12.500000 9.911000e-03
12.750000 1.035878e-02
13.000000 1.061178e-02
13.250000 1.066749e-02
13.500000 1.052956e-02
13.750000 1.020707e-02
14.000000 9.714057e-03
14.250000 9.069277e-03
14.500000 8.296288e-03
14.750000 7.424079e-03
15.000000 6.488744e-03
15.250000 5.537278e-03
15.500000 4.635327e-03
15.750000 3.879952e-03
16.000000 3.405257e-03
16.250000 3.330816e-03
16.500000 3.647023e-03
16.750000 4.215242e-03
17.000000 4.888714e-03
17.250000 5.568082e-03
17.500000 6.193247e-03
17.750000 6.727612e-03
18.000000 7.148502e-03
18.250000 7.442272e-03
18.500000 7.601841e-03
18.750000 7.625401e-03
19.000000 7.515703e-03
19.250000 7.279662e-03
19.500000 6.928173e-03
19.750000 6.476136e-03
20.000000 5.942793e-03
20.250000 5.352558e-03
20.500000 4.736705e-03
20.750000 4.136291e-03
21.000000 3.606004e-03
21.250000 3.214856e-03
21.500000 3.031302e-03
21.750000 3.084605e-03
22.000000 3.337966e-03
22.250000 3.714418e-03
22.500000 4.138996e-03
22.750000 4.555780e-03
23.000000 4.926604e-03
23.250000 5.225917e-03
23.500000 5.436829e-03
23.750000 5.548685e-03
24.000000 5.555663e-03
24.250000 5.455943e-03
24.500000 5.251219e-03
24.750000 4.946397e-03
25.000000 4.549482e-03
25.250000 4.071705e-03
25.500000 3.528153e-03
25.750000 2.939670e-03
26.000000 2.338247e-03
26.250000 1.782727e-03
26.500000 1.397483e-03
26.750000 1.372578e-03
27.000000 1.723452e-03
27.250000 2.262735e-03
27.500000 2.856417e-03
27.750000 3.441988e-03
28.000000 3.987206e-03
28.250000 4.472283e-03
28.500000 4.883673e-03
28.750000 5.211794e-03
29.000000 5.450124e-03
29.250000 5.594805e-03
29.500000 5.644473e-03
29.750000 5.600157e-03
30.000000 5.465222e-03
30.250000 5.245345e-03
30.500000 4.948534e-03
30.750000 4.585240e-03
31.000000 4.168649e-03
31.250000 3.715342e-03
31.500000 3.246623e-03
31.750000 2.791012e-03
32.000000 2.388090e-03
32.250000 2.090995e-03
32.500000 1.955920e-03
32.750000 2.006978e-03
33.000000 2.210653e-03
33.250000 2.502696e-03
33.500000 2.825767e-03
33.750000 3.140281e-03
34.000000 3.420760e-03
34.250000 3.650948e-03
34.500000 3.820652e-03
34.750000 3.924012e-03
35.000000 3.958574e-03
35.250000 3.924815e-03
35.500000 3.825920e-03
35.750000 3.667734e-03
36.000000 3.458898e-03
36.250000 3.211187e-03
36.500000 2.940142e-03
36.750000 2.666005e-03
37.000000 2.414635e-03
37.250000 2.217053e-03
37.500000 2.104544e-03
37.750000 2.097252e-03
38.000000 2.192812e-03
38.250000 2.367409e-03
38.500000 2.588235e-03
38.750000 2.824524e-03
39.000000 3.051732e-03
39.250000 3.251518e-03
39.500000 3.410553e-03
39.750000 3.519416e-03
40.000000 3.571818e-03
40.250000 3.564107e-03
40.500000 3.494955e-03
40.750000 3.365184e-03
41.000000 3.177683e-03
41.250000 2.937439e-03
41.500000 2.651763e-03
41.750000 2.330892e-03
42.000000 1.989445e-03
42.250000 1.649813e-03
42.500000 1.349425e-03
42.750000 1.150536e-03
43.000000 1.125281e-03
43.250000 1.284270e-03
43.500000 1.561716e-03
43.750000 1.889261e-03
44.000000 2.224540e-03
44.250000 2.542949e-03
44.500000 2.829105e-03
44.750000 3.072640e-03
45.000000 3.266335e-03
45.250000 3.405290e-03
45.500000 3.486541e-03
45.750000 3.508875e-03
46.000000 3.472738e-03
46.250000 3.380203e-03
46.500000 3.234965e-03
46.750000 3.042411e-03
47.000000 2.809763e-03
47.250000 2.546429e-03
47.500000 2.264670e-03
47.750000 1.980858e-03
48.000000 1.717490e-03
48.250000 1.505193e-03
48.500000 1.380215e-03
48.750000 1.369158e-03
49.000000 1.467837e-03
49.250000 1.643501e-03
49.500000 1.857729e-03
49.750000 2.080444e-03
50.000000 2.291153e-03
