-50.000000 1.762607e-04
-49.750000 2.009286e-04
-49.500000 2.297157e-04
-49.250000 2.616601e-04
-49.000000 2.958200e-04
-48.750000 3.312450e-04
-48.500000 3.669602e-04
-48.250000 4.019669e-04
-48.000000 4.352554e-04
-47.750000 4.658264e-04
-47.500000 4.927164e-04
-47.250000 5.150255e-04
-47.000000 5.319449e-04
-46.750000 5.427833e-04
-46.500000 5.469901e-04
-46.250000 5.441758e-04
-46.000000 5.341276e-04
-45.750000 5.168214e-04
-45.500000 4.924283e-04
-45.250000 4.613170e-04
-45.000000 4.240522e-04
-44.750000 3.813923e-04
-44.500000 3.342881e-04
-44.250000 2.838958e-04
-44.000000 2.316301e-04
-43.750000 1.793428e-04
-43.500000 1.299290e-04
-43.250000 8.948682e-05
-43.000000 7.209871e-05
-42.750000 8.726377e-05
-42.500000 1.184410e-04
-42.250000 1.515014e-04
-42.000000 1.811231e-04
-41.750000 2.051104e-04
-41.500000 2.223667e-04
-41.250000 2.323263e-04
-41.000000 2.347718e-04
-40.750000 2.297634e-04
-40.500000 2.176030e-04
-40.250000 1.988096e-04
-40.000000 1.740954e-04
-39.750000 1.443427e-04
-39.500000 1.105813e-04
-39.250000 7.398595e-05
-39.000000 3.606162e-05
-38.750000 1.003883e-05
-38.500000 4.354424e-05
-38.250000 7.966154e-05
-38.000000 1.131486e-04
-37.750000 1.428338e-04
-37.500000 1.678574e-04
-37.250000 1.875676e-04
-37.000000 2.015240e-04
-36.750000 2.095119e-04
-36.500000 2.115552e-04
-36.250000 2.079287e-04
-36.000000 1.991696e-04
-35.750000 1.860940e-04
-35.500000 1.698261e-04
-35.250000 1.518513e-04
-35.000000 1.340938e-04
-34.750000 1.189580e-04
-34.500000 1.090812e-04
-34.250000 1.064066e-04
-34.000000 1.109634e-04
-33.750000 1.209182e-04
-33.500000 1.340126e-04
-33.250000 1.487313e-04
-33.000000 1.646286e-04
-32.750000 1.822247e-04
-32.500000 2.027354e-04
-32.250000 2.276836e-04
-32.000000 2.584488e-04
-31.750000 2.958919e-04
-31.500000 3.401800e-04
-31.250000 3.908135e-04
-31.000000 4.467637e-04
-30.750000 5.066299e-04
-30.500000 5.687713e-04
-30.250000 6.314101e-04
-30.000000 6.927140e-04
-29.750000 7.508682e-04
-29.500000 8.041434e-04
-29.250000 8.509621e-04
-29.000000 8.899668e-04
-28.750000 9.200877e-04
-28.500000 9.406119e-04
-28.250000 9.512531e-04
-28.000000 9.522214e-04
-27.750000 9.442913e-04
-27.500000 9.288630e-04
-27.250000 9.080043e-04
-27.000000 8.844489e-04
-26.750000 8.615031e-04
-26.500000 8.427997e-04
-26.250000 8.318433e-04
-26.000000 8.313758e-04
-25.750000 8.427308e-04
-25.500000 8.654573e-04
-25.250000 8.973965e-04
-25.000000 9.351492e-04
-24.750000 9.746865e-04
-24.500000 1.011880e-03
-24.250000 1.042861e-03
-24.000000 1.064229e-03
-23.750000 1.073156e-03
-23.500000 1.067437e-03
-23.250000 1.045513e-03
-23.000000 1.006483e-03
-22.750000 9.501102e-04
-22.500000 8.768400e-04
-22.250000 7.878247e-04
-22.000000 6.850046e-04
-21.750000 5.713286e-04
-21.500000 4.514139e-04
-21.250000 3.337218e-04
-21.000000 2.381588e-04
-20.750000 2.096288e-04
-20.500000 2.706282e-04
-20.250000 3.751369e-04
-20.000000 4.885967e-04
-19.750000 5.970156e-04
-19.500000 6.934870e-04
-19.250000 7.736295e-04
-19.000000 8.343052e-04
-18.750000 8.732370e-04
-18.500000 8.889022e-04
-18.250000 8.805221e-04
-18.000000 8.480962e-04
-17.750000 7.924730e-04
-17.500000 7.154922e-04
-17.250000 6.203100e-04
-17.000000 5.122484e-04
-16.750000 4.012647e-04
-16.500000 3.091277e-04
-16.250000 2.792719e-04
-16.000000 3.404081e-04
-15.750000 4.597717e-04
-15.500000 6.007061e-04
-15.250000 7.448802e-04
-15.000000 8.826114e-04
-14.750000 1.007594e-03
-14.500000 1.115140e-03
-14.250000 1.201598e-03
-14.000000 1.264171e-03
-13.750000 1.300866e-03
-13.500000 1.310492e-03
-13.250000 1.292661e-03
-13.000000 1.247783e-03
-12.750000 1.177034e-03
-12.500000 1.082306e-03
-12.250000 9.661201e-04
-12.000000 8.315127e-04
-11.750000 6.818853e-04
-11.500000 5.208418e-04
-11.250000 3.520977e-04
-11.000000 1.802722e-04
-10.750000 4.873480e-05
-10.500000 1.908611e-04
-10.250000 3.699979e-04
-10.000000 5.552422e-04
-9.750000 7.487879e-04
-9.500000 9.555445e-04
-9.250000 1.181679e-03
-9.000000 1.433733e-03
-8.750000 1.717764e-03
-8.500000 2.038606e-03
-8.250000 2.399358e-03
-8.000000 2.801141e-03
-7.750000 3.243060e-03
-7.500000 3.722311e-03
-7.250000 4.234357e-03
-7.000000 4.773129e-03
-6.750000 5.331248e-03
-6.500000 5.900246e-03
-6.250000 6.470791e-03
-6.000000 7.032916e-03
-5.750000 7.576261e-03
-5.500000 8.090314e-03
-5.250000 8.564667e-03
-5.000000 8.989262e-03
-4.750000 9.354656e-03
-4.500000 9.652273e-03
-4.250000 9.874662e-03
-4.000000 1.001574e-02
-3.750000 1.007107e-02
-3.500000 1.003805e-02
-3.250000 9.916261e-03
-3.000000 9.707685e-03
-2.750000 9.417059e-03
-2.500000 9.052275e-03
-2.250000 8.624887e-03
-2.000000 8.150786e-03
-1.750000 7.651028e-03
-1.500000 7.152754e-03
-1.250000 6.689782e-03
-1.000000 6.301945e-03
-0.750000 6.031465e-03
-0.500000 5.914976e-03
-0.250000 5.972762e-03
0.000000 6.201327e-03
0.250000 6.575083e-03
0.500000 7.055592e-03
0.750000 7.601548e-03
1.000000 8.175016e-03
1.250000 8.743806e-03
1.500000 9.281657e-03
1.750000 9.767603e-03
2.000000 1.018521e-02
2.250000 1.052191e-02
2.500000 1.076852e-02
2.750000 1.091889e-02
3.000000 1.096959e-02
3.250000 1.091970e-02
3.500000 1.077063e-02
3.750000 1.052595e-02
4.000000 1.019117e-02
4.250000 9.773645e-03
4.500000 9.282337e-03
4.750000 8.727691e-03
5.000000 8.121476e-03
5.250000 7.476684e-03
5.500000 6.807466e-03
5.750000 6.129170e-03
6.000000 5.458500e-03
6.250000 4.813824e-03
6.500000 4.215592e-03
6.750000 3.686580e-03
7.000000 3.251075e-03
7.250000 2.931301e-03
7.500000 2.739786e-03
7.750000 2.670738e-03
8.000000 2.698683e-03
8.250000 2.787547e-03
8.500000 2.902329e-03
8.750000 3.015551e-03
9.000000 3.108292e-03
9.250000 3.168787e-03
9.500000 3.190641e-03
9.750000 3.171347e-03
10.000000 3.111213e-03
10.250000 3.012591e-03
10.500000 2.879319e-03
10.750000 2.716301e-03
11.000000 2.529179e-03
11.250000 2.324067e-03
11.500000 2.107335e-03
11.750000 1.885440e-03
12.000000 1.664788e-03
12.250000 1.451634e-03
12.500000 1.252002e-03
12.750000 1.071583e-03
13.000000 9.155186e-04
13.250000 7.878803e-04
13.500000 6.906849e-04
13.750000 6.226201e-04
14.000000 5.784383e-04
14.250000 5.500434e-04
14.500000 5.288490e-04
14.750000 5.077998e-04
15.000000 4.821722e-04
15.250000 4.494438e-04
15.500000 4.088175e-04
15.750000 3.607526e-04
16.000000 3.066494e-04
16.250000 2.487909e-04
16.500000 1.908479e-04
16.750000 1.400170e-04
17.000000 1.123395e-04
17.250000 1.259609e-04
17.500000 1.705785e-04
17.750000 2.271838e-04
18.000000 2.871327e-04
18.250000 3.471409e-04
18.500000 4.057920e-04
18.750000 4.623404e-04
19.000000 5.162533e-04
19.250000 5.669947e-04
19.500000 6.139153e-04
19.750000 6.562030e-04
20.000000 6.928770e-04
20.250000 7.228171e-04
20.500000 7.448154e-04
20.750000 7.576453e-04
21.000000 7.601366e-04
21.250000 7.512518e-04
21.500000 7.301578e-04
21.750000 6.962912e-04
22.000000 6.494142e-04
22.250000 5.896653e-04
22.500000 5.176114e-04
22.750000 4.343319e-04
23.000000 3.416305e-04
23.250000 2.428204e-04
23.500000 1.469580e-04
23.750000 9.773263e-05
24.000000 1.610715e-04
24.250000 2.676937e-04
24.500000 3.809628e-04
24.750000 4.922858e-04
25.000000 5.975525e-04
25.250000 6.937748e-04
25.500000 7.784755e-04
25.750000 8.495615e-04
26.000000 9.053170e-04
26.250000 9.444282e-04
26.500000 9.660154e-04
26.750000 9.696642e-04
27.000000 9.554529e-04
27.250000 9.239775e-04
27.500000 8.763797e-04
27.750000 8.143890e-04
28.000000 7.404020e-04
28.250000 6.576444e-04
28.500000 5.705056e-04
28.750000 4.852019e-04
29.000000 4.108706e-04
29.250000 3.602611e-04
29.500000 3.461081e-04
29.750000 3.708493e-04
30.000000 4.232829e-04
30.250000 4.886462e-04
30.500000 5.558373e-04
30.750000 6.177523e-04
31.000000 6.699195e-04
31.250000 7.095134e-04
31.500000 7.348319e-04
31.750000 7.450405e-04
32.000000 7.400531e-04
32.250000 7.204868e-04
32.500000 6.876693e-04
32.750000 6.436991e-04
33.000000 5.915800e-04
33.250000 5.354587e-04
33.500000 4.809600e-04
33.750000 4.354083e-04
34.000000 4.071504e-04
34.250000 4.028077e-04
34.500000 4.233838e-04
34.750000 4.635471e-04
35.000000 5.151037e-04
35.250000 5.703963e-04
35.500000 6.234903e-04
35.750000 6.700814e-04
36.000000 7.071293e-04
36.250000 7.325592e-04
36.500000 7.450709e-04
36.750000 7.440246e-04
37.000000 7.293732e-04
37.250000 7.016255e-04
37.500000 6.618319e-04
37.750000 6.115991e-04
38.000000 5.531508e-04
38.250000 4.894750e-04
38.500000 4.246252e-04
38.750000 3.642393e-04
39.000000 3.160798e-04
39.250000 2.892593e-04
39.500000 2.897246e-04
39.750000 3.147621e-04
40.000000 3.550243e-04
40.250000 4.009582e-04
40.500000 4.456244e-04
40.750000 4.844655e-04
41.000000 5.145351e-04
41.250000 5.339571e-04
41.500000 5.416222e-04
41.750000 5.370237e-04
42.000000 5.201684e-04
42.250000 4.915287e-04
42.500000 4.520293e-04
42.750000 4.030771e-04
43.000000 3.466872e-04
43.250000 2.858495e-04
43.500000 2.255692e-04
43.750000 1.756190e-04
44.000000 1.540300e-04
44.250000 1.746007e-04
44.500000 2.254687e-04
44.750000 2.886274e-04
45.000000 3.541175e-04
45.250000 4.169486e-04
45.500000 4.742453e-04
45.750000 5.241337e-04
46.000000 5.653287e-04
46.250000 5.969692e-04
46.500000 6.185443e-04
46.750000 6.298540e-04
47.000000 6.309818e-04
47.250000 6.222712e-04
47.500000 6.043015e-04
47.750000 5.778621e-04
48.000000 5.439259e-04
48.250000 5.036223e-04
48.500000 4.582135e-04
48.750000 4.090767e-04
49.000000 3.577023e-04
49.250000 3.057213e-04
49.500000 2.549933e-04
49.750000 2.078131e-04
50.000000 1.673118e-04
