-50.000000 2.227867e-02
-49.750000 2.553953e-02
-49.500000 2.815154e-02
-49.250000 3.002159e-02
-49.000000 3.108331e-02
-48.750000 3.129646e-02
-48.500000 3.064741e-02
-48.250000 2.914979e-02
-48.000000 2.684535e-02
-47.750000 2.380580e-02
-47.500000 2.013793e-02
-47.250000 1.600024e-02
-47.000000 1.166421e-02
-46.750000 7.783962e-03
-46.500000 6.305754e-03
-46.250000 8.814596e-03
-46.000000 1.311133e-02
-45.750000 1.770425e-02
-45.500000 2.208549e-02
-45.250000 2.600625e-02
-45.000000 2.930081e-02
-44.750000 3.184544e-02
-44.500000 3.354778e-02
-44.250000 3.434438e-02
-44.000000 3.420066e-02
-43.750000 3.311168e-02
-43.500000 3.110298e-02
-43.250000 2.823205e-02
-43.000000 2.459172e-02
-42.750000 2.031996e-02
-42.500000 1.563290e-02
-42.250000 1.095497e-02
-42.000000 7.486966e-03
-41.750000 7.894245e-03
-41.500000 1.186817e-02
-41.250000 1.689767e-02
-41.000000 2.196699e-02
-40.750000 2.667971e-02
-40.500000 3.080655e-02
-40.250000 3.418316e-02
-40.000000 3.668457e-02
-39.750000 3.821860e-02
-39.500000 3.872467e-02
-39.250000 3.817435e-02
-39.000000 3.657220e-02
-38.750000 3.395683e-02
-38.500000 3.040274e-02
-38.250000 2.602491e-02
-38.000000 2.099328e-02
-37.750000 1.558514e-02
-37.500000 1.041481e-02
-37.250000 7.450315e-03
-37.000000 9.659306e-03
-36.750000 1.486852e-02
-36.500000 2.068322e-02
-36.250000 2.632850e-02
-36.000000 3.146076e-02
-35.750000 3.585850e-02
-35.500000 3.935550e-02
-35.250000 4.182439e-02
-35.000000 4.317298e-02
-34.750000 4.334427e-02
-34.500000 4.231752e-02
-34.250000 4.010952e-02
-34.000000 3.677613e-02
-33.750000 3.241531e-02
-33.500000 2.717528e-02
-33.250000 2.128130e-02
-33.000000 1.513994e-02
-32.750000 9.836367e-03
-32.500000 8.676737e-03
-32.250000 1.313590e-02
-32.000000 1.957042e-02
-31.750000 2.623015e-02
-31.500000 3.252162e-02
-31.250000 3.812713e-02
-31.000000 4.282160e-02
-30.750000 4.643089e-02
-30.500000 4.882178e-02
-30.250000 4.990045e-02
-30.000000 4.961351e-02
-29.750000 4.794974e-02
-29.500000 4.494195e-02
-29.250000 4.066977e-02
-29.000000 3.526559e-02
-28.750000 2.893122e-02
-28.500000 2.199446e-02
-28.250000 1.514105e-02
-28.000000 1.045165e-02
-27.750000 1.205815e-02
-27.500000 1.850393e-02
-27.250000 2.620520e-02
-27.000000 3.387545e-02
-26.750000 4.098402e-02
-26.500000 4.720343e-02
-26.250000 5.228899e-02
-26.000000 5.604918e-02
-25.750000 5.833893e-02
-25.500000 5.905947e-02
-25.250000 5.816025e-02
-25.000000 5.564150e-02
-24.750000 5.155747e-02
-24.500000 4.602176e-02
-24.250000 3.921997e-02
-24.000000 3.144649e-02
-23.750000 2.323331e-02
-23.500000 1.588598e-02
-23.250000 1.312892e-02
-23.000000 1.799887e-02
-22.750000 2.657055e-02
-22.500000 3.593100e-02
-22.250000 4.502560e-02
-22.000000 5.332421e-02
-21.750000 6.046414e-02
-21.500000 6.616395e-02
-21.250000 7.020125e-02
-21.000000 7.240822e-02
-20.750000 7.267278e-02
-20.500000 7.094134e-02
-20.250000 6.722226e-02
-20.000000 6.159015e-02
-19.750000 5.419352e-02
-19.500000 4.527368e-02
-19.250000 3.522417e-02
-19.000000 2.482308e-02
-18.750000 1.634033e-02
-18.500000 1.605809e-02
-18.250000 2.486659e-02
-18.000000 3.657513e-02
-17.750000 4.862135e-02
-17.500000 6.006320e-02
-17.250000 7.035076e-02
-17.000000 7.907074e-02
-16.750000 8.588743e-02
-16.500000 9.052961e-02
-16.250000 9.279055e-02
-16.000000 9.253211e-02
-15.750000 8.969004e-02
-15.500000 8.428020e-02
-15.250000 7.640700e-02
-15.000000 6.627932e-02
-14.750000 5.425177e-02
-14.500000 4.096136e-02
-14.250000 2.790311e-02
-14.000000 1.998233e-02
-13.750000 2.542064e-02
-13.500000 3.952947e-02
-13.250000 5.584962e-02
-13.000000 7.219618e-02
-12.750000 8.757785e-02
-12.500000 1.013211e-01
-12.250000 1.128810e-01
-12.000000 1.217964e-01
-11.750000 1.276826e-01
-11.500000 1.302360e-01
-11.250000 1.292426e-01
-11.000000 1.245886e-01
-10.750000 1.162741e-01
-10.500000 1.044345e-01
-10.250000 8.938414e-02
-10.000000 7.173660e-02
-9.750000 5.282363e-02
-9.500000 3.647354e-02
-9.250000 3.351045e-02
-9.000000 4.928548e-02
-8.750000 7.331094e-02
-8.500000 9.960706e-02
-8.250000 1.259164e-01
-8.000000 1.509468e-01
-7.750000 1.736944e-01
-7.500000 1.932786e-01
-7.250000 2.089010e-01
-7.000000 2.198422e-01
-6.750000 2.254720e-01
-6.500000 2.252661e-01
-6.250000 2.188284e-01
-6.000000 2.059220e-01
-5.750000 1.865245e-01
-5.500000 1.609470e-01
-5.250000 1.301708e-01
-5.000000 9.703608e-02
-4.750000 7.102467e-02
-4.500000 7.532882e-02
-4.250000 1.146469e-01
-4.000000 1.707255e-01
-3.750000 2.347213e-01
-3.500000 3.032774e-01
-3.250000 3.745096e-01
-3.000000 4.469646e-01
-2.750000 5.193371e-01
-2.500000 5.903862e-01
-2.250000 6.589154e-01
-2.000000 7.237758e-01
-1.750000 7.838788e-01
-1.500000 8.382116e-01
-1.250000 8.858548e-01
-1.000000 9.259987e-01
-0.750000 9.579585e-01
-0.500000 9.811870e-01
-0.250000 9.952858e-01
0.000000 1.000012e+00
0.250000 9.952858e-01
0.500000 9.811870e-01
0.750000 9.579585e-01
1.000000 9.259987e-01
1.250000 8.858548e-01
1.500000 8.382116e-01
1.750000 7.838788e-01
2.000000 7.237758e-01
2.250000 6.589154e-01
2.500000 5.903862e-01
2.750000 5.193371e-01
3.000000 4.469646e-01
3.250000 3.745096e-01
3.500000 3.032774e-01
3.750000 2.347213e-01
4.000000 1.707255e-01
4.250000 1.146469e-01
4.500000 7.532882e-02
4.750000 7.102467e-02
5.000000 9.703608e-02
5.250000 1.301708e-01
5.500000 1.609470e-01
5.750000 1.865245e-01
6.000000 2.059220e-01
6.250000 2.188284e-01
6.500000 2.252661e-01
6.750000 2.254720e-01
7.000000 2.198422e-01
7.250000 2.089010e-01
7.500000 1.932786e-01
7.750000 1.736944e-01
8.000000 1.509468e-01
8.250000 1.259164e-01
8.500000 9.960706e-02
8.750000 7.331094e-02
9.000000 4.928548e-02
9.250000 3.351045e-02
9.500000 3.647354e-02
9.750000 5.282363e-02
10.000000 7.173660e-02
10.250000 8.938414e-02
10.500000 1.044345e-01
10.750000 1.162741e-01
11.000000 1.245886e-01
11.250000 1.292426e-01
11.500000 1.302360e-01
11.750000 1.276826e-01
12.000000 1.217964e-01
12.250000 1.128810e-01
12.500000 1.013211e-01
12.750000 8.757785e-02
13.000000 7.219618e-02
13.250000 5.584962e-02
13.500000 3.952947e-02
13.750000 2.542064e-02
14.000000 1.998233e-02
14.250000 2.790311e-02
14.500000 4.096136e-02
14.750000 5.425177e-02
15.000000 6.627932e-02
15.250000 7.640700e-02
15.500000 8.428020e-02
15.750000 8.969004e-02
16.000000 9.253211e-02
16.250000 9.279055e-02
16.500000 9.052961e-02
16.750000 8.588743e-02
17.000000 7.907074e-02
17.250000 7.035076e-02
17.500000 6.006320e-02
17.750000 4.862135e-02
18.000000 3.657513e-02
18.250000 2.486659e-02
18.500000 1.605809e-02
18.750000 1.634033e-02
19.000000 2.482308e-02
19.250000 3.522417e-02
19.500000 4.527368e-02
19.750000 5.419352e-02
20.000000 6.159015e-02
20.250000 6.722226e-02
20.500000 7.094134e-02
20.750000 7.267278e-02
21.000000 7.240822e-02
21.250000 7.020125e-02
21.500000 6.616395e-02
21.750000 6.046414e-02
22.000000 5.332421e-02
22.250000 4.502560e-02
22.500000 3.593100e-02
22.750000 2.657055e-02
23.000000 1.799887e-02
23.250000 1.312892e-02
23.500000 1.588598e-02
23.750000 2.323331e-02
24.000000 3.144649e-02
24.250000 3.921997e-02
24.500000 4.602176e-02
24.750000 5.155747e-02
25.000000 5.564150e-02
25.250000 5.816025e-02
25.500000 5.905947e-02
25.750000 5.833893e-02
26.000000 5.604918e-02
26.250000 5.228899e-02
26.500000 4.720343e-02
26.750000 4.098402e-02
27.000000 3.387545e-02
27.250000 2.620520e-02
27.500000 1.850393e-02
27.750000 1.205815e-02
28.000000 1.045165e-02
28.250000 1.514105e-02
28.500000 2.199446e-02
28.750000 2.893122e-02
29.000000 3.526559e-02
29.250000 4.066977e-02
29.500000 4.494195e-02
29.750000 4.794974e-02
30.000000 4.961351e-02
30.250000 4.990045e-02
30.500000 4.882178e-02
30.750000 4.643089e-02
31.000000 4.282160e-02
31.250000 3.812713e-02
31.500000 3.252162e-02
31.750000 2.623015e-02
32.000000 1.957042e-02
32.250000 1.313590e-02
32.500000 8.676737e-03
32.750000 9.836367e-03
33.000000 1.513994e-02
33.250000 2.128130e-02
33.500000 2.717528e-02
33.750000 3.241531e-02
34.000000 3.677613e-02
34.250000 4.010952e-02
34.500000 4.231752e-02
34.750000 4.334427e-02
35.000000 4.317298e-02
35.250000 4.182439e-02
35.500000 3.935550e-02
35.750000 3.585850e-02
36.000000 3.146076e-02
36.250000 2.632850e-02
36.500000 2.068322e-02
36.750000 1.486852e-02
37.000000 9.659306e-03
37.250000 7.450315e-03
37.500000 1.041481e-02
37.750000 1.558514e-02
38.000000 2.099328e-02
38.250000 2.602491e-02
38.500000 3.040274e-02
38.750000 3.395683e-02
39.000000 3.657220e-02
39.250000 3.817435e-02
39.500000 3.872467e-02
39.750000 3.821860e-02
40.000000 3.668457e-02
40.250000 3.418316e-02
40.500000 3.080655e-02
40.750000 2.667971e-02
41.000000 2.196699e-02
41.250000 1.689767e-02
41.500000 1.186817e-02
41.750000 7.894245e-03
42.000000 7.486966e-03
42.250000 1.095497e-02
42.500000 1.563290e-02
42.750000 2.031996e-02
43.000000 2.459172e-02
43.250000 2.823205e-02
43.500000 3.110298e-02
43.750000 3.311168e-02
44.000000 3.420066e-02
44.250000 3.434438e-02
44.500000 3.354778e-02
44.750000 3.184544e-02
45.000000 2.930081e-02
45.250000 2.600625e-02
45.500000 2.208549e-02
45.750000 1.770425e-02
46.000000 1.311133e-02
46.250000 8.814596e-03
46.500000 6.305754e-03
46.750000 7.783962e-03
47.000000 1.166421e-02
47.250000 1.600024e-02
47.500000 2.013793e-02
47.750000 2.380580e-02
48.000000 2.684535e-02
48.250000 2.914979e-02
48.500000 3.064741e-02
48.750000 3.129646e-02
49.000000 3.108331e-02
49.250000 3.002159e-02
49.500000 2.815154e-02
49.750000 2.553953e-02
50.000000 2.227867e-02
