-50.000000 4.456973e-04
-49.750000 4.375486e-04
-49.500000 4.250133e-04
-49.250000 4.075229e-04
-49.000000 3.846532e-04
-48.750000 3.561966e-04
-48.500000 3.222233e-04
-48.250000 2.831438e-04
-48.000000 2.398032e-04
-47.750000 1.936973e-04
-47.500000 1.476127e-04
-47.250000 1.077136e-04
-47.000000 8.821395e-05
-46.750000 1.028627e-04
-46.500000 1.401250e-04
-46.250000 1.843721e-04
-46.000000 2.285118e-04
-45.750000 2.693396e-04
-45.500000 3.050778e-04
-45.250000 3.346208e-04
-45.000000 3.572915e-04
-44.750000 3.727461e-04
-44.500000 3.809245e-04
-44.250000 3.820111e-04
-44.000000 3.763942e-04
-43.750000 3.646225e-04
-43.500000 3.473576e-04
-43.250000 3.253296e-04
-43.000000 2.992994e-04
-42.750000 2.700395e-04
-42.500000 2.383463e-04
-42.250000 2.051125e-04
-42.000000 1.715192e-04
-41.750000 1.394871e-04
-41.500000 1.126565e-04
-41.250000 9.760569e-05
-41.000000 1.011796e-04
-40.750000 1.221613e-04
-40.500000 1.531525e-04
-40.250000 1.882061e-04
-40.000000 2.238123e-04
-39.750000 2.577308e-04
-39.500000 2.883038e-04
-39.250000 3.141920e-04
-39.000000 3.343033e-04
-38.750000 3.478035e-04
-38.500000 3.541689e-04
-38.250000 3.532618e-04
-38.000000 3.454302e-04
-37.750000 3.316370e-04
-37.500000 3.136315e-04
-37.250000 2.941527e-04
-37.000000 2.770636e-04
-36.750000 2.670826e-04
-36.500000 2.685977e-04
-36.250000 2.837339e-04
-36.000000 3.113207e-04
-35.750000 3.478665e-04
-35.500000 3.892856e-04
-35.250000 4.319577e-04
-35.000000 4.730501e-04
-34.750000 5.105197e-04
-34.500000 5.430466e-04
-34.250000 5.699769e-04
-34.000000 5.912758e-04
-33.750000 6.074764e-04
-33.500000 6.196018e-04
-33.250000 6.290417e-04
-33.000000 6.373723e-04
-32.750000 6.461208e-04
-32.500000 6.565042e-04
-32.250000 6.691974e-04
-32.000000 6.841923e-04
-31.750000 7.007920e-04
-31.500000 7.177318e-04
-31.250000 7.333846e-04
-31.000000 7.459894e-04
-30.750000 7.538581e-04
-30.500000 7.555355e-04
-30.250000 7.499097e-04
-30.000000 7.362762e-04
-29.750000 7.143640e-04
-29.500000 6.843333e-04
-29.250000 6.467492e-04
-29.000000 6.025380e-04
-28.750000 5.529308e-04
-28.500000 4.993999e-04
-28.250000 4.435920e-04
-28.000000 3.872656e-04
-27.750000 3.322396e-04
-27.500000 2.803582e-04
-27.250000 2.334752e-04
-27.000000 1.934336e-04
-26.750000 1.619495e-04
-26.500000 1.402102e-04
-26.250000 1.281268e-04
-26.000000 1.238840e-04
-25.750000 1.246678e-04
-25.500000 1.280349e-04
-25.250000 1.327110e-04
-25.000000 1.386586e-04
-24.750000 1.468158e-04
-24.500000 1.586960e-04
-24.250000 1.758768e-04
-24.000000 1.994992e-04
-23.750000 2.299855e-04
-23.500000 2.670429e-04
-23.250000 3.098172e-04
-23.000000 3.570434e-04
-22.750000 4.071384e-04
-22.500000 4.582552e-04
-22.250000 5.083266e-04
-22.000000 5.551191e-04
-21.750000 5.963055e-04
-21.500000 6.295594e-04
-21.250000 6.526699e-04
-21.000000 6.636774e-04
-20.750000 6.610304e-04
-20.500000 6.437750e-04
-20.250000 6.118012e-04
-20.000000 5.662089e-04
-19.750000 5.099305e-04
-19.500000 4.488863e-04
-19.250000 3.939566e-04
-19.000000 3.625360e-04
-18.750000 3.730262e-04
-18.500000 4.295470e-04
-18.250000 5.192411e-04
-18.000000 6.257937e-04
-17.750000 7.365554e-04
-17.500000 8.423558e-04
-17.250000 9.362257e-04
-17.000000 1.012665e-03
-16.750000 1.067372e-03
-16.500000 1.097223e-03
-16.250000 1.100401e-03
-16.000000 1.076628e-03
-15.750000 1.027541e-03
-15.500000 9.573100e-04
-15.250000 8.736851e-04
-15.000000 7.896402e-04
-14.750000 7.249855e-04
-14.500000 7.042643e-04
-14.250000 7.452882e-04
-14.000000 8.461941e-04
-13.750000 9.894433e-04
-13.500000 1.154990e-03
-13.250000 1.326621e-03
-13.000000 1.492307e-03
-12.750000 1.643195e-03
-12.500000 1.772833e-03
-12.250000 1.876754e-03
-12.000000 1.952261e-03
-11.750000 1.998292e-03
-11.500000 2.015284e-03
-11.250000 2.004969e-03
-11.000000 1.970069e-03
-10.750000 1.913877e-03
-10.500000 1.839701e-03
-10.250000 1.750229e-03
-10.000000 1.646875e-03
-9.750000 1.529247e-03
-9.500000 1.394856e-03
-9.250000 1.239193e-03
-9.000000 1.056176e-03
-8.750000 8.389410e-04
-8.500000 5.810631e-04
-8.250000 2.807967e-04
-8.000000 1.343605e-04
-7.750000 5.243095e-04
-7.500000 9.970091e-04
-7.250000 1.528449e-03
-7.000000 2.112955e-03
-6.750000 2.743701e-03
-6.500000 3.411832e-03
-6.250000 4.106513e-03
-6.000000 4.815196e-03
-5.750000 5.523981e-03
-5.500000 6.218036e-03
-5.250000 6.882069e-03
-5.000000 7.500833e-03
-4.750000 8.059633e-03
-4.500000 8.544859e-03
-4.250000 8.944488e-03
-4.000000 9.248576e-03
-3.750000 9.449719e-03
-3.500000 9.543477e-03
-3.250000 9.528758e-03
-3.000000 9.408173e-03
-2.750000 9.188363e-03
-2.500000 8.880317e-03
-2.250000 8.499680e-03
-2.000000 8.067040e-03
-1.750000 7.608106e-03
-1.500000 7.153517e-03
-1.250000 6.737778e-03
-1.000000 6.396486e-03
-0.750000 6.161133e-03
-0.500000 6.052021e-03
-0.250000 6.072130e-03
0.000000 6.205808e-03
0.250000 6.423477e-03
0.500000 6.689401e-03
0.750000 6.968545e-03
1.000000 7.230672e-03
1.250000 7.451979e-03
1.500000 7.615314e-03
1.750000 7.709742e-03
2.000000 7.729939e-03
2.250000 7.675544e-03
2.500000 7.550555e-03
2.750000 7.362722e-03
3.000000 7.122931e-03
3.250000 6.844524e-03
3.500000 6.542495e-03
3.750000 6.232528e-03
4.000000 5.929809e-03
4.250000 5.647646e-03
4.500000 5.395996e-03
4.750000 5.180186e-03
5.000000 5.000201e-03
5.250000 4.850836e-03
5.500000 4.722788e-03
5.750000 4.604385e-03
6.000000 4.483472e-03
6.250000 4.349032e-03
6.500000 4.192313e-03
6.750000 4.007455e-03
7.000000 3.791707e-03
7.250000 3.545390e-03
7.500000 3.271717e-03
7.750000 2.976576e-03
8.000000 2.668368e-03
8.250000 2.357966e-03
8.500000 2.058843e-03
8.750000 1.787253e-03
9.000000 1.561849e-03
9.250000 1.401062e-03
9.500000 1.316369e-03
9.750000 1.304142e-03
10.000000 1.345093e-03
10.250000 1.413553e-03
10.500000 1.486927e-03
10.750000 1.549283e-03
11.000000 1.590948e-03
11.250000 1.607051e-03
11.500000 1.596210e-03
11.750000 1.559585e-03
12.000000 1.500202e-03
12.250000 1.422464e-03
12.500000 1.331744e-03
12.750000 1.234027e-03
13.000000 1.135534e-03
13.250000 1.042253e-03
13.500000 9.593426e-04
13.750000 8.903923e-04
14.000000 8.367293e-04
14.250000 7.971047e-04
14.500000 7.680629e-04
14.750000 7.449174e-04
15.000000 7.228866e-04
15.250000 6.979471e-04
15.500000 6.672488e-04
15.750000 6.291765e-04
16.000000 5.832134e-04
16.250000 5.297259e-04
16.500000 4.697449e-04
16.750000 4.047881e-04
17.000000 3.367727e-04
17.250000 2.681285e-04
17.500000 2.024482e-04
17.750000 1.467765e-04
18.000000 1.169168e-04
18.250000 1.298825e-04
18.500000 1.737738e-04
18.750000 2.288174e-04
19.000000 2.859126e-04
19.250000 3.412386e-04
19.500000 3.926672e-04
19.750000 4.385901e-04
20.000000 4.775449e-04
20.250000 5.081113e-04
20.500000 5.289196e-04
20.750000 5.387097e-04
21.000000 5.364125e-04
21.250000 5.212400e-04
21.500000 4.927715e-04
21.750000 4.510349e-04
22.000000 3.965879e-04
22.250000 3.306315e-04
22.500000 2.552845e-04
22.750000 1.746721e-04
23.000000 1.015737e-04
23.250000 9.041492e-05
23.500000 1.602926e-04
23.750000 2.493083e-04
24.000000 3.382961e-04
24.250000 4.210846e-04
24.500000 4.938980e-04
24.750000 5.538288e-04
25.000000 5.985744e-04
25.250000 6.264211e-04
25.500000 6.362893e-04
25.750000 6.277932e-04
26.000000 6.013102e-04
26.250000 5.580728e-04
26.500000 5.003355e-04
26.750000 4.317456e-04
27.000000 3.582502e-04
27.250000 2.902772e-04
27.500000 2.462217e-04
27.750000 2.478135e-04
28.000000 2.959225e-04
28.250000 3.699805e-04
28.500000 4.519377e-04
28.750000 5.313150e-04
29.000000 6.019521e-04
29.250000 6.599091e-04
29.500000 7.025929e-04
29.750000 7.284071e-04
30.000000 7.366005e-04
30.250000 7.271870e-04
30.500000 7.008830e-04
30.750000 6.590426e-04
31.000000 6.035823e-04
31.250000 5.368910e-04
31.500000 4.617273e-04
31.750000 3.811068e-04
32.000000 2.981815e-04
32.250000 2.161167e-04
32.500000 1.379694e-04
32.750000 6.657279e-05
33.000000 4.460880e-06
33.250000 4.639173e-05
33.500000 8.428859e-05
33.750000 1.082448e-04
34.000000 1.178283e-04
34.250000 1.132360e-04
34.500000 9.535991e-05
34.750000 6.614210e-05
35.000000 3.233046e-05
35.250000 4.065988e-05
35.500000 9.145141e-05
35.750000 1.499267e-04
36.000000 2.100311e-04
36.250000 2.684801e-04
36.500000 3.224973e-04
36.750000 3.696339e-04
37.000000 4.078040e-04
37.250000 4.353535e-04
37.500000 4.511293e-04
37.750000 4.545419e-04
38.000000 4.456238e-04
38.250000 4.250928e-04
38.500000 3.944420e-04
38.750000 3.561012e-04
39.000000 3.137437e-04
39.250000 2.728103e-04
39.500000 2.409918e-04
39.750000 2.270723e-04
40.000000 2.358535e-04
40.250000 2.636309e-04
40.500000 3.016970e-04
40.750000 3.419804e-04
41.000000 3.787483e-04
41.250000 4.081939e-04
41.500000 4.278483e-04
41.750000 4.362157e-04
42.000000 4.325772e-04
42.250000 4.168861e-04
42.500000 3.897098e-04
42.750000 3.522090e-04
43.000000 3.061746e-04
43.250000 2.542113e-04
43.500000 2.003459e-04
43.750000 1.518817e-04
44.000000 1.232735e-04
44.250000 1.308736e-04
44.500000 1.681265e-04
44.750000 2.166829e-04
45.000000 2.659368e-04
45.250000 3.109176e-04
45.500000 3.490266e-04
45.750000 3.788101e-04
46.000000 3.995310e-04
46.250000 4.110006e-04
46.500000 4.134971e-04
46.750000 4.077144e-04
47.000000 3.947207e-04
47.250000 3.759186e-04
47.500000 3.530045e-04
47.750000 3.279177e-04
48.000000 3.027652e-04
48.250000 2.796860e-04
48.500000 2.606115e-04
48.750000 2.469088e-04
49.000000 2.390115e-04
49.250000 2.362715e-04
49.500000 2.371911e-04
49.750000 2.399132e-04
50.000000 2.426841e-04
