-50.000000 1.069817e-02
-49.750000 1.070472e-02
-49.500000 1.070573e-02
-49.250000 1.070113e-02
-49.000000 1.069088e-02
-48.750000 1.067493e-02
-48.500000 1.065323e-02
-48.250000 1.062574e-02
-48.000000 1.059240e-02
-47.750000 1.055319e-02
-47.500000 1.050805e-02
-47.250000 1.045697e-02
-47.000000 1.039989e-02
-46.750000 1.033680e-02
-46.500000 1.026766e-02
-46.250000 1.019246e-02
-46.000000 1.011116e-02
-45.750000 1.002375e-02
-45.500000 9.930222e-03
-45.250000 9.830554e-03
-45.000000 9.724741e-03
-44.750000 9.612779e-03
-44.500000 9.494668e-03
-44.250000 9.370412e-03
-44.000000 9.240019e-03
-43.750000 9.103502e-03
-43.500000 8.960880e-03
-43.250000 8.812176e-03
-43.000000 8.657422e-03
-42.750000 8.496653e-03
-42.500000 8.329915e-03
-42.250000 8.157259e-03
-42.000000 7.978748e-03
-41.750000 7.794453e-03
-41.500000 7.604459e-03
-41.250000 7.408864e-03
-41.000000 7.207779e-03
-40.750000 7.001337e-03
-40.500000 6.789691e-03
-40.250000 6.573019e-03
-40.000000 6.351530e-03
-39.750000 6.125470e-03
-39.500000 5.895130e-03
-39.250000 5.660856e-03
-39.000000 5.423064e-03
-38.750000 5.182256e-03
-38.500000 4.939042e-03
-38.250000 4.694175e-03
-38.000000 4.448584e-03
-37.750000 4.203435e-03
-37.500000 3.960196e-03
-37.250000 3.720734e-03
-37.000000 3.487434e-03
-36.750000 3.263349e-03
-36.500000 3.052371e-03
-36.250000 2.859406e-03
-36.000000 2.690467e-03
-35.750000 2.552589e-03
-35.500000 2.453369e-03
-35.250000 2.400015e-03
-35.000000 2.397994e-03
-34.750000 2.449779e-03
-34.500000 2.554339e-03
-34.250000 2.707663e-03
-34.000000 2.903982e-03
-33.750000 3.137018e-03
-33.500000 3.400860e-03
-33.250000 3.690394e-03
-33.000000 4.001401e-03
-32.750000 4.330489e-03
-32.500000 4.674966e-03
-32.250000 5.032698e-03
-32.000000 5.401990e-03
-31.750000 5.781483e-03
-31.500000 6.170079e-03
-31.250000 6.566878e-03
-31.000000 6.971136e-03
-30.750000 7.382228e-03
-30.500000 7.799621e-03
-30.250000 8.222859e-03
-30.000000 8.651540e-03
-29.750000 9.085312e-03
-29.500000 9.523858e-03
-29.250000 9.966890e-03
-29.000000 1.041415e-02
-28.750000 1.086538e-02
-28.500000 1.132037e-02
-28.250000 1.177891e-02
-28.000000 1.224077e-02
-27.750000 1.270579e-02
-27.500000 1.317376e-02
-27.250000 1.364451e-02
-27.000000 1.411786e-02
-26.750000 1.459364e-02
-26.500000 1.507169e-02
-26.250000 1.555184e-02
-26.000000 1.603392e-02
-25.750000 1.651779e-02
-25.500000 1.700328e-02
-25.250000 1.749024e-02
-25.000000 1.797851e-02
-24.750000 1.846793e-02
-24.500000 1.895836e-02
-24.250000 1.944964e-02
-24.000000 1.994163e-02
-23.750000 2.043416e-02
-23.500000 2.092709e-02
-23.250000 2.142028e-02
-23.000000 2.191356e-02
-22.750000 2.240679e-02
-22.500000 2.289982e-02
-22.250000 2.339251e-02
-22.000000 2.388469e-02
-21.750000 2.437624e-02
-21.500000 2.486699e-02
-21.250000 2.535680e-02
-21.000000 2.584552e-02
-20.750000 2.633301e-02
-20.500000 2.681912e-02
-20.250000 2.730370e-02
-20.000000 2.778661e-02
-19.750000 2.826770e-02
-19.500000 2.874682e-02
-19.250000 2.922384e-02
-19.000000 2.969860e-02
-18.750000 3.017097e-02
-18.500000 3.064080e-02
-18.250000 3.110795e-02
-18.000000 3.157228e-02
-17.750000 3.203365e-02
-17.500000 3.249191e-02
-17.250000 3.294693e-02
-17.000000 3.339858e-02
-16.750000 3.384670e-02
-16.500000 3.429117e-02
-16.250000 3.473186e-02
-16.000000 3.516861e-02
-15.750000 3.560132e-02
-15.500000 3.602983e-02
-15.250000 3.645402e-02
-15.000000 3.687376e-02
-14.750000 3.728892e-02
-14.500000 3.769937e-02
-14.250000 3.810499e-02
-14.000000 3.850565e-02
-13.750000 3.890123e-02
-13.500000 3.929161e-02
-13.250000 3.967666e-02
-13.000000 4.005627e-02
-12.750000 4.043032e-02
-12.500000 4.079869e-02
-12.250000 4.116128e-02
-12.000000 4.151796e-02
-11.750000 4.186863e-02
-11.500000 4.221317e-02
-11.250000 4.255149e-02
-11.000000 4.288347e-02
-10.750000 4.320902e-02
-10.500000 4.352802e-02
-10.250000 4.384039e-02
-10.000000 4.414602e-02
-9.750000 4.444482e-02
-9.500000 4.473669e-02
-9.250000 4.502155e-02
-9.000000 4.529930e-02
-8.750000 4.556986e-02
-8.500000 4.583314e-02
-8.250000 4.608907e-02
-8.000000 4.633755e-02
-7.750000 4.657851e-02
-7.500000 4.681188e-02
-7.250000 4.703759e-02
-7.000000 4.725555e-02
-6.750000 4.746571e-02
-6.500000 4.766800e-02
-6.250000 4.786234e-02
-6.000000 4.804869e-02
-5.750000 4.822699e-02
-5.500000 4.839717e-02
-5.250000 4.855918e-02
-5.000000 4.871298e-02
-4.750000 4.885851e-02
-4.500000 4.899572e-02
-4.250000 4.912458e-02
-4.000000 4.924504e-02
-3.750000 4.935707e-02
-3.500000 4.946063e-02
-3.250000 4.955568e-02
-3.000000 4.964220e-02
-2.750000 4.972016e-02
-2.500000 4.978953e-02
-2.250000 4.985030e-02
-2.000000 4.990243e-02
-1.750000 4.994592e-02
-1.500000 4.998076e-02
-1.250000 5.000692e-02
-1.000000 5.002441e-02
-0.750000 5.003322e-02
-0.500000 5.003333e-02
-0.250000 5.002476e-02
0.000000 5.000751e-02
0.250000 4.998158e-02
0.500000 4.994698e-02
0.750000 4.990371e-02
1.000000 4.985180e-02
1.250000 4.979126e-02
1.500000 4.972211e-02
1.750000 4.964437e-02
2.000000 4.955807e-02
2.250000 4.946322e-02
2.500000 4.935987e-02
2.750000 4.924804e-02
3.000000 4.912777e-02
3.250000 4.899910e-02
3.500000 4.886206e-02
3.750000 4.871671e-02
4.000000 4.856308e-02
4.250000 4.840122e-02
4.500000 4.823120e-02
4.750000 4.805305e-02
5.000000 4.786683e-02
5.250000 4.767261e-02
5.500000 4.747044e-02
5.750000 4.726039e-02
6.000000 4.704252e-02
6.250000 4.681690e-02
6.500000 4.658361e-02
6.750000 4.634271e-02
7.000000 4.609429e-02
7.250000 4.583841e-02
7.500000 4.557517e-02
7.750000 4.530463e-02
8.000000 4.502689e-02
8.250000 4.474204e-02
8.500000 4.445015e-02
8.750000 4.415133e-02
9.000000 4.384567e-02
9.250000 4.353326e-02
9.500000 4.321420e-02
9.750000 4.288859e-02
10.000000 4.255653e-02
10.250000 4.221812e-02
10.500000 4.187347e-02
10.750000 4.152269e-02
11.000000 4.116589e-02
11.250000 4.080317e-02
11.500000 4.043465e-02
11.750000 4.006045e-02
12.000000 3.968067e-02
12.250000 3.929544e-02
12.500000 3.890488e-02
12.750000 3.850910e-02
13.000000 3.810824e-02
13.250000 3.770240e-02
13.500000 3.729173e-02
13.750000 3.687634e-02
14.000000 3.645636e-02
14.250000 3.603193e-02
14.500000 3.560317e-02
14.750000 3.517021e-02
15.000000 3.473319e-02
15.250000 3.429225e-02
15.500000 3.384751e-02
15.750000 3.339911e-02
16.000000 3.294719e-02
16.250000 3.249190e-02
16.500000 3.203336e-02
16.750000 3.157172e-02
17.000000 3.110711e-02
17.250000 3.063969e-02
17.500000 3.016959e-02
17.750000 2.969696e-02
18.000000 2.922194e-02
18.250000 2.874468e-02
18.500000 2.826531e-02
18.750000 2.778400e-02
19.000000 2.730087e-02
19.250000 2.681609e-02
19.500000 2.632979e-02
19.750000 2.584213e-02
20.000000 2.535325e-02
20.250000 2.486331e-02
20.500000 2.437245e-02
20.750000 2.388082e-02
21.000000 2.338857e-02
21.250000 2.289586e-02
21.500000 2.240283e-02
21.750000 2.190964e-02
22.000000 2.141643e-02
22.250000 2.092337e-02
22.500000 2.043060e-02
22.750000 1.993828e-02
23.000000 1.944657e-02
23.250000 1.895561e-02
23.500000 1.846556e-02
23.750000 1.797659e-02
24.000000 1.748884e-02
24.250000 1.700248e-02
24.500000 1.651768e-02
24.750000 1.603459e-02
25.000000 1.555337e-02
25.250000 1.507420e-02
25.500000 1.459725e-02
25.750000 1.412269e-02
26.000000 1.365070e-02
26.250000 1.318145e-02
26.500000 1.271515e-02
26.750000 1.225199e-02
27.000000 1.179216e-02
27.250000 1.133589e-02
27.500000 1.088340e-02
27.750000 1.043492e-02
28.000000 9.990708e-03
28.250000 9.551047e-03
28.500000 9.116232e-03
28.750000 8.686594e-03
29.000000 8.262498e-03
29.250000 7.844356e-03
29.500000 7.432633e-03
29.750000 7.027867e-03
30.000000 6.630677e-03
30.250000 6.241794e-03
30.500000 5.862083e-03
30.750000 5.492580e-03
31.000000 5.134539e-03
31.250000 4.789486e-03
31.500000 4.459291e-03
31.750000 4.146246e-03
32.000000 3.853154e-03
32.250000 3.583407e-03
32.500000 3.341023e-03
32.750000 3.130591e-03
33.000000 2.957039e-03
33.250000 2.825166e-03
33.500000 2.738910e-03
33.750000 2.700518e-03
34.000000 2.709893e-03
34.250000 2.764456e-03
34.500000 2.859591e-03
34.750000 2.989487e-03
35.000000 3.148001e-03
35.250000 3.329307e-03
35.500000 3.528257e-03
35.750000 3.740497e-03
36.000000 3.962449e-03
36.250000 4.191213e-03
36.500000 4.424457e-03
36.750000 4.660310e-03
37.000000 4.897266e-03
37.250000 5.134107e-03
37.500000 5.369845e-03
37.750000 5.603670e-03
38.000000 5.834916e-03
38.250000 6.063031e-03
38.500000 6.287552e-03
38.750000 6.508091e-03
39.000000 6.724321e-03
39.250000 6.935963e-03
39.500000 7.142779e-03
39.750000 7.344564e-03
40.000000 7.541143e-03
40.250000 7.732363e-03
40.500000 7.918094e-03
40.750000 8.098223e-03
41.000000 8.272650e-03
41.250000 8.441291e-03
41.500000 8.604072e-03
41.750000 8.760932e-03
42.000000 8.911816e-03
42.250000 9.056680e-03
42.500000 9.195486e-03
42.750000 9.328202e-03
43.000000 9.454806e-03
43.250000 9.575277e-03
43.500000 9.689603e-03
43.750000 9.797775e-03
44.000000 9.899791e-03
44.250000 9.995649e-03
44.500000 1.008536e-02
44.750000 1.016892e-02
45.000000 1.024636e-02
45.250000 1.031768e-02
45.500000 1.038290e-02
45.750000 1.044206e-02
46.000000 1.049517e-02
46.250000 1.054226e-02
46.500000 1.058337e-02
46.750000 1.061853e-02
47.000000 1.064777e-02
47.250000 1.067115e-02
47.500000 1.068869e-02
47.750000 1.070045e-02
48.000000 1.070648e-02
48.250000 1.070681e-02
48.500000 1.070152e-02
48.750000 1.069064e-02
49.000000 1.067425e-02
49.250000 1.065238e-02
49.500000 1.062512e-02
49.750000 1.059252e-02
50.000000 1.055465e-02
