-50.000000 2.613648e-03
-49.750000 2.622578e-03
-49.500000 2.622875e-03
-49.250000 2.614366e-03
-49.000000 2.596910e-03
-48.750000 2.570394e-03
-48.500000 2.534737e-03
-48.250000 2.489892e-03
-48.000000 2.435841e-03
-47.750000 2.372603e-03
-47.500000 2.300227e-03
-47.250000 2.218803e-03
-47.000000 2.128453e-03
-46.750000 2.029344e-03
-46.500000 1.921682e-03
-46.250000 1.805725e-03
-46.000000 1.681788e-03
-45.750000 1.550258e-03
-45.500000 1.411621e-03
-45.250000 1.266503e-03
-45.000000 1.115763e-03
-44.750000 9.606637e-04
-44.500000 8.032785e-04
-44.250000 6.474729e-04
-44.000000 5.015914e-04
-43.750000 3.857199e-04
-43.500000 3.415722e-04
-43.250000 4.007003e-04
-43.000000 5.339043e-04
-42.750000 7.028467e-04
-42.500000 8.890373e-04
-42.250000 1.084594e-03
-42.000000 1.285698e-03
-41.750000 1.490157e-03
-41.500000 1.696502e-03
-41.250000 1.903611e-03
-41.000000 2.110551e-03
-40.750000 2.316489e-03
-40.500000 2.520656e-03
-40.250000 2.722325e-03
-40.000000 2.920792e-03
-39.750000 3.115378e-03
-39.500000 3.305418e-03
-39.250000 3.490263e-03
-39.000000 3.669279e-03
-38.750000 3.841847e-03
-38.500000 4.007364e-03
-38.250000 4.165244e-03
-38.000000 4.314918e-03
-37.750000 4.455838e-03
-37.500000 4.587476e-03
-37.250000 4.709329e-03
-37.000000 4.820916e-03
-36.750000 4.921783e-03
-36.500000 5.011506e-03
-36.250000 5.089688e-03
-36.000000 5.155964e-03
-35.750000 5.210002e-03
-35.500000 5.251506e-03
-35.250000 5.280214e-03
-35.000000 5.295904e-03
-34.750000 5.298392e-03
-34.500000 5.287537e-03
-34.250000 5.263240e-03
-34.000000 5.225447e-03
-33.750000 5.174152e-03
-33.500000 5.109395e-03
-33.250000 5.031271e-03
-33.000000 4.939928e-03
-32.750000 4.835570e-03
-32.500000 4.718464e-03
-32.250000 4.588944e-03
-32.000000 4.447413e-03
-31.750000 4.294360e-03
-31.500000 4.130362e-03
-31.250000 3.956105e-03
-31.000000 3.772399e-03
-30.750000 3.580210e-03
-30.500000 3.380698e-03
-30.250000 3.175273e-03
-30.000000 2.965673e-03
-29.750000 2.754083e-03
-29.500000 2.543301e-03
-29.250000 2.336971e-03
-29.000000 2.139903e-03
-28.750000 1.958450e-03
-28.500000 1.800834e-03
-28.250000 1.677086e-03
-28.000000 1.598023e-03
-27.750000 1.572772e-03
-27.500000 1.605570e-03
-27.250000 1.694024e-03
-27.000000 1.830378e-03
-26.750000 2.004580e-03
-26.500000 2.206883e-03
-26.250000 2.429060e-03
-26.000000 2.664590e-03
-25.750000 2.908406e-03
-25.500000 3.156547e-03
-25.250000 3.405852e-03
-25.000000 3.653738e-03
-24.750000 3.898030e-03
-24.500000 4.136850e-03
-24.250000 4.368539e-03
-24.000000 4.591602e-03
-23.750000 4.804671e-03
-23.500000 5.006479e-03
-23.250000 5.195843e-03
-23.000000 5.371649e-03
-22.750000 5.532848e-03
-22.500000 5.678446e-03
-22.250000 5.807506e-03
-22.000000 5.919139e-03
-21.750000 6.012511e-03
-21.500000 6.086839e-03
-21.250000 6.141390e-03
-21.000000 6.175489e-03
-20.750000 6.188517e-03
-20.500000 6.179914e-03
-20.250000 6.149185e-03
-20.000000 6.095905e-03
-19.750000 6.019723e-03
-19.500000 5.920371e-03
-19.250000 5.797675e-03
-19.000000 5.651567e-03
-18.750000 5.482103e-03
-18.500000 5.289493e-03
-18.250000 5.074128e-03
-18.000000 4.836644e-03
-17.750000 4.577990e-03
-17.500000 4.299555e-03
-17.250000 4.003358e-03
-17.000000 3.692354e-03
-16.750000 3.370945e-03
-16.500000 3.045841e-03
-16.250000 2.727494e-03
-16.000000 2.432381e-03
-15.750000 2.185921e-03
-15.500000 2.023811e-03
-15.250000 1.985401e-03
-15.000000 2.095175e-03
-14.750000 2.348065e-03
-14.500000 2.717757e-03
-14.250000 3.175000e-03
-14.000000 3.696970e-03
-13.750000 4.267992e-03
-13.500000 4.877599e-03
-13.250000 5.518654e-03
-13.000000 6.186084e-03
-12.750000 6.876093e-03
-12.500000 7.585688e-03
-12.250000 8.312386e-03
-12.000000 9.054035e-03
-11.750000 9.808702e-03
-11.500000 1.057460e-02
-11.250000 1.135003e-02
-11.000000 1.213338e-02
-10.750000 1.292306e-02
-10.500000 1.371752e-02
-10.250000 1.451523e-02
-10.000000 1.531466e-02
-9.750000 1.611433e-02
-9.500000 1.691272e-02
-9.250000 1.770834e-02
-9.000000 1.849973e-02
-8.750000 1.928540e-02
-8.500000 2.006390e-02
-8.250000 2.083377e-02
-8.000000 2.159358e-02
-7.750000 2.234191e-02
-7.500000 2.307735e-02
-7.250000 2.379853e-02
-7.000000 2.450409e-02
-6.750000 2.519270e-02
-6.500000 2.586306e-02
-6.250000 2.651388e-02
-6.000000 2.714395e-02
-5.750000 2.775204e-02
-5.500000 2.833701e-02
-5.250000 2.889773e-02
-5.000000 2.943312e-02
-4.750000 2.994215e-02
-4.500000 3.042384e-02
-4.250000 3.087725e-02
-4.000000 3.130150e-02
-3.750000 3.169576e-02
-3.500000 3.205927e-02
-3.250000 3.239131e-02
-3.000000 3.269123e-02
-2.750000 3.295843e-02
-2.500000 3.319240e-02
-2.250000 3.339265e-02
-2.000000 3.355878e-02
-1.750000 3.369047e-02
-1.500000 3.378743e-02
-1.250000 3.384947e-02
-1.000000 3.387645e-02
-0.750000 3.386830e-02
-0.500000 3.382502e-02
-0.250000 3.374667e-02
0.000000 3.363339e-02
0.250000 3.348538e-02
0.500000 3.330290e-02
0.750000 3.308630e-02
1.000000 3.283597e-02
1.250000 3.255237e-02
1.500000 3.223604e-02
1.750000 3.188757e-02
2.000000 3.150760e-02
2.250000 3.109685e-02
2.500000 3.065609e-02
2.750000 3.018615e-02
3.000000 2.968790e-02
3.250000 2.916228e-02
3.500000 2.861028e-02
3.750000 2.803293e-02
4.000000 2.743131e-02
4.250000 2.680654e-02
4.500000 2.615980e-02
4.750000 2.549228e-02
5.000000 2.480523e-02
5.250000 2.409992e-02
5.500000 2.337768e-02
5.750000 2.263983e-02
6.000000 2.188775e-02
6.250000 2.112282e-02
6.500000 2.034646e-02
6.750000 1.956011e-02
7.000000 1.876521e-02
7.250000 1.796325e-02
7.500000 1.715570e-02
7.750000 1.634406e-02
8.000000 1.552985e-02
8.250000 1.471460e-02
8.500000 1.389986e-02
8.750000 1.308718e-02
9.000000 1.227817e-02
9.250000 1.147445e-02
9.500000 1.067770e-02
9.750000 9.889649e-03
10.000000 9.112147e-03
10.250000 8.347174e-03
10.500000 7.596924e-03
10.750000 6.863907e-03
11.000000 6.151116e-03
11.250000 5.462296e-03
11.500000 4.802384e-03
11.750000 4.178248e-03
12.000000 3.599899e-03
12.250000 3.082409e-03
12.500000 2.648381e-03
12.750000 2.329082e-03
13.000000 2.158345e-03
13.250000 2.153812e-03
13.500000 2.299688e-03
13.750000 2.555325e-03
14.000000 2.878343e-03
14.250000 3.236908e-03
14.500000 3.610097e-03
14.750000 3.984660e-03
15.000000 4.352147e-03
15.250000 4.707044e-03
15.500000 5.045648e-03
15.750000 5.365415e-03
16.000000 5.664563e-03
16.250000 5.941831e-03
16.500000 6.196336e-03
16.750000 6.427465e-03
17.000000 6.634823e-03
17.250000 6.818181e-03
17.500000 6.977448e-03
17.750000 7.112652e-03
18.000000 7.223920e-03
18.250000 7.311471e-03
18.500000 7.375601e-03
18.750000 7.416682e-03
19.000000 7.435149e-03
19.250000 7.431503e-03
19.500000 7.406300e-03
19.750000 7.360153e-03
20.000000 7.293722e-03
20.250000 7.207718e-03
20.500000 7.102897e-03
20.750000 6.980058e-03
21.000000 6.840039e-03
21.250000 6.683720e-03
21.500000 6.512017e-03
21.750000 6.325883e-03
22.000000 6.126306e-03
22.250000 5.914311e-03
22.500000 5.690961e-03
22.750000 5.457353e-03
23.000000 5.214631e-03
23.250000 4.963982e-03
23.500000 4.706649e-03
23.750000 4.443942e-03
24.000000 4.177252e-03
24.250000 3.908079e-03
24.500000 3.638060e-03
24.750000 3.369026e-03
25.000000 3.103064e-03
25.250000 2.842621e-03
25.500000 2.590644e-03
25.750000 2.350766e-03
26.000000 2.127540e-03
26.250000 1.926682e-03
26.500000 1.755182e-03
26.750000 1.620980e-03
27.000000 1.531793e-03
27.250000 1.492945e-03
27.500000 1.505069e-03
27.750000 1.563385e-03
28.000000 1.659280e-03
28.250000 1.782920e-03
28.500000 1.925247e-03
28.750000 2.078823e-03
29.000000 2.237890e-03
29.250000 2.398093e-03
29.500000 2.556150e-03
29.750000 2.709574e-03
30.000000 2.856458e-03
30.250000 2.995322e-03
30.500000 3.125005e-03
30.750000 3.244591e-03
31.000000 3.353355e-03
31.250000 3.450724e-03
31.500000 3.536253e-03
31.750000 3.609603e-03
32.000000 3.670527e-03
32.250000 3.718859e-03
32.500000 3.754507e-03
32.750000 3.777446e-03
33.000000 3.787712e-03
33.250000 3.785398e-03
33.500000 3.770654e-03
33.750000 3.743679e-03
34.000000 3.704726e-03
34.250000 3.654094e-03
34.500000 3.592130e-03
34.750000 3.519229e-03
35.000000 3.435833e-03
35.250000 3.342430e-03
35.500000 3.239561e-03
35.750000 3.127816e-03
36.000000 3.007844e-03
36.250000 2.880355e-03
36.500000 2.746135e-03
36.750000 2.606054e-03
37.000000 2.461089e-03
37.250000 2.312352e-03
37.500000 2.161129e-03
37.750000 2.008941e-03
38.000000 1.857620e-03
38.250000 1.709431e-03
38.500000 1.567213e-03
38.750000 1.434566e-03
39.000000 1.316020e-03
39.250000 1.217063e-03
39.500000 1.143797e-03
39.750000 1.101940e-03
40.000000 1.095220e-03
40.250000 1.123935e-03
40.500000 1.184787e-03
40.750000 1.272130e-03
41.000000 1.379660e-03
41.250000 1.501590e-03
41.500000 1.633124e-03
41.750000 1.770475e-03
42.000000 1.910705e-03
42.250000 2.051525e-03
42.500000 2.191138e-03
42.750000 2.328103e-03
43.000000 2.461251e-03
43.250000 2.589612e-03
43.500000 2.712377e-03
43.750000 2.828857e-03
44.000000 2.938466e-03
44.250000 3.040702e-03
44.500000 3.135133e-03
44.750000 3.221394e-03
45.000000 3.299174e-03
45.250000 3.368216e-03
45.500000 3.428309e-03
45.750000 3.479292e-03
46.000000 3.521043e-03
46.250000 3.553484e-03
46.500000 3.576579e-03
46.750000 3.590328e-03
47.000000 3.594774e-03
47.250000 3.589993e-03
47.500000 3.576103e-03
47.750000 3.553256e-03
48.000000 3.521642e-03
48.250000 3.481486e-03
48.500000 3.433052e-03
48.750000 3.376639e-03
49.000000 3.312583e-03
49.250000 3.241260e-03
49.500000 3.163084e-03
49.750000 3.078511e-03
50.000000 2.988040e-03
