-50.000000 8.002766e-04
-49.750000 7.645014e-04
-49.500000 7.260056e-04
-49.250000 6.849811e-04
-49.000000 6.416490e-04
-48.750000 5.962587e-04
-48.500000 5.490883e-04
-48.250000 5.004466e-04
-48.000000 4.506759e-04
-47.750000 4.001598e-04
-47.500000 3.493393e-04
-47.250000 2.987460e-04
-47.000000 2.490759e-04
-46.750000 2.013595e-04
-46.500000 1.573826e-04
-46.250000 1.207209e-04
-46.000000 9.846297e-05
-45.750000 9.876764e-05
-45.500000 1.194862e-04
-45.250000 1.506834e-04
-45.000000 1.855533e-04
-44.750000 2.209290e-04
-44.500000 2.553419e-04
-44.250000 2.880588e-04
-44.000000 3.187043e-04
-43.750000 3.471098e-04
-43.500000 3.732493e-04
-43.250000 3.972121e-04
-43.000000 4.191889e-04
-42.750000 4.394661e-04
-42.500000 4.584197e-04
-42.250000 4.765081e-04
-42.000000 4.942604e-04
-41.750000 5.122591e-04
-41.500000 5.311152e-04
-41.250000 5.514384e-04
-41.000000 5.738015e-04
-40.750000 5.987054e-04
-40.500000 6.265480e-04
-40.250000 6.576010e-04
-40.000000 6.919980e-04
-39.750000 7.297342e-04
-39.500000 7.706760e-04
-39.250000 8.145770e-04
-39.000000 8.610984e-04
-38.750000 9.098290e-04
-38.500000 9.603044e-04
-38.250000 1.012024e-03
-38.000000 1.064464e-03
-37.750000 1.117091e-03
-37.500000 1.169369e-03
-37.250000 1.220766e-03
-37.000000 1.270763e-03
-36.750000 1.318857e-03
-36.500000 1.364565e-03
-36.250000 1.407428e-03
-36.000000 1.447014e-03
-35.750000 1.482920e-03
-35.500000 1.514775e-03
-35.250000 1.542240e-03
-35.000000 1.565013e-03
-34.750000 1.582829e-03
-34.500000 1.595459e-03
-34.250000 1.602712e-03
-34.000000 1.604437e-03
-33.750000 1.600520e-03
-33.500000 1.590887e-03
-33.250000 1.575501e-03
-33.000000 1.554362e-03
-32.750000 1.527503e-03
-32.500000 1.494995e-03
-32.250000 1.456937e-03
-32.000000 1.413462e-03
-31.750000 1.364728e-03
-31.500000 1.310919e-03
-31.250000 1.252241e-03
-31.000000 1.188922e-03
-30.750000 1.121205e-03
-30.500000 1.049352e-03
-30.250000 9.736355e-04
-30.000000 8.943435e-04
-29.750000 8.117773e-04
-29.500000 7.262565e-04
-29.250000 6.381297e-04
-29.000000 5.477986e-04
-28.750000 4.557763e-04
-28.500000 3.628402e-04
-28.250000 2.705055e-04
-28.000000 1.828852e-04
-27.750000 1.159976e-04
-27.500000 1.183547e-04
-27.250000 1.890594e-04
-27.000000 2.813068e-04
-26.750000 3.801077e-04
-26.500000 4.815857e-04
-26.250000 5.843185e-04
-26.000000 6.875920e-04
-25.750000 7.909470e-04
-25.500000 8.940288e-04
-25.250000 9.965269e-04
-25.000000 1.098147e-03
-24.750000 1.198597e-03
-24.500000 1.297576e-03
-24.250000 1.394773e-03
-24.000000 1.489861e-03
-23.750000 1.582497e-03
-23.500000 1.672319e-03
-23.250000 1.758950e-03
-23.000000 1.841996e-03
-22.750000 1.921047e-03
-22.500000 1.995685e-03
-22.250000 2.065480e-03
-22.000000 2.129999e-03
-21.750000 2.188808e-03
-21.500000 2.241476e-03
-21.250000 2.287583e-03
-21.000000 2.326722e-03
-20.750000 2.358507e-03
-20.500000 2.382581e-03
-20.250000 2.398619e-03
-20.000000 2.406335e-03
-19.750000 2.405496e-03
-19.500000 2.395920e-03
-19.250000 2.377492e-03
-19.000000 2.350171e-03
-18.750000 2.313999e-03
-18.500000 2.269117e-03
-18.250000 2.215773e-03
-18.000000 2.154346e-03
-17.750000 2.085362e-03
-17.500000 2.009526e-03
-17.250000 1.927752e-03
-17.000000 1.841213e-03
-16.750000 1.751396e-03
-16.500000 1.660176e-03
-16.250000 1.569900e-03
-16.000000 1.483476e-03
-15.750000 1.404433e-03
-15.500000 1.336894e-03
-15.250000 1.285382e-03
-15.000000 1.254356e-03
-14.750000 1.247479e-03
-14.500000 1.266835e-03
-14.250000 1.312455e-03
-14.000000 1.382425e-03
-13.750000 1.473480e-03
-13.500000 1.581756e-03
-13.250000 1.703375e-03
-13.000000 1.834793e-03
-12.750000 1.972923e-03
-12.500000 2.115153e-03
-12.250000 2.259297e-03
-12.000000 2.403542e-03
-11.750000 2.546390e-03
-11.500000 2.686620e-03
-11.250000 2.823252e-03
-11.000000 2.955529e-03
-10.750000 3.082897e-03
-10.500000 3.205003e-03
-10.250000 3.321683e-03
-10.000000 3.432964e-03
-9.750000 3.539057e-03
-9.500000 3.640359e-03
-9.250000 3.737444e-03
-9.000000 3.831059e-03
-8.750000 3.922108e-03
-8.500000 4.011642e-03
-8.250000 4.100830e-03
-8.000000 4.190933e-03
-7.750000 4.283271e-03
-7.500000 4.379180e-03
-7.250000 4.479966e-03
-7.000000 4.586859e-03
-6.750000 4.700966e-03
-6.500000 4.823224e-03
-6.250000 4.954360e-03
-6.000000 5.094867e-03
-5.750000 5.244975e-03
-5.500000 5.404649e-03
-5.250000 5.573585e-03
-5.000000 5.751224e-03
-4.750000 5.936770e-03
-4.500000 6.129214e-03
-4.250000 6.327364e-03
-4.000000 6.529874e-03
-3.750000 6.735275e-03
-3.500000 6.942004e-03
-3.250000 7.148432e-03
-3.000000 7.352892e-03
-2.750000 7.553697e-03
-2.500000 7.749167e-03
-2.250000 7.937643e-03
-2.000000 8.117507e-03
-1.750000 8.287193e-03
-1.500000 8.445205e-03
-1.250000 8.590124e-03
-1.000000 8.720621e-03
-0.750000 8.835464e-03
-0.500000 8.933530e-03
-0.250000 9.013807e-03
0.000000 9.075402e-03
0.250000 9.117547e-03
0.500000 9.139603e-03
0.750000 9.141062e-03
1.000000 9.121549e-03
1.250000 9.080826e-03
1.500000 9.018790e-03
1.750000 8.935476e-03
2.000000 8.831051e-03
2.250000 8.705819e-03
2.500000 8.560213e-03
2.750000 8.394792e-03
3.000000 8.210241e-03
3.250000 8.007361e-03
3.500000 7.787069e-03
3.750000 7.550389e-03
4.000000 7.298443e-03
4.250000 7.032450e-03
4.500000 6.753715e-03
4.750000 6.463625e-03
5.000000 6.163634e-03
5.250000 5.855267e-03
5.500000 5.540104e-03
5.750000 5.219778e-03
6.000000 4.895970e-03
6.250000 4.570405e-03
6.500000 4.244852e-03
6.750000 3.921124e-03
7.000000 3.601093e-03
7.250000 3.286698e-03
7.500000 2.979977e-03
7.750000 2.683108e-03
8.000000 2.398477e-03
8.250000 2.128772e-03
8.500000 1.877130e-03
8.750000 1.647304e-03
9.000000 1.443850e-03
9.250000 1.272154e-03
9.500000 1.138005e-03
9.750000 1.046228e-03
10.000000 9.983703e-04
10.250000 9.907632e-04
10.500000 1.014924e-03
10.750000 1.060247e-03
11.000000 1.116792e-03
11.250000 1.176664e-03
11.500000 1.234159e-03
11.750000 1.285371e-03
12.000000 1.327740e-03
12.250000 1.359666e-03
12.500000 1.380249e-03
12.750000 1.389098e-03
13.000000 1.386218e-03
13.250000 1.371923e-03
13.500000 1.346793e-03
13.750000 1.311639e-03
14.000000 1.267494e-03
14.250000 1.215610e-03
14.500000 1.157478e-03
14.750000 1.094854e-03
15.000000 1.029809e-03
15.250000 9.647771e-04
15.500000 9.026124e-04
15.750000 8.465888e-04
16.000000 8.002891e-04
16.250000 7.672761e-04
16.500000 7.505011e-04
16.750000 7.515864e-04
17.000000 7.703435e-04
17.250000 8.048536e-04
17.500000 8.520587e-04
17.750000 9.084937e-04
18.000000 9.708322e-04
18.250000 1.036161e-03
18.500000 1.102051e-03
18.750000 1.166534e-03
19.000000 1.228033e-03
19.250000 1.285300e-03
19.500000 1.337358e-03
19.750000 1.383456e-03
20.000000 1.423040e-03
20.250000 1.455719e-03
20.500000 1.481256e-03
20.750000 1.499545e-03
21.000000 1.510605e-03
21.250000 1.514566e-03
21.500000 1.511665e-03
21.750000 1.502236e-03
22.000000 1.486703e-03
22.250000 1.465574e-03
22.500000 1.439435e-03
22.750000 1.408940e-03
23.000000 1.374802e-03
23.250000 1.337786e-03
23.500000 1.298695e-03
23.750000 1.258356e-03
24.000000 1.217600e-03
24.250000 1.177244e-03
24.500000 1.138066e-03
24.750000 1.100771e-03
25.000000 1.065962e-03
25.250000 1.034111e-03
25.500000 1.005525e-03
25.750000 9.803301e-04
26.000000 9.584581e-04
26.250000 9.396554e-04
26.500000 9.235019e-04
26.750000 9.094459e-04
27.000000 8.968469e-04
27.250000 8.850228e-04
27.500000 8.732967e-04
27.750000 8.610391e-04
28.000000 8.477045e-04
28.250000 8.328623e-04
28.500000 8.162227e-04
28.750000 7.976593e-04
29.000000 7.772317e-04
29.250000 7.552075e-04
29.500000 7.320859e-04
29.750000 7.086223e-04
30.000000 6.858466e-04
30.250000 6.650689e-04
30.500000 6.478515e-04
30.750000 6.359265e-04
31.000000 6.310394e-04
31.250000 6.347241e-04
31.500000 6.480580e-04
31.750000 6.714825e-04
32.000000 7.047602e-04
32.250000 7.470764e-04
32.500000 7.972266e-04
32.750000 8.538115e-04
33.000000 9.153875e-04
33.250000 9.805608e-04
33.500000 1.048034e-03
33.750000 1.116623e-03
34.000000 1.185257e-03
34.250000 1.252969e-03
34.500000 1.318891e-03
34.750000 1.382242e-03
35.000000 1.442321e-03
35.250000 1.498504e-03
35.500000 1.550236e-03
35.750000 1.597033e-03
36.000000 1.638475e-03
36.250000 1.674206e-03
36.500000 1.703934e-03
36.750000 1.727431e-03
37.000000 1.744528e-03
37.250000 1.755115e-03
37.500000 1.759144e-03
37.750000 1.756622e-03
38.000000 1.747612e-03
38.250000 1.732229e-03
38.500000 1.710642e-03
38.750000 1.683064e-03
39.000000 1.649757e-03
39.250000 1.611020e-03
39.500000 1.567194e-03
39.750000 1.518651e-03
40.000000 1.465793e-03
40.250000 1.409047e-03
40.500000 1.348860e-03
40.750000 1.285695e-03
41.000000 1.220024e-03
41.250000 1.152323e-03
41.500000 1.083068e-03
41.750000 1.012731e-03
42.000000 9.417695e-04
42.250000 8.706250e-04
42.500000 7.997169e-04
42.750000 7.294368e-04
43.000000 6.601433e-04
43.250000 5.921576e-04
43.500000 5.257581e-04
43.750000 4.611772e-04
44.000000 3.985972e-04
44.250000 3.381479e-04
44.500000 2.799056e-04
44.750000 2.238931e-04
45.000000 1.700845e-04
45.250000 1.184194e-04
45.500000 6.887008e-05
45.750000 2.230333e-05
46.000000 2.803811e-05
46.250000 7.216557e-05
46.500000 1.160247e-04
46.750000 1.591947e-04
47.000000 2.018251e-04
47.250000 2.441045e-04
47.500000 2.862024e-04
47.750000 3.282508e-04
48.000000 3.703347e-04
48.250000 4.124877e-04
48.500000 4.546896e-04
48.750000 4.968674e-04
49.000000 5.388981e-04
49.250000 5.806127e-04
49.500000 6.218014e-04
49.750000 6.622202e-04
50.000000 7.015968e-04
