-50.000000 1.209549e-03
-49.750000 1.372172e-03
-49.500000 1.549689e-03
-49.250000 1.719480e-03
-49.000000 1.864983e-03
-48.750000 1.974175e-03
-48.500000 2.038474e-03
-48.250000 2.052138e-03
-48.000000 2.012018e-03
-47.750000 1.917537e-03
-47.500000 1.770873e-03
-47.250000 1.577521e-03
-47.000000 1.347719e-03
-46.750000 1.100272e-03
-46.500000 8.728598e-04
-46.250000 7.410962e-04
-46.000000 7.938126e-04
-45.750000 1.016229e-03
-45.500000 1.323161e-03
-45.250000 1.656064e-03
-45.000000 1.983381e-03
-44.750000 2.285669e-03
-44.500000 2.549061e-03
-44.250000 2.762936e-03
-44.000000 2.919122e-03
-43.750000 3.011654e-03
-43.500000 3.036754e-03
-43.250000 2.992864e-03
-43.000000 2.880724e-03
-42.750000 2.703451e-03
-42.500000 2.466689e-03
-42.250000 2.178925e-03
-42.000000 1.852303e-03
-41.750000 1.504840e-03
-41.500000 1.166710e-03
-41.250000 8.968698e-04
-41.000000 7.990440e-04
-40.750000 9.295216e-04
-40.500000 1.198967e-03
-40.250000 1.508816e-03
-40.000000 1.808048e-03
-39.750000 2.070409e-03
-39.500000 2.280194e-03
-39.250000 2.427166e-03
-39.000000 2.504796e-03
-38.750000 2.509642e-03
-38.500000 2.441173e-03
-38.250000 2.301791e-03
-38.000000 2.097050e-03
-37.750000 1.836267e-03
-37.500000 1.534184e-03
-37.250000 1.215766e-03
-37.000000 9.303180e-04
-36.750000 7.789455e-04
-36.500000 8.666014e-04
-36.250000 1.139478e-03
-36.000000 1.482849e-03
-35.750000 1.832075e-03
-35.500000 2.154160e-03
-35.250000 2.428886e-03
-35.000000 2.642095e-03
-34.750000 2.783482e-03
-34.500000 2.845904e-03
-34.250000 2.825198e-03
-34.000000 2.720214e-03
-33.750000 2.532974e-03
-33.500000 2.269015e-03
-33.250000 1.938263e-03
-33.000000 1.557584e-03
-32.750000 1.159571e-03
-32.500000 8.259577e-04
-32.250000 7.539599e-04
-32.000000 1.036964e-03
-31.750000 1.485120e-03
-31.500000 1.972126e-03
-31.250000 2.447058e-03
-31.000000 2.882402e-03
-30.750000 3.258886e-03
-30.500000 3.561491e-03
-30.250000 3.778376e-03
-30.000000 3.900650e-03
-29.750000 3.922424e-03
-29.500000 3.840936e-03
-29.250000 3.656690e-03
-29.000000 3.373612e-03
-28.750000 2.999318e-03
-28.500000 2.545745e-03
-28.250000 2.031129e-03
-28.000000 1.487155e-03
-27.750000 9.906111e-04
-27.500000 7.800562e-04
-27.250000 1.085117e-03
-27.000000 1.634309e-03
-26.750000 2.229185e-03
-26.500000 2.803798e-03
-26.250000 3.326591e-03
-26.000000 3.776752e-03
-25.750000 4.138874e-03
-25.500000 4.401678e-03
-25.250000 4.557843e-03
-25.000000 4.604213e-03
-24.750000 4.542182e-03
-24.500000 4.378268e-03
-24.250000 4.124974e-03
-24.000000 3.802216e-03
-23.750000 3.439669e-03
-23.500000 3.080237e-03
-23.250000 2.782898e-03
-23.000000 2.617017e-03
-22.750000 2.635389e-03
-22.500000 2.838169e-03
-22.250000 3.173355e-03
-22.000000 3.572402e-03
-21.750000 3.975930e-03
-21.500000 4.339207e-03
-21.250000 4.629824e-03
-21.000000 4.824911e-03
-20.750000 4.909519e-03
-20.500000 4.876050e-03
-20.250000 4.724539e-03
-20.000000 4.463828e-03
-19.750000 4.114086e-03
-19.500000 3.711610e-03
-19.250000 3.316903e-03
-19.000000 3.022828e-03
-18.750000 2.942863e-03
-18.500000 3.150705e-03
-18.250000 3.621818e-03
-18.000000 4.266145e-03
-17.750000 4.991437e-03
-17.500000 5.725845e-03
-17.250000 6.415545e-03
-17.000000 7.019067e-03
-16.750000 7.503714e-03
-16.500000 7.843885e-03
-16.250000 8.020540e-03
-16.000000 8.021290e-03
-15.750000 7.840908e-03
-15.500000 7.482248e-03
-15.250000 6.957838e-03
-15.000000 6.292848e-03
-14.750000 5.531058e-03
-14.500000 4.747108e-03
-14.250000 4.068470e-03
-14.000000 3.690571e-03
-13.750000 3.800318e-03
-13.500000 4.398963e-03
-13.250000 5.314220e-03
-13.000000 6.367946e-03
-12.750000 7.435826e-03
-12.500000 8.433773e-03
-12.250000 9.300950e-03
-12.000000 9.990810e-03
-11.750000 1.046724e-02
-11.500000 1.070315e-02
-11.250000 1.068031e-02
-11.000000 1.038968e-02
-10.750000 9.832272e-03
-10.500000 9.020584e-03
-10.250000 7.981452e-03
-10.000000 6.762523e-03
-9.750000 5.449368e-03
-9.500000 4.214308e-03
-9.250000 3.427173e-03
-9.000000 3.587297e-03
-8.750000 4.640719e-03
-8.500000 6.099971e-03
-8.250000 7.640243e-03
-8.000000 9.089621e-03
-7.750000 1.033772e-02
-7.500000 1.129965e-02
-7.250000 1.190438e-02
-7.000000 1.209144e-02
-6.750000 1.181118e-02
-6.500000 1.102732e-02
-6.250000 9.723554e-03
-6.000000 7.922842e-03
-5.750000 5.764293e-03
-5.500000 3.915072e-03
-5.250000 4.545012e-03
-5.000000 7.902485e-03
-4.750000 1.244410e-02
-4.500000 1.766447e-02
-4.250000 2.339039e-02
-4.000000 2.951428e-02
-3.750000 3.594158e-02
-3.500000 4.257803e-02
-3.250000 4.932653e-02
-3.000000 5.608695e-02
-2.750000 6.275716e-02
-2.500000 6.923449e-02
-2.250000 7.541754e-02
-2.000000 8.120795e-02
-1.750000 8.651231e-02
-1.500000 9.124393e-02
-1.250000 9.532459e-02
-1.000000 9.868606e-02
-0.750000 1.012715e-01
-0.500000 1.030365e-01
-0.250000 1.039503e-01
0.000000 1.039961e-01
0.250000 1.031714e-01
0.500000 1.014884e-01
0.750000 9.897353e-02
1.000000 9.566698e-02
1.250000 9.162194e-02
1.500000 8.690355e-02
1.750000 8.158766e-02
2.000000 7.575939e-02
2.250000 6.951146e-02
2.500000 6.294259e-02
2.750000 5.615573e-02
3.000000 4.925647e-02
3.250000 4.235168e-02
3.500000 3.554882e-02
3.750000 2.895666e-02
4.000000 2.268967e-02
4.250000 1.688258e-02
4.500000 1.173924e-02
4.750000 7.708367e-03
5.000000 5.894542e-03
5.250000 6.961795e-03
5.500000 9.276252e-03
5.750000 1.160124e-02
6.000000 1.354387e-02
6.250000 1.498593e-02
6.500000 1.589896e-02
6.750000 1.629357e-02
7.000000 1.620293e-02
7.250000 1.567616e-02
7.500000 1.477567e-02
7.750000 1.357648e-02
8.000000 1.216781e-02
8.250000 1.065754e-02
8.500000 9.181267e-03
8.750000 7.913659e-03
9.000000 7.063497e-03
9.250000 6.802980e-03
9.500000 7.137092e-03
9.750000 7.885348e-03
10.000000 8.817295e-03
10.250000 9.752251e-03
10.500000 1.057171e-02
10.750000 1.120270e-02
11.000000 1.160275e-02
11.250000 1.175059e-02
11.500000 1.164090e-02
11.750000 1.128114e-02
12.000000 1.068971e-02
12.250000 9.894883e-03
12.500000 8.934616e-03
12.750000 7.857616e-03
13.000000 6.726866e-03
13.250000 5.627719e-03
13.500000 4.682166e-03
13.750000 4.056766e-03
14.000000 3.904803e-03
14.250000 4.221877e-03
14.500000 4.833292e-03
14.750000 5.548608e-03
15.000000 6.238852e-03
15.250000 6.827453e-03
15.500000 7.269909e-03
15.750000 7.541400e-03
16.000000 7.630470e-03
16.250000 7.535779e-03
16.500000 7.264331e-03
16.750000 6.830454e-03
17.000000 6.255328e-03
17.250000 5.567149e-03
17.500000 4.802502e-03
17.750000 4.010345e-03
18.000000 3.261524e-03
18.250000 2.665978e-03
18.500000 2.373831e-03
18.750000 2.475078e-03
19.000000 2.876696e-03
19.250000 3.408273e-03
19.500000 3.947612e-03
19.750000 4.425449e-03
20.000000 4.802966e-03
20.250000 5.058377e-03
20.500000 5.180767e-03
20.750000 5.167305e-03
21.000000 5.021944e-03
21.250000 4.754861e-03
21.500000 4.382444e-03
21.750000 3.928015e-03
22.000000 3.423851e-03
22.250000 2.915666e-03
22.500000 2.470287e-03
22.750000 2.179540e-03
23.000000 2.129196e-03
23.250000 2.323527e-03
23.500000 2.676631e-03
23.750000 3.089591e-03
24.000000 3.491798e-03
24.250000 3.838555e-03
24.500000 4.101652e-03
24.750000 4.263371e-03
25.000000 4.313395e-03
25.250000 4.247214e-03
25.500000 4.065243e-03
25.750000 3.772249e-03
26.000000 3.376936e-03
26.250000 2.891690e-03
26.500000 2.332692e-03
26.750000 1.721445e-03
27.000000 1.093718e-03
27.250000 5.716871e-04
27.500000 6.639398e-04
27.750000 1.230858e-03
28.000000 1.849914e-03
28.250000 2.438703e-03
28.500000 2.968661e-03
28.750000 3.422180e-03
29.000000 3.786573e-03
29.250000 4.052851e-03
29.500000 4.215469e-03
29.750000 4.272288e-03
30.000000 4.224591e-03
30.250000 4.077092e-03
30.500000 3.837973e-03
30.750000 3.519036e-03
31.000000 3.136146e-03
31.250000 2.710405e-03
31.500000 2.270990e-03
31.750000 1.861406e-03
32.000000 1.549357e-03
32.250000 1.421532e-03
32.500000 1.517864e-03
32.750000 1.776697e-03
33.000000 2.104293e-03
33.250000 2.435046e-03
33.500000 2.730879e-03
33.750000 2.969672e-03
34.000000 3.138523e-03
34.250000 3.230642e-03
34.500000 3.243959e-03
34.750000 3.180514e-03
35.000000 3.046239e-03
35.250000 2.851047e-03
35.500000 2.609276e-03
35.750000 2.340666e-03
36.000000 2.071991e-03
36.250000 1.838693e-03
36.500000 1.682819e-03
36.750000 1.639567e-03
37.000000 1.714536e-03
37.250000 1.878114e-03
37.500000 2.086170e-03
37.750000 2.299577e-03
38.000000 2.489675e-03
38.250000 2.636870e-03
38.500000 2.728335e-03
38.750000 2.756400e-03
39.000000 2.717632e-03
39.250000 2.612355e-03
39.500000 2.444510e-03
39.750000 2.221875e-03
40.000000 1.956902e-03
40.250000 1.668880e-03
40.500000 1.388888e-03
40.750000 1.168468e-03
41.000000 1.079479e-03
41.250000 1.165652e-03
41.500000 1.389552e-03
41.750000 1.680412e-03
42.000000 1.985807e-03
42.250000 2.273789e-03
42.500000 2.524300e-03
42.750000 2.724000e-03
43.000000 2.863913e-03
43.250000 2.938376e-03
43.500000 2.944565e-03
43.750000 2.882247e-03
44.000000 2.753636e-03
44.250000 2.563308e-03
44.500000 2.318183e-03
44.750000 2.027697e-03
45.000000 1.704435e-03
45.250000 1.366120e-03
45.500000 1.041624e-03
45.750000 7.875863e-04
46.000000 7.037543e-04
46.250000 8.341296e-04
46.500000 1.083262e-03
46.750000 1.361048e-03
47.000000 1.624450e-03
47.250000 1.852507e-03
47.500000 2.033473e-03
47.750000 2.160398e-03
48.000000 2.229565e-03
48.250000 2.239878e-03
48.500000 2.192595e-03
48.750000 2.091216e-03
49.000000 1.941465e-03
49.250000 1.751438e-03
49.500000 1.532063e-03
49.750000 1.298305e-03
50.000000 1.071910e-03
