-50.000000 1.267923e-03
-49.750000 1.280320e-03
-49.500000 1.292383e-03
-49.250000 1.304103e-03
-49.000000 1.315472e-03
-48.750000 1.326483e-03
-48.500000 1.337126e-03
-48.250000 1.347396e-03
-48.000000 1.357283e-03
-47.750000 1.366782e-03
-47.500000 1.375885e-03
-47.250000 1.384587e-03
-47.000000 1.392881e-03
-46.750000 1.400761e-03
-46.500000 1.408221e-03
-46.250000 1.415257e-03
-46.000000 1.421863e-03
-45.750000 1.428035e-03
-45.500000 1.433769e-03
-45.250000 1.439059e-03
-45.000000 1.443904e-03
-44.750000 1.448299e-03
-44.500000 1.452241e-03
-44.250000 1.455729e-03
-44.000000 1.458759e-03
-43.750000 1.461330e-03
-43.500000 1.463441e-03
-43.250000 1.465091e-03
-43.000000 1.466278e-03
-42.750000 1.467004e-03
-42.500000 1.467268e-03
-42.250000 1.467072e-03
-42.000000 1.466416e-03
-41.750000 1.465303e-03
-41.500000 1.463734e-03
-41.250000 1.461715e-03
-41.000000 1.459246e-03
-40.750000 1.456334e-03
-40.500000 1.452983e-03
-40.250000 1.449198e-03
-40.000000 1.444986e-03
-39.750000 1.440353e-03
-39.500000 1.435308e-03
-39.250000 1.429858e-03
-39.000000 1.424015e-03
-38.750000 1.417786e-03
-38.500000 1.411185e-03
-38.250000 1.404223e-03
-38.000000 1.396913e-03
-37.750000 1.389270e-03
-37.500000 1.381309e-03
-37.250000 1.373046e-03
-37.000000 1.364500e-03
-36.750000 1.355690e-03
-36.500000 1.346635e-03
-36.250000 1.337359e-03
-36.000000 1.327884e-03
-35.750000 1.318236e-03
-35.500000 1.308441e-03
-35.250000 1.298527e-03
-35.000000 1.288525e-03
-34.750000 1.278466e-03
-34.500000 1.268384e-03
-34.250000 1.258316e-03
-34.000000 1.248297e-03
-33.750000 1.238369e-03
-33.500000 1.228573e-03
-33.250000 1.218952e-03
-33.000000 1.209553e-03
-32.750000 1.200423e-03
-32.500000 1.191611e-03
-32.250000 1.183169e-03
-32.000000 1.175150e-03
-31.750000 1.167608e-03
-31.500000 1.160600e-03
-31.250000 1.154181e-03
-31.000000 1.148410e-03
-30.750000 1.143343e-03
-30.500000 1.139040e-03
-30.250000 1.135557e-03
-30.000000 1.132950e-03
-29.750000 1.131274e-03
-29.500000 1.130582e-03
-29.250000 1.130925e-03
-29.000000 1.132349e-03
-28.750000 1.134899e-03
-28.500000 1.138615e-03
-28.250000 1.143531e-03
-28.000000 1.149679e-03
-27.750000 1.157083e-03
-27.500000 1.165764e-03
-27.250000 1.175737e-03
-27.000000 1.187012e-03
-26.750000 1.199592e-03
-26.500000 1.213477e-03
-26.250000 1.228660e-03
-26.000000 1.245130e-03
-25.750000 1.262872e-03
-25.500000 1.281868e-03
-25.250000 1.302093e-03
-25.000000 1.323523e-03
-24.750000 1.346127e-03
-24.500000 1.369876e-03
-24.250000 1.394736e-03
-24.000000 1.420673e-03
-23.750000 1.447650e-03
-23.500000 1.475631e-03
-23.250000 1.504578e-03
-23.000000 1.534454e-03
-22.750000 1.565220e-03
-22.500000 1.596839e-03
-22.250000 1.629274e-03
-22.000000 1.662487e-03
-21.750000 1.696441e-03
-21.500000 1.731101e-03
-21.250000 1.766429e-03
-21.000000 1.802393e-03
-20.750000 1.838957e-03
-20.500000 1.876088e-03
-20.250000 1.913753e-03
-20.000000 1.951920e-03
-19.750000 1.990559e-03
-19.500000 2.029639e-03
-19.250000 2.069129e-03
-19.000000 2.109001e-03
-18.750000 2.149227e-03
-18.500000 2.189780e-03
-18.250000 2.230631e-03
-18.000000 2.271755e-03
-17.750000 2.313125e-03
-17.500000 2.354718e-03
-17.250000 2.396507e-03
-17.000000 2.438470e-03
-16.750000 2.480581e-03
-16.500000 2.522819e-03
-16.250000 2.565160e-03
-16.000000 2.607583e-03
-15.750000 2.650065e-03
-15.500000 2.692585e-03
-15.250000 2.735122e-03
-15.000000 2.777655e-03
-14.750000 2.820164e-03
-14.500000 2.862629e-03
-14.250000 2.905030e-03
-14.000000 2.947349e-03
-13.750000 2.989565e-03
-13.500000 3.031661e-03
-13.250000 3.073617e-03
-13.000000 3.115417e-03
-12.750000 3.157040e-03
-12.500000 3.198471e-03
-12.250000 3.239692e-03
-12.000000 3.280685e-03
-11.750000 3.321434e-03
-11.500000 3.361922e-03
-11.250000 3.402133e-03
-11.000000 3.442049e-03
-10.750000 3.481657e-03
-10.500000 3.520939e-03
-10.250000 3.559880e-03
-10.000000 3.598465e-03
-9.750000 3.636679e-03
-9.500000 3.674507e-03
-9.250000 3.711934e-03
-9.000000 3.748947e-03
-8.750000 3.785530e-03
-8.500000 3.821669e-03
-8.250000 3.857352e-03
-8.000000 3.892564e-03
-7.750000 3.927292e-03
-7.500000 3.961524e-03
-7.250000 3.995245e-03
-7.000000 4.028444e-03
-6.750000 4.061107e-03
-6.500000 4.093223e-03
-6.250000 4.124780e-03
-6.000000 4.155766e-03
-5.750000 4.186170e-03
-5.500000 4.215979e-03
-5.250000 4.245183e-03
-5.000000 4.273771e-03
-4.750000 4.301732e-03
-4.500000 4.329056e-03
-4.250000 4.355733e-03
-4.000000 4.381753e-03
-3.750000 4.407106e-03
-3.500000 4.431782e-03
-3.250000 4.455773e-03
-3.000000 4.479069e-03
-2.750000 4.501661e-03
-2.500000 4.523542e-03
-2.250000 4.544703e-03
-2.000000 4.565135e-03
-1.750000 4.584831e-03
-1.500000 4.603785e-03
-1.250000 4.621987e-03
-1.000000 4.639432e-03
-0.750000 4.656113e-03
-0.500000 4.672022e-03
-0.250000 4.687155e-03
0.000000 4.701505e-03
0.250000 4.715066e-03
0.500000 4.727833e-03
0.750000 4.739801e-03
1.000000 4.750964e-03
1.250000 4.761319e-03
1.500000 4.770861e-03
1.750000 4.779586e-03
2.000000 4.787490e-03
2.250000 4.794569e-03
2.500000 4.800821e-03
2.750000 4.806242e-03
3.000000 4.810829e-03
3.250000 4.814581e-03
3.500000 4.817494e-03
3.750000 4.819568e-03
4.000000 4.820800e-03
4.250000 4.821189e-03
4.500000 4.820734e-03
4.750000 4.819435e-03
5.000000 4.817290e-03
5.250000 4.814300e-03
5.500000 4.810464e-03
5.750000 4.805783e-03
6.000000 4.800258e-03
6.250000 4.793889e-03
6.500000 4.786678e-03
6.750000 4.778625e-03
7.000000 4.769734e-03
7.250000 4.760005e-03
7.500000 4.749440e-03
7.750000 4.738044e-03
8.000000 4.725817e-03
8.250000 4.712764e-03
8.500000 4.698887e-03
8.750000 4.684190e-03
9.000000 4.668677e-03
9.250000 4.652353e-03
9.500000 4.635221e-03
9.750000 4.617286e-03
10.000000 4.598553e-03
10.250000 4.579027e-03
10.500000 4.558714e-03
10.750000 4.537620e-03
11.000000 4.515750e-03
11.250000 4.493110e-03
11.500000 4.469707e-03
11.750000 4.445548e-03
12.000000 4.420639e-03
12.250000 4.394988e-03
12.500000 4.368602e-03
12.750000 4.341489e-03
13.000000 4.313656e-03
13.250000 4.285113e-03
13.500000 4.255866e-03
13.750000 4.225926e-03
14.000000 4.195299e-03
14.250000 4.163997e-03
14.500000 4.132027e-03
14.750000 4.099400e-03
15.000000 4.066125e-03
15.250000 4.032212e-03
15.500000 3.997671e-03
15.750000 3.962512e-03
16.000000 3.926747e-03
16.250000 3.890385e-03
16.500000 3.853439e-03
16.750000 3.815918e-03
17.000000 3.777834e-03
17.250000 3.739199e-03
17.500000 3.700025e-03
17.750000 3.660324e-03
18.000000 3.620107e-03
18.250000 3.579387e-03
18.500000 3.538176e-03
18.750000 3.496488e-03
19.000000 3.454335e-03
19.250000 3.411730e-03
19.500000 3.368686e-03
19.750000 3.325217e-03
20.000000 3.281337e-03
20.250000 3.237058e-03
20.500000 3.192396e-03
20.750000 3.147363e-03
21.000000 3.101975e-03
21.250000 3.056247e-03
21.500000 3.010191e-03
21.750000 2.963825e-03
22.000000 2.917161e-03
22.250000 2.870217e-03
22.500000 2.823006e-03
22.750000 2.775545e-03
23.000000 2.727850e-03
23.250000 2.679936e-03
23.500000 2.631820e-03
23.750000 2.583519e-03
24.000000 2.535049e-03
24.250000 2.486426e-03
24.500000 2.437669e-03
24.750000 2.388795e-03
25.000000 2.339821e-03
25.250000 2.290766e-03
25.500000 2.241649e-03
25.750000 2.192488e-03
26.000000 2.143303e-03
26.250000 2.094113e-03
26.500000 2.044940e-03
26.750000 1.995803e-03
27.000000 1.946724e-03
27.250000 1.897726e-03
27.500000 1.848832e-03
27.750000 1.800064e-03
28.000000 1.751449e-03
28.250000 1.703012e-03
28.500000 1.654780e-03
28.750000 1.606781e-03
29.000000 1.559046e-03
29.250000 1.511605e-03
29.500000 1.464493e-03
29.750000 1.417746e-03
30.000000 1.371401e-03
30.250000 1.325501e-03
30.500000 1.280090e-03
30.750000 1.235216e-03
31.000000 1.190933e-03
31.250000 1.147297e-03
31.500000 1.104373e-03
31.750000 1.062230e-03
32.000000 1.020945e-03
32.250000 9.806046e-04
32.500000 9.413030e-04
32.750000 9.031460e-04
33.000000 8.662506e-04
33.250000 8.307466e-04
33.500000 7.967773e-04
33.750000 7.645001e-04
34.000000 7.340859e-04
34.250000 7.057186e-04
34.500000 6.795925e-04
34.750000 6.559083e-04
35.000000 6.348671e-04
35.250000 6.166622e-04
35.500000 6.014693e-04
35.750000 5.894354e-04
36.000000 5.806667e-04
36.250000 5.752192e-04
36.500000 5.730917e-04
36.750000 5.742232e-04
37.000000 5.784952e-04
37.250000 5.857393e-04
37.500000 5.957471e-04
37.750000 6.082830e-04
38.000000 6.230962e-04
38.250000 6.399317e-04
38.500000 6.585394e-04
38.750000 6.786805e-04
39.000000 7.001315e-04
39.250000 7.226872e-04
39.500000 7.461610e-04
39.750000 7.703851e-04
40.000000 7.952094e-04
40.250000 8.205003e-04
40.500000 8.461392e-04
40.750000 8.720210e-04
41.000000 8.980528e-04
41.250000 9.241522e-04
41.500000 9.502460e-04
41.750000 9.762696e-04
42.000000 1.002165e-03
42.250000 1.027881e-03
42.500000 1.053372e-03
42.750000 1.078597e-03
43.000000 1.103519e-03
43.250000 1.128105e-03
43.500000 1.152325e-03
43.750000 1.176153e-03
44.000000 1.199565e-03
44.250000 1.222537e-03
44.500000 1.245052e-03
44.750000 1.267090e-03
45.000000 1.288635e-03
45.250000 1.309674e-03
45.500000 1.330191e-03
45.750000 1.350175e-03
46.000000 1.369615e-03
46.250000 1.388501e-03
46.500000 1.406823e-03
46.750000 1.424573e-03
47.000000 1.441745e-03
47.250000 1.458331e-03
47.500000 1.474325e-03
47.750000 1.489722e-03
48.000000 1.504517e-03
48.250000 1.518707e-03
48.500000 1.532287e-03
48.750000 1.545254e-03
49.000000 1.557606e-03
49.250000 1.569341e-03
49.500000 1.580457e-03
49.750000 1.590952e-03
50.000000 1.600827e-03
