-50.000000 1.604958e-04
-49.750000 1.354772e-04
-49.500000 1.189446e-04
-49.250000 1.168627e-04
-49.000000 1.319709e-04
-48.750000 1.611671e-04
-48.500000 1.997229e-04
-48.250000 2.443732e-04
-48.000000 2.932839e-04
-47.750000 3.454297e-04
-47.500000 4.001958e-04
-47.250000 4.571767e-04
-47.000000 5.160761e-04
-46.750000 5.766559e-04
-46.500000 6.387088e-04
-46.250000 7.020433e-04
-46.000000 7.664746e-04
-45.750000 8.318203e-04
-45.500000 8.978964e-04
-45.250000 9.645167e-04
-45.000000 1.031491e-03
-44.750000 1.098625e-03
-44.500000 1.165721e-03
-44.250000 1.232579e-03
-44.000000 1.298993e-03
-43.750000 1.364758e-03
-43.500000 1.429665e-03
-43.250000 1.493507e-03
-43.000000 1.556077e-03
-42.750000 1.617169e-03
-42.500000 1.676579e-03
-42.250000 1.734110e-03
-42.000000 1.789568e-03
-41.750000 1.842767e-03
-41.500000 1.893528e-03
-41.250000 1.941681e-03
-41.000000 1.987069e-03
-40.750000 2.029544e-03
-40.500000 2.068975e-03
-40.250000 2.105243e-03
-40.000000 2.138246e-03
-39.750000 2.167901e-03
-39.500000 2.194144e-03
-39.250000 2.216930e-03
-39.000000 2.236239e-03
-38.750000 2.252073e-03
-38.500000 2.264458e-03
-38.250000 2.273447e-03
-38.000000 2.279122e-03
-37.750000 2.281593e-03
-37.500000 2.280999e-03
-37.250000 2.277510e-03
-37.000000 2.271331e-03
-36.750000 2.262694e-03
-36.500000 2.251869e-03
-36.250000 2.239154e-03
-36.000000 2.224881e-03
-35.750000 2.209413e-03
-35.500000 2.193139e-03
-35.250000 2.176474e-03
-35.000000 2.159853e-03
-34.750000 2.143727e-03
-34.500000 2.128551e-03
-34.250000 2.114784e-03
-34.000000 2.102870e-03
-33.750000 2.093233e-03
-33.500000 2.086265e-03
-33.250000 2.082309e-03
-33.000000 2.081653e-03
-32.750000 2.084515e-03
-32.500000 2.091041e-03
-32.250000 2.101290e-03
-32.000000 2.115238e-03
-31.750000 2.132777e-03
-31.500000 2.153716e-03
-31.250000 2.177790e-03
-31.000000 2.204666e-03
-30.750000 2.233955e-03
-30.500000 2.265221e-03
-30.250000 2.297994e-03
-30.000000 2.331777e-03
-29.750000 2.366062e-03
-29.500000 2.400333e-03
-29.250000 2.434077e-03
-29.000000 2.466790e-03
-28.750000 2.497982e-03
-28.500000 2.527185e-03
-28.250000 2.553951e-03
-28.000000 2.577862e-03
-27.750000 2.598528e-03
-27.500000 2.615589e-03
-27.250000 2.628722e-03
-27.000000 2.637635e-03
-26.750000 2.642077e-03
-26.500000 2.641830e-03
-26.250000 2.636720e-03
-26.000000 2.626608e-03
-25.750000 2.611401e-03
-25.500000 2.591045e-03
-25.250000 2.565533e-03
-25.000000 2.534902e-03
-24.750000 2.499237e-03
-24.500000 2.458671e-03
-24.250000 2.413389e-03
-24.000000 2.363632e-03
-23.750000 2.309694e-03
-23.500000 2.251935e-03
-23.250000 2.190774e-03
-23.000000 2.126704e-03
-22.750000 2.060290e-03
-22.500000 1.992179e-03
-22.250000 1.923102e-03
-22.000000 1.853882e-03
-21.750000 1.785437e-03
-21.500000 1.718780e-03
-21.250000 1.655010e-03
-21.000000 1.595305e-03
-20.750000 1.540887e-03
-20.500000 1.492980e-03
-20.250000 1.452749e-03
-20.000000 1.421218e-03
-19.750000 1.399182e-03
-19.500000 1.387121e-03
-19.250000 1.385141e-03
-19.000000 1.392951e-03
-18.750000 1.409879e-03
-18.500000 1.434938e-03
-18.250000 1.466906e-03
-18.000000 1.504421e-03
-17.750000 1.546067e-03
-17.500000 1.590436e-03
-17.250000 1.636181e-03
-17.000000 1.682044e-03
-16.750000 1.726874e-03
-16.500000 1.769635e-03
-16.250000 1.809407e-03
-16.000000 1.845386e-03
-15.750000 1.876883e-03
-15.500000 1.903327e-03
-15.250000 1.924258e-03
-15.000000 1.939341e-03
-14.750000 1.948365e-03
-14.500000 1.951257e-03
-14.250000 1.948096e-03
-14.000000 1.939129e-03
-13.750000 1.924799e-03
-13.500000 1.905772e-03
-13.250000 1.882974e-03
-13.000000 1.857626e-03
-12.750000 1.831291e-03
-12.500000 1.805903e-03
-12.250000 1.783788e-03
-12.000000 1.767652e-03
-11.750000 1.760513e-03
-11.500000 1.765562e-03
-11.250000 1.785955e-03
-11.000000 1.824543e-03
-10.750000 1.883609e-03
-10.500000 1.964666e-03
-10.250000 2.068383e-03
-10.000000 2.194635e-03
-9.750000 2.342659e-03
-9.500000 2.511243e-03
-9.250000 2.698914e-03
-9.000000 2.904083e-03
-8.750000 3.125140e-03
-8.500000 3.360517e-03
-8.250000 3.608714e-03
-8.000000 3.868312e-03
-7.750000 4.137969e-03
-7.500000 4.416413e-03
-7.250000 4.702432e-03
-7.000000 4.994868e-03
-6.750000 5.292604e-03
-6.500000 5.594559e-03
-6.250000 5.899681e-03
-6.000000 6.206944e-03
-5.750000 6.515343e-03
-5.500000 6.823891e-03
-5.250000 7.131618e-03
-5.000000 7.437574e-03
-4.750000 7.740820e-03
-4.500000 8.040438e-03
-4.250000 8.335525e-03
-4.000000 8.625198e-03
-3.750000 8.908592e-03
-3.500000 9.184865e-03
-3.250000 9.453195e-03
-3.000000 9.712787e-03
-2.750000 9.962872e-03
-2.500000 1.020271e-02
-2.250000 1.043158e-02
-2.000000 1.064882e-02
-1.750000 1.085377e-02
-1.500000 1.104582e-02
-1.250000 1.122441e-02
-1.000000 1.138899e-02
-0.750000 1.153908e-02
-0.500000 1.167422e-02
-0.250000 1.179401e-02
0.000000 1.189808e-02
0.250000 1.198611e-02
0.500000 1.205784e-02
0.750000 1.211303e-02
1.000000 1.215152e-02
1.250000 1.217318e-02
1.500000 1.217793e-02
1.750000 1.216576e-02
2.000000 1.213667e-02
2.250000 1.209074e-02
2.500000 1.202810e-02
2.750000 1.194891e-02
3.000000 1.185341e-02
3.250000 1.174186e-02
3.500000 1.161457e-02
3.750000 1.147191e-02
4.000000 1.131429e-02
4.250000 1.114216e-02
4.500000 1.095603e-02
4.750000 1.075642e-02
5.000000 1.054393e-02
5.250000 1.031918e-02
5.500000 1.008281e-02
5.750000 9.835529e-03
6.000000 9.578060e-03
6.250000 9.311167e-03
6.500000 9.035643e-03
6.750000 8.752312e-03
7.000000 8.462026e-03
7.250000 8.165666e-03
7.500000 7.864139e-03
7.750000 7.558379e-03
8.000000 7.249345e-03
8.250000 6.938022e-03
8.500000 6.625424e-03
8.750000 6.312592e-03
9.000000 6.000600e-03
9.250000 5.690556e-03
9.500000 5.383608e-03
9.750000 5.080951e-03
10.000000 4.783836e-03
10.250000 4.493580e-03
10.500000 4.211576e-03
10.750000 3.939312e-03
11.000000 3.678381e-03
11.250000 3.430494e-03
11.500000 3.197485e-03
11.750000 2.981308e-03
12.000000 2.783996e-03
12.250000 2.607602e-03
12.500000 2.454068e-03
12.750000 2.325045e-03
13.000000 2.221665e-03
13.250000 2.144291e-03
13.500000 2.092337e-03
13.750000 2.064197e-03
14.000000 2.057354e-03
14.250000 2.068625e-03
14.500000 2.094478e-03
14.750000 2.131348e-03
15.000000 2.175874e-03
15.250000 2.225050e-03
15.500000 2.276297e-03
15.750000 2.327470e-03
16.000000 2.376838e-03
16.250000 2.423045e-03
16.500000 2.465060e-03
16.750000 2.502139e-03
17.000000 2.533782e-03
17.250000 2.559702e-03
17.500000 2.579801e-03
17.750000 2.594141e-03
18.000000 2.602933e-03
18.250000 2.606516e-03
18.500000 2.605350e-03
18.750000 2.600002e-03
19.000000 2.591136e-03
19.250000 2.579504e-03
19.500000 2.565934e-03
19.750000 2.551316e-03
20.000000 2.536590e-03
20.250000 2.522723e-03
20.500000 2.510692e-03
20.750000 2.501456e-03
21.000000 2.495928e-03
21.250000 2.494945e-03
21.500000 2.499239e-03
21.750000 2.509408e-03
22.000000 2.525892e-03
22.250000 2.548960e-03
22.500000 2.578699e-03
22.750000 2.615016e-03
23.000000 2.657648e-03
23.250000 2.706182e-03
23.500000 2.760075e-03
23.750000 2.818680e-03
24.000000 2.881273e-03
24.250000 2.947080e-03
24.500000 3.015297e-03
24.750000 3.085110e-03
25.000000 3.155713e-03
25.250000 3.226319e-03
25.500000 3.296172e-03
25.750000 3.364551e-03
26.000000 3.430779e-03
26.250000 3.494222e-03
26.500000 3.554297e-03
26.750000 3.610466e-03
27.000000 3.662242e-03
27.250000 3.709188e-03
27.500000 3.750913e-03
27.750000 3.787077e-03
28.000000 3.817384e-03
28.250000 3.841585e-03
28.500000 3.859475e-03
28.750000 3.870894e-03
29.000000 3.875723e-03
29.250000 3.873882e-03
29.500000 3.865334e-03
29.750000 3.850078e-03
30.000000 3.828151e-03
30.250000 3.799624e-03
30.500000 3.764602e-03
30.750000 3.723226e-03
31.000000 3.675663e-03
31.250000 3.622113e-03
31.500000 3.562804e-03
31.750000 3.497989e-03
32.000000 3.427949e-03
32.250000 3.352986e-03
32.500000 3.273427e-03
32.750000 3.189618e-03
33.000000 3.101927e-03
33.250000 3.010739e-03
33.500000 2.916456e-03
33.750000 2.819499e-03
34.000000 2.720300e-03
34.250000 2.619311e-03
34.500000 2.516994e-03
34.750000 2.413826e-03
35.000000 2.310297e-03
35.250000 2.206911e-03
35.500000 2.104184e-03
35.750000 2.002646e-03
36.000000 1.902841e-03
36.250000 1.805325e-03
36.500000 1.710668e-03
36.750000 1.619450e-03
37.000000 1.532261e-03
37.250000 1.449689e-03
37.500000 1.372318e-03
37.750000 1.300707e-03
38.000000 1.235376e-03
38.250000 1.176775e-03
38.500000 1.125254e-03
38.750000 1.081031e-03
39.000000 1.044158e-03
39.250000 1.014496e-03
39.500000 9.917101e-04
39.750000 9.752756e-04
40.000000 9.645075e-04
40.250000 9.586033e-04
40.500000 9.566926e-04
40.750000 9.578868e-04
41.000000 9.613216e-04
41.250000 9.661893e-04
41.500000 9.717601e-04
41.750000 9.773933e-04
42.000000 9.825414e-04
42.250000 9.867484e-04
42.500000 9.896447e-04
42.750000 9.909402e-04
43.000000 9.904168e-04
43.250000 9.879206e-04
43.500000 9.833550e-04
43.750000 9.766732e-04
44.000000 9.678727e-04
44.250000 9.569896e-04
44.500000 9.440932e-04
44.750000 9.292820e-04
45.000000 9.126791e-04
45.250000 8.944289e-04
45.500000 8.746932e-04
45.750000 8.536481e-04
46.000000 8.314806e-04
46.250000 8.083853e-04
46.500000 7.845616e-04
46.750000 7.602102e-04
47.000000 7.355296e-04
47.250000 7.107129e-04
47.500000 6.859441e-04
47.750000 6.613944e-04
48.000000 6.372182e-04
48.250000 6.135496e-04
48.500000 5.904982e-04
48.750000 5.681462e-04
49.000000 5.465455e-04
49.250000 5.257153e-04
49.500000 5.056410e-04
49.750000 4.862747e-04
50.000000 4.675358e-04
