-50.000000 3.762713e-02
-49.750000 3.440692e-02
-49.500000 3.093113e-02
-49.250000 2.727092e-02
-49.000000 2.352811e-02
-48.750000 1.986070e-02
-48.500000 1.653434e-02
-48.250000 1.400344e-02
-48.000000 1.291154e-02
-47.750000 1.369547e-02
-47.500000 1.609705e-02
-47.250000 1.948959e-02
-47.000000 2.337324e-02
-46.750000 2.744492e-02
-46.500000 3.152205e-02
-46.250000 3.548482e-02
-46.000000 3.924674e-02
-45.750000 4.274042e-02
-45.500000 4.591059e-02
-45.250000 4.871073e-02
-45.000000 5.110131e-02
-44.750000 5.304892e-02
-44.500000 5.452590e-02
-44.250000 5.551024e-02
-44.000000 5.598553e-02
-43.750000 5.594109e-02
-43.500000 5.537215e-02
-43.250000 5.428001e-02
-43.000000 5.267234e-02
-42.750000 5.056362e-02
-42.500000 4.797569e-02
-42.250000 4.493882e-02
-42.000000 4.149341e-02
-41.750000 3.769315e-02
-41.500000 3.361098e-02
-41.250000 2.935080e-02
-41.000000 2.507161e-02
-40.750000 2.103683e-02
-40.500000 1.770285e-02
-40.250000 1.578766e-02
-40.000000 1.600006e-02
-39.750000 1.835673e-02
-39.500000 2.219747e-02
-39.250000 2.685150e-02
-39.000000 3.188548e-02
-38.750000 3.703967e-02
-38.500000 4.214777e-02
-38.250000 4.709225e-02
-38.000000 5.178252e-02
-37.750000 5.614432e-02
-37.500000 6.011456e-02
-37.250000 6.363866e-02
-37.000000 6.666928e-02
-36.750000 6.916578e-02
-36.500000 7.109403e-02
-36.250000 7.242643e-02
-36.000000 7.314212e-02
-35.750000 7.322718e-02
-35.500000 7.267500e-02
-35.250000 7.148667e-02
-35.000000 6.967149e-02
-34.750000 6.724773e-02
-34.500000 6.424361e-02
-34.250000 6.069889e-02
-34.000000 5.666745e-02
-33.750000 5.222146e-02
-33.500000 4.745867e-02
-33.250000 4.251513e-02
-33.000000 3.758737e-02
-32.750000 3.296907e-02
-32.500000 2.909896e-02
-32.250000 2.657440e-02
-32.000000 2.599916e-02
-31.750000 2.761865e-02
-31.500000 3.113211e-02
-31.250000 3.596147e-02
-31.000000 4.157292e-02
-30.750000 4.757577e-02
-30.500000 5.369821e-02
-30.250000 5.974558e-02
-30.000000 6.557082e-02
-29.750000 7.105676e-02
-29.500000 7.610626e-02
-29.250000 8.063666e-02
-29.000000 8.457676e-02
-28.750000 8.786515e-02
-28.500000 9.044947e-02
-28.250000 9.228600e-02
-28.000000 9.333962e-02
-27.750000 9.358398e-02
-27.500000 9.300170e-02
-27.250000 9.158473e-02
-27.000000 8.933482e-02
-26.750000 8.626416e-02
-26.500000 8.239627e-02
-26.250000 7.776742e-02
-26.000000 7.242889e-02
-25.750000 6.645096e-02
-25.500000 5.993014e-02
-25.250000 5.300302e-02
-25.000000 4.587410e-02
-24.750000 3.887310e-02
-24.500000 3.256893e-02
-24.250000 2.793829e-02
-24.000000 2.631591e-02
-23.750000 2.850100e-02
-23.500000 3.388712e-02
-23.250000 4.124647e-02
-23.000000 4.963487e-02
-22.750000 5.847822e-02
-22.500000 6.742325e-02
-22.250000 7.623118e-02
-22.000000 8.472355e-02
-21.750000 9.275597e-02
-21.500000 1.002053e-01
-21.250000 1.069635e-01
-21.000000 1.129340e-01
-20.750000 1.180310e-01
-20.500000 1.221786e-01
-20.250000 1.253105e-01
-20.000000 1.273712e-01
-19.750000 1.283155e-01
-19.500000 1.281102e-01
-19.250000 1.267343e-01
-19.000000 1.241807e-01
-18.750000 1.204571e-01
-18.500000 1.155888e-01
-18.250000 1.096211e-01
-18.000000 1.026250e-01
-17.750000 9.470540e-02
-17.500000 8.601578e-02
-17.250000 7.678591e-02
-17.000000 6.737342e-02
-16.750000 5.836008e-02
-16.500000 5.070637e-02
-16.250000 4.586823e-02
-16.000000 4.543579e-02
-15.750000 5.001422e-02
-15.500000 5.873414e-02
-15.250000 7.019916e-02
-15.000000 8.328876e-02
-14.750000 9.725746e-02
-14.500000 1.116088e-01
-14.250000 1.259874e-01
-14.000000 1.401169e-01
-13.750000 1.537666e-01
-13.500000 1.667340e-01
-13.250000 1.788359e-01
-13.000000 1.899036e-01
-12.750000 1.997809e-01
-12.500000 2.083232e-01
-12.250000 2.153978e-01
-12.000000 2.208843e-01
-11.750000 2.246765e-01
-11.500000 2.266834e-01
-11.250000 2.268322e-01
-11.000000 2.250703e-01
-10.750000 2.213701e-01
-10.500000 2.157341e-01
-10.250000 2.082032e-01
-10.000000 1.988690e-01
-9.750000 1.878933e-01
-9.500000 1.755395e-01
-9.250000 1.622240e-01
-9.000000 1.485995e-01
-8.750000 1.356794e-01
-8.500000 1.249816e-01
-8.250000 1.185567e-01
-8.000000 1.185900e-01
-7.750000 1.264687e-01
-7.500000 1.420947e-01
-7.250000 1.642567e-01
-7.000000 1.914788e-01
-6.750000 2.225089e-01
-6.500000 2.564053e-01
-6.250000 2.924704e-01
-6.000000 3.301707e-01
-5.750000 3.690770e-01
-5.500000 4.088253e-01
-5.250000 4.490936e-01
-5.000000 4.895871e-01
-4.750000 5.300295e-01
-4.500000 5.701582e-01
-4.250000 6.097213e-01
-4.000000 6.484759e-01
-3.750000 6.861880e-01
-3.500000 7.226322e-01
-3.250000 7.575921e-01
-3.000000 7.908611e-01
-2.750000 8.222432e-01
-2.500000 8.515538e-01
-2.250000 8.786205e-01
-2.000000 9.032842e-01
-1.750000 9.253999e-01
-1.500000 9.448374e-01
-1.250000 9.614825e-01
-1.000000 9.752370e-01
-0.750000 9.860200e-01
-0.500000 9.937678e-01
-0.250000 9.984349e-01
0.000000 9.999936e-01
0.250000 9.984349e-01
0.500000 9.937678e-01
0.750000 9.860200e-01
1.000000 9.752370e-01
1.250000 9.614825e-01
1.500000 9.448374e-01
1.750000 9.253999e-01
2.000000 9.032842e-01
2.250000 8.786205e-01
2.500000 8.515538e-01
2.750000 8.222432e-01
3.000000 7.908611e-01
3.250000 7.575921e-01
3.500000 7.226322e-01
3.750000 6.861880e-01
4.000000 6.484759e-01
4.250000 6.097213e-01
4.500000 5.701582e-01
4.750000 5.300295e-01
5.000000 4.895871e-01
5.250000 4.490936e-01
5.500000 4.088253e-01
5.750000 3.690770e-01
6.000000 3.301707e-01
6.250000 2.924704e-01
6.500000 2.564053e-01
6.750000 2.225089e-01
7.000000 1.914788e-01
7.250000 1.642567e-01
7.500000 1.420947e-01
7.750000 1.264687e-01
8.000000 1.185900e-01
8.250000 1.185567e-01
8.500000 1.249816e-01
8.750000 1.356794e-01
9.000000 1.485995e-01
9.250000 1.622240e-01
9.500000 1.755395e-01
9.750000 1.878933e-01
10.000000 1.988690e-01
10.250000 2.082032e-01
10.500000 2.157341e-01
10.750000 2.213701e-01
11.000000 2.250703e-01
11.250000 2.268322e-01
11.500000 2.266834e-01
11.750000 2.246765e-01
12.000000 2.208843e-01
12.250000 2.153978e-01
12.500000 2.083232e-01
12.750000 1.997809e-01
13.000000 1.899036e-01
13.250000 1.788359e-01
13.500000 1.667340e-01
13.750000 1.537666e-01
14.000000 1.401169e-01
14.250000 1.259874e-01
14.500000 1.116088e-01
14.750000 9.725746e-02
15.000000 8.328876e-02
15.250000 7.019916e-02
15.500000 5.873414e-02
15.750000 5.001422e-02
16.000000 4.543579e-02
16.250000 4.586823e-02
16.500000 5.070637e-02
16.750000 5.836008e-02
17.000000 6.737342e-02
17.250000 7.678591e-02
17.500000 8.601578e-02
17.750000 9.470540e-02
18.000000 1.026250e-01
18.250000 1.096211e-01
18.500000 1.155888e-01
18.750000 1.204571e-01
19.000000 1.241807e-01
19.250000 1.267343e-01
19.500000 1.281102e-01
19.750000 1.283155e-01
20.000000 1.273712e-01
20.250000 1.253105e-01
20.500000 1.221786e-01
20.750000 1.180310e-01
21.000000 1.129340e-01
21.250000 1.069635e-01
21.500000 1.002053e-01
21.750000 9.275597e-02
22.000000 8.472355e-02
22.250000 7.623118e-02
22.500000 6.742325e-02
22.750000 5.847822e-02
23.000000 4.963487e-02
23.250000 4.124647e-02
23.500000 3.388712e-02
23.750000 2.850100e-02
24.000000 2.631591e-02
24.250000 2.793829e-02
24.500000 3.256893e-02
24.750000 3.887310e-02
25.000000 4.587410e-02
25.250000 5.300302e-02
25.500000 5.993014e-02
25.750000 6.645096e-02
26.000000 7.242889e-02
26.250000 7.776742e-02
26.500000 8.239627e-02
26.750000 8.626416e-02
27.000000 8.933482e-02
27.250000 9.158473e-02
27.500000 9.300170e-02
27.750000 9.358398e-02
28.000000 9.333962e-02
28.250000 9.228600e-02
28.500000 9.044947e-02
28.750000 8.786515e-02
29.000000 8.457676e-02
29.250000 8.063666e-02
29.500000 7.610626e-02
29.750000 7.105676e-02
30.000000 6.557082e-02
30.250000 5.974558e-02
30.500000 5.369821e-02
30.750000 4.757577e-02
31.000000 4.157292e-02
31.250000 3.596147e-02
31.500000 3.113211e-02
31.750000 2.761865e-02
32.000000 2.599916e-02
32.250000 2.657440e-02
32.500000 2.909896e-02
32.750000 3.296907e-02
33.000000 3.758737e-02
33.250000 4.251513e-02
33.500000 4.745867e-02
33.750000 5.222146e-02
34.000000 5.666745e-02
34.250000 6.069889e-02
34.500000 6.424361e-02
34.750000 6.724773e-02
35.000000 6.967149e-02
35.250000 7.148667e-02
35.500000 7.267500e-02
35.750000 7.322718e-02
36.000000 7.314212e-02
36.250000 7.242643e-02
36.500000 7.109403e-02
36.750000 6.916578e-02
37.000000 6.666928e-02
37.250000 6.363866e-02
37.500000 6.011456e-02
37.750000 5.614432e-02
38.000000 5.178252e-02
38.250000 4.709225e-02
38.500000 4.214777e-02
38.750000 3.703967e-02
39.000000 3.188548e-02
39.250000 2.685150e-02
39.500000 2.219747e-02
39.750000 1.835673e-02
40.000000 1.600006e-02
40.250000 1.578766e-02
40.500000 1.770285e-02
40.750000 2.103683e-02
41.000000 2.507161e-02
41.250000 2.935080e-02
41.500000 3.361098e-02
41.750000 3.769315e-02
42.000000 4.149341e-02
42.250000 4.493882e-02
42.500000 4.797569e-02
42.750000 5.056362e-02
43.000000 5.267234e-02
43.250000 5.428001e-02
43.500000 5.537215e-02
43.750000 5.594109e-02
44.000000 5.598553e-02
44.250000 5.551024e-02
44.500000 5.452590e-02
44.750000 5.304892e-02
45.000000 5.110131e-02
45.250000 4.871073e-02
45.500000 4.591059e-02
45.750000 4.274042e-02
46.000000 3.924674e-02
46.250000 3.548482e-02
46.500000 3.152205e-02
46.750000 2.744492e-02
47.000000 2.337324e-02
47.250000 1.948959e-02
47.500000 1.609705e-02
47.750000 1.369547e-02
48.000000 1.291154e-02
48.250000 1.400344e-02
48.500000 1.653434e-02
48.750000 1.986070e-02
49.000000 2.352811e-02
49.250000 2.727092e-02
49.500000 3.093113e-02
49.750000 3.440692e-02
50.000000 3.762713e-02
