-50.000000 1.755782e-04
-49.750000 9.999151e-05
-49.500000 1.946607e-04
-49.250000 3.324528e-04
-49.000000 4.521760e-04
-48.750000 5.333573e-04
-48.500000 5.637574e-04
-48.250000 5.377395e-04
-48.000000 4.567303e-04
-47.750000 3.292722e-04
-47.500000 1.707822e-04
-47.250000 3.717615e-05
-47.000000 1.781447e-04
-46.750000 3.169253e-04
-46.500000 4.138481e-04
-46.250000 4.573258e-04
-46.000000 4.433981e-04
-45.750000 3.756440e-04
-45.500000 2.648564e-04
-45.250000 1.305298e-04
-45.000000 6.965738e-05
-44.750000 1.902801e-04
-44.500000 3.053140e-04
-44.250000 3.832145e-04
-44.000000 4.132094e-04
-43.750000 3.912475e-04
-43.500000 3.191345e-04
-43.250000 2.045332e-04
-43.000000 7.011568e-05
-42.750000 1.320132e-04
-42.500000 2.981332e-04
-42.250000 4.539294e-04
-42.000000 5.788472e-04
-41.750000 6.573503e-04
-41.500000 6.784104e-04
-41.250000 6.376674e-04
-41.000000 5.410054e-04
-40.750000 4.134178e-04
-40.500000 3.265330e-04
-40.250000 3.878085e-04
-40.000000 5.590634e-04
-39.750000 7.432609e-04
-39.500000 8.887841e-04
-39.250000 9.677768e-04
-39.000000 9.661432e-04
-38.750000 8.820331e-04
-38.500000 7.258129e-04
-38.250000 5.209021e-04
-38.000000 3.130030e-04
-37.750000 2.266032e-04
-37.500000 3.441459e-04
-37.250000 4.900692e-04
-37.000000 5.861275e-04
-36.750000 6.140247e-04
-36.500000 5.757014e-04
-36.250000 4.872125e-04
-36.000000 3.784088e-04
-35.750000 2.954097e-04
-35.500000 2.831751e-04
-35.250000 3.242021e-04
-35.000000 3.654437e-04
-34.750000 3.814401e-04
-34.500000 3.759045e-04
-34.250000 3.730016e-04
-34.000000 4.009993e-04
-33.750000 4.644420e-04
-33.500000 5.410549e-04
-33.250000 6.039314e-04
-33.000000 6.341805e-04
-32.750000 6.228945e-04
-32.500000 5.701793e-04
-32.250000 4.833878e-04
-32.000000 3.748449e-04
-31.750000 2.592987e-04
-31.500000 1.514876e-04
-31.250000 6.470457e-05
-31.000000 2.245293e-05
-30.750000 4.283045e-05
-30.500000 6.293617e-05
-30.250000 1.009138e-04
-30.000000 1.708093e-04
-29.750000 2.648826e-04
-29.500000 3.701944e-04
-29.250000 4.727349e-04
-29.000000 5.579695e-04
-28.750000 6.119943e-04
-28.500000 6.233809e-04
-28.250000 5.853970e-04
-28.000000 4.983731e-04
-27.750000 3.728343e-04
-27.500000 2.395106e-04
-27.250000 1.899377e-04
-27.000000 2.839853e-04
-26.750000 4.068944e-04
-26.500000 4.974843e-04
-26.250000 5.381055e-04
-26.000000 5.317240e-04
-25.750000 5.004429e-04
-25.500000 4.816617e-04
-25.250000 5.040025e-04
-25.000000 5.555449e-04
-24.750000 5.957596e-04
-24.500000 5.885019e-04
-24.250000 5.180401e-04
-24.000000 4.014046e-04
-23.750000 3.265587e-04
-23.500000 4.266149e-04
-23.250000 6.350303e-04
-23.000000 8.346431e-04
-22.750000 9.604764e-04
-22.500000 9.737963e-04
-22.250000 8.560424e-04
-22.000000 6.096624e-04
-21.750000 2.595587e-04
-21.500000 1.713007e-04
-21.250000 5.942523e-04
-21.000000 9.733920e-04
-20.750000 1.249249e-03
-20.500000 1.380283e-03
-20.250000 1.350571e-03
-20.000000 1.186626e-03
-19.750000 9.966545e-04
-19.500000 1.011644e-03
-19.250000 1.354587e-03
-19.000000 1.862342e-03
-18.750000 2.367000e-03
-18.500000 2.766486e-03
-18.250000 2.999135e-03
-18.000000 3.034258e-03
-17.750000 2.869684e-03
-17.500000 2.529298e-03
-17.250000 2.058925e-03
-17.000000 1.521468e-03
-16.750000 9.957729e-04
-16.500000 5.964578e-04
-16.250000 4.958418e-04
-16.000000 6.136197e-04
-15.750000 6.978470e-04
-15.500000 6.687556e-04
-15.250000 5.348467e-04
-15.000000 3.787191e-04
-14.750000 4.229498e-04
-14.500000 6.921245e-04
-14.250000 1.000747e-03
-14.000000 1.256014e-03
-13.750000 1.405863e-03
-13.500000 1.418820e-03
-13.250000 1.289364e-03
-13.000000 1.063794e-03
-12.750000 9.183499e-04
-12.500000 1.145993e-03
-12.250000 1.716789e-03
-12.000000 2.414853e-03
-11.750000 3.099914e-03
-11.500000 3.677303e-03
-11.250000 4.077177e-03
-11.000000 4.253728e-03
-10.750000 4.188526e-03
-10.500000 3.892692e-03
-10.250000 3.406193e-03
-10.000000 2.794111e-03
-9.750000 2.141089e-03
-9.500000 1.547142e-03
-9.250000 1.127685e-03
-9.000000 9.872795e-04
-8.750000 1.118909e-03
-8.500000 1.451222e-03
-8.250000 1.975988e-03
-8.000000 2.696214e-03
-7.750000 3.573299e-03
-7.500000 4.529303e-03
-7.250000 5.462458e-03
-7.000000 6.260106e-03
-6.750000 6.809693e-03
-6.500000 7.009663e-03
-6.250000 6.780892e-03
-6.000000 6.078717e-03
-5.750000 4.906858e-03
-5.500000 3.346253e-03
-5.250000 1.746538e-03
-5.000000 1.961526e-03
-4.750000 3.977045e-03
-4.500000 6.193514e-03
-4.250000 8.265132e-03
-4.000000 1.006791e-02
-3.750000 1.157933e-02
-3.500000 1.286812e-02
-3.250000 1.406642e-02
-3.000000 1.530433e-02
-2.750000 1.662562e-02
-2.500000 1.793539e-02
-2.250000 1.901383e-02
-2.000000 1.958067e-02
-1.750000 1.937324e-02
-1.500000 1.821702e-02
-1.250000 1.608984e-02
-1.000000 1.320671e-02
-0.750000 1.021452e-02
-0.500000 8.590139e-03
-0.250000 9.867600e-03
0.000000 1.311693e-02
0.250000 1.662200e-02
0.500000 1.939757e-02
0.750000 2.091544e-02
1.000000 2.090861e-02
1.250000 1.931614e-02
1.500000 1.626147e-02
1.750000 1.202955e-02
2.000000 7.041400e-03
2.250000 1.990527e-03
2.500000 3.712500e-03
2.750000 8.080885e-03
3.000000 1.148174e-02
3.250000 1.359319e-02
3.500000 1.429481e-02
3.750000 1.363087e-02
4.000000 1.180286e-02
4.250000 9.169481e-03
4.500000 6.315647e-03
4.750000 4.420589e-03
5.000000 5.016467e-03
5.250000 7.009766e-03
5.500000 8.864717e-03
5.750000 1.005239e-02
6.000000 1.043728e-02
6.250000 1.005961e-02
6.500000 9.067646e-03
6.750000 7.679143e-03
7.000000 6.151362e-03
7.250000 4.755680e-03
7.500000 3.738616e-03
7.750000 3.213735e-03
8.000000 3.039999e-03
8.250000 2.952521e-03
8.500000 2.792904e-03
8.750000 2.551546e-03
9.000000 2.314752e-03
9.250000 2.194979e-03
9.500000 2.242872e-03
9.750000 2.409134e-03
10.000000 2.610707e-03
10.250000 2.800386e-03
10.500000 2.979251e-03
10.750000 3.176056e-03
11.000000 3.416400e-03
11.250000 3.698622e-03
11.500000 3.989865e-03
11.750000 4.239774e-03
12.000000 4.398322e-03
12.250000 4.428853e-03
12.500000 4.315010e-03
12.750000 4.062814e-03
13.000000 3.698798e-03
13.250000 3.264318e-03
13.500000 2.805775e-03
13.750000 2.361203e-03
14.000000 1.946748e-03
14.250000 1.551640e-03
14.500000 1.150601e-03
14.750000 7.387149e-04
15.000000 4.526477e-04
15.250000 6.830707e-04
15.500000 1.177079e-03
15.750000 1.672733e-03
16.000000 2.079130e-03
16.250000 2.341864e-03
16.500000 2.429852e-03
16.750000 2.337107e-03
17.000000 2.083840e-03
17.250000 1.714885e-03
17.500000 1.296223e-03
17.750000 9.119306e-04
18.000000 6.561730e-04
18.250000 5.670354e-04
18.500000 5.420368e-04
18.750000 4.728958e-04
19.000000 3.760495e-04
19.250000 4.377872e-04
19.500000 7.195669e-04
19.750000 1.070470e-03
20.000000 1.392322e-03
20.250000 1.626327e-03
20.500000 1.737146e-03
20.750000 1.711609e-03
21.000000 1.558096e-03
21.250000 1.303743e-03
21.500000 9.894924e-04
21.750000 6.643816e-04
22.000000 3.830361e-04
22.250000 2.172617e-04
22.500000 2.087447e-04
22.750000 2.243908e-04
23.000000 1.832345e-04
23.250000 8.966105e-05
23.500000 8.551968e-05
23.750000 2.293304e-04
24.000000 3.745305e-04
24.250000 5.005637e-04
24.500000 6.033892e-04
24.750000 6.859642e-04
25.000000 7.507712e-04
25.250000 7.935133e-04
25.500000 8.023353e-04
25.750000 7.629915e-04
26.000000 6.667416e-04
26.250000 5.193402e-04
26.500000 3.593363e-04
26.750000 3.091117e-04
27.000000 4.494266e-04
27.250000 6.445113e-04
27.500000 8.027208e-04
27.750000 8.835661e-04
28.000000 8.685474e-04
28.250000 7.560046e-04
28.500000 5.595526e-04
28.750000 3.057744e-04
29.000000 4.190632e-05
29.250000 2.388814e-04
29.500000 4.506165e-04
29.750000 5.855288e-04
30.000000 6.278947e-04
30.250000 5.780712e-04
30.500000 4.564043e-04
30.750000 3.206531e-04
31.000000 3.085441e-04
31.250000 4.604862e-04
31.500000 6.446739e-04
31.750000 7.899204e-04
32.000000 8.671370e-04
32.250000 8.660203e-04
32.500000 7.893515e-04
32.750000 6.500066e-04
33.000000 4.681675e-04
33.250000 2.701564e-04
33.500000 1.111177e-04
33.750000 1.732874e-04
34.000000 3.048026e-04
34.250000 3.983229e-04
34.500000 4.384654e-04
34.750000 4.215002e-04
35.000000 3.508750e-04
35.250000 2.428493e-04
35.500000 1.676927e-04
35.750000 2.643259e-04
36.000000 4.491610e-04
36.250000 6.374730e-04
36.500000 7.944479e-04
36.750000 8.967897e-04
37.000000 9.287133e-04
37.250000 8.830908e-04
37.500000 7.626759e-04
37.750000 5.805132e-04
38.000000 3.604827e-04
38.250000 1.539470e-04
38.500000 1.853829e-04
38.750000 3.577755e-04
39.000000 4.918634e-04
39.250000 5.646953e-04
39.500000 5.794763e-04
39.750000 5.587811e-04
40.000000 5.429716e-04
40.250000 5.718293e-04
40.500000 6.491372e-04
40.750000 7.415764e-04
41.000000 8.105590e-04
41.250000 8.294189e-04
41.500000 7.858766e-04
41.750000 6.810505e-04
42.000000 5.283145e-04
42.250000 3.544024e-04
42.500000 2.157212e-04
42.750000 2.202124e-04
43.000000 3.197943e-04
43.250000 4.007596e-04
43.500000 4.276319e-04
43.750000 3.926658e-04
44.000000 3.008535e-04
44.250000 1.684344e-04
44.500000 7.375076e-05
44.750000 2.043782e-04
45.000000 3.608493e-04
45.250000 4.896340e-04
45.500000 5.739043e-04
45.750000 6.048636e-04
46.000000 5.809129e-04
46.250000 5.078492e-04
46.500000 3.995611e-04
46.750000 2.819992e-04
47.000000 2.083852e-04
47.250000 2.374507e-04
47.500000 3.195827e-04
47.750000 3.897445e-04
48.000000 4.220523e-04
48.250000 4.083618e-04
48.500000 3.500950e-04
48.750000 2.557620e-04
49.000000 1.404496e-04
49.250000 5.084485e-05
49.500000 1.277013e-04
49.750000 2.208988e-04
50.000000 2.843904e-04
