-50.000000 9.535288e-04
-49.750000 1.004731e-03
-49.500000 1.042786e-03
-49.250000 1.065875e-03
-49.000000 1.072741e-03
-48.750000 1.062807e-03
-48.500000 1.036287e-03
-48.250000 9.942515e-04
-48.000000 9.386642e-04
-47.750000 8.723768e-04
-47.500000 7.990772e-04
-47.250000 7.231659e-04
-47.000000 6.495013e-04
-46.750000 5.829059e-04
-46.500000 5.273087e-04
-46.250000 4.845785e-04
-46.000000 4.535649e-04
-45.750000 4.301734e-04
-45.500000 4.086925e-04
-45.250000 3.835822e-04
-45.000000 3.508594e-04
-44.750000 3.089825e-04
-44.500000 2.598726e-04
-44.250000 2.114296e-04
-44.000000 1.826992e-04
-43.750000 1.989085e-04
-43.500000 2.597250e-04
-43.250000 3.439718e-04
-43.000000 4.356987e-04
-42.750000 5.254941e-04
-42.500000 6.070636e-04
-42.250000 6.757783e-04
-42.000000 7.282604e-04
-41.750000 7.623491e-04
-41.500000 7.772112e-04
-41.250000 7.735232e-04
-41.000000 7.537114e-04
-40.750000 7.222458e-04
-40.500000 6.859214e-04
-40.250000 6.538369e-04
-40.000000 6.363583e-04
-39.750000 6.422954e-04
-39.500000 6.751542e-04
-39.250000 7.316209e-04
-39.000000 8.037572e-04
-38.750000 8.824191e-04
-38.500000 9.594320e-04
-38.250000 1.028366e-03
-38.000000 1.084639e-03
-37.750000 1.125430e-03
-37.500000 1.149579e-03
-37.250000 1.157508e-03
-37.000000 1.151121e-03
-36.750000 1.133677e-03
-36.500000 1.109536e-03
-36.250000 1.083751e-03
-36.000000 1.061400e-03
-35.750000 1.046707e-03
-35.500000 1.042126e-03
-35.250000 1.047728e-03
-35.000000 1.061214e-03
-34.750000 1.078538e-03
-34.500000 1.094865e-03
-34.250000 1.105470e-03
-34.000000 1.106403e-03
-33.750000 1.094890e-03
-33.500000 1.069525e-03
-33.250000 1.030331e-03
-33.000000 9.787284e-04
-32.750000 9.174466e-04
-32.500000 8.503484e-04
-32.250000 7.821458e-04
-32.000000 7.179263e-04
-31.750000 6.624199e-04
-31.500000 6.190552e-04
-31.250000 5.891724e-04
-31.000000 5.720406e-04
-30.750000 5.660721e-04
-30.500000 5.708158e-04
-30.250000 5.886918e-04
-30.000000 6.253590e-04
-29.750000 6.880282e-04
-29.500000 7.823411e-04
-29.250000 9.099447e-04
-29.000000 1.068243e-03
-28.750000 1.251614e-03
-28.500000 1.452715e-03
-28.250000 1.663348e-03
-28.000000 1.874958e-03
-27.750000 2.078980e-03
-27.500000 2.267141e-03
-27.250000 2.431755e-03
-27.000000 2.566017e-03
-26.750000 2.664286e-03
-26.500000 2.722343e-03
-26.250000 2.737596e-03
-26.000000 2.709238e-03
-25.750000 2.638326e-03
-25.500000 2.527791e-03
-25.250000 2.382356e-03
-25.000000 2.208375e-03
-24.750000 2.013575e-03
-24.500000 1.806704e-03
-24.250000 1.597083e-03
-24.000000 1.394025e-03
-23.750000 1.206141e-03
-23.500000 1.040593e-03
-23.250000 9.025505e-04
-23.000000 7.954642e-04
-22.750000 7.228682e-04
-22.500000 6.913878e-04
-22.250000 7.118757e-04
-22.000000 7.947882e-04
-21.750000 9.432106e-04
-21.500000 1.151925e-03
-21.250000 1.411433e-03
-21.000000 1.711001e-03
-20.750000 2.039628e-03
-20.500000 2.386178e-03
-20.250000 2.739435e-03
-20.000000 3.088243e-03
-19.750000 3.421721e-03
-19.500000 3.729508e-03
-19.250000 4.001993e-03
-19.000000 4.230508e-03
-18.750000 4.407466e-03
-18.500000 4.526454e-03
-18.250000 4.582271e-03
-18.000000 4.570932e-03
-17.750000 4.489656e-03
-17.500000 4.336863e-03
-17.250000 4.112198e-03
-17.000000 3.816637e-03
-16.750000 3.452699e-03
-16.500000 3.024925e-03
-16.250000 2.540920e-03
-16.000000 2.014119e-03
-15.750000 1.472909e-03
-15.500000 9.984284e-04
-15.250000 8.406454e-04
-15.000000 1.188858e-03
-14.750000 1.777847e-03
-14.500000 2.430779e-03
-14.250000 3.086531e-03
-14.000000 3.714257e-03
-13.750000 4.291889e-03
-13.500000 4.801096e-03
-13.250000 5.226143e-03
-13.000000 5.553862e-03
-12.750000 5.773999e-03
-12.500000 5.879659e-03
-12.250000 5.867760e-03
-12.000000 5.739443e-03
-11.750000 5.500443e-03
-11.500000 5.161453e-03
-11.250000 4.738585e-03
-11.000000 4.254125e-03
-10.750000 3.737927e-03
-10.500000 3.229839e-03
-10.250000 2.782756e-03
-10.000000 2.461553e-03
-9.750000 2.324306e-03
-9.500000 2.382171e-03
-9.250000 2.583905e-03
-9.000000 2.853196e-03
-8.750000 3.126263e-03
-8.500000 3.360997e-03
-8.250000 3.532920e-03
-8.000000 3.630157e-03
-7.750000 3.650014e-03
-7.500000 3.596816e-03
-7.250000 3.480437e-03
-7.000000 3.315222e-03
-6.750000 3.119253e-03
-6.500000 2.914042e-03
-6.250000 2.724829e-03
-6.000000 2.581306e-03
-5.750000 2.517545e-03
-5.500000 2.568624e-03
-5.250000 2.762909e-03
-5.000000 3.114902e-03
-4.750000 3.625144e-03
-4.500000 4.285562e-03
-4.250000 5.084052e-03
-4.000000 6.006016e-03
-3.750000 7.034147e-03
-3.500000 8.147913e-03
-3.250000 9.323377e-03
-3.000000 1.053346e-02
-2.750000 1.174858e-02
-2.500000 1.293753e-02
-2.250000 1.406851e-02
-2.000000 1.511028e-02
-1.750000 1.603325e-02
-1.500000 1.681054e-02
-1.250000 1.741899e-02
-1.000000 1.783990e-02
-0.750000 1.805973e-02
-0.500000 1.807054e-02
-0.250000 1.787013e-02
0.000000 1.746212e-02
0.250000 1.685568e-02
0.500000 1.606513e-02
0.750000 1.510927e-02
1.000000 1.401071e-02
1.250000 1.279489e-02
1.500000 1.148917e-02
1.750000 1.012184e-02
2.000000 8.721109e-03
2.250000 7.314193e-03
2.500000 5.926549e-03
2.750000 4.581350e-03
3.000000 3.299605e-03
3.250000 2.102668e-03
3.500000 1.032011e-03
3.750000 4.828586e-04
4.000000 1.156108e-03
4.250000 1.956384e-03
4.500000 2.688442e-03
4.750000 3.338118e-03
5.000000 3.906804e-03
5.250000 4.399176e-03
5.500000 4.820471e-03
5.750000 5.175398e-03
6.000000 5.467640e-03
6.250000 5.699744e-03
6.500000 5.873350e-03
6.750000 5.989710e-03
7.000000 6.050432e-03
7.250000 6.058409e-03
7.500000 6.018853e-03
7.750000 5.940387e-03
8.000000 5.836051e-03
8.250000 5.724020e-03
8.500000 5.627584e-03
8.750000 5.573736e-03
9.000000 5.589766e-03
9.250000 5.697965e-03
9.500000 5.910082e-03
9.750000 6.224098e-03
10.000000 6.624894e-03
10.250000 7.087949e-03
10.500000 7.583858e-03
10.750000 8.082006e-03
11.000000 8.552950e-03
11.250000 8.969771e-03
11.500000 9.308823e-03
11.750000 9.550185e-03
12.000000 9.677967e-03
12.250000 9.680554e-03
12.500000 9.550789e-03
12.750000 9.286084e-03
13.000000 8.888475e-03
13.250000 8.364591e-03
13.500000 7.725575e-03
13.750000 6.987011e-03
14.000000 6.168964e-03
14.250000 5.296427e-03
14.500000 4.400828e-03
14.750000 3.524278e-03
15.000000 2.730603e-03
15.250000 2.128439e-03
15.500000 1.875351e-03
15.750000 2.033177e-03
16.000000 2.445770e-03
16.250000 2.931722e-03
16.500000 3.390269e-03
16.750000 3.773055e-03
17.000000 4.056766e-03
17.250000 4.231176e-03
17.500000 4.294203e-03
17.750000 4.249629e-03
18.000000 4.105873e-03
18.250000 3.875216e-03
18.500000 3.573280e-03
18.750000 3.218751e-03
19.000000 2.833449e-03
19.250000 2.442926e-03
19.500000 2.077690e-03
19.750000 1.774170e-03
20.000000 1.571036e-03
20.250000 1.493090e-03
20.500000 1.529612e-03
20.750000 1.637793e-03
21.000000 1.769868e-03
21.250000 1.890288e-03
21.500000 1.977061e-03
21.750000 2.018065e-03
22.000000 2.007785e-03
22.250000 1.945209e-03
22.500000 1.832589e-03
22.750000 1.674747e-03
23.000000 1.478852e-03
23.250000 1.254842e-03
23.500000 1.017306e-03
23.750000 7.912510e-04
24.000000 6.262804e-04
24.250000 6.001009e-04
24.500000 7.333834e-04
24.750000 9.567026e-04
25.000000 1.210793e-03
25.250000 1.466504e-03
25.500000 1.709005e-03
25.750000 1.929592e-03
26.000000 2.122666e-03
26.250000 2.284600e-03
26.500000 2.413249e-03
26.750000 2.507721e-03
27.000000 2.568223e-03
27.250000 2.595941e-03
27.500000 2.592904e-03
27.750000 2.561837e-03
28.000000 2.505998e-03
28.250000 2.428991e-03
28.500000 2.334584e-03
28.750000 2.226512e-03
29.000000 2.108311e-03
29.250000 1.983169e-03
29.500000 1.853821e-03
29.750000 1.722485e-03
30.000000 1.590861e-03
30.250000 1.460170e-03
30.500000 1.331249e-03
30.750000 1.204686e-03
31.000000 1.080991e-03
31.250000 9.608460e-04
31.500000 8.454610e-04
31.750000 7.371493e-04
32.000000 6.402705e-04
32.250000 5.625313e-04
32.500000 5.156290e-04
32.750000 5.120135e-04
33.000000 5.566082e-04
33.250000 6.429633e-04
33.500000 7.594329e-04
33.750000 8.954857e-04
34.000000 1.043132e-03
34.250000 1.196186e-03
34.500000 1.349429e-03
34.750000 1.498130e-03
35.000000 1.637840e-03
35.250000 1.764367e-03
35.500000 1.873845e-03
35.750000 1.962840e-03
36.000000 2.028483e-03
36.250000 2.068587e-03
36.500000 2.081744e-03
36.750000 2.067386e-03
37.000000 2.025815e-03
37.250000 1.958181e-03
37.500000 1.866425e-03
37.750000 1.753182e-03
38.000000 1.621650e-03
38.250000 1.475434e-03
38.500000 1.318380e-03
38.750000 1.154413e-03
39.000000 9.873936e-04
39.250000 8.210374e-04
39.500000 6.589559e-04
39.750000 5.049993e-04
40.000000 3.644821e-04
40.250000 2.484816e-04
40.500000 1.856690e-04
40.750000 2.080647e-04
41.000000 2.836457e-04
41.250000 3.721255e-04
41.500000 4.584614e-04
41.750000 5.373086e-04
42.000000 6.061462e-04
42.250000 6.633861e-04
42.500000 7.078392e-04
42.750000 7.385918e-04
43.000000 7.550216e-04
43.250000 7.568588e-04
43.500000 7.442489e-04
43.750000 7.177949e-04
44.000000 6.785688e-04
44.250000 6.280864e-04
44.500000 5.682440e-04
44.750000 5.012225e-04
45.000000 4.293634e-04
45.250000 3.550280e-04
45.500000 2.804626e-04
45.750000 2.077192e-04
46.000000 1.388348e-04
46.250000 7.755411e-05
46.500000 4.479826e-05
46.750000 7.741155e-05
47.000000 1.308340e-04
47.250000 1.872250e-04
47.500000 2.447757e-04
47.750000 3.033329e-04
48.000000 3.626078e-04
48.250000 4.218410e-04
48.500000 4.797969e-04
48.750000 5.348857e-04
49.000000 5.853344e-04
49.250000 6.293667e-04
49.500000 6.653655e-04
49.750000 6.920083e-04
50.000000 7.083658e-04
