-50.000000 6.322317e-04
-49.750000 6.880304e-04
-49.500000 7.460230e-04
-49.250000 8.053133e-04
-49.000000 8.652106e-04
-48.750000 9.251742e-04
-48.500000 9.847726e-04
-48.250000 1.043654e-03
-48.000000 1.101525e-03
-47.750000 1.158137e-03
-47.500000 1.213276e-03
-47.250000 1.266753e-03
-47.000000 1.318400e-03
-46.750000 1.368067e-03
-46.500000 1.415618e-03
-46.250000 1.460928e-03
-46.000000 1.503883e-03
-45.750000 1.544376e-03
-45.500000 1.582313e-03
-45.250000 1.617602e-03
-45.000000 1.650162e-03
-44.750000 1.679917e-03
-44.500000 1.706797e-03
-44.250000 1.730738e-03
-44.000000 1.751684e-03
-43.750000 1.769583e-03
-43.500000 1.784388e-03
-43.250000 1.796060e-03
-43.000000 1.804565e-03
-42.750000 1.809873e-03
-42.500000 1.811961e-03
-42.250000 1.810813e-03
-42.000000 1.806415e-03
-41.750000 1.798762e-03
-41.500000 1.787854e-03
-41.250000 1.773695e-03
-41.000000 1.756298e-03
-40.750000 1.735679e-03
-40.500000 1.711860e-03
-40.250000 1.684871e-03
-40.000000 1.654747e-03
-39.750000 1.621528e-03
-39.500000 1.585261e-03
-39.250000 1.546001e-03
-39.000000 1.503807e-03
-38.750000 1.458745e-03
-38.500000 1.410891e-03
-38.250000 1.360326e-03
-38.000000 1.307141e-03
-37.750000 1.251433e-03
-37.500000 1.193315e-03
-37.250000 1.132907e-03
-37.000000 1.070347e-03
-36.750000 1.005790e-03
-36.500000 9.394148e-04
-36.250000 8.714337e-04
-36.000000 8.021037e-04
-35.750000 7.317482e-04
-35.500000 6.607921e-04
-35.250000 5.898213e-04
-35.000000 5.196881e-04
-34.750000 4.517035e-04
-34.500000 3.879841e-04
-34.250000 3.320392e-04
-34.000000 2.894792e-04
-33.750000 2.677645e-04
-33.500000 2.727273e-04
-33.250000 3.036145e-04
-33.000000 3.540350e-04
-32.750000 4.171256e-04
-32.500000 4.880297e-04
-32.250000 5.637420e-04
-32.000000 6.424244e-04
-31.750000 7.229086e-04
-31.500000 8.044082e-04
-31.250000 8.863601e-04
-31.000000 9.683363e-04
-30.750000 1.049994e-03
-30.500000 1.131044e-03
-30.250000 1.211237e-03
-30.000000 1.290348e-03
-29.750000 1.368171e-03
-29.500000 1.444514e-03
-29.250000 1.519196e-03
-29.000000 1.592046e-03
-28.750000 1.662899e-03
-28.500000 1.731599e-03
-28.250000 1.797994e-03
-28.000000 1.861939e-03
-27.750000 1.923295e-03
-27.500000 1.981929e-03
-27.250000 2.037712e-03
-27.000000 2.090523e-03
-26.750000 2.140249e-03
-26.500000 2.186780e-03
-26.250000 2.230016e-03
-26.000000 2.269864e-03
-25.750000 2.306239e-03
-25.500000 2.339067e-03
-25.250000 2.368280e-03
-25.000000 2.393823e-03
-24.750000 2.415653e-03
-24.500000 2.433738e-03
-24.250000 2.448059e-03
-24.000000 2.458613e-03
-23.750000 2.465414e-03
-23.500000 2.468491e-03
-23.250000 2.467897e-03
-23.000000 2.463704e-03
-22.750000 2.456010e-03
-22.500000 2.444939e-03
-22.250000 2.430647e-03
-22.000000 2.413323e-03
-21.750000 2.393195e-03
-21.500000 2.370533e-03
-21.250000 2.345657e-03
-21.000000 2.318937e-03
-20.750000 2.290805e-03
-20.500000 2.261757e-03
-20.250000 2.232360e-03
-20.000000 2.203258e-03
-19.750000 2.175172e-03
-19.500000 2.148906e-03
-19.250000 2.125342e-03
-19.000000 2.105434e-03
-18.750000 2.090194e-03
-18.500000 2.080672e-03
-18.250000 2.077928e-03
-18.000000 2.082996e-03
-17.750000 2.096845e-03
-17.500000 2.120340e-03
-17.250000 2.154200e-03
-17.000000 2.198975e-03
-16.750000 2.255022e-03
-16.500000 2.322510e-03
-16.250000 2.401425e-03
-16.000000 2.491592e-03
-15.750000 2.592704e-03
-15.500000 2.704351e-03
-15.250000 2.826053e-03
-15.000000 2.957284e-03
-14.750000 3.097494e-03
-14.500000 3.246126e-03
-14.250000 3.402632e-03
-14.000000 3.566474e-03
-13.750000 3.737137e-03
-13.500000 3.914126e-03
-13.250000 4.096970e-03
-13.000000 4.285220e-03
-12.750000 4.478448e-03
-12.500000 4.676248e-03
-12.250000 4.878230e-03
-12.000000 5.084023e-03
-11.750000 5.293269e-03
-11.500000 5.505623e-03
-11.250000 5.720752e-03
-11.000000 5.938335e-03
-10.750000 6.158058e-03
-10.500000 6.379615e-03
-10.250000 6.602708e-03
-10.000000 6.827045e-03
-9.750000 7.052340e-03
-9.500000 7.278312e-03
-9.250000 7.504683e-03
-9.000000 7.731182e-03
-8.750000 7.957539e-03
-8.500000 8.183491e-03
-8.250000 8.408776e-03
-8.000000 8.633136e-03
-7.750000 8.856317e-03
-7.500000 9.078068e-03
-7.250000 9.298140e-03
-7.000000 9.516291e-03
-6.750000 9.732277e-03
-6.500000 9.945863e-03
-6.250000 1.015681e-02
-6.000000 1.036490e-02
-5.750000 1.056989e-02
-5.500000 1.077157e-02
-5.250000 1.096971e-02
-5.000000 1.116411e-02
-4.750000 1.135455e-02
-4.500000 1.154083e-02
-4.250000 1.172274e-02
-4.000000 1.190009e-02
-3.750000 1.207269e-02
-3.500000 1.224036e-02
-3.250000 1.240291e-02
-3.000000 1.256017e-02
-2.750000 1.271197e-02
-2.500000 1.285815e-02
-2.250000 1.299855e-02
-2.000000 1.313301e-02
-1.750000 1.326141e-02
-1.500000 1.338359e-02
-1.250000 1.349943e-02
-1.000000 1.360880e-02
-0.750000 1.371159e-02
-0.500000 1.380768e-02
-0.250000 1.389698e-02
0.000000 1.397938e-02
0.250000 1.405481e-02
0.500000 1.412317e-02
0.750000 1.418440e-02
1.000000 1.423844e-02
1.250000 1.428521e-02
1.500000 1.432469e-02
1.750000 1.435682e-02
2.000000 1.438157e-02
2.250000 1.439891e-02
2.500000 1.440884e-02
2.750000 1.441134e-02
3.000000 1.440641e-02
3.250000 1.439406e-02
3.500000 1.437431e-02
3.750000 1.434718e-02
4.000000 1.431270e-02
4.250000 1.427091e-02
4.500000 1.422187e-02
4.750000 1.416563e-02
5.000000 1.410226e-02
5.250000 1.403183e-02
5.500000 1.395443e-02
5.750000 1.387014e-02
6.000000 1.377906e-02
6.250000 1.368131e-02
6.500000 1.357699e-02
6.750000 1.346622e-02
7.000000 1.334915e-02
7.250000 1.322590e-02
7.500000 1.309662e-02
7.750000 1.296147e-02
8.000000 1.282061e-02
8.250000 1.267420e-02
8.500000 1.252243e-02
8.750000 1.236547e-02
9.000000 1.220351e-02
9.250000 1.203676e-02
9.500000 1.186542e-02
9.750000 1.168971e-02
10.000000 1.150983e-02
10.250000 1.132603e-02
10.500000 1.113853e-02
10.750000 1.094758e-02
11.000000 1.075342e-02
11.250000 1.055631e-02
11.500000 1.035652e-02
11.750000 1.015431e-02
12.000000 9.949961e-03
12.250000 9.743764e-03
12.500000 9.536010e-03
12.750000 9.327001e-03
13.000000 9.117048e-03
13.250000 8.906469e-03
13.500000 8.695592e-03
13.750000 8.484756e-03
14.000000 8.274305e-03
14.250000 8.064598e-03
14.500000 7.856001e-03
14.750000 7.648892e-03
15.000000 7.443660e-03
15.250000 7.240705e-03
15.500000 7.040439e-03
15.750000 6.843286e-03
16.000000 6.649680e-03
16.250000 6.460069e-03
16.500000 6.274908e-03
16.750000 6.094664e-03
17.000000 5.919812e-03
17.250000 5.750831e-03
17.500000 5.588204e-03
17.750000 5.432411e-03
18.000000 5.283927e-03
18.250000 5.143213e-03
18.500000 5.010711e-03
18.750000 4.886836e-03
19.000000 4.771963e-03
19.250000 4.666422e-03
19.500000 4.570484e-03
19.750000 4.484351e-03
20.000000 4.408150e-03
20.250000 4.341921e-03
20.500000 4.285612e-03
20.750000 4.239078e-03
21.000000 4.202079e-03
21.250000 4.174282e-03
21.500000 4.155271e-03
21.750000 4.144551e-03
22.000000 4.141563e-03
22.250000 4.145696e-03
22.500000 4.156299e-03
22.750000 4.172695e-03
23.000000 4.194196e-03
23.250000 4.220111e-03
23.500000 4.249759e-03
23.750000 4.282477e-03
24.000000 4.317625e-03
24.250000 4.354594e-03
24.500000 4.392808e-03
24.750000 4.431726e-03
25.000000 4.470846e-03
25.250000 4.509703e-03
25.500000 4.547868e-03
25.750000 4.584950e-03
26.000000 4.620593e-03
26.250000 4.654477e-03
26.500000 4.686312e-03
26.750000 4.715841e-03
27.000000 4.742834e-03
27.250000 4.767090e-03
27.500000 4.788436e-03
27.750000 4.806721e-03
28.000000 4.821816e-03
28.250000 4.833618e-03
28.500000 4.842039e-03
28.750000 4.847015e-03
29.000000 4.848498e-03
29.250000 4.846457e-03
29.500000 4.840877e-03
29.750000 4.831758e-03
30.000000 4.819117e-03
30.250000 4.802983e-03
30.500000 4.783397e-03
30.750000 4.760414e-03
31.000000 4.734102e-03
31.250000 4.704538e-03
31.500000 4.671812e-03
31.750000 4.636024e-03
32.000000 4.597284e-03
32.250000 4.555712e-03
32.500000 4.511438e-03
32.750000 4.464600e-03
33.000000 4.415346e-03
33.250000 4.363833e-03
33.500000 4.310225e-03
33.750000 4.254696e-03
34.000000 4.197426e-03
34.250000 4.138605e-03
34.500000 4.078428e-03
34.750000 4.017098e-03
35.000000 3.954827e-03
35.250000 3.891829e-03
35.500000 3.828329e-03
35.750000 3.764554e-03
36.000000 3.700739e-03
36.250000 3.637120e-03
36.500000 3.573939e-03
36.750000 3.511440e-03
37.000000 3.449869e-03
37.250000 3.389472e-03
37.500000 3.330493e-03
37.750000 3.273175e-03
38.000000 3.217754e-03
38.250000 3.164460e-03
38.500000 3.113514e-03
38.750000 3.065123e-03
39.000000 3.019482e-03
39.250000 2.976767e-03
39.500000 2.937133e-03
39.750000 2.900713e-03
40.000000 2.867613e-03
40.250000 2.837913e-03
40.500000 2.811661e-03
40.750000 2.788875e-03
41.000000 2.769541e-03
41.250000 2.753611e-03
41.500000 2.741010e-03
41.750000 2.731627e-03
42.000000 2.725327e-03
42.250000 2.721948e-03
42.500000 2.721303e-03
42.750000 2.723186e-03
43.000000 2.727377e-03
43.250000 2.733639e-03
43.500000 2.741728e-03
43.750000 2.751394e-03
44.000000 2.762383e-03
44.250000 2.774440e-03
44.500000 2.787313e-03
44.750000 2.800757e-03
45.000000 2.814529e-03
45.250000 2.828396e-03
45.500000 2.842136e-03
45.750000 2.855534e-03
46.000000 2.868387e-03
46.250000 2.880505e-03
46.500000 2.891707e-03
46.750000 2.901827e-03
47.000000 2.910707e-03
47.250000 2.918205e-03
47.500000 2.924187e-03
47.750000 2.928534e-03
48.000000 2.931135e-03
48.250000 2.931892e-03
48.500000 2.930716e-03
48.750000 2.927531e-03
49.000000 2.922268e-03
49.250000 2.914870e-03
49.500000 2.905286e-03
49.750000 2.893477e-03
50.000000 2.879411e-03
