-50.000000 3.156056e-02
-49.750000 3.397928e-02
-49.500000 3.589410e-02
-49.250000 3.725326e-02
-49.000000 3.801994e-02
-48.750000 3.817176e-02
-48.500000 3.770084e-02
-48.250000 3.661408e-02
-48.000000 3.493385e-02
-47.750000 3.269926e-02
-47.500000 2.996859e-02
-47.250000 2.682414e-02
-47.000000 2.338270e-02
-46.750000 1.981836e-02
-46.500000 1.641242e-02
-46.250000 1.364628e-02
-46.000000 1.225277e-02
-45.750000 1.282486e-02
-45.500000 1.512986e-02
-45.250000 1.842075e-02
-45.000000 2.209243e-02
-44.750000 2.577842e-02
-44.500000 2.925369e-02
-44.250000 3.236677e-02
-44.000000 3.500747e-02
-43.750000 3.709258e-02
-43.500000 3.855952e-02
-43.250000 3.936366e-02
-43.000000 3.947735e-02
-42.750000 3.888984e-02
-42.500000 3.760768e-02
-42.250000 3.565591e-02
-42.000000 3.308023e-02
-41.750000 2.995136e-02
-41.500000 2.637445e-02
-41.250000 2.251018e-02
-41.000000 1.862404e-02
-40.750000 1.519677e-02
-40.500000 1.308050e-02
-40.250000 1.325543e-02
-40.000000 1.576860e-02
-39.750000 1.972032e-02
-39.500000 2.429823e-02
-39.250000 2.902510e-02
-39.000000 3.361945e-02
-38.750000 3.789421e-02
-38.500000 4.171139e-02
-38.250000 4.496306e-02
-38.000000 4.756343e-02
-37.750000 4.944565e-02
-37.500000 5.056079e-02
-37.250000 5.087779e-02
-37.000000 5.038398e-02
-36.750000 4.908588e-02
-36.500000 4.701054e-02
-36.250000 4.420765e-02
-36.000000 4.075326e-02
-35.750000 3.675691e-02
-35.500000 3.237582e-02
-35.250000 2.784418e-02
-35.000000 2.353148e-02
-34.750000 2.003675e-02
-34.500000 1.821351e-02
-34.250000 1.875811e-02
-34.000000 2.151032e-02
-33.750000 2.565699e-02
-33.500000 3.043407e-02
-33.250000 3.533352e-02
-33.000000 4.002988e-02
-32.750000 4.430099e-02
-32.500000 4.798451e-02
-32.250000 5.095705e-02
-32.000000 5.312451e-02
-31.750000 5.441778e-02
-31.500000 5.479105e-02
-31.250000 5.422165e-02
-31.000000 5.271061e-02
-30.750000 5.028431e-02
-30.500000 4.699737e-02
-30.250000 4.293845e-02
-30.000000 3.824176e-02
-29.750000 3.311197e-02
-29.500000 2.787920e-02
-29.250000 2.311642e-02
-29.000000 1.981477e-02
-28.750000 1.924353e-02
-28.500000 2.185266e-02
-28.250000 2.674214e-02
-28.000000 3.277626e-02
-27.750000 3.920108e-02
-27.500000 4.556121e-02
-27.250000 5.155763e-02
-27.000000 5.697279e-02
-26.750000 6.163710e-02
-26.500000 6.541447e-02
-26.250000 6.819621e-02
-26.000000 6.989880e-02
-25.750000 7.046345e-02
-25.500000 6.985668e-02
-25.250000 6.807136e-02
-25.000000 6.512842e-02
-24.750000 6.107960e-02
-24.500000 5.601224e-02
-24.250000 5.005890e-02
-24.000000 4.341809e-02
-23.750000 3.640241e-02
-23.500000 2.955560e-02
-23.250000 2.391459e-02
-23.000000 2.127194e-02
-22.750000 2.313935e-02
-22.500000 2.875346e-02
-22.250000 3.629656e-02
-22.000000 4.453497e-02
-21.750000 5.278771e-02
-21.500000 6.064109e-02
-21.250000 6.780620e-02
-21.000000 7.406081e-02
-20.750000 7.922594e-02
-20.500000 8.315676e-02
-20.250000 8.573949e-02
-20.000000 8.689123e-02
-19.750000 8.656125e-02
-19.500000 8.473333e-02
-19.250000 8.142940e-02
-19.000000 7.671525e-02
-18.750000 7.071045e-02
-18.500000 6.360727e-02
-18.250000 5.570931e-02
-18.000000 4.751435e-02
-17.750000 3.988696e-02
-17.500000 3.432612e-02
-17.250000 3.286490e-02
-17.000000 3.657241e-02
-16.750000 4.436337e-02
-16.500000 5.443357e-02
-16.250000 6.546946e-02
-16.000000 7.665251e-02
-15.750000 8.743937e-02
-15.500000 9.742970e-02
-15.250000 1.063044e-01
-15.000000 1.137982e-01
-14.750000 1.196885e-01
-14.500000 1.237915e-01
-14.250000 1.259615e-01
-14.000000 1.260931e-01
-13.750000 1.241242e-01
-13.500000 1.200404e-01
-13.250000 1.138813e-01
-13.000000 1.057517e-01
-12.750000 9.584053e-02
-12.500000 8.446059e-02
-12.250000 7.213499e-02
-12.000000 5.979838e-02
-11.750000 4.923692e-02
-11.500000 4.360974e-02
-11.250000 4.613466e-02
-11.000000 5.638798e-02
-10.750000 7.125654e-02
-10.500000 8.823137e-02
-10.250000 1.058421e-01
-10.000000 1.231763e-01
-9.750000 1.395808e-01
-9.500000 1.545324e-01
-9.250000 1.675834e-01
-9.000000 1.783416e-01
-8.750000 1.864644e-01
-8.500000 1.916605e-01
-8.250000 1.936982e-01
-8.000000 1.924179e-01
-7.750000 1.877535e-01
-7.500000 1.797666e-01
-7.250000 1.687078e-01
-7.000000 1.551285e-01
-6.750000 1.400945e-01
-6.500000 1.255705e-01
-6.250000 1.149360e-01
-6.000000 1.129148e-01
-5.750000 1.233966e-01
-5.500000 1.465914e-01
-5.250000 1.798660e-01
-5.000000 2.203525e-01
-4.750000 2.659372e-01
-4.500000 3.151509e-01
-4.250000 3.669077e-01
-4.000000 4.203301e-01
-3.750000 4.746536e-01
-3.500000 5.291776e-01
-3.250000 5.832414e-01
-3.000000 6.362132e-01
-2.750000 6.874869e-01
-2.500000 7.364824e-01
-2.250000 7.826488e-01
-2.000000 8.254683e-01
-1.750000 8.644610e-01
-1.500000 8.991896e-01
-1.250000 9.292643e-01
-1.000000 9.543469e-01
-0.750000 9.741550e-01
-0.500000 9.884656e-01
-0.250000 9.971170e-01
0.000000 1.000012e+00
0.250000 9.971170e-01
0.500000 9.884656e-01
0.750000 9.741550e-01
1.000000 9.543469e-01
1.250000 9.292643e-01
1.500000 8.991896e-01
1.750000 8.644610e-01
2.000000 8.254683e-01
2.250000 7.826488e-01
2.500000 7.364824e-01
2.750000 6.874869e-01
3.000000 6.362132e-01
3.250000 5.832414e-01
3.500000 5.291776e-01
3.750000 4.746536e-01
4.000000 4.203301e-01
4.250000 3.669077e-01
4.500000 3.151509e-01
4.750000 2.659372e-01
5.000000 2.203525e-01
5.250000 1.798660e-01
5.500000 1.465914e-01
5.750000 1.233966e-01
6.000000 1.129148e-01
6.250000 1.149360e-01
6.500000 1.255705e-01
6.750000 1.400945e-01
7.000000 1.551285e-01
7.250000 1.687078e-01
7.500000 1.797666e-01
7.750000 1.877535e-01
8.000000 1.924179e-01
8.250000 1.936982e-01
8.500000 1.916605e-01
8.750000 1.864644e-01
9.000000 1.783416e-01
9.250000 1.675834e-01
9.500000 1.545324e-01
9.750000 1.395808e-01
10.000000 1.231763e-01
10.250000 1.058421e-01
10.500000 8.823137e-02
10.750000 7.125654e-02
11.000000 5.638798e-02
11.250000 4.613466e-02
11.500000 4.360974e-02
11.750000 4.923692e-02
12.000000 5.979838e-02
12.250000 7.213499e-02
12.500000 8.446059e-02
12.750000 9.584053e-02
13.000000 1.057517e-01
13.250000 1.138813e-01
13.500000 1.200404e-01
13.750000 1.241242e-01
14.000000 1.260931e-01
14.250000 1.259615e-01
14.500000 1.237915e-01
14.750000 1.196885e-01
15.000000 1.137982e-01
15.250000 1.063044e-01
15.500000 9.742970e-02
15.750000 8.743937e-02
16.000000 7.665251e-02
16.250000 6.546946e-02
16.500000 5.443357e-02
16.750000 4.436337e-02
17.000000 3.657241e-02
17.250000 3.286490e-02
17.500000 3.432612e-02
17.750000 3.988696e-02
18.000000 4.751435e-02
18.250000 5.570931e-02
18.500000 6.360727e-02
18.750000 7.071045e-02
19.000000 7.671525e-02
19.250000 8.142940e-02
19.500000 8.473333e-02
19.750000 8.656125e-02
20.000000 8.689123e-02
20.250000 8.573949e-02
20.500000 8.315676e-02
20.750000 7.922594e-02
21.000000 7.406081e-02
21.250000 6.780620e-02
21.500000 6.064109e-02
21.750000 5.278771e-02
22.000000 4.453497e-02
22.250000 3.629656e-02
22.500000 2.875346e-02
22.750000 2.313935e-02
23.000000 2.127194e-02
23.250000 2.391459e-02
23.500000 2.955560e-02
23.750000 3.640241e-02
24.000000 4.341809e-02
24.250000 5.005890e-02
24.500000 5.601224e-02
24.750000 6.107960e-02
25.000000 6.512842e-02
25.250000 6.807136e-02
25.500000 6.985668e-02
25.750000 7.046345e-02
26.000000 6.989880e-02
26.250000 6.819621e-02
26.500000 6.541447e-02
26.750000 6.163710e-02
27.000000 5.697279e-02
27.250000 5.155763e-02
27.500000 4.556121e-02
27.750000 3.920108e-02
28.000000 3.277626e-02
28.250000 2.674214e-02
28.500000 2.185266e-02
28.750000 1.924353e-02
29.000000 1.981477e-02
29.250000 2.311642e-02
29.500000 2.787920e-02
29.750000 3.311197e-02
30.000000 3.824176e-02
30.250000 4.293845e-02
30.500000 4.699737e-02
30.750000 5.028431e-02
31.000000 5.271061e-02
31.250000 5.422165e-02
31.500000 5.479105e-02
31.750000 5.441778e-02
32.000000 5.312451e-02
32.250000 5.095705e-02
32.500000 4.798451e-02
32.750000 4.430099e-02
33.000000 4.002988e-02
33.250000 3.533352e-02
33.500000 3.043407e-02
33.750000 2.565699e-02
34.000000 2.151032e-02
34.250000 1.875811e-02
34.500000 1.821351e-02
34.750000 2.003675e-02
35.000000 2.353148e-02
35.250000 2.784418e-02
35.500000 3.237582e-02
35.750000 3.675691e-02
36.000000 4.075326e-02
36.250000 4.420765e-02
36.500000 4.701054e-02
36.750000 4.908588e-02
37.000000 5.038398e-02
37.250000 5.087779e-02
37.500000 5.056079e-02
37.750000 4.944565e-02
38.000000 4.756343e-02
38.250000 4.496306e-02
38.500000 4.171139e-02
38.750000 3.789421e-02
39.000000 3.361945e-02
39.250000 2.902510e-02
39.500000 2.429823e-02
39.750000 1.972032e-02
40.000000 1.576860e-02
40.250000 1.325543e-02
40.500000 1.308050e-02
40.750000 1.519677e-02
41.000000 1.862404e-02
41.250000 2.251018e-02
41.500000 2.637445e-02
41.750000 2.995136e-02
42.000000 3.308023e-02
42.250000 3.565591e-02
42.500000 3.760768e-02
42.750000 3.888984e-02
43.000000 3.947735e-02
43.250000 3.936366e-02
43.500000 3.855952e-02
43.750000 3.709258e-02
44.000000 3.500747e-02
44.250000 3.236677e-02
44.500000 2.925369e-02
44.750000 2.577842e-02
45.000000 2.209243e-02
45.250000 1.842075e-02
45.500000 1.512986e-02
45.750000 1.282486e-02
46.000000 1.225277e-02
46.250000 1.364628e-02
46.500000 1.641242e-02
46.750000 1.981836e-02
47.000000 2.338270e-02
47.250000 2.682414e-02
47.500000 2.996859e-02
47.750000 3.269926e-02
48.000000 3.493385e-02
48.250000 3.661408e-02
48.500000 3.770084e-02
48.750000 3.817176e-02
49.000000 3.801994e-02
49.250000 3.725326e-02
49.500000 3.589410e-02
49.750000 3.397928e-02
50.000000 3.156056e-02
