-50.000000 3.527107e-04
-49.750000 4.258614e-04
-49.500000 5.042415e-04
-49.250000 5.785434e-04
-49.000000 6.398949e-04
-48.750000 6.806917e-04
-48.500000 6.951157e-04
-48.250000 6.795111e-04
-48.000000 6.326487e-04
-47.750000 5.559064e-04
-47.500000 4.535082e-04
-47.250000 3.334922e-04
-47.000000 2.132619e-04
-46.750000 1.502468e-04
-46.500000 2.190182e-04
-46.250000 3.432098e-04
-46.000000 4.695390e-04
-45.750000 5.831696e-04
-45.500000 6.785755e-04
-45.250000 7.540537e-04
-45.000000 8.102990e-04
-44.750000 8.494689e-04
-44.500000 8.741756e-04
-44.250000 8.864586e-04
-44.000000 8.870296e-04
-43.750000 8.751324e-04
-43.500000 8.492288e-04
-43.250000 8.085369e-04
-43.000000 7.553920e-04
-42.750000 6.984563e-04
-42.500000 6.560870e-04
-42.250000 6.552338e-04
-42.000000 7.174055e-04
-41.750000 8.410057e-04
-41.500000 1.005010e-03
-41.250000 1.184010e-03
-41.000000 1.355313e-03
-40.750000 1.499842e-03
-40.500000 1.601880e-03
-40.250000 1.649091e-03
-40.000000 1.632804e-03
-39.750000 1.548381e-03
-39.500000 1.395511e-03
-39.250000 1.178414e-03
-39.000000 9.061629e-04
-38.750000 5.945592e-04
-38.500000 2.851115e-04
-38.250000 2.587155e-04
-38.000000 5.711428e-04
-37.750000 9.078633e-04
-37.500000 1.217417e-03
-37.250000 1.480847e-03
-37.000000 1.686149e-03
-36.750000 1.826167e-03
-36.500000 1.898519e-03
-36.250000 1.905726e-03
-36.000000 1.855234e-03
-35.750000 1.759309e-03
-35.500000 1.634762e-03
-35.250000 1.502293e-03
-35.000000 1.384768e-03
-34.750000 1.303176e-03
-34.500000 1.269992e-03
-34.250000 1.283750e-03
-34.000000 1.330618e-03
-33.750000 1.392003e-03
-33.500000 1.451420e-03
-33.250000 1.497247e-03
-33.000000 1.522537e-03
-32.750000 1.523743e-03
-32.500000 1.499363e-03
-32.250000 1.448927e-03
-32.000000 1.372499e-03
-31.750000 1.270769e-03
-31.500000 1.145758e-03
-31.250000 1.002220e-03
-31.000000 8.501047e-04
-30.750000 7.088500e-04
-30.500000 6.124389e-04
-30.250000 6.006841e-04
-30.000000 6.801238e-04
-29.750000 8.138226e-04
-29.500000 9.603907e-04
-29.250000 1.091662e-03
-29.000000 1.190236e-03
-28.750000 1.246051e-03
-28.500000 1.254927e-03
-28.250000 1.218112e-03
-28.000000 1.142166e-03
-27.750000 1.038866e-03
-27.500000 9.248758e-04
-27.250000 8.205642e-04
-27.000000 7.463838e-04
-26.750000 7.155987e-04
-26.500000 7.284518e-04
-26.250000 7.773161e-04
-26.000000 8.591689e-04
-25.750000 9.816744e-04
-25.500000 1.158207e-03
-25.250000 1.397661e-03
-25.000000 1.697895e-03
-24.750000 2.045782e-03
-24.500000 2.420470e-03
-24.250000 2.796647e-03
-24.000000 3.147060e-03
-23.750000 3.444576e-03
-23.500000 3.664023e-03
-23.250000 3.783881e-03
-23.000000 3.787780e-03
-22.750000 3.665725e-03
-22.500000 3.414988e-03
-22.250000 3.040659e-03
-22.000000 2.556024e-03
-21.750000 1.983515e-03
-21.500000 1.359891e-03
-21.250000 7.725642e-04
-21.000000 5.969274e-04
-20.750000 1.066875e-03
-20.500000 1.670083e-03
-20.250000 2.242647e-03
-20.000000 2.741154e-03
-19.750000 3.146688e-03
-19.500000 3.452286e-03
-19.250000 3.660239e-03
-19.000000 3.780547e-03
-18.750000 3.828940e-03
-18.500000 3.824058e-03
-18.250000 3.783884e-03
-18.000000 3.722031e-03
-17.750000 3.644989e-03
-17.500000 3.551466e-03
-17.250000 3.434389e-03
-17.000000 3.285117e-03
-16.750000 3.098874e-03
-16.500000 2.880640e-03
-16.250000 2.651276e-03
-16.000000 2.452853e-03
-15.750000 2.347235e-03
-15.500000 2.394596e-03
-15.250000 2.614406e-03
-15.000000 2.971648e-03
-14.750000 3.404235e-03
-14.500000 3.851425e-03
-14.250000 4.263811e-03
-14.000000 4.603730e-03
-13.750000 4.843909e-03
-13.500000 4.966599e-03
-13.250000 4.963469e-03
-13.000000 4.836263e-03
-12.750000 4.598584e-03
-12.500000 4.279629e-03
-12.250000 3.931021e-03
-12.000000 3.636053e-03
-11.750000 3.510553e-03
-11.500000 3.667684e-03
-11.250000 4.150237e-03
-11.000000 4.913837e-03
-10.750000 5.879622e-03
-10.500000 6.977000e-03
-10.250000 8.152800e-03
-10.000000 9.367133e-03
-9.750000 1.058805e-02
-9.500000 1.178738e-02
-9.250000 1.293753e-02
-9.000000 1.400878e-02
-8.750000 1.496699e-02
-8.500000 1.577182e-02
-8.250000 1.637564e-02
-8.000000 1.672340e-02
-7.750000 1.675364e-02
-7.500000 1.640075e-02
-7.250000 1.559830e-02
-7.000000 1.428332e-02
-6.750000 1.240149e-02
-6.500000 9.913176e-03
-6.250000 6.803390e-03
-6.000000 3.132766e-03
-5.750000 1.811592e-03
-5.500000 6.504297e-03
-5.250000 1.191189e-02
-5.000000 1.772804e-02
-4.750000 2.380595e-02
-4.500000 2.999229e-02
-4.250000 3.612304e-02
-4.000000 4.202922e-02
-3.750000 4.754514e-02
-3.500000 5.251769e-02
-3.250000 5.681609e-02
-3.000000 6.034160e-02
-2.750000 6.303645e-02
-2.500000 6.489154e-02
-2.250000 6.595187e-02
-2.000000 6.631867e-02
-1.750000 6.614662e-02
-1.500000 6.563391e-02
-1.250000 6.500301e-02
-1.000000 6.447128e-02
-0.750000 6.421427e-02
-0.500000 6.432995e-02
-0.250000 6.481608e-02
0.000000 6.556997e-02
0.250000 6.641074e-02
0.500000 6.711512e-02
0.750000 6.745480e-02
1.000000 6.722721e-02
1.250000 6.627677e-02
1.500000 6.450735e-02
1.750000 6.188808e-02
2.000000 5.845455e-02
2.250000 5.430728e-02
2.500000 4.960879e-02
2.750000 4.458058e-02
3.000000 3.950051e-02
3.250000 3.469829e-02
3.500000 3.053961e-02
3.750000 2.737555e-02
4.000000 2.543296e-02
4.250000 2.468323e-02
4.500000 2.481852e-02
4.750000 2.538974e-02
5.000000 2.597693e-02
5.250000 2.627436e-02
5.500000 2.609843e-02
5.750000 2.536578e-02
6.000000 2.406783e-02
6.250000 2.224944e-02
6.500000 1.999191e-02
6.750000 1.739915e-02
7.000000 1.458628e-02
7.250000 1.167007e-02
7.500000 8.761173e-03
7.750000 5.958111e-03
8.000000 3.343580e-03
8.250000 9.925332e-04
8.500000 1.135924e-03
8.750000 2.890336e-03
9.000000 4.340451e-03
9.250000 5.487837e-03
9.500000 6.352695e-03
9.750000 6.962392e-03
10.000000 7.346868e-03
10.250000 7.535302e-03
10.500000 7.554029e-03
10.750000 7.425810e-03
11.000000 7.170310e-03
11.250000 6.805425e-03
11.500000 6.348937e-03
11.750000 5.820016e-03
12.000000 5.240188e-03
12.250000 4.633583e-03
12.500000 4.026425e-03
12.750000 3.445807e-03
13.000000 2.917753e-03
13.250000 2.464421e-03
13.500000 2.100314e-03
13.750000 1.828220e-03
14.000000 1.637648e-03
14.250000 1.509005e-03
14.500000 1.422214e-03
14.750000 1.363526e-03
15.000000 1.326151e-03
15.250000 1.305924e-03
15.500000 1.296109e-03
15.750000 1.285043e-03
16.000000 1.257584e-03
16.250000 1.198650e-03
16.500000 1.096786e-03
16.750000 9.469793e-04
17.000000 7.537908e-04
17.250000 5.401149e-04
17.500000 3.852195e-04
17.750000 4.512282e-04
18.000000 6.981180e-04
18.250000 9.915959e-04
18.500000 1.276646e-03
18.750000 1.527858e-03
19.000000 1.730727e-03
19.250000 1.878241e-03
19.500000 1.970451e-03
19.750000 2.014375e-03
20.000000 2.023359e-03
20.250000 2.015294e-03
20.500000 2.009183e-03
20.750000 2.020232e-03
21.000000 2.055135e-03
21.250000 2.110261e-03
21.500000 2.174008e-03
21.750000 2.231738e-03
22.000000 2.270607e-03
22.250000 2.282803e-03
22.500000 2.267020e-03
22.750000 2.228486e-03
23.000000 2.177657e-03
23.250000 2.127509e-03
23.500000 2.089552e-03
23.750000 2.069529e-03
24.000000 2.064698e-03
24.250000 2.064266e-03
24.500000 2.052661e-03
24.750000 2.013734e-03
25.000000 1.934176e-03
25.250000 1.805540e-03
25.500000 1.625067e-03
25.750000 1.395712e-03
26.000000 1.125775e-03
26.250000 8.287129e-04
26.500000 5.253873e-04
26.750000 2.678340e-04
27.000000 2.652643e-04
27.250000 4.809777e-04
27.500000 6.989698e-04
27.750000 8.758502e-04
28.000000 1.000307e-03
28.250000 1.069943e-03
28.500000 1.088202e-03
28.750000 1.063575e-03
29.000000 1.009011e-03
29.250000 9.409270e-04
29.500000 8.770744e-04
29.750000 8.323291e-04
30.000000 8.130701e-04
30.250000 8.142221e-04
30.500000 8.225056e-04
30.750000 8.230099e-04
31.000000 8.039622e-04
31.250000 7.584027e-04
31.500000 6.840370e-04
31.750000 5.824494e-04
32.000000 4.583191e-04
32.250000 3.194749e-04
32.500000 1.827866e-04
32.750000 1.271894e-04
33.000000 2.371161e-04
33.250000 3.934592e-04
33.500000 5.575707e-04
33.750000 7.230822e-04
34.000000 8.882055e-04
34.250000 1.051602e-03
34.500000 1.211130e-03
34.750000 1.363456e-03
35.000000 1.504214e-03
35.250000 1.628560e-03
35.500000 1.731953e-03
35.750000 1.810985e-03
36.000000 1.864121e-03
36.250000 1.892223e-03
36.500000 1.898726e-03
36.750000 1.889351e-03
37.000000 1.871245e-03
37.250000 1.851536e-03
37.500000 1.835530e-03
37.750000 1.825086e-03
38.000000 1.817841e-03
38.250000 1.807675e-03
38.500000 1.786204e-03
38.750000 1.744676e-03
39.000000 1.675667e-03
39.250000 1.574275e-03
39.500000 1.438782e-03
39.750000 1.270898e-03
40.000000 1.075782e-03
40.250000 8.621491e-04
40.500000 6.433277e-04
40.750000 4.424536e-04
41.000000 3.116776e-04
41.250000 3.271710e-04
41.500000 4.459121e-04
41.750000 5.802092e-04
42.000000 6.949395e-04
42.250000 7.782492e-04
42.500000 8.265911e-04
42.750000 8.406635e-04
43.000000 8.239702e-04
43.250000 7.820328e-04
43.500000 7.218193e-04
43.750000 6.513216e-04
44.000000 5.793116e-04
44.250000 5.152097e-04
44.500000 4.686012e-04
44.750000 4.473916e-04
45.000000 4.544949e-04
45.250000 4.861176e-04
45.500000 5.341481e-04
45.750000 5.897518e-04
46.000000 6.450774e-04
46.250000 6.934258e-04
46.500000 7.290825e-04
46.750000 7.473157e-04
47.000000 7.445689e-04
47.250000 7.187535e-04
47.500000 6.695529e-04
47.750000 5.987094e-04
48.000000 5.103569e-04
48.250000 4.116846e-04
48.500000 3.147924e-04
48.750000 2.412309e-04
49.000000 2.212104e-04
49.250000 2.575564e-04
49.500000 3.157620e-04
49.750000 3.681953e-04
50.000000 4.016156e-04
