-50.000000 2.215907e-03
-49.750000 2.152214e-03
-49.500000 2.054975e-03
-49.250000 1.930793e-03
-49.000000 1.790765e-03
-48.750000 1.651466e-03
-48.500000 1.535519e-03
-48.250000 1.469575e-03
-48.000000 1.476654e-03
-47.750000 1.565010e-03
-47.500000 1.724260e-03
-47.250000 1.933139e-03
-47.000000 2.169384e-03
-46.750000 2.414575e-03
-46.500000 2.654945e-03
-46.250000 2.880816e-03
-46.000000 3.085880e-03
-45.750000 3.266667e-03
-45.500000 3.422135e-03
-45.250000 3.553316e-03
-45.000000 3.662939e-03
-44.750000 3.754972e-03
-44.500000 3.834060e-03
-44.250000 3.904869e-03
-44.000000 3.971390e-03
-43.750000 4.036287e-03
-43.500000 4.100403e-03
-43.250000 4.162521e-03
-43.000000 4.219408e-03
-42.750000 4.266143e-03
-42.500000 4.296626e-03
-42.250000 4.304195e-03
-42.000000 4.282252e-03
-41.750000 4.224832e-03
-41.500000 4.127108e-03
-41.250000 3.985814e-03
-41.000000 3.799627e-03
-40.750000 3.569560e-03
-40.500000 3.299445e-03
-40.250000 2.996692e-03
-40.000000 2.673607e-03
-39.750000 2.349744e-03
-39.500000 2.055672e-03
-39.250000 1.836463e-03
-39.000000 1.745827e-03
-38.750000 1.818159e-03
-38.500000 2.040360e-03
-38.250000 2.366165e-03
-38.000000 2.748599e-03
-37.750000 3.153000e-03
-37.500000 3.555832e-03
-37.250000 3.941025e-03
-37.000000 4.297358e-03
-36.750000 4.616928e-03
-36.500000 4.894279e-03
-36.250000 5.125869e-03
-36.000000 5.309704e-03
-35.750000 5.445054e-03
-35.500000 5.532204e-03
-35.250000 5.572245e-03
-35.000000 5.566876e-03
-34.750000 5.518263e-03
-34.500000 5.428944e-03
-34.250000 5.301811e-03
-34.000000 5.140175e-03
-33.750000 4.947936e-03
-33.500000 4.729863e-03
-33.250000 4.491986e-03
-33.000000 4.242082e-03
-32.750000 3.990220e-03
-32.500000 3.749210e-03
-32.250000 3.534661e-03
-32.000000 3.364106e-03
-31.750000 3.254557e-03
-31.500000 3.218415e-03
-31.250000 3.259161e-03
-31.000000 3.369356e-03
-30.750000 3.532341e-03
-30.500000 3.726274e-03
-30.250000 3.928075e-03
-30.000000 4.115947e-03
-29.750000 4.270561e-03
-29.500000 4.375450e-03
-29.250000 4.417108e-03
-29.000000 4.385026e-03
-28.750000 4.271784e-03
-28.500000 4.073260e-03
-28.250000 3.789017e-03
-28.000000 3.423085e-03
-27.750000 2.985636e-03
-27.500000 2.497102e-03
-27.250000 1.999248e-03
-27.000000 1.584498e-03
-26.750000 1.433521e-03
-26.500000 1.686654e-03
-26.250000 2.237121e-03
-26.000000 2.923977e-03
-25.750000 3.657122e-03
-25.500000 4.388050e-03
-25.250000 5.085211e-03
-25.000000 5.724701e-03
-24.750000 6.287020e-03
-24.500000 6.756016e-03
-24.250000 7.118637e-03
-24.000000 7.365025e-03
-23.750000 7.488736e-03
-23.500000 7.487034e-03
-23.250000 7.361239e-03
-23.000000 7.117172e-03
-22.750000 6.765790e-03
-22.500000 6.324184e-03
-22.250000 5.817253e-03
-22.000000 5.280422e-03
-21.750000 4.763566e-03
-21.500000 4.334489e-03
-21.250000 4.074939e-03
-21.000000 4.056882e-03
-20.750000 4.303915e-03
-20.500000 4.778367e-03
-20.250000 5.410975e-03
-20.000000 6.134644e-03
-19.750000 6.897651e-03
-19.500000 7.663416e-03
-19.250000 8.406894e-03
-19.000000 9.111332e-03
-18.750000 9.765959e-03
-18.500000 1.036434e-02
-18.250000 1.090310e-02
-18.000000 1.138086e-02
-17.750000 1.179727e-02
-17.500000 1.215218e-02
-17.250000 1.244486e-02
-17.000000 1.267350e-02
-16.750000 1.283485e-02
-16.500000 1.292417e-02
-16.250000 1.293539e-02
-16.000000 1.286158e-02
-15.750000 1.269559e-02
-15.500000 1.243093e-02
-15.250000 1.206267e-02
-15.000000 1.158862e-02
-14.750000 1.101055e-02
-14.500000 1.033572e-02
-14.250000 9.578939e-03
-14.000000 8.765510e-03
-13.750000 7.935668e-03
-13.500000 7.150909e-03
-13.250000 6.500365e-03
-13.000000 6.098175e-03
-12.750000 6.053740e-03
-12.500000 6.415674e-03
-12.250000 7.144219e-03
-12.000000 8.147500e-03
-11.750000 9.332188e-03
-11.500000 1.062627e-02
-11.250000 1.198047e-02
-11.000000 1.336337e-02
-10.750000 1.475663e-02
-10.500000 1.615137e-02
-10.250000 1.754518e-02
-10.000000 1.893953e-02
-9.750000 2.033724e-02
-9.500000 2.173991e-02
-9.250000 2.314548e-02
-9.000000 2.454612e-02
-8.750000 2.592661e-02
-8.500000 2.726331e-02
-8.250000 2.852396e-02
-8.000000 2.966799e-02
-7.750000 3.064755e-02
-7.500000 3.140882e-02
-7.250000 3.189379e-02
-7.000000 3.204205e-02
-6.750000 3.179277e-02
-6.500000 3.108661e-02
-6.250000 2.986764e-02
-6.000000 2.808515e-02
-5.750000 2.569529e-02
-5.500000 2.266267e-02
-5.250000 1.896183e-02
-5.000000 1.457878e-02
-4.750000 9.514299e-03
-4.500000 3.809894e-03
-4.250000 2.804391e-03
-4.000000 9.758176e-03
-3.750000 1.735807e-02
-3.500000 2.548462e-02
-3.250000 3.406173e-02
-3.000000 4.300713e-02
-2.750000 5.223022e-02
-2.500000 6.163287e-02
-2.250000 7.111084e-02
-2.000000 8.055547e-02
-1.750000 8.985554e-02
-1.500000 9.889920e-02
-1.250000 1.075759e-01
-1.000000 1.157786e-01
-0.750000 1.234052e-01
-0.500000 1.303610e-01
-0.250000 1.365600e-01
0.000000 1.419266e-01
0.250000 1.463968e-01
0.500000 1.499196e-01
0.750000 1.524575e-01
1.000000 1.539875e-01
1.250000 1.545010e-01
1.500000 1.540042e-01
1.750000 1.525175e-01
2.000000 1.500752e-01
2.250000 1.467248e-01
2.500000 1.425254e-01
2.750000 1.375473e-01
3.000000 1.318696e-01
3.250000 1.255793e-01
3.500000 1.187692e-01
3.750000 1.115365e-01
4.000000 1.039803e-01
4.250000 9.620037e-02
4.500000 8.829528e-02
4.750000 8.036051e-02
5.000000 7.248715e-02
5.250000 6.476053e-02
5.500000 5.725923e-02
5.750000 5.005436e-02
6.000000 4.320935e-02
6.250000 3.678041e-02
6.500000 3.081791e-02
6.750000 2.536951e-02
7.000000 2.048615e-02
7.250000 1.623347e-02
7.500000 1.271172e-02
7.750000 1.008012e-02
8.000000 8.536821e-03
8.250000 8.144949e-03
8.500000 8.636577e-03
8.750000 9.579171e-03
9.000000 1.064674e-02
9.250000 1.166351e-02
9.500000 1.254749e-02
9.750000 1.326427e-02
10.000000 1.380240e-02
10.250000 1.416137e-02
10.500000 1.434587e-02
10.750000 1.436313e-02
11.000000 1.422206e-02
11.250000 1.393309e-02
11.500000 1.350865e-02
11.750000 1.296379e-02
12.000000 1.231704e-02
12.250000 1.159125e-02
12.500000 1.081452e-02
12.750000 1.002102e-02
13.000000 9.251551e-03
13.250000 8.552873e-03
13.500000 7.974703e-03
13.750000 7.562422e-03
14.000000 7.345604e-03
14.250000 7.326926e-03
14.500000 7.479291e-03
14.750000 7.754182e-03
15.000000 8.095369e-03
15.250000 8.450043e-03
15.500000 8.774470e-03
15.750000 9.035453e-03
16.000000 9.209770e-03
16.250000 9.282976e-03
16.500000 9.248176e-03
16.750000 9.104954e-03
17.000000 8.858463e-03
17.250000 8.518638e-03
17.500000 8.099505e-03
17.750000 7.618541e-03
18.000000 7.096080e-03
18.250000 6.554711e-03
18.500000 6.018592e-03
18.750000 5.512542e-03
19.000000 5.060622e-03
19.250000 4.683951e-03
19.500000 4.397747e-03
19.750000 4.208358e-03
20.000000 4.111946e-03
20.250000 4.096185e-03
20.500000 4.144571e-03
20.750000 4.241187e-03
21.000000 4.373926e-03
21.250000 4.535525e-03
21.500000 4.722857e-03
21.750000 4.935277e-03
22.000000 5.172696e-03
22.250000 5.433913e-03
22.500000 5.715506e-03
22.750000 6.011427e-03
23.000000 6.313202e-03
23.250000 6.610565e-03
23.500000 6.892312e-03
23.750000 7.147176e-03
24.000000 7.364635e-03
24.250000 7.535593e-03
24.500000 7.652908e-03
24.750000 7.711789e-03
25.000000 7.710062e-03
25.250000 7.648325e-03
25.500000 7.529997e-03
25.750000 7.361271e-03
26.000000 7.150959e-03
26.250000 6.910228e-03
26.500000 6.652187e-03
26.750000 6.391286e-03
27.000000 6.142467e-03
27.250000 5.920050e-03
27.500000 5.736392e-03
27.750000 5.600522e-03
28.000000 5.517083e-03
28.250000 5.485961e-03
28.500000 5.502807e-03
28.750000 5.560299e-03
29.000000 5.649733e-03
29.250000 5.762470e-03
29.500000 5.890929e-03
29.750000 6.029028e-03
30.000000 6.172153e-03
30.250000 6.316781e-03
30.500000 6.459930e-03
30.750000 6.598571e-03
31.000000 6.729116e-03
31.250000 6.847064e-03
31.500000 6.946852e-03
31.750000 7.021916e-03
32.000000 7.064923e-03
32.250000 7.068146e-03
32.500000 7.023910e-03
32.750000 6.925063e-03
33.000000 6.765432e-03
33.250000 6.540235e-03
33.500000 6.246419e-03
33.750000 5.882949e-03
34.000000 5.451033e-03
34.250000 4.954320e-03
34.500000 4.399166e-03
34.750000 3.795117e-03
35.000000 3.156092e-03
35.250000 2.503680e-03
35.500000 1.877247e-03
35.750000 1.366260e-03
36.000000 1.167592e-03
36.250000 1.415345e-03
36.500000 1.923230e-03
36.750000 2.508555e-03
37.000000 3.093802e-03
37.250000 3.644559e-03
37.500000 4.141995e-03
37.750000 4.574356e-03
38.000000 4.934119e-03
38.250000 5.216934e-03
38.500000 5.421154e-03
38.750000 5.547572e-03
39.000000 5.599202e-03
39.250000 5.581056e-03
39.500000 5.499875e-03
39.750000 5.363805e-03
40.000000 5.182021e-03
40.250000 4.964282e-03
40.500000 4.720447e-03
40.750000 4.459942e-03
41.000000 4.191235e-03
41.250000 3.921347e-03
41.500000 3.655490e-03
41.750000 3.396920e-03
42.000000 3.147080e-03
42.250000 2.906105e-03
42.500000 2.673701e-03
42.750000 2.450357e-03
43.000000 2.238831e-03
43.250000 2.045793e-03
43.500000 1.883255e-03
43.750000 1.768708e-03
44.000000 1.721854e-03
44.250000 1.756806e-03
44.500000 1.874109e-03
44.750000 2.060170e-03
45.000000 2.293967e-03
45.250000 2.553873e-03
45.500000 2.820882e-03
45.750000 3.079256e-03
46.000000 3.316237e-03
46.250000 3.521677e-03
46.500000 3.687785e-03
46.750000 3.809029e-03
47.000000 3.882110e-03
47.250000 3.905998e-03
47.500000 3.881977e-03
47.750000 3.813689e-03
48.000000 3.707166e-03
48.250000 3.570805e-03
48.500000 3.415253e-03
48.750000 3.253099e-03
49.000000 3.098194e-03
49.250000 2.964408e-03
49.500000 2.863699e-03
49.750000 2.803760e-03
50.000000 2.786098e-03
