-50.000000 6.724567e-03
-49.750000 6.760814e-03
-49.500000 6.796988e-03
-49.250000 6.833089e-03
-49.000000 6.869114e-03
-48.750000 6.905064e-03
-48.500000 6.940936e-03
-48.250000 6.976730e-03
-48.000000 7.012445e-03
-47.750000 7.048079e-03
-47.500000 7.083632e-03
-47.250000 7.119102e-03
-47.000000 7.154489e-03
-46.750000 7.189791e-03
-46.500000 7.225007e-03
-46.250000 7.260136e-03
-46.000000 7.295177e-03
-45.750000 7.330130e-03
-45.500000 7.364992e-03
-45.250000 7.399763e-03
-45.000000 7.434442e-03
-44.750000 7.469028e-03
-44.500000 7.503519e-03
-44.250000 7.537915e-03
-44.000000 7.572215e-03
-43.750000 7.606418e-03
-43.500000 7.640522e-03
-43.250000 7.674526e-03
-43.000000 7.708430e-03
-42.750000 7.742232e-03
-42.500000 7.775932e-03
-42.250000 7.809528e-03
-42.000000 7.843019e-03
-41.750000 7.876405e-03
-41.500000 7.909684e-03
-41.250000 7.942856e-03
-41.000000 7.975918e-03
-40.750000 8.008871e-03
-40.500000 8.041713e-03
-40.250000 8.074444e-03
-40.000000 8.107062e-03
-39.750000 8.139566e-03
-39.500000 8.171955e-03
-39.250000 8.204229e-03
-39.000000 8.236385e-03
-38.750000 8.268425e-03
-38.500000 8.300345e-03
-38.250000 8.332146e-03
-38.000000 8.363826e-03
-37.750000 8.395385e-03
-37.500000 8.426821e-03
-37.250000 8.458134e-03
-37.000000 8.489322e-03
-36.750000 8.520385e-03
-36.500000 8.551322e-03
-36.250000 8.582131e-03
-36.000000 8.612812e-03
-35.750000 8.643363e-03
-35.500000 8.673785e-03
-35.250000 8.704076e-03
-35.000000 8.734234e-03
-34.750000 8.764260e-03
-34.500000 8.794152e-03
-34.250000 8.823909e-03
-34.000000 8.853530e-03
-33.750000 8.883015e-03
-33.500000 8.912363e-03
-33.250000 8.941572e-03
-33.000000 8.970642e-03
-32.750000 8.999571e-03
-32.500000 9.028360e-03
-32.250000 9.057007e-03
-32.000000 9.085511e-03
-31.750000 9.113872e-03
-31.500000 9.142087e-03
-31.250000 9.170158e-03
-31.000000 9.198082e-03
-30.750000 9.225859e-03
-30.500000 9.253489e-03
-30.250000 9.280969e-03
-30.000000 9.308300e-03
-29.750000 9.335480e-03
-29.500000 9.362509e-03
-29.250000 9.389386e-03
-29.000000 9.416110e-03
-28.750000 9.442680e-03
-28.500000 9.469096e-03
-28.250000 9.495356e-03
-28.000000 9.521460e-03
-27.750000 9.547407e-03
-27.500000 9.573197e-03
-27.250000 9.598827e-03
-27.000000 9.624299e-03
-26.750000 9.649610e-03
-26.500000 9.674760e-03
-26.250000 9.699749e-03
-26.000000 9.724575e-03
-25.750000 9.749238e-03
-25.500000 9.773737e-03
-25.250000 9.798071e-03
-25.000000 9.822240e-03
-24.750000 9.846243e-03
-24.500000 9.870079e-03
-24.250000 9.893747e-03
-24.000000 9.917247e-03
-23.750000 9.940577e-03
-23.500000 9.963738e-03
-23.250000 9.986729e-03
-23.000000 1.000955e-02
-22.750000 1.003220e-02
-22.500000 1.005467e-02
-22.250000 1.007697e-02
-22.000000 1.009910e-02
-21.750000 1.012105e-02
-21.500000 1.014283e-02
-21.250000 1.016443e-02
-21.000000 1.018586e-02
-20.750000 1.020710e-02
-20.500000 1.022817e-02
-20.250000 1.024907e-02
-20.000000 1.026978e-02
-19.750000 1.029031e-02
-19.500000 1.031066e-02
-19.250000 1.033083e-02
-19.000000 1.035082e-02
-18.750000 1.037063e-02
-18.500000 1.039025e-02
-18.250000 1.040969e-02
-18.000000 1.042895e-02
-17.750000 1.044802e-02
-17.500000 1.046691e-02
-17.250000 1.048561e-02
-17.000000 1.050412e-02
-16.750000 1.052245e-02
-16.500000 1.054059e-02
-16.250000 1.055854e-02
-16.000000 1.057631e-02
-15.750000 1.059388e-02
-15.500000 1.061126e-02
-15.250000 1.062846e-02
-15.000000 1.064546e-02
-14.750000 1.066228e-02
-14.500000 1.067890e-02
-14.250000 1.069533e-02
-14.000000 1.071156e-02
-13.750000 1.072761e-02
-13.500000 1.074345e-02
-13.250000 1.075911e-02
-13.000000 1.077457e-02
-12.750000 1.078984e-02
-12.500000 1.080491e-02
-12.250000 1.081978e-02
-12.000000 1.083446e-02
-11.750000 1.084894e-02
-11.500000 1.086322e-02
-11.250000 1.087731e-02
-11.000000 1.089120e-02
-10.750000 1.090489e-02
-10.500000 1.091838e-02
-10.250000 1.093167e-02
-10.000000 1.094476e-02
-9.750000 1.095765e-02
-9.500000 1.097034e-02
-9.250000 1.098283e-02
-9.000000 1.099512e-02
-8.750000 1.100721e-02
-8.500000 1.101909e-02
-8.250000 1.103077e-02
-8.000000 1.104226e-02
-7.750000 1.105353e-02
-7.500000 1.106461e-02
-7.250000 1.107548e-02
-7.000000 1.108614e-02
-6.750000 1.109661e-02
-6.500000 1.110686e-02
-6.250000 1.111692e-02
-6.000000 1.112676e-02
-5.750000 1.113641e-02
-5.500000 1.114584e-02
-5.250000 1.115507e-02
-5.000000 1.116410e-02
-4.750000 1.117292e-02
-4.500000 1.118153e-02
-4.250000 1.118993e-02
-4.000000 1.119813e-02
-3.750000 1.120612e-02
-3.500000 1.121390e-02
-3.250000 1.122148e-02
-3.000000 1.122884e-02
-2.750000 1.123600e-02
-2.500000 1.124295e-02
-2.250000 1.124969e-02
-2.000000 1.125622e-02
-1.750000 1.126255e-02
-1.500000 1.126866e-02
-1.250000 1.127456e-02
-1.000000 1.128026e-02
-0.750000 1.128574e-02
-0.500000 1.129102e-02
-0.250000 1.129609e-02
0.000000 1.130094e-02
0.250000 1.130559e-02
0.500000 1.131002e-02
0.750000 1.131425e-02
1.000000 1.131826e-02
1.250000 1.132207e-02
1.500000 1.132566e-02
1.750000 1.132904e-02
2.000000 1.133221e-02
2.250000 1.133517e-02
2.500000 1.133792e-02
2.750000 1.134046e-02
3.000000 1.134279e-02
3.250000 1.134491e-02
3.500000 1.134681e-02
3.750000 1.134851e-02
4.000000 1.134999e-02
4.250000 1.135126e-02
4.500000 1.135232e-02
4.750000 1.135317e-02
5.000000 1.135381e-02
5.250000 1.135424e-02
5.500000 1.135445e-02
5.750000 1.135446e-02
6.000000 1.135425e-02
6.250000 1.135384e-02
6.500000 1.135321e-02
6.750000 1.135237e-02
7.000000 1.135132e-02
7.250000 1.135006e-02
7.500000 1.134859e-02
7.750000 1.134691e-02
8.000000 1.134501e-02
8.250000 1.134291e-02
8.500000 1.134060e-02
8.750000 1.133807e-02
9.000000 1.133534e-02
9.250000 1.133240e-02
9.500000 1.132924e-02
9.750000 1.132588e-02
10.000000 1.132231e-02
10.250000 1.131853e-02
10.500000 1.131454e-02
10.750000 1.131034e-02
11.000000 1.130593e-02
11.250000 1.130131e-02
11.500000 1.129648e-02
11.750000 1.129145e-02
12.000000 1.128620e-02
12.250000 1.128075e-02
12.500000 1.127509e-02
12.750000 1.126923e-02
13.000000 1.126316e-02
13.250000 1.125687e-02
13.500000 1.125039e-02
13.750000 1.124369e-02
14.000000 1.123679e-02
14.250000 1.122969e-02
14.500000 1.122238e-02
14.750000 1.121486e-02
15.000000 1.120713e-02
15.250000 1.119921e-02
15.500000 1.119107e-02
15.750000 1.118274e-02
16.000000 1.117420e-02
16.250000 1.116545e-02
16.500000 1.115650e-02
16.750000 1.114735e-02
17.000000 1.113800e-02
17.250000 1.112844e-02
17.500000 1.111869e-02
17.750000 1.110873e-02
18.000000 1.109856e-02
18.250000 1.108820e-02
18.500000 1.107764e-02
18.750000 1.106688e-02
19.000000 1.105591e-02
19.250000 1.104475e-02
19.500000 1.103339e-02
19.750000 1.102183e-02
20.000000 1.101007e-02
20.250000 1.099811e-02
20.500000 1.098596e-02
20.750000 1.097361e-02
21.000000 1.096106e-02
21.250000 1.094832e-02
21.500000 1.093538e-02
21.750000 1.092224e-02
22.000000 1.090892e-02
22.250000 1.089539e-02
22.500000 1.088167e-02
22.750000 1.086776e-02
23.000000 1.085366e-02
23.250000 1.083937e-02
23.500000 1.082488e-02
23.750000 1.081020e-02
24.000000 1.079533e-02
24.250000 1.078027e-02
24.500000 1.076502e-02
24.750000 1.074958e-02
25.000000 1.073395e-02
25.250000 1.071814e-02
25.500000 1.070213e-02
25.750000 1.068594e-02
26.000000 1.066957e-02
26.250000 1.065300e-02
26.500000 1.063626e-02
26.750000 1.061932e-02
27.000000 1.060221e-02
27.250000 1.058491e-02
27.500000 1.056742e-02
27.750000 1.054976e-02
28.000000 1.053191e-02
28.250000 1.051388e-02
28.500000 1.049567e-02
28.750000 1.047728e-02
29.000000 1.045871e-02
29.250000 1.043996e-02
29.500000 1.042104e-02
29.750000 1.040193e-02
30.000000 1.038266e-02
30.250000 1.036320e-02
30.500000 1.034357e-02
30.750000 1.032376e-02
31.000000 1.030378e-02
31.250000 1.028363e-02
31.500000 1.026330e-02
31.750000 1.024281e-02
32.000000 1.022214e-02
32.250000 1.020130e-02
32.500000 1.018029e-02
32.750000 1.015911e-02
33.000000 1.013776e-02
33.250000 1.011625e-02
33.500000 1.009457e-02
33.750000 1.007272e-02
34.000000 1.005071e-02
34.250000 1.002853e-02
34.500000 1.000619e-02
34.750000 9.983682e-03
35.000000 9.961015e-03
35.250000 9.938186e-03
35.500000 9.915196e-03
35.750000 9.892046e-03
36.000000 9.868737e-03
36.250000 9.845269e-03
36.500000 9.821644e-03
36.750000 9.797862e-03
37.000000 9.773923e-03
37.250000 9.749830e-03
37.500000 9.725582e-03
37.750000 9.701180e-03
38.000000 9.676626e-03
38.250000 9.651919e-03
38.500000 9.627062e-03
38.750000 9.602054e-03
39.000000 9.576897e-03
39.250000 9.551591e-03
39.500000 9.526137e-03
39.750000 9.500537e-03
40.000000 9.474790e-03
40.250000 9.448899e-03
40.500000 9.422863e-03
40.750000 9.396684e-03
41.000000 9.370363e-03
41.250000 9.343899e-03
41.500000 9.317296e-03
41.750000 9.290552e-03
42.000000 9.263670e-03
42.250000 9.236649e-03
42.500000 9.209492e-03
42.750000 9.182199e-03
43.000000 9.154770e-03
43.250000 9.127207e-03
43.500000 9.099511e-03
43.750000 9.071682e-03
44.000000 9.043722e-03
44.250000 9.015631e-03
44.500000 8.987411e-03
44.750000 8.959063e-03
45.000000 8.930586e-03
45.250000 8.901983e-03
45.500000 8.873255e-03
45.750000 8.844401e-03
46.000000 8.815424e-03
46.250000 8.786324e-03
46.500000 8.757103e-03
46.750000 8.727760e-03
47.000000 8.698298e-03
47.250000 8.668717e-03
47.500000 8.639019e-03
47.750000 8.609203e-03
48.000000 8.579272e-03
48.250000 8.549226e-03
48.500000 8.519066e-03
48.750000 8.488794e-03
49.000000 8.458410e-03
49.250000 8.427915e-03
49.500000 8.397311e-03
49.750000 8.366599e-03
50.000000 8.335778e-03
