-50.000000 8.783600e-01
-49.750000 8.795355e-01
-49.500000 8.807057e-01
-49.250000 8.818709e-01
-49.000000 8.830308e-01
-48.750000 8.841856e-01
-48.500000 8.853352e-01
-48.250000 8.864796e-01
-48.000000 8.876188e-01
-47.750000 8.887528e-01
-47.500000 8.898816e-01
-47.250000 8.910051e-01
-47.000000 8.921233e-01
-46.750000 8.932363e-01
-46.500000 8.943441e-01
-46.250000 8.954465e-01
-46.000000 8.965437e-01
-45.750000 8.976355e-01
-45.500000 8.987220e-01
-45.250000 8.998033e-01
-45.000000 9.008791e-01
-44.750000 9.019497e-01
-44.500000 9.030149e-01
-44.250000 9.040747e-01
-44.000000 9.051291e-01
-43.750000 9.061782e-01
-43.500000 9.072219e-01
-43.250000 9.082601e-01
-43.000000 9.092930e-01
-42.750000 9.103204e-01
-42.500000 9.113424e-01
-42.250000 9.123590e-01
-42.000000 9.133701e-01
-41.750000 9.143757e-01
-41.500000 9.153759e-01
-41.250000 9.163706e-01
-41.000000 9.173598e-01
-40.750000 9.183435e-01
-40.500000 9.193217e-01
-40.250000 9.202944e-01
-40.000000 9.212615e-01
-39.750000 9.222231e-01
-39.500000 9.231792e-01
-39.250000 9.241297e-01
-39.000000 9.250747e-01
-38.750000 9.260141e-01
-38.500000 9.269479e-01
-38.250000 9.278761e-01
-38.000000 9.287987e-01
-37.750000 9.297157e-01
-37.500000 9.306271e-01
-37.250000 9.315329e-01
-37.000000 9.324331e-01
-36.750000 9.333276e-01
-36.500000 9.342164e-01
-36.250000 9.350996e-01
-36.000000 9.359771e-01
-35.750000 9.368490e-01
-35.500000 9.377152e-01
-35.250000 9.385757e-01
-35.000000 9.394305e-01
-34.750000 9.402795e-01
-34.500000 9.411229e-01
-34.250000 9.419605e-01
-34.000000 9.427925e-01
-33.750000 9.436186e-01
-33.500000 9.444391e-01
-33.250000 9.452537e-01
-33.000000 9.460627e-01
-32.750000 9.468658e-01
-32.500000 9.476632e-01
-32.250000 9.484548e-01
-32.000000 9.492406e-01
-31.750000 9.500206e-01
-31.500000 9.507947e-01
-31.250000 9.515631e-01
-31.000000 9.523257e-01
-30.750000 9.530824e-01
-30.500000 9.538333e-01
-30.250000 9.545784e-01
-30.000000 9.553176e-01
-29.750000 9.560509e-01
-29.500000 9.567784e-01
-29.250000 9.575000e-01
-29.000000 9.582158e-01
-28.750000 9.589256e-01
-28.500000 9.596296e-01
-28.250000 9.603276e-01
-28.000000 9.610198e-01
-27.750000 9.617061e-01
-27.500000 9.623864e-01
-27.250000 9.630608e-01
-27.000000 9.637293e-01
-26.750000 9.643919e-01
-26.500000 9.650485e-01
-26.250000 9.656991e-01
-26.000000 9.663439e-01
-25.750000 9.669826e-01
-25.500000 9.676154e-01
-25.250000 9.682422e-01
-25.000000 9.688630e-01
-24.750000 9.694779e-01
-24.500000 9.700868e-01
-24.250000 9.706896e-01
-24.000000 9.712865e-01
-23.750000 9.718774e-01
-23.500000 9.724622e-01
-23.250000 9.730411e-01
-23.000000 9.736139e-01
-22.750000 9.741807e-01
-22.500000 9.747414e-01
-22.250000 9.752961e-01
-22.000000 9.758448e-01
-21.750000 9.763874e-01
-21.500000 9.769240e-01
-21.250000 9.774545e-01
-21.000000 9.779789e-01
-20.750000 9.784973e-01
-20.500000 9.790096e-01
-20.250000 9.795158e-01
-20.000000 9.800159e-01
-19.750000 9.805100e-01
-19.500000 9.809979e-01
-19.250000 9.814798e-01
-19.000000 9.819555e-01
-18.750000 9.824252e-01
-18.500000 9.828887e-01
-18.250000 9.833461e-01
-18.000000 9.837974e-01
-17.750000 9.842426e-01
-17.500000 9.846817e-01
-17.250000 9.851146e-01
-17.000000 9.855414e-01
-16.750000 9.859620e-01
-16.500000 9.863765e-01
-16.250000 9.867848e-01
-16.000000 9.871870e-01
-15.750000 9.875831e-01
-15.500000 9.879730e-01
-15.250000 9.883567e-01
-15.000000 9.887342e-01
-14.750000 9.891056e-01
-14.500000 9.894708e-01
-14.250000 9.898298e-01
-14.000000 9.901827e-01
-13.750000 9.905293e-01
-13.500000 9.908698e-01
-13.250000 9.912041e-01
-13.000000 9.915322e-01
-12.750000 9.918541e-01
-12.500000 9.921698e-01
-12.250000 9.924793e-01
-12.000000 9.927826e-01
-11.750000 9.930796e-01
-11.500000 9.933705e-01
-11.250000 9.936552e-01
-11.000000 9.939336e-01
-10.750000 9.942058e-01
-10.500000 9.944718e-01
-10.250000 9.947316e-01
-10.000000 9.949851e-01
-9.750000 9.952324e-01
-9.500000 9.954735e-01
-9.250000 9.957084e-01
-9.000000 9.959370e-01
-8.750000 9.961594e-01
-8.500000 9.963755e-01
-8.250000 9.965854e-01
-8.000000 9.967890e-01
-7.750000 9.969864e-01
-7.500000 9.971776e-01
-7.250000 9.973625e-01
-7.000000 9.975411e-01
-6.750000 9.977135e-01
-6.500000 9.978797e-01
-6.250000 9.980396e-01
-6.000000 9.981932e-01
-5.750000 9.983406e-01
-5.500000 9.984817e-01
-5.250000 9.986165e-01
-5.000000 9.987451e-01
-4.750000 9.988674e-01
-4.500000 9.989835e-01
-4.250000 9.990933e-01
-4.000000 9.991968e-01
-3.750000 9.992940e-01
-3.500000 9.993850e-01
-3.250000 9.994697e-01
-3.000000 9.995481e-01
-2.750000 9.996203e-01
-2.500000 9.996862e-01
-2.250000 9.997458e-01
-2.000000 9.997992e-01
-1.750000 9.998462e-01
-1.500000 9.998870e-01
-1.250000 9.999215e-01
-1.000000 9.999498e-01
-0.750000 9.999718e-01
-0.500000 9.999874e-01
-0.250000 9.999969e-01
0.000000 1.000000e+00
0.250000 9.999969e-01
0.500000 9.999874e-01
0.750000 9.999718e-01
1.000000 9.999498e-01
1.250000 9.999215e-01
1.500000 9.998870e-01
1.750000 9.998462e-01
2.000000 9.997992e-01
2.250000 9.997458e-01
2.500000 9.996862e-01
2.750000 9.996203e-01
3.000000 9.995481e-01
3.250000 9.994697e-01
3.500000 9.993850e-01
3.750000 9.992940e-01
4.000000 9.991968e-01
4.250000 9.990933e-01
4.500000 9.989835e-01
4.750000 9.988674e-01
5.000000 9.987451e-01
5.250000 9.986165e-01
5.500000 9.984817e-01
5.750000 9.983406e-01
6.000000 9.981932e-01
6.250000 9.980396e-01
6.500000 9.978797e-01
6.750000 9.977135e-01
7.000000 9.975411e-01
7.250000 9.973625e-01
7.500000 9.971776e-01
7.750000 9.969864e-01
8.000000 9.967890e-01
8.250000 9.965854e-01
8.500000 9.963755e-01
8.750000 9.961594e-01
9.000000 9.959370e-01
9.250000 9.957084e-01
9.500000 9.954735e-01
9.750000 9.952324e-01
10.000000 9.949851e-01
10.250000 9.947316e-01
10.500000 9.944718e-01
10.750000 9.942058e-01
11.000000 9.939336e-01
11.250000 9.936552e-01
11.500000 9.933705e-01
11.750000 9.930796e-01
12.000000 9.927826e-01
12.250000 9.924793e-01
12.500000 9.921698e-01
12.750000 9.918541e-01
13.000000 9.915322e-01
13.250000 9.912041e-01
13.500000 9.908698e-01
13.750000 9.905293e-01
14.000000 9.901827e-01
14.250000 9.898298e-01
14.500000 9.894708e-01
14.750000 9.891056e-01
15.000000 9.887342e-01
15.250000 9.883567e-01
15.500000 9.879730e-01
15.750000 9.875831e-01
16.000000 9.871870e-01
16.250000 9.867848e-01
16.500000 9.863765e-01
16.750000 9.859620e-01
17.000000 9.855414e-01
17.250000 9.851146e-01
17.500000 9.846817e-01
17.750000 9.842426e-01
18.000000 9.837974e-01
18.250000 9.833461e-01
18.500000 9.828887e-01
18.750000 9.824252e-01
19.000000 9.819555e-01
19.250000 9.814798e-01
19.500000 9.809979e-01
19.750000 9.805100e-01
20.000000 9.800159e-01
20.250000 9.795158e-01
20.500000 9.790096e-01
20.750000 9.784973e-01
21.000000 9.779789e-01
21.250000 9.774545e-01
21.500000 9.769240e-01
21.750000 9.763874e-01
22.000000 9.758448e-01
22.250000 9.752961e-01
22.500000 9.747414e-01
22.750000 9.741807e-01
23.000000 9.736139e-01
23.250000 9.730411e-01
23.500000 9.724622e-01
23.750000 9.718774e-01
24.000000 9.712865e-01
24.250000 9.706896e-01
24.500000 9.700868e-01
24.750000 9.694779e-01
25.000000 9.688630e-01
25.250000 9.682422e-01
25.500000 9.676154e-01
25.750000 9.669826e-01
26.000000 9.663439e-01
26.250000 9.656991e-01
26.500000 9.650485e-01
26.750000 9.643919e-01
27.000000 9.637293e-01
27.250000 9.630608e-01
27.500000 9.623864e-01
27.750000 9.617061e-01
28.000000 9.610198e-01
28.250000 9.603276e-01
28.500000 9.596296e-01
28.750000 9.589256e-01
29.000000 9.582158e-01
29.250000 9.575000e-01
29.500000 9.567784e-01
29.750000 9.560509e-01
30.000000 9.553176e-01
30.250000 9.545784e-01
30.500000 9.538333e-01
30.750000 9.530824e-01
31.000000 9.523257e-01
31.250000 9.515631e-01
31.500000 9.507947e-01
31.750000 9.500206e-01
32.000000 9.492406e-01
32.250000 9.484548e-01
32.500000 9.476632e-01
32.750000 9.468658e-01
33.000000 9.460627e-01
33.250000 9.452537e-01
33.500000 9.444391e-01
33.750000 9.436186e-01
34.000000 9.427925e-01
34.250000 9.419605e-01
34.500000 9.411229e-01
34.750000 9.402795e-01
35.000000 9.394305e-01
35.250000 9.385757e-01
35.500000 9.377152e-01
35.750000 9.368490e-01
36.000000 9.359771e-01
36.250000 9.350996e-01
36.500000 9.342164e-01
36.750000 9.333276e-01
37.000000 9.324331e-01
37.250000 9.315329e-01
37.500000 9.306271e-01
37.750000 9.297157e-01
38.000000 9.287987e-01
38.250000 9.278761e-01
38.500000 9.269479e-01
38.750000 9.260141e-01
39.000000 9.250747e-01
39.250000 9.241297e-01
39.500000 9.231792e-01
39.750000 9.222231e-01
40.000000 9.212615e-01
40.250000 9.202944e-01
40.500000 9.193217e-01
40.750000 9.183435e-01
41.000000 9.173598e-01
41.250000 9.163706e-01
41.500000 9.153759e-01
41.750000 9.143757e-01
42.000000 9.133701e-01
42.250000 9.123590e-01
42.500000 9.113424e-01
42.750000 9.103204e-01
43.000000 9.092930e-01
43.250000 9.082601e-01
43.500000 9.072219e-01
43.750000 9.061782e-01
44.000000 9.051291e-01
44.250000 9.040747e-01
44.500000 9.030149e-01
44.750000 9.019497e-01
45.000000 9.008791e-01
45.250000 8.998033e-01
45.500000 8.987220e-01
45.750000 8.976355e-01
46.000000 8.965437e-01
46.250000 8.954465e-01
46.500000 8.943441e-01
46.750000 8.932363e-01
47.000000 8.921233e-01
47.250000 8.910051e-01
47.500000 8.898816e-01
47.750000 8.887528e-01
48.000000 8.876188e-01
48.250000 8.864796e-01
48.500000 8.853352e-01
48.750000 8.841856e-01
49.000000 8.830308e-01
49.250000 8.818709e-01
49.500000 8.807057e-01
49.750000 8.795355e-01
50.000000 8.783600e-01
