-50.000000 9.115410e-04
-49.750000 1.001012e-03
-49.500000 1.089011e-03
-49.250000 1.172453e-03
-49.000000 1.248246e-03
-48.750000 1.313371e-03
-48.500000 1.364979e-03
-48.250000 1.400479e-03
-48.000000 1.417632e-03
-47.750000 1.414638e-03
-47.500000 1.390207e-03
-47.250000 1.343621e-03
-47.000000 1.274775e-03
-46.750000 1.184199e-03
-46.500000 1.073068e-03
-46.250000 9.431839e-04
-46.000000 7.969529e-04
-45.750000 6.373651e-04
-45.500000 4.680502e-04
-45.250000 2.937968e-04
-45.000000 1.261925e-04
-44.750000 1.017966e-04
-44.500000 2.576544e-04
-44.250000 4.187866e-04
-44.000000 5.694356e-04
-43.750000 7.048152e-04
-43.500000 8.216722e-04
-43.250000 9.175462e-04
-43.000000 9.906826e-04
-42.750000 1.040050e-03
-42.500000 1.065375e-03
-42.250000 1.067183e-03
-42.000000 1.046835e-03
-41.750000 1.006587e-03
-41.500000 9.496723e-04
-41.250000 8.804617e-04
-41.000000 8.047036e-04
-40.750000 7.298535e-04
-40.500000 6.652562e-04
-40.250000 6.214460e-04
-40.000000 6.074228e-04
-39.750000 6.263976e-04
-39.500000 6.739575e-04
-39.250000 7.410211e-04
-39.000000 8.181282e-04
-38.750000 8.976855e-04
-38.500000 9.743331e-04
-38.250000 1.044613e-03
-38.000000 1.106559e-03
-37.750000 1.159367e-03
-37.500000 1.203144e-03
-37.250000 1.238688e-03
-37.000000 1.267290e-03
-36.750000 1.290520e-03
-36.500000 1.310005e-03
-36.250000 1.327212e-03
-36.000000 1.343243e-03
-35.750000 1.358690e-03
-35.500000 1.373557e-03
-35.250000 1.387268e-03
-35.000000 1.398764e-03
-34.750000 1.406657e-03
-34.500000 1.409415e-03
-34.250000 1.405565e-03
-34.000000 1.393879e-03
-33.750000 1.373542e-03
-33.500000 1.344298e-03
-33.250000 1.306583e-03
-33.000000 1.261638e-03
-32.750000 1.211615e-03
-32.500000 1.159649e-03
-32.250000 1.109859e-03
-32.000000 1.067191e-03
-31.750000 1.036969e-03
-31.500000 1.024079e-03
-31.250000 1.031898e-03
-31.000000 1.061426e-03
-30.750000 1.111127e-03
-30.500000 1.177555e-03
-30.250000 1.256381e-03
-30.000000 1.343289e-03
-29.750000 1.434550e-03
-29.500000 1.527264e-03
-29.250000 1.619409e-03
-29.000000 1.709761e-03
-28.750000 1.797759e-03
-28.500000 1.883326e-03
-28.250000 1.966668e-03
-28.000000 2.048059e-03
-27.750000 2.127642e-03
-27.500000 2.205249e-03
-27.250000 2.280284e-03
-27.000000 2.351663e-03
-26.750000 2.417836e-03
-26.500000 2.476874e-03
-26.250000 2.526617e-03
-26.000000 2.564869e-03
-25.750000 2.589614e-03
-25.500000 2.599254e-03
-25.250000 2.592854e-03
-25.000000 2.570378e-03
-24.750000 2.532933e-03
-24.500000 2.482995e-03
-24.250000 2.424594e-03
-24.000000 2.363429e-03
-23.750000 2.306799e-03
-23.500000 2.263210e-03
-23.250000 2.241523e-03
-23.000000 2.249597e-03
-22.750000 2.292726e-03
-22.500000 2.372446e-03
-22.250000 2.486280e-03
-22.000000 2.628475e-03
-21.750000 2.791288e-03
-21.500000 2.966257e-03
-21.250000 3.145126e-03
-21.000000 3.320407e-03
-20.750000 3.485643e-03
-20.500000 3.635507e-03
-20.250000 3.765815e-03
-20.000000 3.873479e-03
-19.750000 3.956444e-03
-19.500000 4.013617e-03
-19.250000 4.044775e-03
-19.000000 4.050481e-03
-18.750000 4.032000e-03
-18.500000 3.991213e-03
-18.250000 3.930555e-03
-18.000000 3.852973e-03
-17.750000 3.761904e-03
-17.500000 3.661290e-03
-17.250000 3.555612e-03
-17.000000 3.449942e-03
-16.750000 3.349970e-03
-16.500000 3.261964e-03
-16.250000 3.192596e-03
-16.000000 3.148563e-03
-15.750000 3.135985e-03
-15.500000 3.159659e-03
-15.250000 3.222333e-03
-15.000000 3.324270e-03
-14.750000 3.463224e-03
-14.500000 3.634823e-03
-14.250000 3.833181e-03
-14.000000 4.051519e-03
-13.750000 4.282683e-03
-13.500000 4.519497e-03
-13.250000 4.754976e-03
-13.000000 4.982450e-03
-12.750000 5.195621e-03
-12.500000 5.388601e-03
-12.250000 5.555945e-03
-12.000000 5.692684e-03
-11.750000 5.794373e-03
-11.500000 5.857152e-03
-11.250000 5.877826e-03
-11.000000 5.853961e-03
-10.750000 5.783989e-03
-10.500000 5.667337e-03
-10.250000 5.504565e-03
-10.000000 5.297513e-03
-9.750000 5.049476e-03
-9.500000 4.765394e-03
-9.250000 4.452086e-03
-9.000000 4.118542e-03
-8.750000 3.776302e-03
-8.500000 3.439901e-03
-8.250000 3.127271e-03
-8.000000 2.859644e-03
-7.750000 2.659992e-03
-7.500000 2.548816e-03
-7.250000 2.537816e-03
-7.000000 2.625663e-03
-6.750000 2.800414e-03
-6.500000 3.047027e-03
-6.250000 3.354202e-03
-6.000000 3.717445e-03
-5.750000 4.138900e-03
-5.500000 4.625445e-03
-5.250000 5.186102e-03
-5.000000 5.829463e-03
-4.750000 6.561573e-03
-4.500000 7.384547e-03
-4.250000 8.295941e-03
-4.000000 9.288712e-03
-3.750000 1.035158e-02
-3.500000 1.146959e-02
-3.250000 1.262472e-02
-3.000000 1.379655e-02
-2.750000 1.496292e-02
-2.500000 1.610054e-02
-2.250000 1.718560e-02
-2.000000 1.819444e-02
-1.750000 1.910410e-02
-1.500000 1.989291e-02
-1.250000 2.054103e-02
-1.000000 2.103096e-02
-0.750000 2.134795e-02
-0.500000 2.148043e-02
-0.250000 2.142026e-02
0.000000 2.116298e-02
0.250000 2.070796e-02
0.500000 2.005838e-02
0.750000 1.922129e-02
1.000000 1.820737e-02
1.250000 1.703083e-02
1.500000 1.570913e-02
1.750000 1.426272e-02
2.000000 1.271484e-02
2.250000 1.109144e-02
2.500000 9.421550e-03
2.750000 7.738680e-03
3.000000 6.085138e-03
3.250000 4.525296e-03
3.500000 3.189443e-03
3.750000 2.393040e-03
4.000000 2.545595e-03
4.250000 3.399644e-03
4.500000 4.465324e-03
4.750000 5.525689e-03
5.000000 6.499929e-03
5.250000 7.352708e-03
5.500000 8.066678e-03
5.750000 8.633687e-03
6.000000 9.051545e-03
6.250000 9.322672e-03
6.500000 9.453497e-03
6.750000 9.454211e-03
7.000000 9.338720e-03
7.250000 9.124754e-03
7.500000 8.834064e-03
7.750000 8.492653e-03
8.000000 8.130841e-03
8.250000 7.782801e-03
8.500000 7.484945e-03
8.750000 7.272482e-03
9.000000 7.173987e-03
9.250000 7.205313e-03
9.500000 7.365607e-03
9.750000 7.637805e-03
10.000000 7.993298e-03
10.250000 8.398083e-03
10.500000 8.817879e-03
10.750000 9.221226e-03
11.000000 9.580903e-03
11.250000 9.874318e-03
11.500000 1.008344e-02
11.750000 1.019455e-02
12.000000 1.019798e-02
12.250000 1.008787e-02
12.500000 9.861925e-03
12.750000 9.521202e-03
13.000000 9.069870e-03
13.250000 8.514959e-03
13.500000 7.866075e-03
13.750000 7.135095e-03
14.000000 6.335820e-03
14.250000 5.483630e-03
14.500000 4.595155e-03
14.750000 3.688039e-03
15.000000 2.781081e-03
15.250000 1.895866e-03
15.500000 1.067515e-03
15.750000 4.678808e-04
16.000000 7.694092e-04
16.250000 1.398583e-03
16.500000 1.993814e-03
16.750000 2.512147e-03
17.000000 2.940782e-03
17.250000 3.274108e-03
17.500000 3.510246e-03
17.750000 3.650149e-03
18.000000 3.697212e-03
18.250000 3.657016e-03
18.500000 3.537116e-03
18.750000 3.346843e-03
19.000000 3.097175e-03
19.250000 2.800720e-03
19.500000 2.471957e-03
19.750000 2.127988e-03
20.000000 1.790286e-03
20.250000 1.488029e-03
20.500000 1.261866e-03
20.750000 1.157943e-03
21.000000 1.196057e-03
21.250000 1.344616e-03
21.500000 1.550209e-03
21.750000 1.771299e-03
22.000000 1.982811e-03
22.250000 2.170548e-03
22.500000 2.326657e-03
22.750000 2.447118e-03
23.000000 2.530433e-03
23.250000 2.576911e-03
23.500000 2.588258e-03
23.750000 2.567334e-03
24.000000 2.518006e-03
24.250000 2.445069e-03
24.500000 2.354203e-03
24.750000 2.251938e-03
25.000000 2.145591e-03
25.250000 2.043092e-03
25.500000 1.952587e-03
25.750000 1.881716e-03
26.000000 1.836564e-03
26.250000 1.820516e-03
26.500000 1.833526e-03
26.750000 1.872206e-03
27.000000 1.930753e-03
27.250000 2.002260e-03
27.500000 2.079868e-03
27.750000 2.157527e-03
28.000000 2.230347e-03
28.250000 2.294666e-03
28.500000 2.347955e-03
28.750000 2.388633e-03
29.000000 2.415842e-03
29.250000 2.429207e-03
29.500000 2.428592e-03
29.750000 2.413883e-03
30.000000 2.384809e-03
30.250000 2.340812e-03
30.500000 2.281001e-03
30.750000 2.204175e-03
31.000000 2.108919e-03
31.250000 1.993770e-03
31.500000 1.857432e-03
31.750000 1.699026e-03
32.000000 1.518402e-03
32.250000 1.316545e-03
32.500000 1.096306e-03
32.750000 8.641657e-04
33.000000 6.358348e-04
33.250000 4.564263e-04
33.500000 4.323585e-04
33.750000 5.990556e-04
34.000000 8.548514e-04
34.250000 1.138108e-03
34.500000 1.424930e-03
34.750000 1.703026e-03
35.000000 1.964001e-03
35.250000 2.201255e-03
35.500000 2.409375e-03
35.750000 2.583977e-03
36.000000 2.721703e-03
36.250000 2.820249e-03
36.500000 2.878390e-03
36.750000 2.895982e-03
37.000000 2.873932e-03
37.250000 2.814136e-03
37.500000 2.719369e-03
37.750000 2.593163e-03
38.000000 2.439637e-03
38.250000 2.263315e-03
38.500000 2.068933e-03
38.750000 1.861233e-03
39.000000 1.644771e-03
39.250000 1.423746e-03
39.500000 1.201864e-03
39.750000 9.822642e-04
40.000000 7.675451e-04
40.250000 5.600164e-04
40.500000 3.627353e-04
40.750000 1.860690e-04
41.000000 1.171404e-04
41.250000 2.443022e-04
41.500000 4.039448e-04
41.750000 5.607000e-04
42.000000 7.089213e-04
42.250000 8.459206e-04
42.500000 9.693765e-04
42.750000 1.076929e-03
43.000000 1.166179e-03
43.250000 1.234812e-03
43.500000 1.280754e-03
43.750000 1.302349e-03
44.000000 1.298518e-03
44.250000 1.268910e-03
44.500000 1.214035e-03
44.750000 1.135391e-03
45.000000 1.035619e-03
45.250000 9.187404e-04
45.500000 7.906459e-04
45.750000 6.601580e-04
46.000000 5.412697e-04
46.250000 4.562324e-04
46.500000 4.315820e-04
46.750000 4.744712e-04
47.000000 5.619269e-04
47.250000 6.660541e-04
47.500000 7.684061e-04
47.750000 8.582109e-04
48.000000 9.290726e-04
48.250000 9.772247e-04
48.500000 1.000749e-03
48.750000 9.992291e-04
49.000000 9.735964e-04
49.250000 9.260641e-04
49.500000 8.601335e-04
49.750000 7.806827e-04
50.000000 6.941816e-04
