-50.00     0.409472
-49.75     0.416786
-49.50     0.424831
-49.25     0.433393
-49.00     0.442511
-48.75     0.452076
-48.50     0.461729
-48.25     0.470808
-48.00     0.479035
-47.75     0.486337
-47.50     0.493057
-47.25     0.498641
-47.00     0.503175
-46.75     0.506720
-46.50     0.509396
-46.25     0.511528
-46.00     0.513612
-45.75     0.515349
-45.50     0.516258
-45.25     0.516553
-45.00     0.516451
-44.75     0.515645
-44.50     0.514122
-44.25     0.512749
-44.00     0.512025
-43.75     0.511341
-43.50     0.510798
-43.25     0.510591
-43.00     0.510315
-42.75     0.509808
-42.50     0.509326
-42.25     0.509282
-42.00     0.509741
-41.75     0.511067
-41.50     0.513301
-41.25     0.516694
-41.00     0.521404
-40.75     0.527452
-40.50     0.534790
-40.25     0.543385
-40.00     0.553163
-39.75     0.563818
-39.50     0.575014
-39.25     0.586608
-39.00     0.598587
-38.75     0.611100
-38.50     0.624464
-38.25     0.637332
-38.00     0.649309
-37.75     0.660399
-37.50     0.669839
-37.25     0.677727
-37.00     0.684510
-36.75     0.690507
-36.50     0.694797
-36.25     0.697259
-36.00     0.698864
-35.75     0.701084
-35.50     0.703569
-35.25     0.705491
-35.00     0.706804
-34.75     0.707608
-34.50     0.708108
-34.25     0.707639
-34.00     0.707711
-33.75     0.708426
-33.50     0.709291
-33.25     0.709435
-33.00     0.708989
-32.75     0.708069
-32.50     0.706410
-32.25     0.704452
-32.00     0.703266
-31.75     0.703158
-31.50     0.704152
-31.25     0.705987
-31.00     0.708253
-30.75     0.711314
-30.50     0.715673
-30.25     0.721923
-30.00     0.729040
-29.75     0.736599
-29.50     0.744372
-29.25     0.751652
-29.00     0.758716
-28.75     0.766501
-28.50     0.775167
-28.25     0.784918
-28.00     0.796159
-27.75     0.808404
-27.50     0.821791
-27.25     0.835347
-27.00     0.848239
-26.75     0.859979
-26.50     0.870404
-26.25     0.878947
-26.00     0.884725
-25.75     0.887287
-25.50     0.886640
-25.25     0.882862
-25.00     0.878638
-24.75     0.873456
-24.50     0.866861
-24.25     0.859291
-24.00     0.851938
-23.75     0.846156
-23.50     0.842515
-23.25     0.840901
-23.00     0.842224
-22.75     0.846363
-22.50     0.853130
-22.25     0.861305
-22.00     0.870307
-21.75     0.880439
-21.50     0.891376
-21.25     0.901909
-21.00     0.911433
-20.75     0.920076
-20.50     0.927330
-20.25     0.932426
-20.00     0.936543
-19.75     0.939507
-19.50     0.940570
-19.25     0.939660
-19.00     0.937768
-18.75     0.935887
-18.50     0.935036
-18.25     0.934748
-18.00     0.934573
-17.75     0.934695
-17.50     0.935048
-17.25     0.936610
-17.00     0.940071
-16.75     0.945786
-16.50     0.953332
-16.25     0.962351
-16.00     0.972789
-15.75     0.984703
-15.50     0.998026
-15.25     1.012870
-15.00     1.029491
-14.75     1.048147
-14.50     1.069063
-14.25     1.092626
-14.00     1.119333
-13.75     1.148658
-13.50     1.180619
-13.25     1.215325
-13.00     1.253359
-12.75     1.293918
-12.50     1.337216
-12.25     1.382801
-12.00     1.429326
-11.75     1.476222
-11.50     1.523355
-11.25     1.571726
-11.00     1.619250
-10.75     1.664499
-10.50     1.705935
-10.25     1.742971
-10.00     1.775051
 -9.75     1.802099
 -9.50     1.825011
 -9.25     1.846665
 -9.00     1.869370
 -8.75     1.892888
 -8.50     1.912077
 -8.25     1.926528
 -8.00     1.941483
 -7.75     1.962663
 -7.50     1.993395
 -7.25     2.043026
 -7.00     2.099032
 -6.75     2.159292
 -6.50     2.221646
 -6.25     2.282367
 -6.00     2.337341
 -5.75     2.382994
 -5.50     2.416533
 -5.25     2.436005
 -5.00     2.440396
 -4.75     2.429746
 -4.50     2.405399
 -4.25     2.370574
 -4.00     2.331389
 -3.75     2.299760
 -3.50     2.283628
 -3.25     2.275501
 -3.00     2.270138
 -2.75     2.262207
 -2.50     2.247427
 -2.25     2.223195
 -2.00     2.188590
 -1.75     2.144084
 -1.50     2.091133
 -1.25     2.031720
 -1.00     1.967932
 -0.75     1.901665
 -0.50     1.834497
 -0.25     1.767704
  0.00     1.702361
  0.25     1.639459
  0.50     1.579988
  0.75     1.524901
  1.00     1.474930
  1.25     1.430343
  1.50     1.390853
  1.75     1.355802
  2.00     1.324582
  2.25     1.297216
  2.50     1.276004
  2.75     1.260473
  3.00     1.246614
  3.25     1.233797
  3.50     1.222226
  3.75     1.211573
  4.00     1.200963
  4.25     1.189201
  4.50     1.175134
  4.75     1.157996
  5.00     1.137715
  5.25     1.116254
  5.50     1.093422
  5.75     1.070812
  6.00     1.051039
  6.25     1.033660
  6.50     1.018363
  6.75     1.005674
  7.00     0.996456
  7.25     0.990480
  7.50     0.987871
  7.75     0.988575
  8.00     0.992730
  8.25     0.998180
  8.50     1.003255
  8.75     1.007457
  9.00     1.009994
  9.25     1.010322
  9.50     1.009150
  9.75     1.005703
 10.00     0.999210
 10.25     0.990821
 10.50     0.980069
 10.75     0.965991
 11.00     0.948935
 11.25     0.930424
 11.50     0.910958
 11.75     0.889724
 12.00     0.867596
 12.25     0.846878
 12.50     0.827494
 12.75     0.808929
 13.00     0.792008
 13.25     0.778212
 13.50     0.766398
 13.75     0.757488
 14.00     0.751371
 14.25     0.747007
 14.50     0.743693
 14.75     0.740715
 15.00     0.737532
 15.25     0.734112
 15.50     0.730905
 15.75     0.727859
 16.00     0.723876
 16.25     0.719505
 16.50     0.716015
 16.75     0.712943
 17.00     0.711120
 17.25     0.710191
 17.50     0.710182
 17.75     0.711277
 18.00     0.713451
 18.25     0.716963
 18.50     0.720976
 18.75     0.725063
 19.00     0.728824
 19.25     0.731676
 19.50     0.733591
 19.75     0.733910
 20.00     0.732880
 20.25     0.731257
 20.50     0.728866
 20.75     0.726087
 21.00     0.722722
 21.25     0.718343
 21.50     0.713558
 21.75     0.708023
 22.00     0.702910
 22.25     0.698363
 22.50     0.693644
 22.75     0.688062
 23.00     0.680997
 23.25     0.672626
 23.50     0.662842
 23.75     0.651846
 24.00     0.640595
 24.25     0.629754
 24.50     0.620014
 24.75     0.611896
 25.00     0.605976
 25.25     0.602115
 25.50     0.599435
 25.75     0.597237
 26.00     0.594546
 26.25     0.591215
 26.50     0.587394
 26.75     0.582728
 27.00     0.577757
 27.25     0.572438
 27.50     0.566958
 27.75     0.561470
 28.00     0.556042
 28.25     0.551063
 28.50     0.546984
 28.75     0.544104
 29.00     0.542255
 29.25     0.540691
 29.50     0.539217
 29.75     0.537119
 30.00     0.533950
 30.25     0.529507
 30.50     0.524051
 30.75     0.518255
 31.00     0.512728
 31.25     0.507061
 31.50     0.501225
 31.75     0.495237
 32.00     0.489330
 32.25     0.483874
 32.50     0.479390
 32.75     0.475991
 33.00     0.473269
 33.25     0.470981
 33.50     0.468959
 33.75     0.466870
 34.00     0.465005
 34.25     0.463717
 34.50     0.462472
 34.75     0.461120
 35.00     0.458813
 35.25     0.455329
 35.50     0.450849
 35.75     0.445761
 36.00     0.440460
 36.25     0.435212
 36.50     0.429956
 36.75     0.425007
 37.00     0.420533
 37.25     0.416381
 37.50     0.412452
 37.75     0.408733
 38.00     0.405194
 38.25     0.402069
 38.50     0.399555
 38.75     0.397655
 39.00     0.395853
 39.25     0.393840
 39.50     0.391417
 39.75     0.388669
 40.00     0.385474
 40.25     0.381885
 40.50     0.378076
 40.75     0.374361
 41.00     0.370982
 41.25     0.367984
 41.50     0.365290
 41.75     0.362719
 42.00     0.360216
 42.25     0.358080
 42.50     0.356511
 42.75     0.355361
 43.00     0.354326
 43.25     0.353166
 43.50     0.351750
 43.75     0.350007
 44.00     0.347842
 44.25     0.345577
 44.50     0.343407
 44.75     0.341528
 45.00     0.339793
 45.25     0.337891
 45.50     0.335536
 45.75     0.332788
 46.00     0.329601
 46.25     0.325959
 46.50     0.322140
 46.75     0.318303
 47.00     0.314533
 47.25     0.310978
 47.50     0.307763
 47.75     0.305114
 48.00     0.302857
 48.25     0.300971
 48.50     0.299393
 48.75     0.298119
 49.00     0.297112
 49.25     0.296204
 49.50     0.295144
 49.75     0.293773
 50.00     0.292087
