-50.000000 1.584132e-03
-49.750000 1.550778e-03
-49.500000 1.506416e-03
-49.250000 1.452355e-03
-49.000000 1.390048e-03
-48.750000 1.321091e-03
-48.500000 1.247259e-03
-48.250000 1.170607e-03
-48.000000 1.093628e-03
-47.750000 1.019480e-03
-47.500000 9.522114e-04
-47.250000 8.968788e-04
-47.000000 8.592773e-04
-46.750000 8.449826e-04
-46.500000 8.577443e-04
-46.250000 8.980477e-04
-46.000000 9.629116e-04
-45.750000 1.046992e-03
-45.500000 1.144030e-03
-45.250000 1.247851e-03
-45.000000 1.352791e-03
-44.750000 1.453800e-03
-44.500000 1.546418e-03
-44.250000 1.626737e-03
-44.000000 1.691395e-03
-43.750000 1.737593e-03
-43.500000 1.763148e-03
-43.250000 1.766561e-03
-43.000000 1.747102e-03
-42.750000 1.704921e-03
-42.500000 1.641190e-03
-42.250000 1.558286e-03
-42.000000 1.460062e-03
-41.750000 1.352225e-03
-41.500000 1.242837e-03
-41.250000 1.142783e-03
-41.000000 1.065617e-03
-40.750000 1.025515e-03
-40.500000 1.032489e-03
-40.250000 1.087355e-03
-40.000000 1.181455e-03
-39.750000 1.301294e-03
-39.500000 1.433287e-03
-39.250000 1.565950e-03
-39.000000 1.690241e-03
-38.750000 1.799240e-03
-38.500000 1.887781e-03
-38.250000 1.952187e-03
-38.000000 1.990106e-03
-37.750000 2.000435e-03
-37.500000 1.983286e-03
-37.250000 1.940005e-03
-37.000000 1.873207e-03
-36.750000 1.786863e-03
-36.500000 1.686422e-03
-36.250000 1.578948e-03
-36.000000 1.473223e-03
-35.750000 1.379572e-03
-35.500000 1.309028e-03
-35.250000 1.271380e-03
-35.000000 1.272362e-03
-34.750000 1.311552e-03
-34.500000 1.382748e-03
-34.250000 1.476546e-03
-34.000000 1.583178e-03
-33.750000 1.694259e-03
-33.500000 1.803408e-03
-33.250000 1.906238e-03
-33.000000 2.000111e-03
-32.750000 2.083811e-03
-32.500000 2.157219e-03
-32.250000 2.220968e-03
-32.000000 2.276098e-03
-31.750000 2.323704e-03
-31.500000 2.364617e-03
-31.250000 2.399123e-03
-31.000000 2.426792e-03
-30.750000 2.446408e-03
-30.500000 2.456043e-03
-30.250000 2.453250e-03
-30.000000 2.435361e-03
-29.750000 2.399869e-03
-29.500000 2.344888e-03
-29.250000 2.269677e-03
-29.000000 2.175278e-03
-28.750000 2.065312e-03
-28.500000 1.946994e-03
-28.250000 1.832302e-03
-28.000000 1.738822e-03
-27.750000 1.688820e-03
-27.500000 1.704401e-03
-27.250000 1.799062e-03
-27.000000 1.971724e-03
-26.750000 2.208813e-03
-26.500000 2.491132e-03
-26.250000 2.799237e-03
-26.000000 3.115623e-03
-25.750000 3.425046e-03
-25.500000 3.714277e-03
-25.250000 3.971848e-03
-25.000000 4.187935e-03
-24.750000 4.354384e-03
-24.500000 4.464858e-03
-24.250000 4.515076e-03
-24.000000 4.503154e-03
-23.750000 4.430064e-03
-23.500000 4.300256e-03
-23.250000 4.122520e-03
-23.000000 3.911160e-03
-22.750000 3.687439e-03
-22.500000 3.480837e-03
-22.250000 3.328605e-03
-22.000000 3.270712e-03
-21.750000 3.338417e-03
-21.500000 3.541614e-03
-21.250000 3.865610e-03
-21.000000 4.279665e-03
-20.750000 4.748271e-03
-20.500000 5.237976e-03
-20.250000 5.719634e-03
-20.000000 6.168435e-03
-19.750000 6.563358e-03
-19.500000 6.886653e-03
-19.250000 7.123537e-03
-19.000000 7.262067e-03
-18.750000 7.293152e-03
-18.500000 7.210669e-03
-18.250000 7.011679e-03
-18.000000 6.696768e-03
-17.750000 6.270606e-03
-17.500000 5.742965e-03
-17.250000 5.130681e-03
-17.000000 4.461768e-03
-16.750000 3.784282e-03
-16.500000 3.184182e-03
-16.250000 2.806999e-03
-16.000000 2.821161e-03
-15.750000 3.264794e-03
-15.500000 4.011765e-03
-15.250000 4.918997e-03
-15.000000 5.891328e-03
-14.750000 6.869371e-03
-14.500000 7.812684e-03
-14.250000 8.690814e-03
-14.000000 9.479217e-03
-13.750000 1.015746e-02
-13.500000 1.070845e-02
-13.250000 1.111821e-02
-13.000000 1.137577e-02
-12.750000 1.147333e-02
-12.500000 1.140634e-02
-12.250000 1.117371e-02
-12.000000 1.077809e-02
-11.750000 1.022630e-02
-11.500000 9.529944e-03
-11.250000 8.706747e-03
-11.000000 7.782917e-03
-10.750000 6.798073e-03
-10.500000 5.815241e-03
-10.250000 4.939634e-03
-10.000000 4.340611e-03
-9.750000 4.221556e-03
-9.500000 4.666814e-03
-9.250000 5.556272e-03
-9.000000 6.705324e-03
-8.750000 7.975483e-03
-8.500000 9.278529e-03
-8.250000 1.055636e-02
-8.000000 1.176727e-02
-7.750000 1.287896e-02
-7.500000 1.386510e-02
-7.250000 1.470370e-02
-7.000000 1.537632e-02
-6.750000 1.586772e-02
-6.500000 1.616566e-02
-6.250000 1.626090e-02
-6.000000 1.614716e-02
-5.750000 1.582116e-02
-5.500000 1.528264e-02
-5.250000 1.453434e-02
-5.000000 1.358204e-02
-4.750000 1.243452e-02
-4.500000 1.110368e-02
-4.250000 9.604643e-03
-4.000000 7.956351e-03
-3.750000 6.183423e-03
-3.500000 4.323668e-03
-3.250000 2.472418e-03
-3.000000 1.272353e-03
-2.750000 2.442705e-03
-2.500000 4.414215e-03
-2.250000 6.484233e-03
-2.000000 8.547027e-03
-1.750000 1.055745e-02
-1.500000 1.248265e-02
-1.250000 1.429423e-02
-1.000000 1.596653e-02
-0.750000 1.747625e-02
-0.500000 1.880259e-02
-0.250000 1.992745e-02
0.000000 2.083568e-02
0.250000 2.151542e-02
0.500000 2.195830e-02
0.750000 2.215969e-02
1.000000 2.211886e-02
1.250000 2.183915e-02
1.500000 2.132807e-02
1.750000 2.059740e-02
2.000000 1.966327e-02
2.250000 1.854630e-02
2.500000 1.727181e-02
2.750000 1.587032e-02
3.000000 1.437830e-02
3.250000 1.283979e-02
3.500000 1.130898e-02
3.750000 9.854493e-03
4.000000 8.564589e-03
4.250000 7.548612e-03
4.500000 6.920222e-03
4.750000 6.746931e-03
5.000000 6.995327e-03
5.250000 7.542185e-03
5.500000 8.241542e-03
5.750000 8.972837e-03
6.000000 9.650764e-03
6.250000 1.021857e-02
6.500000 1.063984e-02
6.750000 1.089270e-02
7.000000 1.096631e-02
7.250000 1.085884e-02
7.500000 1.057645e-02
7.750000 1.013299e-02
8.000000 9.550277e-03
8.250000 8.859152e-03
8.500000 8.101476e-03
8.750000 7.333317e-03
9.000000 6.628526e-03
9.250000 6.078700e-03
9.500000 5.779438e-03
9.750000 5.794643e-03
10.000000 6.119381e-03
10.250000 6.683204e-03
10.500000 7.389844e-03
10.750000 8.150583e-03
11.000000 8.895521e-03
11.250000 9.572545e-03
11.500000 1.014345e-02
11.750000 1.058062e-02
12.000000 1.086481e-02
12.250000 1.098372e-02
12.500000 1.093120e-02
12.750000 1.070662e-02
13.000000 1.031461e-02
13.250000 9.764756e-03
13.500000 9.071646e-03
13.750000 8.255062e-03
14.000000 7.340789e-03
14.250000 6.362584e-03
14.500000 5.366719e-03
14.750000 4.421917e-03
15.000000 3.637739e-03
15.250000 3.176561e-03
15.500000 3.180644e-03
15.750000 3.612825e-03
16.000000 4.291812e-03
16.250000 5.056159e-03
16.500000 5.806834e-03
16.750000 6.485851e-03
17.000000 7.057487e-03
17.250000 7.498791e-03
17.500000 7.795140e-03
17.750000 7.938129e-03
18.000000 7.924469e-03
18.250000 7.755358e-03
18.500000 7.436066e-03
18.750000 6.975621e-03
19.000000 6.386574e-03
19.250000 5.684903e-03
19.500000 4.890221e-03
19.750000 4.026856e-03
20.000000 3.127607e-03
20.250000 2.247370e-03
20.500000 1.518199e-03
20.750000 1.286836e-03
21.000000 1.743705e-03
21.250000 2.496590e-03
21.500000 3.297008e-03
21.750000 4.060470e-03
22.000000 4.749726e-03
22.250000 5.343137e-03
22.500000 5.826409e-03
22.750000 6.190014e-03
23.000000 6.428237e-03
23.250000 6.538759e-03
23.500000 6.522405e-03
23.750000 6.382946e-03
24.000000 6.126888e-03
24.250000 5.763251e-03
24.500000 5.303318e-03
24.750000 4.760401e-03
25.000000 4.149638e-03
25.250000 3.487967e-03
25.500000 2.794576e-03
25.750000 2.093001e-03
26.000000 1.419988e-03
26.250000 8.701265e-04
26.500000 7.417032e-04
26.750000 1.123039e-03
27.000000 1.640986e-03
27.250000 2.146211e-03
27.500000 2.597225e-03
27.750000 2.976907e-03
28.000000 3.276398e-03
28.250000 3.491274e-03
28.500000 3.620364e-03
28.750000 3.665309e-03
29.000000 3.630365e-03
29.250000 3.522328e-03
29.500000 3.350544e-03
29.750000 3.127057e-03
30.000000 2.866956e-03
30.250000 2.589023e-03
30.500000 2.316629e-03
30.750000 2.078299e-03
31.000000 1.905800e-03
31.250000 1.826133e-03
31.500000 1.848134e-03
31.750000 1.955856e-03
32.000000 2.117776e-03
32.250000 2.301151e-03
32.500000 2.479610e-03
32.750000 2.634222e-03
33.000000 2.752228e-03
33.250000 2.825605e-03
33.500000 2.850009e-03
33.750000 2.824080e-03
34.000000 2.749002e-03
34.250000 2.628219e-03
34.500000 2.467298e-03
34.750000 2.273920e-03
35.000000 2.058077e-03
35.250000 1.832533e-03
35.500000 1.613620e-03
35.750000 1.422038e-03
36.000000 1.282032e-03
36.250000 1.215329e-03
36.500000 1.229214e-03
36.750000 1.309988e-03
37.000000 1.431525e-03
37.250000 1.568128e-03
37.500000 1.700311e-03
37.750000 1.814885e-03
38.000000 1.903494e-03
38.250000 1.961318e-03
38.500000 1.986203e-03
38.750000 1.978120e-03
39.000000 1.938815e-03
39.250000 1.871579e-03
39.500000 1.781093e-03
39.750000 1.673302e-03
40.000000 1.555321e-03
40.250000 1.435293e-03
40.500000 1.322091e-03
40.750000 1.224654e-03
41.000000 1.150701e-03
41.250000 1.104901e-03
41.500000 1.087250e-03
41.750000 1.092913e-03
42.000000 1.113871e-03
42.250000 1.141329e-03
42.500000 1.167595e-03
42.750000 1.186993e-03
43.000000 1.196091e-03
43.250000 1.193595e-03
43.500000 1.180150e-03
43.750000 1.158103e-03
44.000000 1.131236e-03
44.250000 1.104381e-03
44.500000 1.082829e-03
44.750000 1.071480e-03
45.000000 1.073831e-03
45.250000 1.091142e-03
45.500000 1.122166e-03
45.750000 1.163584e-03
46.000000 1.210890e-03
46.250000 1.259330e-03
46.500000 1.304615e-03
46.750000 1.343364e-03
47.000000 1.373333e-03
47.250000 1.393515e-03
47.500000 1.404155e-03
47.750000 1.406702e-03
48.000000 1.403688e-03
48.250000 1.398503e-03
48.500000 1.395030e-03
48.750000 1.397127e-03
49.000000 1.407998e-03
49.250000 1.429580e-03
49.500000 1.462134e-03
49.750000 1.504165e-03
50.000000 1.552705e-03
