-50.000000 1.082306e-03
-49.750000 1.172216e-03
-49.500000 1.248819e-03
-49.250000 1.310729e-03
-49.000000 1.356883e-03
-48.750000 1.386535e-03
-48.500000 1.399266e-03
-48.250000 1.394971e-03
-48.000000 1.373867e-03
-47.750000 1.336479e-03
-47.500000 1.283640e-03
-47.250000 1.216489e-03
-47.000000 1.136486e-03
-46.750000 1.045442e-03
-46.500000 9.456060e-04
-46.250000 8.398373e-04
-46.000000 7.319656e-04
-45.750000 6.274902e-04
-45.500000 5.348092e-04
-45.250000 4.665969e-04
-45.000000 4.383248e-04
-44.750000 4.590736e-04
-44.500000 5.227556e-04
-44.250000 6.146048e-04
-44.000000 7.215782e-04
-43.750000 8.350390e-04
-43.500000 9.495626e-04
-43.250000 1.061588e-03
-43.000000 1.168597e-03
-42.750000 1.268658e-03
-42.500000 1.360191e-03
-42.250000 1.441827e-03
-42.000000 1.512332e-03
-41.750000 1.570573e-03
-41.500000 1.615498e-03
-41.250000 1.646139e-03
-41.000000 1.661622e-03
-40.750000 1.661199e-03
-40.500000 1.644280e-03
-40.250000 1.610477e-03
-40.000000 1.559670e-03
-39.750000 1.492074e-03
-39.500000 1.408345e-03
-39.250000 1.309731e-03
-39.000000 1.198303e-03
-38.750000 1.077364e-03
-38.500000 9.521636e-04
-38.250000 8.311752e-04
-38.000000 7.280012e-04
-37.750000 6.624603e-04
-37.500000 6.553550e-04
-37.250000 7.142222e-04
-37.000000 8.272011e-04
-36.750000 9.747594e-04
-36.500000 1.140333e-03
-36.250000 1.312166e-03
-36.000000 1.481914e-03
-35.750000 1.643287e-03
-35.500000 1.791247e-03
-35.250000 1.921597e-03
-35.000000 2.030776e-03
-34.750000 2.115775e-03
-34.500000 2.174111e-03
-34.250000 2.203832e-03
-34.000000 2.203537e-03
-33.750000 2.172404e-03
-33.500000 2.110219e-03
-33.250000 2.017408e-03
-33.000000 1.895075e-03
-32.750000 1.745058e-03
-32.500000 1.570026e-03
-32.250000 1.373677e-03
-32.000000 1.161207e-03
-31.750000 9.405072e-04
-31.500000 7.255505e-04
-31.250000 5.461705e-04
-31.000000 4.645976e-04
-30.750000 5.335774e-04
-30.500000 7.069328e-04
-30.250000 9.193395e-04
-30.000000 1.138119e-03
-29.750000 1.347660e-03
-29.500000 1.538785e-03
-29.250000 1.705053e-03
-29.000000 1.841496e-03
-28.750000 1.944155e-03
-28.500000 2.009917e-03
-28.250000 2.036461e-03
-28.000000 2.022252e-03
-27.750000 1.966553e-03
-27.500000 1.869436e-03
-27.250000 1.731789e-03
-27.000000 1.555331e-03
-26.750000 1.342615e-03
-26.500000 1.097094e-03
-26.250000 8.233523e-04
-26.000000 5.283759e-04
-25.750000 2.338850e-04
-25.500000 2.034086e-04
-25.250000 5.122193e-04
-25.000000 8.512483e-04
-24.750000 1.190571e-03
-24.500000 1.520669e-03
-24.250000 1.834269e-03
-24.000000 2.124780e-03
-23.750000 2.386081e-03
-23.500000 2.612535e-03
-23.250000 2.799074e-03
-23.000000 2.941289e-03
-22.750000 3.035531e-03
-22.500000 3.079006e-03
-22.250000 3.069872e-03
-22.000000 3.007335e-03
-21.750000 2.891762e-03
-21.500000 2.724831e-03
-21.250000 2.509779e-03
-21.000000 2.251862e-03
-20.750000 1.959342e-03
-20.500000 1.645788e-03
-20.250000 1.335789e-03
-20.000000 1.078354e-03
-19.750000 9.621098e-04
-19.500000 1.064217e-03
-19.250000 1.347731e-03
-19.000000 1.726070e-03
-18.750000 2.142718e-03
-18.500000 2.567133e-03
-18.250000 2.980759e-03
-18.000000 3.370453e-03
-17.750000 3.725851e-03
-17.500000 4.038332e-03
-17.250000 4.300600e-03
-17.000000 4.506541e-03
-16.750000 4.651197e-03
-16.500000 4.730797e-03
-16.250000 4.742807e-03
-16.000000 4.686000e-03
-15.750000 4.560536e-03
-15.500000 4.368063e-03
-15.250000 4.111872e-03
-15.000000 3.797146e-03
-14.750000 3.431443e-03
-14.500000 3.025663e-03
-14.250000 2.596119e-03
-14.000000 2.169122e-03
-13.750000 1.790607e-03
-13.500000 1.539430e-03
-13.250000 1.511240e-03
-13.000000 1.729508e-03
-12.750000 2.117947e-03
-12.500000 2.590588e-03
-12.250000 3.092518e-03
-12.000000 3.591262e-03
-11.750000 4.065913e-03
-11.500000 4.501554e-03
-11.250000 4.886746e-03
-11.000000 5.212429e-03
-10.750000 5.471428e-03
-10.500000 5.658257e-03
-10.250000 5.769070e-03
-10.000000 5.801677e-03
-9.750000 5.755621e-03
-9.500000 5.632297e-03
-9.250000 5.435150e-03
-9.000000 5.169972e-03
-8.750000 4.845407e-03
-8.500000 4.473786e-03
-8.250000 4.072556e-03
-8.000000 3.666582e-03
-7.750000 3.291381e-03
-7.500000 2.995683e-03
-7.250000 2.837159e-03
-7.000000 2.862357e-03
-6.750000 3.079119e-03
-6.500000 3.453381e-03
-6.250000 3.933871e-03
-6.000000 4.473708e-03
-5.750000 5.036790e-03
-5.500000 5.596413e-03
-5.250000 6.132560e-03
-5.000000 6.629818e-03
-4.750000 7.076082e-03
-4.500000 7.461787e-03
-4.250000 7.779470e-03
-4.000000 8.023518e-03
-3.750000 8.190015e-03
-3.500000 8.276656e-03
-3.250000 8.282668e-03
-3.000000 8.208759e-03
-2.750000 8.057061e-03
-2.500000 7.831066e-03
-2.250000 7.535570e-03
-2.000000 7.176605e-03
-1.750000 6.761387e-03
-1.500000 6.298265e-03
-1.250000 5.796722e-03
-1.000000 5.267425e-03
-0.750000 4.722387e-03
-0.500000 4.175317e-03
-0.250000 3.642259e-03
0.000000 3.142627e-03
0.250000 2.700513e-03
0.500000 2.345150e-03
0.750000 2.106995e-03
1.000000 2.004937e-03
1.250000 2.030394e-03
1.500000 2.147705e-03
1.750000 2.312669e-03
2.000000 2.488195e-03
2.250000 2.648351e-03
2.500000 2.776501e-03
2.750000 2.862620e-03
3.000000 2.901327e-03
3.250000 2.890688e-03
3.500000 2.831570e-03
3.750000 2.727372e-03
4.000000 2.584090e-03
4.250000 2.410708e-03
4.500000 2.220018e-03
4.750000 2.029883e-03
5.000000 1.864507e-03
5.250000 1.753846e-03
5.500000 1.727357e-03
5.750000 1.801371e-03
6.000000 1.970395e-03
6.250000 2.212631e-03
6.500000 2.502196e-03
6.750000 2.816556e-03
7.000000 3.138196e-03
7.250000 3.453872e-03
7.500000 3.753539e-03
7.750000 4.029510e-03
8.000000 4.275921e-03
8.250000 4.488380e-03
8.500000 4.663757e-03
8.750000 4.800044e-03
9.000000 4.896253e-03
9.250000 4.952335e-03
9.500000 4.969114e-03
9.750000 4.948220e-03
10.000000 4.892022e-03
10.250000 4.803559e-03
10.500000 4.686472e-03
10.750000 4.544927e-03
11.000000 4.383537e-03
11.250000 4.207275e-03
11.500000 4.021385e-03
11.750000 3.831268e-03
12.000000 3.642352e-03
12.250000 3.459929e-03
12.500000 3.288951e-03
12.750000 3.133774e-03
13.000000 2.997886e-03
13.250000 2.883621e-03
13.500000 2.791949e-03
13.750000 2.722388e-03
14.000000 2.673089e-03
14.250000 2.641104e-03
14.500000 2.622761e-03
14.750000 2.614079e-03
15.000000 2.611130e-03
15.250000 2.610306e-03
15.500000 2.608476e-03
15.750000 2.603053e-03
16.000000 2.591991e-03
16.250000 2.573743e-03
16.500000 2.547201e-03
16.750000 2.511625e-03
17.000000 2.466589e-03
17.250000 2.411931e-03
17.500000 2.347723e-03
17.750000 2.274253e-03
18.000000 2.192033e-03
18.250000 2.101815e-03
18.500000 2.004628e-03
18.750000 1.901832e-03
19.000000 1.795184e-03
19.250000 1.686918e-03
19.500000 1.579829e-03
19.750000 1.477337e-03
20.000000 1.383486e-03
20.250000 1.302797e-03
20.500000 1.239863e-03
20.750000 1.198619e-03
21.000000 1.181393e-03
21.250000 1.188126e-03
21.500000 1.216210e-03
21.750000 1.261056e-03
22.000000 1.317067e-03
22.250000 1.378528e-03
22.500000 1.440184e-03
22.750000 1.497497e-03
23.000000 1.546725e-03
23.250000 1.584886e-03
23.500000 1.609717e-03
23.750000 1.619620e-03
24.000000 1.613619e-03
24.250000 1.591343e-03
24.500000 1.553013e-03
24.750000 1.499443e-03
25.000000 1.432060e-03
25.250000 1.352946e-03
25.500000 1.264901e-03
25.750000 1.171544e-03
26.000000 1.077434e-03
26.250000 9.881695e-04
26.500000 9.103247e-04
26.750000 8.509021e-04
27.000000 8.159632e-04
27.250000 8.085821e-04
27.500000 8.273336e-04
27.750000 8.666818e-04
28.000000 9.189786e-04
28.250000 9.764961e-04
28.500000 1.032546e-03
28.750000 1.081785e-03
29.000000 1.120134e-03
29.250000 1.144591e-03
29.500000 1.153060e-03
29.750000 1.144219e-03
30.000000 1.117435e-03
30.250000 1.072707e-03
30.500000 1.010637e-03
30.750000 9.324370e-04
31.000000 8.399911e-04
31.250000 7.360239e-04
31.500000 6.245293e-04
31.750000 5.118311e-04
32.000000 4.091679e-04
32.250000 3.374999e-04
32.500000 3.255920e-04
32.750000 3.807675e-04
33.000000 4.781639e-04
33.250000 5.928705e-04
33.500000 7.107427e-04
33.750000 8.239715e-04
34.000000 9.276900e-04
34.250000 1.018510e-03
34.500000 1.093925e-03
34.750000 1.152061e-03
35.000000 1.191566e-03
35.250000 1.211562e-03
35.500000 1.211620e-03
35.750000 1.191743e-03
36.000000 1.152363e-03
36.250000 1.094323e-03
36.500000 1.018874e-03
36.750000 9.276818e-04
37.000000 8.228486e-04
37.250000 7.070098e-04
37.500000 5.836000e-04
37.750000 4.576378e-04
38.000000 3.382248e-04
38.250000 2.465458e-04
38.500000 2.255758e-04
38.750000 2.895964e-04
39.000000 3.948671e-04
39.250000 5.104923e-04
39.500000 6.239917e-04
39.750000 7.295394e-04
40.000000 8.237282e-04
40.250000 9.042749e-04
40.500000 9.695816e-04
40.750000 1.018572e-03
41.000000 1.050623e-03
41.250000 1.065540e-03
41.500000 1.063538e-03
41.750000 1.045240e-03
42.000000 1.011672e-03
42.250000 9.642696e-04
42.500000 9.048952e-04
42.750000 8.358778e-04
43.000000 7.600923e-04
43.250000 6.811015e-04
43.500000 6.033805e-04
43.750000 5.325864e-04
44.000000 4.756024e-04
44.250000 4.395923e-04
44.500000 4.292426e-04
44.750000 4.435931e-04
45.000000 4.761732e-04
45.250000 5.185013e-04
45.500000 5.630629e-04
45.750000 6.042170e-04
46.000000 6.379885e-04
46.250000 6.616451e-04
46.500000 6.733614e-04
46.750000 6.719961e-04
47.000000 6.569521e-04
47.250000 6.280855e-04
47.500000 5.856438e-04
47.750000 5.302199e-04
48.000000 4.627213e-04
48.250000 3.843569e-04
48.500000 2.966838e-04
48.750000 2.019133e-04
49.000000 1.052744e-04
49.250000 5.500619e-05
49.500000 1.390275e-04
49.750000 2.474003e-04
50.000000 3.581763e-04
