-50.000000 4.408119e-04
-49.750000 4.567430e-04
-49.500000 4.493860e-04
-49.250000 4.174430e-04
-49.000000 3.654826e-04
-48.750000 3.067725e-04
-48.500000 2.680218e-04
-48.250000 2.811629e-04
-48.000000 3.460176e-04
-47.750000 4.328569e-04
-47.500000 5.159882e-04
-47.250000 5.794628e-04
-47.000000 6.137015e-04
-46.750000 6.136971e-04
-46.500000 5.783726e-04
-46.250000 5.102953e-04
-46.000000 4.155583e-04
-45.750000 3.043443e-04
-45.500000 1.954633e-04
-45.250000 1.391321e-04
-45.000000 1.892523e-04
-44.750000 2.795239e-04
-44.500000 3.622572e-04
-44.250000 4.232598e-04
-44.000000 4.576288e-04
-43.750000 4.645560e-04
-43.500000 4.458981e-04
-43.250000 4.053585e-04
-43.000000 3.477725e-04
-42.750000 2.785015e-04
-42.500000 2.031988e-04
-42.250000 1.290586e-04
-42.000000 7.495671e-05
-41.750000 8.947119e-05
-41.500000 1.481229e-04
-41.250000 2.098813e-04
-41.000000 2.637777e-04
-40.750000 3.045618e-04
-40.500000 3.282132e-04
-40.250000 3.316348e-04
-40.000000 3.130889e-04
-39.750000 2.728224e-04
-39.500000 2.139598e-04
-39.250000 1.451143e-04
-39.000000 9.442728e-05
-38.750000 1.207663e-04
-38.500000 1.941134e-04
-38.250000 2.680925e-04
-38.000000 3.267450e-04
-37.750000 3.625183e-04
-37.500000 3.719329e-04
-37.250000 3.552080e-04
-37.000000 3.164891e-04
-36.750000 2.642637e-04
-36.500000 2.119606e-04
-36.250000 1.767715e-04
-36.000000 1.682772e-04
-35.750000 1.734218e-04
-35.500000 1.691514e-04
-35.250000 1.394783e-04
-35.000000 7.748177e-05
-34.750000 2.751208e-05
-34.500000 1.484272e-04
-34.250000 2.945658e-04
-34.000000 4.493388e-04
-33.750000 5.982034e-04
-33.500000 7.262204e-04
-33.250000 8.195699e-04
-33.000000 8.672558e-04
-32.750000 8.628489e-04
-32.500000 8.063738e-04
-32.250000 7.069521e-04
-32.000000 5.880303e-04
-31.750000 4.970930e-04
-31.500000 4.985748e-04
-31.250000 6.028854e-04
-31.000000 7.519950e-04
-30.750000 8.912457e-04
-30.500000 9.868450e-04
-30.250000 1.018781e-03
-30.000000 9.768970e-04
-29.750000 8.596282e-04
-29.500000 6.735150e-04
-29.250000 4.333421e-04
-29.000000 1.727232e-04
-28.750000 1.944378e-04
-28.500000 4.693815e-04
-28.250000 7.314717e-04
-28.000000 9.517915e-04
-27.750000 1.119326e-03
-27.500000 1.234311e-03
-27.250000 1.309002e-03
-27.000000 1.366615e-03
-26.750000 1.435210e-03
-26.500000 1.535643e-03
-26.250000 1.670006e-03
-26.000000 1.820164e-03
-25.750000 1.956260e-03
-25.500000 2.046853e-03
-25.250000 2.065783e-03
-25.000000 1.995812e-03
-24.750000 1.830277e-03
-24.500000 1.573483e-03
-24.250000 1.240104e-03
-24.000000 8.537514e-04
-23.750000 4.452219e-04
-23.500000 7.153545e-05
-23.250000 3.213221e-04
-23.000000 6.021136e-04
-22.750000 7.883847e-04
-22.500000 8.670356e-04
-22.250000 8.425439e-04
-22.000000 7.469677e-04
-21.750000 6.648217e-04
-21.500000 7.318692e-04
-21.250000 9.843744e-04
-21.000000 1.330108e-03
-20.750000 1.684178e-03
-20.500000 1.991754e-03
-20.250000 2.217477e-03
-20.000000 2.342109e-03
-19.750000 2.363105e-03
-19.500000 2.296031e-03
-19.250000 2.175034e-03
-19.000000 2.049370e-03
-18.750000 1.970110e-03
-18.500000 1.964629e-03
-18.250000 2.016324e-03
-18.000000 2.073395e-03
-17.750000 2.076219e-03
-17.500000 1.977634e-03
-17.250000 1.751208e-03
-17.000000 1.394845e-03
-16.750000 9.413348e-04
-16.500000 5.434006e-04
-16.250000 7.112747e-04
-16.000000 1.281603e-03
-15.750000 1.883187e-03
-15.500000 2.406943e-03
-15.250000 2.794029e-03
-15.000000 3.005540e-03
-14.750000 3.021378e-03
-14.500000 2.843322e-03
-14.250000 2.500453e-03
-14.000000 2.061307e-03
-13.750000 1.663661e-03
-13.500000 1.534241e-03
-13.250000 1.794204e-03
-13.000000 2.271253e-03
-12.750000 2.756997e-03
-12.500000 3.127582e-03
-12.250000 3.314119e-03
-12.000000 3.281401e-03
-11.750000 3.020268e-03
-11.500000 2.544274e-03
-11.250000 1.887254e-03
-11.000000 1.103569e-03
-10.750000 3.388753e-04
-10.500000 7.584287e-04
-10.250000 1.578991e-03
-10.000000 2.322102e-03
-9.750000 2.931155e-03
-9.500000 3.379822e-03
-9.250000 3.663253e-03
-9.000000 3.796861e-03
-8.750000 3.813163e-03
-8.500000 3.754925e-03
-8.250000 3.664195e-03
-8.000000 3.569462e-03
-7.750000 3.477011e-03
-7.500000 3.373241e-03
-7.250000 3.238812e-03
-7.000000 3.068989e-03
-6.750000 2.893843e-03
-6.500000 2.790178e-03
-6.250000 2.862192e-03
-6.000000 3.171469e-03
-5.750000 3.681822e-03
-5.500000 4.291251e-03
-5.250000 4.888400e-03
-5.000000 5.377799e-03
-4.750000 5.685377e-03
-4.500000 5.759530e-03
-4.250000 5.571753e-03
-4.000000 5.116869e-03
-3.750000 4.412500e-03
-3.500000 3.498424e-03
-3.250000 2.440356e-03
-3.000000 1.373089e-03
-2.750000 9.109405e-04
-2.500000 1.731505e-03
-2.250000 2.835699e-03
-2.000000 3.900086e-03
-1.750000 4.855481e-03
-1.500000 5.676239e-03
-1.250000 6.352929e-03
-1.000000 6.882722e-03
-0.750000 7.262938e-03
-0.500000 7.487053e-03
-0.250000 7.544145e-03
0.000000 7.422361e-03
0.250000 7.116230e-03
0.500000 6.637404e-03
0.750000 6.029114e-03
1.000000 5.385185e-03
1.250000 4.867992e-03
1.500000 4.686866e-03
1.750000 4.973190e-03
2.000000 5.654181e-03
2.250000 6.524427e-03
2.500000 7.381711e-03
2.750000 8.075239e-03
3.000000 8.505487e-03
3.250000 8.619244e-03
3.500000 8.408906e-03
3.750000 7.915553e-03
4.000000 7.235118e-03
4.250000 6.525178e-03
4.500000 5.996718e-03
4.750000 5.847639e-03
5.000000 6.131012e-03
5.250000 6.706303e-03
5.500000 7.351169e-03
5.750000 7.873814e-03
6.000000 8.147352e-03
6.250000 8.107966e-03
6.500000 7.748729e-03
6.750000 7.117039e-03
7.000000 6.316989e-03
7.250000 5.515603e-03
7.500000 4.935904e-03
7.750000 4.778216e-03
8.000000 5.060539e-03
8.250000 5.592973e-03
8.500000 6.139484e-03
8.750000 6.526221e-03
9.000000 6.652368e-03
9.250000 6.474957e-03
9.500000 5.995495e-03
9.750000 5.250207e-03
10.000000 4.302190e-03
10.250000 3.235292e-03
10.500000 2.154138e-03
10.750000 1.219468e-03
11.000000 8.473886e-04
11.250000 1.228916e-03
11.500000 1.687892e-03
11.750000 1.968361e-03
12.000000 2.030279e-03
12.250000 1.895578e-03
12.500000 1.629623e-03
12.750000 1.352331e-03
13.000000 1.242293e-03
13.250000 1.401205e-03
13.500000 1.711721e-03
13.750000 2.008890e-03
14.000000 2.189566e-03
14.250000 2.199528e-03
14.500000 2.017003e-03
14.750000 1.645564e-03
15.000000 1.112269e-03
15.250000 4.908594e-04
15.500000 4.676580e-04
15.750000 1.192501e-03
16.000000 1.942055e-03
16.250000 2.622160e-03
16.500000 3.184523e-03
16.750000 3.596620e-03
17.000000 3.840690e-03
17.250000 3.913825e-03
17.500000 3.827126e-03
17.750000 3.603699e-03
18.000000 3.275593e-03
18.250000 2.879871e-03
18.500000 2.454061e-03
18.750000 2.031256e-03
19.000000 1.635338e-03
19.250000 1.277363e-03
19.500000 9.549496e-04
19.750000 6.566098e-04
20.000000 3.725396e-04
20.250000 1.484948e-04
20.500000 2.963450e-04
20.750000 5.794082e-04
21.000000 8.582872e-04
21.250000 1.107754e-03
21.500000 1.311910e-03
21.750000 1.460828e-03
22.000000 1.551676e-03
22.250000 1.589372e-03
22.500000 1.585955e-03
22.750000 1.558215e-03
23.000000 1.523259e-03
23.250000 1.492726e-03
23.500000 1.468136e-03
23.750000 1.440472e-03
24.000000 1.394435e-03
24.250000 1.314511e-03
24.500000 1.189812e-03
24.750000 1.016719e-03
25.000000 8.000752e-04
25.250000 5.552960e-04
25.500000 3.236967e-04
25.750000 2.604885e-04
26.000000 4.431467e-04
26.250000 6.711715e-04
26.500000 8.742618e-04
26.750000 1.032430e-03
27.000000 1.138661e-03
27.250000 1.193460e-03
27.500000 1.203194e-03
27.750000 1.178552e-03
28.000000 1.132426e-03
28.250000 1.077128e-03
28.500000 1.021381e-03
28.750000 9.682670e-04
29.000000 9.153987e-04
29.250000 8.574980e-04
29.500000 7.900408e-04
29.750000 7.123601e-04
30.000000 6.294760e-04
30.250000 5.524259e-04
30.500000 4.958812e-04
30.750000 4.704805e-04
31.000000 4.728347e-04
31.250000 4.857802e-04
31.500000 4.892386e-04
31.750000 4.681731e-04
32.000000 4.143363e-04
32.250000 3.256399e-04
32.500000 2.056995e-04
32.750000 7.279280e-05
33.000000 1.296973e-04
33.250000 2.978907e-04
33.500000 4.679302e-04
33.750000 6.257142e-04
34.000000 7.618865e-04
34.250000 8.695817e-04
34.500000 9.444545e-04
34.750000 9.846917e-04
35.000000 9.908232e-04
35.250000 9.653405e-04
35.500000 9.121863e-04
35.750000 8.361948e-04
36.000000 7.425691e-04
36.250000 6.364696e-04
36.500000 5.227594e-04
36.750000 4.059308e-04
37.000000 2.902383e-04
37.250000 1.803253e-04
37.500000 8.553142e-05
37.750000 6.260870e-05
38.000000 1.270108e-04
38.250000 1.933147e-04
38.500000 2.486660e-04
38.750000 2.923854e-04
39.000000 3.265006e-04
39.250000 3.544562e-04
39.500000 3.801253e-04
39.750000 4.065620e-04
40.000000 4.348673e-04
40.250000 4.637582e-04
40.500000 4.900220e-04
40.750000 5.094797e-04
41.000000 5.179585e-04
41.250000 5.120116e-04
41.500000 4.893650e-04
41.750000 4.491700e-04
42.000000 3.921824e-04
42.250000 3.210887e-04
42.500000 2.416603e-04
42.750000 1.676611e-04
43.000000 1.361197e-04
43.250000 1.800996e-04
43.500000 2.612967e-04
43.750000 3.466235e-04
44.000000 4.227257e-04
44.250000 4.825195e-04
44.500000 5.214800e-04
44.750000 5.369364e-04
45.000000 5.280741e-04
45.250000 4.961256e-04
45.500000 4.446511e-04
45.750000 3.800121e-04
46.000000 3.123521e-04
46.250000 2.571632e-04
46.500000 2.334203e-04
46.750000 2.482153e-04
47.000000 2.863996e-04
47.250000 3.287573e-04
47.500000 3.645673e-04
47.750000 3.910227e-04
48.000000 4.108339e-04
48.250000 4.299377e-04
48.500000 4.543702e-04
48.750000 4.866679e-04
49.000000 5.239017e-04
49.250000 5.586294e-04
49.500000 5.814983e-04
49.750000 5.836706e-04
50.000000 5.584507e-04
