-50.000000 1.165859e-03
-49.750000 1.062940e-03
-49.500000 8.943443e-04
-49.250000 6.846176e-04
-49.000000 4.720154e-04
-48.750000 3.256802e-04
-48.500000 3.296565e-04
-48.250000 4.213949e-04
-48.000000 4.936628e-04
-47.750000 5.039617e-04
-47.500000 4.411229e-04
-47.250000 3.097272e-04
-47.000000 1.316227e-04
-46.750000 1.353786e-04
-46.500000 3.593507e-04
-46.250000 5.771608e-04
-46.000000 7.547005e-04
-45.750000 8.696367e-04
-45.500000 9.071115e-04
-45.250000 8.610291e-04
-45.000000 7.353861e-04
-44.750000 5.465444e-04
-44.500000 3.357105e-04
-44.250000 2.495697e-04
-44.000000 4.203336e-04
-43.750000 6.493232e-04
-43.500000 8.432512e-04
-43.250000 9.693921e-04
-43.000000 1.011715e-03
-42.750000 9.656461e-04
-42.500000 8.375691e-04
-42.250000 6.453579e-04
-42.000000 4.233116e-04
-41.750000 2.585239e-04
-41.500000 3.191993e-04
-41.250000 4.950009e-04
-41.000000 6.434408e-04
-40.750000 7.216388e-04
-40.500000 7.147851e-04
-40.250000 6.238107e-04
-40.000000 4.677583e-04
-39.750000 3.090469e-04
-39.500000 3.241149e-04
-39.250000 5.321638e-04
-39.000000 7.713424e-04
-38.750000 9.711652e-04
-38.500000 1.097352e-03
-38.250000 1.130257e-03
-38.000000 1.062362e-03
-37.750000 8.986366e-04
-37.500000 6.583409e-04
-37.250000 3.875706e-04
-37.000000 2.652146e-04
-36.750000 4.779464e-04
-36.500000 7.515445e-04
-36.250000 9.728911e-04
-36.000000 1.103960e-03
-35.750000 1.125622e-03
-35.500000 1.032168e-03
-35.250000 8.305936e-04
-35.000000 5.399491e-04
-34.750000 1.934085e-04
-34.500000 2.075962e-04
-34.250000 5.689097e-04
-34.000000 8.850912e-04
-33.750000 1.118116e-03
-33.500000 1.241858e-03
-33.250000 1.241422e-03
-33.000000 1.114794e-03
-32.750000 8.741509e-04
-32.500000 5.501148e-04
-32.250000 2.490279e-04
-32.000000 4.168122e-04
-31.750000 8.025255e-04
-31.500000 1.161179e-03
-31.250000 1.440549e-03
-31.000000 1.613502e-03
-30.750000 1.667906e-03
-30.500000 1.606697e-03
-30.250000 1.448492e-03
-30.000000 1.228188e-03
-29.750000 9.978449e-04
-29.500000 8.234915e-04
-29.250000 7.545573e-04
-29.000000 7.660310e-04
-28.750000 7.771712e-04
-28.500000 7.229107e-04
-28.250000 5.756643e-04
-28.000000 3.519379e-04
-27.750000 2.524398e-04
-27.500000 5.571797e-04
-27.250000 9.673932e-04
-27.000000 1.367190e-03
-26.750000 1.702577e-03
-26.500000 1.932659e-03
-26.250000 2.028820e-03
-26.000000 1.977875e-03
-25.750000 1.785699e-03
-25.500000 1.482662e-03
-25.250000 1.138154e-03
-25.000000 8.994283e-04
-24.750000 9.578667e-04
-24.500000 1.256407e-03
-24.250000 1.594742e-03
-24.000000 1.858229e-03
-23.750000 1.995743e-03
-23.500000 1.993270e-03
-23.250000 1.869067e-03
-23.000000 1.677034e-03
-22.750000 1.509672e-03
-22.500000 1.471311e-03
-22.250000 1.591607e-03
-22.000000 1.788531e-03
-21.750000 1.949110e-03
-21.500000 1.989910e-03
-21.250000 1.868123e-03
-21.000000 1.587657e-03
-20.750000 1.232979e-03
-20.500000 1.076724e-03
-20.250000 1.436333e-03
-20.000000 2.129878e-03
-19.750000 2.893434e-03
-19.500000 3.581661e-03
-19.250000 4.099850e-03
-19.000000 4.381328e-03
-18.750000 4.385387e-03
-18.500000 4.099179e-03
-18.250000 3.539164e-03
-18.000000 2.751392e-03
-17.750000 1.813775e-03
-17.500000 8.757634e-04
-17.250000 6.681014e-04
-17.000000 1.411579e-03
-16.750000 2.105575e-03
-16.500000 2.558199e-03
-16.250000 2.708126e-03
-16.000000 2.539139e-03
-15.750000 2.079991e-03
-15.500000 1.433779e-03
-15.250000 9.692029e-04
-15.000000 1.402272e-03
-14.750000 2.317842e-03
-14.500000 3.237095e-03
-14.250000 3.986414e-03
-14.000000 4.472512e-03
-13.750000 4.649632e-03
-13.500000 4.523399e-03
-13.250000 4.164812e-03
-13.000000 3.732647e-03
-12.750000 3.481010e-03
-12.500000 3.643676e-03
-12.250000 4.201705e-03
-12.000000 4.914009e-03
-11.750000 5.531791e-03
-11.500000 5.877657e-03
-11.250000 5.842768e-03
-11.000000 5.378105e-03
-10.750000 4.490728e-03
-10.500000 3.244736e-03
-10.250000 1.790280e-03
-10.000000 8.875244e-04
-9.750000 2.064213e-03
-9.500000 3.539943e-03
-9.250000 4.764485e-03
-9.000000 5.571556e-03
-8.750000 5.862527e-03
-8.500000 5.595314e-03
-8.250000 4.795740e-03
-8.000000 3.594911e-03
-7.750000 2.415460e-03
-7.500000 2.476498e-03
-7.250000 4.027402e-03
-7.000000 5.951527e-03
-6.750000 7.739703e-03
-6.500000 9.147684e-03
-6.250000 1.002050e-02
-6.000000 1.026694e-02
-5.750000 9.858606e-03
-5.500000 8.830952e-03
-5.250000 7.282051e-03
-5.000000 5.371291e-03
-4.750000 3.337587e-03
-4.500000 1.709989e-03
-4.250000 1.934827e-03
-4.000000 3.178767e-03
-3.750000 4.132951e-03
-3.500000 4.525526e-03
-3.250000 4.331329e-03
-3.000000 3.734975e-03
-2.750000 3.338336e-03
-2.500000 4.082616e-03
-2.250000 5.957641e-03
-2.000000 8.296826e-03
-1.750000 1.062276e-02
-1.500000 1.260809e-02
-1.250000 1.400293e-02
-1.000000 1.462206e-02
-0.750000 1.434983e-02
-0.500000 1.314733e-02
-0.250000 1.105767e-02
0.000000 8.212592e-03
0.250000 4.877311e-03
0.500000 2.128159e-03
0.750000 4.103184e-03
1.000000 7.717451e-03
1.250000 1.110555e-02
1.500000 1.389389e-02
1.750000 1.587159e-02
2.000000 1.691237e-02
2.250000 1.696973e-02
2.500000 1.607617e-02
2.750000 1.433850e-02
3.000000 1.192781e-02
3.250000 9.065280e-03
3.500000 6.007398e-03
3.750000 3.051349e-03
4.000000 1.014382e-03
4.250000 2.358844e-03
4.500000 3.870552e-03
4.750000 4.698845e-03
5.000000 4.769880e-03
5.250000 4.122359e-03
5.500000 2.887583e-03
5.750000 1.433120e-03
6.000000 1.684783e-03
6.250000 3.586071e-03
6.500000 5.552322e-03
6.750000 7.237290e-03
7.000000 8.459682e-03
7.250000 9.105165e-03
7.500000 9.121179e-03
7.750000 8.517182e-03
8.000000 7.362117e-03
8.250000 5.779328e-03
8.500000 3.946063e-03
8.750000 2.148815e-03
9.000000 1.351134e-03
9.250000 2.395469e-03
9.500000 3.601266e-03
9.750000 4.428594e-03
10.000000 4.765599e-03
10.250000 4.610617e-03
10.500000 4.050535e-03
10.750000 3.296145e-03
11.000000 2.780721e-03
11.250000 3.041402e-03
11.500000 3.987960e-03
11.750000 5.119434e-03
12.000000 6.100777e-03
12.250000 6.749901e-03
12.500000 6.970767e-03
12.750000 6.729294e-03
13.000000 6.043691e-03
13.250000 4.976906e-03
13.500000 3.627875e-03
13.750000 2.122298e-03
14.000000 6.287615e-04
14.250000 9.141423e-04
14.500000 2.098470e-03
14.750000 2.982522e-03
15.000000 3.488942e-03
15.250000 3.592364e-03
15.500000 3.310177e-03
15.750000 2.704202e-03
16.000000 1.897031e-03
16.250000 1.189866e-03
16.500000 1.314372e-03
16.750000 2.127927e-03
17.000000 2.980911e-03
17.250000 3.650008e-03
17.500000 4.045434e-03
17.750000 4.130653e-03
18.000000 3.908384e-03
18.250000 3.415887e-03
18.500000 2.722170e-03
18.750000 1.931456e-03
19.000000 1.221888e-03
19.250000 9.710482e-04
19.500000 1.304721e-03
19.750000 1.729830e-03
20.000000 1.995040e-03
20.250000 2.027347e-03
20.500000 1.815503e-03
20.750000 1.383828e-03
21.000000 7.875538e-04
21.250000 2.434823e-04
21.500000 7.816047e-04
21.750000 1.496858e-03
22.000000 2.126235e-03
22.250000 2.607350e-03
22.500000 2.904172e-03
22.750000 3.004227e-03
23.000000 2.919491e-03
23.250000 2.686630e-03
23.500000 2.366589e-03
23.750000 2.042405e-03
24.000000 1.806289e-03
24.250000 1.716747e-03
24.500000 1.747271e-03
24.750000 1.808025e-03
25.000000 1.814241e-03
25.250000 1.717258e-03
25.500000 1.503082e-03
25.750000 1.184449e-03
26.000000 7.953028e-04
26.250000 4.006055e-04
26.500000 2.722627e-04
26.750000 5.570052e-04
27.000000 8.339213e-04
27.250000 1.014657e-03
27.500000 1.083596e-03
27.750000 1.052504e-03
28.000000 9.620252e-04
28.250000 8.873159e-04
28.500000 9.158796e-04
28.750000 1.067924e-03
29.000000 1.279032e-03
29.250000 1.473966e-03
29.500000 1.601284e-03
29.750000 1.633416e-03
30.000000 1.563593e-03
30.250000 1.404839e-03
30.500000 1.191010e-03
30.750000 9.801671e-04
31.000000 8.512981e-04
31.250000 8.546853e-04
31.500000 9.442352e-04
31.750000 1.029095e-03
32.000000 1.045256e-03
32.250000 9.633987e-04
32.500000 7.828500e-04
32.750000 5.396093e-04
33.000000 3.835240e-04
33.250000 5.701335e-04
33.500000 9.284840e-04
33.750000 1.288210e-03
34.000000 1.583465e-03
34.250000 1.776011e-03
34.500000 1.842783e-03
34.750000 1.774762e-03
35.000000 1.576885e-03
35.250000 1.267210e-03
35.500000 8.750824e-04
35.750000 4.391364e-04
36.000000 7.171259e-05
36.250000 4.217763e-04
36.500000 7.500549e-04
36.750000 9.751903e-04
37.000000 1.076371e-03
37.250000 1.046327e-03
37.500000 8.912257e-04
37.750000 6.308045e-04
38.000000 3.048501e-04
38.250000 1.902929e-04
38.500000 5.392739e-04
38.750000 8.944129e-04
39.000000 1.186388e-03
39.250000 1.384155e-03
39.500000 1.469250e-03
39.750000 1.435305e-03
40.000000 1.288069e-03
40.250000 1.044591e-03
40.500000 7.317825e-04
40.750000 3.869627e-04
41.000000 1.281831e-04
41.250000 3.476946e-04
41.500000 6.053788e-04
41.750000 7.867916e-04
42.000000 8.726237e-04
42.250000 8.584199e-04
42.500000 7.512982e-04
42.750000 5.691081e-04
43.000000 3.421724e-04
43.250000 1.545714e-04
43.500000 2.652521e-04
43.750000 4.706907e-04
44.000000 6.327861e-04
44.250000 7.234375e-04
44.500000 7.326159e-04
44.750000 6.624291e-04
45.000000 5.278525e-04
45.250000 3.642776e-04
45.500000 2.654153e-04
45.750000 3.510483e-04
46.000000 5.199272e-04
46.250000 6.690506e-04
46.500000 7.586275e-04
46.750000 7.706020e-04
47.000000 6.994970e-04
47.250000 5.510407e-04
47.500000 3.444451e-04
47.750000 1.544145e-04
48.000000 2.827647e-04
48.250000 5.409258e-04
48.500000 7.792497e-04
48.750000 9.630808e-04
49.000000 1.072527e-03
49.250000 1.097056e-03
49.500000 1.035667e-03
49.750000 8.973388e-04
50.000000 7.020990e-04
