-50.000000 3.145459e-03
-49.750000 3.051942e-03
-49.500000 2.960696e-03
-49.250000 2.872150e-03
-49.000000 2.786780e-03
-48.750000 2.705109e-03
-48.500000 2.627709e-03
-48.250000 2.555201e-03
-48.000000 2.488247e-03
-47.750000 2.427544e-03
-47.500000 2.373813e-03
-47.250000 2.327778e-03
-47.000000 2.290146e-03
-46.750000 2.261577e-03
-46.500000 2.242656e-03
-46.250000 2.233865e-03
-46.000000 2.235553e-03
-45.750000 2.247921e-03
-45.500000 2.271013e-03
-45.250000 2.304715e-03
-45.000000 2.348770e-03
-44.750000 2.402800e-03
-44.500000 2.466327e-03
-44.250000 2.538810e-03
-44.000000 2.619663e-03
-43.750000 2.708286e-03
-43.500000 2.804079e-03
-43.250000 2.906463e-03
-43.000000 3.014883e-03
-42.750000 3.128821e-03
-42.500000 3.247797e-03
-42.250000 3.371367e-03
-42.000000 3.499129e-03
-41.750000 3.630715e-03
-41.500000 3.765792e-03
-41.250000 3.904058e-03
-41.000000 4.045240e-03
-40.750000 4.189092e-03
-40.500000 4.335390e-03
-40.250000 4.483929e-03
-40.000000 4.634527e-03
-39.750000 4.787013e-03
-39.500000 4.941235e-03
-39.250000 5.097051e-03
-39.000000 5.254330e-03
-38.750000 5.412955e-03
-38.500000 5.572812e-03
-38.250000 5.733801e-03
-38.000000 5.895824e-03
-37.750000 6.058791e-03
-37.500000 6.222620e-03
-37.250000 6.387230e-03
-37.000000 6.552546e-03
-36.750000 6.718499e-03
-36.500000 6.885019e-03
-36.250000 7.052044e-03
-36.000000 7.219512e-03
-35.750000 7.387364e-03
-35.500000 7.555543e-03
-35.250000 7.723996e-03
-35.000000 7.892670e-03
-34.750000 8.061514e-03
-34.500000 8.230479e-03
-34.250000 8.399517e-03
-34.000000 8.568583e-03
-33.750000 8.737630e-03
-33.500000 8.906615e-03
-33.250000 9.075495e-03
-33.000000 9.244227e-03
-32.750000 9.412770e-03
-32.500000 9.581085e-03
-32.250000 9.749131e-03
-32.000000 9.916869e-03
-31.750000 1.008426e-02
-31.500000 1.025127e-02
-31.250000 1.041786e-02
-31.000000 1.058399e-02
-30.750000 1.074962e-02
-30.500000 1.091473e-02
-30.250000 1.107928e-02
-30.000000 1.124322e-02
-29.750000 1.140653e-02
-29.500000 1.156918e-02
-29.250000 1.173113e-02
-29.000000 1.189234e-02
-28.750000 1.205279e-02
-28.500000 1.221244e-02
-28.250000 1.237126e-02
-28.000000 1.252923e-02
-27.750000 1.268630e-02
-27.500000 1.284245e-02
-27.250000 1.299764e-02
-27.000000 1.315185e-02
-26.750000 1.330505e-02
-26.500000 1.345721e-02
-26.250000 1.360830e-02
-26.000000 1.375829e-02
-25.750000 1.390715e-02
-25.500000 1.405485e-02
-25.250000 1.420137e-02
-25.000000 1.434668e-02
-24.750000 1.449075e-02
-24.500000 1.463356e-02
-24.250000 1.477507e-02
-24.000000 1.491527e-02
-23.750000 1.505412e-02
-23.500000 1.519160e-02
-23.250000 1.532769e-02
-23.000000 1.546236e-02
-22.750000 1.559559e-02
-22.500000 1.572735e-02
-22.250000 1.585762e-02
-22.000000 1.598638e-02
-21.750000 1.611360e-02
-21.500000 1.623926e-02
-21.250000 1.636333e-02
-21.000000 1.648580e-02
-20.750000 1.660665e-02
-20.500000 1.672585e-02
-20.250000 1.684338e-02
-20.000000 1.695922e-02
-19.750000 1.707335e-02
-19.500000 1.718575e-02
-19.250000 1.729641e-02
-19.000000 1.740529e-02
-18.750000 1.751240e-02
-18.500000 1.761769e-02
-18.250000 1.772117e-02
-18.000000 1.782280e-02
-17.750000 1.792258e-02
-17.500000 1.802049e-02
-17.250000 1.811651e-02
-17.000000 1.821062e-02
-16.750000 1.830281e-02
-16.500000 1.839306e-02
-16.250000 1.848136e-02
-16.000000 1.856769e-02
-15.750000 1.865205e-02
-15.500000 1.873441e-02
-15.250000 1.881477e-02
-15.000000 1.889311e-02
-14.750000 1.896942e-02
-14.500000 1.904368e-02
-14.250000 1.911589e-02
-14.000000 1.918604e-02
-13.750000 1.925411e-02
-13.500000 1.932009e-02
-13.250000 1.938398e-02
-13.000000 1.944577e-02
-12.750000 1.950544e-02
-12.500000 1.956298e-02
-12.250000 1.961840e-02
-12.000000 1.967168e-02
-11.750000 1.972281e-02
-11.500000 1.977180e-02
-11.250000 1.981862e-02
-11.000000 1.986328e-02
-10.750000 1.990578e-02
-10.500000 1.994610e-02
-10.250000 1.998424e-02
-10.000000 2.002019e-02
-9.750000 2.005397e-02
-9.500000 2.008555e-02
-9.250000 2.011494e-02
-9.000000 2.014213e-02
-8.750000 2.016713e-02
-8.500000 2.018993e-02
-8.250000 2.021054e-02
-8.000000 2.022894e-02
-7.750000 2.024515e-02
-7.500000 2.025915e-02
-7.250000 2.027096e-02
-7.000000 2.028057e-02
-6.750000 2.028799e-02
-6.500000 2.029321e-02
-6.250000 2.029624e-02
-6.000000 2.029708e-02
-5.750000 2.029574e-02
-5.500000 2.029222e-02
-5.250000 2.028652e-02
-5.000000 2.027866e-02
-4.750000 2.026862e-02
-4.500000 2.025642e-02
-4.250000 2.024207e-02
-4.000000 2.022557e-02
-3.750000 2.020693e-02
-3.500000 2.018615e-02
-3.250000 2.016325e-02
-3.000000 2.013822e-02
-2.750000 2.011109e-02
-2.500000 2.008185e-02
-2.250000 2.005053e-02
-2.000000 2.001712e-02
-1.750000 1.998163e-02
-1.500000 1.994409e-02
-1.250000 1.990449e-02
-1.000000 1.986285e-02
-0.750000 1.981919e-02
-0.500000 1.977350e-02
-0.250000 1.972582e-02
0.000000 1.967614e-02
0.250000 1.962448e-02
0.500000 1.957086e-02
0.750000 1.951529e-02
1.000000 1.945778e-02
1.250000 1.939836e-02
1.500000 1.933702e-02
1.750000 1.927379e-02
2.000000 1.920869e-02
2.250000 1.914173e-02
2.500000 1.907293e-02
2.750000 1.900230e-02
3.000000 1.892986e-02
3.250000 1.885563e-02
3.500000 1.877962e-02
3.750000 1.870186e-02
4.000000 1.862236e-02
4.250000 1.854115e-02
4.500000 1.845823e-02
4.750000 1.837363e-02
5.000000 1.828738e-02
5.250000 1.819948e-02
5.500000 1.810996e-02
5.750000 1.801885e-02
6.000000 1.792615e-02
6.250000 1.783190e-02
6.500000 1.773611e-02
6.750000 1.763881e-02
7.000000 1.754002e-02
7.250000 1.743975e-02
7.500000 1.733804e-02
7.750000 1.723490e-02
8.000000 1.713036e-02
8.250000 1.702444e-02
8.500000 1.691717e-02
8.750000 1.680857e-02
9.000000 1.669865e-02
9.250000 1.658746e-02
9.500000 1.647501e-02
9.750000 1.636132e-02
10.000000 1.624642e-02
10.250000 1.613034e-02
10.500000 1.601310e-02
10.750000 1.589473e-02
11.000000 1.577525e-02
11.250000 1.565469e-02
11.500000 1.553307e-02
11.750000 1.541042e-02
12.000000 1.528677e-02
12.250000 1.516214e-02
12.500000 1.503657e-02
12.750000 1.491007e-02
13.000000 1.478267e-02
13.250000 1.465441e-02
13.500000 1.452531e-02
13.750000 1.439539e-02
14.000000 1.426469e-02
14.250000 1.413323e-02
14.500000 1.400104e-02
14.750000 1.386814e-02
15.000000 1.373458e-02
15.250000 1.360037e-02
15.500000 1.346554e-02
15.750000 1.333013e-02
16.000000 1.319415e-02
16.250000 1.305765e-02
16.500000 1.292064e-02
16.750000 1.278317e-02
17.000000 1.264525e-02
17.250000 1.250691e-02
17.500000 1.236820e-02
17.750000 1.222912e-02
18.000000 1.208973e-02
18.250000 1.195004e-02
18.500000 1.181008e-02
18.750000 1.166989e-02
19.000000 1.152949e-02
19.250000 1.138892e-02
19.500000 1.124821e-02
19.750000 1.110738e-02
20.000000 1.096647e-02
20.250000 1.082550e-02
20.500000 1.068452e-02
20.750000 1.054354e-02
21.000000 1.040260e-02
21.250000 1.026174e-02
21.500000 1.012098e-02
21.750000 9.980349e-03
22.000000 9.839888e-03
22.250000 9.699625e-03
22.500000 9.559592e-03
22.750000 9.419821e-03
23.000000 9.280345e-03
23.250000 9.141197e-03
23.500000 9.002408e-03
23.750000 8.864014e-03
24.000000 8.726046e-03
24.250000 8.588539e-03
24.500000 8.451526e-03
24.750000 8.315042e-03
25.000000 8.179122e-03
25.250000 8.043800e-03
25.500000 7.909111e-03
25.750000 7.775093e-03
26.000000 7.641780e-03
26.250000 7.509210e-03
26.500000 7.377420e-03
26.750000 7.246447e-03
27.000000 7.116331e-03
27.250000 6.987110e-03
27.500000 6.858823e-03
27.750000 6.731512e-03
28.000000 6.605218e-03
28.250000 6.479982e-03
28.500000 6.355848e-03
28.750000 6.232860e-03
29.000000 6.111062e-03
29.250000 5.990500e-03
29.500000 5.871221e-03
29.750000 5.753274e-03
30.000000 5.636708e-03
30.250000 5.521574e-03
30.500000 5.407924e-03
30.750000 5.295812e-03
31.000000 5.185293e-03
31.250000 5.076424e-03
31.500000 4.969262e-03
31.750000 4.863869e-03
32.000000 4.760306e-03
32.250000 4.658635e-03
32.500000 4.558924e-03
32.750000 4.461237e-03
33.000000 4.365645e-03
33.250000 4.272218e-03
33.500000 4.181026e-03
33.750000 4.092144e-03
34.000000 4.005646e-03
34.250000 3.921608e-03
34.500000 3.840105e-03
34.750000 3.761215e-03
35.000000 3.685015e-03
35.250000 3.611580e-03
35.500000 3.540985e-03
35.750000 3.473305e-03
36.000000 3.408611e-03
36.250000 3.346972e-03
36.500000 3.288451e-03
36.750000 3.233108e-03
37.000000 3.180997e-03
37.250000 3.132165e-03
37.500000 3.086652e-03
37.750000 3.044489e-03
38.000000 3.005697e-03
38.250000 2.970287e-03
38.500000 2.938260e-03
38.750000 2.909604e-03
39.000000 2.884296e-03
39.250000 2.862299e-03
39.500000 2.843567e-03
39.750000 2.828039e-03
40.000000 2.815643e-03
40.250000 2.806297e-03
40.500000 2.799906e-03
40.750000 2.796370e-03
41.000000 2.795576e-03
41.250000 2.797405e-03
41.500000 2.801734e-03
41.750000 2.808434e-03
42.000000 2.817370e-03
42.250000 2.828407e-03
42.500000 2.841410e-03
42.750000 2.856240e-03
43.000000 2.872761e-03
43.250000 2.890840e-03
43.500000 2.910343e-03
43.750000 2.931141e-03
44.000000 2.953109e-03
44.250000 2.976125e-03
44.500000 3.000072e-03
44.750000 3.024837e-03
45.000000 3.050311e-03
45.250000 3.076393e-03
45.500000 3.102985e-03
45.750000 3.129992e-03
46.000000 3.157328e-03
46.250000 3.184908e-03
46.500000 3.212655e-03
46.750000 3.240495e-03
47.000000 3.268358e-03
47.250000 3.296179e-03
47.500000 3.323898e-03
47.750000 3.351456e-03
48.000000 3.378802e-03
48.250000 3.405885e-03
48.500000 3.432659e-03
48.750000 3.459082e-03
49.000000 3.485114e-03
49.250000 3.510717e-03
49.500000 3.535858e-03
49.750000 3.560506e-03
50.000000 3.584632e-03
