-50.000000 1.659669e-03
-49.750000 1.829037e-03
-49.500000 2.004276e-03
-49.250000 2.178257e-03
-49.000000 2.345547e-03
-48.750000 2.501925e-03
-48.500000 2.644030e-03
-48.250000 2.769146e-03
-48.000000 2.875045e-03
-47.750000 2.959904e-03
-47.500000 3.022238e-03
-47.250000 3.060864e-03
-47.000000 3.074882e-03
-46.750000 3.063648e-03
-46.500000 3.026775e-03
-46.250000 2.964113e-03
-46.000000 2.875753e-03
-45.750000 2.762014e-03
-45.500000 2.623442e-03
-45.250000 2.460801e-03
-45.000000 2.275067e-03
-44.750000 2.067424e-03
-44.500000 1.839255e-03
-44.250000 1.592136e-03
-44.000000 1.327843e-03
-43.750000 1.048370e-03
-43.500000 7.560424e-04
-43.250000 4.541374e-04
-43.000000 1.553938e-04
-42.750000 2.032098e-04
-42.500000 5.175217e-04
-42.250000 8.411781e-04
-42.000000 1.165230e-03
-41.750000 1.486224e-03
-41.500000 1.801324e-03
-41.250000 2.107861e-03
-41.000000 2.403255e-03
-40.750000 2.685005e-03
-40.500000 2.950698e-03
-40.250000 3.198026e-03
-40.000000 3.424803e-03
-39.750000 3.628981e-03
-39.500000 3.808674e-03
-39.250000 3.962172e-03
-39.000000 4.087961e-03
-38.750000 4.184745e-03
-38.500000 4.251458e-03
-38.250000 4.287287e-03
-38.000000 4.291694e-03
-37.750000 4.264433e-03
-37.500000 4.205579e-03
-37.250000 4.115559e-03
-37.000000 3.995192e-03
-36.750000 3.845748e-03
-36.500000 3.669030e-03
-36.250000 3.467492e-03
-36.000000 3.244440e-03
-35.750000 3.004327e-03
-35.500000 2.753241e-03
-35.250000 2.499672e-03
-35.000000 2.255665e-03
-34.750000 2.038270e-03
-34.500000 1.870449e-03
-34.250000 1.778915e-03
-34.000000 1.785767e-03
-33.750000 1.897135e-03
-33.500000 2.100438e-03
-33.250000 2.373303e-03
-33.000000 2.693471e-03
-32.750000 3.042982e-03
-32.500000 3.408304e-03
-32.250000 3.779229e-03
-32.000000 4.147817e-03
-31.750000 4.507641e-03
-31.500000 4.853304e-03
-31.250000 5.180142e-03
-31.000000 5.484046e-03
-30.750000 5.761353e-03
-30.500000 6.008787e-03
-30.250000 6.223427e-03
-30.000000 6.402690e-03
-29.750000 6.544333e-03
-29.500000 6.646461e-03
-29.250000 6.707533e-03
-29.000000 6.726390e-03
-28.750000 6.702271e-03
-28.500000 6.634848e-03
-28.250000 6.524259e-03
-28.000000 6.371167e-03
-27.750000 6.176816e-03
-27.500000 5.943137e-03
-27.250000 5.672877e-03
-27.000000 5.369806e-03
-26.750000 5.039021e-03
-26.500000 4.687412e-03
-26.250000 4.324374e-03
-26.000000 3.962853e-03
-25.750000 3.620758e-03
-25.500000 3.322425e-03
-25.250000 3.098848e-03
-25.000000 2.983920e-03
-24.750000 3.004470e-03
-24.500000 3.168483e-03
-24.250000 3.462287e-03
-24.000000 3.859337e-03
-23.750000 4.331158e-03
-23.500000 4.853199e-03
-23.250000 5.406021e-03
-23.000000 5.974497e-03
-22.750000 6.546659e-03
-22.500000 7.112760e-03
-22.250000 7.664604e-03
-22.000000 8.195112e-03
-21.750000 8.698047e-03
-21.500000 9.167842e-03
-21.250000 9.599495e-03
-21.000000 9.988514e-03
-20.750000 1.033089e-02
-20.500000 1.062308e-02
-20.250000 1.086205e-02
-20.000000 1.104524e-02
-19.750000 1.117065e-02
-19.500000 1.123684e-02
-19.250000 1.124300e-02
-19.000000 1.118902e-02
-18.750000 1.107554e-02
-18.500000 1.090407e-02
-18.250000 1.067714e-02
-18.000000 1.039841e-02
-17.750000 1.007296e-02
-17.500000 9.707537e-03
-17.250000 9.310961e-03
-17.000000 8.894596e-03
-16.750000 8.472932e-03
-16.500000 8.064177e-03
-16.250000 7.690675e-03
-16.000000 7.378747e-03
-15.750000 7.157319e-03
-15.500000 7.054768e-03
-15.250000 7.094111e-03
-15.000000 7.288075e-03
-14.750000 7.636524e-03
-14.500000 8.127628e-03
-14.250000 8.741819e-03
-14.000000 9.456236e-03
-13.750000 1.024801e-02
-13.500000 1.109603e-02
-13.250000 1.198150e-02
-13.000000 1.288795e-02
-12.750000 1.380093e-02
-12.500000 1.470764e-02
-12.250000 1.559669e-02
-12.000000 1.645779e-02
-11.750000 1.728156e-02
-11.500000 1.805945e-02
-11.250000 1.878359e-02
-11.000000 1.944675e-02
-10.750000 2.004231e-02
-10.500000 2.056421e-02
-10.250000 2.100699e-02
-10.000000 2.136571e-02
-9.750000 2.163607e-02
-9.500000 2.181431e-02
-9.250000 2.189730e-02
-9.000000 2.188254e-02
-8.750000 2.176815e-02
-8.500000 2.155296e-02
-8.250000 2.123646e-02
-8.000000 2.081893e-02
-7.750000 2.030139e-02
-7.500000 1.968572e-02
-7.250000 1.897474e-02
-7.000000 1.817229e-02
-6.750000 1.728341e-02
-6.500000 1.631463e-02
-6.250000 1.527430e-02
-6.000000 1.417319e-02
-5.750000 1.302554e-02
-5.500000 1.185052e-02
-5.250000 1.067490e-02
-5.000000 9.537130e-03
-4.750000 8.493458e-03
-4.500000 7.624677e-03
-4.250000 7.036509e-03
-4.000000 6.837391e-03
-3.750000 7.087541e-03
-3.500000 7.761593e-03
-3.250000 8.771772e-03
-3.000000 1.001929e-02
-2.750000 1.142345e-02
-2.500000 1.292568e-02
-2.250000 1.448452e-02
-2.000000 1.606993e-02
-1.750000 1.765921e-02
-1.500000 1.923444e-02
-1.250000 2.078087e-02
-1.000000 2.228598e-02
-0.750000 2.373880e-02
-0.500000 2.512963e-02
-0.250000 2.644974e-02
0.000000 2.769128e-02
0.250000 2.884715e-02
0.500000 2.991096e-02
0.750000 3.087701e-02
1.000000 3.174025e-02
1.250000 3.249631e-02
1.500000 3.314145e-02
1.750000 3.367260e-02
2.000000 3.408735e-02
2.250000 3.438395e-02
2.500000 3.456130e-02
2.750000 3.461899e-02
3.000000 3.455724e-02
3.250000 3.437696e-02
3.500000 3.407970e-02
3.750000 3.366766e-02
4.000000 3.314369e-02
4.250000 3.251125e-02
4.500000 3.177446e-02
4.750000 3.093803e-02
5.000000 3.000728e-02
5.250000 2.898813e-02
5.500000 2.788712e-02
5.750000 2.671137e-02
6.000000 2.546867e-02
6.250000 2.416743e-02
6.500000 2.281684e-02
6.750000 2.142687e-02
7.000000 2.000851e-02
7.250000 1.857393e-02
7.500000 1.713686e-02
7.750000 1.571312e-02
8.000000 1.432126e-02
8.250000 1.298364e-02
8.500000 1.172768e-02
8.750000 1.058719e-02
9.000000 9.603113e-03
9.250000 8.821839e-03
9.500000 8.288595e-03
9.750000 8.034694e-03
10.000000 8.063545e-03
10.250000 8.345936e-03
10.500000 8.829552e-03
10.750000 9.455028e-03
11.000000 1.016807e-02
11.250000 1.092443e-02
11.500000 1.169006e-02
11.750000 1.243937e-02
12.000000 1.315326e-02
12.250000 1.381743e-02
12.500000 1.442117e-02
12.750000 1.495645e-02
13.000000 1.541736e-02
13.250000 1.579962e-02
13.500000 1.610033e-02
13.750000 1.631775e-02
14.000000 1.645113e-02
14.250000 1.650058e-02
14.500000 1.646702e-02
14.750000 1.635211e-02
15.000000 1.615813e-02
15.250000 1.588803e-02
15.500000 1.554532e-02
15.750000 1.513407e-02
16.000000 1.465891e-02
16.250000 1.412495e-02
16.500000 1.353787e-02
16.750000 1.290386e-02
17.000000 1.222968e-02
17.250000 1.152275e-02
17.500000 1.079119e-02
17.750000 1.004403e-02
18.000000 9.291385e-03
18.250000 8.544843e-03
18.500000 7.817849e-03
18.750000 7.126271e-03
19.000000 6.488933e-03
19.250000 5.927842e-03
19.500000 5.467420e-03
19.750000 5.131729e-03
20.000000 4.939105e-03
20.250000 4.895648e-03
20.500000 4.991587e-03
20.750000 5.203638e-03
21.000000 5.501795e-03
21.250000 5.856033e-03
21.500000 6.240192e-03
21.750000 6.633150e-03
22.000000 7.018497e-03
22.250000 7.383704e-03
22.500000 7.719273e-03
22.750000 8.018042e-03
23.000000 8.274656e-03
23.250000 8.485188e-03
23.500000 8.646861e-03
23.750000 8.757850e-03
24.000000 8.817137e-03
24.250000 8.824401e-03
24.500000 8.779938e-03
24.750000 8.684596e-03
25.000000 8.539718e-03
25.250000 8.347104e-03
25.500000 8.108972e-03
25.750000 7.827928e-03
26.000000 7.506939e-03
26.250000 7.149319e-03
26.500000 6.758716e-03
26.750000 6.339115e-03
27.000000 5.894858e-03
27.250000 5.430694e-03
27.500000 4.951874e-03
27.750000 4.464329e-03
28.000000 3.974982e-03
28.250000 3.492312e-03
28.500000 3.027334e-03
28.750000 2.595290e-03
29.000000 2.218178e-03
29.250000 1.927051e-03
29.500000 1.758757e-03
29.750000 1.738519e-03
30.000000 1.857674e-03
30.250000 2.077797e-03
30.500000 2.356021e-03
30.750000 2.659836e-03
31.000000 2.967807e-03
31.250000 3.266159e-03
31.500000 3.545838e-03
31.750000 3.800690e-03
32.000000 4.026413e-03
32.250000 4.219956e-03
32.500000 4.379172e-03
32.750000 4.502615e-03
33.000000 4.589406e-03
33.250000 4.639152e-03
33.500000 4.651893e-03
33.750000 4.628059e-03
34.000000 4.568444e-03
34.250000 4.474187e-03
34.500000 4.346755e-03
34.750000 4.187935e-03
35.000000 3.999835e-03
35.250000 3.784892e-03
35.500000 3.545899e-03
35.750000 3.286059e-03
36.000000 3.009086e-03
36.250000 2.719390e-03
36.500000 2.422410e-03
36.750000 2.125228e-03
37.000000 1.837674e-03
37.250000 1.574239e-03
37.500000 1.356698e-03
37.750000 1.214908e-03
38.000000 1.177792e-03
38.250000 1.252314e-03
38.500000 1.415978e-03
38.750000 1.635624e-03
39.000000 1.884197e-03
39.250000 2.143610e-03
39.500000 2.402191e-03
39.750000 2.652157e-03
40.000000 2.888042e-03
40.250000 3.105815e-03
40.500000 3.302388e-03
40.750000 3.475349e-03
41.000000 3.622801e-03
41.250000 3.743272e-03
41.500000 3.835654e-03
41.750000 3.899169e-03
42.000000 3.933344e-03
42.250000 3.937994e-03
42.500000 3.913209e-03
42.750000 3.859345e-03
43.000000 3.777011e-03
43.250000 3.667066e-03
43.500000 3.530614e-03
43.750000 3.368995e-03
44.000000 3.183792e-03
44.250000 2.976838e-03
44.500000 2.750234e-03
44.750000 2.506401e-03
45.000000 2.248167e-03
45.250000 1.978963e-03
45.500000 1.703212e-03
45.750000 1.427196e-03
46.000000 1.161043e-03
46.250000 9.234022e-04
46.500000 7.504655e-04
46.750000 6.969042e-04
47.000000 7.872734e-04
47.250000 9.792762e-04
47.500000 1.220913e-03
47.750000 1.482091e-03
48.000000 1.747511e-03
48.250000 2.008720e-03
48.500000 2.260415e-03
48.750000 2.498877e-03
49.000000 2.721276e-03
49.250000 2.925348e-03
49.500000 3.109238e-03
49.750000 3.271410e-03
50.000000 3.410610e-03
