-50.000000 5.460114e-04
-49.750000 6.005873e-04
-49.500000 6.451900e-04
-49.250000 6.790596e-04
-49.000000 7.018368e-04
-48.750000 7.134875e-04
-48.500000 7.142589e-04
-48.250000 7.046467e-04
-48.000000 6.853678e-04
-47.750000 6.573331e-04
-47.500000 6.216188e-04
-47.250000 5.794361e-04
-47.000000 5.320985e-04
-46.750000 4.809855e-04
-46.500000 4.275049e-04
-46.250000 3.730509e-04
-46.000000 3.189591e-04
-45.750000 2.664559e-04
-45.500000 2.166020e-04
-45.250000 1.702267e-04
-45.000000 1.278530e-04
-44.750000 8.961825e-05
-44.500000 5.520542e-05
-44.250000 2.384949e-05
-44.000000 6.650228e-06
-43.750000 3.564355e-05
-43.500000 6.640488e-05
-43.250000 9.975981e-05
-43.000000 1.364809e-04
-42.750000 1.768362e-04
-42.500000 2.206057e-04
-42.250000 2.671567e-04
-42.000000 3.155309e-04
-41.750000 3.645263e-04
-41.500000 4.127678e-04
-41.250000 4.587690e-04
-41.000000 5.009865e-04
-40.750000 5.378694e-04
-40.500000 5.679049e-04
-40.250000 5.896607e-04
-40.000000 6.018256e-04
-39.750000 6.032459e-04
-39.500000 5.929603e-04
-39.250000 5.702312e-04
-39.000000 5.345747e-04
-38.750000 4.857902e-04
-38.500000 4.239994e-04
-38.250000 3.497185e-04
-38.000000 2.640755e-04
-37.750000 1.698286e-04
-37.500000 8.081411e-05
-37.250000 9.658293e-05
-37.000000 2.069253e-04
-36.750000 3.333223e-04
-36.500000 4.651095e-04
-36.250000 5.985717e-04
-36.000000 7.308970e-04
-35.750000 8.594608e-04
-35.500000 9.817009e-04
-35.250000 1.095112e-03
-35.000000 1.197273e-03
-34.750000 1.285886e-03
-34.500000 1.358821e-03
-34.250000 1.414158e-03
-34.000000 1.450227e-03
-33.750000 1.465650e-03
-33.500000 1.459372e-03
-33.250000 1.430694e-03
-33.000000 1.379294e-03
-32.750000 1.305246e-03
-32.500000 1.209031e-03
-32.250000 1.091540e-03
-32.000000 9.540719e-04
-31.750000 7.983250e-04
-31.500000 6.263811e-04
-31.250000 4.407036e-04
-31.000000 2.442342e-04
-30.750000 4.433791e-05
-30.500000 1.731538e-04
-30.250000 3.836236e-04
-30.000000 5.925545e-04
-29.750000 7.958890e-04
-29.500000 9.899425e-04
-29.250000 1.171145e-03
-29.000000 1.336064e-03
-28.750000 1.481464e-03
-28.500000 1.604360e-03
-28.250000 1.702075e-03
-28.000000 1.772299e-03
-27.750000 1.813136e-03
-27.500000 1.823150e-03
-27.250000 1.801398e-03
-27.000000 1.747471e-03
-26.750000 1.661513e-03
-26.500000 1.544246e-03
-26.250000 1.396997e-03
-26.000000 1.221740e-03
-25.750000 1.021209e-03
-25.500000 7.992446e-04
-25.250000 5.621747e-04
-25.000000 3.268738e-04
-24.750000 1.941371e-04
-24.500000 3.566640e-04
-24.250000 6.201294e-04
-24.000000 8.990731e-04
-23.750000 1.177346e-03
-23.500000 1.447400e-03
-23.250000 1.703583e-03
-23.000000 1.940985e-03
-22.750000 2.155187e-03
-22.500000 2.342237e-03
-22.250000 2.498690e-03
-22.000000 2.621687e-03
-21.750000 2.709032e-03
-21.500000 2.759295e-03
-21.250000 2.771924e-03
-21.000000 2.747380e-03
-20.750000 2.687312e-03
-20.500000 2.594804e-03
-20.250000 2.474710e-03
-20.000000 2.334157e-03
-19.750000 2.183224e-03
-19.500000 2.035735e-03
-19.250000 1.909767e-03
-19.000000 1.826701e-03
-18.750000 1.807171e-03
-18.500000 1.863974e-03
-18.250000 1.996617e-03
-18.000000 2.192611e-03
-17.750000 2.433717e-03
-17.500000 2.701463e-03
-17.250000 2.979634e-03
-17.000000 3.254685e-03
-16.750000 3.515386e-03
-16.500000 3.752354e-03
-16.250000 3.957694e-03
-16.000000 4.124765e-03
-15.750000 4.248041e-03
-15.500000 4.323043e-03
-15.250000 4.346312e-03
-15.000000 4.315404e-03
-14.750000 4.228910e-03
-14.500000 4.086477e-03
-14.250000 3.888857e-03
-14.000000 3.637977e-03
-13.750000 3.337070e-03
-13.500000 2.990937e-03
-13.250000 2.606522e-03
-13.000000 2.194261e-03
-12.750000 1.771562e-03
-12.500000 1.372479e-03
-12.250000 1.072659e-03
-12.000000 1.006912e-03
-11.750000 1.231985e-03
-11.500000 1.634777e-03
-11.250000 2.110046e-03
-11.000000 2.606895e-03
-10.750000 3.099806e-03
-10.500000 3.573178e-03
-10.250000 4.015738e-03
-10.000000 4.418505e-03
-9.750000 4.773989e-03
-9.500000 5.075889e-03
-9.250000 5.318981e-03
-9.000000 5.499105e-03
-8.750000 5.613190e-03
-8.500000 5.659304e-03
-8.250000 5.636710e-03
-8.000000 5.545951e-03
-7.750000 5.388943e-03
-7.500000 5.169118e-03
-7.250000 4.891637e-03
-7.000000 4.563748e-03
-6.750000 4.195374e-03
-6.500000 3.800150e-03
-6.250000 3.397168e-03
-6.000000 3.013714e-03
-5.750000 2.688504e-03
-5.500000 2.471707e-03
-5.250000 2.412586e-03
-5.000000 2.532348e-03
-4.750000 2.808982e-03
-4.500000 3.195354e-03
-4.250000 3.644681e-03
-4.000000 4.120714e-03
-3.750000 4.597246e-03
-3.500000 5.055183e-03
-3.250000 5.480163e-03
-3.000000 5.861054e-03
-2.750000 6.189080e-03
-2.500000 6.457327e-03
-2.250000 6.660455e-03
-2.000000 6.794538e-03
-1.750000 6.856958e-03
-1.500000 6.846343e-03
-1.250000 6.762512e-03
-1.000000 6.606424e-03
-0.750000 6.380135e-03
-0.500000 6.086736e-03
-0.250000 5.730300e-03
0.000000 5.315813e-03
0.250000 4.849122e-03
0.500000 4.336884e-03
0.750000 3.786563e-03
1.000000 3.206536e-03
1.250000 2.606496e-03
1.500000 1.998804e-03
1.750000 1.403501e-03
2.000000 8.723049e-04
2.250000 6.088398e-04
2.500000 8.727368e-04
2.750000 1.363948e-03
3.000000 1.887461e-03
3.250000 2.395820e-03
3.500000 2.871992e-03
3.750000 3.306875e-03
4.000000 3.694515e-03
4.250000 4.030758e-03
4.500000 4.312800e-03
4.750000 4.539009e-03
5.000000 4.708848e-03
5.250000 4.822842e-03
5.500000 4.882547e-03
5.750000 4.890528e-03
6.000000 4.850330e-03
6.250000 4.766449e-03
6.500000 4.644292e-03
6.750000 4.490135e-03
7.000000 4.311061e-03
7.250000 4.114879e-03
7.500000 3.909990e-03
7.750000 3.705178e-03
8.000000 3.509263e-03
8.250000 3.330579e-03
8.500000 3.176256e-03
8.750000 3.051351e-03
9.000000 2.958041e-03
9.250000 2.895141e-03
9.500000 2.858211e-03
9.750000 2.840252e-03
10.000000 2.832778e-03
10.250000 2.826929e-03
10.500000 2.814353e-03
10.750000 2.787772e-03
11.000000 2.741275e-03
11.250000 2.670399e-03
11.500000 2.572106e-03
11.750000 2.444698e-03
12.000000 2.287723e-03
12.250000 2.101889e-03
12.500000 1.889013e-03
12.750000 1.652065e-03
13.000000 1.395406e-03
13.250000 1.125594e-03
13.500000 8.539898e-04
13.750000 6.061126e-04
14.000000 4.524452e-04
14.250000 5.034790e-04
14.500000 7.167301e-04
14.750000 9.864213e-04
15.000000 1.267906e-03
15.250000 1.543821e-03
15.500000 1.805098e-03
15.750000 2.045735e-03
16.000000 2.261226e-03
16.250000 2.448024e-03
16.500000 2.603338e-03
16.750000 2.725052e-03
17.000000 2.811688e-03
17.250000 2.862394e-03
17.500000 2.876922e-03
17.750000 2.855618e-03
18.000000 2.799396e-03
18.250000 2.709707e-03
18.500000 2.588507e-03
18.750000 2.438210e-03
19.000000 2.261643e-03
19.250000 2.061993e-03
19.500000 1.842745e-03
19.750000 1.607630e-03
20.000000 1.360568e-03
20.250000 1.105624e-03
20.500000 8.470130e-04
20.750000 5.892754e-04
21.000000 3.384937e-04
21.250000 1.193570e-04
21.500000 1.843494e-04
21.750000 3.945322e-04
22.000000 5.972786e-04
22.250000 7.823148e-04
22.500000 9.461905e-04
22.750000 1.086749e-03
23.000000 1.202497e-03
23.250000 1.292467e-03
23.500000 1.356181e-03
23.750000 1.393634e-03
24.000000 1.405277e-03
24.250000 1.392018e-03
24.500000 1.355204e-03
24.750000 1.296629e-03
25.000000 1.218547e-03
25.250000 1.123733e-03
25.500000 1.015599e-03
25.750000 8.984723e-04
26.000000 7.781507e-04
26.250000 6.629893e-04
26.500000 5.656635e-04
26.750000 5.041872e-04
27.000000 4.962153e-04
27.250000 5.445947e-04
27.500000 6.344681e-04
27.750000 7.473639e-04
28.000000 8.698800e-04
28.250000 9.936656e-04
28.500000 1.113547e-03
28.750000 1.226211e-03
29.000000 1.329491e-03
29.250000 1.421984e-03
29.500000 1.502843e-03
29.750000 1.571651e-03
30.000000 1.628337e-03
30.250000 1.673107e-03
30.500000 1.706393e-03
30.750000 1.728795e-03
31.000000 1.741036e-03
31.250000 1.743911e-03
31.500000 1.738242e-03
31.750000 1.724840e-03
32.000000 1.704463e-03
32.250000 1.677798e-03
32.500000 1.645434e-03
32.750000 1.607864e-03
33.000000 1.565487e-03
33.250000 1.518629e-03
33.500000 1.467570e-03
33.750000 1.412584e-03
34.000000 1.353985e-03
34.250000 1.292182e-03
34.500000 1.227734e-03
34.750000 1.161410e-03
35.000000 1.094247e-03
35.250000 1.027607e-03
35.500000 9.632194e-04
35.750000 9.031847e-04
36.000000 8.499190e-04
36.250000 8.059727e-04
36.500000 7.736892e-04
36.750000 7.547205e-04
37.000000 7.495428e-04
37.250000 7.572019e-04
37.500000 7.754428e-04
37.750000 8.011518e-04
38.000000 8.308839e-04
38.250000 8.612788e-04
38.500000 8.893040e-04
38.750000 9.123567e-04
39.000000 9.282832e-04
39.250000 9.353605e-04
39.500000 9.322671e-04
39.750000 9.180536e-04
40.000000 8.921183e-04
40.250000 8.541868e-04
40.500000 8.042975e-04
40.750000 7.427903e-04
41.000000 6.703050e-04
41.250000 5.877949e-04
41.500000 4.965854e-04
41.750000 3.985594e-04
42.000000 2.967999e-04
42.250000 1.983184e-04
42.500000 1.281318e-04
42.750000 1.475221e-04
43.000000 2.369594e-04
43.250000 3.444599e-04
43.500000 4.545961e-04
43.750000 5.621338e-04
44.000000 6.642044e-04
44.250000 7.587312e-04
44.500000 8.440278e-04
44.750000 9.186775e-04
45.000000 9.814990e-04
45.250000 1.031540e-03
45.500000 1.068080e-03
45.750000 1.090642e-03
46.000000 1.098993e-03
46.250000 1.093158e-03
46.500000 1.073421e-03
46.750000 1.040334e-03
47.000000 9.947275e-04
47.250000 9.377257e-04
47.500000 8.707801e-04
47.750000 7.957309e-04
48.000000 7.149246e-04
48.250000 6.314356e-04
48.500000 5.494653e-04
48.750000 4.749820e-04
49.000000 4.163732e-04
49.250000 3.837445e-04
49.500000 3.844215e-04
49.750000 4.169594e-04
50.000000 4.721853e-04
