-50.000000 4.997325e-04
-49.750000 5.349286e-04
-49.500000 5.626776e-04
-49.250000 5.801504e-04
-49.000000 5.857680e-04
-48.750000 5.790240e-04
-48.500000 5.603441e-04
-48.250000 5.309701e-04
-48.000000 4.928592e-04
-47.750000 4.485905e-04
-47.500000 4.012716e-04
-47.250000 3.544173e-04
-47.000000 3.117216e-04
-46.750000 2.765628e-04
-46.500000 2.510910e-04
-46.250000 2.351602e-04
-46.000000 2.260247e-04
-45.750000 2.193832e-04
-45.500000 2.109739e-04
-45.250000 1.976538e-04
-45.000000 1.778610e-04
-44.750000 1.520315e-04
-44.500000 1.239467e-04
-44.250000 1.045650e-04
-44.000000 1.126614e-04
-43.750000 1.529037e-04
-43.500000 2.125228e-04
-43.250000 2.815330e-04
-43.000000 3.544223e-04
-42.750000 4.275038e-04
-42.500000 4.977936e-04
-42.250000 5.626467e-04
-42.000000 6.196548e-04
-41.750000 6.666413e-04
-41.500000 7.016942e-04
-41.250000 7.232176e-04
-41.000000 7.299892e-04
-40.750000 7.212210e-04
-40.500000 6.966158e-04
-40.250000 6.564179e-04
-40.000000 6.014558e-04
-39.750000 5.331778e-04
-39.500000 4.536949e-04
-39.250000 3.658761e-04
-39.000000 2.736752e-04
-38.750000 1.835287e-04
-38.500000 1.116879e-04
-38.250000 1.033344e-04
-38.000000 1.578619e-04
-37.750000 2.226534e-04
-37.500000 2.787489e-04
-37.250000 3.198128e-04
-37.000000 3.428623e-04
-36.750000 3.467773e-04
-36.500000 3.323893e-04
-36.250000 3.034198e-04
-36.000000 2.687772e-04
-35.750000 2.463956e-04
-35.500000 2.609343e-04
-35.250000 3.225192e-04
-35.000000 4.186320e-04
-34.750000 5.328905e-04
-34.500000 6.532496e-04
-34.250000 7.708770e-04
-34.000000 8.787020e-04
-33.750000 9.708072e-04
-33.500000 1.042275e-03
-33.250000 1.089222e-03
-33.000000 1.108899e-03
-32.750000 1.099799e-03
-32.500000 1.061729e-03
-32.250000 9.958622e-04
-32.000000 9.047200e-04
-31.750000 7.921234e-04
-31.500000 6.631030e-04
-31.250000 5.238247e-04
-31.000000 3.816964e-04
-30.750000 2.464455e-04
-30.500000 1.372076e-04
-30.250000 1.102512e-04
-30.000000 1.671683e-04
-29.750000 2.273146e-04
-29.500000 2.660707e-04
-29.250000 2.797493e-04
-29.000000 2.739788e-04
-28.750000 2.668896e-04
-28.500000 2.912966e-04
-28.250000 3.730883e-04
-28.000000 5.080949e-04
-27.750000 6.788914e-04
-27.500000 8.697280e-04
-27.250000 1.067455e-03
-27.000000 1.260252e-03
-26.750000 1.437092e-03
-26.500000 1.587741e-03
-26.250000 1.703049e-03
-26.000000 1.775359e-03
-25.750000 1.799025e-03
-25.500000 1.771029e-03
-25.250000 1.691827e-03
-25.000000 1.566670e-03
-24.750000 1.408018e-03
-24.500000 1.240123e-03
-24.250000 1.105931e-03
-24.000000 1.066528e-03
-23.750000 1.167198e-03
-23.500000 1.395235e-03
-23.250000 1.701918e-03
-23.000000 2.041966e-03
-22.750000 2.382573e-03
-22.500000 2.699895e-03
-22.250000 2.975801e-03
-22.000000 3.196356e-03
-21.750000 3.351324e-03
-21.500000 3.434194e-03
-21.250000 3.442453e-03
-21.000000 3.378022e-03
-20.750000 3.247861e-03
-20.500000 3.064793e-03
-20.250000 2.848628e-03
-20.000000 2.627354e-03
-19.750000 2.437250e-03
-19.500000 2.318662e-03
-19.250000 2.303677e-03
-19.000000 2.399935e-03
-18.750000 2.586098e-03
-18.500000 2.824218e-03
-18.250000 3.074948e-03
-18.000000 3.305247e-03
-17.750000 3.489963e-03
-17.500000 3.611174e-03
-17.250000 3.657248e-03
-17.000000 3.622110e-03
-16.750000 3.504724e-03
-16.500000 3.308702e-03
-16.250000 3.041987e-03
-16.000000 2.716588e-03
-15.750000 2.348464e-03
-15.500000 1.957782e-03
-15.250000 1.570120e-03
-15.000000 1.219657e-03
-14.750000 9.541435e-04
-14.500000 8.267395e-04
-14.250000 8.424302e-04
-14.000000 9.310088e-04
-13.750000 1.016830e-03
-13.500000 1.057399e-03
-13.250000 1.037177e-03
-13.000000 9.625772e-04
-12.750000 8.694718e-04
-12.500000 8.401862e-04
-12.250000 9.769913e-04
-12.000000 1.299175e-03
-11.750000 1.751457e-03
-11.500000 2.280282e-03
-11.250000 2.847631e-03
-11.000000 3.424105e-03
-10.750000 3.984656e-03
-10.500000 4.507131e-03
-10.250000 4.972098e-03
-10.000000 5.363186e-03
-9.750000 5.667617e-03
-9.500000 5.876804e-03
-9.250000 5.986940e-03
-9.000000 5.999564e-03
-8.750000 5.922093e-03
-8.500000 5.768304e-03
-8.250000 5.558695e-03
-8.000000 5.320486e-03
-7.750000 5.086719e-03
-7.500000 4.893503e-03
-7.250000 4.774404e-03
-7.000000 4.752416e-03
-6.750000 4.832758e-03
-6.500000 5.001172e-03
-6.250000 5.229007e-03
-6.000000 5.481466e-03
-5.750000 5.724602e-03
-5.500000 5.929374e-03
-5.250000 6.073295e-03
-5.000000 6.140768e-03
-4.750000 6.122870e-03
-4.500000 6.016942e-03
-4.250000 5.826140e-03
-4.000000 5.558994e-03
-3.750000 5.228970e-03
-3.500000 4.854029e-03
-3.250000 4.456111e-03
-3.000000 4.060362e-03
-2.750000 3.693688e-03
-2.500000 3.381926e-03
-2.250000 3.145046e-03
-2.000000 2.991188e-03
-1.750000 2.912868e-03
-1.500000 2.889002e-03
-1.250000 2.892195e-03
-1.000000 2.896737e-03
-0.750000 2.883787e-03
-0.500000 2.843527e-03
-0.250000 2.775579e-03
0.000000 2.688741e-03
0.250000 2.600216e-03
0.500000 2.533600e-03
0.750000 2.514329e-03
1.000000 2.562193e-03
1.250000 2.683872e-03
1.500000 2.870647e-03
1.750000 3.102717e-03
2.000000 3.356060e-03
2.250000 3.607676e-03
2.500000 3.838266e-03
2.750000 4.033232e-03
3.000000 4.182925e-03
3.250000 4.282669e-03
3.500000 4.332715e-03
3.750000 4.338162e-03
4.000000 4.308747e-03
4.250000 4.258361e-03
4.500000 4.204054e-03
4.750000 4.164238e-03
5.000000 4.156009e-03
5.250000 4.191923e-03
5.500000 4.277235e-03
5.750000 4.408750e-03
6.000000 4.575807e-03
6.250000 4.762775e-03
6.500000 4.951928e-03
6.750000 5.125815e-03
7.000000 5.268834e-03
7.250000 5.368095e-03
7.500000 5.413806e-03
7.750000 5.399354e-03
8.000000 5.321236e-03
8.250000 5.178876e-03
8.500000 4.974388e-03
8.750000 4.712308e-03
9.000000 4.399294e-03
9.250000 4.043841e-03
9.500000 3.656013e-03
9.750000 3.247260e-03
10.000000 2.830365e-03
10.250000 2.419672e-03
10.500000 2.031740e-03
10.750000 1.686578e-03
11.000000 1.408850e-03
11.250000 1.225575e-03
11.500000 1.153428e-03
11.750000 1.180894e-03
12.000000 1.271949e-03
12.250000 1.389326e-03
12.500000 1.507748e-03
12.750000 1.613695e-03
13.000000 1.701665e-03
13.250000 1.771197e-03
13.500000 1.824951e-03
13.750000 1.867427e-03
14.000000 1.903966e-03
14.250000 1.939878e-03
14.500000 1.979675e-03
14.750000 2.026461e-03
15.000000 2.081586e-03
15.250000 2.144625e-03
15.500000 2.213638e-03
15.750000 2.285617e-03
16.000000 2.356975e-03
16.250000 2.423977e-03
16.500000 2.483069e-03
16.750000 2.531095e-03
17.000000 2.565422e-03
17.250000 2.584006e-03
17.500000 2.585418e-03
17.750000 2.568855e-03
18.000000 2.534142e-03
18.250000 2.481738e-03
18.500000 2.412746e-03
18.750000 2.328918e-03
19.000000 2.232667e-03
19.250000 2.127059e-03
19.500000 2.015777e-03
19.750000 1.903037e-03
20.000000 1.793420e-03
20.250000 1.691574e-03
20.500000 1.601765e-03
20.750000 1.527282e-03
21.000000 1.469818e-03
21.250000 1.429025e-03
21.500000 1.402466e-03
21.750000 1.386043e-03
22.000000 1.374746e-03
22.250000 1.363464e-03
22.500000 1.347632e-03
22.750000 1.323633e-03
23.000000 1.288983e-03
23.250000 1.242357e-03
23.500000 1.183510e-03
23.750000 1.113156e-03
24.000000 1.032803e-03
24.250000 9.445804e-04
24.500000 8.510602e-04
24.750000 7.550778e-04
25.000000 6.595725e-04
25.250000 5.674602e-04
25.500000 4.815677e-04
25.750000 4.046646e-04
26.000000 3.396193e-04
26.250000 2.895951e-04
26.500000 2.578639e-04
26.750000 2.465151e-04
27.000000 2.545207e-04
27.250000 2.776596e-04
27.500000 3.106564e-04
27.750000 3.488441e-04
28.000000 3.884127e-04
28.250000 4.261062e-04
28.500000 4.589730e-04
28.750000 4.842893e-04
29.000000 4.996044e-04
29.250000 5.028477e-04
29.500000 4.924601e-04
29.750000 4.675296e-04
30.000000 4.279368e-04
30.250000 3.745508e-04
30.500000 3.096230e-04
30.750000 2.379421e-04
31.000000 1.710390e-04
31.250000 1.391916e-04
31.500000 1.744683e-04
31.750000 2.510547e-04
32.000000 3.383706e-04
32.250000 4.232244e-04
32.500000 4.987755e-04
32.750000 5.603934e-04
33.000000 6.046162e-04
33.250000 6.289036e-04
33.500000 6.316053e-04
33.750000 6.119814e-04
34.000000 5.702224e-04
34.250000 5.074518e-04
34.500000 4.257123e-04
34.750000 3.279690e-04
35.000000 2.183331e-04
35.250000 1.045481e-04
35.500000 5.891899e-05
35.750000 1.647825e-04
36.000000 2.814325e-04
36.250000 3.905933e-04
36.500000 4.867142e-04
36.750000 5.657761e-04
37.000000 6.246518e-04
37.250000 6.610943e-04
37.500000 6.738047e-04
37.750000 6.625012e-04
38.000000 6.279812e-04
38.250000 5.721998e-04
38.500000 4.984387e-04
38.750000 4.117886e-04
39.000000 3.206600e-04
39.250000 2.414629e-04
39.500000 2.066167e-04
39.750000 2.413731e-04
40.000000 3.203385e-04
40.250000 4.112379e-04
40.500000 4.979507e-04
40.750000 5.724515e-04
41.000000 6.301213e-04
41.250000 6.682299e-04
41.500000 6.854539e-04
41.750000 6.817220e-04
42.000000 6.581799e-04
42.250000 6.172243e-04
42.500000 5.626227e-04
42.750000 4.997855e-04
43.000000 4.362576e-04
43.250000 3.822251e-04
43.500000 3.496088e-04
43.750000 3.468963e-04
44.000000 3.721267e-04
44.250000 4.142464e-04
44.500000 4.609679e-04
44.750000 5.030047e-04
45.000000 5.342494e-04
45.250000 5.509660e-04
45.500000 5.511475e-04
45.750000 5.341222e-04
46.000000 5.003091e-04
46.250000 4.510460e-04
46.500000 3.884587e-04
46.750000 3.153810e-04
47.000000 2.354330e-04
47.250000 1.538575e-04
47.500000 8.383229e-05
47.750000 7.747904e-05
48.000000 1.374287e-04
48.250000 2.054206e-04
48.500000 2.671667e-04
48.750000 3.187542e-04
49.000000 3.585754e-04
49.250000 3.862130e-04
49.500000 4.022319e-04
49.750000 4.081443e-04
50.000000 4.063976e-04
