-50.000000 1.974129e-03
-49.750000 1.979370e-03
-49.500000 1.982609e-03
-49.250000 1.983930e-03
-49.000000 1.983428e-03
-48.750000 1.981209e-03
-48.500000 1.977384e-03
-48.250000 1.972078e-03
-48.000000 1.965423e-03
-47.750000 1.957560e-03
-47.500000 1.948639e-03
-47.250000 1.938822e-03
-47.000000 1.928275e-03
-46.750000 1.917177e-03
-46.500000 1.905711e-03
-46.250000 1.894069e-03
-46.000000 1.882448e-03
-45.750000 1.871050e-03
-45.500000 1.860081e-03
-45.250000 1.849747e-03
-45.000000 1.840255e-03
-44.750000 1.831808e-03
-44.500000 1.824605e-03
-44.250000 1.818837e-03
-44.000000 1.814683e-03
-43.750000 1.812311e-03
-43.500000 1.811870e-03
-43.250000 1.813492e-03
-43.000000 1.817287e-03
-42.750000 1.823340e-03
-42.500000 1.831715e-03
-42.250000 1.842447e-03
-42.000000 1.855546e-03
-41.750000 1.870996e-03
-41.500000 1.888757e-03
-41.250000 1.908765e-03
-41.000000 1.930932e-03
-40.750000 1.955155e-03
-40.500000 1.981311e-03
-40.250000 2.009264e-03
-40.000000 2.038864e-03
-39.750000 2.069954e-03
-39.500000 2.102370e-03
-39.250000 2.135943e-03
-39.000000 2.170502e-03
-38.750000 2.205875e-03
-38.500000 2.241892e-03
-38.250000 2.278386e-03
-38.000000 2.315191e-03
-37.750000 2.352151e-03
-37.500000 2.389110e-03
-37.250000 2.425923e-03
-37.000000 2.462450e-03
-36.750000 2.498560e-03
-36.500000 2.534127e-03
-36.250000 2.569038e-03
-36.000000 2.603184e-03
-35.750000 2.636468e-03
-35.500000 2.668800e-03
-35.250000 2.700101e-03
-35.000000 2.730299e-03
-34.750000 2.759335e-03
-34.500000 2.787157e-03
-34.250000 2.813723e-03
-34.000000 2.839001e-03
-33.750000 2.862969e-03
-33.500000 2.885617e-03
-33.250000 2.906943e-03
-33.000000 2.926955e-03
-32.750000 2.945674e-03
-32.500000 2.963129e-03
-32.250000 2.979362e-03
-32.000000 2.994423e-03
-31.750000 3.008374e-03
-31.500000 3.021290e-03
-31.250000 3.033252e-03
-31.000000 3.044356e-03
-30.750000 3.054707e-03
-30.500000 3.064418e-03
-30.250000 3.073616e-03
-30.000000 3.082435e-03
-29.750000 3.091018e-03
-29.500000 3.099518e-03
-29.250000 3.108094e-03
-29.000000 3.116916e-03
-28.750000 3.126154e-03
-28.500000 3.135989e-03
-28.250000 3.146600e-03
-28.000000 3.158173e-03
-27.750000 3.170893e-03
-27.500000 3.184942e-03
-27.250000 3.200503e-03
-27.000000 3.217751e-03
-26.750000 3.236858e-03
-26.500000 3.257985e-03
-26.250000 3.281285e-03
-26.000000 3.306898e-03
-25.750000 3.334950e-03
-25.500000 3.365554e-03
-25.250000 3.398805e-03
-25.000000 3.434784e-03
-24.750000 3.473550e-03
-24.500000 3.515146e-03
-24.250000 3.559596e-03
-24.000000 3.606905e-03
-23.750000 3.657061e-03
-23.500000 3.710033e-03
-23.250000 3.765773e-03
-23.000000 3.824217e-03
-22.750000 3.885288e-03
-22.500000 3.948891e-03
-22.250000 4.014923e-03
-22.000000 4.083265e-03
-21.750000 4.153793e-03
-21.500000 4.226371e-03
-21.250000 4.300855e-03
-21.000000 4.377097e-03
-20.750000 4.454942e-03
-20.500000 4.534233e-03
-20.250000 4.614807e-03
-20.000000 4.696501e-03
-19.750000 4.779149e-03
-19.500000 4.862586e-03
-19.250000 4.946646e-03
-19.000000 5.031163e-03
-18.750000 5.115974e-03
-18.500000 5.200916e-03
-18.250000 5.285829e-03
-18.000000 5.370554e-03
-17.750000 5.454936e-03
-17.500000 5.538823e-03
-17.250000 5.622066e-03
-17.000000 5.704519e-03
-16.750000 5.786040e-03
-16.500000 5.866491e-03
-16.250000 5.945738e-03
-16.000000 6.023651e-03
-15.750000 6.100104e-03
-15.500000 6.174975e-03
-15.250000 6.248148e-03
-15.000000 6.319509e-03
-14.750000 6.388951e-03
-14.500000 6.456370e-03
-14.250000 6.521666e-03
-14.000000 6.584747e-03
-13.750000 6.645521e-03
-13.500000 6.703905e-03
-13.250000 6.759817e-03
-13.000000 6.813184e-03
-12.750000 6.863933e-03
-12.500000 6.912000e-03
-12.250000 6.957322e-03
-12.000000 6.999844e-03
-11.750000 7.039514e-03
-11.500000 7.076286e-03
-11.250000 7.110115e-03
-11.000000 7.140966e-03
-10.750000 7.168805e-03
-10.500000 7.193603e-03
-10.250000 7.215337e-03
-10.000000 7.233988e-03
-9.750000 7.249539e-03
-9.500000 7.261982e-03
-9.250000 7.271308e-03
-9.000000 7.277517e-03
-8.750000 7.280611e-03
-8.500000 7.280595e-03
-8.250000 7.277480e-03
-8.000000 7.271280e-03
-7.750000 7.262013e-03
-7.500000 7.249702e-03
-7.250000 7.234370e-03
-7.000000 7.216048e-03
-6.750000 7.194767e-03
-6.500000 7.170563e-03
-6.250000 7.143476e-03
-6.000000 7.113548e-03
-5.750000 7.080823e-03
-5.500000 7.045350e-03
-5.250000 7.007178e-03
-5.000000 6.966363e-03
-4.750000 6.922959e-03
-4.500000 6.877025e-03
-4.250000 6.828621e-03
-4.000000 6.777810e-03
-3.750000 6.724656e-03
-3.500000 6.669227e-03
-3.250000 6.611589e-03
-3.000000 6.551814e-03
-2.750000 6.489971e-03
-2.500000 6.426135e-03
-2.250000 6.360377e-03
-2.000000 6.292774e-03
-1.750000 6.223401e-03
-1.500000 6.152335e-03
-1.250000 6.079651e-03
-1.000000 6.005430e-03
-0.750000 5.929747e-03
-0.500000 5.852683e-03
-0.250000 5.774314e-03
0.000000 5.694721e-03
0.250000 5.613982e-03
0.500000 5.532175e-03
0.750000 5.449377e-03
1.000000 5.365669e-03
1.250000 5.281125e-03
1.500000 5.195824e-03
1.750000 5.109841e-03
2.000000 5.023252e-03
2.250000 4.936131e-03
2.500000 4.848552e-03
2.750000 4.760588e-03
3.000000 4.672312e-03
3.250000 4.583792e-03
3.500000 4.495100e-03
3.750000 4.406304e-03
4.000000 4.317471e-03
4.250000 4.228668e-03
4.500000 4.139959e-03
4.750000 4.051408e-03
5.000000 3.963078e-03
5.250000 3.875031e-03
5.500000 3.787325e-03
5.750000 3.700021e-03
6.000000 3.613176e-03
6.250000 3.526847e-03
6.500000 3.441089e-03
6.750000 3.355957e-03
7.000000 3.271504e-03
7.250000 3.187784e-03
7.500000 3.104848e-03
7.750000 3.022747e-03
8.000000 2.941532e-03
8.250000 2.861252e-03
8.500000 2.781958e-03
8.750000 2.703697e-03
9.000000 2.626519e-03
9.250000 2.550473e-03
9.500000 2.475607e-03
9.750000 2.401970e-03
10.000000 2.329612e-03
10.250000 2.258582e-03
10.500000 2.188929e-03
10.750000 2.120705e-03
11.000000 2.053961e-03
11.250000 1.988750e-03
11.500000 1.925123e-03
11.750000 1.863137e-03
12.000000 1.802845e-03
12.250000 1.744303e-03
12.500000 1.687569e-03
12.750000 1.632700e-03
13.000000 1.579754e-03
13.250000 1.528788e-03
13.500000 1.479860e-03
13.750000 1.433026e-03
14.000000 1.388341e-03
14.250000 1.345857e-03
14.500000 1.305621e-03
14.750000 1.267678e-03
15.000000 1.232063e-03
15.250000 1.198805e-03
15.500000 1.167925e-03
15.750000 1.139432e-03
16.000000 1.113321e-03
16.250000 1.089577e-03
16.500000 1.068168e-03
16.750000 1.049048e-03
17.000000 1.032156e-03
17.250000 1.017415e-03
17.500000 1.004733e-03
17.750000 9.940056e-04
18.000000 9.851171e-04
18.250000 9.779409e-04
18.500000 9.723430e-04
18.750000 9.681840e-04
19.000000 9.653213e-04
19.250000 9.636113e-04
19.500000 9.629117e-04
19.750000 9.630833e-04
20.000000 9.639915e-04
20.250000 9.655077e-04
20.500000 9.675108e-04
20.750000 9.698874e-04
21.000000 9.725331e-04
21.250000 9.753524e-04
21.500000 9.782592e-04
21.750000 9.811770e-04
22.000000 9.840388e-04
22.250000 9.867869e-04
22.500000 9.893732e-04
22.750000 9.917586e-04
23.000000 9.939130e-04
23.250000 9.958151e-04
23.500000 9.974522e-04
23.750000 9.988197e-04
24.000000 9.999213e-04
24.250000 1.000769e-03
24.500000 1.001381e-03
24.750000 1.001784e-03
25.000000 1.002012e-03
25.250000 1.002105e-03
25.500000 1.002111e-03
25.750000 1.002082e-03
26.000000 1.002077e-03
26.250000 1.002160e-03
26.500000 1.002399e-03
26.750000 1.002868e-03
27.000000 1.003642e-03
27.250000 1.004799e-03
27.500000 1.006419e-03
27.750000 1.008584e-03
28.000000 1.011373e-03
28.250000 1.014864e-03
28.500000 1.019134e-03
28.750000 1.024254e-03
29.000000 1.030291e-03
29.250000 1.037305e-03
29.500000 1.045351e-03
29.750000 1.054473e-03
30.000000 1.064707e-03
30.250000 1.076081e-03
30.500000 1.088611e-03
30.750000 1.102304e-03
31.000000 1.117158e-03
31.250000 1.133159e-03
31.500000 1.150286e-03
31.750000 1.168505e-03
32.000000 1.187778e-03
32.250000 1.208057e-03
32.500000 1.229288e-03
32.750000 1.251408e-03
33.000000 1.274353e-03
33.250000 1.298052e-03
33.500000 1.322431e-03
33.750000 1.347411e-03
34.000000 1.372914e-03
34.250000 1.398857e-03
34.500000 1.425159e-03
34.750000 1.451735e-03
35.000000 1.478502e-03
35.250000 1.505376e-03
35.500000 1.532276e-03
35.750000 1.559117e-03
36.000000 1.585821e-03
36.250000 1.612306e-03
36.500000 1.638494e-03
36.750000 1.664310e-03
37.000000 1.689678e-03
37.250000 1.714526e-03
37.500000 1.738783e-03
37.750000 1.762380e-03
38.000000 1.785251e-03
38.250000 1.807333e-03
38.500000 1.828563e-03
38.750000 1.848883e-03
39.000000 1.868237e-03
39.250000 1.886569e-03
39.500000 1.903829e-03
39.750000 1.919968e-03
40.000000 1.934941e-03
40.250000 1.948703e-03
40.500000 1.961215e-03
40.750000 1.972438e-03
41.000000 1.982338e-03
41.250000 1.990883e-03
41.500000 1.998043e-03
41.750000 2.003793e-03
42.000000 2.008109e-03
42.250000 2.010971e-03
42.500000 2.012362e-03
42.750000 2.012266e-03
43.000000 2.010673e-03
43.250000 2.007574e-03
43.500000 2.002964e-03
43.750000 1.996839e-03
44.000000 1.989201e-03
44.250000 1.980053e-03
44.500000 1.969401e-03
44.750000 1.957255e-03
45.000000 1.943627e-03
45.250000 1.928531e-03
45.500000 1.911987e-03
45.750000 1.894015e-03
46.000000 1.874640e-03
46.250000 1.853887e-03
46.500000 1.831786e-03
46.750000 1.808370e-03
47.000000 1.783673e-03
47.250000 1.757734e-03
47.500000 1.730593e-03
47.750000 1.702293e-03
48.000000 1.672880e-03
48.250000 1.642403e-03
48.500000 1.610912e-03
48.750000 1.578461e-03
49.000000 1.545107e-03
49.250000 1.510908e-03
49.500000 1.475925e-03
49.750000 1.440224e-03
50.000000 1.403870e-03
