-50.000000 9.527456e-04
-49.750000 8.668095e-04
-49.500000 7.685883e-04
-49.250000 6.643890e-04
-49.000000 5.647962e-04
-48.750000 4.876177e-04
-48.500000 4.577574e-04
-48.250000 4.925122e-04
-48.000000 5.837651e-04
-47.750000 7.094438e-04
-47.500000 8.510967e-04
-47.250000 9.967451e-04
-47.000000 1.138524e-03
-46.750000 1.270829e-03
-46.500000 1.389373e-03
-46.250000 1.490751e-03
-46.000000 1.572241e-03
-45.750000 1.631725e-03
-45.500000 1.667663e-03
-45.250000 1.679097e-03
-45.000000 1.665667e-03
-44.750000 1.627644e-03
-44.500000 1.565978e-03
-44.250000 1.482378e-03
-44.000000 1.379436e-03
-43.750000 1.260871e-03
-43.500000 1.131943e-03
-43.250000 1.000212e-03
-43.000000 8.767654e-04
-42.750000 7.775556e-04
-42.500000 7.224912e-04
-42.250000 7.275453e-04
-42.000000 7.929403e-04
-41.750000 9.033222e-04
-41.500000 1.039456e-03
-41.250000 1.185760e-03
-41.000000 1.331155e-03
-40.750000 1.467824e-03
-40.500000 1.590083e-03
-40.250000 1.693695e-03
-40.000000 1.775489e-03
-39.750000 1.833172e-03
-39.500000 1.865228e-03
-39.250000 1.870873e-03
-39.000000 1.850047e-03
-38.750000 1.803422e-03
-38.500000 1.732430e-03
-38.250000 1.639323e-03
-38.000000 1.527284e-03
-37.750000 1.400604e-03
-37.500000 1.265017e-03
-37.250000 1.128217e-03
-37.000000 1.000589e-03
-36.750000 8.957278e-04
-36.500000 8.292416e-04
-36.250000 8.134690e-04
-36.000000 8.497839e-04
-35.750000 9.270741e-04
-35.500000 1.028663e-03
-35.250000 1.139115e-03
-35.000000 1.246504e-03
-34.750000 1.342099e-03
-34.500000 1.419515e-03
-34.250000 1.474064e-03
-34.000000 1.502332e-03
-33.750000 1.501944e-03
-33.500000 1.471422e-03
-33.250000 1.410113e-03
-33.000000 1.318144e-03
-32.750000 1.196407e-03
-32.500000 1.046592e-03
-32.250000 8.713122e-04
-32.000000 6.745807e-04
-31.750000 4.638654e-04
-31.500000 2.631532e-04
-31.250000 2.053512e-04
-31.000000 3.896509e-04
-30.750000 6.383255e-04
-30.500000 8.991767e-04
-30.250000 1.159414e-03
-30.000000 1.412067e-03
-29.750000 1.651662e-03
-29.500000 1.873391e-03
-29.250000 2.072922e-03
-29.000000 2.246388e-03
-28.750000 2.390424e-03
-28.500000 2.502222e-03
-28.250000 2.579591e-03
-28.000000 2.621018e-03
-27.750000 2.625719e-03
-27.500000 2.593705e-03
-27.250000 2.525832e-03
-27.000000 2.423889e-03
-26.750000 2.290696e-03
-26.500000 2.130284e-03
-26.250000 1.948189e-03
-26.000000 1.751974e-03
-25.750000 1.552146e-03
-25.500000 1.363587e-03
-25.250000 1.207156e-03
-25.000000 1.108941e-03
-24.750000 1.091753e-03
-24.500000 1.160029e-03
-24.250000 1.296057e-03
-24.000000 1.473361e-03
-23.750000 1.668829e-03
-23.500000 1.865726e-03
-23.250000 2.052523e-03
-23.000000 2.221335e-03
-22.750000 2.366883e-03
-22.500000 2.485933e-03
-22.250000 2.577032e-03
-22.000000 2.640425e-03
-21.750000 2.678064e-03
-21.500000 2.693667e-03
-21.250000 2.692762e-03
-21.000000 2.682640e-03
-20.750000 2.672123e-03
-20.500000 2.670988e-03
-20.250000 2.688973e-03
-20.000000 2.734390e-03
-19.750000 2.812674e-03
-19.500000 2.925348e-03
-19.250000 3.069817e-03
-19.000000 3.239983e-03
-18.750000 3.427347e-03
-18.500000 3.622147e-03
-18.250000 3.814278e-03
-18.000000 3.993912e-03
-17.750000 4.151901e-03
-17.500000 4.280002e-03
-17.250000 4.371044e-03
-17.000000 4.419040e-03
-16.750000 4.419308e-03
-16.500000 4.368600e-03
-16.250000 4.265276e-03
-16.000000 4.109534e-03
-15.750000 3.903776e-03
-15.500000 3.653173e-03
-15.250000 3.366613e-03
-15.000000 3.058311e-03
-14.750000 2.750399e-03
-14.500000 2.476455e-03
-14.250000 2.283430e-03
-14.000000 2.223815e-03
-13.750000 2.330958e-03
-13.500000 2.597040e-03
-13.250000 2.982900e-03
-13.000000 3.443546e-03
-12.750000 3.941535e-03
-12.500000 4.448261e-03
-12.250000 4.941606e-03
-12.000000 5.403738e-03
-11.750000 5.819706e-03
-11.500000 6.176656e-03
-11.250000 6.463427e-03
-11.000000 6.670371e-03
-10.750000 6.789298e-03
-10.500000 6.813492e-03
-10.250000 6.737761e-03
-10.000000 6.558521e-03
-9.750000 6.273887e-03
-9.500000 5.883807e-03
-9.250000 5.390258e-03
-9.000000 4.797613e-03
-8.750000 4.113465e-03
-8.500000 3.350806e-03
-8.250000 2.535056e-03
-8.000000 1.732977e-03
-7.750000 1.190239e-03
-7.500000 1.438719e-03
-7.250000 2.298729e-03
-7.000000 3.357917e-03
-6.750000 4.487397e-03
-6.500000 5.641202e-03
-6.250000 6.793191e-03
-6.000000 7.923389e-03
-5.750000 9.014346e-03
-5.500000 1.005002e-02
-5.250000 1.101548e-02
-5.000000 1.189685e-02
-4.750000 1.268144e-02
-4.500000 1.335789e-02
-4.250000 1.391634e-02
-4.000000 1.434859e-02
-3.750000 1.464830e-02
-3.500000 1.481121e-02
-3.250000 1.483523e-02
-3.000000 1.472076e-02
-2.750000 1.447080e-02
-2.500000 1.409131e-02
-2.250000 1.359153e-02
-2.000000 1.298446e-02
-1.750000 1.228758e-02
-1.500000 1.152381e-02
-1.250000 1.072298e-02
-1.000000 9.923533e-03
-0.750000 9.174427e-03
-0.500000 8.535585e-03
-0.250000 8.074129e-03
0.000000 7.852525e-03
0.250000 7.909294e-03
0.500000 8.243246e-03
0.750000 8.814748e-03
1.000000 9.562570e-03
1.250000 1.042208e-02
1.500000 1.133563e-02
1.750000 1.225552e-02
2.000000 1.314346e-02
2.250000 1.396885e-02
2.500000 1.470726e-02
2.750000 1.533920e-02
3.000000 1.584933e-02
3.250000 1.622585e-02
3.500000 1.646015e-02
3.750000 1.654651e-02
4.000000 1.648193e-02
4.250000 1.626598e-02
4.500000 1.590062e-02
4.750000 1.539010e-02
5.000000 1.474080e-02
5.250000 1.396107e-02
5.500000 1.306110e-02
5.750000 1.205269e-02
6.000000 1.094912e-02
6.250000 9.764923e-03
6.500000 8.515713e-03
6.750000 7.218042e-03
7.000000 5.889353e-03
7.250000 4.548277e-03
7.500000 3.216210e-03
7.750000 1.925976e-03
8.000000 8.114637e-04
8.250000 9.505086e-04
8.500000 2.003921e-03
8.750000 3.074823e-03
9.000000 4.074432e-03
9.250000 4.979366e-03
9.500000 5.776490e-03
9.750000 6.456551e-03
10.000000 7.012829e-03
10.250000 7.440761e-03
10.500000 7.737810e-03
10.750000 7.903411e-03
11.000000 7.938922e-03
11.250000 7.847576e-03
11.500000 7.634424e-03
11.750000 7.306270e-03
12.000000 6.871609e-03
12.250000 6.340599e-03
12.500000 5.725103e-03
12.750000 5.038913e-03
13.000000 4.298417e-03
13.250000 3.524435e-03
13.500000 2.747472e-03
13.750000 2.024229e-03
14.000000 1.488469e-03
14.250000 1.397045e-03
14.500000 1.804932e-03
14.750000 2.448382e-03
15.000000 3.153389e-03
15.250000 3.850198e-03
15.500000 4.506550e-03
15.750000 5.103820e-03
16.000000 5.629550e-03
16.250000 6.074830e-03
16.500000 6.433274e-03
16.750000 6.700570e-03
17.000000 6.874254e-03
17.250000 6.953590e-03
17.500000 6.939471e-03
17.750000 6.834343e-03
18.000000 6.642124e-03
18.250000 6.368124e-03
18.500000 6.018967e-03
18.750000 5.602522e-03
19.000000 5.127872e-03
19.250000 4.605351e-03
19.500000 4.046740e-03
19.750000 3.465821e-03
20.000000 2.879739e-03
20.250000 2.312370e-03
20.500000 1.802619e-03
20.750000 1.421544e-03
21.000000 1.276550e-03
21.250000 1.413190e-03
21.500000 1.733543e-03
21.750000 2.122687e-03
22.000000 2.516385e-03
22.250000 2.882757e-03
22.500000 3.204693e-03
22.750000 3.472168e-03
23.000000 3.679103e-03
23.250000 3.822011e-03
23.500000 3.899351e-03
23.750000 3.911191e-03
24.000000 3.859011e-03
24.250000 3.745565e-03
24.500000 3.574788e-03
24.750000 3.351733e-03
25.000000 3.082544e-03
25.250000 2.774519e-03
25.500000 2.436332e-03
25.750000 2.078637e-03
26.000000 1.715571e-03
26.250000 1.368498e-03
26.500000 1.074796e-03
26.750000 9.000963e-04
27.000000 9.119691e-04
27.250000 1.090685e-03
27.500000 1.353872e-03
27.750000 1.641530e-03
28.000000 1.922626e-03
28.250000 2.180710e-03
28.500000 2.406125e-03
28.750000 2.592789e-03
29.000000 2.736849e-03
29.250000 2.836085e-03
29.500000 2.889629e-03
29.750000 2.897811e-03
30.000000 2.862093e-03
30.250000 2.785028e-03
30.500000 2.670268e-03
30.750000 2.522618e-03
31.000000 2.348158e-03
31.250000 2.154496e-03
31.500000 1.951185e-03
31.750000 1.750366e-03
32.000000 1.567498e-03
32.250000 1.421438e-03
32.500000 1.331981e-03
32.750000 1.312986e-03
33.000000 1.364384e-03
33.250000 1.471724e-03
33.500000 1.614120e-03
33.750000 1.771971e-03
34.000000 1.929929e-03
34.250000 2.076823e-03
34.500000 2.204741e-03
34.750000 2.308194e-03
35.000000 2.383527e-03
35.250000 2.428550e-03
35.500000 2.442296e-03
35.750000 2.424874e-03
36.000000 2.377370e-03
36.250000 2.301782e-03
36.500000 2.200995e-03
36.750000 2.078777e-03
37.000000 1.939817e-03
37.250000 1.789812e-03
37.500000 1.635603e-03
37.750000 1.485338e-03
38.000000 1.348519e-03
38.250000 1.235592e-03
38.500000 1.156490e-03
38.750000 1.117803e-03
39.000000 1.119764e-03
39.250000 1.155575e-03
39.500000 1.213971e-03
39.750000 1.282836e-03
40.000000 1.351561e-03
40.250000 1.411815e-03
40.500000 1.457452e-03
40.750000 1.484158e-03
41.000000 1.489098e-03
41.250000 1.470650e-03
41.500000 1.428209e-03
41.750000 1.362046e-03
42.000000 1.273226e-03
42.250000 1.163551e-03
42.500000 1.035573e-03
42.750000 8.927157e-04
43.000000 7.396737e-04
43.250000 5.835925e-04
43.500000 4.376934e-04
43.750000 3.314882e-04
44.000000 3.164221e-04
44.250000 4.018130e-04
44.500000 5.363977e-04
44.750000 6.841067e-04
45.000000 8.291509e-04
45.250000 9.636893e-04
45.500000 1.082960e-03
45.750000 1.183685e-03
46.000000 1.263514e-03
46.250000 1.320808e-03
46.500000 1.354559e-03
46.750000 1.364356e-03
47.000000 1.350386e-03
47.250000 1.313433e-03
47.500000 1.254910e-03
47.750000 1.176912e-03
48.000000 1.082321e-03
48.250000 9.750208e-04
48.500000 8.603168e-04
48.750000 7.457276e-04
49.000000 6.422909e-04
49.250000 5.657481e-04
49.500000 5.340577e-04
49.750000 5.566624e-04
50.000000 6.254566e-04
