-50.000000 5.906825e-04
-49.750000 6.693274e-04
-49.500000 7.497806e-04
-49.250000 8.307752e-04
-49.000000 9.114241e-04
-48.750000 9.910730e-04
-48.500000 1.069215e-03
-48.250000 1.145441e-03
-48.000000 1.219405e-03
-47.750000 1.290812e-03
-47.500000 1.359399e-03
-47.250000 1.424929e-03
-47.000000 1.487188e-03
-46.750000 1.545981e-03
-46.500000 1.601128e-03
-46.250000 1.652461e-03
-46.000000 1.699829e-03
-45.750000 1.743090e-03
-45.500000 1.782117e-03
-45.250000 1.816793e-03
-45.000000 1.847014e-03
-44.750000 1.872688e-03
-44.500000 1.893733e-03
-44.250000 1.910082e-03
-44.000000 1.921680e-03
-43.750000 1.928482e-03
-43.500000 1.930458e-03
-43.250000 1.927592e-03
-43.000000 1.919881e-03
-42.750000 1.907336e-03
-42.500000 1.889983e-03
-42.250000 1.867864e-03
-42.000000 1.841037e-03
-41.750000 1.809577e-03
-41.500000 1.773578e-03
-41.250000 1.733157e-03
-41.000000 1.688450e-03
-40.750000 1.639621e-03
-40.500000 1.586861e-03
-40.250000 1.530399e-03
-40.000000 1.470500e-03
-39.750000 1.407484e-03
-39.500000 1.341728e-03
-39.250000 1.273692e-03
-39.000000 1.203935e-03
-38.750000 1.133150e-03
-38.500000 1.062208e-03
-38.250000 9.922128e-04
-38.000000 9.245749e-04
-37.750000 8.610971e-04
-37.500000 8.040488e-04
-37.250000 7.561850e-04
-37.000000 7.206186e-04
-36.750000 7.004466e-04
-36.500000 6.981220e-04
-36.250000 7.147946e-04
-36.000000 7.500111e-04
-35.750000 8.019772e-04
-35.500000 8.681758e-04
-35.250000 9.459657e-04
-35.000000 1.032948e-03
-34.750000 1.127104e-03
-34.500000 1.226800e-03
-34.250000 1.330734e-03
-34.000000 1.437862e-03
-33.750000 1.547347e-03
-33.500000 1.658503e-03
-33.250000 1.770765e-03
-33.000000 1.883655e-03
-32.750000 1.996770e-03
-32.500000 2.109761e-03
-32.250000 2.222326e-03
-32.000000 2.334204e-03
-31.750000 2.445166e-03
-31.500000 2.555013e-03
-31.250000 2.663574e-03
-31.000000 2.770704e-03
-30.750000 2.876281e-03
-30.500000 2.980206e-03
-30.250000 3.082403e-03
-30.000000 3.182818e-03
-29.750000 3.281421e-03
-29.500000 3.378201e-03
-29.250000 3.473171e-03
-29.000000 3.566364e-03
-28.750000 3.657839e-03
-28.500000 3.747671e-03
-28.250000 3.835960e-03
-28.000000 3.922827e-03
-27.750000 4.008413e-03
-27.500000 4.092878e-03
-27.250000 4.176403e-03
-27.000000 4.259185e-03
-26.750000 4.341441e-03
-26.500000 4.423400e-03
-26.250000 4.505306e-03
-26.000000 4.587415e-03
-25.750000 4.669992e-03
-25.500000 4.753309e-03
-25.250000 4.837642e-03
-25.000000 4.923269e-03
-24.750000 5.010468e-03
-24.500000 5.099510e-03
-24.250000 5.190660e-03
-24.000000 5.284173e-03
-23.750000 5.380289e-03
-23.500000 5.479234e-03
-23.250000 5.581213e-03
-23.000000 5.686409e-03
-22.750000 5.794983e-03
-22.500000 5.907071e-03
-22.250000 6.022779e-03
-22.000000 6.142188e-03
-21.750000 6.265348e-03
-21.500000 6.392282e-03
-21.250000 6.522980e-03
-21.000000 6.657408e-03
-20.750000 6.795499e-03
-20.500000 6.937161e-03
-20.250000 7.082277e-03
-20.000000 7.230702e-03
-19.750000 7.382270e-03
-19.500000 7.536794e-03
-19.250000 7.694066e-03
-19.000000 7.853859e-03
-18.750000 8.015934e-03
-18.500000 8.180034e-03
-18.250000 8.345891e-03
-18.000000 8.513228e-03
-17.750000 8.681758e-03
-17.500000 8.851189e-03
-17.250000 9.021222e-03
-17.000000 9.191556e-03
-16.750000 9.361888e-03
-16.500000 9.531915e-03
-16.250000 9.701335e-03
-16.000000 9.869847e-03
-15.750000 1.003716e-02
-15.500000 1.020297e-02
-15.250000 1.036701e-02
-15.000000 1.052900e-02
-14.750000 1.068866e-02
-14.500000 1.084574e-02
-14.250000 1.099998e-02
-14.000000 1.115116e-02
-13.750000 1.129904e-02
-13.500000 1.144341e-02
-13.250000 1.158407e-02
-13.000000 1.172084e-02
-12.750000 1.185353e-02
-12.500000 1.198201e-02
-12.250000 1.210611e-02
-12.000000 1.222573e-02
-11.750000 1.234075e-02
-11.500000 1.245108e-02
-11.250000 1.255664e-02
-11.000000 1.265738e-02
-10.750000 1.275325e-02
-10.500000 1.284424e-02
-10.250000 1.293034e-02
-10.000000 1.301155e-02
-9.750000 1.308792e-02
-9.500000 1.315948e-02
-9.250000 1.322630e-02
-9.000000 1.328845e-02
-8.750000 1.334604e-02
-8.500000 1.339917e-02
-8.250000 1.344797e-02
-8.000000 1.349258e-02
-7.750000 1.353314e-02
-7.500000 1.356984e-02
-7.250000 1.360284e-02
-7.000000 1.363233e-02
-6.750000 1.365851e-02
-6.500000 1.368159e-02
-6.250000 1.370177e-02
-6.000000 1.371928e-02
-5.750000 1.373433e-02
-5.500000 1.374716e-02
-5.250000 1.375799e-02
-5.000000 1.376703e-02
-4.750000 1.377453e-02
-4.500000 1.378068e-02
-4.250000 1.378572e-02
-4.000000 1.378984e-02
-3.750000 1.379324e-02
-3.500000 1.379611e-02
-3.250000 1.379863e-02
-3.000000 1.380094e-02
-2.750000 1.380321e-02
-2.500000 1.380555e-02
-2.250000 1.380808e-02
-2.000000 1.381090e-02
-1.750000 1.381407e-02
-1.500000 1.381765e-02
-1.250000 1.382167e-02
-1.000000 1.382614e-02
-0.750000 1.383105e-02
-0.500000 1.383637e-02
-0.250000 1.384204e-02
0.000000 1.384799e-02
0.250000 1.385412e-02
0.500000 1.386032e-02
0.750000 1.386646e-02
1.000000 1.387238e-02
1.250000 1.387791e-02
1.500000 1.388288e-02
1.750000 1.388708e-02
2.000000 1.389030e-02
2.250000 1.389233e-02
2.500000 1.389294e-02
2.750000 1.389188e-02
3.000000 1.388892e-02
3.250000 1.388380e-02
3.500000 1.387628e-02
3.750000 1.386611e-02
4.000000 1.385304e-02
4.250000 1.383682e-02
4.500000 1.381720e-02
4.750000 1.379395e-02
5.000000 1.376684e-02
5.250000 1.373564e-02
5.500000 1.370014e-02
5.750000 1.366014e-02
6.000000 1.361543e-02
6.250000 1.356585e-02
6.500000 1.351123e-02
6.750000 1.345141e-02
7.000000 1.338627e-02
7.250000 1.331566e-02
7.500000 1.323950e-02
7.750000 1.315769e-02
8.000000 1.307017e-02
8.250000 1.297687e-02
8.500000 1.287777e-02
8.750000 1.277284e-02
9.000000 1.266210e-02
9.250000 1.254555e-02
9.500000 1.242324e-02
9.750000 1.229522e-02
10.000000 1.216158e-02
10.250000 1.202239e-02
10.500000 1.187779e-02
10.750000 1.172789e-02
11.000000 1.157284e-02
11.250000 1.141282e-02
11.500000 1.124801e-02
11.750000 1.107860e-02
12.000000 1.090482e-02
12.250000 1.072689e-02
12.500000 1.054508e-02
12.750000 1.035964e-02
13.000000 1.017086e-02
13.250000 9.979034e-03
13.500000 9.784469e-03
13.750000 9.587490e-03
14.000000 9.388436e-03
14.250000 9.187655e-03
14.500000 8.985509e-03
14.750000 8.782370e-03
15.000000 8.578624e-03
15.250000 8.374662e-03
15.500000 8.170889e-03
15.750000 7.967714e-03
16.000000 7.765555e-03
16.250000 7.564838e-03
16.500000 7.365990e-03
16.750000 7.169445e-03
17.000000 6.975636e-03
17.250000 6.784998e-03
17.500000 6.597961e-03
17.750000 6.414954e-03
18.000000 6.236394e-03
18.250000 6.062691e-03
18.500000 5.894237e-03
18.750000 5.731409e-03
19.000000 5.574557e-03
19.250000 5.424007e-03
19.500000 5.280048e-03
19.750000 5.142933e-03
20.000000 5.012869e-03
20.250000 4.890016e-03
20.500000 4.774478e-03
20.750000 4.666299e-03
21.000000 4.565463e-03
21.250000 4.471888e-03
21.500000 4.385425e-03
21.750000 4.305860e-03
22.000000 4.232915e-03
22.250000 4.166253e-03
22.500000 4.105481e-03
22.750000 4.050157e-03
23.000000 3.999800e-03
23.250000 3.953896e-03
23.500000 3.911905e-03
23.750000 3.873276e-03
24.000000 3.837449e-03
24.250000 3.803867e-03
24.500000 3.771984e-03
24.750000 3.741267e-03
25.000000 3.711206e-03
25.250000 3.681317e-03
25.500000 3.651148e-03
25.750000 3.620275e-03
26.000000 3.588314e-03
26.250000 3.554912e-03
26.500000 3.519755e-03
26.750000 3.482565e-03
27.000000 3.443102e-03
27.250000 3.401158e-03
27.500000 3.356564e-03
27.750000 3.309182e-03
28.000000 3.258907e-03
28.250000 3.205668e-03
28.500000 3.149422e-03
28.750000 3.090154e-03
29.000000 3.027880e-03
29.250000 2.962641e-03
29.500000 2.894503e-03
29.750000 2.823559e-03
30.000000 2.749923e-03
30.250000 2.673734e-03
30.500000 2.595155e-03
30.750000 2.514369e-03
31.000000 2.431584e-03
31.250000 2.347029e-03
31.500000 2.260956e-03
31.750000 2.173646e-03
32.000000 2.085400e-03
32.250000 1.996552e-03
32.500000 1.907464e-03
32.750000 1.818536e-03
33.000000 1.730205e-03
33.250000 1.642953e-03
33.500000 1.557314e-03
33.750000 1.473880e-03
34.000000 1.393308e-03
34.250000 1.316326e-03
34.500000 1.243737e-03
34.750000 1.176413e-03
35.000000 1.115286e-03
35.250000 1.061309e-03
35.500000 1.015409e-03
35.750000 9.784102e-04
36.000000 9.509407e-04
36.250000 9.333364e-04
36.500000 9.255714e-04
36.750000 9.272324e-04
37.000000 9.375530e-04
37.250000 9.554952e-04
37.500000 9.798572e-04
37.750000 1.009379e-03
38.000000 1.042827e-03
38.250000 1.079052e-03
38.500000 1.117015e-03
38.750000 1.155806e-03
39.000000 1.194632e-03
39.250000 1.232817e-03
39.500000 1.269784e-03
39.750000 1.305042e-03
40.000000 1.338180e-03
40.250000 1.368851e-03
40.500000 1.396762e-03
40.750000 1.421674e-03
41.000000 1.443387e-03
41.250000 1.461741e-03
41.500000 1.476611e-03
41.750000 1.487900e-03
42.000000 1.495542e-03
42.250000 1.499496e-03
42.500000 1.499746e-03
42.750000 1.496300e-03
43.000000 1.489190e-03
43.250000 1.478469e-03
43.500000 1.464216e-03
43.750000 1.446530e-03
44.000000 1.425535e-03
44.250000 1.401383e-03
44.500000 1.374248e-03
44.750000 1.344339e-03
45.000000 1.311892e-03
45.250000 1.277182e-03
45.500000 1.240522e-03
45.750000 1.202275e-03
46.000000 1.162851e-03
46.250000 1.122724e-03
46.500000 1.082435e-03
46.750000 1.042602e-03
47.000000 1.003927e-03
47.250000 9.671999e-04
47.500000 9.332976e-04
47.750000 9.031697e-04
48.000000 8.778104e-04
48.250000 8.582106e-04
48.500000 8.452896e-04
48.750000 8.398138e-04
49.000000 8.423171e-04
49.250000 8.530417e-04
49.500000 8.719175e-04
49.750000 8.985844e-04
50.000000 9.324506e-04
