-50.000000 1.481874e-02
-49.750000 1.468900e-02
-49.500000 1.455236e-02
-49.250000 1.440884e-02
-49.000000 1.425844e-02
-48.750000 1.410120e-02
-48.500000 1.393716e-02
-48.250000 1.376636e-02
-48.000000 1.358885e-02
-47.750000 1.340469e-02
-47.500000 1.321396e-02
-47.250000 1.301674e-02
-47.000000 1.281312e-02
-46.750000 1.260321e-02
-46.500000 1.238714e-02
-46.250000 1.216506e-02
-46.000000 1.193712e-02
-45.750000 1.170351e-02
-45.500000 1.146443e-02
-45.250000 1.122013e-02
-45.000000 1.097086e-02
-44.750000 1.071694e-02
-44.500000 1.045871e-02
-44.250000 1.019655e-02
-44.000000 9.930923e-03
-43.750000 9.662330e-03
-43.500000 9.391357e-03
-43.250000 9.118672e-03
-43.000000 8.845044e-03
-42.750000 8.571354e-03
-42.500000 8.298621e-03
-42.250000 8.028015e-03
-42.000000 7.760887e-03
-41.750000 7.498794e-03
-41.500000 7.243522e-03
-41.250000 6.997120e-03
-41.000000 6.761918e-03
-40.750000 6.540543e-03
-40.500000 6.335926e-03
-40.250000 6.151272e-03
-40.000000 5.990017e-03
-39.750000 5.855726e-03
-39.500000 5.751956e-03
-39.250000 5.682077e-03
-39.000000 5.649056e-03
-38.750000 5.655248e-03
-38.500000 5.702223e-03
-38.250000 5.790656e-03
-38.000000 5.920318e-03
-37.750000 6.090157e-03
-37.500000 6.298441e-03
-37.250000 6.542956e-03
-37.000000 6.821194e-03
-36.750000 7.130524e-03
-36.500000 7.468330e-03
-36.250000 7.832103e-03
-36.000000 8.219505e-03
-35.750000 8.628393e-03
-35.500000 9.056837e-03
-35.250000 9.503108e-03
-35.000000 9.965673e-03
-34.750000 1.044317e-02
-34.500000 1.093439e-02
-34.250000 1.143828e-02
-34.000000 1.195389e-02
-33.750000 1.248037e-02
-33.500000 1.301699e-02
-33.250000 1.356306e-02
-33.000000 1.411798e-02
-32.750000 1.468120e-02
-32.500000 1.525224e-02
-32.250000 1.583062e-02
-32.000000 1.641594e-02
-31.750000 1.700780e-02
-31.500000 1.760586e-02
-31.250000 1.820976e-02
-31.000000 1.881920e-02
-30.750000 1.943388e-02
-30.500000 2.005352e-02
-30.250000 2.067784e-02
-30.000000 2.130659e-02
-29.750000 2.193953e-02
-29.500000 2.257641e-02
-29.250000 2.321701e-02
-29.000000 2.386110e-02
-28.750000 2.450847e-02
-28.500000 2.515890e-02
-28.250000 2.581218e-02
-28.000000 2.646811e-02
-27.750000 2.712650e-02
-27.500000 2.778714e-02
-27.250000 2.844984e-02
-27.000000 2.911441e-02
-26.750000 2.978066e-02
-26.500000 3.044840e-02
-26.250000 3.111745e-02
-26.000000 3.178763e-02
-25.750000 3.245874e-02
-25.500000 3.313062e-02
-25.250000 3.380307e-02
-25.000000 3.447592e-02
-24.750000 3.514900e-02
-24.500000 3.582213e-02
-24.250000 3.649512e-02
-24.000000 3.716780e-02
-23.750000 3.784001e-02
-23.500000 3.851156e-02
-23.250000 3.918228e-02
-23.000000 3.985200e-02
-22.750000 4.052055e-02
-22.500000 4.118775e-02
-22.250000 4.185344e-02
-22.000000 4.251745e-02
-21.750000 4.317959e-02
-21.500000 4.383972e-02
-21.250000 4.449765e-02
-21.000000 4.515323e-02
-20.750000 4.580628e-02
-20.500000 4.645663e-02
-20.250000 4.710413e-02
-20.000000 4.774861e-02
-19.750000 4.838990e-02
-19.500000 4.902785e-02
-19.250000 4.966228e-02
-19.000000 5.029304e-02
-18.750000 5.091997e-02
-18.500000 5.154291e-02
-18.250000 5.216170e-02
-18.000000 5.277618e-02
-17.750000 5.338620e-02
-17.500000 5.399160e-02
-17.250000 5.459223e-02
-17.000000 5.518793e-02
-16.750000 5.577856e-02
-16.500000 5.636395e-02
-16.250000 5.694397e-02
-16.000000 5.751846e-02
-15.750000 5.808729e-02
-15.500000 5.865029e-02
-15.250000 5.920733e-02
-15.000000 5.975827e-02
-14.750000 6.030297e-02
-14.500000 6.084128e-02
-14.250000 6.137306e-02
-14.000000 6.189819e-02
-13.750000 6.241653e-02
-13.500000 6.292794e-02
-13.250000 6.343229e-02
-13.000000 6.392946e-02
-12.750000 6.441931e-02
-12.500000 6.490172e-02
-12.250000 6.537657e-02
-12.000000 6.584373e-02
-11.750000 6.630309e-02
-11.500000 6.675452e-02
-11.250000 6.719790e-02
-11.000000 6.763314e-02
-10.750000 6.806010e-02
-10.500000 6.847869e-02
-10.250000 6.888879e-02
-10.000000 6.929029e-02
-9.750000 6.968311e-02
-9.500000 7.006712e-02
-9.250000 7.044224e-02
-9.000000 7.080837e-02
-8.750000 7.116541e-02
-8.500000 7.151327e-02
-8.250000 7.185186e-02
-8.000000 7.218109e-02
-7.750000 7.250089e-02
-7.500000 7.281115e-02
-7.250000 7.311181e-02
-7.000000 7.340279e-02
-6.750000 7.368401e-02
-6.500000 7.395540e-02
-6.250000 7.421689e-02
-6.000000 7.446841e-02
-5.750000 7.470990e-02
-5.500000 7.494129e-02
-5.250000 7.516253e-02
-5.000000 7.537355e-02
-4.750000 7.557431e-02
-4.500000 7.576475e-02
-4.250000 7.594482e-02
-4.000000 7.611448e-02
-3.750000 7.627368e-02
-3.500000 7.642239e-02
-3.250000 7.656055e-02
-3.000000 7.668815e-02
-2.750000 7.680515e-02
-2.500000 7.691151e-02
-2.250000 7.700721e-02
-2.000000 7.709222e-02
-1.750000 7.716654e-02
-1.500000 7.723012e-02
-1.250000 7.728297e-02
-1.000000 7.732507e-02
-0.750000 7.735640e-02
-0.500000 7.737697e-02
-0.250000 7.738676e-02
0.000000 7.738577e-02
0.250000 7.737402e-02
0.500000 7.735149e-02
0.750000 7.731820e-02
1.000000 7.727416e-02
1.250000 7.721938e-02
1.500000 7.715388e-02
1.750000 7.707767e-02
2.000000 7.699078e-02
2.250000 7.689322e-02
2.500000 7.678504e-02
2.750000 7.666625e-02
3.000000 7.653688e-02
3.250000 7.639699e-02
3.500000 7.624659e-02
3.750000 7.608574e-02
4.000000 7.591448e-02
4.250000 7.573284e-02
4.500000 7.554089e-02
4.750000 7.533867e-02
5.000000 7.512624e-02
5.250000 7.490366e-02
5.500000 7.467098e-02
5.750000 7.442826e-02
6.000000 7.417558e-02
6.250000 7.391299e-02
6.500000 7.364058e-02
6.750000 7.335841e-02
7.000000 7.306655e-02
7.250000 7.276509e-02
7.500000 7.245411e-02
7.750000 7.213368e-02
8.000000 7.180390e-02
8.250000 7.146484e-02
8.500000 7.111661e-02
8.750000 7.075929e-02
9.000000 7.039298e-02
9.250000 7.001777e-02
9.500000 6.963376e-02
9.750000 6.924106e-02
10.000000 6.883977e-02
10.250000 6.842999e-02
10.500000 6.801184e-02
10.750000 6.758542e-02
11.000000 6.715085e-02
11.250000 6.670823e-02
11.500000 6.625769e-02
11.750000 6.579935e-02
12.000000 6.533332e-02
12.250000 6.485973e-02
12.500000 6.437870e-02
12.750000 6.389035e-02
13.000000 6.339483e-02
13.250000 6.289224e-02
13.500000 6.238274e-02
13.750000 6.186645e-02
14.000000 6.134350e-02
14.250000 6.081403e-02
14.500000 6.027818e-02
14.750000 5.973609e-02
15.000000 5.918791e-02
15.250000 5.863376e-02
15.500000 5.807381e-02
15.750000 5.750819e-02
16.000000 5.693705e-02
16.250000 5.636054e-02
16.500000 5.577881e-02
16.750000 5.519201e-02
17.000000 5.460029e-02
17.250000 5.400381e-02
17.500000 5.340272e-02
17.750000 5.279718e-02
18.000000 5.218735e-02
18.250000 5.157337e-02
18.500000 5.095542e-02
18.750000 5.033366e-02
19.000000 4.970823e-02
19.250000 4.907932e-02
19.500000 4.844707e-02
19.750000 4.781166e-02
20.000000 4.717324e-02
20.250000 4.653199e-02
20.500000 4.588807e-02
20.750000 4.524165e-02
21.000000 4.459290e-02
21.250000 4.394199e-02
21.500000 4.328908e-02
21.750000 4.263435e-02
22.000000 4.197797e-02
22.250000 4.132011e-02
22.500000 4.066094e-02
22.750000 4.000065e-02
23.000000 3.933939e-02
23.250000 3.867736e-02
23.500000 3.801472e-02
23.750000 3.735166e-02
24.000000 3.668834e-02
24.250000 3.602496e-02
24.500000 3.536169e-02
24.750000 3.469870e-02
25.000000 3.403620e-02
25.250000 3.337435e-02
25.500000 3.271334e-02
25.750000 3.205336e-02
26.000000 3.139459e-02
26.250000 3.073723e-02
26.500000 3.008147e-02
26.750000 2.942751e-02
27.000000 2.877553e-02
27.250000 2.812573e-02
27.500000 2.747833e-02
27.750000 2.683351e-02
28.000000 2.619150e-02
28.250000 2.555250e-02
28.500000 2.491673e-02
28.750000 2.428441e-02
29.000000 2.365577e-02
29.250000 2.303104e-02
29.500000 2.241047e-02
29.750000 2.179430e-02
30.000000 2.118278e-02
30.250000 2.057620e-02
30.500000 1.997482e-02
30.750000 1.937894e-02
31.000000 1.878886e-02
31.250000 1.820491e-02
31.500000 1.762743e-02
31.750000 1.705678e-02
32.000000 1.649335e-02
32.250000 1.593756e-02
32.500000 1.538983e-02
32.750000 1.485066e-02
33.000000 1.432057e-02
33.250000 1.380010e-02
33.500000 1.328988e-02
33.750000 1.279058e-02
34.000000 1.230291e-02
34.250000 1.182769e-02
34.500000 1.136579e-02
34.750000 1.091817e-02
35.000000 1.048589e-02
35.250000 1.007009e-02
35.500000 9.672036e-03
35.750000 9.293079e-03
36.000000 8.934673e-03
36.250000 8.598361e-03
36.500000 8.285754e-03
36.750000 7.998499e-03
37.000000 7.738242e-03
37.250000 7.506562e-03
37.500000 7.304912e-03
37.750000 7.134529e-03
38.000000 6.996361e-03
38.250000 6.890979e-03
38.500000 6.818523e-03
38.750000 6.778657e-03
39.000000 6.770564e-03
39.250000 6.792969e-03
39.500000 6.844200e-03
39.750000 6.922261e-03
40.000000 7.024931e-03
40.250000 7.149849e-03
40.500000 7.294608e-03
40.750000 7.456824e-03
41.000000 7.634194e-03
41.250000 7.824537e-03
41.500000 8.025820e-03
41.750000 8.236171e-03
42.000000 8.453885e-03
42.250000 8.677418e-03
42.500000 8.905382e-03
42.750000 9.136535e-03
43.000000 9.369767e-03
43.250000 9.604089e-03
43.500000 9.838621e-03
43.750000 1.007258e-02
44.000000 1.030527e-02
44.250000 1.053608e-02
44.500000 1.076445e-02
44.750000 1.098990e-02
45.000000 1.121199e-02
45.250000 1.143033e-02
45.500000 1.164458e-02
45.750000 1.185444e-02
46.000000 1.205961e-02
46.250000 1.225987e-02
46.500000 1.245500e-02
46.750000 1.264479e-02
47.000000 1.282909e-02
47.250000 1.300773e-02
47.500000 1.318059e-02
47.750000 1.334753e-02
48.000000 1.350846e-02
48.250000 1.366329e-02
48.500000 1.381194e-02
48.750000 1.395433e-02
49.000000 1.409041e-02
49.250000 1.422013e-02
49.500000 1.434345e-02
49.750000 1.446034e-02
50.000000 1.457077e-02
