-50.000000 1.063773e-03
-49.750000 1.046507e-03
-49.500000 1.029988e-03
-49.250000 1.014529e-03
-49.000000 1.000408e-03
-48.750000 9.878689e-04
-48.500000 9.771076e-04
-48.250000 9.682722e-04
-48.000000 9.614584e-04
-47.750000 9.567105e-04
-47.500000 9.540233e-04
-47.250000 9.533468e-04
-47.000000 9.545935e-04
-46.750000 9.576460e-04
-46.500000 9.623668e-04
-46.250000 9.686065e-04
-46.000000 9.762127e-04
-45.750000 9.850372e-04
-45.500000 9.949420e-04
-45.250000 1.005803e-03
-45.000000 1.017513e-03
-44.750000 1.029983e-03
-44.500000 1.043140e-03
-44.250000 1.056927e-03
-44.000000 1.071299e-03
-43.750000 1.086218e-03
-43.500000 1.101654e-03
-43.250000 1.117572e-03
-43.000000 1.133937e-03
-42.750000 1.150702e-03
-42.500000 1.167808e-03
-42.250000 1.185181e-03
-42.000000 1.202728e-03
-41.750000 1.220336e-03
-41.500000 1.237874e-03
-41.250000 1.255188e-03
-41.000000 1.272109e-03
-40.750000 1.288449e-03
-40.500000 1.304007e-03
-40.250000 1.318575e-03
-40.000000 1.331934e-03
-39.750000 1.343867e-03
-39.500000 1.354160e-03
-39.250000 1.362606e-03
-39.000000 1.369012e-03
-38.750000 1.373203e-03
-38.500000 1.375029e-03
-38.250000 1.374369e-03
-38.000000 1.371141e-03
-37.750000 1.365301e-03
-37.500000 1.356854e-03
-37.250000 1.345863e-03
-37.000000 1.332449e-03
-36.750000 1.316804e-03
-36.500000 1.299196e-03
-36.250000 1.279976e-03
-36.000000 1.259585e-03
-35.750000 1.238558e-03
-35.500000 1.217530e-03
-35.250000 1.197230e-03
-35.000000 1.178476e-03
-34.750000 1.162158e-03
-34.500000 1.149207e-03
-34.250000 1.140560e-03
-34.000000 1.137100e-03
-33.750000 1.139606e-03
-33.500000 1.148685e-03
-33.250000 1.164725e-03
-33.000000 1.187865e-03
-32.750000 1.217983e-03
-32.500000 1.254715e-03
-32.250000 1.297494e-03
-32.000000 1.345590e-03
-31.750000 1.398163e-03
-31.500000 1.454310e-03
-31.250000 1.513097e-03
-31.000000 1.573594e-03
-30.750000 1.634888e-03
-30.500000 1.696104e-03
-30.250000 1.756408e-03
-30.000000 1.815017e-03
-29.750000 1.871201e-03
-29.500000 1.924285e-03
-29.250000 1.973652e-03
-29.000000 2.018745e-03
-28.750000 2.059068e-03
-28.500000 2.094191e-03
-28.250000 2.123749e-03
-28.000000 2.147451e-03
-27.750000 2.165081e-03
-27.500000 2.176504e-03
-27.250000 2.181673e-03
-27.000000 2.180631e-03
-26.750000 2.173529e-03
-26.500000 2.160622e-03
-26.250000 2.142292e-03
-26.000000 2.119048e-03
-25.750000 2.091544e-03
-25.500000 2.060589e-03
-25.250000 2.027159e-03
-25.000000 1.992404e-03
-24.750000 1.957652e-03
-24.500000 1.924400e-03
-24.250000 1.894298e-03
-24.000000 1.869103e-03
-23.750000 1.850621e-03
-23.500000 1.840609e-03
-23.250000 1.840672e-03
-23.000000 1.852138e-03
-22.750000 1.875951e-03
-22.500000 1.912592e-03
-22.250000 1.962051e-03
-22.000000 2.023846e-03
-21.750000 2.097090e-03
-21.500000 2.180577e-03
-21.250000 2.272886e-03
-21.000000 2.372467e-03
-20.750000 2.477717e-03
-20.500000 2.587034e-03
-20.250000 2.698857e-03
-20.000000 2.811686e-03
-19.750000 2.924099e-03
-19.500000 3.034757e-03
-19.250000 3.142407e-03
-19.000000 3.245883e-03
-18.750000 3.344105e-03
-18.500000 3.436077e-03
-18.250000 3.520889e-03
-18.000000 3.597715e-03
-17.750000 3.665813e-03
-17.500000 3.724527e-03
-17.250000 3.773291e-03
-17.000000 3.811627e-03
-16.750000 3.839151e-03
-16.500000 3.855576e-03
-16.250000 3.860715e-03
-16.000000 3.854490e-03
-15.750000 3.836936e-03
-15.500000 3.808206e-03
-15.250000 3.768585e-03
-15.000000 3.718495e-03
-14.750000 3.658513e-03
-14.500000 3.589378e-03
-14.250000 3.512016e-03
-14.000000 3.427556e-03
-13.750000 3.337350e-03
-13.500000 3.243003e-03
-13.250000 3.146395e-03
-13.000000 3.049703e-03
-12.750000 2.955414e-03
-12.500000 2.866318e-03
-12.250000 2.785475e-03
-12.000000 2.716131e-03
-11.750000 2.661573e-03
-11.500000 2.624928e-03
-11.250000 2.608897e-03
-11.000000 2.615497e-03
-10.750000 2.645835e-03
-10.500000 2.700000e-03
-10.250000 2.777085e-03
-10.000000 2.875341e-03
-9.750000 2.992397e-03
-9.500000 3.125509e-03
-9.250000 3.271770e-03
-9.000000 3.428280e-03
-8.750000 3.592244e-03
-8.500000 3.761045e-03
-8.250000 3.932262e-03
-8.000000 4.103680e-03
-7.750000 4.273285e-03
-7.500000 4.439249e-03
-7.250000 4.599917e-03
-7.000000 4.753790e-03
-6.750000 4.899517e-03
-6.500000 5.035880e-03
-6.250000 5.161786e-03
-6.000000 5.276260e-03
-5.750000 5.378435e-03
-5.500000 5.467554e-03
-5.250000 5.542960e-03
-5.000000 5.604095e-03
-4.750000 5.650496e-03
-4.500000 5.681794e-03
-4.250000 5.697712e-03
-4.000000 5.698061e-03
-3.750000 5.682740e-03
-3.500000 5.651734e-03
-3.250000 5.605109e-03
-3.000000 5.543015e-03
-2.750000 5.465678e-03
-2.500000 5.373402e-03
-2.250000 5.266564e-03
-2.000000 5.145611e-03
-1.750000 5.011059e-03
-1.500000 4.863488e-03
-1.250000 4.703539e-03
-1.000000 4.531913e-03
-0.750000 4.349365e-03
-0.500000 4.156700e-03
-0.250000 3.954775e-03
0.000000 3.744492e-03
0.250000 3.526801e-03
0.500000 3.302692e-03
0.750000 3.073208e-03
1.000000 2.839441e-03
1.250000 2.602545e-03
1.500000 2.363758e-03
1.750000 2.124436e-03
2.000000 1.886115e-03
2.250000 1.650629e-03
2.500000 1.420331e-03
2.750000 1.198532e-03
3.000000 9.903965e-04
3.250000 8.047888e-04
3.500000 6.575330e-04
3.750000 5.734430e-04
4.000000 5.742407e-04
4.250000 6.530907e-04
4.500000 7.807757e-04
4.750000 9.320240e-04
5.000000 1.092151e-03
5.250000 1.253278e-03
5.500000 1.411017e-03
5.750000 1.562745e-03
6.000000 1.706791e-03
6.250000 1.842031e-03
6.500000 1.967683e-03
6.750000 2.083196e-03
7.000000 2.188189e-03
7.250000 2.282411e-03
7.500000 2.365716e-03
7.750000 2.438054e-03
8.000000 2.499450e-03
8.250000 2.550006e-03
8.500000 2.589886e-03
8.750000 2.619317e-03
9.000000 2.638580e-03
9.250000 2.648007e-03
9.500000 2.647977e-03
9.750000 2.638910e-03
10.000000 2.621266e-03
10.250000 2.595536e-03
10.500000 2.562243e-03
10.750000 2.521930e-03
11.000000 2.475163e-03
11.250000 2.422521e-03
11.500000 2.364595e-03
11.750000 2.301978e-03
12.000000 2.235265e-03
12.250000 2.165044e-03
12.500000 2.091892e-03
12.750000 2.016372e-03
13.000000 1.939025e-03
13.250000 1.860365e-03
13.500000 1.780876e-03
13.750000 1.701004e-03
14.000000 1.621155e-03
14.250000 1.541693e-03
14.500000 1.462931e-03
14.750000 1.385131e-03
15.000000 1.308503e-03
15.250000 1.233203e-03
15.500000 1.159333e-03
15.750000 1.086944e-03
16.000000 1.016038e-03
16.250000 9.465734e-04
16.500000 8.784702e-04
16.750000 8.116204e-04
17.000000 7.458963e-04
17.250000 6.811627e-04
17.500000 6.172915e-04
17.750000 5.541793e-04
18.000000 4.917729e-04
18.250000 4.301066e-04
18.500000 3.693680e-04
18.750000 3.100266e-04
19.000000 2.531163e-04
19.250000 2.009073e-04
19.500000 1.584613e-04
19.750000 1.357064e-04
20.000000 1.427234e-04
20.250000 1.760978e-04
20.500000 2.242849e-04
20.750000 2.794997e-04
21.000000 3.379557e-04
21.250000 3.977540e-04
21.500000 4.578014e-04
21.750000 5.173634e-04
22.000000 5.758769e-04
22.250000 6.328668e-04
22.500000 6.879068e-04
22.750000 7.406008e-04
23.000000 7.905742e-04
23.250000 8.374703e-04
23.500000 8.809495e-04
23.750000 9.206899e-04
24.000000 9.563889e-04
24.250000 9.877646e-04
24.500000 1.014558e-03
24.750000 1.036537e-03
25.000000 1.053493e-03
25.250000 1.065249e-03
25.500000 1.071657e-03
25.750000 1.072603e-03
26.000000 1.068005e-03
26.250000 1.057816e-03
26.500000 1.042024e-03
26.750000 1.020654e-03
27.000000 9.937687e-04
27.250000 9.614675e-04
27.500000 9.238896e-04
27.750000 8.812142e-04
28.000000 8.336622e-04
28.250000 7.815000e-04
28.500000 7.250441e-04
28.750000 6.646715e-04
29.000000 6.008371e-04
29.250000 5.341072e-04
29.500000 4.652271e-04
29.750000 3.952639e-04
30.000000 3.259320e-04
30.250000 2.603867e-04
30.500000 2.051365e-04
30.750000 1.730615e-04
31.000000 1.789038e-04
31.250000 2.203398e-04
31.500000 2.820858e-04
31.750000 3.532117e-04
32.000000 4.283539e-04
32.250000 5.048210e-04
32.500000 5.810694e-04
32.750000 6.560797e-04
33.000000 7.290972e-04
33.250000 7.995156e-04
33.500000 8.668216e-04
33.750000 9.305676e-04
34.000000 9.903569e-04
34.250000 1.045836e-03
34.500000 1.096692e-03
34.750000 1.142648e-03
35.000000 1.183466e-03
35.250000 1.218945e-03
35.500000 1.248921e-03
35.750000 1.273269e-03
36.000000 1.291902e-03
36.250000 1.304774e-03
36.500000 1.311880e-03
36.750000 1.313254e-03
37.000000 1.308976e-03
37.250000 1.299169e-03
37.500000 1.284000e-03
37.750000 1.263685e-03
38.000000 1.238489e-03
38.250000 1.208728e-03
38.500000 1.174777e-03
38.750000 1.137071e-03
39.000000 1.096114e-03
39.250000 1.052487e-03
39.500000 1.006861e-03
39.750000 9.600061e-04
40.000000 9.128127e-04
40.250000 8.663029e-04
40.500000 8.216447e-04
40.750000 7.801531e-04
41.000000 7.432685e-04
41.250000 7.124955e-04
41.500000 6.892877e-04
41.750000 6.748794e-04
42.000000 6.700922e-04
42.250000 6.751793e-04
42.500000 6.897740e-04
42.750000 7.129659e-04
43.000000 7.434715e-04
43.250000 7.798302e-04
43.500000 8.205665e-04
43.750000 8.642971e-04
44.000000 9.097828e-04
44.250000 9.559452e-04
44.500000 1.001861e-03
44.750000 1.046746e-03
45.000000 1.089940e-03
45.250000 1.130889e-03
45.500000 1.169129e-03
45.750000 1.204275e-03
46.000000 1.236013e-03
46.250000 1.264089e-03
46.500000 1.288304e-03
46.750000 1.308508e-03
47.000000 1.324599e-03
47.250000 1.336514e-03
47.500000 1.344229e-03
47.750000 1.347759e-03
48.000000 1.347148e-03
48.250000 1.342475e-03
48.500000 1.333847e-03
48.750000 1.321396e-03
49.000000 1.305282e-03
49.250000 1.285684e-03
49.500000 1.262805e-03
49.750000 1.236864e-03
50.000000 1.208098e-03
