-50.000000 4.295701e-02
-49.750000 4.718512e-02
-49.500000 5.118640e-02
-49.250000 5.493614e-02
-49.000000 5.841081e-02
-48.750000 6.158821e-02
-48.500000 6.444758e-02
-48.250000 6.696976e-02
-48.000000 6.913725e-02
-47.750000 7.093441e-02
-47.500000 7.234745e-02
-47.250000 7.336463e-02
-47.000000 7.397627e-02
-46.750000 7.417486e-02
-46.500000 7.395511e-02
-46.250000 7.331402e-02
-46.000000 7.225087e-02
-45.750000 7.076731e-02
-45.500000 6.886734e-02
-45.250000 6.655731e-02
-45.000000 6.384592e-02
-44.750000 6.074420e-02
-44.500000 5.726547e-02
-44.250000 5.342530e-02
-44.000000 4.924141e-02
-43.750000 4.473369e-02
-43.500000 3.992403e-02
-43.250000 3.483631e-02
-43.000000 2.949629e-02
-42.750000 2.393164e-02
-42.500000 1.817218e-02
-42.250000 1.225110e-02
-42.000000 6.214753e-03
-41.750000 8.630381e-04
-41.500000 6.310983e-03
-41.250000 1.255370e-02
-41.000000 1.881586e-02
-40.750000 2.504745e-02
-40.500000 3.120996e-02
-40.250000 3.726683e-02
-40.000000 4.318223e-02
-39.750000 4.892091e-02
-39.500000 5.444826e-02
-39.250000 5.973047e-02
-39.000000 6.473467e-02
-38.750000 6.942918e-02
-38.500000 7.378360e-02
-38.250000 7.776906e-02
-38.000000 8.135833e-02
-37.750000 8.452605e-02
-37.500000 8.724884e-02
-37.250000 8.950548e-02
-37.000000 9.127704e-02
-36.750000 9.254700e-02
-36.500000 9.330139e-02
-36.250000 9.352890e-02
-36.000000 9.322093e-02
-35.750000 9.237174e-02
-35.500000 9.097847e-02
-35.250000 8.904121e-02
-35.000000 8.656302e-02
-34.750000 8.355000e-02
-34.500000 8.001125e-02
-34.250000 7.595888e-02
-34.000000 7.140801e-02
-33.750000 6.637671e-02
-33.500000 6.088595e-02
-33.250000 5.495959e-02
-33.000000 4.862429e-02
-32.750000 4.190948e-02
-32.500000 3.484748e-02
-32.250000 2.747382e-02
-32.000000 1.982883e-02
-31.750000 1.196631e-02
-31.500000 4.068868e-03
-31.250000 4.758946e-03
-31.000000 1.297004e-02
-30.750000 2.138169e-02
-30.500000 2.983913e-02
-30.250000 3.828214e-02
-30.000000 4.665967e-02
-29.750000 5.492261e-02
-29.500000 6.302251e-02
-29.250000 7.091132e-02
-29.000000 7.854151e-02
-28.750000 8.586622e-02
-28.500000 9.283953e-02
-28.250000 9.941662e-02
-28.000000 1.055540e-01
-27.750000 1.112100e-01
-27.500000 1.163446e-01
-27.250000 1.209198e-01
-27.000000 1.249002e-01
-26.750000 1.282528e-01
-26.500000 1.309473e-01
-26.250000 1.329564e-01
-26.000000 1.342559e-01
-25.750000 1.348251e-01
-25.500000 1.346464e-01
-25.250000 1.337063e-01
-25.000000 1.319948e-01
-24.750000 1.295057e-01
-24.500000 1.262371e-01
-24.250000 1.221910e-01
-24.000000 1.173735e-01
-23.750000 1.117950e-01
-23.500000 1.054702e-01
-23.250000 9.841812e-02
-23.000000 9.066226e-02
-22.750000 8.223058e-02
-22.500000 7.315587e-02
-22.250000 6.347635e-02
-22.000000 5.323701e-02
-21.750000 4.249362e-02
-21.500000 3.132573e-02
-21.250000 1.989732e-02
-21.000000 9.004171e-03
-20.750000 8.010978e-03
-20.500000 1.917270e-02
-20.250000 3.174964e-02
-20.000000 4.467602e-02
-19.750000 5.774898e-02
-19.500000 7.086235e-02
-19.250000 8.393162e-02
-19.000000 9.687870e-02
-18.750000 1.096277e-01
-18.500000 1.221034e-01
-18.250000 1.342310e-01
-18.000000 1.459363e-01
-17.750000 1.571451e-01
-17.500000 1.677844e-01
-17.250000 1.777819e-01
-17.000000 1.870667e-01
-16.750000 1.955696e-01
-16.500000 2.032232e-01
-16.250000 2.099625e-01
-16.000000 2.157247e-01
-15.750000 2.204504e-01
-15.500000 2.240828e-01
-15.250000 2.265689e-01
-15.000000 2.278593e-01
-14.750000 2.279087e-01
-14.500000 2.266759e-01
-14.250000 2.241242e-01
-14.000000 2.202218e-01
-13.750000 2.149415e-01
-13.500000 2.082615e-01
-13.250000 2.001652e-01
-13.000000 1.906413e-01
-12.750000 1.796845e-01
-12.500000 1.672951e-01
-12.250000 1.534794e-01
-12.000000 1.382503e-01
-11.750000 1.216277e-01
-11.500000 1.036402e-01
-11.250000 8.432823e-02
-11.000000 6.375651e-02
-10.750000 4.206409e-02
-10.500000 1.988076e-02
-10.250000 1.067542e-02
-10.000000 3.309984e-02
-9.750000 5.921331e-02
-9.500000 8.663321e-02
-9.250000 1.150792e-01
-9.000000 1.444249e-01
-8.750000 1.745729e-01
-8.500000 2.054320e-01
-8.250000 2.369120e-01
-8.000000 2.689210e-01
-7.750000 3.013651e-01
-7.500000 3.341486e-01
-7.250000 3.671734e-01
-7.000000 4.003400e-01
-6.750000 4.335474e-01
-6.500000 4.666935e-01
-6.250000 4.996754e-01
-6.000000 5.323900e-01
-5.750000 5.647340e-01
-5.500000 5.966047e-01
-5.250000 6.279003e-01
-5.000000 6.585199e-01
-4.750000 6.883645e-01
-4.500000 7.173369e-01
-4.250000 7.453423e-01
-4.000000 7.722887e-01
-3.750000 7.980872e-01
-3.500000 8.226522e-01
-3.250000 8.459021e-01
-3.000000 8.677593e-01
-2.750000 8.881506e-01
-2.500000 9.070076e-01
-2.250000 9.242668e-01
-2.000000 9.398701e-01
-1.750000 9.537647e-01
-1.500000 9.659035e-01
-1.250000 9.762455e-01
-1.000000 9.847555e-01
-0.750000 9.914045e-01
-0.500000 9.961701e-01
-0.250000 9.990360e-01
0.000000 9.999924e-01
0.250000 9.990360e-01
0.500000 9.961701e-01
0.750000 9.914045e-01
1.000000 9.847555e-01
1.250000 9.762455e-01
1.500000 9.659035e-01
1.750000 9.537647e-01
2.000000 9.398701e-01
2.250000 9.242668e-01
2.500000 9.070076e-01
2.750000 8.881506e-01
3.000000 8.677593e-01
3.250000 8.459021e-01
3.500000 8.226522e-01
3.750000 7.980872e-01
4.000000 7.722887e-01
4.250000 7.453423e-01
4.500000 7.173369e-01
4.750000 6.883645e-01
5.000000 6.585199e-01
5.250000 6.279003e-01
5.500000 5.966047e-01
5.750000 5.647340e-01
6.000000 5.323900e-01
6.250000 4.996754e-01
6.500000 4.666935e-01
6.750000 4.335474e-01
7.000000 4.003400e-01
7.250000 3.671734e-01
7.500000 3.341486e-01
7.750000 3.013651e-01
8.000000 2.689210e-01
8.250000 2.369120e-01
8.500000 2.054320e-01
8.750000 1.745729e-01
9.000000 1.444249e-01
9.250000 1.150792e-01
9.500000 8.663321e-02
9.750000 5.921331e-02
10.000000 3.309984e-02
10.250000 1.067542e-02
10.500000 1.988076e-02
10.750000 4.206409e-02
11.000000 6.375651e-02
11.250000 8.432823e-02
11.500000 1.036402e-01
11.750000 1.216277e-01
12.000000 1.382503e-01
12.250000 1.534794e-01
12.500000 1.672951e-01
12.750000 1.796845e-01
13.000000 1.906413e-01
13.250000 2.001652e-01
13.500000 2.082615e-01
13.750000 2.149415e-01
14.000000 2.202218e-01
14.250000 2.241242e-01
14.500000 2.266759e-01
14.750000 2.279087e-01
15.000000 2.278593e-01
15.250000 2.265689e-01
15.500000 2.240828e-01
15.750000 2.204504e-01
16.000000 2.157247e-01
16.250000 2.099625e-01
16.500000 2.032232e-01
16.750000 1.955696e-01
17.000000 1.870667e-01
17.250000 1.777819e-01
17.500000 1.677844e-01
17.750000 1.571451e-01
18.000000 1.459363e-01
18.250000 1.342310e-01
18.500000 1.221034e-01
18.750000 1.096277e-01
19.000000 9.687870e-02
19.250000 8.393162e-02
19.500000 7.086235e-02
19.750000 5.774898e-02
20.000000 4.467602e-02
20.250000 3.174964e-02
20.500000 1.917270e-02
20.750000 8.010978e-03
21.000000 9.004171e-03
21.250000 1.989732e-02
21.500000 3.132573e-02
21.750000 4.249362e-02
22.000000 5.323701e-02
22.250000 6.347635e-02
22.500000 7.315587e-02
22.750000 8.223058e-02
23.000000 9.066226e-02
23.250000 9.841812e-02
23.500000 1.054702e-01
23.750000 1.117950e-01
24.000000 1.173735e-01
24.250000 1.221910e-01
24.500000 1.262371e-01
24.750000 1.295057e-01
25.000000 1.319948e-01
25.250000 1.337063e-01
25.500000 1.346464e-01
25.750000 1.348251e-01
26.000000 1.342559e-01
26.250000 1.329564e-01
26.500000 1.309473e-01
26.750000 1.282528e-01
27.000000 1.249002e-01
27.250000 1.209198e-01
27.500000 1.163446e-01
27.750000 1.112100e-01
28.000000 1.055540e-01
28.250000 9.941662e-02
28.500000 9.283953e-02
28.750000 8.586622e-02
29.000000 7.854151e-02
29.250000 7.091132e-02
29.500000 6.302251e-02
29.750000 5.492261e-02
30.000000 4.665967e-02
30.250000 3.828214e-02
30.500000 2.983913e-02
30.750000 2.138169e-02
31.000000 1.297004e-02
31.250000 4.758946e-03
31.500000 4.068868e-03
31.750000 1.196631e-02
32.000000 1.982883e-02
32.250000 2.747382e-02
32.500000 3.484748e-02
32.750000 4.190948e-02
33.000000 4.862429e-02
33.250000 5.495959e-02
33.500000 6.088595e-02
33.750000 6.637671e-02
34.000000 7.140801e-02
34.250000 7.595888e-02
34.500000 8.001125e-02
34.750000 8.355000e-02
35.000000 8.656302e-02
35.250000 8.904121e-02
35.500000 9.097847e-02
35.750000 9.237174e-02
36.000000 9.322093e-02
36.250000 9.352890e-02
36.500000 9.330139e-02
36.750000 9.254700e-02
37.000000 9.127704e-02
37.250000 8.950548e-02
37.500000 8.724884e-02
37.750000 8.452605e-02
38.000000 8.135833e-02
38.250000 7.776906e-02
38.500000 7.378360e-02
38.750000 6.942918e-02
39.000000 6.473467e-02
39.250000 5.973047e-02
39.500000 5.444826e-02
39.750000 4.892091e-02
40.000000 4.318223e-02
40.250000 3.726683e-02
40.500000 3.120996e-02
40.750000 2.504745e-02
41.000000 1.881586e-02
41.250000 1.255370e-02
41.500000 6.310983e-03
41.750000 8.630381e-04
42.000000 6.214753e-03
42.250000 1.225110e-02
42.500000 1.817218e-02
42.750000 2.393164e-02
43.000000 2.949629e-02
43.250000 3.483631e-02
43.500000 3.992403e-02
43.750000 4.473369e-02
44.000000 4.924141e-02
44.250000 5.342530e-02
44.500000 5.726547e-02
44.750000 6.074420e-02
45.000000 6.384592e-02
45.250000 6.655731e-02
45.500000 6.886734e-02
45.750000 7.076731e-02
46.000000 7.225087e-02
46.250000 7.331402e-02
46.500000 7.395511e-02
46.750000 7.417486e-02
47.000000 7.397627e-02
47.250000 7.336463e-02
47.500000 7.234745e-02
47.750000 7.093441e-02
48.000000 6.913725e-02
48.250000 6.696976e-02
48.500000 6.444758e-02
48.750000 6.158821e-02
49.000000 5.841081e-02
49.250000 5.493614e-02
49.500000 5.118640e-02
49.750000 4.718512e-02
50.000000 4.295701e-02
