-50.000000 2.626688e-01
-49.750000 2.678711e-01
-49.500000 2.730843e-01
-49.250000 2.783082e-01
-49.000000 2.835424e-01
-48.750000 2.887864e-01
-48.500000 2.940399e-01
-48.250000 2.993023e-01
-48.000000 3.045735e-01
-47.750000 3.098529e-01
-47.500000 3.151401e-01
-47.250000 3.204347e-01
-47.000000 3.257364e-01
-46.750000 3.310446e-01
-46.500000 3.363591e-01
-46.250000 3.416793e-01
-46.000000 3.470050e-01
-45.750000 3.523355e-01
-45.500000 3.576707e-01
-45.250000 3.630099e-01
-45.000000 3.683529e-01
-44.750000 3.736992e-01
-44.500000 3.790483e-01
-44.250000 3.843999e-01
-44.000000 3.897535e-01
-43.750000 3.951087e-01
-43.500000 4.004651e-01
-43.250000 4.058223e-01
-43.000000 4.111799e-01
-42.750000 4.165373e-01
-42.500000 4.218942e-01
-42.250000 4.272502e-01
-42.000000 4.326049e-01
-41.750000 4.379577e-01
-41.500000 4.433084e-01
-41.250000 4.486564e-01
-41.000000 4.540013e-01
-40.750000 4.593428e-01
-40.500000 4.646803e-01
-40.250000 4.700134e-01
-40.000000 4.753418e-01
-39.750000 4.806650e-01
-39.500000 4.859825e-01
-39.250000 4.912940e-01
-39.000000 4.965989e-01
-38.750000 5.018970e-01
-38.500000 5.071876e-01
-38.250000 5.124705e-01
-38.000000 5.177452e-01
-37.750000 5.230112e-01
-37.500000 5.282682e-01
-37.250000 5.335156e-01
-37.000000 5.387532e-01
-36.750000 5.439803e-01
-36.500000 5.491967e-01
-36.250000 5.544019e-01
-36.000000 5.595954e-01
-35.750000 5.647769e-01
-35.500000 5.699459e-01
-35.250000 5.751020e-01
-35.000000 5.802447e-01
-34.750000 5.853737e-01
-34.500000 5.904885e-01
-34.250000 5.955887e-01
-34.000000 6.006739e-01
-33.750000 6.057437e-01
-33.500000 6.107975e-01
-33.250000 6.158351e-01
-33.000000 6.208560e-01
-32.750000 6.258598e-01
-32.500000 6.308461e-01
-32.250000 6.358144e-01
-32.000000 6.407644e-01
-31.750000 6.456955e-01
-31.500000 6.506075e-01
-31.250000 6.555000e-01
-31.000000 6.603724e-01
-30.750000 6.652244e-01
-30.500000 6.700556e-01
-30.250000 6.748656e-01
-30.000000 6.796540e-01
-29.750000 6.844204e-01
-29.500000 6.891644e-01
-29.250000 6.938855e-01
-29.000000 6.985835e-01
-28.750000 7.032578e-01
-28.500000 7.079082e-01
-28.250000 7.125341e-01
-28.000000 7.171353e-01
-27.750000 7.217114e-01
-27.500000 7.262618e-01
-27.250000 7.307864e-01
-27.000000 7.352846e-01
-26.750000 7.397562e-01
-26.500000 7.442007e-01
-26.250000 7.486177e-01
-26.000000 7.530069e-01
-25.750000 7.573679e-01
-25.500000 7.617004e-01
-25.250000 7.660040e-01
-25.000000 7.702782e-01
-24.750000 7.745228e-01
-24.500000 7.787374e-01
-24.250000 7.829216e-01
-24.000000 7.870751e-01
-23.750000 7.911975e-01
-23.500000 7.952885e-01
-23.250000 7.993477e-01
-23.000000 8.033748e-01
-22.750000 8.073694e-01
-22.500000 8.113312e-01
-22.250000 8.152598e-01
-22.000000 8.191550e-01
-21.750000 8.230164e-01
-21.500000 8.268436e-01
-21.250000 8.306364e-01
-21.000000 8.343943e-01
-20.750000 8.381172e-01
-20.500000 8.418046e-01
-20.250000 8.454562e-01
-20.000000 8.490718e-01
-19.750000 8.526511e-01
-19.500000 8.561936e-01
-19.250000 8.596992e-01
-19.000000 8.631675e-01
-18.750000 8.665982e-01
-18.500000 8.699910e-01
-18.250000 8.733457e-01
-18.000000 8.766619e-01
-17.750000 8.799394e-01
-17.500000 8.831779e-01
-17.250000 8.863770e-01
-17.000000 8.895366e-01
-16.750000 8.926564e-01
-16.500000 8.957360e-01
-16.250000 8.987752e-01
-16.000000 9.017738e-01
-15.750000 9.047315e-01
-15.500000 9.076481e-01
-15.250000 9.105232e-01
-15.000000 9.133567e-01
-14.750000 9.161483e-01
-14.500000 9.188978e-01
-14.250000 9.216048e-01
-14.000000 9.242693e-01
-13.750000 9.268909e-01
-13.500000 9.294695e-01
-13.250000 9.320047e-01
-13.000000 9.344965e-01
-12.750000 9.369445e-01
-12.500000 9.393486e-01
-12.250000 9.417085e-01
-12.000000 9.440241e-01
-11.750000 9.462952e-01
-11.500000 9.485214e-01
-11.250000 9.507028e-01
-11.000000 9.528390e-01
-10.750000 9.549299e-01
-10.500000 9.569754e-01
-10.250000 9.589751e-01
-10.000000 9.609290e-01
-9.750000 9.628369e-01
-9.500000 9.646986e-01
-9.250000 9.665140e-01
-9.000000 9.682828e-01
-8.750000 9.700050e-01
-8.500000 9.716804e-01
-8.250000 9.733089e-01
-8.000000 9.748903e-01
-7.750000 9.764244e-01
-7.500000 9.779112e-01
-7.250000 9.793505e-01
-7.000000 9.807422e-01
-6.750000 9.820861e-01
-6.500000 9.833822e-01
-6.250000 9.846303e-01
-6.000000 9.858304e-01
-5.750000 9.869823e-01
-5.500000 9.880859e-01
-5.250000 9.891411e-01
-5.000000 9.901478e-01
-4.750000 9.911060e-01
-4.500000 9.920156e-01
-4.250000 9.928765e-01
-4.000000 9.936885e-01
-3.750000 9.944517e-01
-3.500000 9.951660e-01
-3.250000 9.958313e-01
-3.000000 9.964475e-01
-2.750000 9.970147e-01
-2.500000 9.975327e-01
-2.250000 9.980014e-01
-2.000000 9.984210e-01
-1.750000 9.987913e-01
-1.500000 9.991122e-01
-1.250000 9.993839e-01
-1.000000 9.996062e-01
-0.750000 9.997791e-01
-0.500000 9.999026e-01
-0.250000 9.999767e-01
0.000000 1.000001e+00
0.250000 9.999767e-01
0.500000 9.999026e-01
0.750000 9.997791e-01
1.000000 9.996062e-01
1.250000 9.993839e-01
1.500000 9.991122e-01
1.750000 9.987913e-01
2.000000 9.984210e-01
2.250000 9.980014e-01
2.500000 9.975327e-01
2.750000 9.970147e-01
3.000000 9.964475e-01
3.250000 9.958313e-01
3.500000 9.951660e-01
3.750000 9.944517e-01
4.000000 9.936885e-01
4.250000 9.928765e-01
4.500000 9.920156e-01
4.750000 9.911060e-01
5.000000 9.901478e-01
5.250000 9.891411e-01
5.500000 9.880859e-01
5.750000 9.869823e-01
6.000000 9.858304e-01
6.250000 9.846303e-01
6.500000 9.833822e-01
6.750000 9.820861e-01
7.000000 9.807422e-01
7.250000 9.793505e-01
7.500000 9.779112e-01
7.750000 9.764244e-01
8.000000 9.748903e-01
8.250000 9.733089e-01
8.500000 9.716804e-01
8.750000 9.700050e-01
9.000000 9.682828e-01
9.250000 9.665140e-01
9.500000 9.646986e-01
9.750000 9.628369e-01
10.000000 9.609290e-01
10.250000 9.589751e-01
10.500000 9.569754e-01
10.750000 9.549299e-01
11.000000 9.528390e-01
11.250000 9.507028e-01
11.500000 9.485214e-01
11.750000 9.462952e-01
12.000000 9.440241e-01
12.250000 9.417085e-01
12.500000 9.393486e-01
12.750000 9.369445e-01
13.000000 9.344965e-01
13.250000 9.320047e-01
13.500000 9.294695e-01
13.750000 9.268909e-01
14.000000 9.242693e-01
14.250000 9.216048e-01
14.500000 9.188978e-01
14.750000 9.161483e-01
15.000000 9.133567e-01
15.250000 9.105232e-01
15.500000 9.076481e-01
15.750000 9.047315e-01
16.000000 9.017738e-01
16.250000 8.987752e-01
16.500000 8.957360e-01
16.750000 8.926564e-01
17.000000 8.895366e-01
17.250000 8.863770e-01
17.500000 8.831779e-01
17.750000 8.799394e-01
18.000000 8.766619e-01
18.250000 8.733457e-01
18.500000 8.699910e-01
18.750000 8.665982e-01
19.000000 8.631675e-01
19.250000 8.596992e-01
19.500000 8.561936e-01
19.750000 8.526511e-01
20.000000 8.490718e-01
20.250000 8.454562e-01
20.500000 8.418046e-01
20.750000 8.381172e-01
21.000000 8.343943e-01
21.250000 8.306364e-01
21.500000 8.268436e-01
21.750000 8.230164e-01
22.000000 8.191550e-01
22.250000 8.152598e-01
22.500000 8.113312e-01
22.750000 8.073694e-01
23.000000 8.033748e-01
23.250000 7.993477e-01
23.500000 7.952885e-01
23.750000 7.911975e-01
24.000000 7.870751e-01
24.250000 7.829216e-01
24.500000 7.787374e-01
24.750000 7.745228e-01
25.000000 7.702782e-01
25.250000 7.660040e-01
25.500000 7.617004e-01
25.750000 7.573679e-01
26.000000 7.530069e-01
26.250000 7.486177e-01
26.500000 7.442007e-01
26.750000 7.397562e-01
27.000000 7.352846e-01
27.250000 7.307864e-01
27.500000 7.262618e-01
27.750000 7.217114e-01
28.000000 7.171353e-01
28.250000 7.125341e-01
28.500000 7.079082e-01
28.750000 7.032578e-01
29.000000 6.985835e-01
29.250000 6.938855e-01
29.500000 6.891644e-01
29.750000 6.844204e-01
30.000000 6.796540e-01
30.250000 6.748656e-01
30.500000 6.700556e-01
30.750000 6.652244e-01
31.000000 6.603724e-01
31.250000 6.555000e-01
31.500000 6.506075e-01
31.750000 6.456955e-01
32.000000 6.407644e-01
32.250000 6.358144e-01
32.500000 6.308461e-01
32.750000 6.258598e-01
33.000000 6.208560e-01
33.250000 6.158351e-01
33.500000 6.107975e-01
33.750000 6.057437e-01
34.000000 6.006739e-01
34.250000 5.955887e-01
34.500000 5.904885e-01
34.750000 5.853737e-01
35.000000 5.802447e-01
35.250000 5.751020e-01
35.500000 5.699459e-01
35.750000 5.647769e-01
36.000000 5.595954e-01
36.250000 5.544019e-01
36.500000 5.491967e-01
36.750000 5.439803e-01
37.000000 5.387532e-01
37.250000 5.335156e-01
37.500000 5.282682e-01
37.750000 5.230112e-01
38.000000 5.177452e-01
38.250000 5.124705e-01
38.500000 5.071876e-01
38.750000 5.018970e-01
39.000000 4.965989e-01
39.250000 4.912940e-01
39.500000 4.859825e-01
39.750000 4.806650e-01
40.000000 4.753418e-01
40.250000 4.700134e-01
40.500000 4.646803e-01
40.750000 4.593428e-01
41.000000 4.540013e-01
41.250000 4.486564e-01
41.500000 4.433084e-01
41.750000 4.379577e-01
42.000000 4.326049e-01
42.250000 4.272502e-01
42.500000 4.218942e-01
42.750000 4.165373e-01
43.000000 4.111799e-01
43.250000 4.058223e-01
43.500000 4.004651e-01
43.750000 3.951087e-01
44.000000 3.897535e-01
44.250000 3.843999e-01
44.500000 3.790483e-01
44.750000 3.736992e-01
45.000000 3.683529e-01
45.250000 3.630099e-01
45.500000 3.576707e-01
45.750000 3.523355e-01
46.000000 3.470050e-01
46.250000 3.416793e-01
46.500000 3.363591e-01
46.750000 3.310446e-01
47.000000 3.257364e-01
47.250000 3.204347e-01
47.500000 3.151401e-01
47.750000 3.098529e-01
48.000000 3.045735e-01
48.250000 2.993023e-01
48.500000 2.940399e-01
48.750000 2.887864e-01
49.000000 2.835424e-01
49.250000 2.783082e-01
49.500000 2.730843e-01
49.750000 2.678711e-01
50.000000 2.626688e-01
