-50.000000 1.402066e-03
-49.750000 1.376359e-03
-49.500000 1.346793e-03
-49.250000 1.313716e-03
-49.000000 1.277501e-03
-48.750000 1.238547e-03
-48.500000 1.197278e-03
-48.250000 1.154139e-03
-48.000000 1.109599e-03
-47.750000 1.064147e-03
-47.500000 1.018295e-03
-47.250000 9.725737e-04
-47.000000 9.275386e-04
-46.750000 8.837649e-04
-46.500000 8.418489e-04
-46.250000 8.024049e-04
-46.000000 7.660578e-04
-45.750000 7.334317e-04
-45.500000 7.051308e-04
-45.250000 6.817119e-04
-45.000000 6.636508e-04
-44.750000 6.513061e-04
-44.500000 6.448869e-04
-44.250000 6.444340e-04
-44.000000 6.498200e-04
-43.750000 6.607697e-04
-43.500000 6.768962e-04
-43.250000 6.977429e-04
-43.000000 7.228237e-04
-42.750000 7.516539e-04
-42.500000 7.837711e-04
-42.250000 8.187441e-04
-42.000000 8.561754e-04
-41.750000 8.956964e-04
-41.500000 9.369618e-04
-41.250000 9.796408e-04
-41.000000 1.023410e-03
-40.750000 1.067947e-03
-40.500000 1.112926e-03
-40.250000 1.158010e-03
-40.000000 1.202856e-03
-39.750000 1.247108e-03
-39.500000 1.290398e-03
-39.250000 1.332353e-03
-39.000000 1.372589e-03
-38.750000 1.410722e-03
-38.500000 1.446367e-03
-38.250000 1.479144e-03
-38.000000 1.508681e-03
-37.750000 1.534621e-03
-37.500000 1.556628e-03
-37.250000 1.574388e-03
-37.000000 1.587618e-03
-36.750000 1.596073e-03
-36.500000 1.599548e-03
-36.250000 1.597889e-03
-36.000000 1.590996e-03
-35.750000 1.578836e-03
-35.500000 1.561446e-03
-35.250000 1.538943e-03
-35.000000 1.511542e-03
-34.750000 1.479560e-03
-34.500000 1.443436e-03
-34.250000 1.403750e-03
-34.000000 1.361237e-03
-33.750000 1.316817e-03
-33.500000 1.271615e-03
-33.250000 1.226978e-03
-33.000000 1.184489e-03
-32.750000 1.145956e-03
-32.500000 1.113359e-03
-32.250000 1.088751e-03
-32.000000 1.074092e-03
-31.750000 1.071032e-03
-31.500000 1.080692e-03
-31.250000 1.103498e-03
-31.000000 1.139137e-03
-30.750000 1.186636e-03
-30.500000 1.244536e-03
-30.250000 1.311090e-03
-30.000000 1.384440e-03
-29.750000 1.462744e-03
-29.500000 1.544251e-03
-29.250000 1.627336e-03
-29.000000 1.710517e-03
-28.750000 1.792451e-03
-28.500000 1.871923e-03
-28.250000 1.947843e-03
-28.000000 2.019231e-03
-27.750000 2.085215e-03
-27.500000 2.145023e-03
-27.250000 2.197982e-03
-27.000000 2.243517e-03
-26.750000 2.281151e-03
-26.500000 2.310510e-03
-26.250000 2.331323e-03
-26.000000 2.343435e-03
-25.750000 2.346806e-03
-25.500000 2.341527e-03
-25.250000 2.327826e-03
-25.000000 2.306083e-03
-24.750000 2.276846e-03
-24.500000 2.240850e-03
-24.250000 2.199033e-03
-24.000000 2.152561e-03
-23.750000 2.102852e-03
-23.500000 2.051591e-03
-23.250000 2.000747e-03
-23.000000 1.952561e-03
-22.750000 1.909515e-03
-22.500000 1.874254e-03
-22.250000 1.849454e-03
-22.000000 1.837633e-03
-21.750000 1.840926e-03
-21.500000 1.860861e-03
-21.250000 1.898191e-03
-21.000000 1.952825e-03
-20.750000 2.023885e-03
-20.500000 2.109847e-03
-20.250000 2.208732e-03
-20.000000 2.318302e-03
-19.750000 2.436217e-03
-19.500000 2.560149e-03
-19.250000 2.687856e-03
-19.000000 2.817222e-03
-18.750000 2.946276e-03
-18.500000 3.073192e-03
-18.250000 3.196291e-03
-18.000000 3.314033e-03
-17.750000 3.425010e-03
-17.500000 3.527940e-03
-17.250000 3.621664e-03
-17.000000 3.705142e-03
-16.750000 3.777448e-03
-16.500000 3.837775e-03
-16.250000 3.885433e-03
-16.000000 3.919852e-03
-15.750000 3.940583e-03
-15.500000 3.947306e-03
-15.250000 3.939831e-03
-15.000000 3.918109e-03
-14.750000 3.882239e-03
-14.500000 3.832477e-03
-14.250000 3.769250e-03
-14.000000 3.693173e-03
-13.750000 3.605071e-03
-13.500000 3.506001e-03
-13.250000 3.397288e-03
-13.000000 3.280562e-03
-12.750000 3.157813e-03
-12.500000 3.031443e-03
-12.250000 2.904335e-03
-12.000000 2.779910e-03
-11.750000 2.662167e-03
-11.500000 2.555670e-03
-11.250000 2.465434e-03
-11.000000 2.396654e-03
-10.750000 2.354247e-03
-10.500000 2.342242e-03
-10.250000 2.363166e-03
-10.000000 2.417632e-03
-9.750000 2.504302e-03
-9.500000 2.620223e-03
-9.250000 2.761390e-03
-9.000000 2.923309e-03
-8.750000 3.101450e-03
-8.500000 3.291521e-03
-8.250000 3.489603e-03
-8.000000 3.692190e-03
-7.750000 3.896177e-03
-7.500000 4.098822e-03
-7.250000 4.297699e-03
-7.000000 4.490659e-03
-6.750000 4.675795e-03
-6.500000 4.851406e-03
-6.250000 5.015981e-03
-6.000000 5.168173e-03
-5.750000 5.306792e-03
-5.500000 5.430790e-03
-5.250000 5.539253e-03
-5.000000 5.631395e-03
-4.750000 5.706555e-03
-4.500000 5.764190e-03
-4.250000 5.803876e-03
-4.000000 5.825298e-03
-3.750000 5.828257e-03
-3.500000 5.812659e-03
-3.250000 5.778517e-03
-3.000000 5.725947e-03
-2.750000 5.655165e-03
-2.500000 5.566484e-03
-2.250000 5.460311e-03
-2.000000 5.337141e-03
-1.750000 5.197555e-03
-1.500000 5.042217e-03
-1.250000 4.871866e-03
-1.000000 4.687312e-03
-0.750000 4.489431e-03
-0.500000 4.279163e-03
-0.250000 4.057501e-03
0.000000 3.825487e-03
0.250000 3.584208e-03
0.500000 3.334791e-03
0.750000 3.078396e-03
1.000000 2.816213e-03
1.250000 2.549456e-03
1.500000 2.279371e-03
1.750000 2.007234e-03
2.000000 1.734369e-03
2.250000 1.462194e-03
2.500000 1.192323e-03
2.750000 9.268501e-04
3.000000 6.692897e-04
3.250000 4.285756e-04
3.500000 2.437883e-04
3.750000 2.578119e-04
4.000000 4.408227e-04
4.250000 6.565859e-04
4.500000 8.739219e-04
4.750000 1.085486e-03
5.000000 1.288484e-03
5.250000 1.481431e-03
5.500000 1.663364e-03
5.750000 1.833582e-03
6.000000 1.991554e-03
6.250000 2.136875e-03
6.500000 2.269242e-03
6.750000 2.388448e-03
7.000000 2.494371e-03
7.250000 2.586971e-03
7.500000 2.666286e-03
7.750000 2.732428e-03
8.000000 2.785582e-03
8.250000 2.826001e-03
8.500000 2.854000e-03
8.750000 2.869958e-03
9.000000 2.874309e-03
9.250000 2.867539e-03
9.500000 2.850183e-03
9.750000 2.822817e-03
10.000000 2.786057e-03
10.250000 2.740549e-03
10.500000 2.686969e-03
10.750000 2.626012e-03
11.000000 2.558389e-03
11.250000 2.484821e-03
11.500000 2.406032e-03
11.750000 2.322745e-03
12.000000 2.235672e-03
12.250000 2.145514e-03
12.500000 2.052949e-03
12.750000 1.958628e-03
13.000000 1.863174e-03
13.250000 1.767169e-03
13.500000 1.671155e-03
13.750000 1.575626e-03
14.000000 1.481026e-03
14.250000 1.387745e-03
14.500000 1.296118e-03
14.750000 1.206422e-03
15.000000 1.118880e-03
15.250000 1.033660e-03
15.500000 9.508843e-04
15.750000 8.706345e-04
16.000000 7.929662e-04
16.250000 7.179269e-04
16.500000 6.455824e-04
16.750000 5.760563e-04
17.000000 5.095905e-04
17.250000 4.466398e-04
17.500000 3.880261e-04
17.750000 3.351823e-04
18.000000 2.904907e-04
18.250000 2.575407e-04
18.500000 2.406338e-04
18.750000 2.426985e-04
19.000000 2.629318e-04
19.250000 2.973297e-04
19.500000 3.413103e-04
19.750000 3.912900e-04
20.000000 4.448278e-04
20.250000 5.002926e-04
20.500000 5.565495e-04
20.750000 6.127549e-04
21.000000 6.682353e-04
21.250000 7.224189e-04
21.500000 7.747965e-04
21.750000 8.249001e-04
22.000000 8.722916e-04
22.250000 9.165569e-04
22.500000 9.573042e-04
22.750000 9.941634e-04
23.000000 1.026788e-03
23.250000 1.054856e-03
23.500000 1.078073e-03
23.750000 1.096175e-03
24.000000 1.108929e-03
24.250000 1.116136e-03
24.500000 1.117634e-03
24.750000 1.113297e-03
25.000000 1.103039e-03
25.250000 1.086815e-03
25.500000 1.064620e-03
25.750000 1.036491e-03
26.000000 1.002506e-03
26.250000 9.627849e-04
26.500000 9.174899e-04
26.750000 8.668226e-04
27.000000 8.110249e-04
27.250000 7.503784e-04
27.500000 6.852035e-04
27.750000 6.158604e-04
28.000000 5.427518e-04
28.250000 4.663306e-04
28.500000 3.871222e-04
28.750000 3.057853e-04
29.000000 2.233209e-04
29.250000 1.420209e-04
29.500000 7.271704e-05
29.750000 7.601212e-05
30.000000 1.477766e-04
30.250000 2.308765e-04
30.500000 3.156763e-04
30.750000 4.000080e-04
31.000000 4.828701e-04
31.250000 5.635734e-04
31.500000 6.415487e-04
31.750000 7.162897e-04
32.000000 7.873331e-04
32.250000 8.542515e-04
32.500000 9.166516e-04
32.750000 9.741745e-04
33.000000 1.026496e-03
33.250000 1.073331e-03
33.500000 1.114430e-03
33.750000 1.149587e-03
34.000000 1.178635e-03
34.250000 1.201454e-03
34.500000 1.217968e-03
34.750000 1.228147e-03
35.000000 1.232011e-03
35.250000 1.229627e-03
35.500000 1.221116e-03
35.750000 1.206652e-03
36.000000 1.186465e-03
36.250000 1.160842e-03
36.500000 1.130136e-03
36.750000 1.094766e-03
37.000000 1.055229e-03
37.250000 1.012106e-03
37.500000 9.660812e-04
37.750000 9.179531e-04
38.000000 8.686626e-04
38.250000 8.193178e-04
38.500000 7.712235e-04
38.750000 7.259033e-04
39.000000 6.850997e-04
39.250000 6.507226e-04
39.500000 6.247105e-04
39.750000 6.087858e-04
40.000000 6.041358e-04
40.250000 6.111366e-04
40.500000 6.292575e-04
40.750000 6.572049e-04
41.000000 6.932223e-04
41.250000 7.354022e-04
41.500000 7.819111e-04
41.750000 8.311082e-04
42.000000 8.815832e-04
42.250000 9.321499e-04
42.500000 9.818203e-04
42.750000 1.029775e-03
43.000000 1.075335e-03
43.250000 1.117939e-03
43.500000 1.157128e-03
43.750000 1.192526e-03
44.000000 1.223834e-03
44.250000 1.250820e-03
44.500000 1.273309e-03
44.750000 1.291185e-03
45.000000 1.304382e-03
45.250000 1.312881e-03
45.500000 1.316708e-03
45.750000 1.315929e-03
46.000000 1.310653e-03
46.250000 1.301022e-03
46.500000 1.287215e-03
46.750000 1.269442e-03
47.000000 1.247944e-03
47.250000 1.222989e-03
47.500000 1.194870e-03
47.750000 1.163904e-03
48.000000 1.130428e-03
48.250000 1.094796e-03
48.500000 1.057380e-03
48.750000 1.018563e-03
49.000000 9.787406e-04
49.250000 9.383134e-04
49.500000 8.976881e-04
49.750000 8.572714e-04
50.000000 8.174669e-04
