-50.000000 3.810420e-04
-49.750000 3.161053e-04
-49.500000 2.384275e-04
-49.250000 1.804183e-04
-49.000000 2.051273e-04
-48.750000 3.036213e-04
-48.500000 4.195520e-04
-48.250000 5.217719e-04
-48.000000 5.918052e-04
-47.750000 6.168956e-04
-47.500000 5.892527e-04
-47.250000 5.065595e-04
-47.000000 3.725029e-04
-46.750000 1.976563e-04
-46.500000 4.892814e-05
-46.250000 2.350939e-04
-46.000000 4.396278e-04
-45.750000 6.159508e-04
-45.500000 7.451219e-04
-45.250000 8.132979e-04
-45.000000 8.127074e-04
-44.750000 7.426930e-04
-44.500000 6.102868e-04
-44.250000 4.308136e-04
-44.000000 2.336199e-04
-43.750000 1.386341e-04
-43.500000 2.833118e-04
-43.250000 4.471280e-04
-43.000000 5.643765e-04
-42.750000 6.168904e-04
-42.500000 5.993036e-04
-42.250000 5.180748e-04
-42.000000 3.969071e-04
-41.750000 2.988876e-04
-41.500000 3.335896e-04
-41.250000 4.818969e-04
-41.000000 6.442773e-04
-40.750000 7.680186e-04
-40.500000 8.259404e-04
-40.250000 8.039338e-04
-40.000000 6.986581e-04
-39.750000 5.175828e-04
-39.500000 2.833919e-04
-39.250000 1.369389e-04
-39.000000 3.709180e-04
-38.750000 6.539833e-04
-38.500000 9.031111e-04
-38.250000 1.089595e-03
-38.000000 1.194810e-03
-37.750000 1.208983e-03
-37.500000 1.131599e-03
-37.250000 9.712305e-04
-37.000000 7.445150e-04
-36.750000 4.743695e-04
-36.500000 1.880042e-04
-36.250000 9.386543e-05
-36.000000 3.321644e-04
-35.750000 5.154990e-04
-35.500000 6.278147e-04
-35.250000 6.631107e-04
-35.000000 6.247623e-04
-34.750000 5.263082e-04
-34.500000 3.946058e-04
-34.250000 2.838539e-04
-34.000000 2.829892e-04
-33.750000 3.825448e-04
-33.500000 4.909056e-04
-33.250000 5.607941e-04
-33.000000 5.742448e-04
-32.750000 5.287510e-04
-32.500000 4.361468e-04
-32.250000 3.312065e-04
-32.000000 2.928029e-04
-31.750000 3.783380e-04
-31.500000 5.200730e-04
-31.250000 6.498322e-04
-31.000000 7.325353e-04
-30.750000 7.490704e-04
-30.500000 6.906910e-04
-30.250000 5.577306e-04
-30.000000 3.589278e-04
-29.750000 1.109777e-04
-29.500000 1.690037e-04
-29.250000 4.494645e-04
-29.000000 7.081558e-04
-28.750000 9.205707e-04
-28.500000 1.066736e-03
-28.250000 1.132995e-03
-28.000000 1.113531e-03
-27.750000 1.011355e-03
-27.500000 8.391348e-04
-27.250000 6.217217e-04
-27.000000 4.100708e-04
-26.750000 3.310722e-04
-26.500000 4.636957e-04
-26.250000 6.583392e-04
-26.000000 8.240829e-04
-25.750000 9.289810e-04
-25.500000 9.609512e-04
-25.250000 9.199356e-04
-25.000000 8.176629e-04
-24.750000 6.822966e-04
-24.500000 5.714800e-04
-24.250000 5.728285e-04
-24.000000 7.145542e-04
-23.750000 9.302460e-04
-23.500000 1.155008e-03
-23.250000 1.349029e-03
-23.000000 1.486382e-03
-22.750000 1.549214e-03
-22.500000 1.526361e-03
-22.250000 1.413731e-03
-22.000000 1.215557e-03
-21.750000 9.469216e-04
-21.500000 6.423531e-04
-21.250000 4.029314e-04
-21.000000 4.648860e-04
-20.750000 7.400251e-04
-20.500000 1.017521e-03
-20.250000 1.224347e-03
-20.000000 1.327463e-03
-19.750000 1.310858e-03
-19.500000 1.172687e-03
-19.250000 9.249074e-04
-19.000000 5.926641e-04
-18.750000 2.169147e-04
-18.500000 2.054161e-04
-18.250000 5.538374e-04
-18.000000 8.320646e-04
-17.750000 9.985047e-04
-17.500000 1.028744e-03
-17.250000 9.135746e-04
-17.000000 6.611165e-04
-16.750000 3.072648e-04
-16.500000 2.496772e-04
-16.250000 7.176923e-04
-16.000000 1.211107e-03
-15.750000 1.661120e-03
-15.500000 2.030944e-03
-15.250000 2.301484e-03
-15.000000 2.474582e-03
-14.750000 2.574880e-03
-14.500000 2.646350e-03
-14.250000 2.739519e-03
-14.000000 2.890127e-03
-13.750000 3.102017e-03
-13.500000 3.349247e-03
-13.250000 3.594165e-03
-13.000000 3.806002e-03
-12.750000 3.971232e-03
-12.500000 4.095122e-03
-12.250000 4.195807e-03
-12.000000 4.292645e-03
-11.750000 4.393021e-03
-11.500000 4.484138e-03
-11.250000 4.534320e-03
-11.000000 4.502218e-03
-10.750000 4.348327e-03
-10.500000 4.044181e-03
-10.250000 3.577710e-03
-10.000000 2.955713e-03
-9.750000 2.207440e-03
-9.500000 1.408799e-03
-9.250000 8.735271e-04
-9.000000 1.305957e-03
-8.750000 2.250402e-03
-8.500000 3.292178e-03
-8.250000 4.334114e-03
-8.000000 5.331761e-03
-7.750000 6.251150e-03
-7.500000 7.062050e-03
-7.250000 7.739246e-03
-7.000000 8.267291e-03
-6.750000 8.646584e-03
-6.500000 8.898409e-03
-6.250000 9.065863e-03
-6.000000 9.207200e-03
-5.750000 9.379662e-03
-5.500000 9.617187e-03
-5.250000 9.912375e-03
-5.000000 1.021371e-02
-4.750000 1.043948e-02
-4.500000 1.049970e-02
-4.250000 1.031649e-02
-4.000000 9.838253e-03
-3.750000 9.047578e-03
-3.500000 7.964567e-03
-3.250000 6.649428e-03
-3.000000 5.213509e-03
-2.750000 3.868313e-03
-2.500000 3.066703e-03
-2.250000 3.378913e-03
-2.000000 4.599079e-03
-1.750000 6.190439e-03
-1.500000 7.905696e-03
-1.250000 9.655122e-03
-1.000000 1.139419e-02
-0.750000 1.308165e-02
-0.500000 1.466495e-02
-0.250000 1.607873e-02
0.000000 1.725076e-02
0.250000 1.811154e-02
0.500000 1.860429e-02
0.750000 1.869339e-02
1.000000 1.836979e-02
1.250000 1.765297e-02
1.500000 1.658942e-02
1.750000 1.524810e-02
2.000000 1.371377e-02
2.250000 1.207917e-02
2.500000 1.043702e-02
2.750000 8.872874e-03
3.000000 7.459480e-03
3.250000 6.252656e-03
3.500000 5.288179e-03
3.750000 4.578716e-03
4.000000 4.111429e-03
4.250000 3.850154e-03
4.500000 3.745359e-03
4.750000 3.747505e-03
5.000000 3.815452e-03
5.250000 3.917451e-03
5.500000 4.028259e-03
5.750000 4.126086e-03
6.000000 4.191056e-03
6.250000 4.205354e-03
6.500000 4.154678e-03
6.750000 4.030383e-03
7.000000 3.831676e-03
7.250000 3.567219e-03
7.500000 3.255546e-03
7.750000 2.923661e-03
8.000000 2.602977e-03
8.250000 2.321795e-03
8.500000 2.095063e-03
8.750000 1.916550e-03
9.000000 1.761009e-03
9.250000 1.596815e-03
9.500000 1.400249e-03
9.750000 1.164545e-03
10.000000 9.056529e-04
10.250000 6.745527e-04
10.500000 5.773378e-04
10.750000 6.826449e-04
11.000000 8.924676e-04
11.250000 1.104883e-03
11.500000 1.273549e-03
11.750000 1.379977e-03
12.000000 1.419515e-03
12.250000 1.395660e-03
12.500000 1.316683e-03
12.750000 1.193180e-03
13.000000 1.036549e-03
13.250000 8.587002e-04
13.500000 6.734945e-04
13.750000 5.011149e-04
14.000000 3.773886e-04
14.250000 3.501901e-04
14.500000 4.124548e-04
14.750000 5.016031e-04
15.000000 5.758980e-04
15.250000 6.193226e-04
15.500000 6.300255e-04
15.750000 6.150976e-04
16.000000 5.869206e-04
16.250000 5.579416e-04
16.500000 5.339656e-04
16.750000 5.102923e-04
17.000000 4.749434e-04
17.250000 4.164095e-04
17.500000 3.308515e-04
17.750000 2.305624e-04
18.000000 1.719565e-04
18.250000 2.370186e-04
18.500000 3.632826e-04
18.750000 4.858954e-04
19.000000 5.817567e-04
19.250000 6.464903e-04
19.500000 6.920774e-04
19.750000 7.454476e-04
20.000000 8.363712e-04
20.250000 9.761148e-04
20.500000 1.149003e-03
20.750000 1.323652e-03
21.000000 1.466359e-03
21.250000 1.548423e-03
21.500000 1.549668e-03
21.750000 1.460364e-03
22.000000 1.282182e-03
22.250000 1.028418e-03
22.500000 7.245910e-04
22.750000 4.170494e-04
23.000000 2.525973e-04
23.250000 4.090168e-04
23.500000 6.206926e-04
23.750000 7.675763e-04
24.000000 8.207205e-04
24.250000 7.730402e-04
24.500000 6.318660e-04
24.750000 4.219043e-04
25.000000 2.303549e-04
25.250000 3.389834e-04
25.500000 6.234726e-04
25.750000 9.073155e-04
26.000000 1.143683e-03
26.250000 1.308250e-03
26.500000 1.387398e-03
26.750000 1.376877e-03
27.000000 1.281198e-03
27.250000 1.112606e-03
27.500000 8.895044e-04
27.750000 6.345091e-04
28.000000 3.725794e-04
28.250000 1.331990e-04
28.500000 1.087911e-04
28.750000 2.573347e-04
29.000000 3.513632e-04
29.250000 3.813844e-04
29.500000 3.534711e-04
29.750000 2.884634e-04
30.000000 2.371268e-04
30.250000 2.747502e-04
30.500000 3.895886e-04
30.750000 5.183636e-04
31.000000 6.233839e-04
31.250000 6.844698e-04
31.500000 6.921047e-04
31.750000 6.466250e-04
32.000000 5.597114e-04
32.250000 4.586527e-04
32.500000 3.924406e-04
32.750000 4.094000e-04
33.000000 4.920627e-04
33.250000 5.824367e-04
33.500000 6.387744e-04
33.750000 6.390993e-04
34.000000 5.752562e-04
34.250000 4.508284e-04
34.500000 2.841910e-04
34.750000 1.531169e-04
35.000000 2.636257e-04
35.250000 4.658682e-04
35.500000 6.496947e-04
35.750000 7.839210e-04
36.000000 8.515711e-04
36.250000 8.445547e-04
36.500000 7.632383e-04
36.750000 6.159242e-04
37.000000 4.176209e-04
37.250000 1.881180e-04
37.500000 5.042912e-05
37.750000 2.761024e-04
38.000000 4.697085e-04
38.250000 6.168041e-04
38.500000 7.090332e-04
38.750000 7.445821e-04
39.000000 7.276897e-04
39.250000 6.672553e-04
39.500000 5.747237e-04
39.750000 4.615972e-04
40.000000 3.371948e-04
40.250000 2.078514e-04
40.500000 8.429496e-05
40.750000 9.874011e-05
41.000000 2.354937e-04
41.250000 3.813661e-04
41.500000 5.219667e-04
41.750000 6.458363e-04
42.000000 7.412046e-04
42.250000 7.976035e-04
42.500000 8.077063e-04
42.750000 7.687319e-04
43.000000 6.831742e-04
43.250000 5.587945e-04
43.500000 4.079786e-04
43.750000 2.470107e-04
44.000000 1.005665e-04
44.250000 8.674547e-05
44.500000 1.791469e-04
44.750000 2.420821e-04
45.000000 2.626743e-04
45.250000 2.429912e-04
45.500000 1.947699e-04
45.750000 1.472039e-04
46.000000 1.544565e-04
46.250000 2.201575e-04
46.500000 2.963252e-04
46.750000 3.553913e-04
47.000000 3.846481e-04
47.250000 3.790839e-04
47.500000 3.395182e-04
47.750000 2.717992e-04
48.000000 1.863590e-04
48.250000 1.006708e-04
48.500000 6.627304e-05
48.750000 1.131708e-04
49.000000 1.580404e-04
49.250000 1.749190e-04
49.500000 1.580120e-04
49.750000 1.077683e-04
50.000000 2.903707e-05
