-50.000000 2.144596e-04
-49.750000 2.503835e-04
-49.500000 2.731643e-04
-49.250000 2.829067e-04
-49.000000 2.828972e-04
-48.750000 2.798236e-04
-48.500000 2.824569e-04
-48.250000 2.977475e-04
-48.000000 3.265169e-04
-47.750000 3.635404e-04
-47.500000 4.014504e-04
-47.250000 4.339465e-04
-47.000000 4.568945e-04
-46.750000 4.681727e-04
-46.500000 4.670547e-04
-46.250000 4.535744e-04
-46.000000 4.282063e-04
-45.750000 3.921234e-04
-45.500000 3.482107e-04
-45.250000 3.029621e-04
-45.000000 2.688074e-04
-44.750000 2.625121e-04
-44.500000 2.921393e-04
-44.250000 3.477274e-04
-44.000000 4.128109e-04
-43.750000 4.746624e-04
-43.500000 5.254690e-04
-43.250000 5.613115e-04
-43.000000 5.813122e-04
-42.750000 5.869217e-04
-42.500000 5.811722e-04
-42.250000 5.678880e-04
-42.000000 5.509573e-04
-41.750000 5.337828e-04
-41.500000 5.189501e-04
-41.250000 5.080294e-04
-41.000000 5.013689e-04
-40.750000 4.978572e-04
-40.500000 4.948293e-04
-40.250000 4.883411e-04
-40.000000 4.738615e-04
-39.750000 4.472121e-04
-39.500000 4.055117e-04
-39.250000 3.479363e-04
-39.000000 2.761856e-04
-38.750000 1.946329e-04
-38.500000 1.103692e-04
-38.250000 3.713621e-05
-38.000000 4.994361e-05
-37.750000 9.308566e-05
-37.500000 1.119103e-04
-37.250000 1.008268e-04
-37.000000 6.033525e-05
-36.750000 1.974726e-05
-36.500000 9.756948e-05
-36.250000 1.911116e-04
-36.000000 2.813811e-04
-35.750000 3.563329e-04
-35.500000 4.059984e-04
-35.250000 4.236749e-04
-35.000000 4.068681e-04
-34.750000 3.576527e-04
-34.500000 2.823631e-04
-34.250000 1.906750e-04
-34.000000 9.447226e-05
-33.750000 1.946125e-05
-33.500000 7.625821e-05
-33.250000 1.279989e-04
-33.000000 1.557326e-04
-32.750000 1.609279e-04
-32.500000 1.493415e-04
-32.250000 1.291036e-04
-32.000000 1.077259e-04
-31.750000 8.819910e-05
-31.500000 6.820387e-05
-31.250000 4.884036e-05
-31.000000 5.607242e-05
-30.750000 1.025356e-04
-30.500000 1.648522e-04
-30.250000 2.287552e-04
-30.000000 2.840505e-04
-29.750000 3.225171e-04
-29.500000 3.386087e-04
-29.250000 3.303195e-04
-29.000000 2.998014e-04
-28.750000 2.539433e-04
-28.500000 2.056293e-04
-28.250000 1.751130e-04
-28.000000 1.800507e-04
-27.750000 2.125324e-04
-27.500000 2.505503e-04
-27.250000 2.788459e-04
-27.000000 2.894285e-04
-26.750000 2.784042e-04
-26.500000 2.445832e-04
-26.250000 1.897943e-04
-26.000000 1.235731e-04
-25.750000 9.363643e-05
-25.500000 1.637353e-04
-25.250000 2.743568e-04
-25.000000 3.907776e-04
-24.750000 4.993492e-04
-24.500000 5.906042e-04
-24.250000 6.574320e-04
-24.000000 6.952823e-04
-23.750000 7.024999e-04
-23.500000 6.804290e-04
-23.250000 6.332111e-04
-23.000000 5.672909e-04
-22.750000 4.906571e-04
-22.500000 4.118020e-04
-22.250000 3.383112e-04
-22.000000 2.750695e-04
-21.750000 2.227420e-04
-21.500000 1.783700e-04
-21.250000 1.398037e-04
-21.000000 1.135508e-04
-20.750000 1.166165e-04
-20.500000 1.489612e-04
-20.250000 1.874959e-04
-20.000000 2.108625e-04
-19.750000 2.029610e-04
-19.500000 1.525759e-04
-19.250000 6.963525e-05
-19.000000 1.501727e-04
-18.750000 3.659104e-04
-18.500000 6.361261e-04
-18.250000 9.417267e-04
-18.000000 1.262309e-03
-17.750000 1.574682e-03
-17.500000 1.854840e-03
-17.250000 2.080640e-03
-17.000000 2.234625e-03
-16.750000 2.306556e-03
-16.500000 2.295276e-03
-16.250000 2.209466e-03
-16.000000 2.066891e-03
-15.750000 1.891674e-03
-15.500000 1.709331e-03
-15.250000 1.540135e-03
-15.000000 1.393689e-03
-14.750000 1.269621e-03
-14.500000 1.166881e-03
-14.250000 1.096534e-03
-14.000000 1.085292e-03
-13.750000 1.156351e-03
-13.500000 1.300909e-03
-13.250000 1.478562e-03
-13.000000 1.640964e-03
-12.750000 1.749284e-03
-12.500000 1.782272e-03
-12.250000 1.741464e-03
-12.000000 1.656041e-03
-11.750000 1.584308e-03
-11.500000 1.597989e-03
-11.250000 1.737834e-03
-11.000000 1.982743e-03
-10.750000 2.277257e-03
-10.500000 2.571858e-03
-10.250000 2.838404e-03
-10.000000 3.069251e-03
-9.750000 3.270393e-03
-9.500000 3.452251e-03
-9.250000 3.621005e-03
-9.000000 3.773886e-03
-8.750000 3.900320e-03
-8.500000 3.987522e-03
-8.250000 4.027215e-03
-8.000000 4.020465e-03
-7.750000 3.979341e-03
-7.500000 3.925449e-03
-7.250000 3.886254e-03
-7.000000 3.890279e-03
-6.750000 3.962016e-03
-6.500000 4.116884e-03
-6.250000 4.356650e-03
-6.000000 4.666456e-03
-5.750000 5.014843e-03
-5.500000 5.357256e-03
-5.250000 5.642198e-03
-5.000000 5.818658e-03
-4.750000 5.843544e-03
-4.500000 5.688091e-03
-4.250000 5.342540e-03
-4.000000 4.818717e-03
-3.750000 4.150778e-03
-3.500000 3.395455e-03
-3.250000 2.635422e-03
-3.000000 1.992474e-03
-2.750000 1.637056e-03
-2.500000 1.669755e-03
-2.250000 1.946558e-03
-2.000000 2.266837e-03
-1.750000 2.529550e-03
-1.500000 2.704001e-03
-1.250000 2.792473e-03
-1.000000 2.811214e-03
-0.750000 2.780098e-03
-0.500000 2.716614e-03
-0.250000 2.632914e-03
0.000000 2.535265e-03
0.250000 2.425083e-03
0.500000 2.300895e-03
0.750000 2.161091e-03
1.000000 2.007785e-03
1.250000 1.852051e-03
1.500000 1.719465e-03
1.750000 1.650749e-03
2.000000 1.686688e-03
2.250000 1.838612e-03
2.500000 2.076909e-03
2.750000 2.351172e-03
3.000000 2.612611e-03
3.250000 2.823446e-03
3.500000 2.958800e-03
3.750000 3.006310e-03
4.000000 2.964887e-03
4.250000 2.842748e-03
4.500000 2.654870e-03
4.750000 2.420160e-03
5.000000 2.158768e-03
5.250000 1.889914e-03
5.500000 1.630312e-03
5.750000 1.392949e-03
6.000000 1.185877e-03
6.250000 1.011285e-03
6.500000 8.665072e-04
6.750000 7.496388e-04
7.000000 6.706048e-04
7.250000 6.594771e-04
7.500000 7.470515e-04
7.750000 9.270437e-04
8.000000 1.162765e-03
8.250000 1.414196e-03
8.500000 1.646885e-03
8.750000 1.832820e-03
9.000000 1.951284e-03
9.250000 1.990127e-03
9.500000 1.946656e-03
9.750000 1.827561e-03
10.000000 1.647683e-03
10.250000 1.427629e-03
10.500000 1.190407e-03
10.750000 9.574204e-04
11.000000 7.443301e-04
11.250000 5.579604e-04
11.500000 3.962993e-04
11.750000 2.540709e-04
12.000000 1.402267e-04
12.250000 1.314774e-04
12.500000 2.290478e-04
12.750000 3.373507e-04
13.000000 4.291260e-04
13.250000 4.976908e-04
13.500000 5.460438e-04
13.750000 5.843977e-04
14.000000 6.248056e-04
14.250000 6.729557e-04
14.500000 7.232437e-04
14.750000 7.617821e-04
15.000000 7.741761e-04
15.250000 7.530990e-04
15.500000 7.044301e-04
15.750000 6.520575e-04
16.000000 6.353981e-04
16.250000 6.839826e-04
16.500000 7.860695e-04
16.750000 9.015603e-04
17.000000 9.924129e-04
17.250000 1.034431e-03
17.500000 1.018893e-03
17.750000 9.525728e-04
18.000000 8.571862e-04
18.250000 7.660381e-04
18.500000 7.116137e-04
18.750000 7.022873e-04
19.000000 7.131045e-04
19.250000 7.077954e-04
19.500000 6.622689e-04
19.750000 5.733188e-04
20.000000 4.631360e-04
20.250000 3.884608e-04
20.500000 4.165108e-04
20.750000 5.276897e-04
21.000000 6.516028e-04
21.250000 7.449501e-04
21.500000 7.908513e-04
21.750000 7.897908e-04
22.000000 7.545066e-04
22.250000 7.042349e-04
22.500000 6.559891e-04
22.750000 6.150729e-04
23.000000 5.725866e-04
23.250000 5.137341e-04
23.500000 4.297710e-04
23.750000 3.279059e-04
24.000000 2.457289e-04
24.250000 2.541423e-04
24.500000 3.461178e-04
24.750000 4.487131e-04
25.000000 5.214835e-04
25.250000 5.486662e-04
25.500000 5.295243e-04
25.750000 4.767157e-04
26.000000 4.166757e-04
26.250000 3.853755e-04
26.500000 4.042818e-04
26.750000 4.566050e-04
27.000000 5.098269e-04
27.250000 5.419270e-04
27.500000 5.446323e-04
27.750000 5.196484e-04
28.000000 4.745689e-04
28.250000 4.187780e-04
28.500000 3.595739e-04
28.750000 2.997317e-04
29.000000 2.379848e-04
29.250000 1.722447e-04
29.500000 1.036020e-04
29.750000 4.450337e-05
30.000000 5.667219e-05
30.250000 1.027909e-04
30.500000 1.341834e-04
30.750000 1.442153e-04
31.000000 1.364062e-04
31.250000 1.262455e-04
31.500000 1.394773e-04
31.750000 1.835797e-04
32.000000 2.405021e-04
32.250000 2.921076e-04
32.500000 3.266654e-04
32.750000 3.376271e-04
33.000000 3.228261e-04
33.250000 2.839245e-04
33.500000 2.257655e-04
33.750000 1.557528e-04
34.000000 8.448164e-05
34.250000 4.193025e-05
34.500000 7.477531e-05
34.750000 1.145649e-04
35.000000 1.366272e-04
35.250000 1.381342e-04
35.500000 1.235978e-04
35.750000 1.079954e-04
36.000000 1.167388e-04
36.250000 1.552989e-04
36.500000 2.028115e-04
36.750000 2.404193e-04
37.000000 2.559995e-04
37.250000 2.429007e-04
37.500000 2.007175e-04
37.750000 1.401133e-04
38.000000 1.077119e-04
38.250000 1.677760e-04
38.500000 2.681508e-04
38.750000 3.652260e-04
39.000000 4.404511e-04
39.250000 4.833889e-04
39.500000 4.895176e-04
39.750000 4.604203e-04
40.000000 4.042872e-04
40.250000 3.369272e-04
40.500000 2.831241e-04
40.750000 2.698941e-04
41.000000 2.999708e-04
41.250000 3.481759e-04
41.500000 3.909986e-04
41.750000 4.166391e-04
42.000000 4.217661e-04
42.250000 4.082691e-04
42.500000 3.811434e-04
42.750000 3.468406e-04
43.000000 3.116922e-04
43.250000 2.802928e-04
43.500000 2.542701e-04
43.750000 2.325111e-04
44.000000 2.135017e-04
44.250000 1.988645e-04
44.500000 1.955269e-04
44.750000 2.118751e-04
45.000000 2.482714e-04
45.250000 2.951988e-04
45.500000 3.399843e-04
45.750000 3.714862e-04
46.000000 3.819238e-04
46.250000 3.682054e-04
46.500000 3.336466e-04
46.750000 2.905460e-04
47.000000 2.622272e-04
47.250000 2.724821e-04
47.500000 3.183719e-04
47.750000 3.741689e-04
48.000000 4.164821e-04
48.250000 4.311467e-04
48.500000 4.119483e-04
48.750000 3.593478e-04
49.000000 2.797073e-04
49.250000 1.854796e-04
49.500000 1.031113e-04
49.750000 1.019025e-04
50.000000 1.650036e-04
