-50.000000 7.246797e-04
-49.750000 7.579816e-04
-49.500000 7.912771e-04
-49.250000 8.245187e-04
-49.000000 8.576752e-04
-48.750000 8.907323e-04
-48.500000 9.236924e-04
-48.250000 9.565740e-04
-48.000000 9.894102e-04
-47.750000 1.022247e-03
-47.500000 1.055143e-03
-47.250000 1.088163e-03
-47.000000 1.121377e-03
-46.750000 1.154858e-03
-46.500000 1.188677e-03
-46.250000 1.222900e-03
-46.000000 1.257584e-03
-45.750000 1.292774e-03
-45.500000 1.328500e-03
-45.250000 1.364776e-03
-45.000000 1.401597e-03
-44.750000 1.438936e-03
-44.500000 1.476748e-03
-44.250000 1.514964e-03
-44.000000 1.553498e-03
-43.750000 1.592244e-03
-43.500000 1.631079e-03
-43.250000 1.669865e-03
-43.000000 1.708455e-03
-42.750000 1.746690e-03
-42.500000 1.784404e-03
-42.250000 1.821432e-03
-42.000000 1.857606e-03
-41.750000 1.892761e-03
-41.500000 1.926739e-03
-41.250000 1.959391e-03
-41.000000 1.990578e-03
-40.750000 2.020175e-03
-40.500000 2.048071e-03
-40.250000 2.074174e-03
-40.000000 2.098409e-03
-39.750000 2.120717e-03
-39.500000 2.141063e-03
-39.250000 2.159429e-03
-39.000000 2.175814e-03
-38.750000 2.190240e-03
-38.500000 2.202742e-03
-38.250000 2.213374e-03
-38.000000 2.222200e-03
-37.750000 2.229300e-03
-37.500000 2.234761e-03
-37.250000 2.238677e-03
-37.000000 2.241146e-03
-36.750000 2.242265e-03
-36.500000 2.242132e-03
-36.250000 2.240835e-03
-36.000000 2.238459e-03
-35.750000 2.235073e-03
-35.500000 2.230737e-03
-35.250000 2.225494e-03
-35.000000 2.219369e-03
-34.750000 2.212373e-03
-34.500000 2.204498e-03
-34.250000 2.195716e-03
-34.000000 2.185987e-03
-33.750000 2.175255e-03
-33.500000 2.163452e-03
-33.250000 2.150498e-03
-33.000000 2.136312e-03
-32.750000 2.120805e-03
-32.500000 2.103894e-03
-32.250000 2.085499e-03
-32.000000 2.065553e-03
-31.750000 2.044002e-03
-31.500000 2.020813e-03
-31.250000 1.995976e-03
-31.000000 1.969511e-03
-30.750000 1.941471e-03
-30.500000 1.911946e-03
-30.250000 1.881070e-03
-30.000000 1.849021e-03
-29.750000 1.816024e-03
-29.500000 1.782360e-03
-29.250000 1.748359e-03
-29.000000 1.714407e-03
-28.750000 1.680944e-03
-28.500000 1.648456e-03
-28.250000 1.617476e-03
-28.000000 1.588568e-03
-27.750000 1.562317e-03
-27.500000 1.539310e-03
-27.250000 1.520113e-03
-27.000000 1.505246e-03
-26.750000 1.495153e-03
-26.500000 1.490178e-03
-26.250000 1.490538e-03
-26.000000 1.496308e-03
-25.750000 1.507412e-03
-25.500000 1.523621e-03
-25.250000 1.544566e-03
-25.000000 1.569755e-03
-24.750000 1.598596e-03
-24.500000 1.630420e-03
-24.250000 1.664505e-03
-24.000000 1.700103e-03
-23.750000 1.736452e-03
-23.500000 1.772798e-03
-23.250000 1.808402e-03
-23.000000 1.842552e-03
-22.750000 1.874568e-03
-22.500000 1.903807e-03
-22.250000 1.929666e-03
-22.000000 1.951586e-03
-21.750000 1.969050e-03
-21.500000 1.981589e-03
-21.250000 1.988780e-03
-21.000000 1.990249e-03
-20.750000 1.985673e-03
-20.500000 1.974780e-03
-20.250000 1.957357e-03
-20.000000 1.933246e-03
-19.750000 1.902355e-03
-19.500000 1.864658e-03
-19.250000 1.820208e-03
-19.000000 1.769141e-03
-18.750000 1.711692e-03
-18.500000 1.648212e-03
-18.250000 1.579187e-03
-18.000000 1.505279e-03
-17.750000 1.427359e-03
-17.500000 1.346580e-03
-17.250000 1.264453e-03
-17.000000 1.182965e-03
-16.750000 1.104709e-03
-16.500000 1.033022e-03
-16.250000 9.720477e-04
-16.000000 9.265891e-04
-15.750000 9.015538e-04
-15.500000 9.009414e-04
-15.250000 9.267188e-04
-15.000000 9.782750e-04
-14.750000 1.052839e-03
-14.500000 1.146499e-03
-14.250000 1.255149e-03
-14.000000 1.375051e-03
-13.750000 1.503017e-03
-13.500000 1.636398e-03
-13.250000 1.772997e-03
-13.000000 1.910967e-03
-12.750000 2.048731e-03
-12.500000 2.184912e-03
-12.250000 2.318291e-03
-12.000000 2.447771e-03
-11.750000 2.572354e-03
-11.500000 2.691126e-03
-11.250000 2.803247e-03
-11.000000 2.907945e-03
-10.750000 3.004510e-03
-10.500000 3.092297e-03
-10.250000 3.170719e-03
-10.000000 3.239253e-03
-9.750000 3.297437e-03
-9.500000 3.344874e-03
-9.250000 3.381233e-03
-9.000000 3.406250e-03
-8.750000 3.419730e-03
-8.500000 3.421549e-03
-8.250000 3.411655e-03
-8.000000 3.390073e-03
-7.750000 3.356899e-03
-7.500000 3.312310e-03
-7.250000 3.256561e-03
-7.000000 3.189988e-03
-6.750000 3.113010e-03
-6.500000 3.026131e-03
-6.250000 2.929946e-03
-6.000000 2.825145e-03
-5.750000 2.712519e-03
-5.500000 2.592972e-03
-5.250000 2.467535e-03
-5.000000 2.337381e-03
-4.750000 2.203861e-03
-4.500000 2.068529e-03
-4.250000 1.933202e-03
-4.000000 1.800014e-03
-3.750000 1.671492e-03
-3.500000 1.550632e-03
-3.250000 1.440939e-03
-3.000000 1.346384e-03
-2.750000 1.271168e-03
-2.500000 1.219214e-03
-2.250000 1.193383e-03
-2.000000 1.194690e-03
-1.750000 1.221915e-03
-1.500000 1.271901e-03
-1.250000 1.340334e-03
-1.000000 1.422604e-03
-0.750000 1.514400e-03
-0.500000 1.611999e-03
-0.250000 1.712327e-03
0.000000 1.812905e-03
0.250000 1.911753e-03
0.500000 2.007306e-03
0.750000 2.098324e-03
1.000000 2.183834e-03
1.250000 2.263081e-03
1.500000 2.335489e-03
1.750000 2.400633e-03
2.000000 2.458218e-03
2.250000 2.508058e-03
2.500000 2.550068e-03
2.750000 2.584248e-03
3.000000 2.610672e-03
3.250000 2.629480e-03
3.500000 2.640872e-03
3.750000 2.645093e-03
4.000000 2.642433e-03
4.250000 2.633212e-03
4.500000 2.617778e-03
4.750000 2.596494e-03
5.000000 2.569736e-03
5.250000 2.537880e-03
5.500000 2.501303e-03
5.750000 2.460366e-03
6.000000 2.415418e-03
6.250000 2.366786e-03
6.500000 2.314769e-03
6.750000 2.259639e-03
7.000000 2.201639e-03
7.250000 2.140975e-03
7.500000 2.077826e-03
7.750000 2.012339e-03
8.000000 1.944636e-03
8.250000 1.874817e-03
8.500000 1.802966e-03
8.750000 1.729162e-03
9.000000 1.653485e-03
9.250000 1.576029e-03
9.500000 1.496913e-03
9.750000 1.416301e-03
10.000000 1.334421e-03
10.250000 1.251583e-03
10.500000 1.168219e-03
10.750000 1.084921e-03
11.000000 1.002499e-03
11.250000 9.220586e-04
11.500000 8.451028e-04
11.750000 7.736558e-04
12.000000 7.103775e-04
12.250000 6.585830e-04
12.500000 6.219958e-04
12.750000 6.040508e-04
13.000000 6.068226e-04
13.250000 6.301781e-04
13.500000 6.718391e-04
13.750000 7.282875e-04
14.000000 7.957885e-04
14.250000 8.710108e-04
14.500000 9.512267e-04
14.750000 1.034280e-03
15.000000 1.118477e-03
15.250000 1.202482e-03
15.500000 1.285223e-03
15.750000 1.365836e-03
16.000000 1.443617e-03
16.250000 1.517995e-03
16.500000 1.588513e-03
16.750000 1.654817e-03
17.000000 1.716648e-03
17.250000 1.773838e-03
17.500000 1.826308e-03
17.750000 1.874068e-03
18.000000 1.917211e-03
18.250000 1.955922e-03
18.500000 1.990464e-03
18.750000 2.021185e-03
19.000000 2.048511e-03
19.250000 2.072938e-03
19.500000 2.095025e-03
19.750000 2.115384e-03
20.000000 2.134664e-03
20.250000 2.153538e-03
20.500000 2.172678e-03
20.750000 2.192741e-03
21.000000 2.214338e-03
21.250000 2.238016e-03
21.500000 2.264236e-03
21.750000 2.293349e-03
22.000000 2.325586e-03
22.250000 2.361048e-03
22.500000 2.399697e-03
22.750000 2.441364e-03
23.000000 2.485753e-03
23.250000 2.532453e-03
23.500000 2.580958e-03
23.750000 2.630679e-03
24.000000 2.680968e-03
24.250000 2.731134e-03
24.500000 2.780462e-03
24.750000 2.828228e-03
25.000000 2.873715e-03
25.250000 2.916225e-03
25.500000 2.955092e-03
25.750000 2.989686e-03
26.000000 3.019425e-03
26.250000 3.043780e-03
26.500000 3.062278e-03
26.750000 3.074508e-03
27.000000 3.080121e-03
27.250000 3.078833e-03
27.500000 3.070427e-03
27.750000 3.054751e-03
28.000000 3.031719e-03
28.250000 3.001308e-03
28.500000 2.963563e-03
28.750000 2.918585e-03
29.000000 2.866537e-03
29.250000 2.807638e-03
29.500000 2.742160e-03
29.750000 2.670423e-03
30.000000 2.592796e-03
30.250000 2.509687e-03
30.500000 2.421544e-03
30.750000 2.328847e-03
31.000000 2.232105e-03
31.250000 2.131850e-03
31.500000 2.028635e-03
31.750000 1.923026e-03
32.000000 1.815599e-03
32.250000 1.706933e-03
32.500000 1.597608e-03
32.750000 1.488200e-03
33.000000 1.379274e-03
33.250000 1.271381e-03
33.500000 1.165055e-03
33.750000 1.060806e-03
34.000000 9.591207e-04
34.250000 8.604549e-04
34.500000 7.652329e-04
34.750000 6.738439e-04
35.000000 5.866400e-04
35.250000 5.039349e-04
35.500000 4.260029e-04
35.750000 3.530798e-04
36.000000 2.853663e-04
36.250000 2.230375e-04
36.500000 1.662702e-04
36.750000 1.153270e-04
37.000000 7.090862e-05
37.250000 3.637633e-05
37.500000 2.952666e-05
37.750000 5.059276e-05
38.000000 7.398524e-05
38.250000 9.432824e-05
38.500000 1.109078e-04
38.750000 1.237773e-04
39.000000 1.332212e-04
39.250000 1.396397e-04
39.500000 1.435151e-04
39.750000 1.453994e-04
40.000000 1.459062e-04
40.250000 1.456957e-04
40.500000 1.454470e-04
40.750000 1.458108e-04
41.000000 1.473439e-04
41.250000 1.504381e-04
41.500000 1.552679e-04
41.750000 1.617799e-04
42.000000 1.697254e-04
42.250000 1.787222e-04
42.500000 1.883189e-04
42.750000 1.980481e-04
43.000000 2.074597e-04
43.250000 2.161408e-04
43.500000 2.237239e-04
43.750000 2.298897e-04
44.000000 2.343663e-04
44.250000 2.369281e-04
44.500000 2.373927e-04
44.750000 2.356194e-04
45.000000 2.315067e-04
45.250000 2.249903e-04
45.500000 2.160413e-04
45.750000 2.046648e-04
46.000000 1.908981e-04
46.250000 1.748106e-04
46.500000 1.565035e-04
46.750000 1.361138e-04
47.000000 1.138249e-04
47.250000 8.990213e-05
47.500000 6.482325e-05
47.750000 3.994528e-05
48.000000 2.276921e-05
48.250000 3.452644e-05
48.500000 6.162164e-05
48.750000 9.202236e-05
49.000000 1.236476e-04
49.250000 1.558557e-04
49.500000 1.882942e-04
49.750000 2.207027e-04
50.000000 2.528622e-04
