-50.000000 7.294890e-04
-49.750000 5.818888e-04
-49.500000 4.354304e-04
-49.250000 3.118988e-04
-49.000000 2.591761e-04
-48.750000 3.130691e-04
-48.500000 4.270342e-04
-48.250000 5.548635e-04
-48.000000 6.775243e-04
-47.750000 7.867705e-04
-47.500000 8.782561e-04
-47.250000 9.494113e-04
-47.000000 9.986542e-04
-46.750000 1.025005e-03
-46.500000 1.027846e-03
-46.250000 1.006759e-03
-46.000000 9.614365e-04
-45.750000 8.916640e-04
-45.500000 7.974142e-04
-45.250000 6.790922e-04
-45.000000 5.381553e-04
-44.750000 3.792069e-04
-44.500000 2.220458e-04
-44.250000 1.815107e-04
-44.000000 3.467017e-04
-43.750000 5.761546e-04
-43.500000 8.251538e-04
-43.250000 1.080737e-03
-43.000000 1.334150e-03
-42.750000 1.577265e-03
-42.500000 1.802024e-03
-42.250000 2.000504e-03
-42.000000 2.165155e-03
-41.750000 2.289100e-03
-41.500000 2.366454e-03
-41.250000 2.392630e-03
-41.000000 2.364619e-03
-40.750000 2.281236e-03
-40.500000 2.143327e-03
-40.250000 1.953971e-03
-40.000000 1.718750e-03
-39.750000 1.446303e-03
-39.500000 1.149911e-03
-39.250000 8.527452e-04
-39.000000 6.065476e-04
-38.750000 5.269625e-04
-38.500000 6.759129e-04
-38.250000 9.340460e-04
-38.000000 1.209241e-03
-37.750000 1.463891e-03
-37.500000 1.679587e-03
-37.250000 1.845246e-03
-37.000000 1.953830e-03
-36.750000 2.001354e-03
-36.500000 1.986541e-03
-36.250000 1.910648e-03
-36.000000 1.777312e-03
-35.750000 1.592353e-03
-35.500000 1.363521e-03
-35.250000 1.100205e-03
-35.000000 8.131636e-04
-34.750000 5.145799e-04
-34.500000 2.219180e-04
-34.250000 1.227521e-04
-34.000000 3.698186e-04
-33.750000 6.069642e-04
-33.500000 8.074184e-04
-33.250000 9.627378e-04
-33.000000 1.067683e-03
-32.750000 1.119384e-03
-32.500000 1.117223e-03
-32.250000 1.062759e-03
-32.000000 9.596041e-04
-31.750000 8.132187e-04
-31.500000 6.306666e-04
-31.250000 4.203894e-04
-31.000000 1.927811e-04
-30.750000 6.518886e-05
-30.500000 2.934183e-04
-30.250000 5.227323e-04
-30.000000 7.355681e-04
-29.750000 9.242880e-04
-29.500000 1.083153e-03
-29.250000 1.208220e-03
-29.000000 1.297443e-03
-28.750000 1.350738e-03
-28.500000 1.369977e-03
-28.250000 1.358874e-03
-28.000000 1.322784e-03
-27.750000 1.268352e-03
-27.500000 1.202991e-03
-27.250000 1.134130e-03
-27.000000 1.068238e-03
-26.750000 1.009745e-03
-26.500000 9.602617e-04
-26.250000 9.185709e-04
-26.000000 8.816751e-04
-25.750000 8.467013e-04
-25.500000 8.131729e-04
-25.250000 7.851884e-04
-25.000000 7.728262e-04
-24.750000 7.910845e-04
-24.500000 8.543970e-04
-24.250000 9.691855e-04
-24.000000 1.131542e-03
-23.750000 1.331172e-03
-23.500000 1.555932e-03
-23.250000 1.794024e-03
-23.000000 2.034547e-03
-22.750000 2.267506e-03
-22.500000 2.483755e-03
-22.250000 2.674974e-03
-22.000000 2.833711e-03
-21.750000 2.953438e-03
-21.500000 3.028621e-03
-21.250000 3.054791e-03
-21.000000 3.028598e-03
-20.750000 2.947875e-03
-20.500000 2.811687e-03
-20.250000 2.620388e-03
-20.000000 2.375703e-03
-19.750000 2.080859e-03
-19.500000 1.740897e-03
-19.250000 1.363569e-03
-19.000000 9.627183e-04
-18.750000 5.767943e-04
-18.500000 3.940808e-04
-18.250000 6.659591e-04
-18.000000 1.100025e-03
-17.750000 1.558153e-03
-17.500000 2.007379e-03
-17.250000 2.431332e-03
-17.000000 2.817861e-03
-16.750000 3.156830e-03
-16.500000 3.439761e-03
-16.250000 3.659952e-03
-16.000000 3.812752e-03
-15.750000 3.895905e-03
-15.500000 3.909927e-03
-15.250000 3.858537e-03
-15.000000 3.749147e-03
-14.750000 3.593455e-03
-14.500000 3.408096e-03
-14.250000 3.215166e-03
-14.000000 3.041974e-03
-13.750000 2.918669e-03
-13.500000 2.872265e-03
-13.250000 2.917926e-03
-13.000000 3.052812e-03
-12.750000 3.257762e-03
-12.500000 3.505034e-03
-12.250000 3.765933e-03
-12.000000 4.015052e-03
-11.750000 4.231669e-03
-11.500000 4.399774e-03
-11.250000 4.507680e-03
-11.000000 4.547599e-03
-10.750000 4.515304e-03
-10.500000 4.409860e-03
-10.250000 4.233431e-03
-10.000000 3.991154e-03
-9.750000 3.691125e-03
-9.500000 3.344580e-03
-9.250000 2.966457e-03
-9.000000 2.576686e-03
-8.750000 2.202682e-03
-8.500000 1.883015e-03
-8.250000 1.668134e-03
-8.000000 1.604421e-03
-7.750000 1.698088e-03
-7.500000 1.905694e-03
-7.250000 2.169544e-03
-7.000000 2.444734e-03
-6.750000 2.702009e-03
-6.500000 2.923076e-03
-6.250000 3.096652e-03
-6.000000 3.216167e-03
-5.750000 3.278502e-03
-5.500000 3.283282e-03
-5.250000 3.232450e-03
-5.000000 3.129963e-03
-4.750000 2.981565e-03
-4.500000 2.794584e-03
-4.250000 2.577746e-03
-4.000000 2.340997e-03
-3.750000 2.095317e-03
-3.500000 1.852496e-03
-3.250000 1.624735e-03
-3.000000 1.423826e-03
-2.750000 1.259495e-03
-2.500000 1.136725e-03
-2.250000 1.053065e-03
-2.000000 9.983162e-04
-1.750000 9.578473e-04
-1.500000 9.175168e-04
-1.250000 8.673715e-04
-1.000000 8.035565e-04
-0.750000 7.296546e-04
-0.500000 6.587323e-04
-0.250000 6.152267e-04
0.000000 6.289703e-04
0.250000 7.144167e-04
0.500000 8.595300e-04
0.750000 1.041148e-03
1.000000 1.238891e-03
1.250000 1.437543e-03
1.500000 1.625763e-03
1.750000 1.794965e-03
2.000000 1.938759e-03
2.250000 2.052750e-03
2.500000 2.134491e-03
2.750000 2.183506e-03
3.000000 2.201319e-03
3.250000 2.191468e-03
3.500000 2.159464e-03
3.750000 2.112650e-03
4.000000 2.059879e-03
4.250000 2.010876e-03
4.500000 1.975186e-03
4.750000 1.960718e-03
5.000000 1.972225e-03
5.250000 2.010329e-03
5.500000 2.071570e-03
5.750000 2.149456e-03
6.000000 2.235935e-03
6.250000 2.322716e-03
6.500000 2.402137e-03
6.750000 2.467605e-03
7.000000 2.513731e-03
7.250000 2.536305e-03
7.500000 2.532196e-03
7.750000 2.499242e-03
8.000000 2.436152e-03
8.250000 2.342431e-03
8.500000 2.218338e-03
8.750000 2.064873e-03
9.000000 1.883786e-03
9.250000 1.677631e-03
9.500000 1.449865e-03
9.750000 1.205094e-03
10.000000 9.497318e-04
10.250000 6.941961e-04
10.500000 4.619011e-04
10.750000 3.261845e-04
11.000000 3.984381e-04
11.250000 5.965364e-04
11.500000 8.198676e-04
11.750000 1.036222e-03
12.000000 1.233525e-03
12.250000 1.405586e-03
12.500000 1.548913e-03
12.750000 1.661900e-03
13.000000 1.744609e-03
13.250000 1.798720e-03
13.500000 1.827500e-03
13.750000 1.835732e-03
14.000000 1.829528e-03
14.250000 1.815983e-03
14.500000 1.802589e-03
14.750000 1.796395e-03
15.000000 1.803001e-03
15.250000 1.825645e-03
15.500000 1.864707e-03
15.750000 1.917847e-03
16.000000 1.980686e-03
16.250000 2.047736e-03
16.500000 2.113268e-03
16.750000 2.171929e-03
17.000000 2.219103e-03
17.250000 2.251048e-03
17.500000 2.264899e-03
17.750000 2.258603e-03
18.000000 2.230805e-03
18.250000 2.180755e-03
18.500000 2.108225e-03
18.750000 2.013469e-03
19.000000 1.897241e-03
19.250000 1.760872e-03
19.500000 1.606438e-03
19.750000 1.437073e-03
20.000000 1.257536e-03
20.250000 1.075298e-03
20.500000 9.026426e-04
20.750000 7.601835e-04
21.000000 6.786810e-04
21.250000 6.857214e-04
21.500000 7.778157e-04
21.750000 9.240170e-04
22.000000 1.093823e-03
22.250000 1.266900e-03
22.500000 1.430457e-03
22.750000 1.576067e-03
23.000000 1.697950e-03
23.250000 1.792153e-03
23.500000 1.856182e-03
23.750000 1.888816e-03
24.000000 1.889989e-03
24.250000 1.860688e-03
24.500000 1.802846e-03
24.750000 1.719205e-03
25.000000 1.613166e-03
25.250000 1.488613e-03
25.500000 1.349728e-03
25.750000 1.200801e-03
26.000000 1.046053e-03
26.250000 8.894752e-04
26.500000 7.347306e-04
26.750000 5.851476e-04
27.000000 4.439485e-04
27.250000 3.151599e-04
27.500000 2.071295e-04
27.750000 1.449739e-04
28.000000 1.643518e-04
28.250000 2.341068e-04
28.500000 3.147252e-04
28.750000 3.937929e-04
29.000000 4.676570e-04
29.250000 5.349068e-04
29.500000 5.948001e-04
29.750000 6.468671e-04
30.000000 6.908519e-04
30.250000 7.267629e-04
30.500000 7.549487e-04
30.750000 7.761561e-04
31.000000 7.915411e-04
31.250000 8.026137e-04
31.500000 8.111011e-04
31.750000 8.187350e-04
32.000000 8.269861e-04
32.250000 8.368014e-04
32.500000 8.484127e-04
32.750000 8.612762e-04
33.000000 8.741603e-04
33.250000 8.853502e-04
33.500000 8.929106e-04
33.750000 8.949467e-04
34.000000 8.898231e-04
34.250000 8.763277e-04
34.500000 8.537794e-04
34.750000 8.220914e-04
35.000000 7.818023e-04
35.250000 7.340888e-04
35.500000 6.807715e-04
35.750000 6.243222e-04
36.000000 5.678628e-04
36.250000 5.151115e-04
36.500000 4.701495e-04
36.750000 4.367978e-04
37.000000 4.174977e-04
37.250000 4.121304e-04
37.500000 4.177369e-04
37.750000 4.295150e-04
38.000000 4.422736e-04
38.250000 4.514237e-04
38.500000 4.533486e-04
38.750000 4.454285e-04
39.000000 4.259723e-04
39.250000 3.941908e-04
39.500000 3.503002e-04
39.750000 2.959339e-04
40.000000 2.354678e-04
40.250000 1.803486e-04
40.500000 1.582898e-04
40.750000 1.961417e-04
41.000000 2.767188e-04
41.250000 3.752225e-04
41.500000 4.792442e-04
41.750000 5.819692e-04
42.000000 6.785278e-04
42.250000 7.648982e-04
42.500000 8.376131e-04
42.750000 8.937224e-04
43.000000 9.308405e-04
43.250000 9.472195e-04
43.500000 9.418202e-04
43.750000 9.143721e-04
44.000000 8.654152e-04
44.250000 7.963310e-04
44.500000 7.093767e-04
44.750000 6.077722e-04
45.000000 4.959840e-04
45.250000 3.806770e-04
45.500000 2.740659e-04
45.750000 2.041607e-04
46.000000 2.129312e-04
46.250000 2.872812e-04
46.500000 3.822111e-04
46.750000 4.757443e-04
47.000000 5.590048e-04
47.250000 6.277777e-04
47.500000 6.800090e-04
47.750000 7.150527e-04
48.000000 7.334099e-04
48.250000 7.366139e-04
48.500000 7.271521e-04
48.750000 7.083753e-04
49.000000 6.843497e-04
49.250000 6.595880e-04
49.500000 6.385852e-04
49.750000 6.251311e-04
50.000000 6.215392e-04
