-50.000000 2.858587e-03
-49.750000 2.824077e-03
-49.500000 2.784975e-03
-49.250000 2.741546e-03
-49.000000 2.694087e-03
-48.750000 2.642930e-03
-48.500000 2.588441e-03
-48.250000 2.531019e-03
-48.000000 2.471097e-03
-47.750000 2.409142e-03
-47.500000 2.345650e-03
-47.250000 2.281149e-03
-47.000000 2.216192e-03
-46.750000 2.151359e-03
-46.500000 2.087244e-03
-46.250000 2.024458e-03
-46.000000 1.963611e-03
-45.750000 1.905310e-03
-45.500000 1.850139e-03
-45.250000 1.798643e-03
-45.000000 1.751316e-03
-44.750000 1.708573e-03
-44.500000 1.670737e-03
-44.250000 1.638017e-03
-44.000000 1.610494e-03
-43.750000 1.588116e-03
-43.500000 1.570691e-03
-43.250000 1.557899e-03
-43.000000 1.549304e-03
-42.750000 1.544371e-03
-42.500000 1.542497e-03
-42.250000 1.543031e-03
-42.000000 1.545301e-03
-41.750000 1.548639e-03
-41.500000 1.552398e-03
-41.250000 1.555969e-03
-41.000000 1.558793e-03
-40.750000 1.560372e-03
-40.500000 1.560272e-03
-40.250000 1.558129e-03
-40.000000 1.553651e-03
-39.750000 1.546621e-03
-39.500000 1.536895e-03
-39.250000 1.524403e-03
-39.000000 1.509152e-03
-38.750000 1.491224e-03
-38.500000 1.470778e-03
-38.250000 1.448051e-03
-38.000000 1.423356e-03
-37.750000 1.397087e-03
-37.500000 1.369717e-03
-37.250000 1.341797e-03
-37.000000 1.313953e-03
-36.750000 1.286880e-03
-36.500000 1.261330e-03
-36.250000 1.238096e-03
-36.000000 1.217986e-03
-35.750000 1.201793e-03
-35.500000 1.190253e-03
-35.250000 1.184001e-03
-35.000000 1.183528e-03
-34.750000 1.189149e-03
-34.500000 1.200973e-03
-34.250000 1.218902e-03
-34.000000 1.242640e-03
-33.750000 1.271723e-03
-33.500000 1.305554e-03
-33.250000 1.343442e-03
-33.000000 1.384643e-03
-32.750000 1.428397e-03
-32.500000 1.473946e-03
-32.250000 1.520562e-03
-32.000000 1.567559e-03
-31.750000 1.614300e-03
-31.500000 1.660204e-03
-31.250000 1.704746e-03
-31.000000 1.747465e-03
-30.750000 1.787955e-03
-30.500000 1.825873e-03
-30.250000 1.860931e-03
-30.000000 1.892904e-03
-29.750000 1.921620e-03
-29.500000 1.946967e-03
-29.250000 1.968890e-03
-29.000000 1.987390e-03
-28.750000 2.002525e-03
-28.500000 2.014408e-03
-28.250000 2.023210e-03
-28.000000 2.029154e-03
-27.750000 2.032519e-03
-27.500000 2.033634e-03
-27.250000 2.032877e-03
-27.000000 2.030672e-03
-26.750000 2.027483e-03
-26.500000 2.023805e-03
-26.250000 2.020161e-03
-26.000000 2.017087e-03
-25.750000 2.015121e-03
-25.500000 2.014792e-03
-25.250000 2.016601e-03
-25.000000 2.021008e-03
-24.750000 2.028415e-03
-24.500000 2.039151e-03
-24.250000 2.053462e-03
-24.000000 2.071499e-03
-23.750000 2.093314e-03
-23.500000 2.118857e-03
-23.250000 2.147981e-03
-23.000000 2.180445e-03
-22.750000 2.215926e-03
-22.500000 2.254033e-03
-22.250000 2.294314e-03
-22.000000 2.336275e-03
-21.750000 2.379387e-03
-21.500000 2.423106e-03
-21.250000 2.466877e-03
-21.000000 2.510146e-03
-20.750000 2.552371e-03
-20.500000 2.593024e-03
-20.250000 2.631597e-03
-20.000000 2.667612e-03
-19.750000 2.700617e-03
-19.500000 2.730193e-03
-19.250000 2.755957e-03
-19.000000 2.777560e-03
-18.750000 2.794691e-03
-18.500000 2.807076e-03
-18.250000 2.814480e-03
-18.000000 2.816705e-03
-17.750000 2.813595e-03
-17.500000 2.805028e-03
-17.250000 2.790923e-03
-17.000000 2.771238e-03
-16.750000 2.745966e-03
-16.500000 2.715138e-03
-16.250000 2.678822e-03
-16.000000 2.637121e-03
-15.750000 2.590174e-03
-15.500000 2.538153e-03
-15.250000 2.481266e-03
-15.000000 2.419751e-03
-14.750000 2.353882e-03
-14.500000 2.283962e-03
-14.250000 2.210328e-03
-14.000000 2.133347e-03
-13.750000 2.053422e-03
-13.500000 1.970983e-03
-13.250000 1.886500e-03
-13.000000 1.800475e-03
-12.750000 1.713451e-03
-12.500000 1.626012e-03
-12.250000 1.538789e-03
-12.000000 1.452468e-03
-11.750000 1.367792e-03
-11.500000 1.285569e-03
-11.250000 1.206680e-03
-11.000000 1.132077e-03
-10.750000 1.062777e-03
-10.500000 9.998433e-04
-10.250000 9.443385e-04
-10.000000 8.972571e-04
-9.750000 8.594222e-04
-9.500000 8.313663e-04
-9.250000 8.132209e-04
-9.000000 8.046497e-04
-8.750000 8.048575e-04
-8.500000 8.126748e-04
-8.250000 8.266935e-04
-8.000000 8.454126e-04
-7.750000 8.673597e-04
-7.500000 8.911734e-04
-7.250000 9.156463e-04
-7.000000 9.397393e-04
-6.750000 9.625773e-04
-6.500000 9.834349e-04
-6.250000 1.001719e-03
-6.000000 1.016952e-03
-5.750000 1.028753e-03
-5.500000 1.036828e-03
-5.250000 1.040953e-03
-5.000000 1.040969e-03
-4.750000 1.036769e-03
-4.500000 1.028294e-03
-4.250000 1.015528e-03
-4.000000 9.984911e-04
-3.750000 9.772358e-04
-3.500000 9.518440e-04
-3.250000 9.224234e-04
-3.000000 8.891046e-04
-2.750000 8.520387e-04
-2.500000 8.113950e-04
-2.250000 7.673584e-04
-2.000000 7.201276e-04
-1.750000 6.699132e-04
-1.500000 6.169357e-04
-1.250000 5.614241e-04
-1.000000 5.036142e-04
-0.750000 4.437477e-04
-0.500000 3.820713e-04
-0.250000 3.188380e-04
0.000000 2.543110e-04
0.250000 1.887810e-04
0.500000 1.226435e-04
0.750000 5.702919e-05
1.000000 2.272006e-05
1.250000 8.340267e-05
1.500000 1.502511e-04
1.750000 2.174019e-04
2.000000 2.842561e-04
2.250000 3.505280e-04
2.500000 4.160020e-04
2.750000 4.804916e-04
3.000000 5.438283e-04
3.250000 6.058583e-04
3.500000 6.664411e-04
3.750000 7.254487e-04
4.000000 7.827656e-04
4.250000 8.382887e-04
4.500000 8.919269e-04
4.750000 9.436010e-04
5.000000 9.932440e-04
5.250000 1.040800e-03
5.500000 1.086226e-03
5.750000 1.129488e-03
6.000000 1.170564e-03
6.250000 1.209444e-03
6.500000 1.246126e-03
6.750000 1.280620e-03
7.000000 1.312945e-03
7.250000 1.343129e-03
7.500000 1.371212e-03
7.750000 1.397238e-03
8.000000 1.421266e-03
8.250000 1.443359e-03
8.500000 1.463589e-03
8.750000 1.482039e-03
9.000000 1.498798e-03
9.250000 1.513962e-03
9.500000 1.527637e-03
9.750000 1.539936e-03
10.000000 1.550977e-03
10.250000 1.560889e-03
10.500000 1.569804e-03
10.750000 1.577862e-03
11.000000 1.585208e-03
11.250000 1.591994e-03
11.500000 1.598373e-03
11.750000 1.604503e-03
12.000000 1.610544e-03
12.250000 1.616655e-03
12.500000 1.622995e-03
12.750000 1.629720e-03
13.000000 1.636981e-03
13.250000 1.644922e-03
13.500000 1.653680e-03
13.750000 1.663377e-03
14.000000 1.674125e-03
14.250000 1.686020e-03
14.500000 1.699141e-03
14.750000 1.713548e-03
15.000000 1.729282e-03
15.250000 1.746363e-03
15.500000 1.764790e-03
15.750000 1.784542e-03
16.000000 1.805576e-03
16.250000 1.827829e-03
16.500000 1.851220e-03
16.750000 1.875648e-03
17.000000 1.900999e-03
17.250000 1.927142e-03
17.500000 1.953935e-03
17.750000 1.981224e-03
18.000000 2.008848e-03
18.250000 2.036636e-03
18.500000 2.064416e-03
18.750000 2.092009e-03
19.000000 2.119235e-03
19.250000 2.145914e-03
19.500000 2.171867e-03
19.750000 2.196916e-03
20.000000 2.220887e-03
20.250000 2.243611e-03
20.500000 2.264920e-03
20.750000 2.284655e-03
21.000000 2.302663e-03
21.250000 2.318795e-03
21.500000 2.332912e-03
21.750000 2.344880e-03
22.000000 2.354573e-03
22.250000 2.361873e-03
22.500000 2.366671e-03
22.750000 2.368864e-03
23.000000 2.368357e-03
23.250000 2.365064e-03
23.500000 2.358907e-03
23.750000 2.349815e-03
24.000000 2.337725e-03
24.250000 2.322582e-03
24.500000 2.304338e-03
24.750000 2.282953e-03
25.000000 2.258393e-03
25.250000 2.230634e-03
25.500000 2.199655e-03
25.750000 2.165447e-03
26.000000 2.128004e-03
26.250000 2.087328e-03
26.500000 2.043430e-03
26.750000 1.996326e-03
27.000000 1.946040e-03
27.250000 1.892602e-03
27.500000 1.836052e-03
27.750000 1.776434e-03
28.000000 1.713804e-03
28.250000 1.648224e-03
28.500000 1.579764e-03
28.750000 1.508507e-03
29.000000 1.434544e-03
29.250000 1.357977e-03
29.500000 1.278925e-03
29.750000 1.197519e-03
30.000000 1.113912e-03
30.250000 1.028282e-03
30.500000 9.408398e-04
30.750000 8.518461e-04
31.000000 7.616347e-04
31.250000 6.706594e-04
31.500000 5.795834e-04
31.750000 4.894656e-04
32.000000 4.021757e-04
32.250000 3.213802e-04
32.500000 2.548070e-04
32.750000 2.173852e-04
33.000000 2.251836e-04
33.250000 2.748657e-04
33.500000 3.491226e-04
33.750000 4.354724e-04
34.000000 5.277687e-04
34.250000 6.230177e-04
34.500000 7.196088e-04
34.750000 8.165641e-04
35.000000 9.132178e-04
35.250000 1.009070e-03
35.500000 1.103716e-03
35.750000 1.196808e-03
36.000000 1.288032e-03
36.250000 1.377105e-03
36.500000 1.463759e-03
36.750000 1.547742e-03
37.000000 1.628816e-03
37.250000 1.706756e-03
37.500000 1.781346e-03
37.750000 1.852384e-03
38.000000 1.919680e-03
38.250000 1.983056e-03
38.500000 2.042347e-03
38.750000 2.097403e-03
39.000000 2.148089e-03
39.250000 2.194283e-03
39.500000 2.235881e-03
39.750000 2.272796e-03
40.000000 2.304958e-03
40.250000 2.332316e-03
40.500000 2.354838e-03
40.750000 2.372510e-03
41.000000 2.385340e-03
41.250000 2.393355e-03
41.500000 2.396606e-03
41.750000 2.395162e-03
42.000000 2.389118e-03
42.250000 2.378587e-03
42.500000 2.363709e-03
42.750000 2.344645e-03
43.000000 2.321578e-03
43.250000 2.294719e-03
43.500000 2.264298e-03
43.750000 2.230573e-03
44.000000 2.193823e-03
44.250000 2.154354e-03
44.500000 2.112495e-03
44.750000 2.068601e-03
45.000000 2.023048e-03
45.250000 1.976239e-03
45.500000 1.928597e-03
45.750000 1.880568e-03
46.000000 1.832616e-03
46.250000 1.785222e-03
46.500000 1.738878e-03
46.750000 1.694082e-03
47.000000 1.651332e-03
47.250000 1.611114e-03
47.500000 1.573893e-03
47.750000 1.540097e-03
48.000000 1.510106e-03
48.250000 1.484237e-03
48.500000 1.462727e-03
48.750000 1.445723e-03
49.000000 1.433276e-03
49.250000 1.425333e-03
49.500000 1.421742e-03
49.750000 1.422260e-03
50.000000 1.426562e-03
