-50.000000 1.091930e-04
-49.750000 7.888021e-05
-49.500000 8.731825e-05
-49.250000 1.452259e-04
-49.000000 1.997654e-04
-48.750000 2.226831e-04
-48.500000 2.035265e-04
-48.250000 1.512033e-04
-48.000000 1.133443e-04
-47.750000 1.568111e-04
-47.500000 2.286357e-04
-47.250000 2.753133e-04
-47.000000 2.822526e-04
-46.750000 2.587604e-04
-46.500000 2.323184e-04
-46.250000 2.276612e-04
-46.000000 2.352456e-04
-45.750000 2.261608e-04
-45.500000 1.876039e-04
-45.250000 1.374251e-04
-45.000000 1.282806e-04
-44.750000 1.679154e-04
-44.500000 1.992815e-04
-44.250000 1.980265e-04
-44.000000 1.822810e-04
-43.750000 2.035339e-04
-43.500000 2.723393e-04
-43.250000 3.417779e-04
-43.000000 3.736530e-04
-42.750000 3.541580e-04
-42.500000 2.960510e-04
-42.250000 2.438509e-04
-42.000000 2.525469e-04
-41.750000 3.042808e-04
-41.500000 3.397653e-04
-41.250000 3.293859e-04
-41.000000 2.762174e-04
-40.750000 2.153461e-04
-40.500000 2.072356e-04
-40.250000 2.550923e-04
-40.000000 2.982685e-04
-39.750000 3.009886e-04
-39.500000 2.575389e-04
-39.250000 1.819518e-04
-39.000000 1.029198e-04
-38.750000 6.569370e-05
-38.500000 7.400822e-05
-38.250000 6.593814e-05
-38.000000 2.783014e-05
-37.750000 2.970916e-05
-37.500000 7.907474e-05
-37.250000 1.020871e-04
-37.000000 8.734205e-05
-36.750000 4.983691e-05
-36.500000 8.291102e-05
-36.250000 1.605878e-04
-36.000000 2.205465e-04
-35.750000 2.409786e-04
-35.500000 2.189861e-04
-35.250000 1.740290e-04
-35.000000 1.490979e-04
-34.750000 1.660329e-04
-34.500000 1.837781e-04
-34.250000 1.673542e-04
-34.000000 1.137263e-04
-33.750000 5.950470e-05
-33.500000 9.413155e-05
-33.250000 1.442210e-04
-33.000000 1.540728e-04
-32.750000 1.156189e-04
-32.500000 4.351131e-05
-32.250000 5.668358e-05
-32.000000 1.266644e-04
-31.750000 1.598939e-04
-31.500000 1.472576e-04
-31.250000 1.081980e-04
-31.000000 1.085214e-04
-30.750000 1.642890e-04
-30.500000 2.096277e-04
-30.250000 2.122094e-04
-30.000000 1.683769e-04
-29.750000 1.022292e-04
-29.500000 9.405091e-05
-29.250000 1.539660e-04
-29.000000 1.958941e-04
-28.750000 1.928326e-04
-28.500000 1.452659e-04
-28.250000 7.547530e-05
-28.000000 7.189646e-05
-27.750000 1.386426e-04
-27.500000 1.858392e-04
-27.250000 1.939225e-04
-27.000000 1.620022e-04
-26.750000 1.007822e-04
-26.500000 3.538484e-05
-26.250000 5.292262e-05
-26.000000 8.624033e-05
-25.750000 8.217159e-05
-25.500000 6.457745e-05
-25.250000 1.305023e-04
-25.000000 2.477760e-04
-24.750000 3.617744e-04
-24.500000 4.380859e-04
-24.250000 4.543626e-04
-24.000000 4.070585e-04
-23.750000 3.201030e-04
-23.500000 2.560829e-04
-23.250000 2.780599e-04
-23.000000 3.381065e-04
-22.750000 3.623665e-04
-22.500000 3.231730e-04
-22.250000 2.264387e-04
-22.000000 9.855905e-05
-21.750000 2.765034e-05
-21.500000 1.191690e-04
-21.250000 1.665206e-04
-21.000000 1.816986e-04
-20.750000 1.956751e-04
-20.500000 2.213415e-04
-20.250000 2.350869e-04
-20.000000 2.109358e-04
-19.750000 1.487028e-04
-19.500000 9.878167e-05
-19.250000 1.339533e-04
-19.000000 1.698651e-04
-18.750000 1.494539e-04
-18.500000 1.650779e-04
-18.250000 3.676382e-04
-18.000000 6.593649e-04
-17.750000 9.527724e-04
-17.500000 1.178562e-03
-17.250000 1.287393e-03
-17.000000 1.266832e-03
-16.750000 1.156652e-03
-16.500000 1.050555e-03
-16.250000 1.043025e-03
-16.000000 1.120999e-03
-15.750000 1.178955e-03
-15.500000 1.131564e-03
-15.250000 9.570312e-04
-15.000000 6.936372e-04
-14.750000 4.376051e-04
-14.500000 3.606869e-04
-14.250000 4.891842e-04
-14.000000 6.647938e-04
-13.750000 8.538873e-04
-13.500000 1.051278e-03
-13.250000 1.211101e-03
-13.000000 1.263146e-03
-12.750000 1.154093e-03
-12.500000 8.819568e-04
-12.250000 5.456941e-04
-12.000000 5.111895e-04
-11.750000 8.570592e-04
-11.500000 1.186077e-03
-11.250000 1.354614e-03
-11.000000 1.340723e-03
-10.750000 1.206706e-03
-10.500000 1.100952e-03
-10.250000 1.187827e-03
-10.000000 1.462658e-03
-9.750000 1.794948e-03
-9.500000 2.083328e-03
-9.250000 2.270930e-03
-9.000000 2.326193e-03
-8.750000 2.240421e-03
-8.500000 2.041754e-03
-8.250000 1.815955e-03
-8.000000 1.704781e-03
-7.750000 1.810882e-03
-7.500000 2.078520e-03
-7.250000 2.370907e-03
-7.000000 2.588661e-03
-6.750000 2.688460e-03
-6.500000 2.665626e-03
-6.250000 2.542972e-03
-6.000000 2.377608e-03
-5.750000 2.275197e-03
-5.500000 2.357068e-03
-5.250000 2.646389e-03
-5.000000 3.024281e-03
-4.750000 3.325377e-03
-4.500000 3.421192e-03
-4.250000 3.249477e-03
-4.000000 2.820339e-03
-3.750000 2.212293e-03
-3.500000 1.567044e-03
-3.250000 1.097782e-03
-3.000000 1.006471e-03
-2.750000 1.147033e-03
-2.500000 1.250156e-03
-2.250000 1.232660e-03
-2.000000 1.130216e-03
-1.750000 1.033393e-03
-1.500000 1.030992e-03
-1.250000 1.136423e-03
-1.000000 1.292819e-03
-0.750000 1.444429e-03
-0.500000 1.563157e-03
-0.250000 1.640743e-03
0.000000 1.678375e-03
0.250000 1.680456e-03
0.500000 1.651770e-03
0.750000 1.596987e-03
1.000000 1.522159e-03
1.250000 1.437995e-03
1.500000 1.363138e-03
1.750000 1.321951e-03
2.000000 1.330049e-03
2.250000 1.374497e-03
2.500000 1.412221e-03
2.750000 1.391915e-03
3.000000 1.282325e-03
3.250000 1.101454e-03
3.500000 9.545843e-04
3.750000 1.014257e-03
4.000000 1.290310e-03
4.250000 1.614066e-03
4.500000 1.845801e-03
4.750000 1.912136e-03
5.000000 1.793359e-03
5.250000 1.512645e-03
5.500000 1.121698e-03
5.750000 6.819749e-04
6.000000 2.466316e-04
6.250000 1.492701e-04
6.500000 4.848501e-04
6.750000 7.406583e-04
7.000000 8.884076e-04
7.250000 8.944061e-04
7.500000 7.343970e-04
7.750000 4.103040e-04
8.000000 5.836859e-05
8.250000 5.590583e-04
8.500000 1.044386e-03
8.750000 1.417099e-03
9.000000 1.612946e-03
9.250000 1.604780e-03
9.500000 1.407816e-03
9.750000 1.074509e-03
10.000000 6.824478e-04
10.250000 3.326091e-04
10.500000 2.403238e-04
10.750000 3.909102e-04
11.000000 5.033640e-04
11.250000 5.412257e-04
11.500000 5.180636e-04
11.750000 4.548099e-04
12.000000 3.853004e-04
12.250000 3.662339e-04
12.500000 4.224170e-04
12.750000 4.946126e-04
13.000000 5.113820e-04
13.250000 4.323571e-04
13.500000 2.523898e-04
13.750000 4.637295e-05
14.000000 2.985051e-04
14.250000 5.496642e-04
14.500000 7.173039e-04
14.750000 7.704792e-04
15.000000 7.097580e-04
15.250000 5.660454e-04
15.500000 3.897950e-04
15.750000 2.313640e-04
16.000000 1.227069e-04
16.250000 1.263374e-04
16.500000 2.604096e-04
16.750000 4.353008e-04
17.000000 5.910952e-04
17.250000 6.761845e-04
17.500000 6.588946e-04
17.750000 5.425929e-04
18.000000 3.818879e-04
18.250000 3.116782e-04
18.500000 4.014635e-04
18.750000 5.010486e-04
19.000000 5.193316e-04
19.250000 4.449520e-04
19.500000 3.091704e-04
19.750000 1.674772e-04
20.000000 8.892663e-05
20.250000 9.398489e-05
20.500000 1.404806e-04
20.750000 2.508083e-04
21.000000 3.913140e-04
21.250000 5.042612e-04
21.500000 5.450305e-04
21.750000 4.969363e-04
22.000000 3.823754e-04
22.250000 2.790320e-04
22.500000 2.941830e-04
22.750000 3.742892e-04
23.000000 4.118485e-04
23.250000 3.746831e-04
23.500000 2.785251e-04
23.750000 1.674669e-04
24.000000 1.009978e-04
24.250000 9.046581e-05
24.500000 8.196148e-05
24.750000 1.245683e-04
25.000000 2.276783e-04
25.250000 3.264955e-04
25.500000 3.760355e-04
25.750000 3.538861e-04
26.000000 2.644413e-04
26.250000 1.509540e-04
26.500000 1.508080e-04
26.750000 2.565903e-04
27.000000 3.364881e-04
27.250000 3.588700e-04
27.500000 3.270123e-04
27.750000 2.616597e-04
28.000000 1.930583e-04
28.250000 1.538218e-04
28.500000 1.560864e-04
28.750000 1.747531e-04
29.000000 1.834311e-04
29.250000 1.689670e-04
29.500000 1.285601e-04
29.750000 7.508265e-05
30.000000 6.740658e-05
30.250000 1.177142e-04
30.500000 1.577445e-04
30.750000 1.691778e-04
31.000000 1.581165e-04
31.250000 1.453417e-04
31.500000 1.445109e-04
31.750000 1.407369e-04
32.000000 1.119468e-04
32.250000 5.747180e-05
32.500000 6.712957e-05
32.750000 1.506828e-04
33.000000 2.198989e-04
33.250000 2.504805e-04
33.500000 2.361703e-04
33.750000 1.877109e-04
34.000000 1.329354e-04
34.250000 1.097148e-04
34.500000 1.177804e-04
34.750000 1.185230e-04
35.000000 9.763837e-05
35.250000 6.423633e-05
35.500000 3.828365e-05
35.750000 3.600357e-05
36.000000 5.399866e-05
36.250000 9.237117e-05
36.500000 1.410218e-04
36.750000 1.803686e-04
37.000000 1.931959e-04
37.250000 1.722942e-04
37.500000 1.253833e-04
37.750000 8.091797e-05
38.000000 8.193247e-05
38.250000 1.041160e-04
38.500000 1.136771e-04
38.750000 1.279000e-04
39.000000 1.754570e-04
39.250000 2.406107e-04
39.500000 2.889172e-04
39.750000 2.961227e-04
40.000000 2.545784e-04
40.250000 1.769443e-04
40.500000 1.110663e-04
40.750000 1.389835e-04
41.000000 2.019984e-04
41.250000 2.343375e-04
41.500000 2.239349e-04
41.750000 1.855614e-04
42.000000 1.594012e-04
42.250000 1.816055e-04
42.500000 2.251556e-04
42.750000 2.497588e-04
43.000000 2.378705e-04
43.250000 1.894982e-04
43.500000 1.187485e-04
43.750000 6.514463e-05
44.000000 9.167309e-05
44.250000 1.319122e-04
44.500000 1.435966e-04
44.750000 1.288152e-04
45.000000 1.179304e-04
45.250000 1.455504e-04
45.500000 1.907824e-04
45.750000 2.177955e-04
46.000000 2.106106e-04
46.250000 1.747379e-04
46.500000 1.410853e-04
46.750000 1.497106e-04
47.000000 1.826807e-04
47.250000 1.976897e-04
47.500000 1.815641e-04
47.750000 1.549056e-04
48.000000 1.644450e-04
48.250000 2.125185e-04
48.500000 2.524712e-04
48.750000 2.530077e-04
49.000000 2.055548e-04
49.250000 1.193713e-04
49.500000 1.713753e-05
49.750000 8.005536e-05
50.000000 1.439891e-04
