-50.000000 1.533949e-03
-49.750000 1.516424e-03
-49.500000 1.497802e-03
-49.250000 1.478104e-03
-49.000000 1.457357e-03
-48.750000 1.435587e-03
-48.500000 1.412823e-03
-48.250000 1.389095e-03
-48.000000 1.364434e-03
-47.750000 1.338873e-03
-47.500000 1.312446e-03
-47.250000 1.285190e-03
-47.000000 1.257141e-03
-46.750000 1.228336e-03
-46.500000 1.198816e-03
-46.250000 1.168620e-03
-46.000000 1.137789e-03
-45.750000 1.106365e-03
-45.500000 1.074391e-03
-45.250000 1.041909e-03
-45.000000 1.008964e-03
-44.750000 9.756002e-04
-44.500000 9.418621e-04
-44.250000 9.077950e-04
-44.000000 8.734443e-04
-43.750000 8.388556e-04
-43.500000 8.040748e-04
-43.250000 7.691474e-04
-43.000000 7.341193e-04
-42.750000 6.990361e-04
-42.500000 6.639430e-04
-42.250000 6.288853e-04
-42.000000 5.939076e-04
-41.750000 5.590542e-04
-41.500000 5.243689e-04
-41.250000 4.898951e-04
-41.000000 4.556753e-04
-40.750000 4.217516e-04
-40.500000 3.881652e-04
-40.250000 3.549568e-04
-40.000000 3.221664e-04
-39.750000 2.898334e-04
-39.500000 2.579970e-04
-39.250000 2.266967e-04
-39.000000 1.959730e-04
-38.750000 1.658694e-04
-38.500000 1.364373e-04
-38.250000 1.077464e-04
-38.000000 7.991848e-05
-37.750000 5.325541e-05
-37.500000 2.901372e-05
-37.250000 1.693249e-05
-37.000000 3.243866e-05
-36.750000 5.494788e-05
-36.500000 7.790195e-05
-36.250000 1.004119e-04
-36.000000 1.222475e-04
-35.750000 1.433193e-04
-35.500000 1.635837e-04
-35.250000 1.830160e-04
-35.000000 2.016018e-04
-34.750000 2.193327e-04
-34.500000 2.362050e-04
-34.250000 2.522188e-04
-34.000000 2.673775e-04
-33.750000 2.816874e-04
-33.500000 2.951579e-04
-33.250000 3.078014e-04
-33.000000 3.196329e-04
-32.750000 3.306705e-04
-32.500000 3.409353e-04
-32.250000 3.504512e-04
-32.000000 3.592450e-04
-31.750000 3.673465e-04
-31.500000 3.747887e-04
-31.250000 3.816074e-04
-31.000000 3.878414e-04
-30.750000 3.935325e-04
-30.500000 3.987252e-04
-30.250000 4.034670e-04
-30.000000 4.078081e-04
-29.750000 4.118010e-04
-29.500000 4.155005e-04
-29.250000 4.189637e-04
-29.000000 4.222490e-04
-28.750000 4.254163e-04
-28.500000 4.285261e-04
-28.250000 4.316394e-04
-28.000000 4.348167e-04
-27.750000 4.381176e-04
-27.500000 4.415998e-04
-27.250000 4.453188e-04
-27.000000 4.493268e-04
-26.750000 4.536722e-04
-26.500000 4.583987e-04
-26.250000 4.635447e-04
-26.000000 4.691433e-04
-25.750000 4.752209e-04
-25.500000 4.817978e-04
-25.250000 4.888878e-04
-25.000000 4.964978e-04
-24.750000 5.046286e-04
-24.500000 5.132744e-04
-24.250000 5.224240e-04
-24.000000 5.320605e-04
-23.750000 5.421623e-04
-23.500000 5.527034e-04
-23.250000 5.636542e-04
-23.000000 5.749819e-04
-22.750000 5.866510e-04
-22.500000 5.986243e-04
-22.250000 6.108628e-04
-22.000000 6.233267e-04
-21.750000 6.359755e-04
-21.500000 6.487684e-04
-21.250000 6.616650e-04
-21.000000 6.746250e-04
-20.750000 6.876092e-04
-20.500000 7.005789e-04
-20.250000 7.134968e-04
-20.000000 7.263267e-04
-19.750000 7.390340e-04
-19.500000 7.515855e-04
-19.250000 7.639496e-04
-19.000000 7.760966e-04
-18.750000 7.879984e-04
-18.500000 7.996287e-04
-18.250000 8.109635e-04
-18.000000 8.219801e-04
-17.750000 8.326583e-04
-17.500000 8.429796e-04
-17.250000 8.529276e-04
-17.000000 8.624879e-04
-16.750000 8.716481e-04
-16.500000 8.803979e-04
-16.250000 8.887289e-04
-16.000000 8.966348e-04
-15.750000 9.041113e-04
-15.500000 9.111562e-04
-15.250000 9.177691e-04
-15.000000 9.239517e-04
-14.750000 9.297074e-04
-14.500000 9.350418e-04
-14.250000 9.399621e-04
-14.000000 9.444774e-04
-13.750000 9.485984e-04
-13.500000 9.523378e-04
-13.250000 9.557096e-04
-13.000000 9.587294e-04
-12.750000 9.614142e-04
-12.500000 9.637826e-04
-12.250000 9.658541e-04
-12.000000 9.676495e-04
-11.750000 9.691906e-04
-11.500000 9.705001e-04
-11.250000 9.716013e-04
-11.000000 9.725182e-04
-10.750000 9.732751e-04
-10.500000 9.738966e-04
-10.250000 9.744073e-04
-10.000000 9.748318e-04
-9.750000 9.751943e-04
-9.500000 9.755184e-04
-9.250000 9.758272e-04
-9.000000 9.761426e-04
-8.750000 9.764857e-04
-8.500000 9.768760e-04
-8.250000 9.773319e-04
-8.000000 9.778697e-04
-7.750000 9.785042e-04
-7.500000 9.792480e-04
-7.250000 9.801117e-04
-7.000000 9.811037e-04
-6.750000 9.822299e-04
-6.500000 9.834940e-04
-6.250000 9.848970e-04
-6.000000 9.864375e-04
-5.750000 9.881117e-04
-5.500000 9.899132e-04
-5.250000 9.918332e-04
-5.000000 9.938604e-04
-4.750000 9.959815e-04
-4.500000 9.981806e-04
-4.250000 1.000440e-03
-4.000000 1.002740e-03
-3.750000 1.005060e-03
-3.500000 1.007376e-03
-3.250000 1.009663e-03
-3.000000 1.011896e-03
-2.750000 1.014049e-03
-2.500000 1.016093e-03
-2.250000 1.017999e-03
-2.000000 1.019740e-03
-1.750000 1.021285e-03
-1.500000 1.022604e-03
-1.250000 1.023669e-03
-1.000000 1.024449e-03
-0.750000 1.024916e-03
-0.500000 1.025040e-03
-0.250000 1.024793e-03
0.000000 1.024147e-03
0.250000 1.023076e-03
0.500000 1.021554e-03
0.750000 1.019555e-03
1.000000 1.017055e-03
1.250000 1.014032e-03
1.500000 1.010465e-03
1.750000 1.006332e-03
2.000000 1.001614e-03
2.250000 9.962951e-04
2.500000 9.903580e-04
2.750000 9.837882e-04
3.000000 9.765727e-04
3.250000 9.686998e-04
3.500000 9.601595e-04
3.750000 9.509434e-04
4.000000 9.410446e-04
4.250000 9.304580e-04
4.500000 9.191801e-04
4.750000 9.072089e-04
5.000000 8.945442e-04
5.250000 8.811874e-04
5.500000 8.671418e-04
5.750000 8.524120e-04
6.000000 8.370046e-04
6.250000 8.209278e-04
6.500000 8.041916e-04
6.750000 7.868077e-04
7.000000 7.687896e-04
7.250000 7.501528e-04
7.500000 7.309145e-04
7.750000 7.110940e-04
8.000000 6.907127e-04
8.250000 6.697941e-04
8.500000 6.483644e-04
8.750000 6.264521e-04
9.000000 6.040889e-04
9.250000 5.813097e-04
9.500000 5.581534e-04
9.750000 5.346632e-04
10.000000 5.108878e-04
10.250000 4.868824e-04
10.500000 4.627103e-04
10.750000 4.384447e-04
11.000000 4.141716e-04
11.250000 3.899934e-04
11.500000 3.660335e-04
11.750000 3.424429e-04
12.000000 3.194083e-04
12.250000 2.971635e-04
12.500000 2.760020e-04
12.750000 2.562921e-04
13.000000 2.384890e-04
13.250000 2.231385e-04
13.500000 2.108569e-04
13.750000 2.022727e-04
14.000000 1.979228e-04
14.250000 1.981264e-04
14.500000 2.028945e-04
14.750000 2.119295e-04
15.000000 2.247144e-04
15.250000 2.406382e-04
15.500000 2.590997e-04
15.750000 2.795661e-04
16.000000 3.015934e-04
16.250000 3.248238e-04
16.500000 3.489731e-04
16.750000 3.738172e-04
17.000000 3.991787e-04
17.250000 4.249164e-04
17.500000 4.509167e-04
17.750000 4.770878e-04
18.000000 5.033545e-04
18.250000 5.296546e-04
18.500000 5.559367e-04
18.750000 5.821574e-04
19.000000 6.082806e-04
19.250000 6.342756e-04
19.500000 6.601167e-04
19.750000 6.857822e-04
20.000000 7.112537e-04
20.250000 7.365162e-04
20.500000 7.615573e-04
20.750000 7.863667e-04
21.000000 8.109367e-04
21.250000 8.352611e-04
21.500000 8.593358e-04
21.750000 8.831581e-04
22.000000 9.067267e-04
22.250000 9.300416e-04
22.500000 9.531042e-04
22.750000 9.759165e-04
23.000000 9.984820e-04
23.250000 1.020805e-03
23.500000 1.042889e-03
23.750000 1.064741e-03
24.000000 1.086366e-03
24.250000 1.107770e-03
24.500000 1.128961e-03
24.750000 1.149944e-03
25.000000 1.170727e-03
25.250000 1.191317e-03
25.500000 1.211720e-03
25.750000 1.231944e-03
26.000000 1.251994e-03
26.250000 1.271876e-03
26.500000 1.291597e-03
26.750000 1.311160e-03
27.000000 1.330571e-03
27.250000 1.349832e-03
27.500000 1.368948e-03
27.750000 1.387919e-03
28.000000 1.406747e-03
28.250000 1.425433e-03
28.500000 1.443975e-03
28.750000 1.462371e-03
29.000000 1.480620e-03
29.250000 1.498717e-03
29.500000 1.516657e-03
29.750000 1.534433e-03
30.000000 1.552040e-03
30.250000 1.569468e-03
30.500000 1.586708e-03
30.750000 1.603750e-03
31.000000 1.620583e-03
31.250000 1.637193e-03
31.500000 1.653568e-03
31.750000 1.669693e-03
32.000000 1.685553e-03
32.250000 1.701131e-03
32.500000 1.716412e-03
32.750000 1.731377e-03
33.000000 1.746009e-03
33.250000 1.760288e-03
33.500000 1.774195e-03
33.750000 1.787711e-03
34.000000 1.800815e-03
34.250000 1.813487e-03
34.500000 1.825706e-03
34.750000 1.837452e-03
35.000000 1.848704e-03
35.250000 1.859440e-03
35.500000 1.869641e-03
35.750000 1.879285e-03
36.000000 1.888352e-03
36.250000 1.896822e-03
36.500000 1.904674e-03
36.750000 1.911891e-03
37.000000 1.918452e-03
37.250000 1.924340e-03
37.500000 1.929536e-03
37.750000 1.934025e-03
38.000000 1.937788e-03
38.250000 1.940812e-03
38.500000 1.943081e-03
38.750000 1.944581e-03
39.000000 1.945300e-03
39.250000 1.945226e-03
39.500000 1.944348e-03
39.750000 1.942656e-03
40.000000 1.940141e-03
40.250000 1.936797e-03
40.500000 1.932616e-03
40.750000 1.927594e-03
41.000000 1.921727e-03
41.250000 1.915011e-03
41.500000 1.907446e-03
41.750000 1.899032e-03
42.000000 1.889769e-03
42.250000 1.879660e-03
42.500000 1.868709e-03
42.750000 1.856922e-03
43.000000 1.844304e-03
43.250000 1.830864e-03
43.500000 1.816611e-03
43.750000 1.801555e-03
44.000000 1.785709e-03
44.250000 1.769085e-03
44.500000 1.751700e-03
44.750000 1.733567e-03
45.000000 1.714706e-03
45.250000 1.695135e-03
45.500000 1.674873e-03
45.750000 1.653943e-03
46.000000 1.632366e-03
46.250000 1.610168e-03
46.500000 1.587372e-03
46.750000 1.564007e-03
47.000000 1.540100e-03
47.250000 1.515680e-03
47.500000 1.490777e-03
47.750000 1.465424e-03
48.000000 1.439653e-03
48.250000 1.413498e-03
48.500000 1.386996e-03
48.750000 1.360182e-03
49.000000 1.333094e-03
49.250000 1.305773e-03
49.500000 1.278258e-03
49.750000 1.250592e-03
50.000000 1.222817e-03
