-50.000000 1.429017e-03
-49.750000 1.402872e-03
-49.500000 1.375319e-03
-49.250000 1.347123e-03
-49.000000 1.319077e-03
-48.750000 1.291990e-03
-48.500000 1.266672e-03
-48.250000 1.243930e-03
-48.000000 1.224552e-03
-47.750000 1.209299e-03
-47.500000 1.198899e-03
-47.250000 1.194038e-03
-47.000000 1.195350e-03
-46.750000 1.203419e-03
-46.500000 1.218760e-03
-46.250000 1.241819e-03
-46.000000 1.272956e-03
-45.750000 1.312439e-03
-45.500000 1.360428e-03
-45.250000 1.416964e-03
-45.000000 1.481964e-03
-44.750000 1.555212e-03
-44.500000 1.636356e-03
-44.250000 1.724912e-03
-44.000000 1.820263e-03
-43.750000 1.921667e-03
-43.500000 2.028265e-03
-43.250000 2.139093e-03
-43.000000 2.253086e-03
-42.750000 2.369100e-03
-42.500000 2.485916e-03
-42.250000 2.602260e-03
-42.000000 2.716814e-03
-41.750000 2.828235e-03
-41.500000 2.935166e-03
-41.250000 3.036254e-03
-41.000000 3.130170e-03
-40.750000 3.215618e-03
-40.500000 3.291356e-03
-40.250000 3.356210e-03
-40.000000 3.409087e-03
-39.750000 3.448995e-03
-39.500000 3.475049e-03
-39.250000 3.486491e-03
-39.000000 3.482694e-03
-38.750000 3.463178e-03
-38.500000 3.427615e-03
-38.250000 3.375841e-03
-38.000000 3.307853e-03
-37.750000 3.223825e-03
-37.500000 3.124103e-03
-37.250000 3.009212e-03
-37.000000 2.879854e-03
-36.750000 2.736916e-03
-36.500000 2.581471e-03
-36.250000 2.414784e-03
-36.000000 2.238329e-03
-35.750000 2.053814e-03
-35.500000 1.863227e-03
-35.250000 1.668927e-03
-35.000000 1.473803e-03
-34.750000 1.281572e-03
-34.500000 1.097326e-03
-34.250000 9.285098e-04
-34.000000 7.863883e-04
-33.750000 6.869752e-04
-33.500000 6.471617e-04
-33.250000 6.726699e-04
-33.000000 7.509886e-04
-32.750000 8.616052e-04
-32.500000 9.874770e-04
-32.250000 1.117427e-03
-32.000000 1.244516e-03
-31.750000 1.364361e-03
-31.500000 1.474091e-03
-31.250000 1.571781e-03
-31.000000 1.656145e-03
-30.750000 1.726369e-03
-30.500000 1.782020e-03
-30.250000 1.822991e-03
-30.000000 1.849473e-03
-29.750000 1.861943e-03
-29.500000 1.861157e-03
-29.250000 1.848152e-03
-29.000000 1.824251e-03
-28.750000 1.791075e-03
-28.500000 1.750551e-03
-28.250000 1.704927e-03
-28.000000 1.656767e-03
-27.750000 1.608931e-03
-27.500000 1.564518e-03
-27.250000 1.526743e-03
-27.000000 1.498752e-03
-26.750000 1.483346e-03
-26.500000 1.482684e-03
-26.250000 1.498017e-03
-26.000000 1.529545e-03
-25.750000 1.576452e-03
-25.500000 1.637107e-03
-25.250000 1.709348e-03
-25.000000 1.790766e-03
-24.750000 1.878943e-03
-24.500000 1.971608e-03
-24.250000 2.066724e-03
-24.000000 2.162528e-03
-23.750000 2.257531e-03
-23.500000 2.350511e-03
-23.250000 2.440481e-03
-23.000000 2.526667e-03
-22.750000 2.608479e-03
-22.500000 2.685478e-03
-22.250000 2.757352e-03
-22.000000 2.823890e-03
-21.750000 2.884954e-03
-21.500000 2.940459e-03
-21.250000 2.990352e-03
-21.000000 3.034589e-03
-20.750000 3.073125e-03
-20.500000 3.105898e-03
-20.250000 3.132820e-03
-20.000000 3.153774e-03
-19.750000 3.168605e-03
-19.500000 3.177132e-03
-19.250000 3.179142e-03
-19.000000 3.174406e-03
-18.750000 3.162684e-03
-18.500000 3.143744e-03
-18.250000 3.117368e-03
-18.000000 3.083377e-03
-17.750000 3.041638e-03
-17.500000 2.992089e-03
-17.250000 2.934753e-03
-17.000000 2.869752e-03
-16.750000 2.797330e-03
-16.500000 2.717867e-03
-16.250000 2.631897e-03
-16.000000 2.540132e-03
-15.750000 2.443477e-03
-15.500000 2.343057e-03
-15.250000 2.240240e-03
-15.000000 2.136666e-03
-14.750000 2.034267e-03
-14.500000 1.935287e-03
-14.250000 1.842275e-03
-14.000000 1.758040e-03
-13.750000 1.685547e-03
-13.500000 1.627714e-03
-13.250000 1.587128e-03
-13.000000 1.565690e-03
-12.750000 1.564301e-03
-12.500000 1.582688e-03
-12.250000 1.619442e-03
-12.000000 1.672266e-03
-11.750000 1.738324e-03
-11.500000 1.814587e-03
-11.250000 1.898097e-03
-11.000000 1.986132e-03
-10.750000 2.076287e-03
-10.500000 2.166492e-03
-10.250000 2.254999e-03
-10.000000 2.340356e-03
-9.750000 2.421374e-03
-9.500000 2.497089e-03
-9.250000 2.566736e-03
-9.000000 2.629720e-03
-8.750000 2.685594e-03
-8.500000 2.734038e-03
-8.250000 2.774841e-03
-8.000000 2.807887e-03
-7.750000 2.833141e-03
-7.500000 2.850640e-03
-7.250000 2.860482e-03
-7.000000 2.862820e-03
-6.750000 2.857855e-03
-6.500000 2.845831e-03
-6.250000 2.827035e-03
-6.000000 2.801792e-03
-5.750000 2.770467e-03
-5.500000 2.733462e-03
-5.250000 2.691220e-03
-5.000000 2.644225e-03
-4.750000 2.593001e-03
-4.500000 2.538112e-03
-4.250000 2.480162e-03
-4.000000 2.419790e-03
-3.750000 2.357663e-03
-3.500000 2.294469e-03
-3.250000 2.230901e-03
-3.000000 2.167638e-03
-2.750000 2.105327e-03
-2.500000 2.044556e-03
-2.250000 1.985823e-03
-2.000000 1.929505e-03
-1.750000 1.875834e-03
-1.500000 1.824868e-03
-1.250000 1.776474e-03
-1.000000 1.730321e-03
-0.750000 1.685881e-03
-0.500000 1.642449e-03
-0.250000 1.599171e-03
0.000000 1.555075e-03
0.250000 1.509121e-03
0.500000 1.460243e-03
0.750000 1.407398e-03
1.000000 1.349608e-03
1.250000 1.286009e-03
1.500000 1.215887e-03
1.750000 1.138730e-03
2.000000 1.054281e-03
2.250000 9.626240e-04
2.500000 8.643163e-04
2.750000 7.606515e-04
3.000000 6.541899e-04
3.250000 5.499092e-04
3.500000 4.576309e-04
3.750000 3.956721e-04
4.000000 3.885386e-04
4.250000 4.462405e-04
4.500000 5.536497e-04
4.750000 6.908564e-04
5.000000 8.449262e-04
5.250000 1.008479e-03
5.500000 1.176981e-03
5.750000 1.347273e-03
6.000000 1.516882e-03
6.250000 1.683706e-03
6.500000 1.845863e-03
6.750000 2.001626e-03
7.000000 2.149389e-03
7.250000 2.287658e-03
7.500000 2.415048e-03
7.750000 2.530293e-03
8.000000 2.632252e-03
8.250000 2.719916e-03
8.500000 2.792422e-03
8.750000 2.849058e-03
9.000000 2.889271e-03
9.250000 2.912675e-03
9.500000 2.919052e-03
9.750000 2.908359e-03
10.000000 2.880723e-03
10.250000 2.836445e-03
10.500000 2.775993e-03
10.750000 2.699998e-03
11.000000 2.609247e-03
11.250000 2.504674e-03
11.500000 2.387353e-03
11.750000 2.258483e-03
12.000000 2.119380e-03
12.250000 1.971470e-03
12.500000 1.816279e-03
12.750000 1.655436e-03
13.000000 1.490684e-03
13.250000 1.323916e-03
13.500000 1.157249e-03
13.750000 9.931946e-04
14.000000 8.349996e-04
14.250000 6.873703e-04
14.500000 5.579319e-04
14.750000 4.595395e-04
15.000000 4.103297e-04
15.250000 4.220327e-04
15.500000 4.847524e-04
15.750000 5.772749e-04
16.000000 6.834727e-04
16.250000 7.944516e-04
16.500000 9.057061e-04
16.750000 1.015020e-03
17.000000 1.121392e-03
17.250000 1.224496e-03
17.500000 1.324402e-03
17.750000 1.421406e-03
18.000000 1.515916e-03
18.250000 1.608376e-03
18.500000 1.699195e-03
18.750000 1.788704e-03
19.000000 1.877112e-03
19.250000 1.964481e-03
19.500000 2.050718e-03
19.750000 2.135562e-03
20.000000 2.218599e-03
20.250000 2.299275e-03
20.500000 2.376916e-03
20.750000 2.450761e-03
21.000000 2.519987e-03
21.250000 2.583740e-03
21.500000 2.641169e-03
21.750000 2.691451e-03
22.000000 2.733820e-03
22.250000 2.767593e-03
22.500000 2.792186e-03
22.750000 2.807140e-03
23.000000 2.812127e-03
23.250000 2.806968e-03
23.500000 2.791640e-03
23.750000 2.766281e-03
24.000000 2.731189e-03
24.250000 2.686828e-03
24.500000 2.633814e-03
24.750000 2.572918e-03
25.000000 2.505045e-03
25.250000 2.431228e-03
25.500000 2.352603e-03
25.750000 2.270388e-03
26.000000 2.185859e-03
26.250000 2.100311e-03
26.500000 2.015025e-03
26.750000 1.931219e-03
27.000000 1.850008e-03
27.250000 1.772346e-03
27.500000 1.698986e-03
27.750000 1.630433e-03
28.000000 1.566922e-03
28.250000 1.508406e-03
28.500000 1.454574e-03
28.750000 1.404890e-03
29.000000 1.358661e-03
29.250000 1.315112e-03
29.500000 1.273485e-03
29.750000 1.233122e-03
30.000000 1.193561e-03
30.250000 1.154605e-03
30.500000 1.116393e-03
30.750000 1.079443e-03
31.000000 1.044677e-03
31.250000 1.013412e-03
31.500000 9.873013e-04
31.750000 9.681962e-04
32.000000 9.579395e-04
32.250000 9.580855e-04
32.500000 9.696150e-04
32.750000 9.927264e-04
33.000000 1.026775e-03
33.250000 1.070369e-03
33.500000 1.121577e-03
33.750000 1.178159e-03
34.000000 1.237766e-03
34.250000 1.298086e-03
34.500000 1.356931e-03
34.750000 1.412288e-03
35.000000 1.462336e-03
35.250000 1.505463e-03
35.500000 1.540260e-03
35.750000 1.565527e-03
36.000000 1.580265e-03
36.250000 1.583681e-03
36.500000 1.575179e-03
36.750000 1.554363e-03
37.000000 1.521033e-03
37.250000 1.475181e-03
37.500000 1.416981e-03
37.750000 1.346793e-03
38.000000 1.265144e-03
38.250000 1.172725e-03
38.500000 1.070378e-03
38.750000 9.590831e-04
39.000000 8.399450e-04
39.250000 7.141788e-04
39.500000 5.830961e-04
39.750000 4.480962e-04
40.000000 3.106809e-04
40.250000 1.726301e-04
40.500000 4.032296e-05
40.750000 1.066219e-04
41.000000 2.383686e-04
41.250000 3.664892e-04
41.500000 4.887923e-04
41.750000 6.038813e-04
42.000000 7.105543e-04
42.250000 8.077480e-04
42.500000 8.945365e-04
42.750000 9.701381e-04
43.000000 1.033925e-03
43.250000 1.085434e-03
43.500000 1.124370e-03
43.750000 1.150618e-03
44.000000 1.164244e-03
44.250000 1.165505e-03
44.500000 1.154849e-03
44.750000 1.132925e-03
45.000000 1.100592e-03
45.250000 1.058931e-03
45.500000 1.009262e-03
45.750000 9.531846e-04
46.000000 8.926170e-04
46.250000 8.298655e-04
46.500000 7.677023e-04
46.750000 7.094329e-04
47.000000 6.588796e-04
47.250000 6.201378e-04
47.500000 5.969423e-04
47.750000 5.916738e-04
48.000000 6.044904e-04
48.250000 6.332560e-04
48.500000 6.743549e-04
48.750000 7.237685e-04
49.000000 7.778266e-04
49.250000 8.335192e-04
49.500000 8.885296e-04
49.750000 9.411535e-04
50.000000 9.901972e-04
