-50.000000 7.205159e-04
-49.750000 8.316061e-04
-49.500000 9.471785e-04
-49.250000 1.066534e-03
-49.000000 1.188791e-03
-48.750000 1.312909e-03
-48.500000 1.437709e-03
-48.250000 1.561904e-03
-48.000000 1.684134e-03
-47.750000 1.802997e-03
-47.500000 1.917082e-03
-47.250000 2.025007e-03
-47.000000 2.125449e-03
-46.750000 2.217178e-03
-46.500000 2.299083e-03
-46.250000 2.370200e-03
-46.000000 2.429734e-03
-45.750000 2.477075e-03
-45.500000 2.511812e-03
-45.250000 2.533742e-03
-45.000000 2.542875e-03
-44.750000 2.539424e-03
-44.500000 2.523807e-03
-44.250000 2.496629e-03
-44.000000 2.458665e-03
-43.750000 2.410840e-03
-43.500000 2.354201e-03
-43.250000 2.289894e-03
-43.000000 2.219127e-03
-42.750000 2.143142e-03
-42.500000 2.063186e-03
-42.250000 1.980481e-03
-42.000000 1.896197e-03
-41.750000 1.811434e-03
-41.500000 1.727205e-03
-41.250000 1.644431e-03
-41.000000 1.563940e-03
-40.750000 1.486470e-03
-40.500000 1.412684e-03
-40.250000 1.343177e-03
-40.000000 1.278492e-03
-39.750000 1.219117e-03
-39.500000 1.165481e-03
-39.250000 1.117927e-03
-39.000000 1.076672e-03
-38.750000 1.041761e-03
-38.500000 1.013010e-03
-38.250000 9.899672e-04
-38.000000 9.718930e-04
-37.750000 9.577743e-04
-37.500000 9.463693e-04
-37.250000 9.362786e-04
-37.000000 9.260296e-04
-36.750000 9.141632e-04
-36.500000 8.993138e-04
-36.250000 8.802795e-04
-36.000000 8.560813e-04
-35.750000 8.260160e-04
-35.500000 7.897063e-04
-35.250000 7.471580e-04
-35.000000 6.988355e-04
-34.750000 6.457730e-04
-34.500000 5.897501e-04
-34.250000 5.335641e-04
-34.000000 4.814002e-04
-33.750000 4.391328e-04
-33.500000 4.139219e-04
-33.250000 4.120915e-04
-33.000000 4.357628e-04
-32.750000 4.816209e-04
-32.500000 5.433158e-04
-32.250000 6.144153e-04
-32.000000 6.896874e-04
-31.750000 7.651689e-04
-31.500000 8.378839e-04
-31.250000 9.055812e-04
-31.000000 9.665584e-04
-30.750000 1.019560e-03
-30.500000 1.063720e-03
-30.250000 1.098534e-03
-30.000000 1.123840e-03
-29.750000 1.139811e-03
-29.500000 1.146949e-03
-29.250000 1.146066e-03
-29.000000 1.138272e-03
-28.750000 1.124936e-03
-28.500000 1.107646e-03
-28.250000 1.088133e-03
-28.000000 1.068176e-03
-27.750000 1.049478e-03
-27.500000 1.033519e-03
-27.250000 1.021405e-03
-27.000000 1.013742e-03
-26.750000 1.010558e-03
-26.500000 1.011310e-03
-26.250000 1.014960e-03
-26.000000 1.020106e-03
-25.750000 1.025148e-03
-25.500000 1.028444e-03
-25.250000 1.028439e-03
-25.000000 1.023771e-03
-24.750000 1.013343e-03
-24.500000 9.963718e-04
-24.250000 9.724264e-04
-24.000000 9.414608e-04
-23.750000 9.038530e-04
-23.500000 8.604602e-04
-23.250000 8.127029e-04
-23.000000 7.626868e-04
-22.750000 7.133634e-04
-22.500000 6.686843e-04
-22.250000 6.336106e-04
-22.000000 6.136904e-04
-21.750000 6.139370e-04
-21.500000 6.372725e-04
-21.250000 6.835870e-04
-21.000000 7.502149e-04
-20.750000 8.333001e-04
-20.500000 9.289852e-04
-20.250000 1.033988e-03
-20.000000 1.145725e-03
-19.750000 1.262226e-03
-19.500000 1.382011e-03
-19.250000 1.503968e-03
-19.000000 1.627252e-03
-18.750000 1.751217e-03
-18.500000 1.875350e-03
-18.250000 1.999225e-03
-18.000000 2.122469e-03
-17.750000 2.244724e-03
-17.500000 2.365626e-03
-17.250000 2.484779e-03
-17.000000 2.601741e-03
-16.750000 2.716007e-03
-16.500000 2.827004e-03
-16.250000 2.934080e-03
-16.000000 3.036503e-03
-15.750000 3.133462e-03
-15.500000 3.224068e-03
-15.250000 3.307359e-03
-15.000000 3.382312e-03
-14.750000 3.447850e-03
-14.500000 3.502856e-03
-14.250000 3.546193e-03
-14.000000 3.576716e-03
-13.750000 3.593298e-03
-13.500000 3.594850e-03
-13.250000 3.580350e-03
-13.000000 3.548868e-03
-12.750000 3.499595e-03
-12.500000 3.431881e-03
-12.250000 3.345263e-03
-12.000000 3.239508e-03
-11.750000 3.114657e-03
-11.500000 2.971077e-03
-11.250000 2.809529e-03
-11.000000 2.631259e-03
-10.750000 2.438134e-03
-10.500000 2.232857e-03
-10.250000 2.019311e-03
-10.000000 1.803154e-03
-9.750000 1.592798e-03
-9.500000 1.400940e-03
-9.250000 1.246227e-03
-9.000000 1.152732e-03
-8.750000 1.142277e-03
-8.500000 1.220602e-03
-8.250000 1.373285e-03
-8.000000 1.577216e-03
-7.750000 1.811741e-03
-7.500000 2.061737e-03
-7.250000 2.316623e-03
-7.000000 2.568838e-03
-6.750000 2.812740e-03
-6.500000 3.043954e-03
-6.250000 3.258992e-03
-6.000000 3.455044e-03
-5.750000 3.629855e-03
-5.500000 3.781668e-03
-5.250000 3.909183e-03
-5.000000 4.011536e-03
-4.750000 4.088288e-03
-4.500000 4.139415e-03
-4.250000 4.165298e-03
-4.000000 4.166711e-03
-3.750000 4.144807e-03
-3.500000 4.101102e-03
-3.250000 4.037450e-03
-3.000000 3.956017e-03
-2.750000 3.859250e-03
-2.500000 3.749835e-03
-2.250000 3.630651e-03
-2.000000 3.504710e-03
-1.750000 3.375084e-03
-1.500000 3.244825e-03
-1.250000 3.116852e-03
-1.000000 2.993838e-03
-0.750000 2.878077e-03
-0.500000 2.771343e-03
-0.250000 2.674777e-03
0.000000 2.588796e-03
0.250000 2.513058e-03
0.500000 2.446502e-03
0.750000 2.387444e-03
1.000000 2.333739e-03
1.250000 2.282967e-03
1.500000 2.232628e-03
1.750000 2.180313e-03
2.000000 2.123848e-03
2.250000 2.061400e-03
2.500000 1.991543e-03
2.750000 1.913307e-03
3.000000 1.826199e-03
3.250000 1.730219e-03
3.500000 1.625876e-03
3.750000 1.514217e-03
4.000000 1.396877e-03
4.250000 1.276172e-03
4.500000 1.155265e-03
4.750000 1.038396e-03
5.000000 9.311863e-04
5.250000 8.408187e-04
5.500000 7.755925e-04
5.750000 7.430495e-04
6.000000 7.467103e-04
6.250000 7.838177e-04
6.500000 8.466108e-04
6.750000 9.257620e-04
7.000000 1.012922e-03
7.250000 1.101539e-03
7.500000 1.186722e-03
7.750000 1.264861e-03
8.000000 1.333280e-03
8.250000 1.389997e-03
8.500000 1.433557e-03
8.750000 1.462919e-03
9.000000 1.477387e-03
9.250000 1.476559e-03
9.500000 1.460285e-03
9.750000 1.428637e-03
10.000000 1.381894e-03
10.250000 1.320513e-03
10.500000 1.245129e-03
10.750000 1.156544e-03
11.000000 1.055743e-03
11.250000 9.439375e-04
11.500000 8.226639e-04
11.750000 6.940355e-04
12.000000 5.613857e-04
12.250000 4.311360e-04
12.500000 3.186843e-04
12.750000 2.619985e-04
13.000000 3.034450e-04
13.250000 4.184616e-04
13.500000 5.648840e-04
13.750000 7.234361e-04
14.000000 8.860672e-04
14.250000 1.048527e-03
14.500000 1.207959e-03
14.750000 1.362091e-03
15.000000 1.508932e-03
15.250000 1.646657e-03
15.500000 1.773561e-03
15.750000 1.888052e-03
16.000000 1.988657e-03
16.250000 2.074044e-03
16.500000 2.143045e-03
16.750000 2.194687e-03
17.000000 2.228217e-03
17.250000 2.243139e-03
17.500000 2.239245e-03
17.750000 2.216643e-03
18.000000 2.175800e-03
18.250000 2.117571e-03
18.500000 2.043246e-03
18.750000 1.954599e-03
19.000000 1.853953e-03
19.250000 1.744264e-03
19.500000 1.629227e-03
19.750000 1.513399e-03
20.000000 1.402308e-03
20.250000 1.302440e-03
20.500000 1.220925e-03
20.750000 1.164637e-03
21.000000 1.138634e-03
21.250000 1.144463e-03
21.500000 1.179445e-03
21.750000 1.237524e-03
22.000000 1.311068e-03
22.250000 1.392487e-03
22.500000 1.475120e-03
22.750000 1.553520e-03
23.000000 1.623412e-03
23.250000 1.681548e-03
23.500000 1.725553e-03
23.750000 1.753793e-03
24.000000 1.765275e-03
24.250000 1.759568e-03
24.500000 1.736737e-03
24.750000 1.697290e-03
25.000000 1.642127e-03
25.250000 1.572490e-03
25.500000 1.489918e-03
25.750000 1.396195e-03
26.000000 1.293299e-03
26.250000 1.183354e-03
26.500000 1.068575e-03
26.750000 9.512187e-04
27.000000 8.335391e-04
27.250000 7.177427e-04
27.500000 6.059617e-04
27.750000 5.002493e-04
28.000000 4.026237e-04
28.250000 3.152170e-04
28.500000 2.406454e-04
28.750000 1.827405e-04
29.000000 1.470539e-04
29.250000 1.375730e-04
29.500000 1.495922e-04
29.750000 1.730387e-04
30.000000 2.011900e-04
30.250000 2.315954e-04
30.500000 2.639721e-04
30.750000 2.987168e-04
31.000000 3.361321e-04
31.250000 3.760823e-04
31.500000 4.179108e-04
31.750000 4.605031e-04
32.000000 5.024134e-04
32.250000 5.419985e-04
32.500000 5.775368e-04
32.750000 6.073241e-04
33.000000 6.297499e-04
33.250000 6.433568e-04
33.500000 6.468879e-04
33.750000 6.393246e-04
34.000000 6.199175e-04
34.250000 5.882135e-04
34.500000 5.440836e-04
34.750000 4.877622e-04
35.000000 4.199296e-04
35.250000 3.419325e-04
35.500000 2.565385e-04
35.750000 1.712938e-04
36.000000 1.162934e-04
36.250000 1.537133e-04
36.500000 2.525047e-04
36.750000 3.694840e-04
37.000000 4.927071e-04
37.250000 6.176265e-04
37.500000 7.414392e-04
37.750000 8.619395e-04
38.000000 9.772284e-04
38.250000 1.085637e-03
38.500000 1.185715e-03
38.750000 1.276243e-03
39.000000 1.356246e-03
39.250000 1.425017e-03
39.500000 1.482128e-03
39.750000 1.527444e-03
40.000000 1.561131e-03
40.250000 1.583656e-03
40.500000 1.595784e-03
40.750000 1.598566e-03
41.000000 1.593317e-03
41.250000 1.581587e-03
41.500000 1.565113e-03
41.750000 1.545760e-03
42.000000 1.525441e-03
42.250000 1.506017e-03
42.500000 1.489192e-03
42.750000 1.476385e-03
43.000000 1.468636e-03
43.250000 1.466519e-03
43.500000 1.470111e-03
43.750000 1.479015e-03
44.000000 1.492425e-03
44.250000 1.509229e-03
44.500000 1.528125e-03
44.750000 1.547738e-03
45.000000 1.566711e-03
45.250000 1.583782e-03
45.500000 1.597829e-03
45.750000 1.607901e-03
46.000000 1.613226e-03
46.250000 1.613213e-03
46.500000 1.607440e-03
46.750000 1.595640e-03
47.000000 1.577687e-03
47.250000 1.553572e-03
47.500000 1.523390e-03
47.750000 1.487324e-03
48.000000 1.445628e-03
48.250000 1.398619e-03
48.500000 1.346666e-03
48.750000 1.290187e-03
49.000000 1.229647e-03
49.250000 1.165559e-03
49.500000 1.098490e-03
49.750000 1.029074e-03
50.000000 9.580277e-04
