-50.000000 1.798296e-03
-49.750000 1.839659e-03
-49.500000 1.881708e-03
-49.250000 1.923951e-03
-49.000000 1.965905e-03
-48.750000 2.007103e-03
-48.500000 2.047101e-03
-48.250000 2.085482e-03
-48.000000 2.121859e-03
-47.750000 2.155878e-03
-47.500000 2.187223e-03
-47.250000 2.215614e-03
-47.000000 2.240811e-03
-46.750000 2.262614e-03
-46.500000 2.280867e-03
-46.250000 2.295458e-03
-46.000000 2.306316e-03
-45.750000 2.313419e-03
-45.500000 2.316791e-03
-45.250000 2.316501e-03
-45.000000 2.312667e-03
-44.750000 2.305457e-03
-44.500000 2.295086e-03
-44.250000 2.281818e-03
-44.000000 2.265965e-03
-43.750000 2.247885e-03
-43.500000 2.227984e-03
-43.250000 2.206708e-03
-43.000000 2.184543e-03
-42.750000 2.162008e-03
-42.500000 2.139646e-03
-42.250000 2.118020e-03
-42.000000 2.097697e-03
-41.750000 2.079236e-03
-41.500000 2.063175e-03
-41.250000 2.050010e-03
-41.000000 2.040184e-03
-40.750000 2.034064e-03
-40.500000 2.031930e-03
-40.250000 2.033961e-03
-40.000000 2.040228e-03
-39.750000 2.050688e-03
-39.500000 2.065186e-03
-39.250000 2.083462e-03
-39.000000 2.105161e-03
-38.750000 2.129848e-03
-38.500000 2.157018e-03
-38.250000 2.186119e-03
-38.000000 2.216564e-03
-37.750000 2.247747e-03
-37.500000 2.279055e-03
-37.250000 2.309882e-03
-37.000000 2.339635e-03
-36.750000 2.367745e-03
-36.500000 2.393672e-03
-36.250000 2.416910e-03
-36.000000 2.436992e-03
-35.750000 2.453487e-03
-35.500000 2.466010e-03
-35.250000 2.474219e-03
-35.000000 2.477815e-03
-34.750000 2.476546e-03
-34.500000 2.470204e-03
-34.250000 2.458629e-03
-34.000000 2.441706e-03
-33.750000 2.419365e-03
-33.500000 2.391588e-03
-33.250000 2.358397e-03
-33.000000 2.319868e-03
-32.750000 2.276122e-03
-32.500000 2.227329e-03
-32.250000 2.173713e-03
-32.000000 2.115546e-03
-31.750000 2.053160e-03
-31.500000 1.986943e-03
-31.250000 1.917349e-03
-31.000000 1.844900e-03
-30.750000 1.770197e-03
-30.500000 1.693927e-03
-30.250000 1.616877e-03
-30.000000 1.539946e-03
-29.750000 1.464162e-03
-29.500000 1.390693e-03
-29.250000 1.320858e-03
-29.000000 1.256125e-03
-28.750000 1.198086e-03
-28.500000 1.148399e-03
-28.250000 1.108688e-03
-28.000000 1.080385e-03
-27.750000 1.064559e-03
-27.500000 1.061744e-03
-27.250000 1.071845e-03
-27.000000 1.094146e-03
-26.750000 1.127430e-03
-26.500000 1.170153e-03
-26.250000 1.220631e-03
-26.000000 1.277191e-03
-25.750000 1.338270e-03
-25.500000 1.402470e-03
-25.250000 1.468577e-03
-25.000000 1.535556e-03
-24.750000 1.602541e-03
-24.500000 1.668818e-03
-24.250000 1.733807e-03
-24.000000 1.797046e-03
-23.750000 1.858178e-03
-23.500000 1.916941e-03
-23.250000 1.973153e-03
-23.000000 2.026712e-03
-22.750000 2.077584e-03
-22.500000 2.125796e-03
-22.250000 2.171437e-03
-22.000000 2.214646e-03
-21.750000 2.255611e-03
-21.500000 2.294563e-03
-21.250000 2.331770e-03
-21.000000 2.367534e-03
-20.750000 2.402178e-03
-20.500000 2.436047e-03
-20.250000 2.469496e-03
-20.000000 2.502881e-03
-19.750000 2.536557e-03
-19.500000 2.570861e-03
-19.250000 2.606110e-03
-19.000000 2.642593e-03
-18.750000 2.680557e-03
-18.500000 2.720211e-03
-18.250000 2.761710e-03
-18.000000 2.805159e-03
-17.750000 2.850605e-03
-17.500000 2.898042e-03
-17.250000 2.947405e-03
-17.000000 2.998577e-03
-16.750000 3.051388e-03
-16.500000 3.105624e-03
-16.250000 3.161027e-03
-16.000000 3.217305e-03
-15.750000 3.274135e-03
-15.500000 3.331170e-03
-15.250000 3.388044e-03
-15.000000 3.444380e-03
-14.750000 3.499791e-03
-14.500000 3.553890e-03
-14.250000 3.606293e-03
-14.000000 3.656619e-03
-13.750000 3.704499e-03
-13.500000 3.749577e-03
-13.250000 3.791514e-03
-13.000000 3.829986e-03
-12.750000 3.864693e-03
-12.500000 3.895354e-03
-12.250000 3.921713e-03
-12.000000 3.943538e-03
-11.750000 3.960621e-03
-11.500000 3.972782e-03
-11.250000 3.979864e-03
-11.000000 3.981740e-03
-10.750000 3.978307e-03
-10.500000 3.969487e-03
-10.250000 3.955230e-03
-10.000000 3.935510e-03
-9.750000 3.910327e-03
-9.500000 3.879702e-03
-9.250000 3.843683e-03
-9.000000 3.802337e-03
-8.750000 3.755754e-03
-8.500000 3.704042e-03
-8.250000 3.647331e-03
-8.000000 3.585765e-03
-7.750000 3.519507e-03
-7.500000 3.448735e-03
-7.250000 3.373638e-03
-7.000000 3.294420e-03
-6.750000 3.211295e-03
-6.500000 3.124485e-03
-6.250000 3.034223e-03
-6.000000 2.940745e-03
-5.750000 2.844295e-03
-5.500000 2.745120e-03
-5.250000 2.643469e-03
-5.000000 2.539593e-03
-4.750000 2.433743e-03
-4.500000 2.326169e-03
-4.250000 2.217119e-03
-4.000000 2.106838e-03
-3.750000 1.995568e-03
-3.500000 1.883544e-03
-3.250000 1.771001e-03
-3.000000 1.658163e-03
-2.750000 1.545254e-03
-2.500000 1.432491e-03
-2.250000 1.320087e-03
-2.000000 1.208252e-03
-1.750000 1.097200e-03
-1.500000 9.871483e-04
-1.250000 8.783295e-04
-1.000000 7.710071e-04
-0.750000 6.655043e-04
-0.500000 5.622644e-04
-0.250000 4.619820e-04
0.000000 3.659235e-04
0.250000 2.768115e-04
0.500000 2.014890e-04
0.750000 1.573519e-04
1.000000 1.673447e-04
1.250000 2.217889e-04
1.500000 2.952123e-04
1.750000 3.750992e-04
2.000000 4.567749e-04
2.250000 5.383175e-04
2.500000 6.188173e-04
2.750000 6.977893e-04
3.000000 7.749490e-04
3.250000 8.501178e-04
3.500000 9.231771e-04
3.750000 9.940460e-04
4.000000 1.062668e-03
4.250000 1.129006e-03
4.500000 1.193036e-03
4.750000 1.254743e-03
5.000000 1.314125e-03
5.250000 1.371187e-03
5.500000 1.425943e-03
5.750000 1.478416e-03
6.000000 1.528636e-03
6.250000 1.576641e-03
6.500000 1.622479e-03
6.750000 1.666206e-03
7.000000 1.707887e-03
7.250000 1.747596e-03
7.500000 1.785416e-03
7.750000 1.821440e-03
8.000000 1.855769e-03
8.250000 1.888515e-03
8.500000 1.919797e-03
8.750000 1.949744e-03
9.000000 1.978490e-03
9.250000 2.006179e-03
9.500000 2.032958e-03
9.750000 2.058982e-03
10.000000 2.084405e-03
10.250000 2.109387e-03
10.500000 2.134084e-03
10.750000 2.158653e-03
11.000000 2.183244e-03
11.250000 2.208002e-03
11.500000 2.233064e-03
11.750000 2.258554e-03
12.000000 2.284585e-03
12.250000 2.311254e-03
12.500000 2.338643e-03
12.750000 2.366812e-03
13.000000 2.395804e-03
13.250000 2.425641e-03
13.500000 2.456323e-03
13.750000 2.487828e-03
14.000000 2.520112e-03
14.250000 2.553111e-03
14.500000 2.586740e-03
14.750000 2.620893e-03
15.000000 2.655446e-03
15.250000 2.690260e-03
15.500000 2.725176e-03
15.750000 2.760026e-03
16.000000 2.794628e-03
16.250000 2.828789e-03
16.500000 2.862309e-03
16.750000 2.894981e-03
17.000000 2.926593e-03
17.250000 2.956930e-03
17.500000 2.985777e-03
17.750000 3.012916e-03
18.000000 3.038135e-03
18.250000 3.061220e-03
18.500000 3.081965e-03
18.750000 3.100167e-03
19.000000 3.115632e-03
19.250000 3.128170e-03
19.500000 3.137604e-03
19.750000 3.143762e-03
20.000000 3.146483e-03
20.250000 3.145619e-03
20.500000 3.141031e-03
20.750000 3.132593e-03
21.000000 3.120192e-03
21.250000 3.103727e-03
21.500000 3.083110e-03
21.750000 3.058268e-03
22.000000 3.029143e-03
22.250000 2.995689e-03
22.500000 2.957878e-03
22.750000 2.915693e-03
23.000000 2.869135e-03
23.250000 2.818221e-03
23.500000 2.762981e-03
23.750000 2.703462e-03
24.000000 2.639726e-03
24.250000 2.571853e-03
24.500000 2.499934e-03
24.750000 2.424081e-03
25.000000 2.344417e-03
25.250000 2.261085e-03
25.500000 2.174240e-03
25.750000 2.084055e-03
26.000000 1.990718e-03
26.250000 1.894434e-03
26.500000 1.795423e-03
26.750000 1.693924e-03
27.000000 1.590194e-03
27.250000 1.484511e-03
27.500000 1.377176e-03
27.750000 1.268520e-03
28.000000 1.158911e-03
28.250000 1.048768e-03
28.500000 9.385871e-04
28.750000 8.289799e-04
29.000000 7.207548e-04
29.250000 6.150688e-04
29.500000 5.137391e-04
29.750000 4.199082e-04
30.000000 3.394121e-04
30.250000 2.828347e-04
30.500000 2.643418e-04
30.750000 2.894077e-04
31.000000 3.468508e-04
31.250000 4.218578e-04
31.500000 5.049405e-04
31.750000 5.910608e-04
32.000000 6.775020e-04
32.250000 7.626775e-04
32.500000 8.455715e-04
32.750000 9.254765e-04
33.000000 1.001863e-03
33.250000 1.074314e-03
33.500000 1.142485e-03
33.750000 1.206087e-03
34.000000 1.264874e-03
34.250000 1.318631e-03
34.500000 1.367177e-03
34.750000 1.410355e-03
35.000000 1.448035e-03
35.250000 1.480113e-03
35.500000 1.506509e-03
35.750000 1.527165e-03
36.000000 1.542050e-03
36.250000 1.551155e-03
36.500000 1.554498e-03
36.750000 1.552119e-03
37.000000 1.544085e-03
37.250000 1.530490e-03
37.500000 1.511452e-03
37.750000 1.487117e-03
38.000000 1.457662e-03
38.250000 1.423291e-03
38.500000 1.384242e-03
38.750000 1.340788e-03
39.000000 1.293240e-03
39.250000 1.241955e-03
39.500000 1.187339e-03
39.750000 1.129862e-03
40.000000 1.070069e-03
40.250000 1.008600e-03
40.500000 9.462165e-04
40.750000 8.838379e-04
41.000000 8.225877e-04
41.250000 7.638501e-04
41.500000 7.093265e-04
41.750000 6.610712e-04
42.000000 6.214515e-04
42.250000 5.929599e-04
42.500000 5.778183e-04
42.750000 5.774398e-04
43.000000 5.919968e-04
43.250000 6.203781e-04
43.500000 6.605652e-04
43.750000 7.101703e-04
44.000000 7.668663e-04
44.250000 8.286096e-04
44.500000 8.937028e-04
44.750000 9.607712e-04
45.000000 1.028710e-03
45.250000 1.096628e-03
45.500000 1.163802e-03
45.750000 1.229639e-03
46.000000 1.293648e-03
46.250000 1.355422e-03
46.500000 1.414621e-03
46.750000 1.470962e-03
47.000000 1.524214e-03
47.250000 1.574187e-03
47.500000 1.620733e-03
47.750000 1.663739e-03
48.000000 1.703128e-03
48.250000 1.738854e-03
48.500000 1.770904e-03
48.750000 1.799292e-03
49.000000 1.824062e-03
49.250000 1.845287e-03
49.500000 1.863065e-03
49.750000 1.877519e-03
50.000000 1.888797e-03
