-50.000000 1.027450e-03
-49.750000 9.543078e-04
-49.500000 8.652653e-04
-49.250000 7.662978e-04
-49.000000 6.674031e-04
-48.750000 5.856945e-04
-48.500000 5.469983e-04
-48.250000 5.754627e-04
-48.000000 6.726700e-04
-47.750000 8.192943e-04
-47.500000 9.939797e-04
-47.250000 1.180741e-03
-47.000000 1.367823e-03
-46.750000 1.545786e-03
-46.500000 1.706447e-03
-46.250000 1.842469e-03
-46.000000 1.947293e-03
-45.750000 2.015245e-03
-45.500000 2.041723e-03
-45.250000 2.023421e-03
-45.000000 1.958560e-03
-44.750000 1.847127e-03
-44.500000 1.691162e-03
-44.250000 1.495194e-03
-44.000000 1.267159e-03
-43.750000 1.020792e-03
-43.500000 7.826563e-04
-43.250000 6.107724e-04
-43.000000 5.996655e-04
-42.750000 7.637930e-04
-42.500000 1.014015e-03
-42.250000 1.285163e-03
-42.000000 1.545689e-03
-41.750000 1.778071e-03
-41.500000 1.970802e-03
-41.250000 2.115791e-03
-41.000000 2.207511e-03
-40.750000 2.242713e-03
-40.500000 2.220314e-03
-40.250000 2.141330e-03
-40.000000 2.008783e-03
-39.750000 1.827572e-03
-39.500000 1.604304e-03
-39.250000 1.347113e-03
-39.000000 1.065544e-03
-38.750000 7.707966e-04
-38.500000 4.779998e-04
-38.250000 2.273109e-04
-38.000000 2.288745e-04
-37.750000 4.448185e-04
-37.500000 6.630809e-04
-37.250000 8.493075e-04
-37.000000 9.932559e-04
-36.750000 1.089602e-03
-36.500000 1.135613e-03
-36.250000 1.130650e-03
-36.000000 1.075973e-03
-35.750000 9.745857e-04
-35.500000 8.310629e-04
-35.250000 6.513285e-04
-35.000000 4.424169e-04
-34.750000 2.123003e-04
-34.500000 3.545409e-05
-34.250000 2.803943e-04
-34.000000 5.245901e-04
-33.750000 7.572105e-04
-33.500000 9.708758e-04
-33.250000 1.159180e-03
-33.000000 1.316813e-03
-32.750000 1.439685e-03
-32.500000 1.525010e-03
-32.250000 1.571345e-03
-32.000000 1.578583e-03
-31.750000 1.547915e-03
-31.500000 1.481763e-03
-31.250000 1.383705e-03
-31.000000 1.258417e-03
-30.750000 1.111668e-03
-30.500000 9.504714e-04
-30.250000 7.835941e-04
-30.000000 6.229272e-04
-29.750000 4.865941e-04
-29.500000 4.023136e-04
-29.250000 3.945887e-04
-29.000000 4.505922e-04
-28.750000 5.322494e-04
-28.500000 6.112272e-04
-28.250000 6.723346e-04
-28.000000 7.076219e-04
-27.750000 7.130776e-04
-27.500000 6.873669e-04
-27.250000 6.315652e-04
-27.000000 5.496682e-04
-26.750000 4.506152e-04
-26.500000 3.546894e-04
-26.250000 3.070935e-04
-26.000000 3.584062e-04
-25.750000 4.906816e-04
-25.500000 6.587744e-04
-25.250000 8.366637e-04
-25.000000 1.010156e-03
-24.750000 1.169821e-03
-24.500000 1.308592e-03
-24.250000 1.421023e-03
-24.000000 1.503076e-03
-23.750000 1.552038e-03
-23.500000 1.566463e-03
-23.250000 1.546072e-03
-23.000000 1.491629e-03
-22.750000 1.404804e-03
-22.500000 1.288111e-03
-22.250000 1.145067e-03
-22.000000 9.809659e-04
-21.750000 8.053036e-04
-21.500000 6.389412e-04
-21.250000 5.311198e-04
-21.000000 5.587826e-04
-20.750000 7.354834e-04
-20.500000 1.003693e-03
-20.250000 1.320223e-03
-20.000000 1.662776e-03
-19.750000 2.017076e-03
-19.500000 2.371041e-03
-19.250000 2.712795e-03
-19.000000 3.030154e-03
-18.750000 3.310737e-03
-18.500000 3.542393e-03
-18.250000 3.713818e-03
-18.000000 3.815293e-03
-17.750000 3.839537e-03
-17.500000 3.782685e-03
-17.250000 3.645493e-03
-17.000000 3.434969e-03
-16.750000 3.166864e-03
-16.500000 2.869636e-03
-16.250000 2.590118e-03
-16.000000 2.397075e-03
-15.750000 2.367744e-03
-15.500000 2.544775e-03
-15.250000 2.904709e-03
-15.000000 3.383726e-03
-14.750000 3.917205e-03
-14.500000 4.454178e-03
-14.250000 4.956599e-03
-14.000000 5.396162e-03
-13.750000 5.752165e-03
-13.500000 6.010499e-03
-13.250000 6.163282e-03
-13.000000 6.208827e-03
-12.750000 6.151742e-03
-12.500000 6.003076e-03
-12.250000 5.780443e-03
-12.000000 5.508018e-03
-11.750000 5.216119e-03
-11.500000 4.939800e-03
-11.250000 4.715445e-03
-11.000000 4.574584e-03
-10.750000 4.535878e-03
-10.500000 4.599201e-03
-10.250000 4.746166e-03
-10.000000 4.946963e-03
-9.750000 5.168934e-03
-9.500000 5.382802e-03
-9.250000 5.565666e-03
-9.000000 5.701756e-03
-8.750000 5.782116e-03
-8.500000 5.803904e-03
-8.250000 5.769643e-03
-8.000000 5.686524e-03
-7.750000 5.565785e-03
-7.500000 5.422086e-03
-7.250000 5.272784e-03
-7.000000 5.136870e-03
-6.750000 5.033355e-03
-6.500000 4.978973e-03
-6.250000 4.985487e-03
-6.000000 5.057364e-03
-5.750000 5.190750e-03
-5.500000 5.374209e-03
-5.250000 5.590792e-03
-5.000000 5.820527e-03
-4.750000 6.042591e-03
-4.500000 6.236887e-03
-4.250000 6.385083e-03
-4.000000 6.471303e-03
-3.750000 6.482619e-03
-3.500000 6.409426e-03
-3.250000 6.245751e-03
-3.000000 5.989471e-03
-2.750000 5.642451e-03
-2.500000 5.210586e-03
-2.250000 4.703765e-03
-2.000000 4.135811e-03
-1.750000 3.524566e-03
-1.500000 2.892514e-03
-1.250000 2.269055e-03
-1.000000 1.697593e-03
-0.750000 1.254359e-03
-0.500000 1.063207e-03
-0.250000 1.174241e-03
0.000000 1.446650e-03
0.250000 1.740333e-03
0.500000 1.989984e-03
0.750000 2.169378e-03
1.000000 2.270143e-03
1.250000 2.294379e-03
1.500000 2.252404e-03
1.750000 2.162507e-03
2.000000 2.051581e-03
2.250000 1.955242e-03
2.500000 1.914187e-03
2.750000 1.962963e-03
3.000000 2.115178e-03
3.250000 2.359654e-03
3.500000 2.671406e-03
3.750000 3.024369e-03
4.000000 3.397364e-03
4.250000 3.774904e-03
4.500000 4.146093e-03
4.750000 4.503250e-03
5.000000 4.840708e-03
5.250000 5.153911e-03
5.500000 5.438809e-03
5.750000 5.691562e-03
6.000000 5.908514e-03
6.250000 6.086424e-03
6.500000 6.222859e-03
6.750000 6.316688e-03
7.000000 6.368565e-03
7.250000 6.381323e-03
7.500000 6.360172e-03
7.750000 6.312618e-03
8.000000 6.248039e-03
8.250000 6.176865e-03
8.500000 6.109404e-03
8.750000 6.054461e-03
9.000000 6.017993e-03
9.250000 6.002170e-03
9.500000 6.005125e-03
9.750000 6.021486e-03
10.000000 6.043564e-03
10.250000 6.062856e-03
10.500000 6.071510e-03
10.750000 6.063486e-03
11.000000 6.035279e-03
11.250000 5.986157e-03
11.500000 5.917952e-03
11.750000 5.834480e-03
12.000000 5.740670e-03
12.250000 5.641545e-03
12.500000 5.541240e-03
12.750000 5.442224e-03
13.000000 5.344926e-03
13.250000 5.247830e-03
13.500000 5.148025e-03
13.750000 5.042045e-03
14.000000 4.926797e-03
14.250000 4.800349e-03
14.500000 4.662417e-03
14.750000 4.514461e-03
15.000000 4.359339e-03
15.250000 4.200585e-03
15.500000 4.041417e-03
15.750000 3.883683e-03
16.000000 3.727001e-03
16.250000 3.568365e-03
16.500000 3.402358e-03
16.750000 3.221964e-03
17.000000 3.019769e-03
17.250000 2.789312e-03
17.500000 2.526340e-03
17.750000 2.229902e-03
18.000000 1.903402e-03
18.250000 1.556120e-03
18.500000 1.206831e-03
18.750000 8.944914e-04
19.000000 7.027696e-04
19.250000 7.330972e-04
19.500000 9.407168e-04
19.750000 1.203898e-03
20.000000 1.454068e-03
20.250000 1.658894e-03
20.500000 1.801016e-03
20.750000 1.870898e-03
21.000000 1.864799e-03
21.250000 1.784482e-03
21.500000 1.637904e-03
21.750000 1.441269e-03
22.000000 1.224061e-03
22.250000 1.039193e-03
22.500000 9.677905e-04
22.750000 1.069324e-03
23.000000 1.312295e-03
23.250000 1.623502e-03
23.500000 1.947618e-03
23.750000 2.249883e-03
24.000000 2.507497e-03
24.250000 2.704837e-03
24.500000 2.831427e-03
24.750000 2.881083e-03
25.000000 2.851479e-03
25.250000 2.743823e-03
25.500000 2.562529e-03
25.750000 2.314831e-03
26.000000 2.010358e-03
26.250000 1.660706e-03
26.500000 1.279189e-03
26.750000 8.814264e-04
27.000000 4.915534e-04
27.250000 2.238826e-04
27.500000 4.263066e-04
27.750000 7.630664e-04
28.000000 1.083584e-03
28.250000 1.366795e-03
28.500000 1.604583e-03
28.750000 1.792724e-03
29.000000 1.929346e-03
29.250000 2.014400e-03
29.500000 2.049333e-03
29.750000 2.036827e-03
30.000000 1.980561e-03
30.250000 1.885025e-03
30.500000 1.755384e-03
30.750000 1.597412e-03
31.000000 1.417538e-03
31.250000 1.223048e-03
31.500000 1.022611e-03
31.750000 8.274988e-04
32.000000 6.542543e-04
32.250000 5.288228e-04
32.500000 4.826698e-04
32.750000 5.218252e-04
33.000000 6.126764e-04
33.250000 7.187467e-04
33.500000 8.189670e-04
33.750000 9.034608e-04
34.000000 9.686870e-04
34.250000 1.015120e-03
34.500000 1.046166e-03
34.750000 1.067385e-03
35.000000 1.085545e-03
35.250000 1.107257e-03
35.500000 1.137339e-03
35.750000 1.177406e-03
36.000000 1.225336e-03
36.250000 1.275824e-03
36.500000 1.321633e-03
36.750000 1.354963e-03
37.000000 1.368538e-03
37.250000 1.356340e-03
37.500000 1.314046e-03
37.750000 1.239264e-03
38.000000 1.131655e-03
38.250000 9.930045e-04
38.500000 8.274026e-04
38.750000 6.419460e-04
39.000000 4.498846e-04
39.250000 2.867772e-04
39.500000 2.592433e-04
39.750000 3.991763e-04
40.000000 5.889634e-04
40.250000 7.784869e-04
40.500000 9.511157e-04
40.750000 1.098483e-03
41.000000 1.215537e-03
41.250000 1.299406e-03
41.500000 1.349064e-03
41.750000 1.365171e-03
42.000000 1.349919e-03
42.250000 1.306838e-03
42.500000 1.240542e-03
42.750000 1.156406e-03
43.000000 1.060175e-03
43.250000 9.574932e-04
43.500000 8.533738e-04
43.750000 7.516312e-04
44.000000 6.543730e-04
44.250000 5.617054e-04
44.500000 4.718311e-04
44.750000 3.816123e-04
45.000000 2.874726e-04
45.250000 1.864010e-04
45.500000 7.745913e-05
45.750000 5.036233e-05
46.000000 1.759400e-04
46.250000 3.104087e-04
46.500000 4.476727e-04
46.750000 5.830376e-04
47.000000 7.114761e-04
47.250000 8.278251e-04
47.500000 9.270712e-04
47.750000 1.004629e-03
48.000000 1.056593e-03
48.250000 1.079950e-03
48.500000 1.072754e-03
48.750000 1.034256e-03
49.000000 9.649866e-04
49.250000 8.668075e-04
49.500000 7.429462e-04
49.750000 5.981052e-04
50.000000 4.389866e-04
