-50.000000 1.252088e-03
-49.750000 1.233798e-03
-49.500000 1.215046e-03
-49.250000 1.196501e-03
-49.000000 1.178822e-03
-48.750000 1.162640e-03
-48.500000 1.148555e-03
-48.250000 1.137132e-03
-48.000000 1.128894e-03
-47.750000 1.124328e-03
-47.500000 1.123884e-03
-47.250000 1.127980e-03
-47.000000 1.137000e-03
-46.750000 1.151292e-03
-46.500000 1.171164e-03
-46.250000 1.196869e-03
-46.000000 1.228595e-03
-45.750000 1.266444e-03
-45.500000 1.310425e-03
-45.250000 1.360433e-03
-45.000000 1.416246e-03
-44.750000 1.477526e-03
-44.500000 1.543813e-03
-44.250000 1.614541e-03
-44.000000 1.689044e-03
-43.750000 1.766574e-03
-43.500000 1.846311e-03
-43.250000 1.927386e-03
-43.000000 2.008889e-03
-42.750000 2.089892e-03
-42.500000 2.169459e-03
-42.250000 2.246663e-03
-42.000000 2.320600e-03
-41.750000 2.390397e-03
-41.500000 2.455229e-03
-41.250000 2.514325e-03
-41.000000 2.566976e-03
-40.750000 2.612548e-03
-40.500000 2.650481e-03
-40.250000 2.680300e-03
-40.000000 2.701614e-03
-39.750000 2.714120e-03
-39.500000 2.717604e-03
-39.250000 2.711942e-03
-39.000000 2.697095e-03
-38.750000 2.673110e-03
-38.500000 2.640114e-03
-38.250000 2.598316e-03
-38.000000 2.547994e-03
-37.750000 2.489500e-03
-37.500000 2.423249e-03
-37.250000 2.349720e-03
-37.000000 2.269452e-03
-36.750000 2.183038e-03
-36.500000 2.091133e-03
-36.250000 1.994448e-03
-36.000000 1.893761e-03
-35.750000 1.789917e-03
-35.500000 1.683850e-03
-35.250000 1.576592e-03
-35.000000 1.469302e-03
-34.750000 1.363295e-03
-34.500000 1.260084e-03
-34.250000 1.161422e-03
-34.000000 1.069343e-03
-33.750000 9.861713e-04
-33.500000 9.144676e-04
-33.250000 8.568304e-04
-33.000000 8.155167e-04
-32.750000 7.919071e-04
-32.500000 7.860122e-04
-32.250000 7.963037e-04
-32.000000 8.200066e-04
-31.750000 8.536889e-04
-31.500000 8.938449e-04
-31.250000 9.372787e-04
-31.000000 9.812716e-04
-30.750000 1.023606e-03
-30.500000 1.062522e-03
-30.250000 1.096656e-03
-30.000000 1.124987e-03
-29.750000 1.146789e-03
-29.500000 1.161606e-03
-29.250000 1.169233e-03
-29.000000 1.169714e-03
-28.750000 1.163344e-03
-28.500000 1.150685e-03
-28.250000 1.132582e-03
-28.000000 1.110195e-03
-27.750000 1.085023e-03
-27.500000 1.058924e-03
-27.250000 1.034118e-03
-27.000000 1.013139e-03
-26.750000 9.987171e-04
-26.500000 9.935669e-04
-26.250000 1.000085e-03
-26.000000 1.020024e-03
-25.750000 1.054249e-03
-25.500000 1.102659e-03
-25.250000 1.164315e-03
-25.000000 1.237684e-03
-24.750000 1.320917e-03
-24.500000 1.412079e-03
-24.250000 1.509304e-03
-24.000000 1.610883e-03
-23.750000 1.715297e-03
-23.500000 1.821227e-03
-23.250000 1.927545e-03
-23.000000 2.033295e-03
-22.750000 2.137677e-03
-22.500000 2.240020e-03
-22.250000 2.339767e-03
-22.000000 2.436454e-03
-21.750000 2.529685e-03
-21.500000 2.619116e-03
-21.250000 2.704437e-03
-21.000000 2.785350e-03
-20.750000 2.861557e-03
-20.500000 2.932743e-03
-20.250000 2.998563e-03
-20.000000 3.058639e-03
-19.750000 3.112544e-03
-19.500000 3.159809e-03
-19.250000 3.199920e-03
-19.000000 3.232321e-03
-18.750000 3.256425e-03
-18.500000 3.271620e-03
-18.250000 3.277288e-03
-18.000000 3.272812e-03
-17.750000 3.257599e-03
-17.500000 3.231092e-03
-17.250000 3.192788e-03
-17.000000 3.142256e-03
-16.750000 3.079152e-03
-16.500000 3.003234e-03
-16.250000 2.914378e-03
-16.000000 2.812591e-03
-15.750000 2.698022e-03
-15.500000 2.570981e-03
-15.250000 2.431948e-03
-15.000000 2.281593e-03
-14.750000 2.120805e-03
-14.500000 1.950729e-03
-14.250000 1.772841e-03
-14.000000 1.589066e-03
-13.750000 1.402006e-03
-13.500000 1.215381e-03
-13.250000 1.034875e-03
-13.000000 8.697832e-04
-12.750000 7.356553e-04
-12.500000 6.557653e-04
-12.250000 6.524219e-04
-12.000000 7.267459e-04
-11.750000 8.573945e-04
-11.500000 1.020641e-03
-11.250000 1.200332e-03
-11.000000 1.386807e-03
-10.750000 1.574194e-03
-10.500000 1.758686e-03
-10.250000 1.937625e-03
-10.000000 2.109047e-03
-9.750000 2.271425e-03
-9.500000 2.423543e-03
-9.250000 2.564413e-03
-9.000000 2.693224e-03
-8.750000 2.809318e-03
-8.500000 2.912160e-03
-8.250000 3.001327e-03
-8.000000 3.076489e-03
-7.750000 3.137405e-03
-7.500000 3.183907e-03
-7.250000 3.215896e-03
-7.000000 3.233335e-03
-6.750000 3.236248e-03
-6.500000 3.224709e-03
-6.250000 3.198850e-03
-6.000000 3.158856e-03
-5.750000 3.104972e-03
-5.500000 3.037503e-03
-5.250000 2.956823e-03
-5.000000 2.863383e-03
-4.750000 2.757720e-03
-4.500000 2.640469e-03
-4.250000 2.512377e-03
-4.000000 2.374317e-03
-3.750000 2.227313e-03
-3.500000 2.072563e-03
-3.250000 1.911475e-03
-3.000000 1.745726e-03
-2.750000 1.577341e-03
-2.500000 1.408828e-03
-2.250000 1.243399e-03
-2.000000 1.085322e-03
-1.750000 9.404598e-04
-1.500000 8.169040e-04
-1.250000 7.250791e-04
-1.000000 6.755921e-04
-0.750000 6.735934e-04
-0.500000 7.139854e-04
-0.250000 7.840639e-04
0.000000 8.702316e-04
0.250000 9.617424e-04
0.500000 1.051025e-03
0.750000 1.132866e-03
1.000000 1.203624e-03
1.250000 1.260711e-03
1.500000 1.302285e-03
1.750000 1.327082e-03
2.000000 1.334331e-03
2.250000 1.323719e-03
2.500000 1.295407e-03
2.750000 1.250079e-03
3.000000 1.189048e-03
3.250000 1.114455e-03
3.500000 1.029597e-03
3.750000 9.394951e-04
4.000000 8.517743e-04
4.250000 7.777091e-04
4.500000 7.323619e-04
4.750000 7.312129e-04
5.000000 7.825774e-04
5.250000 8.829599e-04
5.500000 1.021276e-03
5.750000 1.185598e-03
6.000000 1.366227e-03
6.250000 1.555862e-03
6.500000 1.748953e-03
6.750000 1.941112e-03
7.000000 2.128720e-03
7.250000 2.308697e-03
7.500000 2.478367e-03
7.750000 2.635388e-03
8.000000 2.777714e-03
8.250000 2.903577e-03
8.500000 3.011480e-03
8.750000 3.100197e-03
9.000000 3.168774e-03
9.250000 3.216532e-03
9.500000 3.243069e-03
9.750000 3.248259e-03
10.000000 3.232250e-03
10.250000 3.195463e-03
10.500000 3.138581e-03
10.750000 3.062549e-03
11.000000 2.968559e-03
11.250000 2.858044e-03
11.500000 2.732671e-03
11.750000 2.594334e-03
12.000000 2.445153e-03
12.250000 2.287486e-03
12.500000 2.123943e-03
12.750000 1.957428e-03
13.000000 1.791202e-03
13.250000 1.628979e-03
13.500000 1.475046e-03
13.750000 1.334377e-03
14.000000 1.212647e-03
14.250000 1.115926e-03
14.500000 1.049779e-03
14.750000 1.017715e-03
15.000000 1.019675e-03
15.250000 1.051741e-03
15.500000 1.107465e-03
15.750000 1.179815e-03
16.000000 1.262581e-03
16.250000 1.350935e-03
16.500000 1.441414e-03
16.750000 1.531701e-03
17.000000 1.620350e-03
17.250000 1.706554e-03
17.500000 1.789958e-03
17.750000 1.870507e-03
18.000000 1.948326e-03
18.250000 2.023626e-03
18.500000 2.096625e-03
18.750000 2.167491e-03
19.000000 2.236295e-03
19.250000 2.302981e-03
19.500000 2.367355e-03
19.750000 2.429079e-03
20.000000 2.487686e-03
20.250000 2.542592e-03
20.500000 2.593130e-03
20.750000 2.638572e-03
21.000000 2.678167e-03
21.250000 2.711170e-03
21.500000 2.736873e-03
21.750000 2.754632e-03
22.000000 2.763896e-03
22.250000 2.764219e-03
22.500000 2.755287e-03
22.750000 2.736923e-03
23.000000 2.709099e-03
23.250000 2.671940e-03
23.500000 2.625725e-03
23.750000 2.570888e-03
24.000000 2.508009e-03
24.250000 2.437806e-03
24.500000 2.361130e-03
24.750000 2.278944e-03
25.000000 2.192312e-03
25.250000 2.102378e-03
25.500000 2.010346e-03
25.750000 1.917449e-03
26.000000 1.824927e-03
26.250000 1.733988e-03
26.500000 1.645773e-03
26.750000 1.561312e-03
27.000000 1.481482e-03
27.250000 1.406963e-03
27.500000 1.338201e-03
27.750000 1.275381e-03
28.000000 1.218420e-03
28.250000 1.166985e-03
28.500000 1.120530e-03
28.750000 1.078361e-03
29.000000 1.039719e-03
29.250000 1.003869e-03
29.500000 9.701847e-04
29.750000 9.382289e-04
30.000000 9.078189e-04
30.250000 8.790716e-04
30.500000 8.524281e-04
30.750000 8.286496e-04
31.000000 8.087745e-04
31.250000 7.940283e-04
31.500000 7.856781e-04
31.750000 7.848423e-04
32.000000 7.922871e-04
32.250000 8.082634e-04
32.500000 8.324313e-04
32.750000 8.638932e-04
33.000000 9.013095e-04
33.250000 9.430531e-04
33.500000 9.873575e-04
33.750000 1.032433e-03
34.000000 1.076546e-03
34.250000 1.118070e-03
34.500000 1.155512e-03
34.750000 1.187527e-03
35.000000 1.212926e-03
35.250000 1.230678e-03
35.500000 1.239917e-03
35.750000 1.239938e-03
36.000000 1.230201e-03
36.250000 1.210333e-03
36.500000 1.180125e-03
36.750000 1.139534e-03
37.000000 1.088680e-03
37.250000 1.027845e-03
37.500000 9.574656e-04
37.750000 8.781321e-04
38.000000 7.905812e-04
38.250000 6.956919e-04
38.500000 5.944861e-04
38.750000 4.881427e-04
39.000000 3.780593e-04
39.250000 2.661072e-04
39.500000 1.560438e-04
39.750000 6.909510e-05
40.000000 1.098709e-04
40.250000 2.120549e-04
40.500000 3.177748e-04
40.750000 4.201707e-04
41.000000 5.168867e-04
41.250000 6.063762e-04
41.500000 6.873868e-04
41.750000 7.588483e-04
42.000000 8.198466e-04
42.250000 8.696219e-04
42.500000 9.075750e-04
42.750000 9.332750e-04
43.000000 9.464685e-04
43.250000 9.470883e-04
43.500000 9.352621e-04
43.750000 9.113231e-04
44.000000 8.758244e-04
44.250000 8.295608e-04
44.500000 7.736066e-04
44.750000 7.093847e-04
45.000000 6.387953e-04
45.250000 5.644626e-04
45.500000 4.902041e-04
45.750000 4.218612e-04
46.000000 3.683670e-04
46.250000 3.414210e-04
46.500000 3.500529e-04
46.750000 3.928437e-04
47.000000 4.598067e-04
47.250000 5.404832e-04
47.500000 6.274131e-04
47.750000 7.157592e-04
48.000000 8.023301e-04
48.250000 8.849201e-04
48.500000 9.619462e-04
48.750000 1.032257e-03
49.000000 1.095031e-03
49.250000 1.149720e-03
49.500000 1.196016e-03
49.750000 1.233828e-03
50.000000 1.263268e-03
