-50.000000 1.662377e-03
-49.750000 1.698242e-03
-49.500000 1.733913e-03
-49.250000 1.769226e-03
-49.000000 1.804019e-03
-48.750000 1.838140e-03
-48.500000 1.871443e-03
-48.250000 1.903787e-03
-48.000000 1.935041e-03
-47.750000 1.965081e-03
-47.500000 1.993790e-03
-47.250000 2.021061e-03
-47.000000 2.046792e-03
-46.750000 2.070891e-03
-46.500000 2.093274e-03
-46.250000 2.113866e-03
-46.000000 2.132597e-03
-45.750000 2.149410e-03
-45.500000 2.164253e-03
-45.250000 2.177085e-03
-45.000000 2.187870e-03
-44.750000 2.196585e-03
-44.500000 2.203213e-03
-44.250000 2.207744e-03
-44.000000 2.210179e-03
-43.750000 2.210527e-03
-43.500000 2.208805e-03
-43.250000 2.205037e-03
-43.000000 2.199258e-03
-42.750000 2.191508e-03
-42.500000 2.181836e-03
-42.250000 2.170301e-03
-42.000000 2.156966e-03
-41.750000 2.141904e-03
-41.500000 2.125192e-03
-41.250000 2.106918e-03
-41.000000 2.087174e-03
-40.750000 2.066056e-03
-40.500000 2.043671e-03
-40.250000 2.020127e-03
-40.000000 1.995538e-03
-39.750000 1.970022e-03
-39.500000 1.943701e-03
-39.250000 1.916699e-03
-39.000000 1.889144e-03
-38.750000 1.861163e-03
-38.500000 1.832884e-03
-38.250000 1.804436e-03
-38.000000 1.775943e-03
-37.750000 1.747530e-03
-37.500000 1.719315e-03
-37.250000 1.691412e-03
-37.000000 1.663926e-03
-36.750000 1.636959e-03
-36.500000 1.610598e-03
-36.250000 1.584923e-03
-36.000000 1.560001e-03
-35.750000 1.535885e-03
-35.500000 1.512615e-03
-35.250000 1.490216e-03
-35.000000 1.468698e-03
-34.750000 1.448054e-03
-34.500000 1.428261e-03
-34.250000 1.409282e-03
-34.000000 1.391063e-03
-33.750000 1.373537e-03
-33.500000 1.356622e-03
-33.250000 1.340225e-03
-33.000000 1.324242e-03
-32.750000 1.308560e-03
-32.500000 1.293060e-03
-32.250000 1.277616e-03
-32.000000 1.262097e-03
-31.750000 1.246373e-03
-31.500000 1.230312e-03
-31.250000 1.213784e-03
-31.000000 1.196661e-03
-30.750000 1.178818e-03
-30.500000 1.160138e-03
-30.250000 1.140509e-03
-30.000000 1.119825e-03
-29.750000 1.097991e-03
-29.500000 1.074917e-03
-29.250000 1.050524e-03
-29.000000 1.024745e-03
-28.750000 9.975200e-04
-28.500000 9.688014e-04
-28.250000 9.385526e-04
-28.000000 9.067491e-04
-27.750000 8.733787e-04
-27.500000 8.384425e-04
-27.250000 8.019565e-04
-27.000000 7.639525e-04
-26.750000 7.244814e-04
-26.500000 6.836158e-04
-26.250000 6.414559e-04
-26.000000 5.981366e-04
-25.750000 5.538404e-04
-25.500000 5.088155e-04
-25.250000 4.634072e-04
-25.000000 4.181073e-04
-24.750000 3.736377e-04
-24.500000 3.310870e-04
-24.250000 2.921224e-04
-24.000000 2.592601e-04
-23.750000 2.359936e-04
-23.500000 2.262063e-04
-23.250000 2.324033e-04
-23.000000 2.540586e-04
-22.750000 2.881942e-04
-22.500000 3.313271e-04
-22.250000 3.806529e-04
-22.000000 4.342185e-04
-21.750000 4.907163e-04
-21.500000 5.492609e-04
-21.250000 6.092320e-04
-21.000000 6.701746e-04
-20.750000 7.317398e-04
-20.500000 7.936474e-04
-20.250000 8.556634e-04
-20.000000 9.175861e-04
-19.750000 9.792361e-04
-19.500000 1.040451e-03
-19.250000 1.101081e-03
-19.000000 1.160986e-03
-18.750000 1.220035e-03
-18.500000 1.278103e-03
-18.250000 1.335071e-03
-18.000000 1.390826e-03
-17.750000 1.445260e-03
-17.500000 1.498270e-03
-17.250000 1.549757e-03
-17.000000 1.599627e-03
-16.750000 1.647791e-03
-16.500000 1.694164e-03
-16.250000 1.738665e-03
-16.000000 1.781220e-03
-15.750000 1.821757e-03
-15.500000 1.860209e-03
-15.250000 1.896516e-03
-15.000000 1.930622e-03
-14.750000 1.962473e-03
-14.500000 1.992023e-03
-14.250000 2.019230e-03
-14.000000 2.044057e-03
-13.750000 2.066472e-03
-13.500000 2.086447e-03
-13.250000 2.103961e-03
-13.000000 2.118995e-03
-12.750000 2.131538e-03
-12.500000 2.141581e-03
-12.250000 2.149123e-03
-12.000000 2.154165e-03
-11.750000 2.156713e-03
-11.500000 2.156781e-03
-11.250000 2.154383e-03
-11.000000 2.149541e-03
-10.750000 2.142282e-03
-10.500000 2.132634e-03
-10.250000 2.120633e-03
-10.000000 2.106319e-03
-9.750000 2.089736e-03
-9.500000 2.070934e-03
-9.250000 2.049965e-03
-9.000000 2.026889e-03
-8.750000 2.001770e-03
-8.500000 1.974677e-03
-8.250000 1.945685e-03
-8.000000 1.914874e-03
-7.750000 1.882333e-03
-7.500000 1.848153e-03
-7.250000 1.812438e-03
-7.000000 1.775297e-03
-6.750000 1.736849e-03
-6.500000 1.697222e-03
-6.250000 1.656559e-03
-6.000000 1.615012e-03
-5.750000 1.572751e-03
-5.500000 1.529961e-03
-5.250000 1.486847e-03
-5.000000 1.443635e-03
-4.750000 1.400578e-03
-4.500000 1.357953e-03
-4.250000 1.316070e-03
-4.000000 1.275272e-03
-3.750000 1.235937e-03
-3.500000 1.198480e-03
-3.250000 1.163352e-03
-3.000000 1.131036e-03
-2.750000 1.102041e-03
-2.500000 1.076889e-03
-2.250000 1.056099e-03
-2.000000 1.040166e-03
-1.750000 1.029532e-03
-1.500000 1.024563e-03
-1.250000 1.025521e-03
-1.000000 1.032551e-03
-0.750000 1.045666e-03
-0.500000 1.064752e-03
-0.250000 1.089585e-03
0.000000 1.119843e-03
0.250000 1.155138e-03
0.500000 1.195037e-03
0.750000 1.239084e-03
1.000000 1.286820e-03
1.250000 1.337795e-03
1.500000 1.391578e-03
1.750000 1.447762e-03
2.000000 1.505964e-03
2.250000 1.565830e-03
2.500000 1.627031e-03
2.750000 1.689261e-03
3.000000 1.752237e-03
3.250000 1.815693e-03
3.500000 1.879385e-03
3.750000 1.943079e-03
4.000000 2.006559e-03
4.250000 2.069618e-03
4.500000 2.132061e-03
4.750000 2.193701e-03
5.000000 2.254361e-03
5.250000 2.313868e-03
5.500000 2.372060e-03
5.750000 2.428778e-03
6.000000 2.483870e-03
6.250000 2.537190e-03
6.500000 2.588597e-03
6.750000 2.637953e-03
7.000000 2.685130e-03
7.250000 2.730000e-03
7.500000 2.772443e-03
7.750000 2.812344e-03
8.000000 2.849594e-03
8.250000 2.884088e-03
8.500000 2.915729e-03
8.750000 2.944425e-03
9.000000 2.970090e-03
9.250000 2.992645e-03
9.500000 3.012019e-03
9.750000 3.028148e-03
10.000000 3.040973e-03
10.250000 3.050447e-03
10.500000 3.056529e-03
10.750000 3.059186e-03
11.000000 3.058394e-03
11.250000 3.054141e-03
11.500000 3.046420e-03
11.750000 3.035238e-03
12.000000 3.020610e-03
12.250000 3.002562e-03
12.500000 2.981130e-03
12.750000 2.956365e-03
13.000000 2.928325e-03
13.250000 2.897083e-03
13.500000 2.862724e-03
13.750000 2.825347e-03
14.000000 2.785062e-03
14.250000 2.741996e-03
14.500000 2.696290e-03
14.750000 2.648100e-03
15.000000 2.597599e-03
15.250000 2.544976e-03
15.500000 2.490440e-03
15.750000 2.434217e-03
16.000000 2.376556e-03
16.250000 2.317725e-03
16.500000 2.258016e-03
16.750000 2.197745e-03
17.000000 2.137253e-03
17.250000 2.076909e-03
17.500000 2.017107e-03
17.750000 1.958270e-03
18.000000 1.900850e-03
18.250000 1.845321e-03
18.500000 1.792183e-03
18.750000 1.741951e-03
19.000000 1.695152e-03
19.250000 1.652309e-03
19.500000 1.613931e-03
19.750000 1.580495e-03
20.000000 1.552427e-03
20.250000 1.530078e-03
20.500000 1.513709e-03
20.750000 1.503472e-03
21.000000 1.499397e-03
21.250000 1.501391e-03
21.500000 1.509241e-03
21.750000 1.522622e-03
22.000000 1.541118e-03
22.250000 1.564240e-03
22.500000 1.591447e-03
22.750000 1.622172e-03
23.000000 1.655836e-03
23.250000 1.691865e-03
23.500000 1.729703e-03
23.750000 1.768817e-03
24.000000 1.808708e-03
24.250000 1.848911e-03
24.500000 1.888994e-03
24.750000 1.928565e-03
25.000000 1.967262e-03
25.250000 2.004761e-03
25.500000 2.040768e-03
25.750000 2.075019e-03
26.000000 2.107278e-03
26.250000 2.137337e-03
26.500000 2.165012e-03
26.750000 2.190142e-03
27.000000 2.212587e-03
27.250000 2.232229e-03
27.500000 2.248969e-03
27.750000 2.262727e-03
28.000000 2.273438e-03
28.250000 2.281055e-03
28.500000 2.285547e-03
28.750000 2.286896e-03
29.000000 2.285101e-03
29.250000 2.280171e-03
29.500000 2.272131e-03
29.750000 2.261015e-03
30.000000 2.246872e-03
30.250000 2.229759e-03
30.500000 2.209747e-03
30.750000 2.186913e-03
31.000000 2.161347e-03
31.250000 2.133145e-03
31.500000 2.102414e-03
31.750000 2.069268e-03
32.000000 2.033828e-03
32.250000 1.996222e-03
32.500000 1.956586e-03
32.750000 1.915060e-03
33.000000 1.871790e-03
33.250000 1.826929e-03
33.500000 1.780633e-03
33.750000 1.733062e-03
34.000000 1.684380e-03
34.250000 1.634755e-03
34.500000 1.584359e-03
34.750000 1.533365e-03
35.000000 1.481949e-03
35.250000 1.430289e-03
35.500000 1.378566e-03
35.750000 1.326962e-03
36.000000 1.275660e-03
36.250000 1.224844e-03
36.500000 1.174702e-03
36.750000 1.125417e-03
37.000000 1.077179e-03
37.250000 1.030172e-03
37.500000 9.845840e-04
37.750000 9.405985e-04
38.000000 8.983974e-04
38.250000 8.581576e-04
38.500000 8.200494e-04
38.750000 7.842331e-04
39.000000 7.508554e-04
39.250000 7.200449e-04
39.500000 6.919071e-04
39.750000 6.665186e-04
40.000000 6.439221e-04
40.250000 6.241209e-04
40.500000 6.070764e-04
40.750000 5.927057e-04
41.000000 5.808836e-04
41.250000 5.714454e-04
41.500000 5.641938e-04
41.750000 5.589062e-04
42.000000 5.553444e-04
42.250000 5.532633e-04
42.500000 5.524196e-04
42.750000 5.525788e-04
43.000000 5.535212e-04
43.250000 5.550456e-04
43.500000 5.569722e-04
43.750000 5.591429e-04
44.000000 5.614223e-04
44.250000 5.636964e-04
44.500000 5.658713e-04
44.750000 5.678719e-04
45.000000 5.696398e-04
45.250000 5.711315e-04
45.500000 5.723165e-04
45.750000 5.731754e-04
46.000000 5.736981e-04
46.250000 5.738823e-04
46.500000 5.737320e-04
46.750000 5.732560e-04
47.000000 5.724671e-04
47.250000 5.713804e-04
47.500000 5.700130e-04
47.750000 5.683833e-04
48.000000 5.665100e-04
48.250000 5.644121e-04
48.500000 5.621084e-04
48.750000 5.596178e-04
49.000000 5.569590e-04
49.250000 5.541509e-04
49.500000 5.512132e-04
49.750000 5.481663e-04
50.000000 5.450324e-04
