-50.000000 6.980246e-02
-49.750000 6.516211e-02
-49.500000 6.045805e-02
-49.250000 5.569076e-02
-49.000000 5.086075e-02
-48.750000 4.596853e-02
-48.500000 4.101465e-02
-48.250000 3.599970e-02
-48.000000 3.092436e-02
-47.750000 2.578941e-02
-47.500000 2.059589e-02
-47.250000 1.534559e-02
-47.000000 1.004288e-02
-46.750000 4.709570e-03
-46.500000 1.147588e-03
-46.250000 6.334929e-03
-46.000000 1.185228e-02
-45.750000 1.744123e-02
-45.500000 2.308949e-02
-45.250000 2.879379e-02
-45.000000 3.455253e-02
-44.750000 4.036462e-02
-44.500000 4.622916e-02
-44.250000 5.214531e-02
-44.000000 5.811228e-02
-43.750000 6.412930e-02
-43.500000 7.019558e-02
-43.250000 7.631034e-02
-43.000000 8.247281e-02
-42.750000 8.868218e-02
-42.500000 9.493767e-02
-42.250000 1.012385e-01
-42.000000 1.075837e-01
-41.750000 1.139727e-01
-41.500000 1.204044e-01
-41.250000 1.268781e-01
-41.000000 1.333930e-01
-40.750000 1.399481e-01
-40.500000 1.465426e-01
-40.250000 1.531755e-01
-40.000000 1.598461e-01
-39.750000 1.665534e-01
-39.500000 1.732965e-01
-39.250000 1.800745e-01
-39.000000 1.868864e-01
-38.750000 1.937313e-01
-38.500000 2.006083e-01
-38.250000 2.075164e-01
-38.000000 2.144547e-01
-37.750000 2.214221e-01
-37.500000 2.284177e-01
-37.250000 2.354406e-01
-37.000000 2.424897e-01
-36.750000 2.495640e-01
-36.500000 2.566625e-01
-36.250000 2.637843e-01
-36.000000 2.709283e-01
-35.750000 2.780934e-01
-35.500000 2.852786e-01
-35.250000 2.924830e-01
-35.000000 2.997054e-01
-34.750000 3.069448e-01
-34.500000 3.142001e-01
-34.250000 3.214704e-01
-34.000000 3.287545e-01
-33.750000 3.360513e-01
-33.500000 3.433598e-01
-33.250000 3.506788e-01
-33.000000 3.580074e-01
-32.750000 3.653445e-01
-32.500000 3.726888e-01
-32.250000 3.800394e-01
-32.000000 3.873951e-01
-31.750000 3.947548e-01
-31.500000 4.021175e-01
-31.250000 4.094820e-01
-31.000000 4.168472e-01
-30.750000 4.242119e-01
-30.500000 4.315752e-01
-30.250000 4.389358e-01
-30.000000 4.462926e-01
-29.750000 4.536445e-01
-29.500000 4.609904e-01
-29.250000 4.683292e-01
-29.000000 4.756597e-01
-28.750000 4.829808e-01
-28.500000 4.902914e-01
-28.250000 4.975903e-01
-28.000000 5.048765e-01
-27.750000 5.121487e-01
-27.500000 5.194059e-01
-27.250000 5.266470e-01
-27.000000 5.338707e-01
-26.750000 5.410760e-01
-26.500000 5.482618e-01
-26.250000 5.554269e-01
-26.000000 5.625702e-01
-25.750000 5.696907e-01
-25.500000 5.767870e-01
-25.250000 5.838583e-01
-25.000000 5.909032e-01
-24.750000 5.979208e-01
-24.500000 6.049099e-01
-24.250000 6.118695e-01
-24.000000 6.187983e-01
-23.750000 6.256953e-01
-23.500000 6.325595e-01
-23.250000 6.393896e-01
-23.000000 6.461847e-01
-22.750000 6.529437e-01
-22.500000 6.596654e-01
-22.250000 6.663488e-01
-22.000000 6.729929e-01
-21.750000 6.795964e-01
-21.500000 6.861585e-01
-21.250000 6.926781e-01
-21.000000 6.991540e-01
-20.750000 7.055853e-01
-20.500000 7.119710e-01
-20.250000 7.183099e-01
-20.000000 7.246010e-01
-19.750000 7.308435e-01
-19.500000 7.370361e-01
-19.250000 7.431780e-01
-19.000000 7.492682e-01
-18.750000 7.553056e-01
-18.500000 7.612893e-01
-18.250000 7.672183e-01
-18.000000 7.730916e-01
-17.750000 7.789083e-01
-17.500000 7.846674e-01
-17.250000 7.903680e-01
-17.000000 7.960092e-01
-16.750000 8.015900e-01
-16.500000 8.071096e-01
-16.250000 8.125670e-01
-16.000000 8.179613e-01
-15.750000 8.232917e-01
-15.500000 8.285572e-01
-15.250000 8.337571e-01
-15.000000 8.388904e-01
-14.750000 8.439563e-01
-14.500000 8.489540e-01
-14.250000 8.538827e-01
-14.000000 8.587415e-01
-13.750000 8.635297e-01
-13.500000 8.682464e-01
-13.250000 8.728909e-01
-13.000000 8.774625e-01
-12.750000 8.819603e-01
-12.500000 8.863836e-01
-12.250000 8.907317e-01
-12.000000 8.950038e-01
-11.750000 8.991993e-01
-11.500000 9.033175e-01
-11.250000 9.073577e-01
-11.000000 9.113192e-01
-10.750000 9.152013e-01
-10.500000 9.190034e-01
-10.250000 9.227250e-01
-10.000000 9.263653e-01
-9.750000 9.299237e-01
-9.500000 9.333997e-01
-9.250000 9.367928e-01
-9.000000 9.401022e-01
-8.750000 9.433275e-01
-8.500000 9.464682e-01
-8.250000 9.495236e-01
-8.000000 9.524934e-01
-7.750000 9.553770e-01
-7.500000 9.581739e-01
-7.250000 9.608837e-01
-7.000000 9.635059e-01
-6.750000 9.660401e-01
-6.500000 9.684859e-01
-6.250000 9.708427e-01
-6.000000 9.731104e-01
-5.750000 9.752884e-01
-5.500000 9.773764e-01
-5.250000 9.793741e-01
-5.000000 9.812811e-01
-4.750000 9.830971e-01
-4.500000 9.848218e-01
-4.250000 9.864549e-01
-4.000000 9.879962e-01
-3.750000 9.894454e-01
-3.500000 9.908022e-01
-3.250000 9.920664e-01
-3.000000 9.932378e-01
-2.750000 9.943163e-01
-2.500000 9.953016e-01
-2.250000 9.961935e-01
-2.000000 9.969919e-01
-1.750000 9.976967e-01
-1.500000 9.983078e-01
-1.250000 9.988251e-01
-1.000000 9.992484e-01
-0.750000 9.995777e-01
-0.500000 9.998130e-01
-0.250000 9.999542e-01
0.000000 1.000001e+00
0.250000 9.999542e-01
0.500000 9.998130e-01
0.750000 9.995777e-01
1.000000 9.992484e-01
1.250000 9.988251e-01
1.500000 9.983078e-01
1.750000 9.976967e-01
2.000000 9.969919e-01
2.250000 9.961935e-01
2.500000 9.953016e-01
2.750000 9.943163e-01
3.000000 9.932378e-01
3.250000 9.920664e-01
3.500000 9.908022e-01
3.750000 9.894454e-01
4.000000 9.879962e-01
4.250000 9.864549e-01
4.500000 9.848218e-01
4.750000 9.830971e-01
5.000000 9.812811e-01
5.250000 9.793741e-01
5.500000 9.773764e-01
5.750000 9.752884e-01
6.000000 9.731104e-01
6.250000 9.708427e-01
6.500000 9.684859e-01
6.750000 9.660401e-01
7.000000 9.635059e-01
7.250000 9.608837e-01
7.500000 9.581739e-01
7.750000 9.553770e-01
8.000000 9.524934e-01
8.250000 9.495236e-01
8.500000 9.464682e-01
8.750000 9.433275e-01
9.000000 9.401022e-01
9.250000 9.367928e-01
9.500000 9.333997e-01
9.750000 9.299237e-01
10.000000 9.263653e-01
10.250000 9.227250e-01
10.500000 9.190034e-01
10.750000 9.152013e-01
11.000000 9.113192e-01
11.250000 9.073577e-01
11.500000 9.033175e-01
11.750000 8.991993e-01
12.000000 8.950038e-01
12.250000 8.907317e-01
12.500000 8.863836e-01
12.750000 8.819603e-01
13.000000 8.774625e-01
13.250000 8.728909e-01
13.500000 8.682464e-01
13.750000 8.635297e-01
14.000000 8.587415e-01
14.250000 8.538827e-01
14.500000 8.489540e-01
14.750000 8.439563e-01
15.000000 8.388904e-01
15.250000 8.337571e-01
15.500000 8.285572e-01
15.750000 8.232917e-01
16.000000 8.179613e-01
16.250000 8.125670e-01
16.500000 8.071096e-01
16.750000 8.015900e-01
17.000000 7.960092e-01
17.250000 7.903680e-01
17.500000 7.846674e-01
17.750000 7.789083e-01
18.000000 7.730916e-01
18.250000 7.672183e-01
18.500000 7.612893e-01
18.750000 7.553056e-01
19.000000 7.492682e-01
19.250000 7.431780e-01
19.500000 7.370361e-01
19.750000 7.308435e-01
20.000000 7.246010e-01
20.250000 7.183099e-01
20.500000 7.119710e-01
20.750000 7.055853e-01
21.000000 6.991540e-01
21.250000 6.926781e-01
21.500000 6.861585e-01
21.750000 6.795964e-01
22.000000 6.729929e-01
22.250000 6.663488e-01
22.500000 6.596654e-01
22.750000 6.529437e-01
23.000000 6.461847e-01
23.250000 6.393896e-01
23.500000 6.325595e-01
23.750000 6.256953e-01
24.000000 6.187983e-01
24.250000 6.118695e-01
24.500000 6.049099e-01
24.750000 5.979208e-01
25.000000 5.909032e-01
25.250000 5.838583e-01
25.500000 5.767870e-01
25.750000 5.696907e-01
26.000000 5.625702e-01
26.250000 5.554269e-01
26.500000 5.482618e-01
26.750000 5.410760e-01
27.000000 5.338707e-01
27.250000 5.266470e-01
27.500000 5.194059e-01
27.750000 5.121487e-01
28.000000 5.048765e-01
28.250000 4.975903e-01
28.500000 4.902914e-01
28.750000 4.829808e-01
29.000000 4.756597e-01
29.250000 4.683292e-01
29.500000 4.609904e-01
29.750000 4.536445e-01
30.000000 4.462926e-01
30.250000 4.389358e-01
30.500000 4.315752e-01
30.750000 4.242119e-01
31.000000 4.168472e-01
31.250000 4.094820e-01
31.500000 4.021175e-01
31.750000 3.947548e-01
32.000000 3.873951e-01
32.250000 3.800394e-01
32.500000 3.726888e-01
32.750000 3.653445e-01
33.000000 3.580074e-01
33.250000 3.506788e-01
33.500000 3.433598e-01
33.750000 3.360513e-01
34.000000 3.287545e-01
34.250000 3.214704e-01
34.500000 3.142001e-01
34.750000 3.069448e-01
35.000000 2.997054e-01
35.250000 2.924830e-01
35.500000 2.852786e-01
35.750000 2.780934e-01
36.000000 2.709283e-01
36.250000 2.637843e-01
36.500000 2.566625e-01
36.750000 2.495640e-01
37.000000 2.424897e-01
37.250000 2.354406e-01
37.500000 2.284177e-01
37.750000 2.214221e-01
38.000000 2.144547e-01
38.250000 2.075164e-01
38.500000 2.006083e-01
38.750000 1.937313e-01
39.000000 1.868864e-01
39.250000 1.800745e-01
39.500000 1.732965e-01
39.750000 1.665534e-01
40.000000 1.598461e-01
40.250000 1.531755e-01
40.500000 1.465426e-01
40.750000 1.399481e-01
41.000000 1.333930e-01
41.250000 1.268781e-01
41.500000 1.204044e-01
41.750000 1.139727e-01
42.000000 1.075837e-01
42.250000 1.012385e-01
42.500000 9.493767e-02
42.750000 8.868218e-02
43.000000 8.247281e-02
43.250000 7.631034e-02
43.500000 7.019558e-02
43.750000 6.412930e-02
44.000000 5.811228e-02
44.250000 5.214531e-02
44.500000 4.622916e-02
44.750000 4.036462e-02
45.000000 3.455253e-02
45.250000 2.879379e-02
45.500000 2.308949e-02
45.750000 1.744123e-02
46.000000 1.185228e-02
46.250000 6.334929e-03
46.500000 1.147588e-03
46.750000 4.709570e-03
47.000000 1.004288e-02
47.250000 1.534559e-02
47.500000 2.059589e-02
47.750000 2.578941e-02
48.000000 3.092436e-02
48.250000 3.599970e-02
48.500000 4.101465e-02
48.750000 4.596853e-02
49.000000 5.086075e-02
49.250000 5.569076e-02
49.500000 6.045805e-02
49.750000 6.516211e-02
50.000000 6.980246e-02
