-50.000000 4.156082e-04
-49.750000 4.556731e-04
-49.500000 4.728959e-04
-49.250000 4.705064e-04
-49.000000 4.565023e-04
-48.750000 4.418533e-04
-48.500000 4.363831e-04
-48.250000 4.429433e-04
-48.000000 4.546940e-04
-47.750000 4.585034e-04
-47.500000 4.405299e-04
-47.250000 3.899471e-04
-47.000000 3.009835e-04
-46.750000 1.771426e-04
-46.500000 9.404282e-05
-46.250000 2.488866e-04
-46.000000 4.713997e-04
-45.750000 7.080691e-04
-45.500000 9.393610e-04
-45.250000 1.147986e-03
-45.000000 1.317861e-03
-44.750000 1.435019e-03
-44.500000 1.488702e-03
-44.250000 1.472341e-03
-44.000000 1.384314e-03
-43.750000 1.228487e-03
-43.500000 1.014801e-03
-43.250000 7.609876e-04
-43.000000 5.012127e-04
-42.750000 3.325787e-04
-42.500000 4.196602e-04
-42.250000 6.454748e-04
-42.000000 8.716071e-04
-41.750000 1.053828e-03
-41.500000 1.173336e-03
-41.250000 1.221177e-03
-41.000000 1.195315e-03
-40.750000 1.099857e-03
-40.500000 9.447274e-04
-40.250000 7.458663e-04
-40.000000 5.278994e-04
-39.750000 3.395855e-04
-39.500000 2.948031e-04
-39.250000 4.198226e-04
-39.000000 5.797039e-04
-38.750000 7.103296e-04
-38.500000 7.900802e-04
-38.250000 8.111672e-04
-38.000000 7.738574e-04
-37.750000 6.857172e-04
-37.500000 5.633908e-04
-37.250000 4.396783e-04
-37.000000 3.769880e-04
-36.750000 4.313789e-04
-36.500000 5.646983e-04
-36.250000 7.121523e-04
-36.000000 8.365646e-04
-35.750000 9.178383e-04
-35.500000 9.446633e-04
-35.250000 9.118216e-04
-35.000000 8.193077e-04
-34.750000 6.719473e-04
-34.500000 4.793925e-04
-34.250000 2.589252e-04
-34.000000 1.054633e-04
-33.750000 2.895430e-04
-33.500000 5.234731e-04
-33.250000 7.343280e-04
-33.000000 9.031248e-04
-32.750000 1.016800e-03
-32.500000 1.066370e-03
-32.250000 1.047180e-03
-32.000000 9.593028e-04
-31.750000 8.079970e-04
-31.500000 6.049574e-04
-31.250000 3.756187e-04
-31.000000 2.221578e-04
-30.750000 3.649656e-04
-30.500000 6.281089e-04
-30.250000 8.902393e-04
-30.000000 1.118919e-03
-29.750000 1.296111e-03
-29.500000 1.409514e-03
-29.250000 1.451470e-03
-29.000000 1.418863e-03
-28.750000 1.313045e-03
-28.500000 1.139642e-03
-28.250000 9.083708e-04
-28.000000 6.337231e-04
-27.750000 3.432487e-04
-27.500000 1.944323e-04
-27.250000 4.345047e-04
-27.000000 7.464449e-04
-26.750000 1.044780e-03
-26.500000 1.308373e-03
-26.250000 1.523985e-03
-26.000000 1.681808e-03
-25.750000 1.775095e-03
-25.500000 1.800640e-03
-25.250000 1.759799e-03
-25.000000 1.660257e-03
-24.750000 1.519076e-03
-24.500000 1.367615e-03
-24.250000 1.256271e-03
-24.000000 1.245670e-03
-23.750000 1.367745e-03
-23.500000 1.597354e-03
-23.250000 1.880086e-03
-23.000000 2.165437e-03
-22.750000 2.415128e-03
-22.500000 2.601626e-03
-22.250000 2.706445e-03
-22.000000 2.719541e-03
-21.750000 2.639303e-03
-21.500000 2.472704e-03
-21.250000 2.235458e-03
-21.000000 1.952279e-03
-20.750000 1.657393e-03
-20.500000 1.394581e-03
-20.250000 1.211602e-03
-20.000000 1.137834e-03
-19.750000 1.155655e-03
-19.500000 1.211523e-03
-19.250000 1.255424e-03
-19.000000 1.259973e-03
-18.750000 1.220737e-03
-18.500000 1.153483e-03
-18.250000 1.091548e-03
-18.000000 1.076946e-03
-17.750000 1.137433e-03
-17.500000 1.265693e-03
-17.250000 1.428410e-03
-17.000000 1.589518e-03
-16.750000 1.722365e-03
-16.500000 1.811843e-03
-16.250000 1.853279e-03
-16.000000 1.850512e-03
-15.750000 1.813430e-03
-15.500000 1.755081e-03
-15.250000 1.688991e-03
-15.000000 1.628105e-03
-14.750000 1.586892e-03
-14.500000 1.586359e-03
-14.250000 1.657321e-03
-14.000000 1.833680e-03
-13.750000 2.135781e-03
-13.500000 2.559642e-03
-13.250000 3.080954e-03
-13.000000 3.664313e-03
-12.750000 4.269627e-03
-12.500000 4.855765e-03
-12.250000 5.383322e-03
-12.000000 5.817286e-03
-11.750000 6.129682e-03
-11.500000 6.301925e-03
-11.250000 6.326664e-03
-11.000000 6.208826e-03
-10.750000 5.965687e-03
-10.500000 5.625698e-03
-10.250000 5.225783e-03
-10.000000 4.806660e-03
-9.750000 4.405882e-03
-9.500000 4.049242e-03
-9.250000 3.743360e-03
-9.000000 3.474038e-03
-8.750000 3.212966e-03
-8.500000 2.930001e-03
-8.250000 2.605472e-03
-8.000000 2.239905e-03
-7.750000 1.863656e-03
-7.500000 1.550960e-03
-7.250000 1.421309e-03
-7.000000 1.550419e-03
-6.750000 1.866566e-03
-6.500000 2.244712e-03
-6.250000 2.598070e-03
-6.000000 2.878356e-03
-5.750000 3.062211e-03
-5.500000 3.143880e-03
-5.250000 3.131279e-03
-5.000000 3.042720e-03
-4.750000 2.903004e-03
-4.500000 2.738374e-03
-4.250000 2.570634e-03
-4.000000 2.411953e-03
-3.750000 2.262980e-03
-3.500000 2.116268e-03
-3.250000 1.964510e-03
-3.000000 1.811220e-03
-2.750000 1.681705e-03
-2.500000 1.629232e-03
-2.250000 1.719662e-03
-2.000000 1.987716e-03
-1.750000 2.416542e-03
-1.500000 2.966249e-03
-1.250000 3.600687e-03
-1.000000 4.292831e-03
-0.750000 5.021367e-03
-0.500000 5.766304e-03
-0.250000 6.505615e-03
0.000000 7.213314e-03
0.250000 7.859110e-03
0.500000 8.409589e-03
0.750000 8.830643e-03
1.000000 9.090754e-03
1.250000 9.164650e-03
1.500000 9.036907e-03
1.750000 8.705141e-03
2.000000 8.182605e-03
2.250000 7.500173e-03
2.500000 6.707905e-03
2.750000 5.876417e-03
3.000000 5.097205e-03
3.250000 4.476612e-03
3.500000 4.109685e-03
3.750000 4.029431e-03
4.000000 4.179868e-03
4.250000 4.461414e-03
4.500000 4.796428e-03
4.750000 5.156173e-03
5.000000 5.554947e-03
5.250000 6.029825e-03
5.500000 6.615530e-03
5.750000 7.323596e-03
6.000000 8.134467e-03
6.250000 9.003197e-03
6.500000 9.871836e-03
6.750000 1.068165e-02
7.000000 1.138227e-02
7.250000 1.193756e-02
7.500000 1.232873e-02
7.750000 1.255508e-02
8.000000 1.263245e-02
8.250000 1.258935e-02
8.500000 1.246106e-02
8.750000 1.228215e-02
9.000000 1.207902e-02
9.250000 1.186413e-02
9.500000 1.163408e-02
9.750000 1.137201e-02
10.000000 1.105361e-02
10.250000 1.065434e-02
10.500000 1.015598e-02
10.750000 9.551050e-03
11.000000 8.844656e-03
11.250000 8.054113e-03
11.500000 7.206733e-03
11.750000 6.336348e-03
12.000000 5.478993e-03
12.250000 4.668148e-03
12.500000 3.929947e-03
12.750000 3.279073e-03
13.000000 2.716591e-03
13.250000 2.231318e-03
13.500000 1.805536e-03
13.750000 1.423863e-03
14.000000 1.083196e-03
14.250000 8.041691e-04
14.500000 6.424790e-04
14.750000 6.491307e-04
15.000000 7.709948e-04
15.250000 9.137864e-04
15.500000 1.024963e-03
15.750000 1.085865e-03
16.000000 1.098427e-03
16.250000 1.080494e-03
16.500000 1.062554e-03
16.750000 1.078594e-03
17.000000 1.148310e-03
17.250000 1.264257e-03
17.500000 1.398773e-03
17.750000 1.519759e-03
18.000000 1.600355e-03
18.250000 1.622026e-03
18.500000 1.574952e-03
18.750000 1.457754e-03
19.000000 1.277318e-03
19.250000 1.049526e-03
19.500000 8.034619e-04
19.750000 5.967794e-04
20.000000 5.347584e-04
20.250000 6.609493e-04
20.500000 8.724965e-04
20.750000 1.083890e-03
21.000000 1.255592e-03
21.250000 1.367904e-03
21.500000 1.410563e-03
21.750000 1.379506e-03
22.000000 1.275705e-03
22.250000 1.104651e-03
22.500000 8.761320e-04
22.750000 6.046874e-04
23.000000 3.154441e-04
23.250000 1.543378e-04
23.500000 3.863194e-04
23.750000 6.621318e-04
24.000000 9.018019e-04
24.250000 1.082921e-03
24.500000 1.190748e-03
24.750000 1.215788e-03
25.000000 1.154152e-03
25.250000 1.008213e-03
25.500000 7.876334e-04
25.750000 5.134976e-04
26.000000 2.571232e-04
26.250000 3.367619e-04
26.500000 6.563638e-04
26.750000 9.856868e-04
27.000000 1.274663e-03
27.250000 1.497095e-03
27.500000 1.634588e-03
27.750000 1.675355e-03
28.000000 1.614514e-03
28.250000 1.454294e-03
28.500000 1.203889e-03
28.750000 8.790207e-04
29.000000 5.023484e-04
29.250000 1.357002e-04
29.500000 3.629534e-04
29.750000 7.553423e-04
30.000000 1.112756e-03
30.250000 1.410514e-03
30.500000 1.633239e-03
30.750000 1.772098e-03
31.000000 1.824768e-03
31.250000 1.795246e-03
31.500000 1.693257e-03
31.750000 1.533245e-03
32.000000 1.333050e-03
32.250000 1.112368e-03
32.500000 8.910981e-04
32.750000 6.876811e-04
33.000000 5.173375e-04
33.250000 3.900374e-04
33.500000 3.086694e-04
33.750000 2.707719e-04
34.000000 2.756997e-04
34.250000 3.251181e-04
34.500000 4.133336e-04
34.750000 5.265635e-04
35.000000 6.487716e-04
35.250000 7.646918e-04
35.500000 8.609050e-04
35.750000 9.265261e-04
36.000000 9.537500e-04
36.250000 9.381874e-04
36.500000 8.789340e-04
36.750000 7.783692e-04
37.000000 6.417252e-04
37.250000 4.765364e-04
37.500000 2.923463e-04
37.750000 1.055671e-04
38.000000 1.217772e-04
38.250000 3.050776e-04
38.500000 4.799967e-04
38.750000 6.350118e-04
39.000000 7.645537e-04
39.250000 8.648930e-04
39.500000 9.336471e-04
39.750000 9.695849e-04
40.000000 9.725333e-04
40.250000 9.433718e-04
40.500000 8.841057e-04
40.750000 7.980034e-04
41.000000 6.898062e-04
41.250000 5.661207e-04
41.500000 4.364696e-04
41.750000 3.167052e-04
42.000000 2.382261e-04
42.250000 2.416576e-04
42.500000 3.105144e-04
42.750000 3.963128e-04
43.000000 4.742689e-04
43.250000 5.349944e-04
43.500000 5.754547e-04
43.750000 5.958655e-04
44.000000 5.984224e-04
44.250000 5.865211e-04
44.500000 5.641625e-04
44.750000 5.355510e-04
45.000000 5.049735e-04
45.250000 4.769731e-04
45.500000 4.565810e-04
45.750000 4.490052e-04
46.000000 4.581852e-04
46.250000 4.847219e-04
46.500000 5.249723e-04
46.750000 5.721423e-04
47.000000 6.182031e-04
47.250000 6.553994e-04
47.500000 6.771574e-04
47.750000 6.786455e-04
48.000000 6.571744e-04
48.250000 6.125124e-04
48.500000 5.471716e-04
48.750000 4.668124e-04
49.000000 3.811340e-04
49.250000 3.057583e-04
49.500000 2.628158e-04
49.750000 2.672145e-04
50.000000 3.053396e-04
