-50.000000 2.080368e-03
-49.750000 2.060311e-03
-49.500000 2.026828e-03
-49.250000 1.980544e-03
-49.000000 1.922291e-03
-48.750000 1.853094e-03
-48.500000 1.774150e-03
-48.250000 1.686804e-03
-48.000000 1.592526e-03
-47.750000 1.492890e-03
-47.500000 1.389544e-03
-47.250000 1.284196e-03
-47.000000 1.178596e-03
-46.750000 1.074532e-03
-46.500000 9.738327e-04
-46.250000 8.783919e-04
-46.000000 7.901980e-04
-45.750000 7.113690e-04
-45.500000 6.441502e-04
-45.250000 5.908082e-04
-45.000000 5.533352e-04
-44.750000 5.329516e-04
-44.500000 5.296121e-04
-44.250000 5.418752e-04
-44.000000 5.672954e-04
-43.750000 6.030758e-04
-43.500000 6.465877e-04
-43.250000 6.955987e-04
-43.000000 7.482784e-04
-42.750000 8.031063e-04
-42.500000 8.587656e-04
-42.250000 9.140600e-04
-42.000000 9.678621e-04
-41.750000 1.019090e-03
-41.500000 1.066704e-03
-41.250000 1.109720e-03
-41.000000 1.147227e-03
-40.750000 1.178413e-03
-40.500000 1.202588e-03
-40.250000 1.219211e-03
-40.000000 1.227906e-03
-39.750000 1.228477e-03
-39.500000 1.220924e-03
-39.250000 1.205440e-03
-39.000000 1.182416e-03
-38.750000 1.152429e-03
-38.500000 1.116227e-03
-38.250000 1.074712e-03
-38.000000 1.028906e-03
-37.750000 9.799167e-04
-37.500000 9.288958e-04
-37.250000 8.769848e-04
-37.000000 8.252595e-04
-36.750000 7.746687e-04
-36.500000 7.259751e-04
-36.250000 6.797060e-04
-36.000000 6.361223e-04
-35.750000 5.952194e-04
-35.500000 5.567652e-04
-35.250000 5.203783e-04
-35.000000 4.856409e-04
-34.750000 4.522367e-04
-34.500000 4.200995e-04
-34.250000 3.895636e-04
-34.000000 3.614967e-04
-33.750000 3.373777e-04
-33.500000 3.192269e-04
-33.250000 3.092489e-04
-33.000000 3.091312e-04
-32.750000 3.192728e-04
-32.500000 3.384914e-04
-32.250000 3.644207e-04
-32.000000 3.942016e-04
-31.750000 4.250084e-04
-31.500000 4.542936e-04
-31.250000 4.798483e-04
-31.000000 4.997901e-04
-30.750000 5.125363e-04
-30.500000 5.167819e-04
-30.250000 5.114891e-04
-30.000000 4.958825e-04
-29.750000 4.694536e-04
-29.500000 4.319717e-04
-29.250000 3.835145e-04
-29.000000 3.245509e-04
-28.750000 2.562063e-04
-28.500000 1.813399e-04
-28.250000 1.107235e-04
-28.000000 9.490815e-05
-27.750000 1.677014e-04
-27.500000 2.722157e-04
-27.250000 3.882215e-04
-27.000000 5.107570e-04
-26.750000 6.375951e-04
-26.500000 7.672570e-04
-26.250000 8.985876e-04
-26.000000 1.030642e-03
-25.750000 1.162652e-03
-25.500000 1.294011e-03
-25.250000 1.424266e-03
-25.000000 1.553100e-03
-24.750000 1.680304e-03
-24.500000 1.805752e-03
-24.250000 1.929356e-03
-24.000000 2.051021e-03
-23.750000 2.170605e-03
-23.500000 2.287872e-03
-23.250000 2.402453e-03
-23.000000 2.513818e-03
-22.750000 2.621260e-03
-22.500000 2.723888e-03
-22.250000 2.820636e-03
-22.000000 2.910284e-03
-21.750000 2.991491e-03
-21.500000 3.062832e-03
-21.250000 3.122849e-03
-21.000000 3.170096e-03
-20.750000 3.203195e-03
-20.500000 3.220884e-03
-20.250000 3.222066e-03
-20.000000 3.205848e-03
-19.750000 3.171585e-03
-19.500000 3.118906e-03
-19.250000 3.047738e-03
-19.000000 2.958326e-03
-18.750000 2.851236e-03
-18.500000 2.727360e-03
-18.250000 2.587907e-03
-18.000000 2.434388e-03
-17.750000 2.268604e-03
-17.500000 2.092611e-03
-17.250000 1.908707e-03
-17.000000 1.719398e-03
-16.750000 1.527383e-03
-16.500000 1.335554e-03
-16.250000 1.147018e-03
-16.000000 9.652034e-04
-15.750000 7.940774e-04
-15.500000 6.386417e-04
-15.250000 5.058631e-04
-15.000000 4.058431e-04
-14.750000 3.504579e-04
-14.500000 3.436167e-04
-14.250000 3.720629e-04
-14.000000 4.156047e-04
-13.750000 4.596374e-04
-13.500000 4.962583e-04
-13.250000 5.216794e-04
-13.000000 5.343738e-04
-12.750000 5.341276e-04
-12.500000 5.215763e-04
-12.250000 4.979768e-04
-12.000000 4.651014e-04
-11.750000 4.252182e-04
-11.500000 3.811543e-04
-11.250000 3.364650e-04
-11.000000 2.956881e-04
-10.750000 2.644383e-04
-10.500000 2.485179e-04
-10.250000 2.512751e-04
-10.000000 2.712593e-04
-9.750000 3.036027e-04
-9.500000 3.433252e-04
-9.250000 3.870502e-04
-9.000000 4.330994e-04
-8.750000 4.810842e-04
-8.500000 5.314795e-04
-8.250000 5.852526e-04
-8.000000 6.435332e-04
-7.750000 7.073242e-04
-7.500000 7.772745e-04
-7.250000 8.535383e-04
-7.000000 9.357236e-04
-6.750000 1.022918e-03
-6.500000 1.113767e-03
-6.250000 1.206569e-03
-6.000000 1.299391e-03
-5.750000 1.390157e-03
-5.500000 1.476750e-03
-5.250000 1.557083e-03
-5.000000 1.629180e-03
-4.750000 1.691228e-03
-4.500000 1.741645e-03
-4.250000 1.779118e-03
-4.000000 1.802657e-03
-3.750000 1.811625e-03
-3.500000 1.805779e-03
-3.250000 1.785291e-03
-3.000000 1.750781e-03
-2.750000 1.703331e-03
-2.500000 1.644508e-03
-2.250000 1.576377e-03
-2.000000 1.501505e-03
-1.750000 1.422955e-03
-1.500000 1.344236e-03
-1.250000 1.269195e-03
-1.000000 1.201790e-03
-0.750000 1.145699e-03
-0.500000 1.103783e-03
-0.250000 1.077492e-03
0.000000 1.066448e-03
0.250000 1.068426e-03
0.500000 1.079782e-03
0.750000 1.096119e-03
1.000000 1.112955e-03
1.250000 1.126200e-03
1.500000 1.132437e-03
1.750000 1.129060e-03
2.000000 1.114327e-03
2.250000 1.087402e-03
2.500000 1.048419e-03
2.750000 9.986134e-04
3.000000 9.405397e-04
3.250000 8.784361e-04
3.500000 8.186865e-04
3.750000 7.701497e-04
4.000000 7.436090e-04
4.250000 7.492774e-04
4.500000 7.927238e-04
4.750000 8.725171e-04
5.000000 9.819661e-04
5.250000 1.112660e-03
5.500000 1.256796e-03
5.750000 1.407891e-03
6.000000 1.560713e-03
6.250000 1.711018e-03
6.500000 1.855322e-03
6.750000 1.990732e-03
7.000000 2.114853e-03
7.250000 2.225721e-03
7.500000 2.321765e-03
7.750000 2.401784e-03
8.000000 2.464929e-03
8.250000 2.510683e-03
8.500000 2.538855e-03
8.750000 2.549555e-03
9.000000 2.543177e-03
9.250000 2.520381e-03
9.500000 2.482068e-03
9.750000 2.429355e-03
10.000000 2.363550e-03
10.250000 2.286130e-03
10.500000 2.198712e-03
10.750000 2.103037e-03
11.000000 2.000948e-03
11.250000 1.894382e-03
11.500000 1.785360e-03
11.750000 1.675991e-03
12.000000 1.568474e-03
12.250000 1.465114e-03
12.500000 1.368318e-03
12.750000 1.280582e-03
13.000000 1.204429e-03
13.250000 1.142270e-03
13.500000 1.096185e-03
13.750000 1.067628e-03
14.000000 1.057167e-03
14.250000 1.064352e-03
14.500000 1.087810e-03
14.750000 1.125536e-03
15.000000 1.175248e-03
15.250000 1.234702e-03
15.500000 1.301880e-03
15.750000 1.375084e-03
16.000000 1.452935e-03
16.250000 1.534338e-03
16.500000 1.618430e-03
16.750000 1.704520e-03
17.000000 1.792039e-03
17.250000 1.880494e-03
17.500000 1.969429e-03
17.750000 2.058398e-03
18.000000 2.146935e-03
18.250000 2.234543e-03
18.500000 2.320674e-03
18.750000 2.404723e-03
19.000000 2.486023e-03
19.250000 2.563847e-03
19.500000 2.637408e-03
19.750000 2.705871e-03
20.000000 2.768359e-03
20.250000 2.823970e-03
20.500000 2.871792e-03
20.750000 2.910918e-03
21.000000 2.940468e-03
21.250000 2.959607e-03
21.500000 2.967562e-03
21.750000 2.963647e-03
22.000000 2.947273e-03
22.250000 2.917972e-03
22.500000 2.875409e-03
22.750000 2.819394e-03
23.000000 2.749897e-03
23.250000 2.667052e-03
23.500000 2.571165e-03
23.750000 2.462722e-03
24.000000 2.342384e-03
24.250000 2.210993e-03
24.500000 2.069573e-03
24.750000 1.919327e-03
25.000000 1.761644e-03
25.250000 1.598112e-03
25.500000 1.430545e-03
25.750000 1.261043e-03
26.000000 1.092117e-03
26.250000 9.269325e-04
26.500000 7.698326e-04
26.750000 6.273808e-04
27.000000 5.102197e-04
27.250000 4.345318e-04
27.500000 4.161012e-04
27.750000 4.535290e-04
28.000000 5.268646e-04
28.250000 6.157199e-04
28.500000 7.072121e-04
28.750000 7.941363e-04
29.000000 8.723983e-04
29.250000 9.395690e-04
29.500000 9.941796e-04
29.750000 1.035379e-03
30.000000 1.062758e-03
30.250000 1.076258e-03
30.500000 1.076118e-03
30.750000 1.062841e-03
31.000000 1.037177e-03
31.250000 1.000115e-03
31.500000 9.528801e-04
31.750000 8.969446e-04
32.000000 8.340583e-04
32.250000 7.663026e-04
32.500000 6.961867e-04
32.750000 6.267963e-04
33.000000 5.619885e-04
33.250000 5.065353e-04
33.500000 4.659101e-04
33.750000 4.451809e-04
34.000000 4.469453e-04
34.250000 4.698047e-04
34.500000 5.091357e-04
34.750000 5.593464e-04
35.000000 6.155586e-04
35.250000 6.741366e-04
35.500000 7.325849e-04
35.750000 7.892870e-04
36.000000 8.432691e-04
36.250000 8.940236e-04
36.500000 9.413797e-04
36.750000 9.854034e-04
37.000000 1.026317e-03
37.250000 1.064428e-03
37.500000 1.100065e-03
37.750000 1.133525e-03
38.000000 1.165023e-03
38.250000 1.194659e-03
38.500000 1.222395e-03
38.750000 1.248045e-03
39.000000 1.271285e-03
39.250000 1.291665e-03
39.500000 1.308644e-03
39.750000 1.321620e-03
40.000000 1.329971e-03
40.250000 1.333094e-03
40.500000 1.330445e-03
40.750000 1.321574e-03
41.000000 1.306158e-03
41.250000 1.284027e-03
41.500000 1.255194e-03
41.750000 1.219877e-03
42.000000 1.178513e-03
42.250000 1.131789e-03
42.500000 1.080654e-03
42.750000 1.026345e-03
43.000000 9.704103e-04
43.250000 9.147273e-04
43.500000 8.615021e-04
43.750000 8.132278e-04
44.000000 7.725570e-04
44.250000 7.420483e-04
44.500000 7.237781e-04
44.750000 7.189084e-04
45.000000 7.273957e-04
45.250000 7.480107e-04
45.500000 7.786708e-04
45.750000 8.169088e-04
46.000000 8.602850e-04
46.250000 9.066457e-04
46.500000 9.542384e-04
46.750000 1.001729e-03
47.000000 1.048170e-03
47.250000 1.092948e-03
47.500000 1.135722e-03
47.750000 1.176364e-03
48.000000 1.214898e-03
48.250000 1.251449e-03
48.500000 1.286181e-03
48.750000 1.319256e-03
49.000000 1.350790e-03
49.250000 1.380817e-03
49.500000 1.409268e-03
49.750000 1.435958e-03
50.000000 1.460585e-03
