-50.000000 2.233249e-03
-49.750000 2.243285e-03
-49.500000 2.248478e-03
-49.250000 2.248686e-03
-49.000000 2.243843e-03
-48.750000 2.233962e-03
-48.500000 2.219139e-03
-48.250000 2.199552e-03
-48.000000 2.175458e-03
-47.750000 2.147197e-03
-47.500000 2.115185e-03
-47.250000 2.079908e-03
-47.000000 2.041918e-03
-46.750000 2.001825e-03
-46.500000 1.960282e-03
-46.250000 1.917973e-03
-46.000000 1.875596e-03
-45.750000 1.833843e-03
-45.500000 1.793376e-03
-45.250000 1.754804e-03
-45.000000 1.718653e-03
-44.750000 1.685344e-03
-44.500000 1.655171e-03
-44.250000 1.628281e-03
-44.000000 1.604665e-03
-43.750000 1.584156e-03
-43.500000 1.566441e-03
-43.250000 1.551074e-03
-43.000000 1.537504e-03
-42.750000 1.525103e-03
-42.500000 1.513197e-03
-42.250000 1.501099e-03
-42.000000 1.488139e-03
-41.750000 1.473684e-03
-41.500000 1.457165e-03
-41.250000 1.438091e-03
-41.000000 1.416057e-03
-40.750000 1.390759e-03
-40.500000 1.361996e-03
-40.250000 1.329670e-03
-40.000000 1.293791e-03
-39.750000 1.254472e-03
-39.500000 1.211930e-03
-39.250000 1.166479e-03
-39.000000 1.118528e-03
-38.750000 1.068576e-03
-38.500000 1.017203e-03
-38.250000 9.650649e-04
-38.000000 9.128824e-04
-37.750000 8.614260e-04
-37.500000 8.114972e-04
-37.250000 7.639013e-04
-37.000000 7.194089e-04
-36.750000 6.787073e-04
-36.500000 6.423394e-04
-36.250000 6.106391e-04
-36.000000 5.836717e-04
-35.750000 5.611971e-04
-35.500000 5.426685e-04
-35.250000 5.272731e-04
-35.000000 5.140081e-04
-34.750000 5.017749e-04
-34.500000 4.894733e-04
-34.250000 4.760810e-04
-34.000000 4.607135e-04
-33.750000 4.426683e-04
-33.500000 4.214578e-04
-33.250000 3.968468e-04
-33.000000 3.689055e-04
-32.750000 3.381065e-04
-32.500000 3.055035e-04
-32.250000 2.730559e-04
-32.000000 2.441473e-04
-31.750000 2.240811e-04
-31.500000 2.194490e-04
-31.250000 2.349516e-04
-31.000000 2.701823e-04
-30.750000 3.209685e-04
-30.500000 3.827498e-04
-30.250000 4.520556e-04
-30.000000 5.264706e-04
-29.750000 6.042794e-04
-29.500000 6.841934e-04
-29.250000 7.651875e-04
-29.000000 8.464108e-04
-28.750000 9.271392e-04
-28.500000 1.006752e-03
-28.250000 1.084720e-03
-28.000000 1.160603e-03
-27.750000 1.234049e-03
-27.500000 1.304799e-03
-27.250000 1.372685e-03
-27.000000 1.437634e-03
-26.750000 1.499670e-03
-26.500000 1.558913e-03
-26.250000 1.615572e-03
-26.000000 1.669944e-03
-25.750000 1.722399e-03
-25.500000 1.773371e-03
-25.250000 1.823339e-03
-25.000000 1.872808e-03
-24.750000 1.922284e-03
-24.500000 1.972252e-03
-24.250000 2.023150e-03
-24.000000 2.075343e-03
-23.750000 2.129103e-03
-23.500000 2.184588e-03
-23.250000 2.241832e-03
-23.000000 2.300737e-03
-22.750000 2.361070e-03
-22.500000 2.422471e-03
-22.250000 2.484459e-03
-22.000000 2.546448e-03
-21.750000 2.607765e-03
-21.500000 2.667666e-03
-21.250000 2.725355e-03
-21.000000 2.780008e-03
-20.750000 2.830787e-03
-20.500000 2.876858e-03
-20.250000 2.917411e-03
-20.000000 2.951671e-03
-19.750000 2.978914e-03
-19.500000 2.998475e-03
-19.250000 3.009762e-03
-19.000000 3.012262e-03
-18.750000 3.005550e-03
-18.500000 2.989290e-03
-18.250000 2.963246e-03
-18.000000 2.927282e-03
-17.750000 2.881361e-03
-17.500000 2.825549e-03
-17.250000 2.760015e-03
-17.000000 2.685027e-03
-16.750000 2.600951e-03
-16.500000 2.508244e-03
-16.250000 2.407454e-03
-16.000000 2.299212e-03
-15.750000 2.184226e-03
-15.500000 2.063271e-03
-15.250000 1.937185e-03
-15.000000 1.806860e-03
-14.750000 1.673230e-03
-14.500000 1.537263e-03
-14.250000 1.399951e-03
-14.000000 1.262299e-03
-13.750000 1.125317e-03
-13.500000 9.900065e-04
-13.250000 8.573492e-04
-13.000000 7.282996e-04
-12.750000 6.037726e-04
-12.500000 4.846354e-04
-12.250000 3.716998e-04
-12.000000 2.657250e-04
-11.750000 1.674570e-04
-11.500000 7.799106e-05
-11.250000 1.840019e-05
-11.000000 8.104594e-05
-10.750000 1.443626e-04
-10.500000 1.991750e-04
-10.250000 2.452254e-04
-10.000000 2.827674e-04
-9.750000 3.123434e-04
-9.500000 3.347856e-04
-9.250000 3.512533e-04
-9.000000 3.632765e-04
-8.750000 3.727840e-04
-8.500000 3.820785e-04
-8.250000 3.937105e-04
-8.000000 4.102133e-04
-7.750000 4.337302e-04
-7.500000 4.656620e-04
-7.250000 5.064950e-04
-7.000000 5.558711e-04
-6.750000 6.128209e-04
-6.500000 6.760253e-04
-6.250000 7.440192e-04
-6.000000 8.153176e-04
-5.750000 8.884817e-04
-5.500000 9.621480e-04
-5.250000 1.035040e-03
-5.000000 1.105970e-03
-4.750000 1.173843e-03
-4.500000 1.237653e-03
-4.250000 1.296491e-03
-4.000000 1.349543e-03
-3.750000 1.396097e-03
-3.500000 1.435548e-03
-3.250000 1.467399e-03
-3.000000 1.491277e-03
-2.750000 1.506928e-03
-2.500000 1.514235e-03
-2.250000 1.513219e-03
-2.000000 1.504052e-03
-1.750000 1.487070e-03
-1.500000 1.462782e-03
-1.250000 1.431889e-03
-1.000000 1.395303e-03
-0.750000 1.354165e-03
-0.500000 1.309873e-03
-0.250000 1.264099e-03
0.000000 1.218800e-03
0.250000 1.176206e-03
0.500000 1.138761e-03
0.750000 1.109002e-03
1.000000 1.089351e-03
1.250000 1.081838e-03
1.500000 1.087806e-03
1.750000 1.107700e-03
2.000000 1.141013e-03
2.250000 1.186407e-03
2.500000 1.241965e-03
2.750000 1.305458e-03
3.000000 1.374587e-03
3.250000 1.447132e-03
3.500000 1.521041e-03
3.750000 1.594474e-03
4.000000 1.665804e-03
4.250000 1.733611e-03
4.500000 1.796668e-03
4.750000 1.853925e-03
5.000000 1.904494e-03
5.250000 1.947634e-03
5.500000 1.982745e-03
5.750000 2.009352e-03
6.000000 2.027102e-03
6.250000 2.035756e-03
6.500000 2.035177e-03
6.750000 2.025332e-03
7.000000 2.006279e-03
7.250000 1.978162e-03
7.500000 1.941207e-03
7.750000 1.895712e-03
8.000000 1.842041e-03
8.250000 1.780617e-03
8.500000 1.711914e-03
8.750000 1.636446e-03
9.000000 1.554766e-03
9.250000 1.467451e-03
9.500000 1.375095e-03
9.750000 1.278304e-03
10.000000 1.177684e-03
10.250000 1.073835e-03
10.500000 9.673436e-04
10.750000 8.587780e-04
11.000000 7.486809e-04
11.250000 6.375691e-04
11.500000 5.259377e-04
11.750000 4.142818e-04
12.000000 3.031746e-04
12.250000 1.936232e-04
12.500000 8.998184e-05
12.750000 5.706987e-05
13.000000 1.494430e-04
13.250000 2.541377e-04
13.500000 3.594789e-04
13.750000 4.641693e-04
14.000000 5.678902e-04
14.250000 6.705536e-04
14.500000 7.721540e-04
14.750000 8.727200e-04
15.000000 9.722914e-04
15.250000 1.070905e-03
15.500000 1.168584e-03
15.750000 1.265330e-03
16.000000 1.361114e-03
16.250000 1.455876e-03
16.500000 1.549515e-03
16.750000 1.641895e-03
17.000000 1.732836e-03
17.250000 1.822120e-03
17.500000 1.909494e-03
17.750000 1.994666e-03
18.000000 2.077320e-03
18.250000 2.157111e-03
18.500000 2.233673e-03
18.750000 2.306630e-03
19.000000 2.375594e-03
19.250000 2.440176e-03
19.500000 2.499990e-03
19.750000 2.554659e-03
20.000000 2.603819e-03
20.250000 2.647129e-03
20.500000 2.684268e-03
20.750000 2.714945e-03
21.000000 2.738901e-03
21.250000 2.755911e-03
21.500000 2.765790e-03
21.750000 2.768390e-03
22.000000 2.763608e-03
22.250000 2.751381e-03
22.500000 2.731691e-03
22.750000 2.704564e-03
23.000000 2.670072e-03
23.250000 2.628328e-03
23.500000 2.579489e-03
23.750000 2.523755e-03
24.000000 2.461363e-03
24.250000 2.392594e-03
24.500000 2.317761e-03
24.750000 2.237214e-03
25.000000 2.151336e-03
25.250000 2.060539e-03
25.500000 1.965264e-03
25.750000 1.865975e-03
26.000000 1.763159e-03
26.250000 1.657322e-03
26.500000 1.548989e-03
26.750000 1.438694e-03
27.000000 1.326986e-03
27.250000 1.214420e-03
27.500000 1.101556e-03
27.750000 9.889582e-04
28.000000 8.771892e-04
28.250000 7.668113e-04
28.500000 6.583846e-04
28.750000 5.524690e-04
29.000000 4.496318e-04
29.250000 3.504726e-04
29.500000 2.557012e-04
29.750000 1.664578e-04
30.000000 8.636253e-05
30.250000 4.603131e-05
30.500000 9.525680e-05
30.750000 1.602348e-04
31.000000 2.220573e-04
31.250000 2.783226e-04
31.500000 3.283090e-04
31.750000 3.716838e-04
32.000000 4.082774e-04
32.250000 4.380267e-04
32.500000 4.609621e-04
32.750000 4.772096e-04
33.000000 4.870021e-04
33.250000 4.906979e-04
33.500000 4.888080e-04
33.750000 4.820345e-04
34.000000 4.713226e-04
34.250000 4.579278e-04
34.500000 4.434907e-04
34.750000 4.301001e-04
35.000000 4.202869e-04
35.250000 4.168648e-04
35.500000 4.225413e-04
35.750000 4.393623e-04
36.000000 4.682508e-04
36.250000 5.089278e-04
36.500000 5.602233e-04
36.750000 6.205265e-04
37.000000 6.881399e-04
37.250000 7.614685e-04
37.500000 8.390864e-04
37.750000 9.197386e-04
38.000000 1.002318e-03
38.250000 1.085841e-03
38.500000 1.169421e-03
38.750000 1.252255e-03
39.000000 1.333608e-03
39.250000 1.412804e-03
39.500000 1.489227e-03
39.750000 1.562307e-03
40.000000 1.631530e-03
40.250000 1.696429e-03
40.500000 1.756589e-03
40.750000 1.811645e-03
41.000000 1.861284e-03
41.250000 1.905245e-03
41.500000 1.943322e-03
41.750000 1.975360e-03
42.000000 2.001263e-03
42.250000 2.020985e-03
42.500000 2.034538e-03
42.750000 2.041987e-03
43.000000 2.043452e-03
43.250000 2.039103e-03
43.500000 2.029164e-03
43.750000 2.013909e-03
44.000000 1.993657e-03
44.250000 1.968774e-03
44.500000 1.939671e-03
44.750000 1.906793e-03
45.000000 1.870627e-03
45.250000 1.831686e-03
45.500000 1.790513e-03
45.750000 1.747671e-03
46.000000 1.703737e-03
46.250000 1.659295e-03
46.500000 1.614926e-03
46.750000 1.571199e-03
47.000000 1.528662e-03
47.250000 1.487822e-03
47.500000 1.449141e-03
47.750000 1.413015e-03
48.000000 1.379767e-03
48.250000 1.349630e-03
48.500000 1.322743e-03
48.750000 1.299144e-03
49.000000 1.278774e-03
49.250000 1.261477e-03
49.500000 1.247014e-03
49.750000 1.235076e-03
50.000000 1.225304e-03
