-50.000000 6.688172e-04
-49.750000 7.022820e-04
-49.500000 7.367452e-04
-49.250000 7.721921e-04
-49.000000 8.086090e-04
-48.750000 8.459815e-04
-48.500000 8.842934e-04
-48.250000 9.235254e-04
-48.000000 9.636532e-04
-47.750000 1.004647e-03
-47.500000 1.046469e-03
-47.250000 1.089074e-03
-47.000000 1.132406e-03
-46.750000 1.176403e-03
-46.500000 1.220988e-03
-46.250000 1.266076e-03
-46.000000 1.311573e-03
-45.750000 1.357371e-03
-45.500000 1.403356e-03
-45.250000 1.449403e-03
-45.000000 1.495382e-03
-44.750000 1.541153e-03
-44.500000 1.586573e-03
-44.250000 1.631493e-03
-44.000000 1.675764e-03
-43.750000 1.719234e-03
-43.500000 1.761752e-03
-43.250000 1.803172e-03
-43.000000 1.843349e-03
-42.750000 1.882146e-03
-42.500000 1.919430e-03
-42.250000 1.955082e-03
-42.000000 1.988988e-03
-41.750000 2.021049e-03
-41.500000 2.051179e-03
-41.250000 2.079304e-03
-41.000000 2.105365e-03
-40.750000 2.129319e-03
-40.500000 2.151141e-03
-40.250000 2.170819e-03
-40.000000 2.188359e-03
-39.750000 2.203784e-03
-39.500000 2.217133e-03
-39.250000 2.228458e-03
-39.000000 2.237828e-03
-38.750000 2.245326e-03
-38.500000 2.251043e-03
-38.250000 2.255083e-03
-38.000000 2.257559e-03
-37.750000 2.258588e-03
-37.500000 2.258292e-03
-37.250000 2.256793e-03
-37.000000 2.254214e-03
-36.750000 2.250672e-03
-36.500000 2.246278e-03
-36.250000 2.241133e-03
-36.000000 2.235326e-03
-35.750000 2.228933e-03
-35.500000 2.222014e-03
-35.250000 2.214611e-03
-35.000000 2.206746e-03
-34.750000 2.198425e-03
-34.500000 2.189631e-03
-34.250000 2.180331e-03
-34.000000 2.170473e-03
-33.750000 2.159989e-03
-33.500000 2.148799e-03
-33.250000 2.136809e-03
-33.000000 2.123921e-03
-32.750000 2.110028e-03
-32.500000 2.095028e-03
-32.250000 2.078819e-03
-32.000000 2.061309e-03
-31.750000 2.042420e-03
-31.500000 2.022090e-03
-31.250000 2.000282e-03
-31.000000 1.976983e-03
-30.750000 1.952214e-03
-30.500000 1.926034e-03
-30.250000 1.898543e-03
-30.000000 1.869884e-03
-29.750000 1.840254e-03
-29.500000 1.809901e-03
-29.250000 1.779129e-03
-29.000000 1.748302e-03
-28.750000 1.717838e-03
-28.500000 1.688214e-03
-28.250000 1.659956e-03
-28.000000 1.633631e-03
-27.750000 1.609837e-03
-27.500000 1.589182e-03
-27.250000 1.572263e-03
-27.000000 1.559640e-03
-26.750000 1.551807e-03
-26.500000 1.549160e-03
-26.250000 1.551972e-03
-26.000000 1.560373e-03
-25.750000 1.574334e-03
-25.500000 1.593669e-03
-25.250000 1.618034e-03
-25.000000 1.646953e-03
-24.750000 1.679830e-03
-24.500000 1.715981e-03
-24.250000 1.754654e-03
-24.000000 1.795057e-03
-23.750000 1.836376e-03
-23.500000 1.877795e-03
-23.250000 1.918507e-03
-23.000000 1.957728e-03
-22.750000 1.994702e-03
-22.500000 2.028712e-03
-22.250000 2.059081e-03
-22.000000 2.085175e-03
-21.750000 2.106410e-03
-21.500000 2.122253e-03
-21.250000 2.132223e-03
-21.000000 2.135897e-03
-20.750000 2.132907e-03
-20.500000 2.122951e-03
-20.250000 2.105791e-03
-20.000000 2.081260e-03
-19.750000 2.049264e-03
-19.500000 2.009794e-03
-19.250000 1.962930e-03
-19.000000 1.908854e-03
-18.750000 1.847862e-03
-18.500000 1.780386e-03
-18.250000 1.707018e-03
-18.000000 1.628544e-03
-17.750000 1.545995e-03
-17.500000 1.460707e-03
-17.250000 1.374413e-03
-17.000000 1.289349e-03
-16.750000 1.208375e-03
-16.500000 1.135082e-03
-16.250000 1.073796e-03
-16.000000 1.029348e-03
-15.750000 1.006464e-03
-15.500000 1.008780e-03
-15.250000 1.037872e-03
-15.000000 1.092873e-03
-14.750000 1.170919e-03
-14.500000 1.268092e-03
-14.250000 1.380277e-03
-14.000000 1.503681e-03
-13.750000 1.635029e-03
-13.500000 1.771562e-03
-13.250000 1.910971e-03
-13.000000 2.051309e-03
-12.750000 2.190907e-03
-12.500000 2.328317e-03
-12.250000 2.462261e-03
-12.000000 2.591600e-03
-11.750000 2.715311e-03
-11.500000 2.832467e-03
-11.250000 2.942229e-03
-11.000000 3.043839e-03
-10.750000 3.136610e-03
-10.500000 3.219930e-03
-10.250000 3.293256e-03
-10.000000 3.356116e-03
-9.750000 3.408105e-03
-9.500000 3.448890e-03
-9.250000 3.478207e-03
-9.000000 3.495865e-03
-8.750000 3.501740e-03
-8.500000 3.495786e-03
-8.250000 3.478024e-03
-8.000000 3.448552e-03
-7.750000 3.407538e-03
-7.500000 3.355228e-03
-7.250000 3.291938e-03
-7.000000 3.218062e-03
-6.750000 3.134070e-03
-6.500000 3.040508e-03
-6.250000 2.938006e-03
-6.000000 2.827277e-03
-5.750000 2.709125e-03
-5.500000 2.584457e-03
-5.250000 2.454290e-03
-5.000000 2.319777e-03
-4.750000 2.182227e-03
-4.500000 2.043147e-03
-4.250000 1.904288e-03
-4.000000 1.767717e-03
-3.750000 1.635892e-03
-3.500000 1.511754e-03
-3.250000 1.398798e-03
-3.000000 1.301052e-03
-2.750000 1.222881e-03
-2.500000 1.168468e-03
-2.250000 1.140977e-03
-2.000000 1.141636e-03
-1.750000 1.169268e-03
-1.500000 1.220580e-03
-1.250000 1.291050e-03
-1.000000 1.375880e-03
-0.750000 1.470644e-03
-0.500000 1.571579e-03
-0.250000 1.675622e-03
0.000000 1.780333e-03
0.250000 1.883789e-03
0.500000 1.984476e-03
0.750000 2.081202e-03
1.000000 2.173029e-03
1.250000 2.259221e-03
1.500000 2.339207e-03
1.750000 2.412552e-03
2.000000 2.478930e-03
2.250000 2.538111e-03
2.500000 2.589948e-03
2.750000 2.634360e-03
3.000000 2.671328e-03
3.250000 2.700882e-03
3.500000 2.723100e-03
3.750000 2.738092e-03
4.000000 2.746003e-03
4.250000 2.747001e-03
4.500000 2.741274e-03
4.750000 2.729027e-03
5.000000 2.710475e-03
5.250000 2.685839e-03
5.500000 2.655343e-03
5.750000 2.619214e-03
6.000000 2.577674e-03
6.250000 2.530942e-03
6.500000 2.479232e-03
6.750000 2.422752e-03
7.000000 2.361706e-03
7.250000 2.296290e-03
7.500000 2.226699e-03
7.750000 2.153128e-03
8.000000 2.075771e-03
8.250000 1.994831e-03
8.500000 1.910521e-03
8.750000 1.823073e-03
9.000000 1.732742e-03
9.250000 1.639819e-03
9.500000 1.544643e-03
9.750000 1.447615e-03
10.000000 1.349224e-03
10.250000 1.250076e-03
10.500000 1.150937e-03
10.750000 1.052804e-03
11.000000 9.569948e-04
11.250000 8.652860e-04
11.500000 7.800954e-04
11.750000 7.046806e-04
12.000000 6.432370e-04
12.250000 6.005989e-04
12.500000 5.811664e-04
12.750000 5.871746e-04
13.000000 6.175014e-04
13.250000 6.682024e-04
13.500000 7.342218e-04
13.750000 8.108248e-04
14.000000 8.941843e-04
14.250000 9.813971e-04
14.500000 1.070297e-03
14.750000 1.159258e-03
15.000000 1.247036e-03
15.250000 1.332660e-03
15.500000 1.415364e-03
15.750000 1.494534e-03
16.000000 1.569681e-03
16.250000 1.640423e-03
16.500000 1.706470e-03
16.750000 1.767617e-03
17.000000 1.823742e-03
17.250000 1.874804e-03
17.500000 1.920837e-03
17.750000 1.961956e-03
18.000000 1.998353e-03
18.250000 2.030296e-03
18.500000 2.058129e-03
18.750000 2.082268e-03
19.000000 2.103196e-03
19.250000 2.121461e-03
19.500000 2.137665e-03
19.750000 2.152450e-03
20.000000 2.166492e-03
20.250000 2.180479e-03
20.500000 2.195094e-03
20.750000 2.210993e-03
21.000000 2.228787e-03
21.250000 2.249013e-03
21.500000 2.272121e-03
21.750000 2.298450e-03
22.000000 2.328216e-03
22.250000 2.361505e-03
22.500000 2.398269e-03
22.750000 2.438330e-03
23.000000 2.481384e-03
23.250000 2.527021e-03
23.500000 2.574735e-03
23.750000 2.623944e-03
24.000000 2.674008e-03
24.250000 2.724249e-03
24.500000 2.773964e-03
24.750000 2.822444e-03
25.000000 2.868987e-03
25.250000 2.912908e-03
25.500000 2.953551e-03
25.750000 2.990298e-03
26.000000 3.022570e-03
26.250000 3.049842e-03
26.500000 3.071639e-03
26.750000 3.087542e-03
27.000000 3.097190e-03
27.250000 3.100285e-03
27.500000 3.096585e-03
27.750000 3.085914e-03
28.000000 3.068154e-03
28.250000 3.043247e-03
28.500000 3.011196e-03
28.750000 2.972061e-03
29.000000 2.925956e-03
29.250000 2.873050e-03
29.500000 2.813563e-03
29.750000 2.747763e-03
30.000000 2.675963e-03
30.250000 2.598516e-03
30.500000 2.515815e-03
30.750000 2.428288e-03
31.000000 2.336390e-03
31.250000 2.240607e-03
31.500000 2.141443e-03
31.750000 2.039424e-03
32.000000 1.935087e-03
32.250000 1.828979e-03
32.500000 1.721654e-03
32.750000 1.613667e-03
33.000000 1.505568e-03
33.250000 1.397904e-03
33.500000 1.291209e-03
33.750000 1.186005e-03
34.000000 1.082798e-03
34.250000 9.820739e-04
34.500000 8.842986e-04
34.750000 7.899166e-04
35.000000 6.993515e-04
35.250000 6.130082e-04
35.500000 5.312797e-04
35.750000 4.545581e-04
36.000000 3.832563e-04
36.250000 3.178487e-04
36.500000 2.589447e-04
36.750000 2.074253e-04
37.000000 1.646661e-04
37.250000 1.327581e-04
37.500000 1.140978e-04
37.750000 1.092633e-04
38.000000 1.149734e-04
38.250000 1.260516e-04
38.500000 1.384663e-04
38.750000 1.499402e-04
39.000000 1.593835e-04
39.250000 1.663774e-04
39.500000 1.708840e-04
39.750000 1.731002e-04
40.000000 1.733843e-04
40.250000 1.722175e-04
40.500000 1.701785e-04
40.750000 1.679179e-04
41.000000 1.661197e-04
41.250000 1.654432e-04
41.500000 1.664446e-04
41.750000 1.694959e-04
42.000000 1.747292e-04
42.250000 1.820288e-04
42.500000 1.910747e-04
42.750000 2.014139e-04
43.000000 2.125318e-04
43.250000 2.239068e-04
43.500000 2.350447e-04
43.750000 2.454960e-04
44.000000 2.548626e-04
44.250000 2.627990e-04
44.500000 2.690101e-04
44.750000 2.732493e-04
45.000000 2.753148e-04
45.250000 2.750482e-04
45.500000 2.723311e-04
45.750000 2.670841e-04
46.000000 2.592649e-04
46.250000 2.488672e-04
46.500000 2.359197e-04
46.750000 2.204868e-04
47.000000 2.026700e-04
47.250000 1.826130e-04
47.500000 1.605137e-04
47.750000 1.366546e-04
48.000000 1.114816e-04
48.250000 8.583904e-05
48.500000 6.179135e-05
48.750000 4.550625e-05
49.000000 4.878952e-05
49.250000 7.038827e-05
49.500000 9.974128e-05
49.750000 1.321405e-04
50.000000 1.659353e-04
