-50.000000 1.699747e-03
-49.750000 1.709791e-03
-49.500000 1.719799e-03
-49.250000 1.729754e-03
-49.000000 1.739638e-03
-48.750000 1.749434e-03
-48.500000 1.759123e-03
-48.250000 1.768685e-03
-48.000000 1.778099e-03
-47.750000 1.787344e-03
-47.500000 1.796401e-03
-47.250000 1.805246e-03
-47.000000 1.813860e-03
-46.750000 1.822220e-03
-46.500000 1.830304e-03
-46.250000 1.838091e-03
-46.000000 1.845561e-03
-45.750000 1.852690e-03
-45.500000 1.859460e-03
-45.250000 1.865850e-03
-45.000000 1.871839e-03
-44.750000 1.877409e-03
-44.500000 1.882542e-03
-44.250000 1.887218e-03
-44.000000 1.891423e-03
-43.750000 1.895139e-03
-43.500000 1.898351e-03
-43.250000 1.901046e-03
-43.000000 1.903210e-03
-42.750000 1.904832e-03
-42.500000 1.905902e-03
-42.250000 1.906410e-03
-42.000000 1.906350e-03
-41.750000 1.905715e-03
-41.500000 1.904501e-03
-41.250000 1.902705e-03
-41.000000 1.900327e-03
-40.750000 1.897367e-03
-40.500000 1.893829e-03
-40.250000 1.889718e-03
-40.000000 1.885042e-03
-39.750000 1.879809e-03
-39.500000 1.874032e-03
-39.250000 1.867725e-03
-39.000000 1.860905e-03
-38.750000 1.853590e-03
-38.500000 1.845804e-03
-38.250000 1.837570e-03
-38.000000 1.828915e-03
-37.750000 1.819870e-03
-37.500000 1.810468e-03
-37.250000 1.800743e-03
-37.000000 1.790734e-03
-36.750000 1.780482e-03
-36.500000 1.770031e-03
-36.250000 1.759426e-03
-36.000000 1.748717e-03
-35.750000 1.737954e-03
-35.500000 1.727191e-03
-35.250000 1.716483e-03
-35.000000 1.705886e-03
-34.750000 1.695458e-03
-34.500000 1.685259e-03
-34.250000 1.675349e-03
-34.000000 1.665787e-03
-33.750000 1.656634e-03
-33.500000 1.647947e-03
-33.250000 1.639785e-03
-33.000000 1.632203e-03
-32.750000 1.625255e-03
-32.500000 1.618989e-03
-32.250000 1.613451e-03
-32.000000 1.608683e-03
-31.750000 1.604722e-03
-31.500000 1.601596e-03
-31.250000 1.599332e-03
-31.000000 1.597945e-03
-30.750000 1.597446e-03
-30.500000 1.597838e-03
-30.250000 1.599117e-03
-30.000000 1.601269e-03
-29.750000 1.604275e-03
-29.500000 1.608105e-03
-29.250000 1.612725e-03
-29.000000 1.618091e-03
-28.750000 1.624154e-03
-28.500000 1.630858e-03
-28.250000 1.638139e-03
-28.000000 1.645931e-03
-27.750000 1.654161e-03
-27.500000 1.662752e-03
-27.250000 1.671624e-03
-27.000000 1.680694e-03
-26.750000 1.689877e-03
-26.500000 1.699084e-03
-26.250000 1.708228e-03
-26.000000 1.717219e-03
-25.750000 1.725969e-03
-25.500000 1.734389e-03
-25.250000 1.742391e-03
-25.000000 1.749889e-03
-24.750000 1.756798e-03
-24.500000 1.763035e-03
-24.250000 1.768523e-03
-24.000000 1.773182e-03
-23.750000 1.776940e-03
-23.500000 1.779726e-03
-23.250000 1.781475e-03
-23.000000 1.782124e-03
-22.750000 1.781614e-03
-22.500000 1.779894e-03
-22.250000 1.776915e-03
-22.000000 1.772633e-03
-21.750000 1.767012e-03
-21.500000 1.760021e-03
-21.250000 1.751633e-03
-21.000000 1.741831e-03
-20.750000 1.730601e-03
-20.500000 1.717941e-03
-20.250000 1.703853e-03
-20.000000 1.688348e-03
-19.750000 1.671448e-03
-19.500000 1.653182e-03
-19.250000 1.633590e-03
-19.000000 1.612724e-03
-18.750000 1.590645e-03
-18.500000 1.567429e-03
-18.250000 1.543166e-03
-18.000000 1.517959e-03
-17.750000 1.491928e-03
-17.500000 1.465212e-03
-17.250000 1.437966e-03
-17.000000 1.410367e-03
-16.750000 1.382616e-03
-16.500000 1.354933e-03
-16.250000 1.327566e-03
-16.000000 1.300788e-03
-15.750000 1.274895e-03
-15.500000 1.250210e-03
-15.250000 1.227080e-03
-15.000000 1.205869e-03
-14.750000 1.186957e-03
-14.500000 1.170731e-03
-14.250000 1.157574e-03
-14.000000 1.147856e-03
-13.750000 1.141918e-03
-13.500000 1.140060e-03
-13.250000 1.142525e-03
-13.000000 1.149491e-03
-12.750000 1.161064e-03
-12.500000 1.177268e-03
-12.250000 1.198056e-03
-12.000000 1.223305e-03
-11.750000 1.252833e-03
-11.500000 1.286407e-03
-11.250000 1.323754e-03
-11.000000 1.364574e-03
-10.750000 1.408551e-03
-10.500000 1.455361e-03
-10.250000 1.504680e-03
-10.000000 1.556187e-03
-9.750000 1.609572e-03
-9.500000 1.664534e-03
-9.250000 1.720786e-03
-9.000000 1.778055e-03
-8.750000 1.836079e-03
-8.500000 1.894611e-03
-8.250000 1.953417e-03
-8.000000 2.012271e-03
-7.750000 2.070964e-03
-7.500000 2.129292e-03
-7.250000 2.187064e-03
-7.000000 2.244098e-03
-6.750000 2.300218e-03
-6.500000 2.355258e-03
-6.250000 2.409060e-03
-6.000000 2.461471e-03
-5.750000 2.512346e-03
-5.500000 2.561547e-03
-5.250000 2.608942e-03
-5.000000 2.654402e-03
-4.750000 2.697810e-03
-4.500000 2.739049e-03
-4.250000 2.778010e-03
-4.000000 2.814591e-03
-3.750000 2.848693e-03
-3.500000 2.880225e-03
-3.250000 2.909100e-03
-3.000000 2.935237e-03
-2.750000 2.958560e-03
-2.500000 2.979001e-03
-2.250000 2.996495e-03
-2.000000 3.010984e-03
-1.750000 3.022416e-03
-1.500000 3.030744e-03
-1.250000 3.035929e-03
-1.000000 3.037935e-03
-0.750000 3.036734e-03
-0.500000 3.032304e-03
-0.250000 3.024629e-03
0.000000 3.013699e-03
0.250000 2.999510e-03
0.500000 2.982066e-03
0.750000 2.961375e-03
1.000000 2.937453e-03
1.250000 2.910322e-03
1.500000 2.880011e-03
1.750000 2.846557e-03
2.000000 2.810000e-03
2.250000 2.770391e-03
2.500000 2.727785e-03
2.750000 2.682246e-03
3.000000 2.633846e-03
3.250000 2.582660e-03
3.500000 2.528777e-03
3.750000 2.472289e-03
4.000000 2.413299e-03
4.250000 2.351917e-03
4.500000 2.288265e-03
4.750000 2.222472e-03
5.000000 2.154680e-03
5.250000 2.085042e-03
5.500000 2.013725e-03
5.750000 1.940910e-03
6.000000 1.866795e-03
6.250000 1.791600e-03
6.500000 1.715566e-03
6.750000 1.638961e-03
7.000000 1.562089e-03
7.250000 1.485292e-03
7.500000 1.408960e-03
7.750000 1.333543e-03
8.000000 1.259564e-03
8.250000 1.187633e-03
8.500000 1.118464e-03
8.750000 1.052895e-03
9.000000 9.918974e-04
9.250000 9.365823e-04
9.500000 8.881790e-04
9.750000 8.479824e-04
10.000000 8.172508e-04
10.250000 7.970579e-04
10.500000 7.881223e-04
10.750000 7.906651e-04
11.000000 8.043532e-04
11.250000 8.283541e-04
11.500000 8.614786e-04
11.750000 9.023562e-04
12.000000 9.495899e-04
12.250000 1.001863e-03
12.500000 1.057993e-03
12.750000 1.116954e-03
13.000000 1.177871e-03
13.250000 1.240003e-03
13.500000 1.302726e-03
13.750000 1.365512e-03
14.000000 1.427914e-03
14.250000 1.489550e-03
14.500000 1.550091e-03
14.750000 1.609255e-03
15.000000 1.666793e-03
15.250000 1.722490e-03
15.500000 1.776157e-03
15.750000 1.827626e-03
16.000000 1.876749e-03
16.250000 1.923398e-03
16.500000 1.967458e-03
16.750000 2.008828e-03
17.000000 2.047421e-03
17.250000 2.083163e-03
17.500000 2.115990e-03
17.750000 2.145849e-03
18.000000 2.172698e-03
18.250000 2.196505e-03
18.500000 2.217247e-03
18.750000 2.234911e-03
19.000000 2.249494e-03
19.250000 2.261002e-03
19.500000 2.269450e-03
19.750000 2.274862e-03
20.000000 2.277272e-03
20.250000 2.276721e-03
20.500000 2.273263e-03
20.750000 2.266958e-03
21.000000 2.257877e-03
21.250000 2.246099e-03
21.500000 2.231714e-03
21.750000 2.214822e-03
22.000000 2.195531e-03
22.250000 2.173962e-03
22.500000 2.150244e-03
22.750000 2.124518e-03
23.000000 2.096935e-03
23.250000 2.067657e-03
23.500000 2.036860e-03
23.750000 2.004728e-03
24.000000 1.971461e-03
24.250000 1.937268e-03
24.500000 1.902374e-03
24.750000 1.867012e-03
25.000000 1.831433e-03
25.250000 1.795895e-03
25.500000 1.760672e-03
25.750000 1.726045e-03
26.000000 1.692306e-03
26.250000 1.659752e-03
26.500000 1.628686e-03
26.750000 1.599410e-03
27.000000 1.572221e-03
27.250000 1.547408e-03
27.500000 1.525243e-03
27.750000 1.505975e-03
28.000000 1.489824e-03
28.250000 1.476973e-03
28.500000 1.467562e-03
28.750000 1.461684e-03
29.000000 1.459379e-03
29.250000 1.460635e-03
29.500000 1.465386e-03
29.750000 1.473515e-03
30.000000 1.484861e-03
30.250000 1.499221e-03
30.500000 1.516360e-03
30.750000 1.536016e-03
31.000000 1.557908e-03
31.250000 1.581746e-03
31.500000 1.607231e-03
31.750000 1.634066e-03
32.000000 1.661959e-03
32.250000 1.690624e-03
32.500000 1.719787e-03
32.750000 1.749186e-03
33.000000 1.778572e-03
33.250000 1.807714e-03
33.500000 1.836391e-03
33.750000 1.864402e-03
34.000000 1.891558e-03
34.250000 1.917686e-03
34.500000 1.942626e-03
34.750000 1.966233e-03
35.000000 1.988375e-03
35.250000 2.008933e-03
35.500000 2.027800e-03
35.750000 2.044880e-03
36.000000 2.060089e-03
36.250000 2.073354e-03
36.500000 2.084612e-03
36.750000 2.093809e-03
37.000000 2.100901e-03
37.250000 2.105855e-03
37.500000 2.108643e-03
37.750000 2.109249e-03
38.000000 2.107661e-03
38.250000 2.103880e-03
38.500000 2.097909e-03
38.750000 2.089762e-03
39.000000 2.079458e-03
39.250000 2.067022e-03
39.500000 2.052488e-03
39.750000 2.035893e-03
40.000000 2.017281e-03
40.250000 1.996701e-03
40.500000 1.974209e-03
40.750000 1.949864e-03
41.000000 1.923730e-03
41.250000 1.895876e-03
41.500000 1.866375e-03
41.750000 1.835304e-03
42.000000 1.802743e-03
42.250000 1.768777e-03
42.500000 1.733492e-03
42.750000 1.696980e-03
43.000000 1.659333e-03
43.250000 1.620646e-03
43.500000 1.581017e-03
43.750000 1.540546e-03
44.000000 1.499334e-03
44.250000 1.457484e-03
44.500000 1.415100e-03
44.750000 1.372287e-03
45.000000 1.329151e-03
45.250000 1.285800e-03
45.500000 1.242341e-03
45.750000 1.198880e-03
46.000000 1.155525e-03
46.250000 1.112384e-03
46.500000 1.069563e-03
46.750000 1.027169e-03
47.000000 9.853057e-04
47.250000 9.440785e-04
47.500000 9.035897e-04
47.750000 8.639406e-04
48.000000 8.252298e-04
48.250000 7.875539e-04
48.500000 7.510060e-04
48.750000 7.156757e-04
49.000000 6.816479e-04
49.250000 6.490020e-04
49.500000 6.178109e-04
49.750000 5.881391e-04
50.000000 5.600418e-04
