-50.000000 3.861871e-04
-49.750000 3.075125e-04
-49.500000 3.038326e-04
-49.250000 3.868550e-04
-49.000000 5.092654e-04
-48.750000 6.332006e-04
-48.500000 7.385687e-04
-48.250000 8.139540e-04
-48.000000 8.529859e-04
-47.750000 8.533735e-04
-47.500000 8.168035e-04
-47.250000 7.492211e-04
-47.000000 6.615326e-04
-46.750000 5.708795e-04
-46.500000 5.013346e-04
-46.250000 4.775243e-04
-46.000000 5.055640e-04
-45.750000 5.653202e-04
-45.500000 6.290472e-04
-45.250000 6.757521e-04
-45.000000 6.927239e-04
-44.750000 6.739076e-04
-44.500000 6.190533e-04
-44.250000 5.343196e-04
-44.000000 4.357299e-04
-43.750000 3.587068e-04
-43.500000 3.600421e-04
-43.250000 4.568143e-04
-43.000000 6.047184e-04
-42.750000 7.642035e-04
-42.500000 9.132491e-04
-42.250000 1.039067e-03
-42.000000 1.134126e-03
-41.750000 1.194863e-03
-41.500000 1.221196e-03
-41.250000 1.216167e-03
-41.000000 1.185429e-03
-40.750000 1.136431e-03
-40.500000 1.077242e-03
-40.250000 1.015013e-03
-40.000000 9.543848e-04
-39.750000 8.964266e-04
-39.500000 8.387739e-04
-39.250000 7.771795e-04
-39.000000 7.080305e-04
-38.750000 6.312709e-04
-38.500000 5.537001e-04
-38.250000 4.925625e-04
-38.000000 4.746271e-04
-37.750000 5.185907e-04
-37.500000 6.149978e-04
-37.250000 7.379339e-04
-37.000000 8.637529e-04
-36.750000 9.753451e-04
-36.500000 1.060970e-03
-36.250000 1.113291e-03
-36.000000 1.129135e-03
-35.750000 1.109621e-03
-35.500000 1.060464e-03
-35.250000 9.922719e-04
-35.000000 9.204656e-04
-34.750000 8.636495e-04
-34.500000 8.384788e-04
-34.250000 8.514915e-04
-34.000000 8.948295e-04
-33.750000 9.511907e-04
-33.500000 1.002248e-03
-33.250000 1.033663e-03
-33.000000 1.036460e-03
-32.750000 1.006823e-03
-32.500000 9.454584e-04
-32.250000 8.568068e-04
-32.000000 7.480943e-04
-31.750000 6.281169e-04
-31.500000 5.056317e-04
-31.250000 3.872671e-04
-31.000000 2.751757e-04
-30.750000 1.654539e-04
-30.500000 4.956605e-05
-30.250000 8.832144e-05
-30.000000 2.504344e-04
-29.750000 4.441624e-04
-29.500000 6.673504e-04
-29.250000 9.130629e-04
-29.000000 1.170366e-03
-28.750000 1.425512e-03
-28.500000 1.663192e-03
-28.250000 1.867806e-03
-28.000000 2.024695e-03
-27.750000 2.121288e-03
-27.500000 2.148097e-03
-27.250000 2.099497e-03
-27.000000 1.974239e-03
-26.750000 1.775641e-03
-26.500000 1.511455e-03
-26.250000 1.193404e-03
-26.000000 8.365101e-04
-25.750000 4.589707e-04
-25.500000 1.065895e-04
-25.250000 3.249221e-04
-25.000000 6.734063e-04
-24.750000 9.949091e-04
-24.500000 1.283797e-03
-24.250000 1.543944e-03
-24.000000 1.785978e-03
-23.750000 2.024716e-03
-23.500000 2.274952e-03
-23.250000 2.546554e-03
-23.000000 2.840824e-03
-22.750000 3.149597e-03
-22.500000 3.456942e-03
-22.250000 3.742237e-03
-22.000000 3.983415e-03
-21.750000 4.159765e-03
-21.500000 4.254110e-03
-21.250000 4.254393e-03
-21.000000 4.154713e-03
-20.750000 3.955837e-03
-20.500000 3.665213e-03
-20.250000 3.296503e-03
-20.000000 2.868663e-03
-19.750000 2.404630e-03
-19.500000 1.929672e-03
-19.250000 1.469501e-03
-19.000000 1.048243e-03
-18.750000 6.865439e-04
-18.500000 4.012447e-04
-18.250000 2.165677e-04
-18.000000 1.979038e-04
-17.750000 3.160580e-04
-17.500000 4.938108e-04
-17.250000 7.207034e-04
-17.000000 9.881400e-04
-16.750000 1.277402e-03
-16.500000 1.563532e-03
-16.250000 1.819627e-03
-16.000000 2.020206e-03
-15.750000 2.144077e-03
-15.500000 2.176995e-03
-15.250000 2.114396e-03
-15.000000 1.964767e-03
-14.750000 1.754821e-03
-14.500000 1.537938e-03
-14.250000 1.400288e-03
-14.000000 1.429846e-03
-13.750000 1.634110e-03
-13.500000 1.933396e-03
-13.250000 2.237199e-03
-13.000000 2.478557e-03
-12.750000 2.613064e-03
-12.500000 2.615044e-03
-12.250000 2.477361e-03
-12.000000 2.215175e-03
-11.750000 1.876454e-03
-11.500000 1.566222e-03
-11.250000 1.463180e-03
-11.000000 1.686575e-03
-10.750000 2.131347e-03
-10.500000 2.629303e-03
-10.250000 3.070341e-03
-10.000000 3.399256e-03
-9.750000 3.613706e-03
-9.500000 3.781628e-03
-9.250000 4.060218e-03
-9.000000 4.663402e-03
-8.750000 5.745395e-03
-8.500000 7.320078e-03
-8.250000 9.302384e-03
-8.000000 1.157143e-02
-7.750000 1.399608e-02
-7.500000 1.644023e-02
-7.250000 1.876447e-02
-7.000000 2.082900e-02
-6.750000 2.249799e-02
-6.500000 2.364505e-02
-6.250000 2.415896e-02
-6.000000 2.394941e-02
-5.750000 2.295233e-02
-5.500000 2.113444e-02
-5.250000 1.849753e-02
-5.000000 1.508369e-02
-4.750000 1.098936e-02
-4.500000 6.445978e-03
-4.250000 2.910982e-03
-4.000000 6.026561e-03
-3.750000 1.155873e-02
-3.500000 1.734531e-02
-3.250000 2.302073e-02
-3.000000 2.836568e-02
-2.750000 3.319793e-02
-2.500000 3.736150e-02
-2.250000 4.072849e-02
-2.000000 4.320297e-02
-1.750000 4.472429e-02
-1.500000 4.526928e-02
-1.250000 4.485293e-02
-1.000000 4.352757e-02
-0.750000 4.138061e-02
-0.500000 3.853103e-02
-0.250000 3.512517e-02
0.000000 3.133215e-02
0.250000 2.733983e-02
0.500000 2.335212e-02
0.750000 1.958810e-02
1.000000 1.628064e-02
1.250000 1.366243e-02
1.500000 1.190984e-02
1.750000 1.103237e-02
2.000000 1.080887e-02
2.250000 1.089369e-02
2.500000 1.098365e-02
2.750000 1.088936e-02
3.000000 1.052439e-02
3.250000 9.874206e-03
3.500000 8.970062e-03
3.750000 7.870699e-03
4.000000 6.649495e-03
4.250000 5.385232e-03
4.500000 4.155662e-03
4.750000 3.034200e-03
5.000000 2.092074e-03
5.250000 1.410662e-03
5.500000 1.084022e-03
5.750000 1.096177e-03
6.000000 1.265705e-03
6.250000 1.479289e-03
6.500000 1.726748e-03
6.750000 2.023481e-03
7.000000 2.368363e-03
7.250000 2.737074e-03
7.500000 3.092165e-03
7.750000 3.394404e-03
8.000000 3.610181e-03
8.250000 3.715511e-03
8.500000 3.698001e-03
8.750000 3.557648e-03
9.000000 3.306939e-03
9.250000 2.970709e-03
9.500000 2.586240e-03
9.750000 2.203967e-03
10.000000 1.886943e-03
10.250000 1.699345e-03
10.500000 1.671149e-03
10.750000 1.769576e-03
11.000000 1.929516e-03
11.250000 2.101125e-03
11.500000 2.265055e-03
11.750000 2.427214e-03
12.000000 2.608064e-03
12.250000 2.829849e-03
12.500000 3.104522e-03
12.750000 3.427334e-03
13.000000 3.778318e-03
13.250000 4.128631e-03
13.500000 4.447393e-03
13.750000 4.706834e-03
14.000000 4.885625e-03
14.250000 4.970858e-03
14.500000 4.959096e-03
14.750000 4.856669e-03
15.000000 4.679253e-03
15.250000 4.450561e-03
15.500000 4.199829e-03
15.750000 3.957613e-03
16.000000 3.749731e-03
16.250000 3.590458e-03
16.500000 3.477981e-03
16.750000 3.395276e-03
17.000000 3.316449e-03
17.250000 3.215021e-03
17.500000 3.070467e-03
17.750000 2.871750e-03
18.000000 2.618459e-03
18.250000 2.320628e-03
18.500000 1.998124e-03
18.750000 1.680013e-03
19.000000 1.403140e-03
19.250000 1.205497e-03
19.500000 1.106753e-03
19.750000 1.086238e-03
20.000000 1.092822e-03
20.250000 1.077575e-03
20.500000 1.011077e-03
20.750000 8.856395e-04
21.000000 7.191906e-04
21.250000 5.776148e-04
21.500000 5.970956e-04
21.750000 8.261736e-04
22.000000 1.162506e-03
22.250000 1.526033e-03
22.500000 1.872833e-03
22.750000 2.174101e-03
23.000000 2.409152e-03
23.250000 2.563785e-03
23.500000 2.630048e-03
23.750000 2.606197e-03
24.000000 2.496495e-03
24.250000 2.310742e-03
24.500000 2.063528e-03
24.750000 1.773275e-03
25.000000 1.461171e-03
25.250000 1.150164e-03
25.500000 8.642133e-04
25.750000 6.276585e-04
26.000000 4.620516e-04
26.250000 3.717145e-04
26.500000 3.251924e-04
26.750000 2.752099e-04
27.000000 1.929456e-04
27.250000 8.138981e-05
27.500000 1.304745e-04
27.750000 3.209603e-04
28.000000 5.346142e-04
28.250000 7.504396e-04
28.500000 9.523104e-04
28.750000 1.126362e-03
29.000000 1.261801e-03
29.250000 1.351874e-03
29.500000 1.394709e-03
29.750000 1.393939e-03
30.000000 1.359044e-03
30.250000 1.305090e-03
30.500000 1.251137e-03
30.750000 1.216118e-03
31.000000 1.212078e-03
31.250000 1.238282e-03
31.500000 1.281456e-03
31.750000 1.321965e-03
32.000000 1.340596e-03
32.250000 1.322639e-03
32.500000 1.259621e-03
32.750000 1.150095e-03
33.000000 1.000769e-03
33.250000 8.296513e-04
33.500000 6.742947e-04
33.750000 6.012140e-04
34.000000 6.660358e-04
34.250000 8.370257e-04
34.500000 1.046478e-03
34.750000 1.248942e-03
35.000000 1.418250e-03
35.250000 1.538697e-03
35.500000 1.601256e-03
35.750000 1.602159e-03
36.000000 1.542260e-03
36.250000 1.426567e-03
36.500000 1.263786e-03
36.750000 1.065896e-03
37.000000 8.480335e-04
37.250000 6.295618e-04
37.500000 4.392238e-04
37.750000 3.278783e-04
38.000000 3.411960e-04
38.250000 4.268911e-04
38.500000 5.141269e-04
38.750000 5.731754e-04
39.000000 5.949146e-04
39.250000 5.791127e-04
39.500000 5.308799e-04
39.750000 4.598061e-04
40.000000 3.806707e-04
40.250000 3.155447e-04
40.500000 2.913299e-04
40.750000 3.177359e-04
41.000000 3.739066e-04
41.250000 4.341612e-04
41.500000 4.829618e-04
41.750000 5.129469e-04
42.000000 5.217569e-04
42.250000 5.102548e-04
42.500000 4.814330e-04
42.750000 4.395591e-04
43.000000 3.894778e-04
43.250000 3.362620e-04
43.500000 2.857415e-04
43.750000 2.466733e-04
44.000000 2.334280e-04
44.250000 2.605761e-04
44.500000 3.289231e-04
44.750000 4.280717e-04
45.000000 5.472572e-04
45.250000 6.774613e-04
45.500000 8.102595e-04
45.750000 9.372137e-04
46.000000 1.049944e-03
46.250000 1.140536e-03
46.500000 1.202074e-03
46.750000 1.229164e-03
47.000000 1.218405e-03
47.250000 1.168732e-03
47.500000 1.081652e-03
47.750000 9.613654e-04
48.000000 8.148766e-04
48.250000 6.523649e-04
48.500000 4.886958e-04
48.750000 3.487426e-04
49.000000 2.769728e-04
49.250000 3.034897e-04
49.500000 3.805215e-04
49.750000 4.548837e-04
50.000000 5.027658e-04
