-50.000000 1.229190e-02
-49.750000 1.228679e-02
-49.500000 1.227551e-02
-49.250000 1.225804e-02
-49.000000 1.223433e-02
-48.750000 1.220433e-02
-48.500000 1.216802e-02
-48.250000 1.212535e-02
-48.000000 1.207631e-02
-47.750000 1.202086e-02
-47.500000 1.195898e-02
-47.250000 1.189066e-02
-47.000000 1.181587e-02
-46.750000 1.173462e-02
-46.500000 1.164691e-02
-46.250000 1.155272e-02
-46.000000 1.145207e-02
-45.750000 1.134496e-02
-45.500000 1.123143e-02
-45.250000 1.111149e-02
-45.000000 1.098518e-02
-44.750000 1.085253e-02
-44.500000 1.071360e-02
-44.250000 1.056844e-02
-44.000000 1.041712e-02
-43.750000 1.025972e-02
-43.500000 1.009632e-02
-43.250000 9.927035e-03
-43.000000 9.751980e-03
-42.750000 9.571288e-03
-42.500000 9.385116e-03
-42.250000 9.193636e-03
-42.000000 8.997049e-03
-41.750000 8.795580e-03
-41.500000 8.589486e-03
-41.250000 8.379062e-03
-41.000000 8.164642e-03
-40.750000 7.946610e-03
-40.500000 7.725405e-03
-40.250000 7.501531e-03
-40.000000 7.275572e-03
-39.750000 7.048198e-03
-39.500000 6.820186e-03
-39.250000 6.592437e-03
-39.000000 6.365998e-03
-38.750000 6.142085e-03
-38.500000 5.922110e-03
-38.250000 5.707711e-03
-38.000000 5.500782e-03
-37.750000 5.303496e-03
-37.500000 5.118327e-03
-37.250000 4.948051e-03
-37.000000 4.795723e-03
-36.750000 4.664620e-03
-36.500000 4.558130e-03
-36.250000 4.479598e-03
-36.000000 4.432117e-03
-35.750000 4.418299e-03
-35.500000 4.440057e-03
-35.250000 4.498449e-03
-35.000000 4.593611e-03
-34.750000 4.724803e-03
-34.500000 4.890547e-03
-34.250000 5.088820e-03
-34.000000 5.317264e-03
-33.750000 5.573380e-03
-33.500000 5.854669e-03
-33.250000 6.158744e-03
-33.000000 6.483390e-03
-32.750000 6.826596e-03
-32.500000 7.186562e-03
-32.250000 7.561691e-03
-32.000000 7.950575e-03
-31.750000 8.351979e-03
-31.500000 8.764813e-03
-31.250000 9.188121e-03
-31.000000 9.621057e-03
-30.750000 1.006287e-02
-30.500000 1.051290e-02
-30.250000 1.097055e-02
-30.000000 1.143527e-02
-29.750000 1.190658e-02
-29.500000 1.238405e-02
-29.250000 1.286726e-02
-29.000000 1.335584e-02
-28.750000 1.384944e-02
-28.500000 1.434773e-02
-28.250000 1.485042e-02
-28.000000 1.535722e-02
-27.750000 1.586784e-02
-27.500000 1.638203e-02
-27.250000 1.689955e-02
-27.000000 1.742015e-02
-26.750000 1.794360e-02
-26.500000 1.846968e-02
-26.250000 1.899817e-02
-26.000000 1.952885e-02
-25.750000 2.006153e-02
-25.500000 2.059599e-02
-25.250000 2.113203e-02
-25.000000 2.166947e-02
-24.750000 2.220811e-02
-24.500000 2.274775e-02
-24.250000 2.328821e-02
-24.000000 2.382931e-02
-23.750000 2.437085e-02
-23.500000 2.491267e-02
-23.250000 2.545456e-02
-23.000000 2.599636e-02
-22.750000 2.653789e-02
-22.500000 2.707897e-02
-22.250000 2.761943e-02
-22.000000 2.815908e-02
-21.750000 2.869776e-02
-21.500000 2.923530e-02
-21.250000 2.977152e-02
-21.000000 3.030625e-02
-20.750000 3.083932e-02
-20.500000 3.137056e-02
-20.250000 3.189981e-02
-20.000000 3.242690e-02
-19.750000 3.295165e-02
-19.500000 3.347392e-02
-19.250000 3.399353e-02
-19.000000 3.451031e-02
-18.750000 3.502412e-02
-18.500000 3.553478e-02
-18.250000 3.604214e-02
-18.000000 3.654603e-02
-17.750000 3.704630e-02
-17.500000 3.754280e-02
-17.250000 3.803537e-02
-17.000000 3.852384e-02
-16.750000 3.900808e-02
-16.500000 3.948793e-02
-16.250000 3.996323e-02
-16.000000 4.043385e-02
-15.750000 4.089962e-02
-15.500000 4.136042e-02
-15.250000 4.181608e-02
-15.000000 4.226648e-02
-14.750000 4.271146e-02
-14.500000 4.315089e-02
-14.250000 4.358462e-02
-14.000000 4.401254e-02
-13.750000 4.443449e-02
-13.500000 4.485035e-02
-13.250000 4.525998e-02
-13.000000 4.566326e-02
-12.750000 4.606005e-02
-12.500000 4.645025e-02
-12.250000 4.683371e-02
-12.000000 4.721032e-02
-11.750000 4.757997e-02
-11.500000 4.794253e-02
-11.250000 4.829788e-02
-11.000000 4.864593e-02
-10.750000 4.898655e-02
-10.500000 4.931965e-02
-10.250000 4.964510e-02
-10.000000 4.996282e-02
-9.750000 5.027269e-02
-9.500000 5.057463e-02
-9.250000 5.086853e-02
-9.000000 5.115431e-02
-8.750000 5.143186e-02
-8.500000 5.170111e-02
-8.250000 5.196196e-02
-8.000000 5.221434e-02
-7.750000 5.245816e-02
-7.500000 5.269335e-02
-7.250000 5.291983e-02
-7.000000 5.313752e-02
-6.750000 5.334637e-02
-6.500000 5.354629e-02
-6.250000 5.373724e-02
-6.000000 5.391913e-02
-5.750000 5.409193e-02
-5.500000 5.425557e-02
-5.250000 5.441000e-02
-5.000000 5.455517e-02
-4.750000 5.469104e-02
-4.500000 5.481755e-02
-4.250000 5.493467e-02
-4.000000 5.504237e-02
-3.750000 5.514060e-02
-3.500000 5.522933e-02
-3.250000 5.530854e-02
-3.000000 5.537820e-02
-2.750000 5.543829e-02
-2.500000 5.548878e-02
-2.250000 5.552967e-02
-2.000000 5.556093e-02
-1.750000 5.558256e-02
-1.500000 5.559454e-02
-1.250000 5.559688e-02
-1.000000 5.558958e-02
-0.750000 5.557263e-02
-0.500000 5.554603e-02
-0.250000 5.550981e-02
0.000000 5.546396e-02
0.250000 5.540851e-02
0.500000 5.534346e-02
0.750000 5.526884e-02
1.000000 5.518468e-02
1.250000 5.509099e-02
1.500000 5.498781e-02
1.750000 5.487517e-02
2.000000 5.475311e-02
2.250000 5.462165e-02
2.500000 5.448085e-02
2.750000 5.433075e-02
3.000000 5.417140e-02
3.250000 5.400284e-02
3.500000 5.382512e-02
3.750000 5.363831e-02
4.000000 5.344246e-02
4.250000 5.323764e-02
4.500000 5.302390e-02
4.750000 5.280132e-02
5.000000 5.256996e-02
5.250000 5.232990e-02
5.500000 5.208121e-02
5.750000 5.182398e-02
6.000000 5.155827e-02
6.250000 5.128418e-02
6.500000 5.100179e-02
6.750000 5.071119e-02
7.000000 5.041247e-02
7.250000 5.010573e-02
7.500000 4.979105e-02
7.750000 4.946854e-02
8.000000 4.913830e-02
8.250000 4.880044e-02
8.500000 4.845505e-02
8.750000 4.810225e-02
9.000000 4.774215e-02
9.250000 4.737486e-02
9.500000 4.700049e-02
9.750000 4.661916e-02
10.000000 4.623099e-02
10.250000 4.583610e-02
10.500000 4.543462e-02
10.750000 4.502667e-02
11.000000 4.461237e-02
11.250000 4.419185e-02
11.500000 4.376526e-02
11.750000 4.333271e-02
12.000000 4.289434e-02
12.250000 4.245029e-02
12.500000 4.200070e-02
12.750000 4.154570e-02
13.000000 4.108544e-02
13.250000 4.062006e-02
13.500000 4.014970e-02
13.750000 3.967450e-02
14.000000 3.919463e-02
14.250000 3.871021e-02
14.500000 3.822141e-02
14.750000 3.772837e-02
15.000000 3.723125e-02
15.250000 3.673019e-02
15.500000 3.622536e-02
15.750000 3.571690e-02
16.000000 3.520498e-02
16.250000 3.468975e-02
16.500000 3.417137e-02
16.750000 3.365000e-02
17.000000 3.312580e-02
17.250000 3.259892e-02
17.500000 3.206954e-02
17.750000 3.153781e-02
18.000000 3.100390e-02
18.250000 3.046797e-02
18.500000 2.993018e-02
18.750000 2.939071e-02
19.000000 2.884971e-02
19.250000 2.830735e-02
19.500000 2.776380e-02
19.750000 2.721924e-02
20.000000 2.667381e-02
20.250000 2.612771e-02
20.500000 2.558108e-02
20.750000 2.503411e-02
21.000000 2.448697e-02
21.250000 2.393982e-02
21.500000 2.339283e-02
21.750000 2.284619e-02
22.000000 2.230006e-02
22.250000 2.175463e-02
22.500000 2.121005e-02
22.750000 2.066652e-02
23.000000 2.012421e-02
23.250000 1.958330e-02
23.500000 1.904396e-02
23.750000 1.850640e-02
24.000000 1.797078e-02
24.250000 1.743731e-02
24.500000 1.690616e-02
24.750000 1.637755e-02
25.000000 1.585166e-02
25.250000 1.532870e-02
25.500000 1.480890e-02
25.750000 1.429245e-02
26.000000 1.377960e-02
26.250000 1.327057e-02
26.500000 1.276563e-02
26.750000 1.226502e-02
27.000000 1.176904e-02
27.250000 1.127797e-02
27.500000 1.079216e-02
27.750000 1.031194e-02
28.000000 9.837706e-03
28.250000 9.369893e-03
28.500000 8.908983e-03
28.750000 8.455522e-03
29.000000 8.010136e-03
29.250000 7.573546e-03
29.500000 7.146593e-03
29.750000 6.730267e-03
30.000000 6.325739e-03
30.250000 5.934409e-03
30.500000 5.557955e-03
30.750000 5.198398e-03
31.000000 4.858165e-03
31.250000 4.540159e-03
31.500000 4.247807e-03
31.750000 3.985060e-03
32.000000 3.756311e-03
32.250000 3.566166e-03
32.500000 3.419023e-03
32.750000 3.318481e-03
33.000000 3.266672e-03
33.250000 3.263732e-03
33.500000 3.307628e-03
33.750000 3.394431e-03
34.000000 3.518928e-03
34.250000 3.675340e-03
34.500000 3.857930e-03
34.750000 4.061411e-03
35.000000 4.281144e-03
35.250000 4.513187e-03
35.500000 4.754260e-03
35.750000 5.001663e-03
36.000000 5.253187e-03
36.250000 5.507026e-03
36.500000 5.761701e-03
36.750000 6.015997e-03
37.000000 6.268914e-03
37.250000 6.519618e-03
37.500000 6.767417e-03
37.750000 7.011730e-03
38.000000 7.252065e-03
38.250000 7.488006e-03
38.500000 7.719200e-03
38.750000 7.945342e-03
39.000000 8.166172e-03
39.250000 8.381465e-03
39.500000 8.591026e-03
39.750000 8.794689e-03
40.000000 8.992306e-03
40.250000 9.183751e-03
40.500000 9.368916e-03
40.750000 9.547704e-03
41.000000 9.720035e-03
41.250000 9.885839e-03
41.500000 1.004506e-02
41.750000 1.019764e-02
42.000000 1.034354e-02
42.250000 1.048273e-02
42.500000 1.061518e-02
42.750000 1.074088e-02
43.000000 1.085980e-02
43.250000 1.097195e-02
43.500000 1.107731e-02
43.750000 1.117589e-02
44.000000 1.126770e-02
44.250000 1.135276e-02
44.500000 1.143106e-02
44.750000 1.150265e-02
45.000000 1.156753e-02
45.250000 1.162574e-02
45.500000 1.167732e-02
45.750000 1.172229e-02
46.000000 1.176069e-02
46.250000 1.179256e-02
46.500000 1.181796e-02
46.750000 1.183692e-02
47.000000 1.184951e-02
47.250000 1.185576e-02
47.500000 1.185575e-02
47.750000 1.184953e-02
48.000000 1.183715e-02
48.250000 1.181870e-02
48.500000 1.179423e-02
48.750000 1.176381e-02
49.000000 1.172753e-02
49.250000 1.168544e-02
49.500000 1.163763e-02
49.750000 1.158419e-02
50.000000 1.152519e-02
