-50.000000 6.365804e-04
-49.750000 6.301263e-04
-49.500000 6.505250e-04
-49.250000 6.994453e-04
-49.000000 7.717898e-04
-48.750000 8.586842e-04
-48.500000 9.506667e-04
-48.250000 1.039305e-03
-48.000000 1.117630e-03
-47.750000 1.180124e-03
-47.500000 1.222611e-03
-47.250000 1.242186e-03
-47.000000 1.237157e-03
-46.750000 1.207017e-03
-46.500000 1.152418e-03
-46.250000 1.075140e-03
-46.000000 9.780906e-04
-45.750000 8.653395e-04
-45.500000 7.423051e-04
-45.250000 6.162777e-04
-45.000000 4.977045e-04
-44.750000 4.025827e-04
-44.500000 3.527966e-04
-44.250000 3.619430e-04
-44.000000 4.163349e-04
-43.750000 4.900819e-04
-43.500000 5.649272e-04
-43.250000 6.312845e-04
-43.000000 6.847130e-04
-42.750000 7.237703e-04
-42.500000 7.489737e-04
-42.250000 7.622222e-04
-42.000000 7.663505e-04
-41.750000 7.646649e-04
-41.500000 7.604209e-04
-41.250000 7.562876e-04
-41.000000 7.539413e-04
-40.750000 7.539644e-04
-40.500000 7.561655e-04
-40.250000 7.602896e-04
-40.000000 7.669504e-04
-39.750000 7.785297e-04
-39.500000 7.997042e-04
-39.250000 8.371525e-04
-39.000000 8.981089e-04
-38.750000 9.881169e-04
-38.500000 1.109193e-03
-38.250000 1.259423e-03
-38.000000 1.433809e-03
-37.750000 1.625443e-03
-37.500000 1.826453e-03
-37.250000 2.028597e-03
-37.000000 2.223655e-03
-36.750000 2.403739e-03
-36.500000 2.561566e-03
-36.250000 2.690749e-03
-36.000000 2.786089e-03
-35.750000 2.843890e-03
-35.500000 2.862270e-03
-35.250000 2.841495e-03
-35.000000 2.784327e-03
-34.750000 2.696381e-03
-34.500000 2.586471e-03
-34.250000 2.466818e-03
-34.000000 2.352839e-03
-33.750000 2.261943e-03
-33.500000 2.210705e-03
-33.250000 2.210517e-03
-33.000000 2.263545e-03
-32.750000 2.361725e-03
-32.500000 2.489501e-03
-32.250000 2.628160e-03
-32.000000 2.759344e-03
-31.750000 2.866976e-03
-31.500000 2.938019e-03
-31.250000 2.962662e-03
-31.000000 2.934288e-03
-30.750000 2.849420e-03
-30.500000 2.707677e-03
-30.250000 2.511809e-03
-30.000000 2.267865e-03
-29.750000 1.985693e-03
-29.500000 1.680227e-03
-29.250000 1.374679e-03
-29.000000 1.107606e-03
-28.750000 9.412305e-04
-28.500000 9.379370e-04
-28.250000 1.086411e-03
-28.000000 1.312571e-03
-27.750000 1.553821e-03
-27.500000 1.773655e-03
-27.250000 1.951101e-03
-27.000000 2.073573e-03
-26.750000 2.133747e-03
-26.500000 2.128251e-03
-26.250000 2.057081e-03
-26.000000 1.923274e-03
-25.750000 1.732678e-03
-25.500000 1.493735e-03
-25.250000 1.217338e-03
-25.000000 9.169940e-04
-24.750000 6.105954e-04
-24.500000 3.333260e-04
-24.250000 2.317737e-04
-24.000000 4.067711e-04
-23.750000 6.214069e-04
-23.500000 8.024011e-04
-23.250000 9.334423e-04
-23.000000 1.011436e-03
-22.750000 1.044002e-03
-22.500000 1.053452e-03
-22.250000 1.081547e-03
-22.000000 1.183912e-03
-21.750000 1.402936e-03
-21.500000 1.744311e-03
-21.250000 2.186987e-03
-21.000000 2.702826e-03
-20.750000 3.264865e-03
-20.500000 3.848369e-03
-20.250000 4.430369e-03
-20.000000 4.989436e-03
-19.750000 5.505846e-03
-19.500000 5.962030e-03
-19.250000 6.343207e-03
-19.000000 6.638115e-03
-18.750000 6.839806e-03
-18.500000 6.946486e-03
-18.250000 6.962379e-03
-18.000000 6.898581e-03
-17.750000 6.773777e-03
-17.500000 6.614567e-03
-17.250000 6.454778e-03
-17.000000 6.332835e-03
-16.750000 6.286264e-03
-16.500000 6.343620e-03
-16.250000 6.516566e-03
-16.000000 6.796309e-03
-15.750000 7.156399e-03
-15.500000 7.559713e-03
-15.250000 7.965763e-03
-15.000000 8.336002e-03
-14.750000 8.636908e-03
-14.500000 8.841575e-03
-14.250000 8.930545e-03
-14.000000 8.892361e-03
-13.750000 8.724062e-03
-13.500000 8.431787e-03
-13.250000 8.031543e-03
-13.000000 7.550188e-03
-12.750000 7.026494e-03
-12.500000 6.511607e-03
-12.250000 6.066933e-03
-12.000000 5.755756e-03
-11.750000 5.625827e-03
-11.500000 5.688861e-03
-11.250000 5.913073e-03
-11.000000 6.236736e-03
-10.750000 6.590655e-03
-10.500000 6.914906e-03
-10.250000 7.167217e-03
-10.000000 7.327206e-03
-9.750000 7.400459e-03
-9.500000 7.424068e-03
-9.250000 7.472322e-03
-9.000000 7.656206e-03
-8.750000 8.105428e-03
-8.500000 8.929319e-03
-8.250000 1.017935e-02
-8.000000 1.184375e-02
-7.750000 1.387051e-02
-7.500000 1.619245e-02
-7.250000 1.874114e-02
-7.000000 2.145206e-02
-6.750000 2.426579e-02
-6.500000 2.712816e-02
-6.250000 2.999039e-02
-6.000000 3.280944e-02
-5.750000 3.554852e-02
-5.500000 3.817762e-02
-5.250000 4.067390e-02
-5.000000 4.302189e-02
-4.750000 4.521338e-02
-4.500000 4.724688e-02
-4.250000 4.912667e-02
-4.000000 5.086141e-02
-3.750000 5.246240e-02
-3.500000 5.394152e-02
-3.250000 5.530907e-02
-3.000000 5.657173e-02
-2.750000 5.773073e-02
-2.500000 5.878062e-02
-2.250000 5.970863e-02
-2.000000 6.049479e-02
-1.750000 6.111272e-02
-1.500000 6.153105e-02
-1.250000 6.171523e-02
-1.000000 6.162970e-02
-0.750000 6.124008e-02
-0.500000 6.051528e-02
-0.250000 5.942944e-02
0.000000 5.796360e-02
0.250000 5.610700e-02
0.500000 5.385801e-02
0.750000 5.122470e-02
1.000000 4.822507e-02
1.250000 4.488690e-02
1.500000 4.124735e-02
1.750000 3.735236e-02
2.000000 3.325587e-02
2.250000 2.901927e-02
2.500000 2.471115e-02
2.750000 2.040862e-02
3.000000 1.620229e-02
3.250000 1.221255e-02
3.500000 8.643844e-03
3.750000 5.965629e-03
4.000000 5.154819e-03
4.250000 6.433798e-03
4.500000 8.557415e-03
4.750000 1.073479e-02
5.000000 1.269021e-02
5.250000 1.432334e-02
5.500000 1.559747e-02
5.750000 1.650642e-02
6.000000 1.706311e-02
6.250000 1.729472e-02
6.500000 1.724009e-02
6.750000 1.694791e-02
7.000000 1.647496e-02
7.250000 1.588400e-02
7.500000 1.524078e-02
7.750000 1.460986e-02
8.000000 1.404867e-02
8.250000 1.360059e-02
8.500000 1.328844e-02
8.750000 1.311114e-02
9.000000 1.304533e-02
9.250000 1.305192e-02
9.500000 1.308492e-02
9.750000 1.309958e-02
10.000000 1.305827e-02
10.250000 1.293375e-02
10.500000 1.271033e-02
10.750000 1.238398e-02
11.000000 1.196154e-02
11.250000 1.145964e-02
11.500000 1.090332e-02
11.750000 1.032416e-02
12.000000 9.757790e-03
12.250000 9.240277e-03
12.500000 8.803259e-03
12.750000 8.468300e-03
13.000000 8.241978e-03
13.250000 8.113951e-03
13.500000 8.059290e-03
13.750000 8.044256e-03
14.000000 8.033044e-03
14.250000 7.993298e-03
14.500000 7.899522e-03
14.750000 7.734629e-03
15.000000 7.490279e-03
15.250000 7.166592e-03
15.500000 6.771630e-03
15.750000 6.320839e-03
16.000000 5.836545e-03
16.250000 5.347360e-03
16.500000 4.887058e-03
16.750000 4.491885e-03
17.000000 4.194842e-03
17.250000 4.016640e-03
17.500000 3.956958e-03
17.750000 3.992846e-03
18.000000 4.086665e-03
18.250000 4.197656e-03
18.500000 4.290307e-03
18.750000 4.337791e-03
19.000000 4.322249e-03
19.250000 4.233809e-03
19.500000 4.069342e-03
19.750000 3.831323e-03
20.000000 3.526878e-03
20.250000 3.167018e-03
20.500000 2.766117e-03
20.750000 2.341753e-03
21.000000 1.915311e-03
21.250000 1.514186e-03
21.500000 1.176873e-03
21.750000 9.575277e-04
22.000000 9.019046e-04
22.250000 9.843323e-04
22.500000 1.124536e-03
22.750000 1.259756e-03
23.000000 1.357752e-03
23.250000 1.404758e-03
23.500000 1.397495e-03
23.750000 1.339916e-03
24.000000 1.242482e-03
24.250000 1.123144e-03
24.500000 1.009520e-03
24.750000 9.391107e-04
25.000000 9.477015e-04
25.250000 1.044578e-03
25.500000 1.206499e-03
25.750000 1.399455e-03
26.000000 1.594923e-03
26.250000 1.772411e-03
26.500000 1.917698e-03
26.750000 2.021205e-03
27.000000 2.077079e-03
27.250000 2.082739e-03
27.500000 2.038679e-03
27.750000 1.948433e-03
28.000000 1.818699e-03
28.250000 1.659696e-03
28.500000 1.485872e-03
28.750000 1.316949e-03
29.000000 1.178410e-03
29.250000 1.098006e-03
29.500000 1.093880e-03
29.750000 1.161259e-03
30.000000 1.275450e-03
30.250000 1.407268e-03
30.500000 1.532889e-03
30.750000 1.635472e-03
31.000000 1.703873e-03
31.250000 1.731247e-03
31.500000 1.714094e-03
31.750000 1.651651e-03
32.000000 1.545467e-03
32.250000 1.399073e-03
32.500000 1.217693e-03
32.750000 1.007989e-03
33.000000 7.779012e-04
33.250000 5.369165e-04
33.500000 2.991521e-04
33.750000 1.271022e-04
34.000000 2.429923e-04
34.250000 4.411461e-04
34.500000 6.237740e-04
34.750000 7.770825e-04
35.000000 8.950326e-04
35.250000 9.742021e-04
35.500000 1.013102e-03
35.750000 1.012079e-03
36.000000 9.733673e-04
36.250000 9.012672e-04
36.500000 8.026033e-04
36.750000 6.878582e-04
37.000000 5.737999e-04
37.250000 4.878393e-04
37.500000 4.654985e-04
37.750000 5.216080e-04
38.000000 6.320478e-04
38.250000 7.640259e-04
38.500000 8.952454e-04
38.750000 1.012206e-03
39.000000 1.106427e-03
39.250000 1.172505e-03
39.500000 1.207265e-03
39.750000 1.209412e-03
40.000000 1.179378e-03
40.250000 1.119281e-03
40.500000 1.032983e-03
40.750000 9.263212e-04
41.000000 8.076820e-04
41.250000 6.892173e-04
41.500000 5.887410e-04
41.750000 5.297297e-04
42.000000 5.310641e-04
42.250000 5.892533e-04
42.500000 6.818107e-04
42.750000 7.860997e-04
43.000000 8.868071e-04
43.250000 9.747505e-04
43.500000 1.044821e-03
43.750000 1.094771e-03
44.000000 1.124634e-03
44.250000 1.136438e-03
44.500000 1.134047e-03
44.750000 1.122950e-03
45.000000 1.109871e-03
45.250000 1.102012e-03
45.500000 1.105864e-03
45.750000 1.125773e-03
46.000000 1.162858e-03
46.250000 1.214844e-03
46.500000 1.276870e-03
46.750000 1.342749e-03
47.000000 1.406109e-03
47.250000 1.461149e-03
47.500000 1.503040e-03
47.750000 1.528080e-03
48.000000 1.533717e-03
48.250000 1.518508e-03
48.500000 1.482025e-03
48.750000 1.424754e-03
49.000000 1.347961e-03
49.250000 1.253557e-03
49.500000 1.143947e-03
49.750000 1.021885e-03
50.000000 8.903343e-04
