-50.000000 8.775890e-04
-49.750000 7.814777e-04
-49.500000 6.651684e-04
-49.250000 5.350228e-04
-49.000000 4.018211e-04
-48.750000 2.887531e-04
-48.500000 2.474457e-04
-48.250000 3.113680e-04
-48.000000 4.300384e-04
-47.750000 5.592573e-04
-47.500000 6.803546e-04
-47.250000 7.841226e-04
-47.000000 8.649100e-04
-46.750000 9.189496e-04
-46.500000 9.438427e-04
-46.250000 9.383777e-04
-46.000000 9.024494e-04
-45.750000 8.370075e-04
-45.500000 7.440230e-04
-45.250000 6.265224e-04
-45.000000 4.889006e-04
-44.750000 3.385669e-04
-44.500000 1.966701e-04
-44.250000 1.626388e-04
-44.000000 2.965863e-04
-43.750000 4.770067e-04
-43.500000 6.663899e-04
-43.250000 8.555588e-04
-43.000000 1.040407e-03
-42.750000 1.218574e-03
-42.500000 1.388692e-03
-42.250000 1.550079e-03
-42.000000 1.702513e-03
-41.750000 1.846010e-03
-41.500000 1.980600e-03
-41.250000 2.106105e-03
-41.000000 2.221971e-03
-40.750000 2.327150e-03
-40.500000 2.420071e-03
-40.250000 2.498685e-03
-40.000000 2.560587e-03
-39.750000 2.603197e-03
-39.500000 2.623973e-03
-39.250000 2.620637e-03
-39.000000 2.591401e-03
-38.750000 2.535170e-03
-38.500000 2.451721e-03
-38.250000 2.341854e-03
-38.000000 2.207521e-03
-37.750000 2.051940e-03
-37.500000 1.879724e-03
-37.250000 1.697053e-03
-37.000000 1.511929e-03
-36.750000 1.334514e-03
-36.500000 1.177355e-03
-36.250000 1.054748e-03
-36.000000 9.797079e-04
-35.750000 9.580150e-04
-35.500000 9.836160e-04
-35.250000 1.041264e-03
-35.000000 1.113838e-03
-34.750000 1.187456e-03
-34.500000 1.252778e-03
-34.250000 1.304488e-03
-34.000000 1.340420e-03
-33.750000 1.360800e-03
-33.500000 1.367616e-03
-33.250000 1.364031e-03
-33.000000 1.353768e-03
-32.750000 1.340442e-03
-32.500000 1.326890e-03
-32.250000 1.314602e-03
-32.000000 1.303427e-03
-31.750000 1.291631e-03
-31.500000 1.276314e-03
-31.250000 1.254049e-03
-31.000000 1.221591e-03
-30.750000 1.176538e-03
-30.500000 1.117907e-03
-30.250000 1.046644e-03
-30.000000 9.661409e-04
-29.750000 8.827928e-04
-29.500000 8.064375e-04
-29.250000 7.498986e-04
-29.000000 7.259603e-04
-28.750000 7.412481e-04
-28.500000 7.916527e-04
-28.250000 8.647187e-04
-28.000000 9.458598e-04
-27.750000 1.022526e-03
-27.500000 1.085562e-03
-27.250000 1.129439e-03
-27.000000 1.152471e-03
-26.750000 1.157362e-03
-26.500000 1.152074e-03
-26.250000 1.150525e-03
-26.000000 1.171786e-03
-25.750000 1.235853e-03
-25.500000 1.356331e-03
-25.250000 1.535216e-03
-25.000000 1.764068e-03
-24.750000 2.028944e-03
-24.500000 2.314449e-03
-24.250000 2.605649e-03
-24.000000 2.888701e-03
-23.750000 3.151018e-03
-23.500000 3.381350e-03
-23.250000 3.569906e-03
-23.000000 3.708487e-03
-22.750000 3.790654e-03
-22.500000 3.811863e-03
-22.250000 3.769587e-03
-22.000000 3.663376e-03
-21.750000 3.494870e-03
-21.500000 3.267750e-03
-21.250000 2.987630e-03
-21.000000 2.661889e-03
-20.750000 2.299476e-03
-20.500000 1.910715e-03
-20.250000 1.507231e-03
-20.000000 1.102412e-03
-19.750000 7.143792e-04
-19.500000 3.860797e-04
-19.250000 3.017201e-04
-19.000000 5.202980e-04
-18.750000 7.794069e-04
-18.500000 1.008384e-03
-18.250000 1.192109e-03
-18.000000 1.325999e-03
-17.750000 1.409835e-03
-17.500000 1.446406e-03
-17.250000 1.440998e-03
-17.000000 1.400994e-03
-16.750000 1.335358e-03
-16.500000 1.253866e-03
-16.250000 1.165937e-03
-16.000000 1.079043e-03
-15.750000 9.969583e-04
-15.500000 9.185207e-04
-15.250000 8.377615e-04
-15.000000 7.456539e-04
-14.750000 6.329762e-04
-14.500000 4.941566e-04
-14.250000 3.366750e-04
-14.000000 2.322431e-04
-13.750000 3.559190e-04
-13.500000 6.310417e-04
-13.250000 9.633271e-04
-13.000000 1.323964e-03
-12.750000 1.694658e-03
-12.500000 2.057702e-03
-12.250000 2.394457e-03
-12.000000 2.685416e-03
-11.750000 2.910753e-03
-11.500000 3.051109e-03
-11.250000 3.088660e-03
-11.000000 3.008646e-03
-10.750000 2.802049e-03
-10.500000 2.471523e-03
-10.250000 2.048127e-03
-10.000000 1.645521e-03
-9.750000 1.572149e-03
-9.500000 2.125100e-03
-9.250000 3.166396e-03
-9.000000 4.501874e-03
-8.750000 6.040310e-03
-8.500000 7.732764e-03
-8.250000 9.542403e-03
-8.000000 1.143495e-02
-7.750000 1.337571e-02
-7.500000 1.532885e-02
-7.250000 1.725747e-02
-7.000000 1.912422e-02
-6.750000 2.089190e-02
-6.500000 2.252436e-02
-6.250000 2.398731e-02
-6.000000 2.524914e-02
-5.750000 2.628176e-02
-5.500000 2.706133e-02
-5.250000 2.756893e-02
-5.000000 2.779111e-02
-4.750000 2.772035e-02
-4.500000 2.735542e-02
-4.250000 2.670161e-02
-4.000000 2.577085e-02
-3.750000 2.458183e-02
-3.500000 2.316003e-02
-3.250000 2.153791e-02
-3.000000 1.975523e-02
-2.750000 1.785997e-02
-2.500000 1.590999e-02
-2.250000 1.397617e-02
-2.000000 1.214746e-02
-1.750000 1.053696e-02
-1.500000 9.282331e-03
-1.250000 8.521822e-03
-1.000000 8.328795e-03
-0.750000 8.648110e-03
-0.500000 9.319334e-03
-0.250000 1.016226e-02
0.000000 1.103250e-02
0.250000 1.183048e-02
0.500000 1.249193e-02
0.750000 1.297750e-02
1.000000 1.326532e-02
1.250000 1.334648e-02
1.500000 1.322214e-02
1.750000 1.290183e-02
2.000000 1.240235e-02
2.250000 1.174726e-02
2.500000 1.096675e-02
2.750000 1.009821e-02
3.000000 9.187333e-03
3.250000 8.289976e-03
3.500000 7.473830e-03
3.750000 6.816960e-03
4.000000 6.396944e-03
4.250000 6.265996e-03
4.500000 6.424030e-03
4.750000 6.816640e-03
5.000000 7.362063e-03
5.250000 7.980405e-03
5.500000 8.607535e-03
5.750000 9.196720e-03
6.000000 9.715732e-03
6.250000 1.014351e-02
6.500000 1.046757e-02
6.750000 1.068213e-02
7.000000 1.078687e-02
7.250000 1.078599e-02
7.500000 1.068752e-02
7.750000 1.050272e-02
8.000000 1.024552e-02
8.250000 9.931904e-03
8.500000 9.579336e-03
8.750000 9.205910e-03
9.000000 8.829427e-03
9.250000 8.466249e-03
9.500000 8.130020e-03
9.750000 7.830395e-03
10.000000 7.572035e-03
10.250000 7.354144e-03
10.500000 7.170775e-03
10.750000 7.011890e-03
11.000000 6.864946e-03
11.250000 6.716651e-03
11.500000 6.554547e-03
11.750000 6.368230e-03
12.000000 6.150147e-03
12.250000 5.896031e-03
12.500000 5.605051e-03
12.750000 5.279778e-03
13.000000 4.926050e-03
13.250000 4.552761e-03
13.500000 4.171616e-03
13.750000 3.796785e-03
14.000000 3.444305e-03
14.250000 3.130941e-03
14.500000 2.872038e-03
14.750000 2.678189e-03
15.000000 2.551513e-03
15.250000 2.483721e-03
15.500000 2.457821e-03
15.750000 2.452774e-03
16.000000 2.448367e-03
16.250000 2.428310e-03
16.500000 2.381433e-03
16.750000 2.301744e-03
17.000000 2.188077e-03
17.250000 2.043757e-03
17.500000 1.876484e-03
17.750000 1.698515e-03
18.000000 1.527035e-03
18.250000 1.383897e-03
18.500000 1.292500e-03
18.750000 1.269325e-03
19.000000 1.313960e-03
19.250000 1.408575e-03
19.500000 1.527956e-03
19.750000 1.648946e-03
20.000000 1.753967e-03
20.250000 1.831006e-03
20.500000 1.872729e-03
20.750000 1.875748e-03
21.000000 1.840203e-03
21.250000 1.769648e-03
21.500000 1.671208e-03
21.750000 1.555995e-03
22.000000 1.439615e-03
22.250000 1.342081e-03
22.500000 1.285324e-03
22.750000 1.286464e-03
23.000000 1.349490e-03
23.250000 1.463433e-03
23.500000 1.609047e-03
23.750000 1.766554e-03
24.000000 1.919461e-03
24.250000 2.055269e-03
24.500000 2.165061e-03
24.750000 2.242945e-03
25.000000 2.285608e-03
25.250000 2.291993e-03
25.500000 2.263049e-03
25.750000 2.201521e-03
26.000000 2.111737e-03
26.250000 1.999388e-03
26.500000 1.871267e-03
26.750000 1.734937e-03
27.000000 1.598290e-03
27.250000 1.468911e-03
27.500000 1.353203e-03
27.750000 1.255331e-03
28.000000 1.176266e-03
28.250000 1.113431e-03
28.500000 1.061305e-03
28.750000 1.012832e-03
29.000000 9.610348e-04
29.250000 9.002549e-04
29.500000 8.268628e-04
29.750000 7.395688e-04
30.000000 6.396338e-04
30.250000 5.313948e-04
30.500000 4.239200e-04
30.750000 3.353002e-04
31.000000 2.966102e-04
31.250000 3.292809e-04
31.500000 4.121120e-04
31.750000 5.124697e-04
32.000000 6.105813e-04
32.250000 6.956647e-04
32.500000 7.612357e-04
32.750000 8.031673e-04
33.000000 8.189684e-04
33.250000 8.075014e-04
33.500000 7.688534e-04
33.750000 7.042604e-04
34.000000 6.160625e-04
34.250000 5.077316e-04
34.500000 3.841961e-04
34.750000 2.536771e-04
35.000000 1.408489e-04
35.250000 1.440321e-04
35.500000 2.603351e-04
35.750000 3.944933e-04
36.000000 5.232343e-04
36.250000 6.386968e-04
36.500000 7.361848e-04
36.750000 8.124045e-04
37.000000 8.651138e-04
37.250000 8.930446e-04
37.500000 8.958820e-04
37.750000 8.742488e-04
38.000000 8.296836e-04
38.250000 7.646249e-04
38.500000 6.824343e-04
38.750000 5.875420e-04
39.000000 4.859321e-04
39.250000 3.865227e-04
39.500000 3.045179e-04
39.750000 2.646806e-04
40.000000 2.854328e-04
40.250000 3.517012e-04
40.500000 4.369159e-04
40.750000 5.251578e-04
41.000000 6.089106e-04
41.250000 6.847913e-04
41.500000 7.515791e-04
41.750000 8.093562e-04
42.000000 8.590413e-04
42.250000 9.020428e-04
42.500000 9.399429e-04
42.750000 9.741961e-04
43.000000 1.005867e-03
43.250000 1.035446e-03
43.500000 1.062775e-03
43.750000 1.087087e-03
44.000000 1.107155e-03
44.250000 1.121492e-03
44.500000 1.128575e-03
44.750000 1.127058e-03
45.000000 1.115937e-03
45.250000 1.094680e-03
45.500000 1.063298e-03
45.750000 1.022374e-03
46.000000 9.730436e-04
46.250000 9.169361e-04
46.500000 8.560676e-04
46.750000 7.926898e-04
47.000000 7.290875e-04
47.250000 6.673272e-04
47.500000 6.089737e-04
47.750000 5.548225e-04
48.000000 5.047311e-04
48.250000 4.576402e-04
48.500000 4.118426e-04
48.750000 3.654799e-04
49.000000 3.172300e-04
49.250000 2.672775e-04
49.500000 2.190808e-04
49.750000 1.829355e-04
50.000000 1.779474e-04
