-50.000000 2.787838e-02
-49.750000 2.329207e-02
-49.500000 1.883853e-02
-49.250000 1.471506e-02
-49.000000 1.138073e-02
-48.750000 9.786240e-03
-48.500000 1.081804e-02
-48.250000 1.395963e-02
-48.000000 1.818459e-02
-47.750000 2.292693e-02
-47.500000 2.794193e-02
-47.250000 3.311761e-02
-47.000000 3.839628e-02
-46.750000 4.374445e-02
-46.500000 4.914047e-02
-46.250000 5.456891e-02
-46.000000 6.001787e-02
-45.750000 6.547751e-02
-45.500000 7.093930e-02
-45.250000 7.639553e-02
-45.000000 8.183903e-02
-44.750000 8.726300e-02
-44.500000 9.266090e-02
-44.250000 9.802637e-02
-44.000000 1.033532e-01
-43.750000 1.086352e-01
-43.500000 1.138663e-01
-43.250000 1.190406e-01
-43.000000 1.241521e-01
-42.750000 1.291948e-01
-42.500000 1.341629e-01
-42.250000 1.390505e-01
-42.000000 1.438519e-01
-41.750000 1.485612e-01
-41.500000 1.531728e-01
-41.250000 1.576809e-01
-41.000000 1.620798e-01
-40.750000 1.663640e-01
-40.500000 1.705279e-01
-40.250000 1.745660e-01
-40.000000 1.784728e-01
-39.750000 1.822430e-01
-39.500000 1.858711e-01
-39.250000 1.893520e-01
-39.000000 1.926805e-01
-38.750000 1.958513e-01
-38.500000 1.988596e-01
-38.250000 2.017003e-01
-38.000000 2.043686e-01
-37.750000 2.068597e-01
-37.500000 2.091689e-01
-37.250000 2.112917e-01
-37.000000 2.132236e-01
-36.750000 2.149603e-01
-36.500000 2.164974e-01
-36.250000 2.178309e-01
-36.000000 2.189568e-01
-35.750000 2.198712e-01
-35.500000 2.205704e-01
-35.250000 2.210506e-01
-35.000000 2.213085e-01
-34.750000 2.213408e-01
-34.500000 2.211442e-01
-34.250000 2.207156e-01
-34.000000 2.200523e-01
-33.750000 2.191514e-01
-33.500000 2.180104e-01
-33.250000 2.166268e-01
-33.000000 2.149985e-01
-32.750000 2.131233e-01
-32.500000 2.109994e-01
-32.250000 2.086249e-01
-32.000000 2.059984e-01
-31.750000 2.031185e-01
-31.500000 1.999840e-01
-31.250000 1.965939e-01
-31.000000 1.929475e-01
-30.750000 1.890441e-01
-30.500000 1.848833e-01
-30.250000 1.804651e-01
-30.000000 1.757894e-01
-29.750000 1.708567e-01
-29.500000 1.656673e-01
-29.250000 1.602221e-01
-29.000000 1.545222e-01
-28.750000 1.485691e-01
-28.500000 1.423644e-01
-28.250000 1.359102e-01
-28.000000 1.292093e-01
-27.750000 1.222647e-01
-27.500000 1.150804e-01
-27.250000 1.076611e-01
-27.000000 1.000130e-01
-26.750000 9.214366e-02
-26.500000 8.406371e-02
-26.250000 7.578766e-02
-26.000000 6.733686e-02
-25.750000 5.874467e-02
-25.500000 5.006734e-02
-25.250000 4.140867e-02
-25.000000 3.298253e-02
-24.750000 2.528595e-02
-24.500000 1.955535e-02
-24.250000 1.816740e-02
-24.000000 2.225654e-02
-23.750000 2.985392e-02
-23.500000 3.912258e-02
-23.250000 4.925399e-02
-23.000000 5.991519e-02
-22.750000 7.095344e-02
-22.500000 8.228944e-02
-22.250000 9.387710e-02
-22.000000 1.056868e-01
-21.750000 1.176979e-01
-21.500000 1.298947e-01
-21.250000 1.422645e-01
-21.000000 1.547963e-01
-20.750000 1.674807e-01
-20.500000 1.803087e-01
-20.250000 1.932719e-01
-20.000000 2.063622e-01
-19.750000 2.195718e-01
-19.500000 2.328929e-01
-19.250000 2.463180e-01
-19.000000 2.598394e-01
-18.750000 2.734494e-01
-18.500000 2.871406e-01
-18.250000 3.009052e-01
-18.000000 3.147356e-01
-17.750000 3.286242e-01
-17.500000 3.425632e-01
-17.250000 3.565448e-01
-17.000000 3.705613e-01
-16.750000 3.846048e-01
-16.500000 3.986675e-01
-16.250000 4.127414e-01
-16.000000 4.268187e-01
-15.750000 4.408913e-01
-15.500000 4.549514e-01
-15.250000 4.689908e-01
-15.000000 4.830017e-01
-14.750000 4.969760e-01
-14.500000 5.109057e-01
-14.250000 5.247828e-01
-14.000000 5.385992e-01
-13.750000 5.523470e-01
-13.500000 5.660183e-01
-13.250000 5.796050e-01
-13.000000 5.930993e-01
-12.750000 6.064933e-01
-12.500000 6.197790e-01
-12.250000 6.329488e-01
-12.000000 6.459947e-01
-11.750000 6.589093e-01
-11.500000 6.716847e-01
-11.250000 6.843135e-01
-11.000000 6.967881e-01
-10.750000 7.091011e-01
-10.500000 7.212451e-01
-10.250000 7.332130e-01
-10.000000 7.449974e-01
-9.750000 7.565914e-01
-9.500000 7.679880e-01
-9.250000 7.791803e-01
-9.000000 7.901616e-01
-8.750000 8.009252e-01
-8.500000 8.114646e-01
-8.250000 8.217734e-01
-8.000000 8.318454e-01
-7.750000 8.416745e-01
-7.500000 8.512546e-01
-7.250000 8.605799e-01
-7.000000 8.696448e-01
-6.750000 8.784437e-01
-6.500000 8.869713e-01
-6.250000 8.952222e-01
-6.000000 9.031915e-01
-5.750000 9.108742e-01
-5.500000 9.182657e-01
-5.250000 9.253614e-01
-5.000000 9.321569e-01
-4.750000 9.386480e-01
-4.500000 9.448308e-01
-4.250000 9.507014e-01
-4.000000 9.562563e-01
-3.750000 9.614919e-01
-3.500000 9.664051e-01
-3.250000 9.709928e-01
-3.000000 9.752521e-01
-2.750000 9.791805e-01
-2.500000 9.827755e-01
-2.250000 9.860349e-01
-2.000000 9.889566e-01
-1.750000 9.915389e-01
-1.500000 9.937801e-01
-1.250000 9.956789e-01
-1.000000 9.972340e-01
-0.750000 9.984446e-01
-0.500000 9.993098e-01
-0.250000 9.998292e-01
0.000000 1.000002e+00
0.250000 9.998292e-01
0.500000 9.993098e-01
0.750000 9.984446e-01
1.000000 9.972340e-01
1.250000 9.956789e-01
1.500000 9.937801e-01
1.750000 9.915389e-01
2.000000 9.889566e-01
2.250000 9.860349e-01
2.500000 9.827755e-01
2.750000 9.791805e-01
3.000000 9.752521e-01
3.250000 9.709928e-01
3.500000 9.664051e-01
3.750000 9.614919e-01
4.000000 9.562563e-01
4.250000 9.507014e-01
4.500000 9.448308e-01
4.750000 9.386480e-01
5.000000 9.321569e-01
5.250000 9.253614e-01
5.500000 9.182657e-01
5.750000 9.108742e-01
6.000000 9.031915e-01
6.250000 8.952222e-01
6.500000 8.869713e-01
6.750000 8.784437e-01
7.000000 8.696448e-01
7.250000 8.605799e-01
7.500000 8.512546e-01
7.750000 8.416745e-01
8.000000 8.318454e-01
8.250000 8.217734e-01
8.500000 8.114646e-01
8.750000 8.009252e-01
9.000000 7.901616e-01
9.250000 7.791803e-01
9.500000 7.679880e-01
9.750000 7.565914e-01
10.000000 7.449974e-01
10.250000 7.332130e-01
10.500000 7.212451e-01
10.750000 7.091011e-01
11.000000 6.967881e-01
11.250000 6.843135e-01
11.500000 6.716847e-01
11.750000 6.589093e-01
12.000000 6.459947e-01
12.250000 6.329488e-01
12.500000 6.197790e-01
12.750000 6.064933e-01
13.000000 5.930993e-01
13.250000 5.796050e-01
13.500000 5.660183e-01
13.750000 5.523470e-01
14.000000 5.385992e-01
14.250000 5.247828e-01
14.500000 5.109057e-01
14.750000 4.969760e-01
15.000000 4.830017e-01
15.250000 4.689908e-01
15.500000 4.549514e-01
15.750000 4.408913e-01
16.000000 4.268187e-01
16.250000 4.127414e-01
16.500000 3.986675e-01
16.750000 3.846048e-01
17.000000 3.705613e-01
17.250000 3.565448e-01
17.500000 3.425632e-01
17.750000 3.286242e-01
18.000000 3.147356e-01
18.250000 3.009052e-01
18.500000 2.871406e-01
18.750000 2.734494e-01
19.000000 2.598394e-01
19.250000 2.463180e-01
19.500000 2.328929e-01
19.750000 2.195718e-01
20.000000 2.063622e-01
20.250000 1.932719e-01
20.500000 1.803087e-01
20.750000 1.674807e-01
21.000000 1.547963e-01
21.250000 1.422645e-01
21.500000 1.298947e-01
21.750000 1.176979e-01
22.000000 1.056868e-01
22.250000 9.387710e-02
22.500000 8.228944e-02
22.750000 7.095344e-02
23.000000 5.991519e-02
23.250000 4.925399e-02
23.500000 3.912258e-02
23.750000 2.985392e-02
24.000000 2.225654e-02
24.250000 1.816740e-02
24.500000 1.955535e-02
24.750000 2.528595e-02
25.000000 3.298253e-02
25.250000 4.140867e-02
25.500000 5.006734e-02
25.750000 5.874467e-02
26.000000 6.733686e-02
26.250000 7.578766e-02
26.500000 8.406371e-02
26.750000 9.214366e-02
27.000000 1.000130e-01
27.250000 1.076611e-01
27.500000 1.150804e-01
27.750000 1.222647e-01
28.000000 1.292093e-01
28.250000 1.359102e-01
28.500000 1.423644e-01
28.750000 1.485691e-01
29.000000 1.545222e-01
29.250000 1.602221e-01
29.500000 1.656673e-01
29.750000 1.708567e-01
30.000000 1.757894e-01
30.250000 1.804651e-01
30.500000 1.848833e-01
30.750000 1.890441e-01
31.000000 1.929475e-01
31.250000 1.965939e-01
31.500000 1.999840e-01
31.750000 2.031185e-01
32.000000 2.059984e-01
32.250000 2.086249e-01
32.500000 2.109994e-01
32.750000 2.131233e-01
33.000000 2.149985e-01
33.250000 2.166268e-01
33.500000 2.180104e-01
33.750000 2.191514e-01
34.000000 2.200523e-01
34.250000 2.207156e-01
34.500000 2.211442e-01
34.750000 2.213408e-01
35.000000 2.213085e-01
35.250000 2.210506e-01
35.500000 2.205704e-01
35.750000 2.198712e-01
36.000000 2.189568e-01
36.250000 2.178309e-01
36.500000 2.164974e-01
36.750000 2.149603e-01
37.000000 2.132236e-01
37.250000 2.112917e-01
37.500000 2.091689e-01
37.750000 2.068597e-01
38.000000 2.043686e-01
38.250000 2.017003e-01
38.500000 1.988596e-01
38.750000 1.958513e-01
39.000000 1.926805e-01
39.250000 1.893520e-01
39.500000 1.858711e-01
39.750000 1.822430e-01
40.000000 1.784728e-01
40.250000 1.745660e-01
40.500000 1.705279e-01
40.750000 1.663640e-01
41.000000 1.620798e-01
41.250000 1.576809e-01
41.500000 1.531728e-01
41.750000 1.485612e-01
42.000000 1.438519e-01
42.250000 1.390505e-01
42.500000 1.341629e-01
42.750000 1.291948e-01
43.000000 1.241521e-01
43.250000 1.190406e-01
43.500000 1.138663e-01
43.750000 1.086352e-01
44.000000 1.033532e-01
44.250000 9.802637e-02
44.500000 9.266090e-02
44.750000 8.726300e-02
45.000000 8.183903e-02
45.250000 7.639553e-02
45.500000 7.093930e-02
45.750000 6.547751e-02
46.000000 6.001787e-02
46.250000 5.456891e-02
46.500000 4.914047e-02
46.750000 4.374445e-02
47.000000 3.839628e-02
47.250000 3.311761e-02
47.500000 2.794193e-02
47.750000 2.292693e-02
48.000000 1.818459e-02
48.250000 1.395963e-02
48.500000 1.081804e-02
48.750000 9.786240e-03
49.000000 1.138073e-02
49.250000 1.471506e-02
49.500000 1.883853e-02
49.750000 2.329207e-02
50.000000 2.787838e-02
