-50.000000 2.892235e-03
-49.750000 3.098277e-03
-49.500000 3.309684e-03
-49.250000 3.525246e-03
-49.000000 3.743958e-03
-48.750000 3.964973e-03
-48.500000 4.187565e-03
-48.250000 4.411105e-03
-48.000000 4.635039e-03
-47.750000 4.858872e-03
-47.500000 5.082154e-03
-47.250000 5.304476e-03
-47.000000 5.525458e-03
-46.750000 5.744744e-03
-46.500000 5.962002e-03
-46.250000 6.176914e-03
-46.000000 6.389178e-03
-45.750000 6.598505e-03
-45.500000 6.804616e-03
-45.250000 7.007242e-03
-45.000000 7.206121e-03
-44.750000 7.401002e-03
-44.500000 7.591637e-03
-44.250000 7.777787e-03
-44.000000 7.959220e-03
-43.750000 8.135707e-03
-43.500000 8.307027e-03
-43.250000 8.472963e-03
-43.000000 8.633305e-03
-42.750000 8.787848e-03
-42.500000 8.936392e-03
-42.250000 9.078743e-03
-42.000000 9.214712e-03
-41.750000 9.344117e-03
-41.500000 9.466780e-03
-41.250000 9.582532e-03
-41.000000 9.691206e-03
-40.750000 9.792646e-03
-40.500000 9.886699e-03
-40.250000 9.973222e-03
-40.000000 1.005208e-02
-39.750000 1.012313e-02
-39.500000 1.018627e-02
-39.250000 1.024138e-02
-39.000000 1.028834e-02
-38.750000 1.032708e-02
-38.500000 1.035749e-02
-38.250000 1.037951e-02
-38.000000 1.039306e-02
-37.750000 1.039810e-02
-37.500000 1.039458e-02
-37.250000 1.038247e-02
-37.000000 1.036175e-02
-36.750000 1.033242e-02
-36.500000 1.029450e-02
-36.250000 1.024801e-02
-36.000000 1.019299e-02
-35.750000 1.012952e-02
-35.500000 1.005768e-02
-35.250000 9.977587e-03
-35.000000 9.889362e-03
-34.750000 9.793172e-03
-34.500000 9.689205e-03
-34.250000 9.577684e-03
-34.000000 9.458868e-03
-33.750000 9.333054e-03
-33.500000 9.200585e-03
-33.250000 9.061854e-03
-33.000000 8.917306e-03
-32.750000 8.767453e-03
-32.500000 8.612871e-03
-32.250000 8.454217e-03
-32.000000 8.292234e-03
-31.750000 8.127762e-03
-31.500000 7.961752e-03
-31.250000 7.795272e-03
-31.000000 7.629526e-03
-30.750000 7.465861e-03
-30.500000 7.305782e-03
-30.250000 7.150960e-03
-30.000000 7.003236e-03
-29.750000 6.864622e-03
-29.500000 6.737292e-03
-29.250000 6.623559e-03
-29.000000 6.525847e-03
-28.750000 6.446633e-03
-28.500000 6.388386e-03
-28.250000 6.353484e-03
-28.000000 6.344121e-03
-27.750000 6.362217e-03
-27.500000 6.409331e-03
-27.250000 6.486593e-03
-27.000000 6.594667e-03
-26.750000 6.733741e-03
-26.500000 6.903556e-03
-26.250000 7.103453e-03
-26.000000 7.332442e-03
-25.750000 7.589283e-03
-25.500000 7.872562e-03
-25.250000 8.180762e-03
-25.000000 8.512320e-03
-24.750000 8.865677e-03
-24.500000 9.239312e-03
-24.250000 9.631764e-03
-24.000000 1.004165e-02
-23.750000 1.046766e-02
-23.500000 1.090858e-02
-23.250000 1.136328e-02
-23.000000 1.183070e-02
-22.750000 1.230985e-02
-22.500000 1.279983e-02
-22.250000 1.329979e-02
-22.000000 1.380892e-02
-21.750000 1.432648e-02
-21.500000 1.485178e-02
-21.250000 1.538416e-02
-21.000000 1.592298e-02
-20.750000 1.646765e-02
-20.500000 1.701760e-02
-20.250000 1.757230e-02
-20.000000 1.813122e-02
-19.750000 1.869386e-02
-19.500000 1.925973e-02
-19.250000 1.982837e-02
-19.000000 2.039931e-02
-18.750000 2.097212e-02
-18.500000 2.154636e-02
-18.250000 2.212161e-02
-18.000000 2.269745e-02
-17.750000 2.327348e-02
-17.500000 2.384929e-02
-17.250000 2.442449e-02
-17.000000 2.499870e-02
-16.750000 2.557154e-02
-16.500000 2.614263e-02
-16.250000 2.671160e-02
-16.000000 2.727809e-02
-15.750000 2.784174e-02
-15.500000 2.840220e-02
-15.250000 2.895911e-02
-15.000000 2.951212e-02
-14.750000 3.006091e-02
-14.500000 3.060512e-02
-14.250000 3.114443e-02
-14.000000 3.167851e-02
-13.750000 3.220703e-02
-13.500000 3.272968e-02
-13.250000 3.324615e-02
-13.000000 3.375611e-02
-12.750000 3.425928e-02
-12.500000 3.475533e-02
-12.250000 3.524399e-02
-12.000000 3.572496e-02
-11.750000 3.619796e-02
-11.500000 3.666269e-02
-11.250000 3.711890e-02
-11.000000 3.756630e-02
-10.750000 3.800464e-02
-10.500000 3.843365e-02
-10.250000 3.885309e-02
-10.000000 3.926270e-02
-9.750000 3.966224e-02
-9.500000 4.005148e-02
-9.250000 4.043018e-02
-9.000000 4.079814e-02
-8.750000 4.115512e-02
-8.500000 4.150092e-02
-8.250000 4.183534e-02
-8.000000 4.215817e-02
-7.750000 4.246924e-02
-7.500000 4.276835e-02
-7.250000 4.305534e-02
-7.000000 4.333002e-02
-6.750000 4.359225e-02
-6.500000 4.384186e-02
-6.250000 4.407871e-02
-6.000000 4.430266e-02
-5.750000 4.451359e-02
-5.500000 4.471135e-02
-5.250000 4.489585e-02
-5.000000 4.506696e-02
-4.750000 4.522459e-02
-4.500000 4.536865e-02
-4.250000 4.549906e-02
-4.000000 4.561572e-02
-3.750000 4.571858e-02
-3.500000 4.580758e-02
-3.250000 4.588266e-02
-3.000000 4.594377e-02
-2.750000 4.599089e-02
-2.500000 4.602398e-02
-2.250000 4.604303e-02
-2.000000 4.604801e-02
-1.750000 4.603894e-02
-1.500000 4.601580e-02
-1.250000 4.597862e-02
-1.000000 4.592742e-02
-0.750000 4.586223e-02
-0.500000 4.578307e-02
-0.250000 4.569001e-02
0.000000 4.558309e-02
0.250000 4.546237e-02
0.500000 4.532793e-02
0.750000 4.517984e-02
1.000000 4.501819e-02
1.250000 4.484307e-02
1.500000 4.465458e-02
1.750000 4.445284e-02
2.000000 4.423795e-02
2.250000 4.401005e-02
2.500000 4.376926e-02
2.750000 4.351573e-02
3.000000 4.324960e-02
3.250000 4.297103e-02
3.500000 4.268017e-02
3.750000 4.237721e-02
4.000000 4.206230e-02
4.250000 4.173564e-02
4.500000 4.139741e-02
4.750000 4.104782e-02
5.000000 4.068705e-02
5.250000 4.031533e-02
5.500000 3.993287e-02
5.750000 3.953988e-02
6.000000 3.913660e-02
6.250000 3.872326e-02
6.500000 3.830010e-02
6.750000 3.786736e-02
7.000000 3.742530e-02
7.250000 3.697417e-02
7.500000 3.651423e-02
7.750000 3.604576e-02
8.000000 3.556901e-02
8.250000 3.508427e-02
8.500000 3.459183e-02
8.750000 3.409196e-02
9.000000 3.358496e-02
9.250000 3.307111e-02
9.500000 3.255074e-02
9.750000 3.202413e-02
10.000000 3.149159e-02
10.250000 3.095344e-02
10.500000 3.040999e-02
10.750000 2.986156e-02
11.000000 2.930848e-02
11.250000 2.875107e-02
11.500000 2.818967e-02
11.750000 2.762461e-02
12.000000 2.705623e-02
12.250000 2.648486e-02
12.500000 2.591087e-02
12.750000 2.533459e-02
13.000000 2.475638e-02
13.250000 2.417660e-02
13.500000 2.359561e-02
13.750000 2.301378e-02
14.000000 2.243148e-02
14.250000 2.184908e-02
14.500000 2.126698e-02
14.750000 2.068556e-02
15.000000 2.010521e-02
15.250000 1.952634e-02
15.500000 1.894935e-02
15.750000 1.837468e-02
16.000000 1.780276e-02
16.250000 1.723402e-02
16.500000 1.666892e-02
16.750000 1.610795e-02
17.000000 1.555159e-02
17.250000 1.500036e-02
17.500000 1.445480e-02
17.750000 1.391546e-02
18.000000 1.338296e-02
18.250000 1.285791e-02
18.500000 1.234101e-02
18.750000 1.183298e-02
19.000000 1.133461e-02
19.250000 1.084674e-02
19.500000 1.037030e-02
19.750000 9.906305e-03
20.000000 9.455869e-03
20.250000 9.020210e-03
20.500000 8.600670e-03
20.750000 8.198722e-03
21.000000 7.815978e-03
21.250000 7.454187e-03
21.500000 7.115230e-03
21.750000 6.801098e-03
22.000000 6.513850e-03
22.250000 6.255550e-03
22.500000 6.028179e-03
22.750000 5.833519e-03
23.000000 5.673017e-03
23.250000 5.547649e-03
23.500000 5.457790e-03
23.750000 5.403127e-03
24.000000 5.382630e-03
24.250000 5.394580e-03
24.500000 5.436672e-03
24.750000 5.506151e-03
25.000000 5.599978e-03
25.250000 5.714986e-03
25.500000 5.848019e-03
25.750000 5.996037e-03
26.000000 6.156190e-03
26.250000 6.325861e-03
26.500000 6.502684e-03
26.750000 6.684548e-03
27.000000 6.869582e-03
27.250000 7.056141e-03
27.500000 7.242783e-03
27.750000 7.428252e-03
28.000000 7.611451e-03
28.250000 7.791428e-03
28.500000 7.967352e-03
28.750000 8.138504e-03
29.000000 8.304258e-03
29.250000 8.464071e-03
29.500000 8.617473e-03
29.750000 8.764056e-03
30.000000 8.903470e-03
30.250000 9.035412e-03
30.500000 9.159623e-03
30.750000 9.275884e-03
31.000000 9.384009e-03
31.250000 9.483844e-03
31.500000 9.575262e-03
31.750000 9.658163e-03
32.000000 9.732467e-03
32.250000 9.798118e-03
32.500000 9.855078e-03
32.750000 9.903326e-03
33.000000 9.942860e-03
33.250000 9.973690e-03
33.500000 9.995843e-03
33.750000 1.000936e-02
34.000000 1.001429e-02
34.250000 1.001069e-02
34.500000 9.998654e-03
34.750000 9.978252e-03
35.000000 9.949585e-03
35.250000 9.912758e-03
35.500000 9.867887e-03
35.750000 9.815096e-03
36.000000 9.754518e-03
36.250000 9.686293e-03
36.500000 9.610573e-03
36.750000 9.527514e-03
37.000000 9.437281e-03
37.250000 9.340049e-03
37.500000 9.235997e-03
37.750000 9.125315e-03
38.000000 9.008198e-03
38.250000 8.884849e-03
38.500000 8.755480e-03
38.750000 8.620310e-03
39.000000 8.479565e-03
39.250000 8.333480e-03
39.500000 8.182299e-03
39.750000 8.026273e-03
40.000000 7.865665e-03
40.250000 7.700746e-03
40.500000 7.531797e-03
40.750000 7.359112e-03
41.000000 7.182997e-03
41.250000 7.003771e-03
41.500000 6.821769e-03
41.750000 6.637341e-03
42.000000 6.450858e-03
42.250000 6.262711e-03
42.500000 6.073314e-03
42.750000 5.883109e-03
43.000000 5.692569e-03
43.250000 5.502200e-03
43.500000 5.312549e-03
43.750000 5.124209e-03
44.000000 4.937824e-03
44.250000 4.754095e-03
44.500000 4.573792e-03
44.750000 4.397756e-03
45.000000 4.226909e-03
45.250000 4.062259e-03
45.500000 3.904904e-03
45.750000 3.756034e-03
46.000000 3.616920e-03
46.250000 3.488902e-03
46.500000 3.373359e-03
46.750000 3.271671e-03
47.000000 3.185161e-03
47.250000 3.115024e-03
47.500000 3.062251e-03
47.750000 3.027550e-03
48.000000 3.011285e-03
48.250000 3.013432e-03
48.500000 3.033573e-03
48.750000 3.070927e-03
49.000000 3.124404e-03
49.250000 3.192684e-03
49.500000 3.274299e-03
49.750000 3.367712e-03
50.000000 3.471381e-03
