-50.000000 3.412781e-03
-49.750000 3.281322e-03
-49.500000 3.140650e-03
-49.250000 2.991491e-03
-49.000000 2.834620e-03
-48.750000 2.670861e-03
-48.500000 2.501082e-03
-48.250000 2.326199e-03
-48.000000 2.147168e-03
-47.750000 1.964994e-03
-47.500000 1.780730e-03
-47.250000 1.595494e-03
-47.000000 1.410484e-03
-46.750000 1.227027e-03
-46.500000 1.046667e-03
-46.250000 8.713511e-04
-46.000000 7.038571e-04
-45.750000 5.488372e-04
-45.500000 4.154815e-04
-45.250000 3.231476e-04
-45.000000 3.007111e-04
-44.750000 3.515943e-04
-44.500000 4.431221e-04
-44.250000 5.482558e-04
-44.000000 6.542514e-04
-43.750000 7.553233e-04
-43.500000 8.485421e-04
-43.250000 9.322522e-04
-43.000000 1.005457e-03
-42.750000 1.067567e-03
-42.500000 1.118292e-03
-42.250000 1.157605e-03
-42.000000 1.185742e-03
-41.750000 1.203222e-03
-41.500000 1.210894e-03
-41.250000 1.210001e-03
-41.000000 1.202256e-03
-40.750000 1.189936e-03
-40.500000 1.175976e-03
-40.250000 1.164021e-03
-40.000000 1.158387e-03
-39.750000 1.163846e-03
-39.500000 1.185182e-03
-39.250000 1.226568e-03
-39.000000 1.290934e-03
-38.750000 1.379604e-03
-38.500000 1.492336e-03
-38.250000 1.627689e-03
-38.000000 1.783490e-03
-37.750000 1.957247e-03
-37.500000 2.146414e-03
-37.250000 2.348529e-03
-37.000000 2.561270e-03
-36.750000 2.782463e-03
-36.500000 3.010067e-03
-36.250000 3.242149e-03
-36.000000 3.476872e-03
-35.750000 3.712468e-03
-35.500000 3.947232e-03
-35.250000 4.179508e-03
-35.000000 4.407686e-03
-34.750000 4.630196e-03
-34.500000 4.845509e-03
-34.250000 5.052137e-03
-34.000000 5.248634e-03
-33.750000 5.433598e-03
-33.500000 5.605677e-03
-33.250000 5.763574e-03
-33.000000 5.906049e-03
-32.750000 6.031923e-03
-32.500000 6.140088e-03
-32.250000 6.229511e-03
-32.000000 6.299236e-03
-31.750000 6.348393e-03
-31.500000 6.376205e-03
-31.250000 6.381990e-03
-31.000000 6.365171e-03
-30.750000 6.325279e-03
-30.500000 6.261962e-03
-30.250000 6.174994e-03
-30.000000 6.064277e-03
-29.750000 5.929858e-03
-29.500000 5.771935e-03
-29.250000 5.590876e-03
-29.000000 5.387237e-03
-28.750000 5.161785e-03
-28.500000 4.915542e-03
-28.250000 4.649834e-03
-28.000000 4.366374e-03
-27.750000 4.067387e-03
-27.500000 3.755802e-03
-27.250000 3.435567e-03
-27.000000 3.112153e-03
-26.750000 2.793381e-03
-26.500000 2.490711e-03
-26.250000 2.221031e-03
-26.000000 2.008244e-03
-25.750000 1.881921e-03
-25.500000 1.868548e-03
-25.250000 1.977256e-03
-25.000000 2.194624e-03
-24.750000 2.495099e-03
-24.500000 2.853606e-03
-24.250000 3.250740e-03
-24.000000 3.672670e-03
-23.750000 4.109599e-03
-23.500000 4.554371e-03
-23.250000 5.001519e-03
-23.000000 5.446668e-03
-22.750000 5.886170e-03
-22.500000 6.316877e-03
-22.250000 6.736004e-03
-22.000000 7.141050e-03
-21.750000 7.529741e-03
-21.500000 7.900010e-03
-21.250000 8.249979e-03
-21.000000 8.577957e-03
-20.750000 8.882444e-03
-20.500000 9.162145e-03
-20.250000 9.415978e-03
-20.000000 9.643102e-03
-19.750000 9.842935e-03
-19.500000 1.001519e-02
-19.250000 1.015988e-02
-19.000000 1.027742e-02
-18.750000 1.036859e-02
-18.500000 1.043463e-02
-18.250000 1.047730e-02
-18.000000 1.049892e-02
-17.750000 1.050242e-02
-17.500000 1.049143e-02
-17.250000 1.047033e-02
-17.000000 1.044427e-02
-16.750000 1.041924e-02
-16.500000 1.040202e-02
-16.250000 1.040011e-02
-16.000000 1.042164e-02
-15.750000 1.047510e-02
-15.500000 1.056905e-02
-15.250000 1.071174e-02
-15.000000 1.091072e-02
-14.750000 1.117238e-02
-14.500000 1.150164e-02
-14.250000 1.190176e-02
-14.000000 1.237423e-02
-13.750000 1.291890e-02
-13.500000 1.353411e-02
-13.250000 1.421705e-02
-13.000000 1.496393e-02
-12.750000 1.577036e-02
-12.500000 1.663150e-02
-12.250000 1.754227e-02
-12.000000 1.849750e-02
-11.750000 1.949201e-02
-11.500000 2.052066e-02
-11.250000 2.157843e-02
-11.000000 2.266039e-02
-10.750000 2.376173e-02
-10.500000 2.487777e-02
-10.250000 2.600397e-02
-10.000000 2.713588e-02
-9.750000 2.826919e-02
-9.500000 2.939969e-02
-9.250000 3.052330e-02
-9.000000 3.163602e-02
-8.750000 3.273399e-02
-8.500000 3.381344e-02
-8.250000 3.487072e-02
-8.000000 3.590231e-02
-7.750000 3.690478e-02
-7.500000 3.787485e-02
-7.250000 3.880936e-02
-7.000000 3.970527e-02
-6.750000 4.055971e-02
-6.500000 4.136992e-02
-6.250000 4.213332e-02
-6.000000 4.284746e-02
-5.750000 4.351006e-02
-5.500000 4.411901e-02
-5.250000 4.467237e-02
-5.000000 4.516836e-02
-4.750000 4.560542e-02
-4.500000 4.598212e-02
-4.250000 4.629725e-02
-4.000000 4.654978e-02
-3.750000 4.673887e-02
-3.500000 4.686388e-02
-3.250000 4.692437e-02
-3.000000 4.692006e-02
-2.750000 4.685092e-02
-2.500000 4.671707e-02
-2.250000 4.651884e-02
-2.000000 4.625675e-02
-1.750000 4.593153e-02
-1.500000 4.554407e-02
-1.250000 4.509544e-02
-1.000000 4.458693e-02
-0.750000 4.401995e-02
-0.500000 4.339613e-02
-0.250000 4.271724e-02
0.000000 4.198520e-02
0.250000 4.120211e-02
0.500000 4.037020e-02
0.750000 3.949183e-02
1.000000 3.856950e-02
1.250000 3.760583e-02
1.500000 3.660357e-02
1.750000 3.556555e-02
2.000000 3.449472e-02
2.250000 3.339411e-02
2.500000 3.226684e-02
2.750000 3.111610e-02
3.000000 2.994514e-02
3.250000 2.875727e-02
3.500000 2.755587e-02
3.750000 2.634436e-02
4.000000 2.512618e-02
4.250000 2.390485e-02
4.500000 2.268389e-02
4.750000 2.146690e-02
5.000000 2.025749e-02
5.250000 1.905934e-02
5.500000 1.787620e-02
5.750000 1.671193e-02
6.000000 1.557047e-02
6.250000 1.445597e-02
6.500000 1.337277e-02
6.750000 1.232555e-02
7.000000 1.131936e-02
7.250000 1.035979e-02
7.500000 9.453128e-03
7.750000 8.606502e-03
8.000000 7.828028e-03
8.250000 7.126852e-03
8.500000 6.512938e-03
8.750000 5.996390e-03
9.000000 5.586088e-03
9.250000 5.287618e-03
9.500000 5.101004e-03
9.750000 5.019262e-03
10.000000 5.028758e-03
10.250000 5.111382e-03
10.500000 5.247498e-03
10.750000 5.418456e-03
11.000000 5.608067e-03
11.250000 5.803094e-03
11.500000 5.993146e-03
11.750000 6.170295e-03
12.000000 6.328623e-03
12.250000 6.463818e-03
12.500000 6.572829e-03
12.750000 6.653600e-03
13.000000 6.704865e-03
13.250000 6.725993e-03
13.500000 6.716867e-03
13.750000 6.677796e-03
14.000000 6.609452e-03
14.250000 6.512813e-03
14.500000 6.389127e-03
14.750000 6.239888e-03
15.000000 6.066812e-03
15.250000 5.871826e-03
15.500000 5.657071e-03
15.750000 5.424898e-03
16.000000 5.177892e-03
16.250000 4.918892e-03
16.500000 4.651035e-03
16.750000 4.377813e-03
17.000000 4.103152e-03
17.250000 3.831511e-03
17.500000 3.567997e-03
17.750000 3.318474e-03
18.000000 3.089629e-03
18.250000 2.888880e-03
18.500000 2.724005e-03
18.750000 2.602335e-03
19.000000 2.529508e-03
19.250000 2.508096e-03
19.500000 2.536755e-03
19.750000 2.610401e-03
20.000000 2.721359e-03
20.250000 2.860867e-03
20.500000 3.020325e-03
20.750000 3.192015e-03
21.000000 3.369374e-03
21.250000 3.546983e-03
21.500000 3.720440e-03
21.750000 3.886192e-03
22.000000 4.041381e-03
22.250000 4.183712e-03
22.500000 4.311356e-03
22.750000 4.422863e-03
23.000000 4.517110e-03
23.250000 4.593248e-03
23.500000 4.650675e-03
23.750000 4.689004e-03
24.000000 4.708045e-03
24.250000 4.707792e-03
24.500000 4.688410e-03
24.750000 4.650226e-03
25.000000 4.593724e-03
25.250000 4.519543e-03
25.500000 4.428478e-03
25.750000 4.321476e-03
26.000000 4.199650e-03
26.250000 4.064281e-03
26.500000 3.916840e-03
26.750000 3.759003e-03
27.000000 3.592687e-03
27.250000 3.420081e-03
27.500000 3.243707e-03
27.750000 3.066473e-03
28.000000 2.891755e-03
28.250000 2.723461e-03
28.500000 2.566084e-03
28.750000 2.424680e-03
29.000000 2.304717e-03
29.250000 2.211695e-03
29.500000 2.150515e-03
29.750000 2.124662e-03
30.000000 2.135469e-03
30.250000 2.181785e-03
30.500000 2.260237e-03
30.750000 2.365946e-03
31.000000 2.493371e-03
31.250000 2.636995e-03
31.500000 2.791742e-03
31.750000 2.953160e-03
32.000000 3.117447e-03
32.250000 3.281407e-03
32.500000 3.442366e-03
32.750000 3.598090e-03
33.000000 3.746718e-03
33.250000 3.886700e-03
33.500000 4.016748e-03
33.750000 4.135800e-03
34.000000 4.242990e-03
34.250000 4.337630e-03
34.500000 4.419189e-03
34.750000 4.487280e-03
35.000000 4.541654e-03
35.250000 4.582187e-03
35.500000 4.608877e-03
35.750000 4.621837e-03
36.000000 4.621293e-03
36.250000 4.607579e-03
36.500000 4.581138e-03
36.750000 4.542514e-03
37.000000 4.492358e-03
37.250000 4.431419e-03
37.500000 4.360552e-03
37.750000 4.280711e-03
38.000000 4.192949e-03
38.250000 4.098424e-03
38.500000 3.998391e-03
38.750000 3.894204e-03
39.000000 3.787310e-03
39.250000 3.679248e-03
39.500000 3.571634e-03
39.750000 3.466145e-03
40.000000 3.364500e-03
40.250000 3.268421e-03
40.500000 3.179593e-03
40.750000 3.099601e-03
41.000000 3.029871e-03
41.250000 2.971589e-03
41.500000 2.925632e-03
41.750000 2.892507e-03
42.000000 2.872303e-03
42.250000 2.864686e-03
42.500000 2.868909e-03
42.750000 2.883867e-03
43.000000 2.908163e-03
43.250000 2.940194e-03
43.500000 2.978234e-03
43.750000 3.020511e-03
44.000000 3.065269e-03
44.250000 3.110820e-03
44.500000 3.155580e-03
44.750000 3.198089e-03
45.000000 3.237023e-03
45.250000 3.271203e-03
45.500000 3.299589e-03
45.750000 3.321285e-03
46.000000 3.335526e-03
46.250000 3.341676e-03
46.500000 3.339219e-03
46.750000 3.327753e-03
47.000000 3.306985e-03
47.250000 3.276721e-03
47.500000 3.236865e-03
47.750000 3.187407e-03
48.000000 3.128423e-03
48.250000 3.060070e-03
48.500000 2.982579e-03
48.750000 2.896252e-03
49.000000 2.801458e-03
49.250000 2.698633e-03
49.500000 2.588272e-03
49.750000 2.470935e-03
50.000000 2.347239e-03
