-50.000000 1.046468e-02
-49.750000 1.039192e-02
-49.500000 1.031396e-02
-49.250000 1.023079e-02
-49.000000 1.014241e-02
-48.750000 1.004882e-02
-48.500000 9.950048e-03
-48.250000 9.846091e-03
-48.000000 9.736969e-03
-47.750000 9.622703e-03
-47.500000 9.503319e-03
-47.250000 9.378847e-03
-47.000000 9.249325e-03
-46.750000 9.114793e-03
-46.500000 8.975301e-03
-46.250000 8.830905e-03
-46.000000 8.681669e-03
-45.750000 8.527664e-03
-45.500000 8.368974e-03
-45.250000 8.205692e-03
-45.000000 8.037922e-03
-44.750000 7.865785e-03
-44.500000 7.689416e-03
-44.250000 7.508967e-03
-44.000000 7.324613e-03
-43.750000 7.136551e-03
-43.500000 6.945006e-03
-43.250000 6.750237e-03
-43.000000 6.552539e-03
-42.750000 6.352252e-03
-42.500000 6.149769e-03
-42.250000 5.945546e-03
-42.000000 5.740111e-03
-41.750000 5.534083e-03
-41.500000 5.328187e-03
-41.250000 5.123274e-03
-41.000000 4.920346e-03
-40.750000 4.720586e-03
-40.500000 4.525390e-03
-40.250000 4.336400e-03
-40.000000 4.155541e-03
-39.750000 3.985053e-03
-39.500000 3.827504e-03
-39.250000 3.685788e-03
-39.000000 3.563075e-03
-38.750000 3.462702e-03
-38.500000 3.388004e-03
-38.250000 3.342068e-03
-38.000000 3.327451e-03
-37.750000 3.345919e-03
-37.500000 3.398260e-03
-37.250000 3.484234e-03
-37.000000 3.602670e-03
-36.750000 3.751669e-03
-36.500000 3.928868e-03
-36.250000 4.131686e-03
-36.000000 4.357525e-03
-35.750000 4.603913e-03
-35.500000 4.868580e-03
-35.250000 5.149499e-03
-35.000000 5.444889e-03
-34.750000 5.753200e-03
-34.500000 6.073094e-03
-34.250000 6.403419e-03
-34.000000 6.743179e-03
-33.750000 7.091516e-03
-33.500000 7.447685e-03
-33.250000 7.811038e-03
-33.000000 8.181007e-03
-32.750000 8.557091e-03
-32.500000 8.938845e-03
-32.250000 9.325873e-03
-32.000000 9.717817e-03
-31.750000 1.011435e-02
-31.500000 1.051519e-02
-31.250000 1.092005e-02
-31.000000 1.132869e-02
-30.750000 1.174087e-02
-30.500000 1.215637e-02
-30.250000 1.257499e-02
-30.000000 1.299653e-02
-29.750000 1.342080e-02
-29.500000 1.384763e-02
-29.250000 1.427685e-02
-29.000000 1.470829e-02
-28.750000 1.514179e-02
-28.500000 1.557720e-02
-28.250000 1.601436e-02
-28.000000 1.645313e-02
-27.750000 1.689336e-02
-27.500000 1.733490e-02
-27.250000 1.777763e-02
-27.000000 1.822140e-02
-26.750000 1.866608e-02
-26.500000 1.911153e-02
-26.250000 1.955761e-02
-26.000000 2.000420e-02
-25.750000 2.045117e-02
-25.500000 2.089839e-02
-25.250000 2.134572e-02
-25.000000 2.179304e-02
-24.750000 2.224023e-02
-24.500000 2.268715e-02
-24.250000 2.313369e-02
-24.000000 2.357972e-02
-23.750000 2.402510e-02
-23.500000 2.446973e-02
-23.250000 2.491348e-02
-23.000000 2.535622e-02
-22.750000 2.579783e-02
-22.500000 2.623820e-02
-22.250000 2.667720e-02
-22.000000 2.711471e-02
-21.750000 2.755061e-02
-21.500000 2.798478e-02
-21.250000 2.841711e-02
-21.000000 2.884747e-02
-20.750000 2.927576e-02
-20.500000 2.970185e-02
-20.250000 3.012563e-02
-20.000000 3.054698e-02
-19.750000 3.096578e-02
-19.500000 3.138193e-02
-19.250000 3.179532e-02
-19.000000 3.220582e-02
-18.750000 3.261333e-02
-18.500000 3.301773e-02
-18.250000 3.341892e-02
-18.000000 3.381679e-02
-17.750000 3.421123e-02
-17.500000 3.460213e-02
-17.250000 3.498939e-02
-17.000000 3.537289e-02
-16.750000 3.575255e-02
-16.500000 3.612824e-02
-16.250000 3.649988e-02
-16.000000 3.686735e-02
-15.750000 3.723056e-02
-15.500000 3.758941e-02
-15.250000 3.794380e-02
-15.000000 3.829363e-02
-14.750000 3.863882e-02
-14.500000 3.897925e-02
-14.250000 3.931485e-02
-14.000000 3.964552e-02
-13.750000 3.997116e-02
-13.500000 4.029170e-02
-13.250000 4.060703e-02
-13.000000 4.091708e-02
-12.750000 4.122176e-02
-12.500000 4.152098e-02
-12.250000 4.181467e-02
-12.000000 4.210274e-02
-11.750000 4.238511e-02
-11.500000 4.266171e-02
-11.250000 4.293246e-02
-11.000000 4.319728e-02
-10.750000 4.345610e-02
-10.500000 4.370885e-02
-10.250000 4.395547e-02
-10.000000 4.419587e-02
-9.750000 4.443000e-02
-9.500000 4.465779e-02
-9.250000 4.487918e-02
-9.000000 4.509410e-02
-8.750000 4.530250e-02
-8.500000 4.550432e-02
-8.250000 4.569950e-02
-8.000000 4.588799e-02
-7.750000 4.606974e-02
-7.500000 4.624469e-02
-7.250000 4.641280e-02
-7.000000 4.657402e-02
-6.750000 4.672831e-02
-6.500000 4.687562e-02
-6.250000 4.701591e-02
-6.000000 4.714914e-02
-5.750000 4.727527e-02
-5.500000 4.739428e-02
-5.250000 4.750612e-02
-5.000000 4.761077e-02
-4.750000 4.770819e-02
-4.500000 4.779837e-02
-4.250000 4.788126e-02
-4.000000 4.795686e-02
-3.750000 4.802513e-02
-3.500000 4.808607e-02
-3.250000 4.813964e-02
-3.000000 4.818584e-02
-2.750000 4.822466e-02
-2.500000 4.825608e-02
-2.250000 4.828009e-02
-2.000000 4.829669e-02
-1.750000 4.830587e-02
-1.500000 4.830763e-02
-1.250000 4.830196e-02
-1.000000 4.828888e-02
-0.750000 4.826837e-02
-0.500000 4.824046e-02
-0.250000 4.820514e-02
0.000000 4.816242e-02
0.250000 4.811232e-02
0.500000 4.805485e-02
0.750000 4.799002e-02
1.000000 4.791786e-02
1.250000 4.783838e-02
1.500000 4.775160e-02
1.750000 4.765755e-02
2.000000 4.755625e-02
2.250000 4.744773e-02
2.500000 4.733202e-02
2.750000 4.720916e-02
3.000000 4.707917e-02
3.250000 4.694209e-02
3.500000 4.679797e-02
3.750000 4.664683e-02
4.000000 4.648872e-02
4.250000 4.632368e-02
4.500000 4.615177e-02
4.750000 4.597301e-02
5.000000 4.578748e-02
5.250000 4.559521e-02
5.500000 4.539626e-02
5.750000 4.519068e-02
6.000000 4.497853e-02
6.250000 4.475987e-02
6.500000 4.453476e-02
6.750000 4.430326e-02
7.000000 4.406543e-02
7.250000 4.382135e-02
7.500000 4.357106e-02
7.750000 4.331466e-02
8.000000 4.305220e-02
8.250000 4.278375e-02
8.500000 4.250940e-02
8.750000 4.222921e-02
9.000000 4.194326e-02
9.250000 4.165164e-02
9.500000 4.135442e-02
9.750000 4.105168e-02
10.000000 4.074351e-02
10.250000 4.042999e-02
10.500000 4.011120e-02
10.750000 3.978724e-02
11.000000 3.945819e-02
11.250000 3.912415e-02
11.500000 3.878520e-02
11.750000 3.844143e-02
12.000000 3.809295e-02
12.250000 3.773985e-02
12.500000 3.738222e-02
12.750000 3.702016e-02
13.000000 3.665377e-02
13.250000 3.628315e-02
13.500000 3.590841e-02
13.750000 3.552965e-02
14.000000 3.514696e-02
14.250000 3.476046e-02
14.500000 3.437025e-02
14.750000 3.397643e-02
15.000000 3.357913e-02
15.250000 3.317844e-02
15.500000 3.277447e-02
15.750000 3.236735e-02
16.000000 3.195717e-02
16.250000 3.154405e-02
16.500000 3.112811e-02
16.750000 3.070946e-02
17.000000 3.028821e-02
17.250000 2.986449e-02
17.500000 2.943841e-02
17.750000 2.901009e-02
18.000000 2.857965e-02
18.250000 2.814721e-02
18.500000 2.771288e-02
18.750000 2.727680e-02
19.000000 2.683909e-02
19.250000 2.639986e-02
19.500000 2.595924e-02
19.750000 2.551736e-02
20.000000 2.507434e-02
20.250000 2.463032e-02
20.500000 2.418542e-02
20.750000 2.373976e-02
21.000000 2.329349e-02
21.250000 2.284672e-02
21.500000 2.239960e-02
21.750000 2.195226e-02
22.000000 2.150483e-02
22.250000 2.105745e-02
22.500000 2.061026e-02
22.750000 2.016340e-02
23.000000 1.971701e-02
23.250000 1.927124e-02
23.500000 1.882623e-02
23.750000 1.838213e-02
24.000000 1.793909e-02
24.250000 1.749728e-02
24.500000 1.705684e-02
24.750000 1.661794e-02
25.000000 1.618076e-02
25.250000 1.574545e-02
25.500000 1.531220e-02
25.750000 1.488120e-02
26.000000 1.445262e-02
26.250000 1.402669e-02
26.500000 1.360359e-02
26.750000 1.318356e-02
27.000000 1.276682e-02
27.250000 1.235362e-02
27.500000 1.194422e-02
27.750000 1.153889e-02
28.000000 1.113794e-02
28.250000 1.074169e-02
28.500000 1.035048e-02
28.750000 9.964701e-03
29.000000 9.584766e-03
29.250000 9.211132e-03
29.500000 8.844304e-03
29.750000 8.484843e-03
30.000000 8.133369e-03
30.250000 7.790576e-03
30.500000 7.457239e-03
30.750000 7.134225e-03
31.000000 6.822500e-03
31.250000 6.523146e-03
31.500000 6.237361e-03
31.750000 5.966471e-03
32.000000 5.711924e-03
32.250000 5.475283e-03
32.500000 5.258203e-03
32.750000 5.062390e-03
33.000000 4.889547e-03
33.250000 4.741289e-03
33.500000 4.619050e-03
33.750000 4.523974e-03
34.000000 4.456803e-03
34.250000 4.417797e-03
34.500000 4.406678e-03
34.750000 4.422624e-03
35.000000 4.464316e-03
35.250000 4.530024e-03
35.500000 4.617717e-03
35.750000 4.725186e-03
36.000000 4.850154e-03
36.250000 4.990370e-03
36.500000 5.143679e-03
36.750000 5.308067e-03
37.000000 5.481688e-03
37.250000 5.662873e-03
37.500000 5.850129e-03
37.750000 6.042132e-03
38.000000 6.237711e-03
38.250000 6.435838e-03
38.500000 6.635606e-03
38.750000 6.836223e-03
39.000000 7.036991e-03
39.250000 7.237299e-03
39.500000 7.436606e-03
39.750000 7.634440e-03
40.000000 7.830380e-03
40.250000 8.024057e-03
40.500000 8.215143e-03
40.750000 8.403346e-03
41.000000 8.588407e-03
41.250000 8.770095e-03
41.500000 8.948204e-03
41.750000 9.122551e-03
42.000000 9.292971e-03
42.250000 9.459315e-03
42.500000 9.621453e-03
42.750000 9.779265e-03
43.000000 9.932646e-03
43.250000 1.008150e-02
43.500000 1.022575e-02
43.750000 1.036530e-02
44.000000 1.050011e-02
44.250000 1.063010e-02
44.500000 1.075522e-02
44.750000 1.087543e-02
45.000000 1.099069e-02
45.250000 1.110096e-02
45.500000 1.120621e-02
45.750000 1.130642e-02
46.000000 1.140157e-02
46.250000 1.149164e-02
46.500000 1.157662e-02
46.750000 1.165649e-02
47.000000 1.173127e-02
47.250000 1.180094e-02
47.500000 1.186550e-02
47.750000 1.192497e-02
48.000000 1.197935e-02
48.250000 1.202864e-02
48.500000 1.207287e-02
48.750000 1.211205e-02
49.000000 1.214619e-02
49.250000 1.217533e-02
49.500000 1.219947e-02
49.750000 1.221866e-02
50.000000 1.223291e-02
