-50.000000 1.354824e-03
-49.750000 1.258238e-03
-49.500000 1.145962e-03
-49.250000 1.018907e-03
-49.000000 8.782197e-04
-48.750000 7.252797e-04
-48.500000 5.617199e-04
-48.250000 3.895685e-04
-48.000000 2.122436e-04
-47.750000 5.899933e-05
-47.500000 1.803648e-04
-47.250000 3.670780e-04
-47.000000 5.564335e-04
-46.750000 7.440520e-04
-46.500000 9.275560e-04
-46.250000 1.104986e-03
-46.000000 1.274611e-03
-45.750000 1.434913e-03
-45.500000 1.584599e-03
-45.250000 1.722627e-03
-45.000000 1.848233e-03
-44.750000 1.960951e-03
-44.500000 2.060634e-03
-44.250000 2.147467e-03
-44.000000 2.221967e-03
-43.750000 2.284979e-03
-43.500000 2.337656e-03
-43.250000 2.381422e-03
-43.000000 2.417914e-03
-42.750000 2.448911e-03
-42.500000 2.476236e-03
-42.250000 2.501640e-03
-42.000000 2.526683e-03
-41.750000 2.552605e-03
-41.500000 2.580221e-03
-41.250000 2.609834e-03
-41.000000 2.641194e-03
-40.750000 2.673495e-03
-40.500000 2.705422e-03
-40.250000 2.735226e-03
-40.000000 2.760828e-03
-39.750000 2.779937e-03
-39.500000 2.790158e-03
-39.250000 2.789109e-03
-39.000000 2.774517e-03
-38.750000 2.744303e-03
-38.500000 2.696656e-03
-38.250000 2.630100e-03
-38.000000 2.543549e-03
-37.750000 2.436364e-03
-37.500000 2.308415e-03
-37.250000 2.160162e-03
-37.000000 1.992772e-03
-36.750000 1.808328e-03
-36.500000 1.610202e-03
-36.250000 1.403798e-03
-36.000000 1.198080e-03
-35.750000 1.008602e-03
-35.500000 8.623460e-04
-35.250000 7.983253e-04
-35.000000 8.457333e-04
-34.750000 9.936405e-04
-34.500000 1.206394e-03
-34.250000 1.453572e-03
-34.000000 1.715978e-03
-33.750000 1.981669e-03
-33.500000 2.242565e-03
-33.250000 2.492654e-03
-33.000000 2.727125e-03
-32.750000 2.941959e-03
-32.500000 3.133724e-03
-32.250000 3.299490e-03
-32.000000 3.436785e-03
-31.750000 3.543590e-03
-31.500000 3.618336e-03
-31.250000 3.659919e-03
-31.000000 3.667702e-03
-30.750000 3.641535e-03
-30.500000 3.581755e-03
-30.250000 3.489197e-03
-30.000000 3.365198e-03
-29.750000 3.211611e-03
-29.500000 3.030813e-03
-29.250000 2.825740e-03
-29.000000 2.599946e-03
-28.750000 2.357719e-03
-28.500000 2.104305e-03
-28.250000 1.846338e-03
-28.000000 1.592652e-03
-27.750000 1.355748e-03
-27.500000 1.154006e-03
-27.250000 1.013019e-03
-27.000000 9.593895e-04
-26.750000 1.002033e-03
-26.500000 1.121812e-03
-26.250000 1.287610e-03
-26.000000 1.473614e-03
-25.750000 1.662817e-03
-25.500000 1.844627e-03
-25.250000 2.012436e-03
-25.000000 2.162136e-03
-24.750000 2.291318e-03
-24.500000 2.398857e-03
-24.250000 2.484680e-03
-24.000000 2.549643e-03
-23.750000 2.595448e-03
-23.500000 2.624574e-03
-23.250000 2.640192e-03
-23.000000 2.646051e-03
-22.750000 2.646309e-03
-22.500000 2.645295e-03
-22.250000 2.647202e-03
-22.000000 2.655729e-03
-21.750000 2.673711e-03
-21.500000 2.702804e-03
-21.250000 2.743299e-03
-21.000000 2.794110e-03
-20.750000 2.852923e-03
-20.500000 2.916489e-03
-20.250000 2.980973e-03
-20.000000 3.042311e-03
-19.750000 3.096531e-03
-19.500000 3.140023e-03
-19.250000 3.169755e-03
-19.000000 3.183448e-03
-18.750000 3.179725e-03
-18.500000 3.158235e-03
-18.250000 3.119771e-03
-18.000000 3.066382e-03
-17.750000 3.001449e-03
-17.500000 2.929731e-03
-17.250000 2.857292e-03
-17.000000 2.791267e-03
-16.750000 2.739326e-03
-16.500000 2.708817e-03
-16.250000 2.705605e-03
-16.000000 2.732887e-03
-15.750000 2.790358e-03
-15.500000 2.874059e-03
-15.250000 2.976912e-03
-15.000000 3.089670e-03
-14.750000 3.201913e-03
-14.500000 3.302865e-03
-14.250000 3.381960e-03
-14.000000 3.429218e-03
-13.750000 3.435505e-03
-13.500000 3.392784e-03
-13.250000 3.294446e-03
-13.000000 3.135872e-03
-12.750000 2.915509e-03
-12.500000 2.637120e-03
-12.250000 2.314911e-03
-12.000000 1.985626e-03
-11.750000 1.733701e-03
-11.500000 1.708390e-03
-11.250000 2.029994e-03
-11.000000 2.667414e-03
-10.750000 3.529523e-03
-10.500000 4.554707e-03
-10.250000 5.709681e-03
-10.000000 6.974978e-03
-9.750000 8.337041e-03
-9.500000 9.784676e-03
-9.250000 1.130745e-02
-9.000000 1.289495e-02
-8.750000 1.453644e-02
-8.500000 1.622072e-02
-8.250000 1.793609e-02
-8.000000 1.967035e-02
-7.750000 2.141090e-02
-7.500000 2.314478e-02
-7.250000 2.485881e-02
-7.000000 2.653969e-02
-6.750000 2.817409e-02
-6.500000 2.974883e-02
-6.250000 3.125096e-02
-6.000000 3.266793e-02
-5.750000 3.398767e-02
-5.500000 3.519876e-02
-5.250000 3.629051e-02
-5.000000 3.725309e-02
-4.750000 3.807766e-02
-4.500000 3.875639e-02
-4.250000 3.928263e-02
-4.000000 3.965095e-02
-3.750000 3.985717e-02
-3.500000 3.989845e-02
-3.250000 3.977333e-02
-3.000000 3.948170e-02
-2.750000 3.902486e-02
-2.500000 3.840549e-02
-2.250000 3.762760e-02
-2.000000 3.669657e-02
-1.750000 3.561900e-02
-1.500000 3.440272e-02
-1.250000 3.305670e-02
-1.000000 3.159094e-02
-0.750000 3.001638e-02
-0.500000 2.834479e-02
-0.250000 2.658868e-02
0.000000 2.476114e-02
0.250000 2.287572e-02
0.500000 2.094630e-02
0.750000 1.898699e-02
1.000000 1.701190e-02
1.250000 1.503511e-02
1.500000 1.307046e-02
1.750000 1.113146e-02
2.000000 9.231133e-03
2.250000 7.381932e-03
2.500000 5.595627e-03
2.750000 3.883269e-03
3.000000 2.255426e-03
3.250000 7.264024e-04
3.500000 7.324559e-04
3.750000 2.054109e-03
4.000000 3.268668e-03
4.250000 4.366826e-03
4.500000 5.344895e-03
4.750000 6.200854e-03
5.000000 6.934036e-03
5.250000 7.545049e-03
5.500000 8.035730e-03
5.750000 8.409113e-03
6.000000 8.669374e-03
6.250000 8.821780e-03
6.500000 8.872638e-03
6.750000 8.829228e-03
7.000000 8.699744e-03
7.250000 8.493238e-03
7.500000 8.219563e-03
7.750000 7.889332e-03
8.000000 7.513881e-03
8.250000 7.105247e-03
8.500000 6.676154e-03
8.750000 6.239976e-03
9.000000 5.810661e-03
9.250000 5.402515e-03
9.500000 5.029747e-03
9.750000 4.705617e-03
10.000000 4.441091e-03
10.250000 4.243129e-03
10.500000 4.113098e-03
10.750000 4.046057e-03
11.000000 4.031466e-03
11.250000 4.055114e-03
11.500000 4.101497e-03
11.750000 4.155806e-03
12.000000 4.205165e-03
12.250000 4.239156e-03
12.500000 4.249877e-03
12.750000 4.231760e-03
13.000000 4.181296e-03
13.250000 4.096759e-03
13.500000 3.977954e-03
13.750000 3.826005e-03
14.000000 3.643193e-03
14.250000 3.432832e-03
14.500000 3.199185e-03
14.750000 2.947454e-03
15.000000 2.683826e-03
15.250000 2.415632e-03
15.500000 2.151633e-03
15.750000 1.902446e-03
16.000000 1.680954e-03
16.250000 1.502107e-03
16.500000 1.380790e-03
16.750000 1.326593e-03
17.000000 1.337779e-03
17.250000 1.400642e-03
17.500000 1.495623e-03
17.750000 1.604069e-03
18.000000 1.711297e-03
18.250000 1.806759e-03
18.500000 1.883204e-03
18.750000 1.935805e-03
19.000000 1.961522e-03
19.250000 1.958660e-03
19.500000 1.926589e-03
19.750000 1.865545e-03
20.000000 1.776504e-03
20.250000 1.661087e-03
20.500000 1.521507e-03
20.750000 1.360552e-03
21.000000 1.181643e-03
21.250000 9.890766e-04
21.500000 7.887427e-04
21.750000 5.904528e-04
22.000000 4.162553e-04
22.250000 3.244414e-04
22.500000 3.837645e-04
22.750000 5.435099e-04
23.000000 7.345733e-04
23.250000 9.297556e-04
23.500000 1.118141e-03
23.750000 1.293939e-03
24.000000 1.453374e-03
24.250000 1.593722e-03
24.500000 1.712966e-03
24.750000 1.809666e-03
25.000000 1.882904e-03
25.250000 1.932271e-03
25.500000 1.957863e-03
25.750000 1.960290e-03
26.000000 1.940688e-03
26.250000 1.900750e-03
26.500000 1.842759e-03
26.750000 1.769641e-03
27.000000 1.685048e-03
27.250000 1.593441e-03
27.500000 1.500187e-03
27.750000 1.411583e-03
28.000000 1.334691e-03
28.250000 1.276779e-03
28.500000 1.244207e-03
28.750000 1.240921e-03
29.000000 1.267261e-03
29.250000 1.319870e-03
29.500000 1.392796e-03
29.750000 1.479022e-03
30.000000 1.571681e-03
30.250000 1.664687e-03
30.500000 1.752941e-03
30.750000 1.832298e-03
31.000000 1.899472e-03
31.250000 1.951909e-03
31.500000 1.987695e-03
31.750000 2.005474e-03
32.000000 2.004383e-03
32.250000 1.984002e-03
32.500000 1.944315e-03
32.750000 1.885670e-03
33.000000 1.808747e-03
33.250000 1.714526e-03
33.500000 1.604257e-03
33.750000 1.479426e-03
34.000000 1.341732e-03
34.250000 1.193055e-03
34.500000 1.035445e-03
34.750000 8.711206e-04
35.000000 7.025263e-04
35.250000 5.325653e-04
35.500000 3.655376e-04
35.750000 2.123198e-04
36.000000 1.292110e-04
36.250000 2.109451e-04
36.500000 3.495983e-04
36.750000 4.916714e-04
37.000000 6.273870e-04
37.250000 7.534051e-04
37.500000 8.679435e-04
37.750000 9.698638e-04
38.000000 1.058427e-03
38.250000 1.133211e-03
38.500000 1.194078e-03
38.750000 1.241160e-03
39.000000 1.274847e-03
39.250000 1.295776e-03
39.500000 1.304826e-03
39.750000 1.303099e-03
40.000000 1.291909e-03
40.250000 1.272762e-03
40.500000 1.247326e-03
40.750000 1.217399e-03
41.000000 1.184859e-03
41.250000 1.151598e-03
41.500000 1.119441e-03
41.750000 1.090039e-03
42.000000 1.064756e-03
42.250000 1.044559e-03
42.500000 1.029932e-03
42.750000 1.020843e-03
43.000000 1.016768e-03
43.250000 1.016785e-03
43.500000 1.019697e-03
43.750000 1.024182e-03
44.000000 1.028918e-03
44.250000 1.032696e-03
44.500000 1.034495e-03
44.750000 1.033530e-03
45.000000 1.029276e-03
45.250000 1.021479e-03
45.500000 1.010156e-03
45.750000 9.955812e-04
46.000000 9.782700e-04
46.250000 9.589568e-04
46.500000 9.385611e-04
46.750000 9.181440e-04
47.000000 8.988500e-04
47.250000 8.818312e-04
47.500000 8.681580e-04
47.750000 8.587205e-04
48.000000 8.541371e-04
48.250000 8.546877e-04
48.500000 8.602877e-04
48.750000 8.705104e-04
49.000000 8.846520e-04
49.250000 9.018224e-04
49.500000 9.210428e-04
49.750000 9.413339e-04
50.000000 9.617849e-04
