-50.000000 7.516673e-03
-49.750000 7.550017e-03
-49.500000 7.574870e-03
-49.250000 7.591254e-03
-49.000000 7.599214e-03
-48.750000 7.598824e-03
-48.500000 7.590189e-03
-48.250000 7.573441e-03
-48.000000 7.548748e-03
-47.750000 7.516311e-03
-47.500000 7.476366e-03
-47.250000 7.429192e-03
-47.000000 7.375106e-03
-46.750000 7.314469e-03
-46.500000 7.247693e-03
-46.250000 7.175237e-03
-46.000000 7.097613e-03
-45.750000 7.015392e-03
-45.500000 6.929206e-03
-45.250000 6.839749e-03
-45.000000 6.747784e-03
-44.750000 6.654144e-03
-44.500000 6.559737e-03
-44.250000 6.465542e-03
-44.000000 6.372614e-03
-43.750000 6.282083e-03
-43.500000 6.195143e-03
-43.250000 6.113051e-03
-43.000000 6.037114e-03
-42.750000 5.968672e-03
-42.500000 5.909076e-03
-42.250000 5.859667e-03
-42.000000 5.821744e-03
-41.750000 5.796528e-03
-41.500000 5.785133e-03
-41.250000 5.788524e-03
-41.000000 5.807492e-03
-40.750000 5.842622e-03
-40.500000 5.894279e-03
-40.250000 5.962595e-03
-40.000000 6.047474e-03
-39.750000 6.148598e-03
-39.500000 6.265450e-03
-39.250000 6.397336e-03
-39.000000 6.543416e-03
-38.750000 6.702731e-03
-38.500000 6.874238e-03
-38.250000 7.056828e-03
-38.000000 7.249360e-03
-37.750000 7.450673e-03
-37.500000 7.659609e-03
-37.250000 7.875019e-03
-37.000000 8.095779e-03
-36.750000 8.320790e-03
-36.500000 8.548990e-03
-36.250000 8.779349e-03
-36.000000 9.010875e-03
-35.750000 9.242615e-03
-35.500000 9.473652e-03
-35.250000 9.703103e-03
-35.000000 9.930124e-03
-34.750000 1.015390e-02
-34.500000 1.037365e-02
-34.250000 1.058863e-02
-34.000000 1.079812e-02
-33.750000 1.100142e-02
-33.500000 1.119788e-02
-33.250000 1.138686e-02
-33.000000 1.156775e-02
-32.750000 1.173997e-02
-32.500000 1.190295e-02
-32.250000 1.205617e-02
-32.000000 1.219912e-02
-31.750000 1.233131e-02
-31.500000 1.245228e-02
-31.250000 1.256161e-02
-31.000000 1.265888e-02
-30.750000 1.274371e-02
-30.500000 1.281575e-02
-30.250000 1.287466e-02
-30.000000 1.292015e-02
-29.750000 1.295194e-02
-29.500000 1.296980e-02
-29.250000 1.297351e-02
-29.000000 1.296289e-02
-28.750000 1.293779e-02
-28.500000 1.289812e-02
-28.250000 1.284380e-02
-28.000000 1.277479e-02
-27.750000 1.269112e-02
-27.500000 1.259284e-02
-27.250000 1.248006e-02
-27.000000 1.235294e-02
-26.750000 1.221172e-02
-26.500000 1.205666e-02
-26.250000 1.188814e-02
-26.000000 1.170660e-02
-25.750000 1.151255e-02
-25.500000 1.130663e-02
-25.250000 1.108958e-02
-25.000000 1.086226e-02
-24.750000 1.062569e-02
-24.500000 1.038103e-02
-24.250000 1.012967e-02
-24.000000 9.873168e-03
-23.750000 9.613371e-03
-23.500000 9.352385e-03
-23.250000 9.092638e-03
-23.000000 8.836916e-03
-22.750000 8.588393e-03
-22.500000 8.350657e-03
-22.250000 8.127727e-03
-22.000000 7.924032e-03
-21.750000 7.744361e-03
-21.500000 7.593762e-03
-21.250000 7.477376e-03
-21.000000 7.400212e-03
-20.750000 7.366872e-03
-20.500000 7.381257e-03
-20.250000 7.446299e-03
-20.000000 7.563767e-03
-19.750000 7.734182e-03
-19.500000 7.956864e-03
-19.250000 8.230084e-03
-19.000000 8.551293e-03
-18.750000 8.917374e-03
-18.500000 9.324881e-03
-18.250000 9.770248e-03
-18.000000 1.024993e-02
-17.750000 1.076054e-02
-17.500000 1.129885e-02
-17.250000 1.186188e-02
-17.000000 1.244689e-02
-16.750000 1.305136e-02
-16.500000 1.367298e-02
-16.250000 1.430964e-02
-16.000000 1.495941e-02
-15.750000 1.562050e-02
-15.500000 1.629125e-02
-15.250000 1.697015e-02
-15.000000 1.765575e-02
-14.750000 1.834671e-02
-14.500000 1.904177e-02
-14.250000 1.973972e-02
-14.000000 2.043943e-02
-13.750000 2.113980e-02
-13.500000 2.183979e-02
-13.250000 2.253839e-02
-13.000000 2.323464e-02
-12.750000 2.392761e-02
-12.500000 2.461637e-02
-12.250000 2.530007e-02
-12.000000 2.597784e-02
-11.750000 2.664885e-02
-11.500000 2.731231e-02
-11.250000 2.796741e-02
-11.000000 2.861340e-02
-10.750000 2.924954e-02
-10.500000 2.987510e-02
-10.250000 3.048937e-02
-10.000000 3.109168e-02
-9.750000 3.168134e-02
-9.500000 3.225773e-02
-9.250000 3.282020e-02
-9.000000 3.336815e-02
-8.750000 3.390099e-02
-8.500000 3.441815e-02
-8.250000 3.491909e-02
-8.000000 3.540327e-02
-7.750000 3.587018e-02
-7.500000 3.631934e-02
-7.250000 3.675029e-02
-7.000000 3.716256e-02
-6.750000 3.755575e-02
-6.500000 3.792946e-02
-6.250000 3.828329e-02
-6.000000 3.861690e-02
-5.750000 3.892995e-02
-5.500000 3.922213e-02
-5.250000 3.949315e-02
-5.000000 3.974275e-02
-4.750000 3.997069e-02
-4.500000 4.017676e-02
-4.250000 4.036075e-02
-4.000000 4.052251e-02
-3.750000 4.066189e-02
-3.500000 4.077877e-02
-3.250000 4.087306e-02
-3.000000 4.094468e-02
-2.750000 4.099360e-02
-2.500000 4.101978e-02
-2.250000 4.102324e-02
-2.000000 4.100401e-02
-1.750000 4.096213e-02
-1.500000 4.089769e-02
-1.250000 4.081079e-02
-1.000000 4.070155e-02
-0.750000 4.057013e-02
-0.500000 4.041670e-02
-0.250000 4.024145e-02
0.000000 4.004462e-02
0.250000 3.982644e-02
0.500000 3.958719e-02
0.750000 3.932715e-02
1.000000 3.904663e-02
1.250000 3.874598e-02
1.500000 3.842555e-02
1.750000 3.808571e-02
2.000000 3.772688e-02
2.250000 3.734946e-02
2.500000 3.695389e-02
2.750000 3.654065e-02
3.000000 3.611020e-02
3.250000 3.566305e-02
3.500000 3.519971e-02
3.750000 3.472071e-02
4.000000 3.422662e-02
4.250000 3.371799e-02
4.500000 3.319543e-02
4.750000 3.265952e-02
5.000000 3.211089e-02
5.250000 3.155018e-02
5.500000 3.097803e-02
5.750000 3.039512e-02
6.000000 2.980211e-02
6.250000 2.919971e-02
6.500000 2.858863e-02
6.750000 2.796958e-02
7.000000 2.734331e-02
7.250000 2.671056e-02
7.500000 2.607211e-02
7.750000 2.542873e-02
8.000000 2.478121e-02
8.250000 2.413038e-02
8.500000 2.347704e-02
8.750000 2.282206e-02
9.000000 2.216628e-02
9.250000 2.151058e-02
9.500000 2.085587e-02
9.750000 2.020306e-02
10.000000 1.955310e-02
10.250000 1.890697e-02
10.500000 1.826566e-02
10.750000 1.763022e-02
11.000000 1.700170e-02
11.250000 1.638123e-02
11.500000 1.576995e-02
11.750000 1.516907e-02
12.000000 1.457986e-02
12.250000 1.400363e-02
12.500000 1.344177e-02
12.750000 1.289573e-02
13.000000 1.236704e-02
13.250000 1.185730e-02
13.500000 1.136818e-02
13.750000 1.090141e-02
14.000000 1.045879e-02
14.250000 1.004213e-02
14.500000 9.653256e-03
14.750000 9.293942e-03
15.000000 8.965870e-03
15.250000 8.670556e-03
15.500000 8.409268e-03
15.750000 8.182949e-03
16.000000 7.992131e-03
16.250000 7.836865e-03
16.500000 7.716672e-03
16.750000 7.630524e-03
17.000000 7.576857e-03
17.250000 7.553625e-03
17.500000 7.558376e-03
17.750000 7.588351e-03
18.000000 7.640595e-03
18.250000 7.712057e-03
18.500000 7.799689e-03
18.750000 7.900520e-03
19.000000 8.011715e-03
19.250000 8.130619e-03
19.500000 8.254780e-03
19.750000 8.381958e-03
20.000000 8.510133e-03
20.250000 8.637491e-03
20.500000 8.762421e-03
20.750000 8.883500e-03
21.000000 8.999474e-03
21.250000 9.109252e-03
21.500000 9.211882e-03
21.750000 9.306545e-03
22.000000 9.392541e-03
22.250000 9.469273e-03
22.500000 9.536242e-03
22.750000 9.593034e-03
23.000000 9.639316e-03
23.250000 9.674824e-03
23.500000 9.699359e-03
23.750000 9.712783e-03
24.000000 9.715008e-03
24.250000 9.705999e-03
24.500000 9.685766e-03
24.750000 9.654360e-03
25.000000 9.611871e-03
25.250000 9.558427e-03
25.500000 9.494189e-03
25.750000 9.419349e-03
26.000000 9.334130e-03
26.250000 9.238783e-03
26.500000 9.133586e-03
26.750000 9.018842e-03
27.000000 8.894880e-03
27.250000 8.762051e-03
27.500000 8.620729e-03
27.750000 8.471312e-03
28.000000 8.314219e-03
28.250000 8.149890e-03
28.500000 7.978789e-03
28.750000 7.801400e-03
29.000000 7.618231e-03
29.250000 7.429813e-03
29.500000 7.236700e-03
29.750000 7.039475e-03
30.000000 6.838746e-03
30.250000 6.635151e-03
30.500000 6.429361e-03
30.750000 6.222082e-03
31.000000 6.014058e-03
31.250000 5.806078e-03
31.500000 5.598975e-03
31.750000 5.393638e-03
32.000000 5.191012e-03
32.250000 4.992102e-03
32.500000 4.797983e-03
32.750000 4.609798e-03
33.000000 4.428761e-03
33.250000 4.256152e-03
33.500000 4.093308e-03
33.750000 3.941608e-03
34.000000 3.802442e-03
34.250000 3.677176e-03
34.500000 3.567096e-03
34.750000 3.473346e-03
35.000000 3.396858e-03
35.250000 3.338280e-03
35.500000 3.297916e-03
35.750000 3.275684e-03
36.000000 3.271106e-03
36.250000 3.283328e-03
36.500000 3.311165e-03
36.750000 3.353179e-03
37.000000 3.407755e-03
37.250000 3.473181e-03
37.500000 3.547724e-03
37.750000 3.629683e-03
38.000000 3.717436e-03
38.250000 3.809462e-03
38.500000 3.904363e-03
38.750000 4.000863e-03
39.000000 4.097813e-03
39.250000 4.194182e-03
39.500000 4.289052e-03
39.750000 4.381607e-03
40.000000 4.471126e-03
40.250000 4.556973e-03
40.500000 4.638587e-03
40.750000 4.715476e-03
41.000000 4.787212e-03
41.250000 4.853419e-03
41.500000 4.913775e-03
41.750000 4.968002e-03
42.000000 5.015862e-03
42.250000 5.057157e-03
42.500000 5.091723e-03
42.750000 5.119427e-03
43.000000 5.140168e-03
43.250000 5.153869e-03
43.500000 5.160481e-03
43.750000 5.159978e-03
44.000000 5.152358e-03
44.250000 5.137638e-03
44.500000 5.115855e-03
44.750000 5.087067e-03
45.000000 5.051348e-03
45.250000 5.008791e-03
45.500000 4.959503e-03
45.750000 4.903607e-03
46.000000 4.841242e-03
46.250000 4.772561e-03
46.500000 4.697731e-03
46.750000 4.616929e-03
47.000000 4.530350e-03
47.250000 4.438196e-03
47.500000 4.340685e-03
47.750000 4.238044e-03
48.000000 4.130512e-03
48.250000 4.018341e-03
48.500000 3.901793e-03
48.750000 3.781140e-03
49.000000 3.656669e-03
49.250000 3.528678e-03
49.500000 3.397478e-03
49.750000 3.263394e-03
50.000000 3.126768e-03
