-50.000000 4.918210e-03
-49.750000 5.032878e-03
-49.500000 5.167544e-03
-49.250000 5.320695e-03
-49.000000 5.490720e-03
-48.750000 5.675965e-03
-48.500000 5.874789e-03
-48.250000 6.085598e-03
-48.000000 6.306872e-03
-47.750000 6.537177e-03
-47.500000 6.775172e-03
-47.250000 7.019611e-03
-47.000000 7.269342e-03
-46.750000 7.523298e-03
-46.500000 7.780493e-03
-46.250000 8.040016e-03
-46.000000 8.301021e-03
-45.750000 8.562723e-03
-45.500000 8.824389e-03
-45.250000 9.085335e-03
-45.000000 9.344919e-03
-44.750000 9.602536e-03
-44.500000 9.857615e-03
-44.250000 1.010962e-02
-44.000000 1.035803e-02
-43.750000 1.060236e-02
-43.500000 1.084214e-02
-43.250000 1.107692e-02
-43.000000 1.130628e-02
-42.750000 1.152981e-02
-42.500000 1.174710e-02
-42.250000 1.195777e-02
-42.000000 1.216147e-02
-41.750000 1.235782e-02
-41.500000 1.254648e-02
-41.250000 1.272713e-02
-41.000000 1.289944e-02
-40.750000 1.306311e-02
-40.500000 1.321783e-02
-40.250000 1.336331e-02
-40.000000 1.349928e-02
-39.750000 1.362547e-02
-39.500000 1.374162e-02
-39.250000 1.384748e-02
-39.000000 1.394282e-02
-38.750000 1.402740e-02
-38.500000 1.410102e-02
-38.250000 1.416346e-02
-38.000000 1.421453e-02
-37.750000 1.425405e-02
-37.500000 1.428185e-02
-37.250000 1.429776e-02
-37.000000 1.430164e-02
-36.750000 1.429335e-02
-36.500000 1.427277e-02
-36.250000 1.423979e-02
-36.000000 1.419432e-02
-35.750000 1.413628e-02
-35.500000 1.406560e-02
-35.250000 1.398225e-02
-35.000000 1.388618e-02
-34.750000 1.377739e-02
-34.500000 1.365589e-02
-34.250000 1.352172e-02
-34.000000 1.337492e-02
-33.750000 1.321558e-02
-33.500000 1.304381e-02
-33.250000 1.285975e-02
-33.000000 1.266357e-02
-32.750000 1.245549e-02
-32.500000 1.223576e-02
-32.250000 1.200468e-02
-32.000000 1.176262e-02
-31.750000 1.150999e-02
-31.500000 1.124728e-02
-31.250000 1.097507e-02
-31.000000 1.069404e-02
-30.750000 1.040496e-02
-30.500000 1.010876e-02
-30.250000 9.806505e-03
-30.000000 9.499460e-03
-29.750000 9.189102e-03
-29.500000 8.877174e-03
-29.250000 8.565724e-03
-29.000000 8.257164e-03
-28.750000 7.954331e-03
-28.500000 7.660549e-03
-28.250000 7.379689e-03
-28.000000 7.116216e-03
-27.750000 6.875200e-03
-27.500000 6.662278e-03
-27.250000 6.483530e-03
-27.000000 6.345241e-03
-26.750000 6.253551e-03
-26.500000 6.213998e-03
-26.250000 6.231030e-03
-26.000000 6.307584e-03
-25.750000 6.444835e-03
-25.500000 6.642186e-03
-25.250000 6.897486e-03
-25.000000 7.207410e-03
-24.750000 7.567896e-03
-24.500000 7.974544e-03
-24.250000 8.422937e-03
-24.000000 8.908854e-03
-23.750000 9.428398e-03
-23.500000 9.978046e-03
-23.250000 1.055467e-02
-23.000000 1.115550e-02
-22.750000 1.177810e-02
-22.500000 1.242035e-02
-22.250000 1.308035e-02
-22.000000 1.375644e-02
-21.750000 1.444715e-02
-21.500000 1.515114e-02
-21.250000 1.586722e-02
-21.000000 1.659431e-02
-20.750000 1.733142e-02
-20.500000 1.807762e-02
-20.250000 1.883207e-02
-20.000000 1.959398e-02
-19.750000 2.036259e-02
-19.500000 2.113719e-02
-19.250000 2.191711e-02
-19.000000 2.270170e-02
-18.750000 2.349034e-02
-18.500000 2.428241e-02
-18.250000 2.507735e-02
-18.000000 2.587457e-02
-17.750000 2.667353e-02
-17.500000 2.747368e-02
-17.250000 2.827448e-02
-17.000000 2.907541e-02
-16.750000 2.987596e-02
-16.500000 3.067562e-02
-16.250000 3.147388e-02
-16.000000 3.227025e-02
-15.750000 3.306425e-02
-15.500000 3.385539e-02
-15.250000 3.464318e-02
-15.000000 3.542717e-02
-14.750000 3.620688e-02
-14.500000 3.698184e-02
-14.250000 3.775161e-02
-14.000000 3.851572e-02
-13.750000 3.927373e-02
-13.500000 4.002519e-02
-13.250000 4.076967e-02
-13.000000 4.150673e-02
-12.750000 4.223594e-02
-12.500000 4.295688e-02
-12.250000 4.366914e-02
-12.000000 4.437230e-02
-11.750000 4.506594e-02
-11.500000 4.574968e-02
-11.250000 4.642312e-02
-11.000000 4.708587e-02
-10.750000 4.773754e-02
-10.500000 4.837776e-02
-10.250000 4.900616e-02
-10.000000 4.962238e-02
-9.750000 5.022606e-02
-9.500000 5.081685e-02
-9.250000 5.139442e-02
-9.000000 5.195843e-02
-8.750000 5.250856e-02
-8.500000 5.304448e-02
-8.250000 5.356590e-02
-8.000000 5.407250e-02
-7.750000 5.456399e-02
-7.500000 5.504010e-02
-7.250000 5.550054e-02
-7.000000 5.594506e-02
-6.750000 5.637339e-02
-6.500000 5.678528e-02
-6.250000 5.718051e-02
-6.000000 5.755883e-02
-5.750000 5.792003e-02
-5.500000 5.826391e-02
-5.250000 5.859026e-02
-5.000000 5.889889e-02
-4.750000 5.918963e-02
-4.500000 5.946231e-02
-4.250000 5.971676e-02
-4.000000 5.995285e-02
-3.750000 6.017043e-02
-3.500000 6.036938e-02
-3.250000 6.054958e-02
-3.000000 6.071093e-02
-2.750000 6.085334e-02
-2.500000 6.097672e-02
-2.250000 6.108100e-02
-2.000000 6.116612e-02
-1.750000 6.123204e-02
-1.500000 6.127870e-02
-1.250000 6.130609e-02
-1.000000 6.131420e-02
-0.750000 6.130300e-02
-0.500000 6.127252e-02
-0.250000 6.122277e-02
0.000000 6.115378e-02
0.250000 6.106558e-02
0.500000 6.095824e-02
0.750000 6.083180e-02
1.000000 6.068636e-02
1.250000 6.052198e-02
1.500000 6.033876e-02
1.750000 6.013682e-02
2.000000 5.991626e-02
2.250000 5.967722e-02
2.500000 5.941984e-02
2.750000 5.914426e-02
3.000000 5.885064e-02
3.250000 5.853915e-02
3.500000 5.820998e-02
3.750000 5.786332e-02
4.000000 5.749936e-02
4.250000 5.711832e-02
4.500000 5.672041e-02
4.750000 5.630587e-02
5.000000 5.587494e-02
5.250000 5.542787e-02
5.500000 5.496491e-02
5.750000 5.448633e-02
6.000000 5.399242e-02
6.250000 5.348345e-02
6.500000 5.295973e-02
6.750000 5.242155e-02
7.000000 5.186922e-02
7.250000 5.130307e-02
7.500000 5.072342e-02
7.750000 5.013061e-02
8.000000 4.952498e-02
8.250000 4.890689e-02
8.500000 4.827668e-02
8.750000 4.763473e-02
9.000000 4.698141e-02
9.250000 4.631710e-02
9.500000 4.564218e-02
9.750000 4.495705e-02
10.000000 4.426210e-02
10.250000 4.355774e-02
10.500000 4.284438e-02
10.750000 4.212243e-02
11.000000 4.139233e-02
11.250000 4.065450e-02
11.500000 3.990937e-02
11.750000 3.915739e-02
12.000000 3.839899e-02
12.250000 3.763463e-02
12.500000 3.686477e-02
12.750000 3.608987e-02
13.000000 3.531039e-02
13.250000 3.452681e-02
13.500000 3.373960e-02
13.750000 3.294926e-02
14.000000 3.215627e-02
14.250000 3.136114e-02
14.500000 3.056436e-02
14.750000 2.976644e-02
15.000000 2.896792e-02
15.250000 2.816932e-02
15.500000 2.737117e-02
15.750000 2.657404e-02
16.000000 2.577848e-02
16.250000 2.498506e-02
16.500000 2.419439e-02
16.750000 2.340708e-02
17.000000 2.262374e-02
17.250000 2.184505e-02
17.500000 2.107167e-02
17.750000 2.030433e-02
18.000000 1.954378e-02
18.250000 1.879080e-02
18.500000 1.804624e-02
18.750000 1.731100e-02
19.000000 1.658605e-02
19.250000 1.587244e-02
19.500000 1.517132e-02
19.750000 1.448392e-02
20.000000 1.381165e-02
20.250000 1.315603e-02
20.500000 1.251877e-02
20.750000 1.190178e-02
21.000000 1.130720e-02
21.250000 1.073742e-02
21.500000 1.019512e-02
21.750000 9.683271e-03
22.000000 9.205144e-03
22.250000 8.764270e-03
22.500000 8.364381e-03
22.750000 8.009287e-03
23.000000 7.702689e-03
23.250000 7.447930e-03
23.500000 7.247695e-03
23.750000 7.103704e-03
24.000000 7.016443e-03
24.250000 6.985011e-03
24.500000 7.007109e-03
24.750000 7.079193e-03
25.000000 7.196752e-03
25.250000 7.354654e-03
25.500000 7.547490e-03
25.750000 7.769869e-03
26.000000 8.016640e-03
26.250000 8.283034e-03
26.500000 8.564736e-03
26.750000 8.857914e-03
27.000000 9.159201e-03
27.250000 9.465663e-03
27.500000 9.774762e-03
27.750000 1.008431e-02
28.000000 1.039241e-02
28.250000 1.069745e-02
28.500000 1.099802e-02
28.750000 1.129291e-02
29.000000 1.158109e-02
29.250000 1.186165e-02
29.500000 1.213382e-02
29.750000 1.239693e-02
30.000000 1.265039e-02
30.250000 1.289372e-02
30.500000 1.312647e-02
30.750000 1.334828e-02
31.000000 1.355882e-02
31.250000 1.375784e-02
31.500000 1.394510e-02
31.750000 1.412042e-02
32.000000 1.428364e-02
32.250000 1.443464e-02
32.500000 1.457332e-02
32.750000 1.469961e-02
33.000000 1.481347e-02
33.250000 1.491489e-02
33.500000 1.500384e-02
33.750000 1.508036e-02
34.000000 1.514447e-02
34.250000 1.519623e-02
34.500000 1.523571e-02
34.750000 1.526298e-02
35.000000 1.527816e-02
35.250000 1.528133e-02
35.500000 1.527264e-02
35.750000 1.525221e-02
36.000000 1.522020e-02
36.250000 1.517676e-02
36.500000 1.512206e-02
36.750000 1.505629e-02
37.000000 1.497964e-02
37.250000 1.489231e-02
37.500000 1.479452e-02
37.750000 1.468647e-02
38.000000 1.456841e-02
38.250000 1.444058e-02
38.500000 1.430322e-02
38.750000 1.415659e-02
39.000000 1.400096e-02
39.250000 1.383660e-02
39.500000 1.366380e-02
39.750000 1.348285e-02
40.000000 1.329404e-02
40.250000 1.309770e-02
40.500000 1.289414e-02
40.750000 1.268368e-02
41.000000 1.246666e-02
41.250000 1.224343e-02
41.500000 1.201435e-02
41.750000 1.177977e-02
42.000000 1.154009e-02
42.250000 1.129567e-02
42.500000 1.104694e-02
42.750000 1.079429e-02
43.000000 1.053816e-02
43.250000 1.027899e-02
43.500000 1.001725e-02
43.750000 9.753399e-03
44.000000 9.487953e-03
44.250000 9.221429e-03
44.500000 8.954376e-03
44.750000 8.687368e-03
45.000000 8.421012e-03
45.250000 8.155952e-03
45.500000 7.892867e-03
45.750000 7.632482e-03
46.000000 7.375569e-03
46.250000 7.122953e-03
46.500000 6.875514e-03
46.750000 6.634196e-03
47.000000 6.400006e-03
47.250000 6.174018e-03
47.500000 5.957372e-03
47.750000 5.751272e-03
48.000000 5.556972e-03
48.250000 5.375769e-03
48.500000 5.208972e-03
48.750000 5.057879e-03
49.000000 4.923731e-03
49.250000 4.807666e-03
49.500000 4.710664e-03
49.750000 4.633488e-03
50.000000 4.576638e-03
