-50.000000 1.264392e-02
-49.750000 1.256866e-02
-49.500000 1.247751e-02
-49.250000 1.237157e-02
-49.000000 1.225212e-02
-48.750000 1.212061e-02
-48.500000 1.197867e-02
-48.250000 1.182812e-02
-48.000000 1.167096e-02
-47.750000 1.150938e-02
-47.500000 1.134576e-02
-47.250000 1.118264e-02
-47.000000 1.102275e-02
-46.750000 1.086893e-02
-46.500000 1.072412e-02
-46.250000 1.059132e-02
-46.000000 1.047354e-02
-45.750000 1.037368e-02
-45.500000 1.029451e-02
-45.250000 1.023855e-02
-45.000000 1.020796e-02
-44.750000 1.020448e-02
-44.500000 1.022937e-02
-44.250000 1.028332e-02
-44.000000 1.036644e-02
-43.750000 1.047824e-02
-43.500000 1.061770e-02
-43.250000 1.078327e-02
-43.000000 1.097297e-02
-42.750000 1.118445e-02
-42.500000 1.141509e-02
-42.250000 1.166208e-02
-42.000000 1.192245e-02
-41.750000 1.219321e-02
-41.500000 1.247134e-02
-41.250000 1.275388e-02
-41.000000 1.303790e-02
-40.750000 1.332062e-02
-40.500000 1.359932e-02
-40.250000 1.387146e-02
-40.000000 1.413459e-02
-39.750000 1.438643e-02
-39.500000 1.462485e-02
-39.250000 1.484784e-02
-39.000000 1.505357e-02
-38.750000 1.524034e-02
-38.500000 1.540663e-02
-38.250000 1.555104e-02
-38.000000 1.567236e-02
-37.750000 1.576953e-02
-37.500000 1.584166e-02
-37.250000 1.588801e-02
-37.000000 1.590805e-02
-36.750000 1.590142e-02
-36.500000 1.586795e-02
-36.250000 1.580768e-02
-36.000000 1.572088e-02
-35.750000 1.560803e-02
-35.500000 1.546990e-02
-35.250000 1.530748e-02
-35.000000 1.512210e-02
-34.750000 1.491539e-02
-34.500000 1.468934e-02
-34.250000 1.444632e-02
-34.000000 1.418913e-02
-33.750000 1.392104e-02
-33.500000 1.364579e-02
-33.250000 1.336771e-02
-33.000000 1.309165e-02
-32.750000 1.282306e-02
-32.500000 1.256798e-02
-32.250000 1.233296e-02
-32.000000 1.212497e-02
-31.750000 1.195127e-02
-31.500000 1.181915e-02
-31.250000 1.173565e-02
-31.000000 1.170721e-02
-30.750000 1.173928e-02
-30.500000 1.183600e-02
-30.250000 1.199994e-02
-30.000000 1.223197e-02
-29.750000 1.253126e-02
-29.500000 1.289544e-02
-29.250000 1.332087e-02
-29.000000 1.380287e-02
-28.750000 1.433611e-02
-28.500000 1.491486e-02
-28.250000 1.553317e-02
-28.000000 1.618515e-02
-27.750000 1.686498e-02
-27.500000 1.756709e-02
-27.250000 1.828614e-02
-27.000000 1.901704e-02
-26.750000 1.975502e-02
-26.500000 2.049555e-02
-26.250000 2.123436e-02
-26.000000 2.196743e-02
-25.750000 2.269097e-02
-25.500000 2.340142e-02
-25.250000 2.409541e-02
-25.000000 2.476976e-02
-24.750000 2.542152e-02
-24.500000 2.604788e-02
-24.250000 2.664625e-02
-24.000000 2.721420e-02
-23.750000 2.774951e-02
-23.500000 2.825014e-02
-23.250000 2.871424e-02
-23.000000 2.914017e-02
-22.750000 2.952652e-02
-22.500000 2.987209e-02
-22.250000 3.017591e-02
-22.000000 3.043730e-02
-21.750000 3.065584e-02
-21.500000 3.083138e-02
-21.250000 3.096414e-02
-21.000000 3.105463e-02
-20.750000 3.110377e-02
-20.500000 3.111289e-02
-20.250000 3.108372e-02
-20.000000 3.101851e-02
-19.750000 3.092000e-02
-19.500000 3.079153e-02
-19.250000 3.063702e-02
-19.000000 3.046104e-02
-18.750000 3.026888e-02
-18.500000 3.006656e-02
-18.250000 2.986085e-02
-18.000000 2.965932e-02
-17.750000 2.947029e-02
-17.500000 2.930284e-02
-17.250000 2.916670e-02
-17.000000 2.907213e-02
-16.750000 2.902976e-02
-16.500000 2.905038e-02
-16.250000 2.914461e-02
-16.000000 2.932264e-02
-15.750000 2.959387e-02
-15.500000 2.996658e-02
-15.250000 3.044764e-02
-15.000000 3.104229e-02
-14.750000 3.175401e-02
-14.500000 3.258450e-02
-14.250000 3.353367e-02
-14.000000 3.459986e-02
-13.750000 3.577999e-02
-13.500000 3.706982e-02
-13.250000 3.846416e-02
-13.000000 3.995712e-02
-12.750000 4.154231e-02
-12.500000 4.321306e-02
-12.250000 4.496247e-02
-12.000000 4.678363e-02
-11.750000 4.866962e-02
-11.500000 5.061362e-02
-11.250000 5.260893e-02
-11.000000 5.464901e-02
-10.750000 5.672745e-02
-10.500000 5.883806e-02
-10.250000 6.097478e-02
-10.000000 6.313173e-02
-9.750000 6.530320e-02
-9.500000 6.748364e-02
-9.250000 6.966763e-02
-9.000000 7.184992e-02
-8.750000 7.402540e-02
-8.500000 7.618907e-02
-8.250000 7.833609e-02
-8.000000 8.046174e-02
-7.750000 8.256142e-02
-7.500000 8.463066e-02
-7.250000 8.666513e-02
-7.000000 8.866059e-02
-6.750000 9.061296e-02
-6.500000 9.251828e-02
-6.250000 9.437272e-02
-6.000000 9.617256e-02
-5.750000 9.791423e-02
-5.500000 9.959432e-02
-5.250000 1.012095e-01
-5.000000 1.027567e-01
-4.750000 1.042328e-01
-4.500000 1.056350e-01
-4.250000 1.069606e-01
-4.000000 1.082070e-01
-3.750000 1.093718e-01
-3.500000 1.104529e-01
-3.250000 1.114482e-01
-3.000000 1.123556e-01
-2.750000 1.131736e-01
-2.500000 1.139005e-01
-2.250000 1.145350e-01
-2.000000 1.150759e-01
-1.750000 1.155220e-01
-1.500000 1.158727e-01
-1.250000 1.161271e-01
-1.000000 1.162848e-01
-0.750000 1.163455e-01
-0.500000 1.163090e-01
-0.250000 1.161755e-01
0.000000 1.159451e-01
0.250000 1.156183e-01
0.500000 1.151956e-01
0.750000 1.146779e-01
1.000000 1.140660e-01
1.250000 1.133613e-01
1.500000 1.125648e-01
1.750000 1.116783e-01
2.000000 1.107032e-01
2.250000 1.096414e-01
2.500000 1.084950e-01
2.750000 1.072661e-01
3.000000 1.059570e-01
3.250000 1.045702e-01
3.500000 1.031084e-01
3.750000 1.015743e-01
4.000000 9.997083e-02
4.250000 9.830115e-02
4.500000 9.656845e-02
4.750000 9.477610e-02
5.000000 9.292761e-02
5.250000 9.102661e-02
5.500000 8.907688e-02
5.750000 8.708230e-02
6.000000 8.504690e-02
6.250000 8.297483e-02
6.500000 8.087035e-02
6.750000 7.873787e-02
7.000000 7.658189e-02
7.250000 7.440706e-02
7.500000 7.221813e-02
7.750000 7.002001e-02
8.000000 6.781772e-02
8.250000 6.561641e-02
8.500000 6.342140e-02
8.750000 6.123812e-02
9.000000 5.907219e-02
9.250000 5.692936e-02
9.500000 5.481557e-02
9.750000 5.273693e-02
10.000000 5.069973e-02
10.250000 4.871042e-02
10.500000 4.677564e-02
10.750000 4.490217e-02
11.000000 4.309694e-02
11.250000 4.136695e-02
11.500000 3.971920e-02
11.750000 3.816064e-02
12.000000 3.669800e-02
12.250000 3.533763e-02
12.500000 3.408534e-02
12.750000 3.294612e-02
13.000000 3.192392e-02
13.250000 3.102137e-02
13.500000 3.023954e-02
13.750000 2.957777e-02
14.000000 2.903351e-02
14.250000 2.860233e-02
14.500000 2.827798e-02
14.750000 2.805259e-02
15.000000 2.791696e-02
15.250000 2.786088e-02
15.500000 2.787350e-02
15.750000 2.794369e-02
16.000000 2.806033e-02
16.250000 2.821265e-02
16.500000 2.839033e-02
16.750000 2.858377e-02
17.000000 2.878410e-02
17.250000 2.898325e-02
17.500000 2.917400e-02
17.750000 2.934994e-02
18.000000 2.950543e-02
18.250000 2.963559e-02
18.500000 2.973623e-02
18.750000 2.980384e-02
19.000000 2.983548e-02
19.250000 2.982878e-02
19.500000 2.978187e-02
19.750000 2.969336e-02
20.000000 2.956229e-02
20.250000 2.938810e-02
20.500000 2.917058e-02
20.750000 2.890988e-02
21.000000 2.860645e-02
21.250000 2.826106e-02
21.500000 2.787473e-02
21.750000 2.744875e-02
22.000000 2.698467e-02
22.250000 2.648426e-02
22.500000 2.594955e-02
22.750000 2.538276e-02
23.000000 2.478635e-02
23.250000 2.416302e-02
23.500000 2.351565e-02
23.750000 2.284740e-02
24.000000 2.216162e-02
24.250000 2.146193e-02
24.500000 2.075222e-02
24.750000 2.003665e-02
25.000000 1.931965e-02
25.250000 1.860600e-02
25.500000 1.790080e-02
25.750000 1.720948e-02
26.000000 1.653782e-02
26.250000 1.589194e-02
26.500000 1.527824e-02
26.750000 1.470332e-02
27.000000 1.417387e-02
27.250000 1.369647e-02
27.500000 1.327733e-02
27.750000 1.292198e-02
28.000000 1.263489e-02
28.250000 1.241914e-02
28.500000 1.227612e-02
28.750000 1.220533e-02
29.000000 1.220434e-02
29.250000 1.226894e-02
29.500000 1.239345e-02
29.750000 1.257102e-02
30.000000 1.279413e-02
30.250000 1.305494e-02
30.500000 1.334563e-02
30.750000 1.365863e-02
31.000000 1.398685e-02
31.250000 1.432372e-02
31.500000 1.466329e-02
31.750000 1.500020e-02
32.000000 1.532968e-02
32.250000 1.564754e-02
32.500000 1.595008e-02
32.750000 1.623409e-02
33.000000 1.649680e-02
33.250000 1.673582e-02
33.500000 1.694913e-02
33.750000 1.713505e-02
34.000000 1.729216e-02
34.250000 1.741937e-02
34.500000 1.751579e-02
34.750000 1.758081e-02
35.000000 1.761401e-02
35.250000 1.761520e-02
35.500000 1.758436e-02
35.750000 1.752167e-02
36.000000 1.742749e-02
36.250000 1.730234e-02
36.500000 1.714692e-02
36.750000 1.696206e-02
37.000000 1.674878e-02
37.250000 1.650823e-02
37.500000 1.624174e-02
37.750000 1.595076e-02
38.000000 1.563693e-02
38.250000 1.530204e-02
38.500000 1.494802e-02
38.750000 1.457702e-02
39.000000 1.419132e-02
39.250000 1.379343e-02
39.500000 1.338604e-02
39.750000 1.297206e-02
40.000000 1.255463e-02
40.250000 1.213715e-02
40.500000 1.172323e-02
40.750000 1.131680e-02
41.000000 1.092199e-02
41.250000 1.054321e-02
41.500000 1.018505e-02
41.750000 9.852242e-03
42.000000 9.549522e-03
42.250000 9.281512e-03
42.500000 9.052509e-03
42.750000 8.866259e-03
43.000000 8.725712e-03
43.250000 8.632799e-03
43.500000 8.588254e-03
43.750000 8.591534e-03
44.000000 8.640832e-03
44.250000 8.733209e-03
44.500000 8.864797e-03
44.750000 9.031061e-03
45.000000 9.227056e-03
45.250000 9.447669e-03
45.500000 9.687823e-03
45.750000 9.942618e-03
46.000000 1.020743e-02
46.250000 1.047799e-02
46.500000 1.075037e-02
46.750000 1.102104e-02
47.000000 1.128682e-02
47.250000 1.154487e-02
47.500000 1.179268e-02
47.750000 1.202804e-02
48.000000 1.224901e-02
48.250000 1.245390e-02
48.500000 1.264126e-02
48.750000 1.280983e-02
49.000000 1.295857e-02
49.250000 1.308662e-02
49.500000 1.319329e-02
49.750000 1.327802e-02
50.000000 1.334045e-02
