-50.000000 1.342333e-03
-49.750000 1.330244e-03
-49.500000 1.348348e-03
-49.250000 1.398066e-03
-49.000000 1.474945e-03
-48.750000 1.570379e-03
-48.500000 1.674047e-03
-48.250000 1.775811e-03
-48.000000 1.866733e-03
-47.750000 1.939487e-03
-47.500000 1.988456e-03
-47.250000 2.009726e-03
-47.000000 2.001063e-03
-46.750000 1.961904e-03
-46.500000 1.893391e-03
-46.250000 1.798444e-03
-46.000000 1.681924e-03
-45.750000 1.550895e-03
-45.500000 1.415016e-03
-45.250000 1.286910e-03
-45.000000 1.181950e-03
-44.750000 1.116128e-03
-44.500000 1.100849e-03
-44.250000 1.136979e-03
-44.000000 1.214068e-03
-43.750000 1.315799e-03
-43.500000 1.425989e-03
-43.250000 1.531452e-03
-43.000000 1.622433e-03
-42.750000 1.692174e-03
-42.500000 1.736391e-03
-42.250000 1.752888e-03
-42.000000 1.741283e-03
-41.750000 1.702833e-03
-41.500000 1.640309e-03
-41.250000 1.557901e-03
-41.000000 1.461144e-03
-40.750000 1.356814e-03
-40.500000 1.252746e-03
-40.250000 1.157404e-03
-40.000000 1.078995e-03
-39.750000 1.023943e-03
-39.500000 9.950840e-04
-39.250000 9.906370e-04
-39.000000 1.004935e-03
-38.750000 1.030598e-03
-38.500000 1.060810e-03
-38.250000 1.090763e-03
-38.000000 1.118202e-03
-37.750000 1.143377e-03
-37.500000 1.168601e-03
-37.250000 1.197505e-03
-37.000000 1.233999e-03
-36.750000 1.281103e-03
-36.500000 1.339931e-03
-36.250000 1.409172e-03
-36.000000 1.485211e-03
-35.750000 1.562732e-03
-35.500000 1.635542e-03
-35.250000 1.697376e-03
-35.000000 1.742606e-03
-34.750000 1.766857e-03
-34.500000 1.767615e-03
-34.250000 1.744905e-03
-34.000000 1.702129e-03
-33.750000 1.647107e-03
-33.500000 1.593140e-03
-33.250000 1.559315e-03
-33.000000 1.568279e-03
-32.750000 1.639994e-03
-32.500000 1.783854e-03
-32.250000 1.995607e-03
-32.000000 2.261187e-03
-31.750000 2.562651e-03
-31.500000 2.881991e-03
-31.250000 3.202570e-03
-31.000000 3.509388e-03
-30.750000 3.789011e-03
-30.500000 4.029499e-03
-30.250000 4.220415e-03
-30.000000 4.352901e-03
-29.750000 4.419794e-03
-29.500000 4.415762e-03
-29.250000 4.337436e-03
-29.000000 4.183528e-03
-28.750000 3.954938e-03
-28.500000 3.654849e-03
-28.250000 3.288866e-03
-28.000000 2.865299e-03
-27.750000 2.395893e-03
-27.500000 1.897994e-03
-27.250000 1.401767e-03
-27.000000 9.771542e-04
-26.750000 8.027668e-04
-26.500000 1.021943e-03
-26.250000 1.449844e-03
-26.000000 1.925271e-03
-25.750000 2.387520e-03
-25.500000 2.809591e-03
-25.250000 3.176012e-03
-25.000000 3.477048e-03
-24.750000 3.707158e-03
-24.500000 3.864749e-03
-24.250000 3.952413e-03
-24.000000 3.977413e-03
-23.750000 3.952273e-03
-23.500000 3.895306e-03
-23.250000 3.830670e-03
-23.000000 3.787154e-03
-22.750000 3.794697e-03
-22.500000 3.878348e-03
-22.250000 4.051579e-03
-22.000000 4.312702e-03
-21.750000 4.646532e-03
-21.500000 5.029570e-03
-21.250000 5.435328e-03
-21.000000 5.837935e-03
-20.750000 6.213993e-03
-20.500000 6.543358e-03
-20.250000 6.809431e-03
-20.000000 6.999278e-03
-19.750000 7.103717e-03
-19.500000 7.117441e-03
-19.250000 7.039168e-03
-19.000000 6.871851e-03
-18.750000 6.622959e-03
-18.500000 6.304856e-03
-18.250000 5.935304e-03
-18.000000 5.538050e-03
-17.750000 5.143265e-03
-17.500000 4.787077e-03
-17.250000 4.508688e-03
-17.000000 4.343234e-03
-16.750000 4.310881e-03
-16.500000 4.408028e-03
-16.250000 4.608000e-03
-16.000000 4.870807e-03
-15.750000 5.154224e-03
-15.500000 5.420625e-03
-15.250000 5.639444e-03
-15.000000 5.787305e-03
-14.750000 5.847378e-03
-14.500000 5.808661e-03
-14.250000 5.665405e-03
-14.000000 5.416708e-03
-13.750000 5.066245e-03
-13.500000 4.622171e-03
-13.250000 4.097258e-03
-13.000000 3.509594e-03
-12.750000 2.884665e-03
-12.500000 2.261332e-03
-12.250000 1.708654e-03
-12.000000 1.360019e-03
-11.750000 1.373669e-03
-11.500000 1.699434e-03
-11.250000 2.144982e-03
-11.000000 2.588105e-03
-10.750000 2.970710e-03
-10.500000 3.264622e-03
-10.250000 3.459816e-03
-10.000000 3.564299e-03
-9.750000 3.610490e-03
-9.500000 3.665508e-03
-9.250000 3.836737e-03
-9.000000 4.252265e-03
-8.750000 5.010254e-03
-8.500000 6.144061e-03
-8.250000 7.638165e-03
-8.000000 9.460343e-03
-7.750000 1.157857e-02
-7.500000 1.396463e-02
-7.250000 1.659312e-02
-7.000000 1.943980e-02
-6.750000 2.248034e-02
-6.500000 2.568952e-02
-6.250000 2.904076e-02
-6.000000 3.250589e-02
-5.750000 3.605509e-02
-5.500000 3.965685e-02
-5.250000 4.327811e-02
-5.000000 4.688440e-02
-4.750000 5.044006e-02
-4.500000 5.390850e-02
-4.250000 5.725253e-02
-4.000000 6.043471e-02
-3.750000 6.341779e-02
-3.500000 6.616518e-02
-3.250000 6.864138e-02
-3.000000 7.081259e-02
-2.750000 7.264720e-02
-2.500000 7.411638e-02
-2.250000 7.519460e-02
-2.000000 7.586019e-02
-1.750000 7.609585e-02
-1.500000 7.588908e-02
-1.250000 7.523260e-02
-1.000000 7.412467e-02
-0.750000 7.256934e-02
-0.500000 7.057656e-02
-0.250000 6.816225e-02
0.000000 6.534821e-02
0.250000 6.216194e-02
0.500000 5.863632e-02
0.750000 5.480922e-02
1.000000 5.072293e-02
1.250000 4.642358e-02
1.500000 4.196041e-02
1.750000 3.738494e-02
2.000000 3.275018e-02
2.250000 2.810970e-02
2.500000 2.351667e-02
2.750000 1.902299e-02
3.000000 1.467833e-02
3.250000 1.052926e-02
3.500000 6.618400e-03
3.750000 2.983772e-03
4.000000 3.467057e-04
4.250000 3.334709e-03
4.500000 5.970914e-03
4.750000 8.239176e-03
5.000000 1.013345e-02
5.250000 1.165503e-02
5.500000 1.281255e-02
5.750000 1.362186e-02
6.000000 1.410595e-02
6.250000 1.429470e-02
6.500000 1.422459e-02
6.750000 1.393841e-02
7.000000 1.348484e-02
7.250000 1.291771e-02
7.500000 1.229486e-02
7.750000 1.167583e-02
8.000000 1.111793e-02
8.250000 1.067006e-02
8.500000 1.036520e-02
8.750000 1.021390e-02
9.000000 1.020240e-02
9.250000 1.029691e-02
9.500000 1.045242e-02
9.750000 1.062194e-02
10.000000 1.076336e-02
10.250000 1.084332e-02
10.500000 1.083861e-02
10.750000 1.073631e-02
11.000000 1.053327e-02
11.250000 1.023535e-02
11.500000 9.856685e-03
11.750000 9.418865e-03
12.000000 8.949937e-03
12.250000 8.482945e-03
12.500000 8.053472e-03
12.750000 7.695688e-03
13.000000 7.436817e-03
13.250000 7.291156e-03
13.500000 7.256107e-03
13.750000 7.312569e-03
14.000000 7.429738e-03
14.250000 7.571911e-03
14.500000 7.704514e-03
14.750000 7.798021e-03
15.000000 7.829865e-03
15.250000 7.785055e-03
15.500000 7.656139e-03
15.750000 7.442935e-03
16.000000 7.152258e-03
16.250000 6.797745e-03
16.500000 6.399759e-03
16.750000 5.985266e-03
17.000000 5.587222e-03
17.250000 5.242582e-03
17.500000 4.987585e-03
17.750000 4.849721e-03
18.000000 4.838751e-03
18.250000 4.942416e-03
18.500000 5.130534e-03
18.750000 5.364494e-03
19.000000 5.606093e-03
19.250000 5.822635e-03
19.500000 5.988728e-03
19.750000 6.086357e-03
20.000000 6.104338e-03
20.250000 6.037697e-03
20.500000 5.887179e-03
20.750000 5.658933e-03
21.000000 5.364394e-03
21.250000 5.020379e-03
21.500000 4.649355e-03
21.750000 4.279688e-03
22.000000 3.945186e-03
22.250000 3.682414e-03
22.500000 3.523768e-03
22.750000 3.486716e-03
23.000000 3.565501e-03
23.250000 3.733061e-03
23.500000 3.951764e-03
23.750000 4.184224e-03
24.000000 4.399045e-03
24.250000 4.572287e-03
24.500000 4.686970e-03
24.750000 4.732082e-03
25.000000 4.701661e-03
25.250000 4.594056e-03
25.500000 4.411354e-03
25.750000 4.158926e-03
26.000000 3.845072e-03
26.250000 3.480785e-03
26.500000 3.079666e-03
26.750000 2.658184e-03
27.000000 2.236533e-03
27.250000 1.840631e-03
27.500000 1.505439e-03
27.750000 1.275920e-03
28.000000 1.190313e-03
28.250000 1.241301e-03
28.500000 1.373026e-03
28.750000 1.525714e-03
29.000000 1.659475e-03
29.250000 1.751812e-03
29.500000 1.791106e-03
29.750000 1.772549e-03
30.000000 1.696101e-03
30.250000 1.565577e-03
30.500000 1.388519e-03
30.750000 1.177084e-03
31.000000 9.512230e-04
31.250000 7.476992e-04
31.500000 6.352886e-04
31.750000 6.847315e-04
32.000000 8.697893e-04
32.250000 1.113341e-03
32.500000 1.365854e-03
32.750000 1.601198e-03
33.000000 1.803868e-03
33.250000 1.963612e-03
33.500000 2.073495e-03
33.750000 2.129189e-03
34.000000 2.128731e-03
34.250000 2.072460e-03
34.500000 1.963088e-03
34.750000 1.805921e-03
35.000000 1.609442e-03
35.250000 1.386685e-03
35.500000 1.158494e-03
35.750000 9.603310e-04
36.000000 8.488626e-04
36.250000 8.781152e-04
36.500000 1.039617e-03
36.750000 1.276371e-03
37.000000 1.539557e-03
37.250000 1.799507e-03
37.500000 2.038200e-03
37.750000 2.243884e-03
38.000000 2.408617e-03
38.250000 2.527210e-03
38.500000 2.596772e-03
38.750000 2.616506e-03
39.000000 2.587624e-03
39.250000 2.513308e-03
39.500000 2.398725e-03
39.750000 2.251103e-03
40.000000 2.079885e-03
40.250000 1.897001e-03
40.500000 1.717169e-03
40.750000 1.557844e-03
41.000000 1.437790e-03
41.250000 1.372803e-03
41.500000 1.369096e-03
41.750000 1.419459e-03
42.000000 1.506787e-03
42.250000 1.611508e-03
42.500000 1.716822e-03
42.750000 1.810412e-03
43.000000 1.884279e-03
43.250000 1.934085e-03
43.500000 1.958557e-03
43.750000 1.959029e-03
44.000000 1.939091e-03
44.250000 1.904243e-03
44.500000 1.861468e-03
44.750000 1.818583e-03
45.000000 1.783290e-03
45.250000 1.761956e-03
45.500000 1.758332e-03
45.750000 1.772709e-03
46.000000 1.801865e-03
46.250000 1.839858e-03
46.500000 1.879264e-03
46.750000 1.912386e-03
47.000000 1.932163e-03
47.250000 1.932719e-03
47.500000 1.909630e-03
47.750000 1.860008e-03
48.000000 1.782485e-03
48.250000 1.677127e-03
48.500000 1.545320e-03
48.750000 1.389621e-03
49.000000 1.213594e-03
49.250000 1.021630e-03
49.500000 8.187529e-04
49.750000 6.104178e-04
50.000000 4.023008e-04
