-50.000000 4.976469e-03
-49.750000 4.879810e-03
-49.500000 4.769864e-03
-49.250000 4.650143e-03
-49.000000 4.524733e-03
-48.750000 4.398287e-03
-48.500000 4.275980e-03
-48.250000 4.163402e-03
-48.000000 4.066355e-03
-47.750000 3.990531e-03
-47.500000 3.941091e-03
-47.250000 3.922164e-03
-47.000000 3.936390e-03
-46.750000 3.984590e-03
-46.500000 4.065686e-03
-46.250000 4.176875e-03
-46.000000 4.314004e-03
-45.750000 4.472029e-03
-45.500000 4.645468e-03
-45.250000 4.828764e-03
-45.000000 5.016545e-03
-44.750000 5.203792e-03
-44.500000 5.385929e-03
-44.250000 5.558867e-03
-44.000000 5.719020e-03
-43.750000 5.863302e-03
-43.500000 5.989128e-03
-43.250000 6.094401e-03
-43.000000 6.177517e-03
-42.750000 6.237365e-03
-42.500000 6.273335e-03
-42.250000 6.285328e-03
-42.000000 6.273783e-03
-41.750000 6.239692e-03
-41.500000 6.184634e-03
-41.250000 6.110803e-03
-41.000000 6.021045e-03
-40.750000 5.918881e-03
-40.500000 5.808529e-03
-40.250000 5.694892e-03
-40.000000 5.583510e-03
-39.750000 5.480448e-03
-39.500000 5.392097e-03
-39.250000 5.324860e-03
-39.000000 5.284748e-03
-38.750000 5.276889e-03
-38.500000 5.305039e-03
-38.250000 5.371193e-03
-38.000000 5.475376e-03
-37.750000 5.615667e-03
-37.500000 5.788442e-03
-37.250000 5.988753e-03
-37.000000 6.210766e-03
-36.750000 6.448166e-03
-36.500000 6.694483e-03
-36.250000 6.943345e-03
-36.000000 7.188634e-03
-35.750000 7.424594e-03
-35.500000 7.645884e-03
-35.250000 7.847613e-03
-35.000000 8.025352e-03
-34.750000 8.175138e-03
-34.500000 8.293483e-03
-34.250000 8.377378e-03
-34.000000 8.424298e-03
-33.750000 8.432217e-03
-33.500000 8.399625e-03
-33.250000 8.325550e-03
-33.000000 8.209593e-03
-32.750000 8.051969e-03
-32.500000 7.853570e-03
-32.250000 7.616042e-03
-32.000000 7.341900e-03
-31.750000 7.034680e-03
-31.500000 6.699156e-03
-31.250000 6.341644e-03
-31.000000 5.970412e-03
-30.750000 5.596222e-03
-30.500000 5.232983e-03
-30.250000 4.898360e-03
-30.000000 4.613968e-03
-29.750000 4.404351e-03
-29.500000 4.293832e-03
-29.250000 4.301102e-03
-29.000000 4.433688e-03
-28.750000 4.685872e-03
-28.500000 5.041516e-03
-28.250000 5.479453e-03
-28.000000 5.978116e-03
-27.750000 6.518032e-03
-27.500000 7.082580e-03
-27.250000 7.657843e-03
-27.000000 8.232163e-03
-26.750000 8.795674e-03
-26.500000 9.339921e-03
-26.250000 9.857582e-03
-26.000000 1.034227e-02
-25.750000 1.078840e-02
-25.500000 1.119114e-02
-25.250000 1.154631e-02
-25.000000 1.185043e-02
-24.750000 1.210070e-02
-24.500000 1.229503e-02
-24.250000 1.243206e-02
-24.000000 1.251125e-02
-23.750000 1.253293e-02
-23.500000 1.249837e-02
-23.250000 1.240992e-02
-23.000000 1.227110e-02
-22.750000 1.208677e-02
-22.500000 1.186329e-02
-22.250000 1.160870e-02
-22.000000 1.133294e-02
-21.750000 1.104798e-02
-21.500000 1.076796e-02
-21.250000 1.050908e-02
-21.000000 1.028924e-02
-20.750000 1.012730e-02
-20.500000 1.004172e-02
-20.250000 1.004892e-02
-20.000000 1.016130e-02
-19.750000 1.038575e-02
-19.500000 1.072285e-02
-19.250000 1.116714e-02
-19.000000 1.170828e-02
-18.750000 1.233254e-02
-18.500000 1.302439e-02
-18.250000 1.376772e-02
-18.000000 1.454665e-02
-17.750000 1.534610e-02
-17.500000 1.615198e-02
-17.250000 1.695132e-02
-17.000000 1.773230e-02
-16.750000 1.848424e-02
-16.500000 1.919757e-02
-16.250000 1.986385e-02
-16.000000 2.047577e-02
-15.750000 2.102723e-02
-15.500000 2.151336e-02
-15.250000 2.193068e-02
-15.000000 2.227722e-02
-14.750000 2.255266e-02
-14.500000 2.275856e-02
-14.250000 2.289861e-02
-14.000000 2.297886e-02
-13.750000 2.300804e-02
-13.500000 2.299790e-02
-13.250000 2.296344e-02
-13.000000 2.292316e-02
-12.750000 2.289914e-02
-12.500000 2.291682e-02
-12.250000 2.300449e-02
-12.000000 2.319229e-02
-11.750000 2.351063e-02
-11.500000 2.398837e-02
-11.250000 2.465068e-02
-11.000000 2.551719e-02
-10.750000 2.660074e-02
-10.500000 2.790686e-02
-10.250000 2.943420e-02
-10.000000 3.117552e-02
-9.750000 3.311896e-02
-9.500000 3.524945e-02
-9.250000 3.754981e-02
-9.000000 4.000176e-02
-8.750000 4.258652e-02
-8.500000 4.528524e-02
-8.250000 4.807931e-02
-8.000000 5.095046e-02
-7.750000 5.388085e-02
-7.500000 5.685310e-02
-7.250000 5.985032e-02
-7.000000 6.285603e-02
-6.750000 6.585424e-02
-6.500000 6.882940e-02
-6.250000 7.176642e-02
-6.000000 7.465067e-02
-5.750000 7.746801e-02
-5.500000 8.020479e-02
-5.250000 8.284792e-02
-5.000000 8.538482e-02
-4.750000 8.780354e-02
-4.500000 9.009273e-02
-4.250000 9.224172e-02
-4.000000 9.424050e-02
-3.750000 9.607980e-02
-3.500000 9.775113e-02
-3.250000 9.924675e-02
-3.000000 1.005598e-01
-2.750000 1.016841e-01
-2.500000 1.026146e-01
-2.250000 1.033469e-01
-2.000000 1.038777e-01
-1.750000 1.042043e-01
-1.500000 1.043254e-01
-1.250000 1.042402e-01
-1.000000 1.039491e-01
-0.750000 1.034533e-01
-0.500000 1.027549e-01
-0.250000 1.018571e-01
0.000000 1.007637e-01
0.250000 9.947958e-02
0.500000 9.801052e-02
0.750000 9.636299e-02
1.000000 9.454433e-02
1.250000 9.256263e-02
1.500000 9.042672e-02
1.750000 8.814614e-02
2.000000 8.573106e-02
2.250000 8.319229e-02
2.500000 8.054124e-02
2.750000 7.778981e-02
3.000000 7.495044e-02
3.250000 7.203603e-02
3.500000 6.905989e-02
3.750000 6.603574e-02
4.000000 6.297768e-02
4.250000 5.990014e-02
4.500000 5.681791e-02
4.750000 5.374612e-02
5.000000 5.070024e-02
5.250000 4.769613e-02
5.500000 4.475002e-02
5.750000 4.187863e-02
6.000000 3.909913e-02
6.250000 3.642923e-02
6.500000 3.388718e-02
6.750000 3.149163e-02
7.000000 2.926150e-02
7.250000 2.721551e-02
7.500000 2.537140e-02
7.750000 2.374484e-02
8.000000 2.234779e-02
8.250000 2.118664e-02
8.500000 2.026033e-02
8.750000 1.955909e-02
9.000000 1.906422e-02
9.250000 1.874923e-02
9.500000 1.858218e-02
9.750000 1.852852e-02
10.000000 1.855391e-02
10.250000 1.862631e-02
10.500000 1.871742e-02
10.750000 1.880328e-02
11.000000 1.886438e-02
11.250000 1.888543e-02
11.500000 1.885497e-02
11.750000 1.876494e-02
12.000000 1.861019e-02
12.250000 1.838817e-02
12.500000 1.809851e-02
12.750000 1.774279e-02
13.000000 1.732430e-02
13.250000 1.684789e-02
13.500000 1.631980e-02
13.750000 1.574760e-02
14.000000 1.514010e-02
14.250000 1.450739e-02
14.500000 1.386072e-02
14.750000 1.321258e-02
15.000000 1.257658e-02
15.250000 1.196733e-02
15.500000 1.140016e-02
15.750000 1.089057e-02
16.000000 1.045339e-02
16.250000 1.010160e-02
16.500000 9.844916e-03
16.750000 9.688412e-03
17.000000 9.631626e-03
17.250000 9.668411e-03
17.500000 9.787694e-03
17.750000 9.974885e-03
18.000000 1.021353e-02
18.250000 1.048679e-02
18.500000 1.077857e-02
18.750000 1.107421e-02
19.000000 1.136080e-02
19.250000 1.162728e-02
19.500000 1.186441e-02
19.750000 1.206461e-02
20.000000 1.222184e-02
20.250000 1.233142e-02
20.500000 1.238992e-02
20.750000 1.239504e-02
21.000000 1.234548e-02
21.250000 1.224089e-02
21.500000 1.208175e-02
21.750000 1.186939e-02
22.000000 1.160588e-02
22.250000 1.129403e-02
22.500000 1.093735e-02
22.750000 1.054010e-02
23.000000 1.010723e-02
23.250000 9.644497e-03
23.500000 9.158468e-03
23.750000 8.656643e-03
24.000000 8.147572e-03
24.250000 7.641005e-03
24.500000 7.148052e-03
24.750000 6.681283e-03
25.000000 6.254674e-03
25.250000 5.883192e-03
25.500000 5.581787e-03
25.750000 5.363618e-03
26.000000 5.237691e-03
26.250000 5.206639e-03
26.500000 5.265708e-03
26.750000 5.403578e-03
27.000000 5.604641e-03
27.250000 5.851659e-03
27.500000 6.127872e-03
27.750000 6.418226e-03
28.000000 6.709841e-03
28.250000 6.992031e-03
28.500000 7.256098e-03
28.750000 7.495062e-03
29.000000 7.703405e-03
29.250000 7.876846e-03
29.500000 8.012165e-03
29.750000 8.107059e-03
30.000000 8.160042e-03
30.250000 8.170355e-03
30.500000 8.137912e-03
30.750000 8.063250e-03
31.000000 7.947501e-03
31.250000 7.792373e-03
31.500000 7.600140e-03
31.750000 7.373648e-03
32.000000 7.116340e-03
32.250000 6.832285e-03
32.500000 6.526243e-03
32.750000 6.203745e-03
33.000000 5.871204e-03
33.250000 5.536048e-03
33.500000 5.206860e-03
33.750000 4.893481e-03
34.000000 4.606982e-03
34.250000 4.359351e-03
34.500000 4.162693e-03
34.750000 4.027819e-03
35.000000 3.962360e-03
35.250000 3.969016e-03
35.500000 4.044777e-03
35.750000 4.181575e-03
36.000000 4.368043e-03
36.250000 4.591530e-03
36.500000 4.839666e-03
36.750000 5.101280e-03
37.000000 5.366748e-03
37.250000 5.628014e-03
37.500000 5.878455e-03
37.750000 6.112690e-03
38.000000 6.326408e-03
38.250000 6.516210e-03
38.500000 6.679489e-03
38.750000 6.814331e-03
39.000000 6.919450e-03
39.250000 6.994123e-03
39.500000 7.038156e-03
39.750000 7.051850e-03
40.000000 7.035979e-03
40.250000 6.991770e-03
40.500000 6.920891e-03
40.750000 6.825444e-03
41.000000 6.707953e-03
41.250000 6.571359e-03
41.500000 6.419009e-03
41.750000 6.254641e-03
42.000000 6.082365e-03
42.250000 5.906616e-03
42.500000 5.732095e-03
42.750000 5.563668e-03
43.000000 5.406224e-03
43.250000 5.264481e-03
43.500000 5.142738e-03
43.750000 5.044600e-03
44.000000 4.972690e-03
44.250000 4.928409e-03
44.500000 4.911790e-03
44.750000 4.921482e-03
45.000000 4.954864e-03
45.250000 5.008288e-03
45.500000 5.077377e-03
45.750000 5.157338e-03
46.000000 5.243250e-03
46.250000 5.330292e-03
46.500000 5.413915e-03
46.750000 5.489945e-03
47.000000 5.554656e-03
47.250000 5.604799e-03
47.500000 5.637607e-03
47.750000 5.650795e-03
48.000000 5.642546e-03
48.250000 5.611493e-03
48.500000 5.556705e-03
48.750000 5.477672e-03
49.000000 5.374288e-03
49.250000 5.246846e-03
49.500000 5.096033e-03
49.750000 4.922928e-03
50.000000 4.729017e-03
