-50.000000 3.828118e-04
-49.750000 3.771126e-04
-49.500000 3.779775e-04
-49.250000 3.753912e-04
-49.000000 3.632792e-04
-48.750000 3.403060e-04
-48.500000 3.104197e-04
-48.250000 2.840443e-04
-48.000000 2.777350e-04
-47.750000 3.053207e-04
-47.500000 3.653338e-04
-47.250000 4.449086e-04
-47.000000 5.307006e-04
-46.750000 6.123707e-04
-46.500000 6.821998e-04
-46.250000 7.344774e-04
-46.000000 7.652443e-04
-45.750000 7.722662e-04
-45.500000 7.551270e-04
-45.250000 7.154091e-04
-45.000000 6.570114e-04
-44.750000 5.867345e-04
-44.500000 5.152829e-04
-44.250000 4.582153e-04
-44.000000 4.337041e-04
-43.750000 4.522954e-04
-43.500000 5.073521e-04
-43.250000 5.818251e-04
-43.000000 6.598044e-04
-42.750000 7.302173e-04
-42.500000 7.861985e-04
-42.250000 8.240319e-04
-42.000000 8.424692e-04
-41.750000 8.423149e-04
-41.500000 8.261099e-04
-41.250000 7.978052e-04
-41.000000 7.623562e-04
-40.750000 7.252024e-04
-40.500000 6.916465e-04
-40.250000 6.662584e-04
-40.000000 6.525652e-04
-39.750000 6.532811e-04
-39.500000 6.710200e-04
-39.250000 7.089392e-04
-39.000000 7.706223e-04
-38.750000 8.590424e-04
-38.500000 9.752477e-04
-38.250000 1.117601e-03
-38.000000 1.281819e-03
-37.750000 1.461504e-03
-37.500000 1.648797e-03
-37.250000 1.834992e-03
-37.000000 2.011086e-03
-36.750000 2.168305e-03
-36.500000 2.298602e-03
-36.250000 2.395137e-03
-36.000000 2.452740e-03
-35.750000 2.468322e-03
-35.500000 2.441246e-03
-35.250000 2.373634e-03
-35.000000 2.270610e-03
-34.750000 2.140445e-03
-34.500000 1.994537e-03
-34.250000 1.847008e-03
-34.000000 1.713500e-03
-33.750000 1.608538e-03
-33.500000 1.541418e-03
-33.250000 1.512241e-03
-33.000000 1.511125e-03
-32.750000 1.521700e-03
-32.500000 1.526398e-03
-32.250000 1.510598e-03
-32.000000 1.464873e-03
-31.750000 1.386176e-03
-31.500000 1.278993e-03
-31.250000 1.157333e-03
-31.000000 1.047599e-03
-30.750000 9.885583e-04
-30.500000 1.016935e-03
-30.250000 1.139674e-03
-30.000000 1.329735e-03
-29.750000 1.549778e-03
-29.500000 1.767909e-03
-29.250000 1.959876e-03
-29.000000 2.107501e-03
-28.750000 2.197394e-03
-28.500000 2.220328e-03
-28.250000 2.171000e-03
-28.000000 2.047919e-03
-27.750000 1.853307e-03
-27.500000 1.592940e-03
-27.250000 1.275930e-03
-27.000000 9.146745e-04
-26.750000 5.264136e-04
-26.500000 1.681415e-04
-26.250000 3.481954e-04
-26.000000 7.311966e-04
-25.750000 1.094852e-03
-25.500000 1.416837e-03
-25.250000 1.684333e-03
-25.000000 1.888559e-03
-24.750000 2.024584e-03
-24.500000 2.091632e-03
-24.250000 2.093407e-03
-24.000000 2.038390e-03
-23.750000 1.940051e-03
-23.500000 1.816869e-03
-23.250000 1.691655e-03
-23.000000 1.589053e-03
-22.750000 1.529819e-03
-22.500000 1.522901e-03
-22.250000 1.561166e-03
-22.000000 1.625719e-03
-21.750000 1.695162e-03
-21.500000 1.753068e-03
-21.250000 1.791751e-03
-21.000000 1.813747e-03
-20.750000 1.832006e-03
-20.500000 1.868151e-03
-20.250000 1.947078e-03
-20.000000 2.087855e-03
-19.750000 2.295532e-03
-19.500000 2.559775e-03
-19.250000 2.860025e-03
-19.000000 3.172000e-03
-18.750000 3.472298e-03
-18.500000 3.741003e-03
-18.250000 3.963287e-03
-18.000000 4.130636e-03
-17.750000 4.242021e-03
-17.500000 4.304944e-03
-17.250000 4.336098e-03
-17.000000 4.360937e-03
-16.750000 4.411059e-03
-16.500000 4.518444e-03
-16.250000 4.707169e-03
-16.000000 4.985897e-03
-15.750000 5.345269e-03
-15.500000 5.761176e-03
-15.250000 6.201083e-03
-15.000000 6.630044e-03
-14.750000 7.014948e-03
-14.500000 7.327114e-03
-14.250000 7.543878e-03
-14.000000 7.649647e-03
-13.750000 7.636725e-03
-13.500000 7.506030e-03
-13.250000 7.267779e-03
-13.000000 6.942139e-03
-12.750000 6.559704e-03
-12.500000 6.161324e-03
-12.250000 5.796071e-03
-12.000000 5.515245e-03
-11.750000 5.360778e-03
-11.500000 5.350768e-03
-11.250000 5.471209e-03
-11.000000 5.681271e-03
-10.750000 5.928218e-03
-10.500000 6.162006e-03
-10.250000 6.344603e-03
-10.000000 6.455154e-03
-9.750000 6.493770e-03
-9.500000 6.485688e-03
-9.250000 6.485451e-03
-9.000000 6.577276e-03
-8.750000 6.863642e-03
-8.500000 7.437236e-03
-8.250000 8.349156e-03
-8.000000 9.598257e-03
-7.750000 1.114597e-02
-7.500000 1.293756e-02
-7.250000 1.491586e-02
-7.000000 1.702676e-02
-6.750000 1.922066e-02
-6.500000 2.145239e-02
-6.250000 2.368102e-02
-6.000000 2.586984e-02
-5.750000 2.798650e-02
-5.500000 3.000340e-02
-5.250000 3.189806e-02
-5.000000 3.365361e-02
-4.750000 3.525911e-02
-4.500000 3.670983e-02
-4.250000 3.800726e-02
-4.000000 3.915880e-02
-3.750000 4.017708e-02
-3.500000 4.107883e-02
-3.250000 4.188323e-02
-3.000000 4.260990e-02
-2.750000 4.327650e-02
-2.500000 4.389629e-02
-2.250000 4.447591e-02
-2.000000 4.501362e-02
-1.750000 4.549838e-02
-1.500000 4.590988e-02
-1.250000 4.621947e-02
-1.000000 4.639199e-02
-0.750000 4.638826e-02
-0.500000 4.616779e-02
-0.250000 4.569169e-02
0.000000 4.492531e-02
0.250000 4.384069e-02
0.500000 4.241847e-02
0.750000 4.064941e-02
1.000000 3.853537e-02
1.250000 3.608984e-02
1.500000 3.333803e-02
1.750000 3.031662e-02
2.000000 2.707337e-02
2.250000 2.366683e-02
2.500000 2.016674e-02
2.750000 1.665668e-02
3.000000 1.324246e-02
3.250000 1.007662e-02
3.500000 7.426575e-03
3.750000 5.802431e-03
4.000000 5.757060e-03
4.250000 6.977617e-03
4.500000 8.657081e-03
4.750000 1.032494e-02
5.000000 1.178320e-02
5.250000 1.294967e-02
5.500000 1.379399e-02
5.750000 1.431416e-02
6.000000 1.452679e-02
6.250000 1.446223e-02
6.500000 1.416146e-02
6.750000 1.367357e-02
7.000000 1.305340e-02
7.250000 1.235872e-02
7.500000 1.164693e-02
7.750000 1.097068e-02
8.000000 1.037268e-02
8.250000 9.880280e-03
8.500000 9.501688e-03
8.750000 9.225736e-03
9.000000 9.026098e-03
9.250000 8.868527e-03
9.500000 8.718399e-03
9.750000 8.546386e-03
10.000000 8.331516e-03
10.250000 8.062039e-03
10.500000 7.734887e-03
10.750000 7.354437e-03
11.000000 6.931040e-03
11.250000 6.479578e-03
11.500000 6.018169e-03
11.750000 5.567019e-03
12.000000 5.147289e-03
12.250000 4.779706e-03
12.500000 4.482589e-03
12.750000 4.269132e-03
13.000000 4.144501e-03
13.250000 4.104066e-03
13.500000 4.134057e-03
13.750000 4.214524e-03
14.000000 4.323118e-03
14.250000 4.438147e-03
14.500000 4.540398e-03
14.750000 4.613984e-03
15.000000 4.646706e-03
15.250000 4.630282e-03
15.500000 4.560622e-03
15.750000 4.438197e-03
16.000000 4.268498e-03
16.250000 4.062537e-03
16.500000 3.837232e-03
16.750000 3.615306e-03
17.000000 3.423882e-03
17.250000 3.290543e-03
17.500000 3.236336e-03
17.750000 3.268019e-03
18.000000 3.374685e-03
18.250000 3.531632e-03
18.500000 3.708258e-03
18.750000 3.874942e-03
19.000000 4.006819e-03
19.250000 4.085150e-03
19.500000 4.097480e-03
19.750000 4.037382e-03
20.000000 3.904100e-03
20.250000 3.702230e-03
20.500000 3.441494e-03
20.750000 3.136649e-03
21.000000 2.807612e-03
21.250000 2.479750e-03
21.500000 2.183798e-03
21.750000 1.953387e-03
22.000000 1.816440e-03
22.250000 1.780532e-03
22.500000 1.824999e-03
22.750000 1.911433e-03
23.000000 2.001146e-03
23.250000 2.064563e-03
23.500000 2.082450e-03
23.750000 2.044189e-03
24.000000 1.945848e-03
24.250000 1.788707e-03
24.500000 1.578215e-03
24.750000 1.323336e-03
25.000000 1.036504e-03
25.250000 7.355691e-04
25.500000 4.558894e-04
25.750000 3.153927e-04
26.000000 4.554771e-04
26.250000 7.025207e-04
26.500000 9.473899e-04
26.750000 1.161035e-03
27.000000 1.331714e-03
27.250000 1.453613e-03
27.500000 1.524516e-03
27.750000 1.545175e-03
28.000000 1.519127e-03
28.250000 1.452697e-03
28.500000 1.355186e-03
28.750000 1.239309e-03
29.000000 1.121800e-03
29.250000 1.023481e-03
29.500000 9.664925e-04
29.750000 9.660986e-04
30.000000 1.021473e-03
30.250000 1.116572e-03
30.500000 1.230122e-03
30.750000 1.343372e-03
31.000000 1.442264e-03
31.250000 1.516957e-03
31.500000 1.560911e-03
31.750000 1.570184e-03
32.000000 1.542974e-03
32.250000 1.479354e-03
32.500000 1.381129e-03
32.750000 1.251822e-03
33.000000 1.096847e-03
33.250000 9.240998e-04
33.500000 7.456128e-04
33.750000 5.819492e-04
34.000000 4.707583e-04
34.250000 4.600654e-04
34.500000 5.497410e-04
34.750000 6.885197e-04
35.000000 8.353660e-04
35.250000 9.684637e-04
35.500000 1.075730e-03
35.750000 1.149820e-03
36.000000 1.186248e-03
36.250000 1.182698e-03
36.500000 1.138742e-03
36.750000 1.055689e-03
37.000000 9.364691e-04
37.250000 7.855088e-04
37.500000 6.086124e-04
37.750000 4.130324e-04
38.000000 2.093263e-04
38.250000 7.271543e-05
38.500000 2.390141e-04
38.750000 4.339661e-04
39.000000 6.137721e-04
39.250000 7.698278e-04
39.500000 8.964762e-04
39.750000 9.898029e-04
40.000000 1.047614e-03
40.250000 1.069551e-03
40.500000 1.057234e-03
40.750000 1.014426e-03
41.000000 9.472861e-04
41.250000 8.647837e-04
41.500000 7.792632e-04
41.750000 7.066588e-04
42.000000 6.644483e-04
42.250000 6.648443e-04
42.500000 7.068637e-04
42.750000 7.773681e-04
43.000000 8.598315e-04
43.250000 9.406009e-04
43.500000 1.010379e-03
43.750000 1.063748e-03
44.000000 1.098470e-03
44.250000 1.114965e-03
44.500000 1.115909e-03
44.750000 1.105848e-03
45.000000 1.090668e-03
45.250000 1.076796e-03
45.500000 1.070091e-03
45.750000 1.074593e-03
46.000000 1.091560e-03
46.250000 1.119283e-03
46.500000 1.153760e-03
46.750000 1.189837e-03
47.000000 1.222321e-03
47.250000 1.246743e-03
47.500000 1.259760e-03
47.750000 1.259268e-03
48.000000 1.244339e-03
48.250000 1.215042e-03
48.500000 1.172210e-03
48.750000 1.117177e-03
49.000000 1.051511e-03
49.250000 9.767818e-04
49.500000 8.943930e-04
49.750000 8.055000e-04
50.000000 7.110555e-04
