-50.000000 3.793772e-02
-49.750000 3.858473e-02
-49.500000 3.923594e-02
-49.250000 3.989108e-02
-49.000000 4.054993e-02
-48.750000 4.121223e-02
-48.500000 4.187777e-02
-48.250000 4.254633e-02
-48.000000 4.321770e-02
-47.750000 4.389169e-02
-47.500000 4.456810e-02
-47.250000 4.524674e-02
-47.000000 4.592745e-02
-46.750000 4.661004e-02
-46.500000 4.729436e-02
-46.250000 4.798025e-02
-46.000000 4.866755e-02
-45.750000 4.935611e-02
-45.500000 5.004579e-02
-45.250000 5.073646e-02
-45.000000 5.142797e-02
-44.750000 5.212019e-02
-44.500000 5.281301e-02
-44.250000 5.350629e-02
-44.000000 5.419991e-02
-43.750000 5.489376e-02
-43.500000 5.558772e-02
-43.250000 5.628168e-02
-43.000000 5.697554e-02
-42.750000 5.766919e-02
-42.500000 5.836251e-02
-42.250000 5.905542e-02
-42.000000 5.974782e-02
-41.750000 6.043960e-02
-41.500000 6.113067e-02
-41.250000 6.182094e-02
-41.000000 6.251032e-02
-40.750000 6.319872e-02
-40.500000 6.388605e-02
-40.250000 6.457222e-02
-40.000000 6.525715e-02
-39.750000 6.594075e-02
-39.500000 6.662295e-02
-39.250000 6.730366e-02
-39.000000 6.798281e-02
-38.750000 6.866031e-02
-38.500000 6.933609e-02
-38.250000 7.001007e-02
-38.000000 7.068218e-02
-37.750000 7.135234e-02
-37.500000 7.202049e-02
-37.250000 7.268654e-02
-37.000000 7.335044e-02
-36.750000 7.401210e-02
-36.500000 7.467147e-02
-36.250000 7.532846e-02
-36.000000 7.598302e-02
-35.750000 7.663508e-02
-35.500000 7.728457e-02
-35.250000 7.793143e-02
-35.000000 7.857560e-02
-34.750000 7.921700e-02
-34.500000 7.985558e-02
-34.250000 8.049128e-02
-34.000000 8.112403e-02
-33.750000 8.175377e-02
-33.500000 8.238045e-02
-33.250000 8.300401e-02
-33.000000 8.362438e-02
-32.750000 8.424151e-02
-32.500000 8.485534e-02
-32.250000 8.546581e-02
-32.000000 8.607287e-02
-31.750000 8.667647e-02
-31.500000 8.727654e-02
-31.250000 8.787303e-02
-31.000000 8.846590e-02
-30.750000 8.905508e-02
-30.500000 8.964052e-02
-30.250000 9.022218e-02
-30.000000 9.079999e-02
-29.750000 9.137392e-02
-29.500000 9.194390e-02
-29.250000 9.250989e-02
-29.000000 9.307184e-02
-28.750000 9.362970e-02
-28.500000 9.418342e-02
-28.250000 9.473296e-02
-28.000000 9.527827e-02
-27.750000 9.581929e-02
-27.500000 9.635599e-02
-27.250000 9.688832e-02
-27.000000 9.741624e-02
-26.750000 9.793969e-02
-26.500000 9.845864e-02
-26.250000 9.897303e-02
-26.000000 9.948284e-02
-25.750000 9.998802e-02
-25.500000 1.004885e-01
-25.250000 1.009843e-01
-25.000000 1.014753e-01
-24.750000 1.019615e-01
-24.500000 1.024429e-01
-24.250000 1.029194e-01
-24.000000 1.033910e-01
-23.750000 1.038577e-01
-23.500000 1.043193e-01
-23.250000 1.047759e-01
-23.000000 1.052275e-01
-22.750000 1.056739e-01
-22.500000 1.061153e-01
-22.250000 1.065514e-01
-22.000000 1.069823e-01
-21.750000 1.074080e-01
-21.500000 1.078284e-01
-21.250000 1.082435e-01
-21.000000 1.086533e-01
-20.750000 1.090577e-01
-20.500000 1.094567e-01
-20.250000 1.098502e-01
-20.000000 1.102383e-01
-19.750000 1.106209e-01
-19.500000 1.109980e-01
-19.250000 1.113695e-01
-19.000000 1.117355e-01
-18.750000 1.120958e-01
-18.500000 1.124505e-01
-18.250000 1.127995e-01
-18.000000 1.131429e-01
-17.750000 1.134805e-01
-17.500000 1.138124e-01
-17.250000 1.141385e-01
-17.000000 1.144588e-01
-16.750000 1.147734e-01
-16.500000 1.150821e-01
-16.250000 1.153849e-01
-16.000000 1.156819e-01
-15.750000 1.159730e-01
-15.500000 1.162581e-01
-15.250000 1.165374e-01
-15.000000 1.168106e-01
-14.750000 1.170779e-01
-14.500000 1.173392e-01
-14.250000 1.175945e-01
-14.000000 1.178438e-01
-13.750000 1.180870e-01
-13.500000 1.183242e-01
-13.250000 1.185553e-01
-13.000000 1.187803e-01
-12.750000 1.189991e-01
-12.500000 1.192119e-01
-12.250000 1.194186e-01
-12.000000 1.196191e-01
-11.750000 1.198134e-01
-11.500000 1.200016e-01
-11.250000 1.201836e-01
-11.000000 1.203594e-01
-10.750000 1.205291e-01
-10.500000 1.206925e-01
-10.250000 1.208497e-01
-10.000000 1.210007e-01
-9.750000 1.211454e-01
-9.500000 1.212840e-01
-9.250000 1.214162e-01
-9.000000 1.215423e-01
-8.750000 1.216621e-01
-8.500000 1.217756e-01
-8.250000 1.218829e-01
-8.000000 1.219839e-01
-7.750000 1.220786e-01
-7.500000 1.221671e-01
-7.250000 1.222493e-01
-7.000000 1.223253e-01
-6.750000 1.223949e-01
-6.500000 1.224583e-01
-6.250000 1.225155e-01
-6.000000 1.225664e-01
-5.750000 1.226110e-01
-5.500000 1.226493e-01
-5.250000 1.226814e-01
-5.000000 1.227072e-01
-4.750000 1.227268e-01
-4.500000 1.227402e-01
-4.250000 1.227473e-01
-4.000000 1.227482e-01
-3.750000 1.227428e-01
-3.500000 1.227313e-01
-3.250000 1.227135e-01
-3.000000 1.226895e-01
-2.750000 1.226593e-01
-2.500000 1.226230e-01
-2.250000 1.225805e-01
-2.000000 1.225318e-01
-1.750000 1.224770e-01
-1.500000 1.224160e-01
-1.250000 1.223489e-01
-1.000000 1.222757e-01
-0.750000 1.221964e-01
-0.500000 1.221110e-01
-0.250000 1.220196e-01
0.000000 1.219221e-01
0.250000 1.218185e-01
0.500000 1.217090e-01
0.750000 1.215934e-01
1.000000 1.214719e-01
1.250000 1.213444e-01
1.500000 1.212109e-01
1.750000 1.210715e-01
2.000000 1.209262e-01
2.250000 1.207751e-01
2.500000 1.206180e-01
2.750000 1.204551e-01
3.000000 1.202864e-01
3.250000 1.201119e-01
3.500000 1.199316e-01
3.750000 1.197456e-01
4.000000 1.195539e-01
4.250000 1.193564e-01
4.500000 1.191533e-01
4.750000 1.189445e-01
5.000000 1.187301e-01
5.250000 1.185101e-01
5.500000 1.182845e-01
5.750000 1.180534e-01
6.000000 1.178168e-01
6.250000 1.175747e-01
6.500000 1.173272e-01
6.750000 1.170742e-01
7.000000 1.168159e-01
7.250000 1.165522e-01
7.500000 1.162831e-01
7.750000 1.160088e-01
8.000000 1.157292e-01
8.250000 1.154444e-01
8.500000 1.151544e-01
8.750000 1.148593e-01
9.000000 1.145590e-01
9.250000 1.142536e-01
9.500000 1.139432e-01
9.750000 1.136278e-01
10.000000 1.133074e-01
10.250000 1.129821e-01
10.500000 1.126518e-01
10.750000 1.123167e-01
11.000000 1.119768e-01
11.250000 1.116321e-01
11.500000 1.112827e-01
11.750000 1.109285e-01
12.000000 1.105698e-01
12.250000 1.102063e-01
12.500000 1.098384e-01
12.750000 1.094658e-01
13.000000 1.090888e-01
13.250000 1.087074e-01
13.500000 1.083215e-01
13.750000 1.079313e-01
14.000000 1.075368e-01
14.250000 1.071380e-01
14.500000 1.067350e-01
14.750000 1.063279e-01
15.000000 1.059166e-01
15.250000 1.055012e-01
15.500000 1.050818e-01
15.750000 1.046584e-01
16.000000 1.042311e-01
16.250000 1.037999e-01
16.500000 1.033649e-01
16.750000 1.029261e-01
17.000000 1.024835e-01
17.250000 1.020373e-01
17.500000 1.015874e-01
17.750000 1.011340e-01
18.000000 1.006770e-01
18.250000 1.002166e-01
18.500000 9.975275e-02
18.750000 9.928553e-02
19.000000 9.881500e-02
19.250000 9.834122e-02
19.500000 9.786423e-02
19.750000 9.738410e-02
20.000000 9.690088e-02
20.250000 9.641463e-02
20.500000 9.592540e-02
20.750000 9.543325e-02
21.000000 9.493824e-02
21.250000 9.444042e-02
21.500000 9.393986e-02
21.750000 9.343662e-02
22.000000 9.293075e-02
22.250000 9.242231e-02
22.500000 9.191137e-02
22.750000 9.139798e-02
23.000000 9.088220e-02
23.250000 9.036411e-02
23.500000 8.984375e-02
23.750000 8.932119e-02
24.000000 8.879650e-02
24.250000 8.826973e-02
24.500000 8.774096e-02
24.750000 8.721024e-02
25.000000 8.667764e-02
25.250000 8.614322e-02
25.500000 8.560705e-02
25.750000 8.506920e-02
26.000000 8.452973e-02
26.250000 8.398871e-02
26.500000 8.344620e-02
26.750000 8.290228e-02
27.000000 8.235701e-02
27.250000 8.181045e-02
27.500000 8.126269e-02
27.750000 8.071378e-02
28.000000 8.016380e-02
28.250000 7.961281e-02
28.500000 7.906090e-02
28.750000 7.850812e-02
29.000000 7.795455e-02
29.250000 7.740027e-02
29.500000 7.684534e-02
29.750000 7.628984e-02
30.000000 7.573383e-02
30.250000 7.517741e-02
30.500000 7.462063e-02
30.750000 7.406358e-02
31.000000 7.350633e-02
31.250000 7.294895e-02
31.500000 7.239152e-02
31.750000 7.183413e-02
32.000000 7.127684e-02
32.250000 7.071973e-02
32.500000 7.016289e-02
32.750000 6.960638e-02
33.000000 6.905030e-02
33.250000 6.849472e-02
33.500000 6.793972e-02
33.750000 6.738538e-02
34.000000 6.683179e-02
34.250000 6.627902e-02
34.500000 6.572716e-02
34.750000 6.517629e-02
35.000000 6.462650e-02
35.250000 6.407787e-02
35.500000 6.353049e-02
35.750000 6.298444e-02
36.000000 6.243981e-02
36.250000 6.189668e-02
36.500000 6.135514e-02
36.750000 6.081529e-02
37.000000 6.027720e-02
37.250000 5.974097e-02
37.500000 5.920670e-02
37.750000 5.867446e-02
38.000000 5.814435e-02
38.250000 5.761646e-02
38.500000 5.709089e-02
38.750000 5.656773e-02
39.000000 5.604707e-02
39.250000 5.552901e-02
39.500000 5.501363e-02
39.750000 5.450105e-02
40.000000 5.399135e-02
40.250000 5.348463e-02
40.500000 5.298098e-02
40.750000 5.248051e-02
41.000000 5.198332e-02
41.250000 5.148950e-02
41.500000 5.099915e-02
41.750000 5.051237e-02
42.000000 5.002927e-02
42.250000 4.954994e-02
42.500000 4.907448e-02
42.750000 4.860300e-02
43.000000 4.813560e-02
43.250000 4.767239e-02
43.500000 4.721345e-02
43.750000 4.675890e-02
44.000000 4.630884e-02
44.250000 4.586337e-02
44.500000 4.542259e-02
44.750000 4.498661e-02
45.000000 4.455553e-02
45.250000 4.412945e-02
45.500000 4.370848e-02
45.750000 4.329270e-02
46.000000 4.288224e-02
46.250000 4.247717e-02
46.500000 4.207761e-02
46.750000 4.168366e-02
47.000000 4.129540e-02
47.250000 4.091293e-02
47.500000 4.053636e-02
47.750000 4.016577e-02
48.000000 3.980125e-02
48.250000 3.944290e-02
48.500000 3.909079e-02
48.750000 3.874503e-02
49.000000 3.840568e-02
49.250000 3.807283e-02
49.500000 3.774656e-02
49.750000 3.742693e-02
50.000000 3.711403e-02
