-50.000000 7.680406e-02
-49.750000 7.704716e-02
-49.500000 7.728895e-02
-49.250000 7.752940e-02
-49.000000 7.776848e-02
-48.750000 7.800617e-02
-48.500000 7.824245e-02
-48.250000 7.847728e-02
-48.000000 7.871064e-02
-47.750000 7.894252e-02
-47.500000 7.917287e-02
-47.250000 7.940168e-02
-47.000000 7.962891e-02
-46.750000 7.985456e-02
-46.500000 8.007858e-02
-46.250000 8.030097e-02
-46.000000 8.052168e-02
-45.750000 8.074070e-02
-45.500000 8.095801e-02
-45.250000 8.117357e-02
-45.000000 8.138737e-02
-44.750000 8.159938e-02
-44.500000 8.180957e-02
-44.250000 8.201793e-02
-44.000000 8.222443e-02
-43.750000 8.242905e-02
-43.500000 8.263175e-02
-43.250000 8.283253e-02
-43.000000 8.303136e-02
-42.750000 8.322821e-02
-42.500000 8.342307e-02
-42.250000 8.361590e-02
-42.000000 8.380670e-02
-41.750000 8.399543e-02
-41.500000 8.418207e-02
-41.250000 8.436661e-02
-41.000000 8.454901e-02
-40.750000 8.472927e-02
-40.500000 8.490736e-02
-40.250000 8.508325e-02
-40.000000 8.525693e-02
-39.750000 8.542838e-02
-39.500000 8.559757e-02
-39.250000 8.576450e-02
-39.000000 8.592912e-02
-38.750000 8.609144e-02
-38.500000 8.625142e-02
-38.250000 8.640905e-02
-38.000000 8.656431e-02
-37.750000 8.671719e-02
-37.500000 8.686765e-02
-37.250000 8.701569e-02
-37.000000 8.716128e-02
-36.750000 8.730441e-02
-36.500000 8.744506e-02
-36.250000 8.758321e-02
-36.000000 8.771885e-02
-35.750000 8.785196e-02
-35.500000 8.798252e-02
-35.250000 8.811051e-02
-35.000000 8.823593e-02
-34.750000 8.835875e-02
-34.500000 8.847895e-02
-34.250000 8.859653e-02
-34.000000 8.871146e-02
-33.750000 8.882374e-02
-33.500000 8.893334e-02
-33.250000 8.904026e-02
-33.000000 8.914447e-02
-32.750000 8.924597e-02
-32.500000 8.934474e-02
-32.250000 8.944077e-02
-32.000000 8.953404e-02
-31.750000 8.962454e-02
-31.500000 8.971227e-02
-31.250000 8.979720e-02
-31.000000 8.987932e-02
-30.750000 8.995863e-02
-30.500000 9.003511e-02
-30.250000 9.010876e-02
-30.000000 9.017955e-02
-29.750000 9.024748e-02
-29.500000 9.031254e-02
-29.250000 9.037472e-02
-29.000000 9.043401e-02
-28.750000 9.049039e-02
-28.500000 9.054387e-02
-28.250000 9.059443e-02
-28.000000 9.064207e-02
-27.750000 9.068677e-02
-27.500000 9.072853e-02
-27.250000 9.076734e-02
-27.000000 9.080319e-02
-26.750000 9.083607e-02
-26.500000 9.086599e-02
-26.250000 9.089293e-02
-26.000000 9.091688e-02
-25.750000 9.093785e-02
-25.500000 9.095582e-02
-25.250000 9.097079e-02
-25.000000 9.098276e-02
-24.750000 9.099172e-02
-24.500000 9.099766e-02
-24.250000 9.100059e-02
-24.000000 9.100050e-02
-23.750000 9.099739e-02
-23.500000 9.099125e-02
-23.250000 9.098208e-02
-23.000000 9.096988e-02
-22.750000 9.095465e-02
-22.500000 9.093639e-02
-22.250000 9.091509e-02
-22.000000 9.089075e-02
-21.750000 9.086338e-02
-21.500000 9.083297e-02
-21.250000 9.079953e-02
-21.000000 9.076304e-02
-20.750000 9.072353e-02
-20.500000 9.068098e-02
-20.250000 9.063540e-02
-20.000000 9.058679e-02
-19.750000 9.053515e-02
-19.500000 9.048049e-02
-19.250000 9.042280e-02
-19.000000 9.036210e-02
-18.750000 9.029838e-02
-18.500000 9.023164e-02
-18.250000 9.016191e-02
-18.000000 9.008917e-02
-17.750000 9.001343e-02
-17.500000 8.993470e-02
-17.250000 8.985298e-02
-17.000000 8.976829e-02
-16.750000 8.968062e-02
-16.500000 8.958999e-02
-16.250000 8.949640e-02
-16.000000 8.939985e-02
-15.750000 8.930036e-02
-15.500000 8.919794e-02
-15.250000 8.909259e-02
-15.000000 8.898433e-02
-14.750000 8.887315e-02
-14.500000 8.875908e-02
-14.250000 8.864212e-02
-14.000000 8.852228e-02
-13.750000 8.839957e-02
-13.500000 8.827401e-02
-13.250000 8.814561e-02
-13.000000 8.801437e-02
-12.750000 8.788031e-02
-12.500000 8.774345e-02
-12.250000 8.760379e-02
-12.000000 8.746135e-02
-11.750000 8.731615e-02
-11.500000 8.716819e-02
-11.250000 8.701750e-02
-11.000000 8.686408e-02
-10.750000 8.670796e-02
-10.500000 8.654915e-02
-10.250000 8.638765e-02
-10.000000 8.622350e-02
-9.750000 8.605671e-02
-9.500000 8.588729e-02
-9.250000 8.571527e-02
-9.000000 8.554066e-02
-8.750000 8.536347e-02
-8.500000 8.518373e-02
-8.250000 8.500146e-02
-8.000000 8.481668e-02
-7.750000 8.462940e-02
-7.500000 8.443965e-02
-7.250000 8.424744e-02
-7.000000 8.405281e-02
-6.750000 8.385576e-02
-6.500000 8.365632e-02
-6.250000 8.345452e-02
-6.000000 8.325038e-02
-5.750000 8.304391e-02
-5.500000 8.283515e-02
-5.250000 8.262411e-02
-5.000000 8.241082e-02
-4.750000 8.219530e-02
-4.500000 8.197759e-02
-4.250000 8.175770e-02
-4.000000 8.153566e-02
-3.750000 8.131150e-02
-3.500000 8.108524e-02
-3.250000 8.085691e-02
-3.000000 8.062654e-02
-2.750000 8.039415e-02
-2.500000 8.015977e-02
-2.250000 7.992344e-02
-2.000000 7.968517e-02
-1.750000 7.944501e-02
-1.500000 7.920297e-02
-1.250000 7.895909e-02
-1.000000 7.871340e-02
-0.750000 7.846593e-02
-0.500000 7.821670e-02
-0.250000 7.796576e-02
0.000000 7.771314e-02
0.250000 7.745885e-02
0.500000 7.720295e-02
0.750000 7.694546e-02
1.000000 7.668641e-02
1.250000 7.642584e-02
1.500000 7.616379e-02
1.750000 7.590028e-02
2.000000 7.563535e-02
2.250000 7.536905e-02
2.500000 7.510139e-02
2.750000 7.483243e-02
3.000000 7.456219e-02
3.250000 7.429071e-02
3.500000 7.401803e-02
3.750000 7.374419e-02
4.000000 7.346923e-02
4.250000 7.319318e-02
4.500000 7.291608e-02
4.750000 7.263797e-02
5.000000 7.235890e-02
5.250000 7.207890e-02
5.500000 7.179801e-02
5.750000 7.151627e-02
6.000000 7.123372e-02
6.250000 7.095041e-02
6.500000 7.066637e-02
6.750000 7.038165e-02
7.000000 7.009630e-02
7.250000 6.981034e-02
7.500000 6.952383e-02
7.750000 6.923682e-02
8.000000 6.894933e-02
8.250000 6.866143e-02
8.500000 6.837315e-02
8.750000 6.808453e-02
9.000000 6.779563e-02
9.250000 6.750648e-02
9.500000 6.721714e-02
9.750000 6.692765e-02
10.000000 6.663806e-02
10.250000 6.634841e-02
10.500000 6.605875e-02
10.750000 6.576912e-02
11.000000 6.547959e-02
11.250000 6.519018e-02
11.500000 6.490096e-02
11.750000 6.461197e-02
12.000000 6.432326e-02
12.250000 6.403488e-02
12.500000 6.374687e-02
12.750000 6.345929e-02
13.000000 6.317218e-02
13.250000 6.288561e-02
13.500000 6.259961e-02
13.750000 6.231423e-02
14.000000 6.202954e-02
14.250000 6.174557e-02
14.500000 6.146238e-02
14.750000 6.118002e-02
15.000000 6.089855e-02
15.250000 6.061800e-02
15.500000 6.033844e-02
15.750000 6.005992e-02
16.000000 5.978248e-02
16.250000 5.950618e-02
16.500000 5.923107e-02
16.750000 5.895721e-02
17.000000 5.868464e-02
17.250000 5.841341e-02
17.500000 5.814358e-02
17.750000 5.787520e-02
18.000000 5.760832e-02
18.250000 5.734299e-02
18.500000 5.707927e-02
18.750000 5.681720e-02
19.000000 5.655683e-02
19.250000 5.629822e-02
19.500000 5.604142e-02
19.750000 5.578648e-02
20.000000 5.553344e-02
20.250000 5.528236e-02
20.500000 5.503329e-02
20.750000 5.478627e-02
21.000000 5.454136e-02
21.250000 5.429860e-02
21.500000 5.405805e-02
21.750000 5.381974e-02
22.000000 5.358372e-02
22.250000 5.335005e-02
22.500000 5.311877e-02
22.750000 5.288992e-02
23.000000 5.266354e-02
23.250000 5.243969e-02
23.500000 5.221840e-02
23.750000 5.199972e-02
24.000000 5.178369e-02
24.250000 5.157035e-02
24.500000 5.135973e-02
24.750000 5.115189e-02
25.000000 5.094685e-02
25.250000 5.074465e-02
25.500000 5.054534e-02
25.750000 5.034893e-02
26.000000 5.015548e-02
26.250000 4.996501e-02
26.500000 4.977755e-02
26.750000 4.959314e-02
27.000000 4.941180e-02
27.250000 4.923356e-02
27.500000 4.905844e-02
27.750000 4.888648e-02
28.000000 4.871770e-02
28.250000 4.855212e-02
28.500000 4.838975e-02
28.750000 4.823063e-02
29.000000 4.807476e-02
29.250000 4.792217e-02
29.500000 4.777287e-02
29.750000 4.762687e-02
30.000000 4.748419e-02
30.250000 4.734483e-02
30.500000 4.720881e-02
30.750000 4.707612e-02
31.000000 4.694679e-02
31.250000 4.682080e-02
31.500000 4.669816e-02
31.750000 4.657887e-02
32.000000 4.646294e-02
32.250000 4.635035e-02
32.500000 4.624110e-02
32.750000 4.613518e-02
33.000000 4.603259e-02
33.250000 4.593331e-02
33.500000 4.583733e-02
33.750000 4.574465e-02
34.000000 4.565523e-02
34.250000 4.556907e-02
34.500000 4.548614e-02
34.750000 4.540643e-02
35.000000 4.532991e-02
35.250000 4.525656e-02
35.500000 4.518635e-02
35.750000 4.511925e-02
36.000000 4.505524e-02
36.250000 4.499428e-02
36.500000 4.493634e-02
36.750000 4.488139e-02
37.000000 4.482939e-02
37.250000 4.478030e-02
37.500000 4.473409e-02
37.750000 4.469071e-02
38.000000 4.465013e-02
38.250000 4.461231e-02
38.500000 4.457719e-02
38.750000 4.454474e-02
39.000000 4.451490e-02
39.250000 4.448763e-02
39.500000 4.446289e-02
39.750000 4.444061e-02
40.000000 4.442076e-02
40.250000 4.440328e-02
40.500000 4.438811e-02
40.750000 4.437521e-02
41.000000 4.436452e-02
41.250000 4.435599e-02
41.500000 4.434955e-02
41.750000 4.434515e-02
42.000000 4.434274e-02
42.250000 4.434226e-02
42.500000 4.434365e-02
42.750000 4.434685e-02
43.000000 4.435180e-02
43.250000 4.435844e-02
43.500000 4.436671e-02
43.750000 4.437656e-02
44.000000 4.438791e-02
44.250000 4.440072e-02
44.500000 4.441491e-02
44.750000 4.443043e-02
45.000000 4.444722e-02
45.250000 4.446522e-02
45.500000 4.448435e-02
45.750000 4.450457e-02
46.000000 4.452581e-02
46.250000 4.454801e-02
46.500000 4.457110e-02
46.750000 4.459504e-02
47.000000 4.461975e-02
47.250000 4.464517e-02
47.500000 4.467125e-02
47.750000 4.469793e-02
48.000000 4.472513e-02
48.250000 4.475282e-02
48.500000 4.478092e-02
48.750000 4.480937e-02
49.000000 4.483813e-02
49.250000 4.486712e-02
49.500000 4.489630e-02
49.750000 4.492560e-02
50.000000 4.495498e-02
