-50.000000 2.604318e-02
-49.750000 2.537533e-02
-49.500000 2.452607e-02
-49.250000 2.350286e-02
-49.000000 2.231893e-02
-48.750000 2.099373e-02
-48.500000 1.955365e-02
-48.250000 1.803305e-02
-48.000000 1.647583e-02
-47.750000 1.493767e-02
-47.500000 1.348892e-02
-47.250000 1.221661e-02
-47.000000 1.122167e-02
-46.750000 1.060389e-02
-46.500000 1.043067e-02
-46.250000 1.070502e-02
-46.000000 1.136278e-02
-45.750000 1.230387e-02
-45.500000 1.342863e-02
-45.250000 1.465713e-02
-45.000000 1.593291e-02
-44.750000 1.721967e-02
-44.500000 1.849634e-02
-44.250000 1.975265e-02
-44.000000 2.098539e-02
-43.750000 2.219537e-02
-43.500000 2.338487e-02
-43.250000 2.455562e-02
-43.000000 2.570713e-02
-42.750000 2.683569e-02
-42.500000 2.793380e-02
-42.250000 2.899009e-02
-42.000000 2.998977e-02
-41.750000 3.091538e-02
-41.500000 3.174778e-02
-41.250000 3.246726e-02
-41.000000 3.305474e-02
-40.750000 3.349287e-02
-40.500000 3.376705e-02
-40.250000 3.386640e-02
-40.000000 3.378448e-02
-39.750000 3.351998e-02
-39.500000 3.307720e-02
-39.250000 3.246652e-02
-39.000000 3.170461e-02
-38.750000 3.081471e-02
-38.500000 2.982669e-02
-38.250000 2.877697e-02
-38.000000 2.770811e-02
-37.750000 2.666802e-02
-37.500000 2.570822e-02
-37.250000 2.488113e-02
-37.000000 2.423594e-02
-36.750000 2.381341e-02
-36.500000 2.364055e-02
-36.250000 2.372659e-02
-36.000000 2.406185e-02
-35.750000 2.461988e-02
-35.500000 2.536225e-02
-35.250000 2.624410e-02
-35.000000 2.721928e-02
-34.750000 2.824395e-02
-34.500000 2.927878e-02
-34.250000 3.029000e-02
-34.000000 3.124959e-02
-33.750000 3.213513e-02
-33.500000 3.292934e-02
-33.250000 3.361969e-02
-33.000000 3.419788e-02
-32.750000 3.465948e-02
-32.500000 3.500355e-02
-32.250000 3.523230e-02
-32.000000 3.535081e-02
-31.750000 3.536676e-02
-31.500000 3.529012e-02
-31.250000 3.513290e-02
-31.000000 3.490879e-02
-30.750000 3.463289e-02
-30.500000 3.432124e-02
-30.250000 3.399052e-02
-30.000000 3.365753e-02
-29.750000 3.333877e-02
-29.500000 3.304993e-02
-29.250000 3.280542e-02
-29.000000 3.261790e-02
-28.750000 3.249781e-02
-28.500000 3.245296e-02
-28.250000 3.248825e-02
-28.000000 3.260536e-02
-27.750000 3.280268e-02
-27.500000 3.307521e-02
-27.250000 3.341471e-02
-27.000000 3.380987e-02
-26.750000 3.424662e-02
-26.500000 3.470854e-02
-26.250000 3.517735e-02
-26.000000 3.563346e-02
-25.750000 3.605657e-02
-25.500000 3.642632e-02
-25.250000 3.672294e-02
-25.000000 3.692797e-02
-24.750000 3.702485e-02
-24.500000 3.699958e-02
-24.250000 3.684133e-02
-24.000000 3.654290e-02
-23.750000 3.610123e-02
-23.500000 3.551770e-02
-23.250000 3.479843e-02
-23.000000 3.395440e-02
-22.750000 3.300152e-02
-22.500000 3.196047e-02
-22.250000 3.085651e-02
-22.000000 2.971902e-02
-21.750000 2.858082e-02
-21.500000 2.747719e-02
-21.250000 2.644454e-02
-21.000000 2.551858e-02
-20.750000 2.473210e-02
-20.500000 2.411251e-02
-20.250000 2.367939e-02
-20.000000 2.344279e-02
-19.750000 2.340248e-02
-19.500000 2.354868e-02
-19.250000 2.386381e-02
-19.000000 2.432502e-02
-18.750000 2.490660e-02
-18.500000 2.558194e-02
-18.250000 2.632478e-02
-18.000000 2.710971e-02
-17.750000 2.791227e-02
-17.500000 2.870860e-02
-17.250000 2.947513e-02
-17.000000 3.018828e-02
-16.750000 3.082430e-02
-16.500000 3.135933e-02
-16.250000 3.176962e-02
-16.000000 3.203193e-02
-15.750000 3.212399e-02
-15.500000 3.202506e-02
-15.250000 3.171653e-02
-15.000000 3.118233e-02
-14.750000 3.040945e-02
-14.500000 2.938821e-02
-14.250000 2.811247e-02
-14.000000 2.657971e-02
-13.750000 2.479096e-02
-13.500000 2.275068e-02
-13.250000 2.046656e-02
-13.000000 1.794940e-02
-12.750000 1.521328e-02
-12.500000 1.227669e-02
-12.250000 9.167236e-03
-12.000000 5.944392e-03
-11.750000 2.888333e-03
-11.500000 2.553809e-03
-11.250000 5.744976e-03
-11.000000 9.514613e-03
-10.750000 1.346744e-02
-10.500000 1.752968e-02
-10.250000 2.166616e-02
-10.000000 2.584961e-02
-9.750000 3.005398e-02
-9.500000 3.425227e-02
-9.250000 3.841561e-02
-9.000000 4.251297e-02
-8.750000 4.651110e-02
-8.500000 5.037469e-02
-8.250000 5.406685e-02
-8.000000 5.754967e-02
-7.750000 6.078493e-02
-7.500000 6.373500e-02
-7.250000 6.636370e-02
-7.000000 6.863732e-02
-6.750000 7.052552e-02
-6.500000 7.200227e-02
-6.250000 7.304663e-02
-6.000000 7.364344e-02
-5.750000 7.378390e-02
-5.500000 7.346585e-02
-5.250000 7.269401e-02
-5.000000 7.147985e-02
-4.750000 6.984137e-02
-4.500000 6.780263e-02
-4.250000 6.539304e-02
-4.000000 6.264655e-02
-3.750000 5.960062e-02
-3.500000 5.629516e-02
-3.250000 5.277136e-02
-3.000000 4.907057e-02
-2.750000 4.523326e-02
-2.500000 4.129816e-02
-2.250000 3.730179e-02
-2.000000 3.327848e-02
-1.750000 2.926134e-02
-1.500000 2.528470e-02
-1.250000 2.138960e-02
-1.000000 1.763573e-02
-0.750000 1.412869e-02
-0.500000 1.108401e-02
-0.250000 8.950120e-03
0.000000 8.403916e-03
0.250000 9.671200e-03
0.500000 1.215404e-02
0.750000 1.522383e-02
1.000000 1.854159e-02
1.250000 2.193990e-02
1.500000 2.532537e-02
1.750000 2.863625e-02
2.000000 3.182524e-02
2.250000 3.485242e-02
2.500000 3.768252e-02
2.750000 4.028404e-02
3.000000 4.262928e-02
3.250000 4.469466e-02
3.500000 4.646126e-02
3.750000 4.791530e-02
4.000000 4.904854e-02
4.250000 4.985852e-02
4.500000 5.034865e-02
4.750000 5.052813e-02
5.000000 5.041160e-02
5.250000 5.001873e-02
5.500000 4.937351e-02
5.750000 4.850349e-02
6.000000 4.743881e-02
6.250000 4.621121e-02
6.500000 4.485291e-02
6.750000 4.339551e-02
7.000000 4.186898e-02
7.250000 4.030071e-02
7.500000 3.871474e-02
7.750000 3.713131e-02
8.000000 3.556666e-02
8.250000 3.403316e-02
8.500000 3.253983e-02
8.750000 3.109316e-02
9.000000 2.969816e-02
9.250000 2.835960e-02
9.500000 2.708324e-02
9.750000 2.587694e-02
10.000000 2.475155e-02
10.250000 2.372132e-02
10.500000 2.280377e-02
10.750000 2.201879e-02
11.000000 2.138693e-02
11.250000 2.092688e-02
11.500000 2.065265e-02
11.750000 2.057080e-02
12.000000 2.067871e-02
12.250000 2.096428e-02
12.500000 2.140716e-02
12.750000 2.198110e-02
13.000000 2.265676e-02
13.250000 2.340428e-02
13.500000 2.419525e-02
13.750000 2.500406e-02
14.000000 2.580858e-02
14.250000 2.659048e-02
14.500000 2.733511e-02
14.750000 2.803134e-02
15.000000 2.867111e-02
15.250000 2.924906e-02
15.500000 2.976204e-02
15.750000 3.020863e-02
16.000000 3.058867e-02
16.250000 3.090284e-02
16.500000 3.115220e-02
16.750000 3.133791e-02
17.000000 3.146094e-02
17.250000 3.152188e-02
17.500000 3.152092e-02
17.750000 3.145791e-02
18.000000 3.133246e-02
18.250000 3.114430e-02
18.500000 3.089359e-02
18.750000 3.058140e-02
19.000000 3.021016e-02
19.250000 2.978421e-02
19.500000 2.931026e-02
19.750000 2.879783e-02
20.000000 2.825957e-02
20.250000 2.771143e-02
20.500000 2.717252e-02
20.750000 2.666474e-02
21.000000 2.621192e-02
21.250000 2.583859e-02
21.500000 2.556817e-02
21.750000 2.542103e-02
22.000000 2.541240e-02
22.250000 2.555063e-02
22.500000 2.583616e-02
22.750000 2.626144e-02
23.000000 2.681173e-02
23.250000 2.746658e-02
23.500000 2.820174e-02
23.750000 2.899099e-02
24.000000 2.980774e-02
24.250000 3.062627e-02
24.500000 3.142255e-02
24.750000 3.217476e-02
25.000000 3.286353e-02
25.250000 3.347194e-02
25.500000 3.398546e-02
25.750000 3.439180e-02
26.000000 3.468071e-02
26.250000 3.484382e-02
26.500000 3.487449e-02
26.750000 3.476770e-02
27.000000 3.452001e-02
27.250000 3.412953e-02
27.500000 3.359595e-02
27.750000 3.292067e-02
28.000000 3.210686e-02
28.250000 3.115963e-02
28.500000 3.008616e-02
28.750000 2.889586e-02
29.000000 2.760057e-02
29.250000 2.621472e-02
29.500000 2.475564e-02
29.750000 2.324387e-02
30.000000 2.170367e-02
30.250000 2.016371e-02
30.500000 1.865803e-02
30.750000 1.722712e-02
31.000000 1.591894e-02
31.250000 1.478890e-02
31.500000 1.389730e-02
31.750000 1.330229e-02
32.000000 1.304790e-02
32.250000 1.315114e-02
32.500000 1.359600e-02
32.750000 1.433881e-02
33.000000 1.532133e-02
33.250000 1.648326e-02
33.500000 1.776981e-02
33.750000 1.913414e-02
34.000000 2.053700e-02
34.250000 2.194522e-02
34.500000 2.333015e-02
34.750000 2.466639e-02
35.000000 2.593091e-02
35.250000 2.710264e-02
35.500000 2.816222e-02
35.750000 2.909212e-02
36.000000 2.987683e-02
36.250000 3.050313e-02
36.500000 3.096049e-02
36.750000 3.124136e-02
37.000000 3.134148e-02
37.250000 3.126014e-02
37.500000 3.100029e-02
37.750000 3.056859e-02
38.000000 2.997538e-02
38.250000 2.923443e-02
38.500000 2.836272e-02
38.750000 2.738003e-02
39.000000 2.630844e-02
39.250000 2.517179e-02
39.500000 2.399511e-02
39.750000 2.280394e-02
40.000000 2.162376e-02
40.250000 2.047935e-02
40.500000 1.939427e-02
40.750000 1.839034e-02
41.000000 1.748725e-02
41.250000 1.670216e-02
41.500000 1.604936e-02
41.750000 1.553987e-02
42.000000 1.518104e-02
42.250000 1.497609e-02
42.500000 1.492375e-02
42.750000 1.501806e-02
43.000000 1.524842e-02
43.250000 1.560003e-02
43.500000 1.605456e-02
43.750000 1.659101e-02
44.000000 1.718669e-02
44.250000 1.781814e-02
44.500000 1.846206e-02
44.750000 1.909610e-02
45.000000 1.969964e-02
45.250000 2.025449e-02
45.500000 2.074546e-02
45.750000 2.116097e-02
46.000000 2.149344e-02
46.250000 2.173967e-02
46.500000 2.190107e-02
46.750000 2.198367e-02
47.000000 2.199805e-02
47.250000 2.195893e-02
47.500000 2.188448e-02
47.750000 2.179541e-02
48.000000 2.171356e-02
48.250000 2.166035e-02
48.500000 2.165492e-02
48.750000 2.171240e-02
49.000000 2.184240e-02
49.250000 2.204811e-02
49.500000 2.232609e-02
49.750000 2.266685e-02
50.000000 2.305601e-02
