-50.000000 9.262430e-02
-49.750000 9.367610e-02
-49.500000 9.470373e-02
-49.250000 9.571154e-02
-49.000000 9.670397e-02
-48.750000 9.768536e-02
-48.500000 9.865976e-02
-48.250000 9.963077e-02
-48.000000 1.006015e-01
-47.750000 1.015743e-01
-47.500000 1.025509e-01
-47.250000 1.035326e-01
-47.000000 1.045198e-01
-46.750000 1.055124e-01
-46.500000 1.065101e-01
-46.250000 1.075121e-01
-46.000000 1.085176e-01
-45.750000 1.095258e-01
-45.500000 1.105360e-01
-45.250000 1.115478e-01
-45.000000 1.125611e-01
-44.750000 1.135762e-01
-44.500000 1.145938e-01
-44.250000 1.156149e-01
-44.000000 1.166409e-01
-43.750000 1.176730e-01
-43.500000 1.187128e-01
-43.250000 1.197614e-01
-43.000000 1.208196e-01
-42.750000 1.218876e-01
-42.500000 1.229647e-01
-42.250000 1.240492e-01
-42.000000 1.251385e-01
-41.750000 1.262284e-01
-41.500000 1.273136e-01
-41.250000 1.283878e-01
-41.000000 1.294430e-01
-40.750000 1.304705e-01
-40.500000 1.314605e-01
-40.250000 1.324027e-01
-40.000000 1.332862e-01
-39.750000 1.341000e-01
-39.500000 1.348334e-01
-39.250000 1.354760e-01
-39.000000 1.360182e-01
-38.750000 1.364515e-01
-38.500000 1.367686e-01
-38.250000 1.369635e-01
-38.000000 1.370322e-01
-37.750000 1.369720e-01
-37.500000 1.367824e-01
-37.250000 1.364644e-01
-37.000000 1.360209e-01
-36.750000 1.354564e-01
-36.500000 1.347769e-01
-36.250000 1.339896e-01
-36.000000 1.331026e-01
-35.750000 1.321251e-01
-35.500000 1.310662e-01
-35.250000 1.299353e-01
-35.000000 1.287416e-01
-34.750000 1.274938e-01
-34.500000 1.261995e-01
-34.250000 1.248654e-01
-34.000000 1.234971e-01
-33.750000 1.220986e-01
-33.500000 1.206728e-01
-33.250000 1.192214e-01
-33.000000 1.177448e-01
-32.750000 1.162426e-01
-32.500000 1.147138e-01
-32.250000 1.131574e-01
-32.000000 1.115723e-01
-31.750000 1.099582e-01
-31.500000 1.083158e-01
-31.250000 1.066470e-01
-31.000000 1.049558e-01
-30.750000 1.032481e-01
-30.500000 1.015319e-01
-30.250000 9.981780e-02
-30.000000 9.811872e-02
-29.750000 9.644980e-02
-29.500000 9.482813e-02
-29.250000 9.327233e-02
-29.000000 9.180191e-02
-28.750000 9.043661e-02
-28.500000 8.919546e-02
-28.250000 8.809587e-02
-28.000000 8.715266e-02
-27.750000 8.637714e-02
-27.500000 8.577631e-02
-27.250000 8.535227e-02
-27.000000 8.510192e-02
-26.750000 8.501693e-02
-26.500000 8.508406e-02
-26.250000 8.528572e-02
-26.000000 8.560077e-02
-25.750000 8.600546e-02
-25.500000 8.647441e-02
-25.250000 8.698162e-02
-25.000000 8.750134e-02
-24.750000 8.800886e-02
-24.500000 8.848117e-02
-24.250000 8.889747e-02
-24.000000 8.923951e-02
-23.750000 8.949181e-02
-23.500000 8.964181e-02
-23.250000 8.967988e-02
-23.000000 8.959925e-02
-22.750000 8.939592e-02
-22.500000 8.906851e-02
-22.250000 8.861810e-02
-22.000000 8.804808e-02
-21.750000 8.736397e-02
-21.500000 8.657334e-02
-21.250000 8.568572e-02
-21.000000 8.471260e-02
-20.750000 8.366744e-02
-20.500000 8.256582e-02
-20.250000 8.142561e-02
-20.000000 8.026718e-02
-19.750000 7.911366e-02
-19.500000 7.799116e-02
-19.250000 7.692894e-02
-19.000000 7.595942e-02
-18.750000 7.511800e-02
-18.500000 7.444251e-02
-18.250000 7.397227e-02
-18.000000 7.374679e-02
-17.750000 7.380394e-02
-17.500000 7.417786e-02
-17.250000 7.489680e-02
-17.000000 7.598107e-02
-16.750000 7.744152e-02
-16.500000 7.927859e-02
-16.250000 8.148230e-02
-16.000000 8.403284e-02
-15.750000 8.690193e-02
-15.500000 9.005437e-02
-15.250000 9.344988e-02
-15.000000 9.704483e-02
-14.750000 1.007939e-01
-14.500000 1.046513e-01
-14.250000 1.085725e-01
-14.000000 1.125144e-01
-13.750000 1.164369e-01
-13.500000 1.203036e-01
-13.250000 1.240820e-01
-13.000000 1.277445e-01
-12.750000 1.312685e-01
-12.500000 1.346374e-01
-12.250000 1.378405e-01
-12.000000 1.408734e-01
-11.750000 1.437383e-01
-11.500000 1.464439e-01
-11.250000 1.490053e-01
-11.000000 1.514440e-01
-10.750000 1.537866e-01
-10.500000 1.560650e-01
-10.250000 1.583147e-01
-10.000000 1.605737e-01
-9.750000 1.628811e-01
-9.500000 1.652752e-01
-9.250000 1.677920e-01
-9.000000 1.704629e-01
-8.750000 1.733133e-01
-8.500000 1.763610e-01
-8.250000 1.796150e-01
-8.000000 1.830745e-01
-7.750000 1.867289e-01
-7.500000 1.905578e-01
-7.250000 1.945316e-01
-7.000000 1.986120e-01
-6.750000 2.027539e-01
-6.500000 2.069065e-01
-6.250000 2.110145e-01
-6.000000 2.150200e-01
-5.750000 2.188641e-01
-5.500000 2.224879e-01
-5.250000 2.258339e-01
-5.000000 2.288475e-01
-4.750000 2.314777e-01
-4.500000 2.336782e-01
-4.250000 2.354082e-01
-4.000000 2.366329e-01
-3.750000 2.373241e-01
-3.500000 2.374611e-01
-3.250000 2.370303e-01
-3.000000 2.360261e-01
-2.750000 2.344508e-01
-2.500000 2.323147e-01
-2.250000 2.296362e-01
-2.000000 2.264417e-01
-1.750000 2.227656e-01
-1.500000 2.186497e-01
-1.250000 2.141432e-01
-1.000000 2.093023e-01
-0.750000 2.041893e-01
-0.500000 1.988724e-01
-0.250000 1.934242e-01
0.000000 1.879211e-01
0.250000 1.824420e-01
0.500000 1.770660e-01
0.750000 1.718711e-01
1.000000 1.669316e-01
1.250000 1.623156e-01
1.500000 1.580823e-01
1.750000 1.542791e-01
2.000000 1.509394e-01
2.250000 1.480809e-01
2.500000 1.457042e-01
2.750000 1.437934e-01
3.000000 1.423171e-01
3.250000 1.412306e-01
3.500000 1.404794e-01
3.750000 1.400024e-01
4.000000 1.397354e-01
4.250000 1.396148e-01
4.500000 1.395803e-01
4.750000 1.395772e-01
5.000000 1.395580e-01
5.250000 1.394838e-01
5.500000 1.393247e-01
5.750000 1.390597e-01
6.000000 1.386771e-01
6.250000 1.381733e-01
6.500000 1.375525e-01
6.750000 1.368261e-01
7.000000 1.360107e-01
7.250000 1.351281e-01
7.500000 1.342030e-01
7.750000 1.332622e-01
8.000000 1.323333e-01
8.250000 1.314429e-01
8.500000 1.306154e-01
8.750000 1.298719e-01
9.000000 1.292291e-01
9.250000 1.286986e-01
9.500000 1.282860e-01
9.750000 1.279909e-01
10.000000 1.278074e-01
10.250000 1.277238e-01
10.500000 1.277240e-01
10.750000 1.277878e-01
11.000000 1.278925e-01
11.250000 1.280136e-01
11.500000 1.281257e-01
11.750000 1.282040e-01
12.000000 1.282251e-01
12.250000 1.281671e-01
12.500000 1.280113e-01
12.750000 1.277416e-01
13.000000 1.273455e-01
13.250000 1.268141e-01
13.500000 1.261421e-01
13.750000 1.253278e-01
14.000000 1.243731e-01
14.250000 1.232830e-01
14.500000 1.220658e-01
14.750000 1.207323e-01
15.000000 1.192960e-01
15.250000 1.177721e-01
15.500000 1.161774e-01
15.750000 1.145301e-01
16.000000 1.128488e-01
16.250000 1.111525e-01
16.500000 1.094599e-01
16.750000 1.077892e-01
17.000000 1.061574e-01
17.250000 1.045800e-01
17.500000 1.030708e-01
17.750000 1.016416e-01
18.000000 1.003017e-01
18.250000 9.905812e-02
18.500000 9.791551e-02
18.750000 9.687601e-02
19.000000 9.593949e-02
19.250000 9.510377e-02
19.500000 9.436482e-02
19.750000 9.371714e-02
20.000000 9.315408e-02
20.250000 9.266820e-02
20.500000 9.225165e-02
20.750000 9.189647e-02
21.000000 9.159496e-02
21.250000 9.133994e-02
21.500000 9.112497e-02
21.750000 9.094455e-02
22.000000 9.079424e-02
22.250000 9.067081e-02
22.500000 9.057220e-02
22.750000 9.049759e-02
23.000000 9.044733e-02
23.250000 9.042284e-02
23.500000 9.042652e-02
23.750000 9.046155e-02
24.000000 9.053175e-02
24.250000 9.064131e-02
24.500000 9.079461e-02
24.750000 9.099591e-02
25.000000 9.124915e-02
25.250000 9.155765e-02
25.500000 9.192392e-02
25.750000 9.234942e-02
26.000000 9.283440e-02
26.250000 9.337776e-02
26.500000 9.397702e-02
26.750000 9.462823e-02
27.000000 9.532607e-02
27.250000 9.606389e-02
27.500000 9.683390e-02
27.750000 9.762730e-02
28.000000 9.843452e-02
28.250000 9.924547e-02
28.500000 1.000498e-01
28.750000 1.008370e-01
29.000000 1.015971e-01
29.250000 1.023202e-01
29.500000 1.029973e-01
29.750000 1.036204e-01
30.000000 1.041824e-01
30.250000 1.046773e-01
30.500000 1.051007e-01
30.750000 1.054493e-01
31.000000 1.057215e-01
31.250000 1.059169e-01
31.500000 1.060366e-01
31.750000 1.060833e-01
32.000000 1.060605e-01
32.250000 1.059734e-01
32.500000 1.058279e-01
32.750000 1.056309e-01
33.000000 1.053902e-01
33.250000 1.051140e-01
33.500000 1.048109e-01
33.750000 1.044897e-01
34.000000 1.041592e-01
34.250000 1.038282e-01
34.500000 1.035051e-01
34.750000 1.031977e-01
35.000000 1.029135e-01
35.250000 1.026593e-01
35.500000 1.024409e-01
35.750000 1.022638e-01
36.000000 1.021324e-01
36.250000 1.020504e-01
36.500000 1.020207e-01
36.750000 1.020457e-01
37.000000 1.021268e-01
37.250000 1.022650e-01
37.500000 1.024604e-01
37.750000 1.027129e-01
38.000000 1.030215e-01
38.250000 1.033846e-01
38.500000 1.038002e-01
38.750000 1.042656e-01
39.000000 1.047775e-01
39.250000 1.053318e-01
39.500000 1.059239e-01
39.750000 1.065485e-01
40.000000 1.071994e-01
40.250000 1.078698e-01
40.500000 1.085523e-01
40.750000 1.092389e-01
41.000000 1.099207e-01
41.250000 1.105887e-01
41.500000 1.112335e-01
41.750000 1.118451e-01
42.000000 1.124139e-01
42.250000 1.129298e-01
42.500000 1.133835e-01
42.750000 1.137654e-01
43.000000 1.140671e-01
43.250000 1.142803e-01
43.500000 1.143979e-01
43.750000 1.144136e-01
44.000000 1.143222e-01
44.250000 1.141197e-01
44.500000 1.138035e-01
44.750000 1.133722e-01
45.000000 1.128259e-01
45.250000 1.121661e-01
45.500000 1.113959e-01
45.750000 1.105197e-01
46.000000 1.095434e-01
46.250000 1.084741e-01
46.500000 1.073205e-01
46.750000 1.060922e-01
47.000000 1.048000e-01
47.250000 1.034556e-01
47.500000 1.020715e-01
47.750000 1.006609e-01
48.000000 9.923700e-02
48.250000 9.781359e-02
48.500000 9.640419e-02
48.750000 9.502204e-02
49.000000 9.367984e-02
49.250000 9.238946e-02
49.500000 9.116176e-02
49.750000 9.000630e-02
50.000000 8.893119e-02
