-50.000000 6.622929e-03
-49.750000 6.427812e-03
-49.500000 6.197032e-03
-49.250000 5.937731e-03
-49.000000 5.659591e-03
-48.750000 5.375251e-03
-48.500000 5.100731e-03
-48.250000 4.855611e-03
-48.000000 4.662466e-03
-47.750000 4.544893e-03
-47.500000 4.523738e-03
-47.250000 4.612382e-03
-47.000000 4.813373e-03
-46.750000 5.118531e-03
-46.500000 5.512231e-03
-46.250000 5.975638e-03
-46.000000 6.489941e-03
-45.750000 7.038032e-03
-45.500000 7.605055e-03
-45.250000 8.178340e-03
-45.000000 8.747123e-03
-44.750000 9.302239e-03
-44.500000 9.835846e-03
-44.250000 1.034122e-02
-44.000000 1.081260e-02
-43.750000 1.124506e-02
-43.500000 1.163448e-02
-43.250000 1.197742e-02
-43.000000 1.227114e-02
-42.750000 1.251352e-02
-42.500000 1.270311e-02
-42.250000 1.283903e-02
-42.000000 1.292101e-02
-41.750000 1.294935e-02
-41.500000 1.292493e-02
-41.250000 1.284915e-02
-41.000000 1.272398e-02
-40.750000 1.255187e-02
-40.500000 1.233579e-02
-40.250000 1.207919e-02
-40.000000 1.178598e-02
-39.750000 1.146051e-02
-39.500000 1.110760e-02
-39.250000 1.073247e-02
-39.000000 1.034079e-02
-38.750000 9.938636e-03
-38.500000 9.532535e-03
-38.250000 9.129437e-03
-38.000000 8.736731e-03
-37.750000 8.362216e-03
-37.500000 8.014050e-03
-37.250000 7.700629e-03
-37.000000 7.430381e-03
-36.750000 7.211454e-03
-36.500000 7.051294e-03
-36.250000 6.956161e-03
-36.000000 6.930670e-03
-35.750000 6.977488e-03
-35.500000 7.097269e-03
-35.250000 7.288872e-03
-35.000000 7.549797e-03
-34.750000 7.876719e-03
-34.500000 8.265984e-03
-34.250000 8.713985e-03
-34.000000 9.217385e-03
-33.750000 9.773197e-03
-33.500000 1.037876e-02
-33.250000 1.103163e-02
-33.000000 1.172947e-02
-32.750000 1.246990e-02
-32.500000 1.325040e-02
-32.250000 1.406816e-02
-32.000000 1.492004e-02
-31.750000 1.580248e-02
-31.500000 1.671149e-02
-31.250000 1.764263e-02
-31.000000 1.859099e-02
-30.750000 1.955124e-02
-30.500000 2.051764e-02
-30.250000 2.148409e-02
-30.000000 2.244414e-02
-29.750000 2.339111e-02
-29.500000 2.431806e-02
-29.250000 2.521792e-02
-29.000000 2.608349e-02
-28.750000 2.690755e-02
-28.500000 2.768288e-02
-28.250000 2.840235e-02
-28.000000 2.905897e-02
-27.750000 2.964593e-02
-27.500000 3.015667e-02
-27.250000 3.058495e-02
-27.000000 3.092489e-02
-26.750000 3.117099e-02
-26.500000 3.131825e-02
-26.250000 3.136213e-02
-26.000000 3.129863e-02
-25.750000 3.112436e-02
-25.500000 3.083650e-02
-25.250000 3.043287e-02
-25.000000 2.991198e-02
-24.750000 2.927297e-02
-24.500000 2.851572e-02
-24.250000 2.764079e-02
-24.000000 2.664943e-02
-23.750000 2.554364e-02
-23.500000 2.432609e-02
-23.250000 2.300016e-02
-23.000000 2.156990e-02
-22.750000 2.004004e-02
-22.500000 1.841595e-02
-22.250000 1.670360e-02
-22.000000 1.490959e-02
-21.750000 1.304109e-02
-21.500000 1.110587e-02
-21.250000 9.112376e-03
-21.000000 7.069985e-03
-20.750000 4.990157e-03
-20.500000 2.892702e-03
-20.250000 9.050721e-04
-20.000000 1.592794e-03
-19.750000 3.693214e-03
-19.500000 5.837809e-03
-19.250000 7.977669e-03
-19.000000 1.009710e-02
-18.750000 1.218480e-02
-18.500000 1.423076e-02
-18.250000 1.622558e-02
-18.000000 1.816034e-02
-17.750000 2.002655e-02
-17.500000 2.181618e-02
-17.250000 2.352173e-02
-17.000000 2.513618e-02
-16.750000 2.665316e-02
-16.500000 2.806687e-02
-16.250000 2.937223e-02
-16.000000 3.056484e-02
-15.750000 3.164105e-02
-15.500000 3.259801e-02
-15.250000 3.343366e-02
-15.000000 3.414682e-02
-14.750000 3.473713e-02
-14.500000 3.520516e-02
-14.250000 3.555237e-02
-14.000000 3.578115e-02
-13.750000 3.589484e-02
-13.500000 3.589772e-02
-13.250000 3.579506e-02
-13.000000 3.559309e-02
-12.750000 3.529902e-02
-12.500000 3.492105e-02
-12.250000 3.446835e-02
-12.000000 3.395106e-02
-11.750000 3.338027e-02
-11.500000 3.276797e-02
-11.250000 3.212699e-02
-11.000000 3.147091e-02
-10.750000 3.081390e-02
-10.500000 3.017054e-02
-10.250000 2.955556e-02
-10.000000 2.898348e-02
-9.750000 2.846818e-02
-9.500000 2.802245e-02
-9.250000 2.765745e-02
-9.000000 2.738217e-02
-8.750000 2.720300e-02
-8.500000 2.712339e-02
-8.250000 2.714366e-02
-8.000000 2.726109e-02
-7.750000 2.747013e-02
-7.500000 2.776284e-02
-7.250000 2.812942e-02
-7.000000 2.855877e-02
-6.750000 2.903908e-02
-6.500000 2.955835e-02
-6.250000 3.010479e-02
-6.000000 3.066719e-02
-5.750000 3.123513e-02
-5.500000 3.179916e-02
-5.250000 3.235094e-02
-5.000000 3.288319e-02
-4.750000 3.338980e-02
-4.500000 3.386575e-02
-4.250000 3.430709e-02
-4.000000 3.471087e-02
-3.750000 3.507510e-02
-3.500000 3.539865e-02
-3.250000 3.568120e-02
-3.000000 3.592317e-02
-2.750000 3.612558e-02
-2.500000 3.629006e-02
-2.250000 3.641868e-02
-2.000000 3.651392e-02
-1.750000 3.657857e-02
-1.500000 3.661564e-02
-1.250000 3.662830e-02
-1.000000 3.661975e-02
-0.750000 3.659323e-02
-0.500000 3.655186e-02
-0.250000 3.649863e-02
0.000000 3.643634e-02
0.250000 3.636753e-02
0.500000 3.629446e-02
0.750000 3.621908e-02
1.000000 3.614303e-02
1.250000 3.606761e-02
1.500000 3.599382e-02
1.750000 3.592236e-02
2.000000 3.585367e-02
2.250000 3.578796e-02
2.500000 3.572525e-02
2.750000 3.566546e-02
3.000000 3.560840e-02
3.250000 3.555385e-02
3.500000 3.550163e-02
3.750000 3.545161e-02
4.000000 3.540375e-02
4.250000 3.535817e-02
4.500000 3.531514e-02
4.750000 3.527510e-02
5.000000 3.523870e-02
5.250000 3.520674e-02
5.500000 3.518021e-02
5.750000 3.516025e-02
6.000000 3.514811e-02
6.250000 3.514515e-02
6.500000 3.515277e-02
6.750000 3.517236e-02
7.000000 3.520528e-02
7.250000 3.525280e-02
7.500000 3.531605e-02
7.750000 3.539598e-02
8.000000 3.549333e-02
8.250000 3.560858e-02
8.500000 3.574195e-02
8.750000 3.589340e-02
9.000000 3.606255e-02
9.250000 3.624879e-02
9.500000 3.645121e-02
9.750000 3.666868e-02
10.000000 3.689984e-02
10.250000 3.714314e-02
10.500000 3.739690e-02
10.750000 3.765933e-02
11.000000 3.792857e-02
11.250000 3.820276e-02
11.500000 3.848002e-02
11.750000 3.875852e-02
12.000000 3.903653e-02
12.250000 3.931239e-02
12.500000 3.958456e-02
12.750000 3.985163e-02
13.000000 4.011232e-02
13.250000 4.036549e-02
13.500000 4.061011e-02
13.750000 4.084529e-02
14.000000 4.107024e-02
14.250000 4.128423e-02
14.500000 4.148662e-02
14.750000 4.167681e-02
15.000000 4.185422e-02
15.250000 4.201826e-02
15.500000 4.216830e-02
15.750000 4.230367e-02
16.000000 4.242364e-02
16.250000 4.252737e-02
16.500000 4.261392e-02
16.750000 4.268224e-02
17.000000 4.273117e-02
17.250000 4.275941e-02
17.500000 4.276556e-02
17.750000 4.274809e-02
18.000000 4.270539e-02
18.250000 4.263576e-02
18.500000 4.253743e-02
18.750000 4.240859e-02
19.000000 4.224741e-02
19.250000 4.205206e-02
19.500000 4.182076e-02
19.750000 4.155178e-02
20.000000 4.124347e-02
20.250000 4.089432e-02
20.500000 4.050292e-02
20.750000 4.006807e-02
21.000000 3.958873e-02
21.250000 3.906407e-02
21.500000 3.849348e-02
21.750000 3.787659e-02
22.000000 3.721329e-02
22.250000 3.650372e-02
22.500000 3.574827e-02
22.750000 3.494763e-02
23.000000 3.410273e-02
23.250000 3.321479e-02
23.500000 3.228527e-02
23.750000 3.131591e-02
24.000000 3.030870e-02
24.250000 2.926586e-02
24.500000 2.818988e-02
24.750000 2.708347e-02
25.000000 2.594958e-02
25.250000 2.479142e-02
25.500000 2.361244e-02
25.750000 2.241637e-02
26.000000 2.120726e-02
26.250000 1.998955e-02
26.500000 1.876815e-02
26.750000 1.754857e-02
27.000000 1.633716e-02
27.250000 1.514134e-02
27.500000 1.397008e-02
27.750000 1.283445e-02
28.000000 1.174844e-02
28.250000 1.072996e-02
28.500000 9.802054e-03
28.750000 8.993759e-03
29.000000 8.339845e-03
29.250000 7.877705e-03
29.500000 7.640094e-03
29.750000 7.645051e-03
30.000000 7.888637e-03
30.250000 8.346192e-03
30.500000 8.981160e-03
30.750000 9.755056e-03
31.000000 1.063377e-02
31.250000 1.158979e-02
31.500000 1.260195e-02
31.750000 1.365429e-02
32.000000 1.473482e-02
32.250000 1.583441e-02
32.500000 1.694602e-02
32.750000 1.806406e-02
33.000000 1.918397e-02
33.250000 2.030192e-02
33.500000 2.141459e-02
33.750000 2.251896e-02
34.000000 2.361226e-02
34.250000 2.469185e-02
34.500000 2.575516e-02
34.750000 2.679966e-02
35.000000 2.782283e-02
35.250000 2.882214e-02
35.500000 2.979507e-02
35.750000 3.073906e-02
36.000000 3.165156e-02
36.250000 3.253000e-02
36.500000 3.337185e-02
36.750000 3.417457e-02
37.000000 3.493569e-02
37.250000 3.565278e-02
37.500000 3.632350e-02
37.750000 3.694558e-02
38.000000 3.751687e-02
38.250000 3.803535e-02
38.500000 3.849913e-02
38.750000 3.890648e-02
39.000000 3.925582e-02
39.250000 3.954577e-02
39.500000 3.977514e-02
39.750000 3.994290e-02
40.000000 4.004828e-02
40.250000 4.009067e-02
40.500000 4.006969e-02
40.750000 3.998518e-02
41.000000 3.983719e-02
41.250000 3.962595e-02
41.500000 3.935195e-02
41.750000 3.901585e-02
42.000000 3.861850e-02
42.250000 3.816095e-02
42.500000 3.764444e-02
42.750000 3.707036e-02
43.000000 3.644027e-02
43.250000 3.575587e-02
43.500000 3.501900e-02
43.750000 3.423161e-02
44.000000 3.339579e-02
44.250000 3.251368e-02
44.500000 3.158756e-02
44.750000 3.061972e-02
45.000000 2.961254e-02
45.250000 2.856846e-02
45.500000 2.748991e-02
45.750000 2.637937e-02
46.000000 2.523932e-02
46.250000 2.407226e-02
46.500000 2.288064e-02
46.750000 2.166694e-02
47.000000 2.043359e-02
47.250000 1.918299e-02
47.500000 1.791753e-02
47.750000 1.663954e-02
48.000000 1.535136e-02
48.250000 1.405528e-02
48.500000 1.275359e-02
48.750000 1.144862e-02
49.000000 1.014277e-02
49.250000 8.838654e-03
49.500000 7.539288e-03
49.750000 6.248613e-03
50.000000 4.972727e-03
