-50.000000 1.280436e-02
-49.750000 1.262020e-02
-49.500000 1.243316e-02
-49.250000 1.225554e-02
-49.000000 1.209625e-02
-48.750000 1.196003e-02
-48.500000 1.184729e-02
-48.250000 1.175460e-02
-48.000000 1.167553e-02
-47.750000 1.160191e-02
-47.500000 1.152510e-02
-47.250000 1.143711e-02
-47.000000 1.133160e-02
-46.750000 1.120450e-02
-46.500000 1.105446e-02
-46.250000 1.088310e-02
-46.000000 1.069505e-02
-45.750000 1.049792e-02
-45.500000 1.030204e-02
-45.250000 1.011993e-02
-45.000000 9.965455e-03
-44.750000 9.852585e-03
-44.500000 9.793701e-03
-44.250000 9.797740e-03
-44.000000 9.868484e-03
-43.750000 1.000343e-02
-43.500000 1.019359e-02
-43.250000 1.042419e-02
-43.000000 1.067610e-02
-42.750000 1.092756e-02
-42.500000 1.115587e-02
-42.250000 1.133891e-02
-42.000000 1.145629e-02
-41.750000 1.149037e-02
-41.500000 1.142701e-02
-41.250000 1.125631e-02
-41.000000 1.097335e-02
-40.750000 1.057905e-02
-40.500000 1.008130e-02
-40.250000 9.496598e-03
-40.000000 8.852378e-03
-39.750000 8.190259e-03
-39.500000 7.569688e-03
-39.250000 7.069417e-03
-39.000000 6.780115e-03
-38.750000 6.780256e-03
-38.500000 7.101955e-03
-38.250000 7.715766e-03
-38.000000 8.549835e-03
-37.750000 9.520882e-03
-37.500000 1.055322e-02
-37.250000 1.158425e-02
-37.000000 1.256363e-02
-36.750000 1.345111e-02
-36.500000 1.421474e-02
-36.250000 1.482961e-02
-36.000000 1.527716e-02
-35.750000 1.554470e-02
-35.500000 1.562510e-02
-35.250000 1.551648e-02
-35.000000 1.522178e-02
-34.750000 1.474830e-02
-34.500000 1.410707e-02
-34.250000 1.331211e-02
-34.000000 1.237957e-02
-33.750000 1.132683e-02
-33.500000 1.017164e-02
-33.250000 8.931329e-03
-33.000000 7.622514e-03
-32.750000 6.261515e-03
-32.500000 4.867024e-03
-32.250000 3.470387e-03
-32.000000 2.164961e-03
-31.750000 1.403707e-03
-31.500000 2.047107e-03
-31.250000 3.402052e-03
-31.000000 4.922885e-03
-30.750000 6.489449e-03
-30.500000 8.055846e-03
-30.250000 9.588813e-03
-30.000000 1.105570e-02
-29.750000 1.242171e-02
-29.500000 1.364973e-02
-29.250000 1.470122e-02
-29.000000 1.553763e-02
-28.750000 1.612205e-02
-28.500000 1.642114e-02
-28.250000 1.640705e-02
-28.000000 1.605945e-02
-27.750000 1.536775e-02
-27.500000 1.433372e-02
-27.250000 1.297532e-02
-27.000000 1.133395e-02
-26.750000 9.490941e-03
-26.500000 7.611206e-03
-26.250000 6.056926e-03
-26.000000 5.523303e-03
-25.750000 6.526451e-03
-25.500000 8.649392e-03
-25.250000 1.128783e-02
-25.000000 1.410445e-02
-24.750000 1.691833e-02
-24.500000 1.961364e-02
-24.250000 2.210492e-02
-24.000000 2.432475e-02
-23.750000 2.621935e-02
-23.500000 2.774709e-02
-23.250000 2.887796e-02
-23.000000 2.959338e-02
-22.750000 2.988601e-02
-22.500000 2.975947e-02
-22.250000 2.922808e-02
-22.000000 2.831673e-02
-21.750000 2.706114e-02
-21.500000 2.550892e-02
-21.250000 2.372207e-02
-21.000000 2.178180e-02
-20.750000 1.979676e-02
-20.500000 1.791505e-02
-20.250000 1.633585e-02
-20.000000 1.530356e-02
-19.750000 1.505192e-02
-19.500000 1.569659e-02
-19.250000 1.716875e-02
-19.000000 1.926935e-02
-18.750000 2.177114e-02
-18.500000 2.447598e-02
-18.250000 2.722497e-02
-18.000000 2.989054e-02
-17.750000 3.236709e-02
-17.500000 3.456455e-02
-17.250000 3.640480e-02
-17.000000 3.782018e-02
-16.750000 3.875330e-02
-16.500000 3.915760e-02
-16.250000 3.899827e-02
-16.000000 3.825347e-02
-15.750000 3.691555e-02
-15.500000 3.499253e-02
-15.250000 3.250991e-02
-15.000000 2.951357e-02
-14.750000 2.607528e-02
-14.500000 2.230477e-02
-14.250000 1.837912e-02
-14.000000 1.461807e-02
-13.750000 1.165997e-02
-13.500000 1.059762e-02
-13.250000 1.211291e-02
-13.000000 1.545962e-02
-12.750000 1.961327e-02
-12.500000 2.398490e-02
-12.250000 2.826358e-02
-12.000000 3.226098e-02
-11.750000 3.584664e-02
-11.500000 3.892318e-02
-11.250000 4.141676e-02
-11.000000 4.327342e-02
-10.750000 4.445794e-02
-10.500000 4.495367e-02
-10.250000 4.476283e-02
-10.000000 4.390689e-02
-9.750000 4.242703e-02
-9.500000 4.038466e-02
-9.250000 3.786223e-02
-9.000000 3.496439e-02
-8.750000 3.182022e-02
-8.500000 2.858643e-02
-8.250000 2.545131e-02
-8.000000 2.263570e-02
-7.750000 2.037979e-02
-7.500000 1.889620e-02
-7.250000 1.828392e-02
-7.000000 1.845843e-02
-6.750000 1.917861e-02
-6.500000 2.015119e-02
-6.250000 2.111864e-02
-6.000000 2.189199e-02
-5.750000 2.234948e-02
-5.500000 2.242523e-02
-5.250000 2.209864e-02
-5.000000 2.138682e-02
-4.750000 2.034018e-02
-4.500000 1.904082e-02
-4.250000 1.760382e-02
-4.000000 1.618063e-02
-3.750000 1.496067e-02
-3.500000 1.415852e-02
-3.250000 1.396860e-02
-3.000000 1.449298e-02
-2.750000 1.570194e-02
-2.500000 1.747263e-02
-2.250000 1.966094e-02
-2.000000 2.214550e-02
-1.750000 2.483627e-02
-1.500000 2.766660e-02
-1.250000 3.058187e-02
-1.000000 3.353024e-02
-0.750000 3.645653e-02
-0.500000 3.929931e-02
-0.250000 4.199057e-02
0.000000 4.445737e-02
0.250000 4.662488e-02
0.500000 4.842016e-02
0.750000 4.977618e-02
1.000000 5.063570e-02
1.250000 5.095462e-02
1.500000 5.070475e-02
1.750000 4.987561e-02
2.000000 4.847536e-02
2.250000 4.653081e-02
2.500000 4.408645e-02
2.750000 4.120265e-02
3.000000 3.795325e-02
3.250000 3.442244e-02
3.500000 3.070149e-02
3.750000 2.688526e-02
4.000000 2.306906e-02
4.250000 1.934622e-02
4.500000 1.580712e-02
4.750000 1.254120e-02
5.000000 9.644743e-03
5.250000 7.240149e-03
5.500000 5.506289e-03
5.750000 4.651361e-03
6.000000 4.666883e-03
6.250000 5.188267e-03
6.500000 5.836869e-03
6.750000 6.409771e-03
7.000000 6.823234e-03
7.250000 7.048688e-03
7.500000 7.082288e-03
7.750000 6.933155e-03
8.000000 6.620734e-03
8.250000 6.177743e-03
8.500000 5.658037e-03
8.750000 5.149199e-03
9.000000 4.783578e-03
9.250000 4.720459e-03
9.500000 5.066630e-03
9.750000 5.799793e-03
10.000000 6.803069e-03
10.250000 7.946125e-03
10.500000 9.121662e-03
10.750000 1.024775e-02
11.000000 1.126300e-02
11.250000 1.212329e-02
11.500000 1.280069e-02
11.750000 1.328364e-02
12.000000 1.357763e-02
12.250000 1.370574e-02
12.500000 1.370847e-02
12.750000 1.364205e-02
13.000000 1.357408e-02
13.250000 1.357537e-02
13.500000 1.370812e-02
13.750000 1.401292e-02
14.000000 1.449955e-02
14.250000 1.514600e-02
14.500000 1.590544e-02
14.750000 1.671707e-02
15.000000 1.751620e-02
15.250000 1.824117e-02
15.500000 1.883717e-02
15.750000 1.925766e-02
16.000000 1.946465e-02
16.250000 1.942823e-02
16.500000 1.912612e-02
16.750000 1.854327e-02
17.000000 1.767190e-02
17.250000 1.651196e-02
17.500000 1.507254e-02
17.750000 1.337460e-02
18.000000 1.145700e-02
18.250000 9.390992e-03
18.500000 7.320385e-03
18.750000 5.578646e-03
19.000000 4.883838e-03
19.250000 5.822361e-03
19.500000 7.884098e-03
19.750000 1.039726e-02
20.000000 1.302762e-02
20.250000 1.560721e-02
20.500000 1.803061e-02
20.750000 2.022025e-02
21.000000 2.211529e-02
21.250000 2.366805e-02
21.500000 2.484305e-02
21.750000 2.561694e-02
22.000000 2.597836e-02
22.250000 2.592769e-02
22.500000 2.547644e-02
22.750000 2.464625e-02
23.000000 2.346762e-02
23.250000 2.197840e-02
23.500000 2.022212e-02
23.750000 1.824651e-02
24.000000 1.610227e-02
24.250000 1.384264e-02
24.500000 1.152468e-02
24.750000 9.214670e-03
25.000000 7.005038e-03
25.250000 5.067581e-03
25.500000 3.797594e-03
25.750000 3.793916e-03
26.000000 4.922660e-03
26.250000 6.498073e-03
26.500000 8.149478e-03
26.750000 9.731224e-03
27.000000 1.117668e-02
27.250000 1.244852e-02
27.500000 1.352272e-02
27.750000 1.438298e-02
28.000000 1.501880e-02
28.250000 1.542481e-02
28.500000 1.560072e-02
28.750000 1.555139e-02
29.000000 1.528694e-02
29.250000 1.482282e-02
29.500000 1.417983e-02
29.750000 1.338424e-02
30.000000 1.246802e-02
30.250000 1.146946e-02
30.500000 1.043442e-02
30.750000 9.418129e-03
31.000000 8.487162e-03
31.250000 7.719118e-03
31.500000 7.194537e-03
31.750000 6.975261e-03
32.000000 7.076067e-03
32.250000 7.454572e-03
32.500000 8.032109e-03
32.750000 8.724629e-03
33.000000 9.461093e-03
33.250000 1.018786e-02
33.500000 1.086654e-02
33.750000 1.147062e-02
34.000000 1.198251e-02
34.250000 1.239149e-02
34.500000 1.269220e-02
34.750000 1.288354e-02
35.000000 1.296776e-02
35.250000 1.294967e-02
35.500000 1.283593e-02
35.750000 1.263439e-02
36.000000 1.235357e-02
36.250000 1.200223e-02
36.500000 1.158925e-02
36.750000 1.112366e-02
37.000000 1.061498e-02
37.250000 1.007388e-02
37.500000 9.513054e-03
37.750000 8.948270e-03
38.000000 8.399496e-03
38.250000 7.891697e-03
38.500000 7.454762e-03
38.750000 7.121580e-03
39.000000 6.923349e-03
39.250000 6.882421e-03
39.500000 7.005442e-03
39.750000 7.280860e-03
40.000000 7.682474e-03
40.250000 8.176465e-03
40.500000 8.727938e-03
40.750000 9.304977e-03
41.000000 9.880328e-03
41.250000 1.043168e-02
41.500000 1.094134e-02
41.750000 1.139581e-02
42.000000 1.178544e-02
42.250000 1.210419e-02
42.500000 1.234957e-02
42.750000 1.252269e-02
43.000000 1.262831e-02
43.250000 1.267476e-02
43.500000 1.267382e-02
43.750000 1.264016e-02
44.000000 1.259042e-02
44.250000 1.254179e-02
44.500000 1.251013e-02
44.750000 1.250789e-02
45.000000 1.254208e-02
45.250000 1.261293e-02
45.500000 1.271338e-02
45.750000 1.282977e-02
46.000000 1.294339e-02
46.250000 1.303262e-02
46.500000 1.307518e-02
46.750000 1.305024e-02
47.000000 1.294017e-02
47.250000 1.273188e-02
47.500000 1.241786e-02
47.750000 1.199700e-02
48.000000 1.147519e-02
48.250000 1.086605e-02
48.500000 1.019173e-02
48.750000 9.483856e-03
49.000000 8.784598e-03
49.250000 8.146852e-03
49.500000 7.631665e-03
49.750000 7.299638e-03
50.000000 7.194914e-03
