-50.000000 2.157769e-02
-49.750000 2.233564e-02
-49.500000 2.308905e-02
-49.250000 2.381698e-02
-49.000000 2.450086e-02
-48.750000 2.512406e-02
-48.500000 2.567151e-02
-48.250000 2.612957e-02
-48.000000 2.648604e-02
-47.750000 2.673034e-02
-47.500000 2.685386e-02
-47.250000 2.685039e-02
-47.000000 2.671663e-02
-46.750000 2.645268e-02
-46.500000 2.606253e-02
-46.250000 2.555451e-02
-46.000000 2.494155e-02
-45.750000 2.424141e-02
-45.500000 2.347666e-02
-45.250000 2.267439e-02
-45.000000 2.186560e-02
-44.750000 2.108407e-02
-44.500000 2.036468e-02
-44.250000 1.974096e-02
-44.000000 1.924215e-02
-43.750000 1.889002e-02
-43.500000 1.869615e-02
-43.250000 1.866054e-02
-43.000000 1.877198e-02
-42.750000 1.901011e-02
-42.500000 1.934856e-02
-42.250000 1.975827e-02
-42.000000 2.021023e-02
-41.750000 2.067735e-02
-41.500000 2.113532e-02
-41.250000 2.156289e-02
-41.000000 2.194151e-02
-40.750000 2.225483e-02
-40.500000 2.248813e-02
-40.250000 2.262782e-02
-40.000000 2.266109e-02
-39.750000 2.257584e-02
-39.500000 2.236075e-02
-39.250000 2.200566e-02
-39.000000 2.150210e-02
-38.750000 2.084406e-02
-38.500000 2.002889e-02
-38.250000 1.905850e-02
-38.000000 1.794089e-02
-37.750000 1.669224e-02
-37.500000 1.534017e-02
-37.250000 1.392885e-02
-37.000000 1.252725e-02
-36.750000 1.124122e-02
-36.500000 1.022534e-02
-36.250000 9.675452e-03
-36.000000 9.767760e-03
-35.750000 1.055998e-02
-35.500000 1.196433e-02
-35.250000 1.382552e-02
-35.000000 1.599897e-02
-34.750000 1.837641e-02
-34.500000 2.088177e-02
-34.250000 2.346125e-02
-34.000000 2.607517e-02
-33.750000 2.869251e-02
-33.500000 3.128724e-02
-33.250000 3.383590e-02
-33.000000 3.631583e-02
-32.750000 3.870399e-02
-32.500000 4.097616e-02
-32.250000 4.310651e-02
-32.000000 4.506751e-02
-31.750000 4.683013e-02
-31.500000 4.836433e-02
-31.250000 4.963982e-02
-31.000000 5.062694e-02
-30.750000 5.129769e-02
-30.500000 5.162686e-02
-30.250000 5.159311e-02
-30.000000 5.118001e-02
-29.750000 5.037701e-02
-29.500000 4.918016e-02
-29.250000 4.759279e-02
-29.000000 4.562589e-02
-28.750000 4.329833e-02
-28.500000 4.063692e-02
-28.250000 3.767644e-02
-28.000000 3.445965e-02
-27.750000 3.103770e-02
-27.500000 2.747152e-02
-27.250000 2.383515e-02
-27.000000 2.022384e-02
-26.750000 1.677210e-02
-26.500000 1.369198e-02
-26.250000 1.133652e-02
-26.000000 1.020623e-02
-25.750000 1.063463e-02
-25.500000 1.237802e-02
-25.250000 1.489926e-02
-25.000000 1.779611e-02
-24.750000 2.084951e-02
-24.500000 2.394861e-02
-24.250000 2.703700e-02
-24.000000 3.008462e-02
-23.750000 3.307320e-02
-23.500000 3.598812e-02
-23.250000 3.881360e-02
-23.000000 4.152992e-02
-22.750000 4.411196e-02
-22.500000 4.652887e-02
-22.250000 4.874458e-02
-22.000000 5.071888e-02
-21.750000 5.240904e-02
-21.500000 5.377159e-02
-21.250000 5.476431e-02
-21.000000 5.534808e-02
-20.750000 5.548866e-02
-20.500000 5.515821e-02
-20.250000 5.433655e-02
-20.000000 5.301202e-02
-19.750000 5.118209e-02
-19.500000 4.885350e-02
-19.250000 4.604210e-02
-19.000000 4.277233e-02
-18.750000 3.907635e-02
-18.500000 3.499292e-02
-18.250000 3.056606e-02
-18.000000 2.584344e-02
-17.750000 2.087487e-02
-17.500000 1.571085e-02
-17.250000 1.040220e-02
-17.000000 5.008827e-03
-16.750000 9.098899e-04
-16.500000 6.091861e-03
-16.250000 1.158678e-02
-16.000000 1.707497e-02
-15.750000 2.253130e-02
-15.500000 2.794438e-02
-15.250000 3.330897e-02
-15.000000 3.862352e-02
-14.750000 4.388817e-02
-14.500000 4.910281e-02
-14.250000 5.426528e-02
-14.000000 5.936984e-02
-13.750000 6.440598e-02
-13.500000 6.935775e-02
-13.250000 7.420353e-02
-13.000000 7.891634e-02
-12.750000 8.346464e-02
-12.500000 8.781341e-02
-12.250000 9.192556e-02
-12.000000 9.576337e-02
-11.750000 9.929015e-02
-11.500000 1.024716e-01
-11.250000 1.052773e-01
-11.000000 1.076818e-01
-10.750000 1.096653e-01
-10.500000 1.112146e-01
-10.250000 1.123232e-01
-10.000000 1.129914e-01
-9.750000 1.132260e-01
-9.500000 1.130399e-01
-9.250000 1.124517e-01
-9.000000 1.114845e-01
-8.750000 1.101652e-01
-8.500000 1.085241e-01
-8.250000 1.065935e-01
-8.000000 1.044079e-01
-7.750000 1.020028e-01
-7.500000 9.941532e-02
-7.250000 9.668382e-02
-7.000000 9.384853e-02
-6.750000 9.095208e-02
-6.500000 8.804021e-02
-6.250000 8.516251e-02
-6.000000 8.237291e-02
-5.750000 7.972970e-02
-5.500000 7.729489e-02
-5.250000 7.513241e-02
-5.000000 7.330516e-02
-4.750000 7.187067e-02
-4.500000 7.087594e-02
-4.250000 7.035199e-02
-4.000000 7.030940e-02
-3.750000 7.073587e-02
-3.500000 7.159635e-02
-3.250000 7.283592e-02
-3.000000 7.438445e-02
-2.750000 7.616217e-02
-2.500000 7.808504e-02
-2.250000 8.006923e-02
-2.000000 8.203458e-02
-1.750000 8.390693e-02
-1.500000 8.561950e-02
-1.250000 8.711360e-02
-1.000000 8.833891e-02
-0.750000 8.925336e-02
-0.500000 8.982284e-02
-0.250000 9.002085e-02
0.000000 8.982798e-02
0.250000 8.923148e-02
0.500000 8.822477e-02
0.750000 8.680697e-02
1.000000 8.498246e-02
1.250000 8.276053e-02
1.500000 8.015500e-02
1.750000 7.718390e-02
2.000000 7.386930e-02
2.250000 7.023701e-02
2.500000 6.631659e-02
2.750000 6.214122e-02
3.000000 5.774792e-02
3.250000 5.317789e-02
3.500000 4.847722e-02
3.750000 4.369835e-02
4.000000 3.890258e-02
4.250000 3.416465e-02
4.500000 2.958107e-02
4.750000 2.528476e-02
5.000000 2.146888e-02
5.250000 1.841475e-02
5.500000 1.648308e-02
5.750000 1.597286e-02
6.000000 1.687290e-02
6.250000 1.883257e-02
6.500000 2.141414e-02
6.750000 2.427716e-02
7.000000 2.719922e-02
7.250000 3.004061e-02
7.500000 3.271212e-02
7.750000 3.515504e-02
8.000000 3.732987e-02
8.250000 3.921002e-02
8.500000 4.077819e-02
8.750000 4.202431e-02
9.000000 4.294433e-02
9.250000 4.353938e-02
9.500000 4.381538e-02
9.750000 4.378266e-02
10.000000 4.345578e-02
10.250000 4.285329e-02
10.500000 4.199757e-02
10.750000 4.091467e-02
11.000000 3.963406e-02
11.250000 3.818836e-02
11.500000 3.661316e-02
11.750000 3.494664e-02
12.000000 3.322923e-02
12.250000 3.150329e-02
12.500000 2.981254e-02
12.750000 2.820148e-02
13.000000 2.671444e-02
13.250000 2.539421e-02
13.500000 2.428017e-02
13.750000 2.340582e-02
14.000000 2.279602e-02
14.250000 2.246460e-02
14.500000 2.241302e-02
14.750000 2.263078e-02
15.000000 2.309743e-02
15.250000 2.378554e-02
15.500000 2.466379e-02
15.750000 2.569934e-02
16.000000 2.685927e-02
16.250000 2.811129e-02
16.500000 2.942382e-02
16.750000 3.076601e-02
17.000000 3.210766e-02
17.250000 3.341936e-02
17.500000 3.467282e-02
17.750000 3.584128e-02
18.000000 3.690018e-02
18.250000 3.782785e-02
18.500000 3.860623e-02
18.750000 3.922155e-02
19.000000 3.966503e-02
19.250000 3.993338e-02
19.500000 4.002920e-02
19.750000 3.996121e-02
20.000000 3.974429e-02
20.250000 3.939919e-02
20.500000 3.895204e-02
20.750000 3.843343e-02
21.000000 3.787716e-02
21.250000 3.731853e-02
21.500000 3.679225e-02
21.750000 3.633017e-02
22.000000 3.595876e-02
22.250000 3.569704e-02
22.500000 3.555499e-02
22.750000 3.553289e-02
23.000000 3.562168e-02
23.250000 3.580432e-02
23.500000 3.605784e-02
23.750000 3.635569e-02
24.000000 3.667006e-02
24.250000 3.697392e-02
24.500000 3.724250e-02
24.750000 3.745434e-02
25.000000 3.759181e-02
25.250000 3.764123e-02
25.500000 3.759274e-02
25.750000 3.743984e-02
26.000000 3.717890e-02
26.250000 3.680858e-02
26.500000 3.632919e-02
26.750000 3.574226e-02
27.000000 3.505006e-02
27.250000 3.425537e-02
27.500000 3.336140e-02
27.750000 3.237194e-02
28.000000 3.129171e-02
28.250000 3.012693e-02
28.500000 2.888623e-02
28.750000 2.758172e-02
29.000000 2.623048e-02
29.250000 2.485629e-02
29.500000 2.349174e-02
29.750000 2.218037e-02
30.000000 2.097850e-02
30.250000 1.995550e-02
30.500000 1.919046e-02
30.750000 1.876321e-02
31.000000 1.873927e-02
31.250000 1.915342e-02
31.500000 2.000012e-02
31.750000 2.123669e-02
32.000000 2.279603e-02
32.250000 2.460125e-02
32.500000 2.657616e-02
32.750000 2.865068e-02
33.000000 3.076255e-02
33.250000 3.285720e-02
33.500000 3.488691e-02
33.750000 3.680998e-02
34.000000 3.858999e-02
34.250000 4.019538e-02
34.500000 4.159907e-02
34.750000 4.277838e-02
35.000000 4.371495e-02
35.250000 4.439474e-02
35.500000 4.480810e-02
35.750000 4.494973e-02
36.000000 4.481874e-02
36.250000 4.441859e-02
36.500000 4.375699e-02
36.750000 4.284579e-02
37.000000 4.170074e-02
37.250000 4.034126e-02
37.500000 3.879013e-02
37.750000 3.707311e-02
38.000000 3.521859e-02
38.250000 3.325719e-02
38.500000 3.122142e-02
38.750000 2.914540e-02
39.000000 2.706460e-02
39.250000 2.501581e-02
39.500000 2.303718e-02
39.750000 2.116840e-02
40.000000 1.945078e-02
40.250000 1.792703e-02
40.500000 1.663992e-02
40.750000 1.562925e-02
41.000000 1.492666e-02
41.250000 1.454907e-02
41.500000 1.449365e-02
41.750000 1.473722e-02
42.000000 1.524117e-02
42.250000 1.595917e-02
42.500000 1.684420e-02
42.750000 1.785284e-02
43.000000 1.894674e-02
43.250000 2.009233e-02
43.500000 2.125993e-02
43.750000 2.242264e-02
44.000000 2.355557e-02
44.250000 2.463537e-02
44.500000 2.564005e-02
44.750000 2.654907e-02
45.000000 2.734353e-02
45.250000 2.800658e-02
45.500000 2.852379e-02
45.750000 2.888354e-02
46.000000 2.907745e-02
46.250000 2.910076e-02
46.500000 2.895259e-02
46.750000 2.863629e-02
47.000000 2.815959e-02
47.250000 2.753482e-02
47.500000 2.677903e-02
47.750000 2.591408e-02
48.000000 2.496660e-02
48.250000 2.396796e-02
48.500000 2.295388e-02
48.750000 2.196381e-02
49.000000 2.103964e-02
49.250000 2.022360e-02
49.500000 1.955511e-02
49.750000 1.906678e-02
50.000000 1.878019e-02
