-50.000000 7.290375e-03
-49.750000 7.230035e-03
-49.500000 7.159298e-03
-49.250000 7.078185e-03
-49.000000 6.986734e-03
-48.750000 6.885005e-03
-48.500000 6.773073e-03
-48.250000 6.651035e-03
-48.000000 6.519011e-03
-47.750000 6.377138e-03
-47.500000 6.225582e-03
-47.250000 6.064531e-03
-47.000000 5.894201e-03
-46.750000 5.714840e-03
-46.500000 5.526726e-03
-46.250000 5.330180e-03
-46.000000 5.125563e-03
-45.750000 4.913292e-03
-45.500000 4.693845e-03
-45.250000 4.467778e-03
-45.000000 4.235744e-03
-44.750000 3.998525e-03
-44.500000 3.757066e-03
-44.250000 3.512533e-03
-44.000000 3.266400e-03
-43.750000 3.020562e-03
-43.500000 2.777518e-03
-43.250000 2.540621e-03
-43.000000 2.314445e-03
-42.750000 2.105252e-03
-42.500000 1.921488e-03
-42.250000 1.773987e-03
-42.000000 1.675187e-03
-41.750000 1.636545e-03
-41.500000 1.664516e-03
-41.250000 1.757754e-03
-41.000000 1.908105e-03
-40.750000 2.104346e-03
-40.500000 2.335565e-03
-40.250000 2.592745e-03
-40.000000 2.868981e-03
-39.750000 3.159130e-03
-39.500000 3.459364e-03
-39.250000 3.766789e-03
-39.000000 4.079163e-03
-38.750000 4.394703e-03
-38.500000 4.711950e-03
-38.250000 5.029672e-03
-38.000000 5.346807e-03
-37.750000 5.662412e-03
-37.500000 5.975639e-03
-37.250000 6.285706e-03
-37.000000 6.591887e-03
-36.750000 6.893497e-03
-36.500000 7.189884e-03
-36.250000 7.480425e-03
-36.000000 7.764520e-03
-35.750000 8.041589e-03
-35.500000 8.311068e-03
-35.250000 8.572412e-03
-35.000000 8.825086e-03
-34.750000 9.068573e-03
-34.500000 9.302367e-03
-34.250000 9.525977e-03
-34.000000 9.738922e-03
-33.750000 9.940736e-03
-33.500000 1.013097e-02
-33.250000 1.030918e-02
-33.000000 1.047494e-02
-32.750000 1.062784e-02
-32.500000 1.076749e-02
-32.250000 1.089350e-02
-32.000000 1.100552e-02
-31.750000 1.110319e-02
-31.500000 1.118620e-02
-31.250000 1.125423e-02
-31.000000 1.130699e-02
-30.750000 1.134423e-02
-30.500000 1.136568e-02
-30.250000 1.137115e-02
-30.000000 1.136043e-02
-29.750000 1.133335e-02
-29.500000 1.128979e-02
-29.250000 1.122964e-02
-29.000000 1.115282e-02
-28.750000 1.105932e-02
-28.500000 1.094914e-02
-28.250000 1.082233e-02
-28.000000 1.067902e-02
-27.750000 1.051936e-02
-27.500000 1.034359e-02
-27.250000 1.015201e-02
-27.000000 9.945028e-03
-26.750000 9.723127e-03
-26.500000 9.486921e-03
-26.250000 9.237160e-03
-26.000000 8.974762e-03
-25.750000 8.700843e-03
-25.500000 8.416761e-03
-25.250000 8.124171e-03
-25.000000 7.825088e-03
-24.750000 7.521972e-03
-24.500000 7.217827e-03
-24.250000 6.916321e-03
-24.000000 6.621920e-03
-23.750000 6.340027e-03
-23.500000 6.077107e-03
-23.250000 5.840742e-03
-23.000000 5.639567e-03
-22.750000 5.482978e-03
-22.500000 5.380556e-03
-22.250000 5.341185e-03
-22.000000 5.372002e-03
-21.750000 5.477456e-03
-21.500000 5.658802e-03
-21.250000 5.914207e-03
-21.000000 6.239400e-03
-20.750000 6.628574e-03
-20.500000 7.075266e-03
-20.250000 7.573027e-03
-20.000000 8.115829e-03
-19.750000 8.698271e-03
-19.500000 9.315626e-03
-19.250000 9.963812e-03
-19.000000 1.063932e-02
-18.750000 1.133914e-02
-18.500000 1.206065e-02
-18.250000 1.280159e-02
-18.000000 1.355995e-02
-17.750000 1.433396e-02
-17.500000 1.512201e-02
-17.250000 1.592267e-02
-17.000000 1.673458e-02
-16.750000 1.755651e-02
-16.500000 1.838730e-02
-16.250000 1.922584e-02
-16.000000 2.007109e-02
-15.750000 2.092204e-02
-15.500000 2.177773e-02
-15.250000 2.263720e-02
-15.000000 2.349955e-02
-14.750000 2.436387e-02
-14.500000 2.522930e-02
-14.250000 2.609497e-02
-14.000000 2.696003e-02
-13.750000 2.782365e-02
-13.500000 2.868500e-02
-13.250000 2.954326e-02
-13.000000 3.039763e-02
-12.750000 3.124732e-02
-12.500000 3.209153e-02
-12.250000 3.292948e-02
-12.000000 3.376041e-02
-11.750000 3.458356e-02
-11.500000 3.539817e-02
-11.250000 3.620349e-02
-11.000000 3.699880e-02
-10.750000 3.778337e-02
-10.500000 3.855648e-02
-10.250000 3.931744e-02
-10.000000 4.006555e-02
-9.750000 4.080013e-02
-9.500000 4.152051e-02
-9.250000 4.222604e-02
-9.000000 4.291607e-02
-8.750000 4.358997e-02
-8.500000 4.424714e-02
-8.250000 4.488696e-02
-8.000000 4.550886e-02
-7.750000 4.611226e-02
-7.500000 4.669662e-02
-7.250000 4.726138e-02
-7.000000 4.780605e-02
-6.750000 4.833010e-02
-6.500000 4.883306e-02
-6.250000 4.931446e-02
-6.000000 4.977386e-02
-5.750000 5.021083e-02
-5.500000 5.062496e-02
-5.250000 5.101587e-02
-5.000000 5.138318e-02
-4.750000 5.172655e-02
-4.500000 5.204566e-02
-4.250000 5.234020e-02
-4.000000 5.260989e-02
-3.750000 5.285448e-02
-3.500000 5.307373e-02
-3.250000 5.326742e-02
-3.000000 5.343536e-02
-2.750000 5.357738e-02
-2.500000 5.369334e-02
-2.250000 5.378312e-02
-2.000000 5.384662e-02
-1.750000 5.388377e-02
-1.500000 5.389451e-02
-1.250000 5.387881e-02
-1.000000 5.383668e-02
-0.750000 5.376813e-02
-0.500000 5.367322e-02
-0.250000 5.355199e-02
0.000000 5.340456e-02
0.250000 5.323103e-02
0.500000 5.303153e-02
0.750000 5.280624e-02
1.000000 5.255534e-02
1.250000 5.227903e-02
1.500000 5.197755e-02
1.750000 5.165115e-02
2.000000 5.130010e-02
2.250000 5.092470e-02
2.500000 5.052526e-02
2.750000 5.010214e-02
3.000000 4.965569e-02
3.250000 4.918630e-02
3.500000 4.869436e-02
3.750000 4.818029e-02
4.000000 4.764455e-02
4.250000 4.708758e-02
4.500000 4.650988e-02
4.750000 4.591193e-02
5.000000 4.529426e-02
5.250000 4.465739e-02
5.500000 4.400187e-02
5.750000 4.332828e-02
6.000000 4.263719e-02
6.250000 4.192919e-02
6.500000 4.120491e-02
6.750000 4.046496e-02
7.000000 3.970998e-02
7.250000 3.894062e-02
7.500000 3.815756e-02
7.750000 3.736146e-02
8.000000 3.655301e-02
8.250000 3.573291e-02
8.500000 3.490187e-02
8.750000 3.406061e-02
9.000000 3.320986e-02
9.250000 3.235034e-02
9.500000 3.148282e-02
9.750000 3.060804e-02
10.000000 2.972676e-02
10.250000 2.883975e-02
10.500000 2.794780e-02
10.750000 2.705168e-02
11.000000 2.615219e-02
11.250000 2.525013e-02
11.500000 2.434631e-02
11.750000 2.344155e-02
12.000000 2.253668e-02
12.250000 2.163254e-02
12.500000 2.072999e-02
12.750000 1.982990e-02
13.000000 1.893318e-02
13.250000 1.804073e-02
13.500000 1.715351e-02
13.750000 1.627252e-02
14.000000 1.539879e-02
14.250000 1.453344e-02
14.500000 1.367766e-02
14.750000 1.283275e-02
15.000000 1.200015e-02
15.250000 1.118150e-02
15.500000 1.037870e-02
15.750000 9.593969e-03
16.000000 8.830009e-03
16.250000 8.090163e-03
16.500000 7.378656e-03
16.750000 6.700938e-03
17.000000 6.064132e-03
17.250000 5.477603e-03
17.500000 4.953532e-03
17.750000 4.507222e-03
18.000000 4.156457e-03
18.250000 3.918959e-03
18.500000 3.807539e-03
18.750000 3.824687e-03
19.000000 3.960383e-03
19.250000 4.195190e-03
19.500000 4.506191e-03
19.750000 4.871902e-03
20.000000 5.274567e-03
20.250000 5.700469e-03
20.500000 6.139344e-03
20.750000 6.583588e-03
21.000000 7.027561e-03
21.250000 7.467038e-03
21.500000 7.898820e-03
21.750000 8.320452e-03
22.000000 8.730025e-03
22.250000 9.126036e-03
22.500000 9.507292e-03
22.750000 9.872836e-03
23.000000 1.022190e-02
23.250000 1.055385e-02
23.500000 1.086819e-02
23.750000 1.116452e-02
24.000000 1.144251e-02
24.250000 1.170190e-02
24.500000 1.194250e-02
24.750000 1.216418e-02
25.000000 1.236684e-02
25.250000 1.255042e-02
25.500000 1.271492e-02
25.750000 1.286035e-02
26.000000 1.298677e-02
26.250000 1.309427e-02
26.500000 1.318295e-02
26.750000 1.325295e-02
27.000000 1.330444e-02
27.250000 1.333760e-02
27.500000 1.335265e-02
27.750000 1.334981e-02
28.000000 1.332933e-02
28.250000 1.329149e-02
28.500000 1.323657e-02
28.750000 1.316489e-02
29.000000 1.307676e-02
29.250000 1.297254e-02
29.500000 1.285257e-02
29.750000 1.271723e-02
30.000000 1.256691e-02
30.250000 1.240200e-02
30.500000 1.222292e-02
30.750000 1.203010e-02
31.000000 1.182397e-02
31.250000 1.160498e-02
31.500000 1.137360e-02
31.750000 1.113028e-02
32.000000 1.087551e-02
32.250000 1.060978e-02
32.500000 1.033357e-02
32.750000 1.004739e-02
33.000000 9.751754e-03
33.250000 9.447169e-03
33.500000 9.134158e-03
33.750000 8.813245e-03
34.000000 8.484960e-03
34.250000 8.149837e-03
34.500000 7.808413e-03
34.750000 7.461228e-03
35.000000 7.108825e-03
35.250000 6.751750e-03
35.500000 6.390552e-03
35.750000 6.025784e-03
36.000000 5.657999e-03
36.250000 5.287760e-03
36.500000 4.915633e-03
36.750000 4.542195e-03
37.000000 4.168038e-03
37.250000 3.793779e-03
37.500000 3.420072e-03
37.750000 3.047633e-03
38.000000 2.677287e-03
38.250000 2.310053e-03
38.500000 1.947325e-03
38.750000 1.591282e-03
39.000000 1.245942e-03
39.250000 9.203448e-04
39.500000 6.397323e-04
39.750000 4.805327e-04
40.000000 5.501994e-04
40.250000 7.837905e-04
40.500000 1.074424e-03
40.750000 1.382257e-03
41.000000 1.694101e-03
41.250000 2.004641e-03
41.500000 2.311271e-03
41.750000 2.612487e-03
42.000000 2.907306e-03
42.250000 3.195012e-03
42.500000 3.475045e-03
42.750000 3.746942e-03
43.000000 4.010306e-03
43.250000 4.264787e-03
43.500000 4.510072e-03
43.750000 4.745878e-03
44.000000 4.971949e-03
44.250000 5.188048e-03
44.500000 5.393964e-03
44.750000 5.589502e-03
45.000000 5.774486e-03
45.250000 5.948760e-03
45.500000 6.112185e-03
45.750000 6.264637e-03
46.000000 6.406011e-03
46.250000 6.536219e-03
46.500000 6.655189e-03
46.750000 6.762863e-03
47.000000 6.859202e-03
47.250000 6.944182e-03
47.500000 7.017794e-03
47.750000 7.080045e-03
48.000000 7.130958e-03
48.250000 7.170571e-03
48.500000 7.198936e-03
48.750000 7.216120e-03
49.000000 7.222205e-03
49.250000 7.217288e-03
49.500000 7.201478e-03
49.750000 7.174901e-03
50.000000 7.137693e-03
