-50.000000 7.747131e-03
-49.750000 7.600918e-03
-49.500000 7.450500e-03
-49.250000 7.295921e-03
-49.000000 7.137227e-03
-48.750000 6.974474e-03
-48.500000 6.807726e-03
-48.250000 6.637054e-03
-48.000000 6.462541e-03
-47.750000 6.284283e-03
-47.500000 6.102389e-03
-47.250000 5.916985e-03
-47.000000 5.728219e-03
-46.750000 5.536261e-03
-46.500000 5.341311e-03
-46.250000 5.143602e-03
-46.000000 4.943413e-03
-45.750000 4.741075e-03
-45.500000 4.536983e-03
-45.250000 4.331616e-03
-45.000000 4.125557e-03
-44.750000 3.919520e-03
-44.500000 3.714388e-03
-44.250000 3.511258e-03
-44.000000 3.311504e-03
-43.750000 3.116853e-03
-43.500000 2.929477e-03
-43.250000 2.752099e-03
-43.000000 2.588101e-03
-42.750000 2.441589e-03
-42.500000 2.317375e-03
-42.250000 2.220764e-03
-42.000000 2.157081e-03
-41.750000 2.130910e-03
-41.500000 2.145245e-03
-41.250000 2.200869e-03
-41.000000 2.296288e-03
-40.750000 2.428234e-03
-40.500000 2.592459e-03
-40.250000 2.784482e-03
-40.000000 3.000100e-03
-39.750000 3.235642e-03
-39.500000 3.488030e-03
-39.250000 3.754751e-03
-39.000000 4.033775e-03
-38.750000 4.323469e-03
-38.500000 4.622518e-03
-38.250000 4.929860e-03
-38.000000 5.244627e-03
-37.750000 5.566107e-03
-37.500000 5.893709e-03
-37.250000 6.226938e-03
-37.000000 6.565373e-03
-36.750000 6.908654e-03
-36.500000 7.256469e-03
-36.250000 7.608545e-03
-36.000000 7.964641e-03
-35.750000 8.324539e-03
-35.500000 8.688046e-03
-35.250000 9.054982e-03
-35.000000 9.425183e-03
-34.750000 9.798498e-03
-34.500000 1.017478e-02
-34.250000 1.055391e-02
-34.000000 1.093574e-02
-33.750000 1.132016e-02
-33.500000 1.170705e-02
-33.250000 1.209630e-02
-33.000000 1.248780e-02
-32.750000 1.288144e-02
-32.500000 1.327712e-02
-32.250000 1.367473e-02
-32.000000 1.407419e-02
-31.750000 1.447538e-02
-31.500000 1.487821e-02
-31.250000 1.528259e-02
-31.000000 1.568842e-02
-30.750000 1.609560e-02
-30.500000 1.650405e-02
-30.250000 1.691366e-02
-30.000000 1.732435e-02
-29.750000 1.773602e-02
-29.500000 1.814858e-02
-29.250000 1.856194e-02
-29.000000 1.897601e-02
-28.750000 1.939069e-02
-28.500000 1.980589e-02
-28.250000 2.022153e-02
-28.000000 2.063751e-02
-27.750000 2.105374e-02
-27.500000 2.147012e-02
-27.250000 2.188657e-02
-27.000000 2.230300e-02
-26.750000 2.271932e-02
-26.500000 2.313543e-02
-26.250000 2.355124e-02
-26.000000 2.396667e-02
-25.750000 2.438162e-02
-25.500000 2.479600e-02
-25.250000 2.520972e-02
-25.000000 2.562269e-02
-24.750000 2.603482e-02
-24.500000 2.644602e-02
-24.250000 2.685619e-02
-24.000000 2.726526e-02
-23.750000 2.767313e-02
-23.500000 2.807971e-02
-23.250000 2.848491e-02
-23.000000 2.888863e-02
-22.750000 2.929081e-02
-22.500000 2.969133e-02
-22.250000 3.009012e-02
-22.000000 3.048708e-02
-21.750000 3.088214e-02
-21.500000 3.127519e-02
-21.250000 3.166616e-02
-21.000000 3.205495e-02
-20.750000 3.244149e-02
-20.500000 3.282568e-02
-20.250000 3.320743e-02
-20.000000 3.358667e-02
-19.750000 3.396331e-02
-19.500000 3.433726e-02
-19.250000 3.470844e-02
-19.000000 3.507676e-02
-18.750000 3.544215e-02
-18.500000 3.580452e-02
-18.250000 3.616380e-02
-18.000000 3.651988e-02
-17.750000 3.687271e-02
-17.500000 3.722220e-02
-17.250000 3.756826e-02
-17.000000 3.791083e-02
-16.750000 3.824982e-02
-16.500000 3.858515e-02
-16.250000 3.891675e-02
-16.000000 3.924455e-02
-15.750000 3.956847e-02
-15.500000 3.988843e-02
-15.250000 4.020437e-02
-15.000000 4.051620e-02
-14.750000 4.082387e-02
-14.500000 4.112729e-02
-14.250000 4.142640e-02
-14.000000 4.172113e-02
-13.750000 4.201141e-02
-13.500000 4.229718e-02
-13.250000 4.257837e-02
-13.000000 4.285491e-02
-12.750000 4.312674e-02
-12.500000 4.339380e-02
-12.250000 4.365603e-02
-12.000000 4.391336e-02
-11.750000 4.416574e-02
-11.500000 4.441310e-02
-11.250000 4.465539e-02
-11.000000 4.489256e-02
-10.750000 4.512454e-02
-10.500000 4.535129e-02
-10.250000 4.557275e-02
-10.000000 4.578887e-02
-9.750000 4.599959e-02
-9.500000 4.620488e-02
-9.250000 4.640467e-02
-9.000000 4.659893e-02
-8.750000 4.678761e-02
-8.500000 4.697066e-02
-8.250000 4.714804e-02
-8.000000 4.731971e-02
-7.750000 4.748563e-02
-7.500000 4.764576e-02
-7.250000 4.780006e-02
-7.000000 4.794849e-02
-6.750000 4.809102e-02
-6.500000 4.822762e-02
-6.250000 4.835825e-02
-6.000000 4.848288e-02
-5.750000 4.860149e-02
-5.500000 4.871403e-02
-5.250000 4.882049e-02
-5.000000 4.892085e-02
-4.750000 4.901506e-02
-4.500000 4.910313e-02
-4.250000 4.918501e-02
-4.000000 4.926069e-02
-3.750000 4.933016e-02
-3.500000 4.939339e-02
-3.250000 4.945038e-02
-3.000000 4.950109e-02
-2.750000 4.954553e-02
-2.500000 4.958369e-02
-2.250000 4.961554e-02
-2.000000 4.964109e-02
-1.750000 4.966032e-02
-1.500000 4.967323e-02
-1.250000 4.967982e-02
-1.000000 4.968008e-02
-0.750000 4.967402e-02
-0.500000 4.966162e-02
-0.250000 4.964290e-02
0.000000 4.961786e-02
0.250000 4.958650e-02
0.500000 4.954883e-02
0.750000 4.950486e-02
1.000000 4.945459e-02
1.250000 4.939803e-02
1.500000 4.933520e-02
1.750000 4.926611e-02
2.000000 4.919078e-02
2.250000 4.910922e-02
2.500000 4.902145e-02
2.750000 4.892749e-02
3.000000 4.882736e-02
3.250000 4.872108e-02
3.500000 4.860867e-02
3.750000 4.849016e-02
4.000000 4.836558e-02
4.250000 4.823496e-02
4.500000 4.809831e-02
4.750000 4.795568e-02
5.000000 4.780710e-02
5.250000 4.765259e-02
5.500000 4.749220e-02
5.750000 4.732595e-02
6.000000 4.715389e-02
6.250000 4.697606e-02
6.500000 4.679249e-02
6.750000 4.660322e-02
7.000000 4.640830e-02
7.250000 4.620778e-02
7.500000 4.600169e-02
7.750000 4.579009e-02
8.000000 4.557302e-02
8.250000 4.535052e-02
8.500000 4.512266e-02
8.750000 4.488948e-02
9.000000 4.465103e-02
9.250000 4.440737e-02
9.500000 4.415855e-02
9.750000 4.390464e-02
10.000000 4.364567e-02
10.250000 4.338172e-02
10.500000 4.311285e-02
10.750000 4.283910e-02
11.000000 4.256055e-02
11.250000 4.227726e-02
11.500000 4.198930e-02
11.750000 4.169671e-02
12.000000 4.139958e-02
12.250000 4.109797e-02
12.500000 4.079195e-02
12.750000 4.048158e-02
13.000000 4.016693e-02
13.250000 3.984808e-02
13.500000 3.952510e-02
13.750000 3.919806e-02
14.000000 3.886703e-02
14.250000 3.853208e-02
14.500000 3.819330e-02
14.750000 3.785075e-02
15.000000 3.750452e-02
15.250000 3.715468e-02
15.500000 3.680131e-02
15.750000 3.644448e-02
16.000000 3.608429e-02
16.250000 3.572080e-02
16.500000 3.535410e-02
16.750000 3.498427e-02
17.000000 3.461139e-02
17.250000 3.423554e-02
17.500000 3.385682e-02
17.750000 3.347530e-02
18.000000 3.309106e-02
18.250000 3.270420e-02
18.500000 3.231479e-02
18.750000 3.192293e-02
19.000000 3.152870e-02
19.250000 3.113218e-02
19.500000 3.073347e-02
19.750000 3.033265e-02
20.000000 2.992982e-02
20.250000 2.952505e-02
20.500000 2.911844e-02
20.750000 2.871008e-02
21.000000 2.830006e-02
21.250000 2.788847e-02
21.500000 2.747539e-02
21.750000 2.706092e-02
22.000000 2.664515e-02
22.250000 2.622817e-02
22.500000 2.581008e-02
22.750000 2.539095e-02
23.000000 2.497089e-02
23.250000 2.454999e-02
23.500000 2.412834e-02
23.750000 2.370603e-02
24.000000 2.328315e-02
24.250000 2.285979e-02
24.500000 2.243606e-02
24.750000 2.201203e-02
25.000000 2.158781e-02
25.250000 2.116349e-02
25.500000 2.073916e-02
25.750000 2.031491e-02
26.000000 1.989083e-02
26.250000 1.946703e-02
26.500000 1.904360e-02
26.750000 1.862062e-02
27.000000 1.819819e-02
27.250000 1.777641e-02
27.500000 1.735537e-02
27.750000 1.693517e-02
28.000000 1.651591e-02
28.250000 1.609767e-02
28.500000 1.568056e-02
28.750000 1.526467e-02
29.000000 1.485010e-02
29.250000 1.443696e-02
29.500000 1.402533e-02
29.750000 1.361533e-02
30.000000 1.320705e-02
30.250000 1.280061e-02
30.500000 1.239610e-02
30.750000 1.199364e-02
31.000000 1.159334e-02
31.250000 1.119531e-02
31.500000 1.079969e-02
31.750000 1.040658e-02
32.000000 1.001613e-02
32.250000 9.628470e-03
32.500000 9.243749e-03
32.750000 8.862124e-03
33.000000 8.483765e-03
33.250000 8.108856e-03
33.500000 7.737600e-03
33.750000 7.370221e-03
34.000000 7.006972e-03
34.250000 6.648140e-03
34.500000 6.294055e-03
34.750000 5.945098e-03
35.000000 5.601720e-03
35.250000 5.264457e-03
35.500000 4.933957e-03
35.750000 4.611007e-03
36.000000 4.296581e-03
36.250000 3.991893e-03
36.500000 3.698471e-03
36.750000 3.418248e-03
37.000000 3.153679e-03
37.250000 2.907866e-03
37.500000 2.684678e-03
37.750000 2.488806e-03
38.000000 2.325640e-03
38.250000 2.200845e-03
38.500000 2.119515e-03
38.750000 2.085005e-03
39.000000 2.097895e-03
39.250000 2.155645e-03
39.500000 2.253184e-03
39.750000 2.384097e-03
40.000000 2.541790e-03
40.250000 2.720259e-03
40.500000 2.914429e-03
40.750000 3.120193e-03
41.000000 3.334307e-03
41.250000 3.554234e-03
41.500000 3.777996e-03
41.750000 4.004045e-03
42.000000 4.231165e-03
42.250000 4.458389e-03
42.500000 4.684945e-03
42.750000 4.910209e-03
43.000000 5.133672e-03
43.250000 5.354917e-03
43.500000 5.573596e-03
43.750000 5.789419e-03
44.000000 6.002142e-03
44.250000 6.211555e-03
44.500000 6.417481e-03
44.750000 6.619767e-03
45.000000 6.818281e-03
45.250000 7.012907e-03
45.500000 7.203545e-03
45.750000 7.390106e-03
46.000000 7.572513e-03
46.250000 7.750699e-03
46.500000 7.924601e-03
46.750000 8.094168e-03
47.000000 8.259352e-03
47.250000 8.420112e-03
47.500000 8.576412e-03
47.750000 8.728219e-03
48.000000 8.875506e-03
48.250000 9.018248e-03
48.500000 9.156425e-03
48.750000 9.290018e-03
49.000000 9.419015e-03
49.250000 9.543402e-03
49.500000 9.663170e-03
49.750000 9.778313e-03
50.000000 9.888826e-03
