-50.000000 2.094400e-03
-49.750000 1.851305e-03
-49.500000 1.605572e-03
-49.250000 1.364023e-03
-49.000000 1.137852e-03
-48.750000 9.465107e-04
-48.500000 8.218812e-04
-48.250000 8.002504e-04
-48.000000 8.903502e-04
-47.750000 1.062859e-03
-47.500000 1.282015e-03
-47.250000 1.523804e-03
-47.000000 1.774261e-03
-46.750000 2.024997e-03
-46.500000 2.270503e-03
-46.250000 2.506812e-03
-46.000000 2.730833e-03
-45.750000 2.940029e-03
-45.500000 3.132235e-03
-45.250000 3.305572e-03
-45.000000 3.458395e-03
-44.750000 3.589263e-03
-44.500000 3.696930e-03
-44.250000 3.780334e-03
-44.000000 3.838596e-03
-43.750000 3.871019e-03
-43.500000 3.877090e-03
-43.250000 3.856483e-03
-43.000000 3.809055e-03
-42.750000 3.734853e-03
-42.500000 3.634108e-03
-42.250000 3.507239e-03
-42.000000 3.354852e-03
-41.750000 3.177732e-03
-41.500000 2.976847e-03
-41.250000 2.753341e-03
-41.000000 2.508530e-03
-40.750000 2.243901e-03
-40.500000 1.961114e-03
-40.250000 1.662013e-03
-40.000000 1.348670e-03
-39.750000 1.023530e-03
-39.500000 6.900449e-04
-39.250000 3.569876e-04
-39.000000 1.368350e-04
-38.750000 4.013385e-04
-38.500000 7.475850e-04
-38.250000 1.099825e-03
-38.000000 1.450412e-03
-37.750000 1.795721e-03
-37.500000 2.132891e-03
-37.250000 2.459309e-03
-37.000000 2.772492e-03
-36.750000 3.070056e-03
-36.500000 3.349712e-03
-36.250000 3.609273e-03
-36.000000 3.846666e-03
-35.750000 4.059944e-03
-35.500000 4.247298e-03
-35.250000 4.407073e-03
-35.000000 4.537776e-03
-34.750000 4.638092e-03
-34.500000 4.706891e-03
-34.250000 4.743240e-03
-34.000000 4.746411e-03
-33.750000 4.715887e-03
-33.500000 4.651371e-03
-33.250000 4.552790e-03
-33.000000 4.420295e-03
-32.750000 4.254269e-03
-32.500000 4.055324e-03
-32.250000 3.824300e-03
-32.000000 3.562264e-03
-31.750000 3.270505e-03
-31.500000 2.950532e-03
-31.250000 2.604063e-03
-31.000000 2.233022e-03
-30.750000 1.839528e-03
-30.500000 1.425895e-03
-30.250000 9.946427e-04
-30.000000 5.486449e-04
-29.750000 9.605659e-05
-29.500000 3.818061e-04
-29.250000 8.556678e-04
-29.000000 1.333672e-03
-28.750000 1.812104e-03
-28.500000 2.287675e-03
-28.250000 2.757137e-03
-28.000000 3.217251e-03
-27.750000 3.664802e-03
-27.500000 4.096615e-03
-27.250000 4.509580e-03
-27.000000 4.900669e-03
-26.750000 5.266966e-03
-26.500000 5.605685e-03
-26.250000 5.914198e-03
-26.000000 6.190060e-03
-25.750000 6.431030e-03
-25.500000 6.635100e-03
-25.250000 6.800521e-03
-25.000000 6.925833e-03
-24.750000 7.009892e-03
-24.500000 7.051903e-03
-24.250000 7.051463e-03
-24.000000 7.008603e-03
-23.750000 6.923840e-03
-23.500000 6.798251e-03
-23.250000 6.633556e-03
-23.000000 6.432240e-03
-22.750000 6.197711e-03
-22.500000 5.934518e-03
-22.250000 5.648649e-03
-22.000000 5.347932e-03
-21.750000 5.042546e-03
-21.500000 4.745615e-03
-21.250000 4.473730e-03
-21.000000 4.247013e-03
-20.750000 4.088020e-03
-20.500000 4.018733e-03
-20.250000 4.055754e-03
-20.000000 4.205691e-03
-19.750000 4.463676e-03
-19.500000 4.815922e-03
-19.250000 5.244246e-03
-19.000000 5.729901e-03
-18.750000 6.255673e-03
-18.500000 6.806554e-03
-18.250000 7.369666e-03
-18.000000 7.933907e-03
-17.750000 8.489574e-03
-17.500000 9.028038e-03
-17.250000 9.541503e-03
-17.000000 1.002282e-02
-16.750000 1.046539e-02
-16.500000 1.086303e-02
-16.250000 1.120999e-02
-16.000000 1.150085e-02
-15.750000 1.173056e-02
-15.500000 1.189441e-02
-15.250000 1.198802e-02
-15.000000 1.200737e-02
-14.750000 1.194880e-02
-14.500000 1.180900e-02
-14.250000 1.158505e-02
-14.000000 1.127445e-02
-13.750000 1.087506e-02
-13.500000 1.038522e-02
-13.250000 9.803661e-03
-13.000000 9.129587e-03
-12.750000 8.362669e-03
-12.500000 7.503080e-03
-12.250000 6.551538e-03
-12.000000 5.509430e-03
-11.750000 4.379114e-03
-11.500000 3.165030e-03
-11.250000 1.879707e-03
-11.000000 6.346454e-04
-10.750000 1.146808e-03
-10.500000 2.638071e-03
-10.250000 4.244086e-03
-10.000000 5.926725e-03
-9.750000 7.675699e-03
-9.500000 9.484172e-03
-9.250000 1.134595e-02
-9.000000 1.325488e-02
-8.750000 1.520466e-02
-8.500000 1.718879e-02
-8.250000 1.920057e-02
-8.000000 2.123312e-02
-7.750000 2.327938e-02
-7.500000 2.533216e-02
-7.250000 2.738416e-02
-7.000000 2.942800e-02
-6.750000 3.145625e-02
-6.500000 3.346147e-02
-6.250000 3.543624e-02
-6.000000 3.737319e-02
-5.750000 3.926504e-02
-5.500000 4.110464e-02
-5.250000 4.288500e-02
-5.000000 4.459930e-02
-4.750000 4.624096e-02
-4.500000 4.780365e-02
-4.250000 4.928130e-02
-4.000000 5.066819e-02
-3.750000 5.195892e-02
-3.500000 5.314844e-02
-3.250000 5.423212e-02
-3.000000 5.520571e-02
-2.750000 5.606542e-02
-2.500000 5.680789e-02
-2.250000 5.743025e-02
-2.000000 5.793007e-02
-1.750000 5.830546e-02
-1.500000 5.855498e-02
-1.250000 5.867775e-02
-1.000000 5.867337e-02
-0.750000 5.854195e-02
-0.500000 5.828414e-02
-0.250000 5.790107e-02
0.000000 5.739440e-02
0.250000 5.676626e-02
0.500000 5.601930e-02
0.750000 5.515661e-02
1.000000 5.418176e-02
1.250000 5.309875e-02
1.500000 5.191201e-02
1.750000 5.062636e-02
2.000000 4.924702e-02
2.250000 4.777953e-02
2.500000 4.622978e-02
2.750000 4.460395e-02
3.000000 4.290851e-02
3.250000 4.115014e-02
3.500000 3.933574e-02
3.750000 3.747242e-02
4.000000 3.556739e-02
4.250000 3.362800e-02
4.500000 3.166170e-02
4.750000 2.967598e-02
5.000000 2.767837e-02
5.250000 2.567639e-02
5.500000 2.367758e-02
5.750000 2.168943e-02
6.000000 1.971941e-02
6.250000 1.777499e-02
6.500000 1.586370e-02
6.750000 1.399322e-02
7.000000 1.217158e-02
7.250000 1.040763e-02
7.500000 8.711857e-03
7.750000 7.098273e-03
8.000000 5.588892e-03
8.250000 4.225316e-03
8.500000 3.100445e-03
8.750000 2.422593e-03
9.000000 2.443086e-03
9.250000 3.043317e-03
9.500000 3.887389e-03
9.750000 4.785973e-03
10.000000 5.662322e-03
10.250000 6.483787e-03
10.500000 7.234863e-03
10.750000 7.907568e-03
11.000000 8.497688e-03
11.250000 9.003157e-03
11.500000 9.423281e-03
11.750000 9.758335e-03
12.000000 1.000934e-02
12.250000 1.017790e-02
12.500000 1.026616e-02
12.750000 1.027670e-02
13.000000 1.021249e-02
13.250000 1.007686e-02
13.500000 9.873466e-03
13.750000 9.606230e-03
14.000000 9.279345e-03
14.250000 8.897220e-03
14.500000 8.464461e-03
14.750000 7.985837e-03
15.000000 7.466257e-03
15.250000 6.910746e-03
15.500000 6.324419e-03
15.750000 5.712473e-03
16.000000 5.080178e-03
16.250000 4.432898e-03
16.500000 3.776163e-03
16.750000 3.115863e-03
17.000000 2.458772e-03
17.250000 1.814231e-03
17.500000 1.200827e-03
17.750000 6.849147e-04
18.000000 5.682150e-04
18.250000 9.664388e-04
18.500000 1.488895e-03
18.750000 2.017993e-03
19.000000 2.528155e-03
19.250000 3.009861e-03
19.500000 3.457896e-03
19.750000 3.868717e-03
20.000000 4.239661e-03
20.250000 4.568654e-03
20.500000 4.854089e-03
20.750000 5.094770e-03
21.000000 5.289880e-03
21.250000 5.438967e-03
21.500000 5.541932e-03
21.750000 5.599027e-03
22.000000 5.610845e-03
22.250000 5.578321e-03
22.500000 5.502732e-03
22.750000 5.385697e-03
23.000000 5.229191e-03
23.250000 5.035560e-03
23.500000 4.807554e-03
23.750000 4.548380e-03
24.000000 4.261798e-03
24.250000 3.952275e-03
24.500000 3.625238e-03
24.750000 3.287507e-03
25.000000 2.948008e-03
25.250000 2.618937e-03
25.500000 2.317455e-03
25.750000 2.067515e-03
26.000000 1.899515e-03
26.250000 1.842928e-03
26.500000 1.910977e-03
26.750000 2.091478e-03
27.000000 2.356036e-03
27.250000 2.675223e-03
27.500000 3.025864e-03
27.750000 3.391411e-03
28.000000 3.760199e-03
28.250000 4.123789e-03
28.500000 4.475846e-03
28.750000 4.811430e-03
29.000000 5.126575e-03
29.250000 5.418027e-03
29.500000 5.683086e-03
29.750000 5.919506e-03
30.000000 6.125432e-03
30.250000 6.299354e-03
30.500000 6.440085e-03
30.750000 6.546735e-03
31.000000 6.618700e-03
31.250000 6.655647e-03
31.500000 6.657506e-03
31.750000 6.624459e-03
32.000000 6.556932e-03
32.250000 6.455584e-03
32.500000 6.321296e-03
32.750000 6.155163e-03
33.000000 5.958480e-03
33.250000 5.732732e-03
33.500000 5.479578e-03
33.750000 5.200843e-03
34.000000 4.898497e-03
34.250000 4.574648e-03
34.500000 4.231520e-03
34.750000 3.871446e-03
35.000000 3.496850e-03
35.250000 3.110237e-03
35.500000 2.714188e-03
35.750000 2.311361e-03
36.000000 1.904529e-03
36.250000 1.496684e-03
36.500000 1.091427e-03
36.750000 6.947116e-04
37.000000 3.287491e-04
37.250000 2.315101e-04
37.500000 5.459543e-04
37.750000 9.022032e-04
38.000000 1.252319e-03
38.250000 1.588576e-03
38.500000 1.907588e-03
38.750000 2.207063e-03
39.000000 2.485169e-03
39.250000 2.740360e-03
39.500000 2.971319e-03
39.750000 3.176931e-03
40.000000 3.356282e-03
40.250000 3.508651e-03
40.500000 3.633514e-03
40.750000 3.730539e-03
41.000000 3.799591e-03
41.250000 3.840729e-03
41.500000 3.854206e-03
41.750000 3.840466e-03
42.000000 3.800145e-03
42.250000 3.734072e-03
42.500000 3.643262e-03
42.750000 3.528922e-03
43.000000 3.392457e-03
43.250000 3.235475e-03
43.500000 3.059805e-03
43.750000 2.867530e-03
44.000000 2.661037e-03
44.250000 2.443109e-03
44.500000 2.217078e-03
44.750000 1.987091e-03
45.000000 1.758572e-03
45.250000 1.538997e-03
45.500000 1.339122e-03
45.750000 1.174429e-03
46.000000 1.065113e-03
46.250000 1.030475e-03
46.500000 1.076973e-03
46.750000 1.192556e-03
47.000000 1.355820e-03
47.250000 1.547095e-03
47.500000 1.752120e-03
47.750000 1.961263e-03
48.000000 2.167975e-03
48.250000 2.367634e-03
48.500000 2.556838e-03
48.750000 2.732982e-03
49.000000 2.894020e-03
49.250000 3.038321e-03
49.500000 3.164576e-03
49.750000 3.271748e-03
50.000000 3.359037e-03
