-50.000000 1.114951e-03
-49.750000 9.718441e-04
-49.500000 7.963439e-04
-49.250000 6.013529e-04
-49.000000 4.118422e-04
-48.750000 2.945753e-04
-48.500000 3.504387e-04
-48.250000 5.167643e-04
-48.000000 7.004960e-04
-47.750000 8.673536e-04
-47.500000 1.002709e-03
-47.250000 1.098663e-03
-47.000000 1.151212e-03
-46.750000 1.159603e-03
-46.500000 1.126290e-03
-46.250000 1.057129e-03
-46.000000 9.618343e-04
-45.750000 8.547888e-04
-45.500000 7.559208e-04
-45.250000 6.894170e-04
-45.000000 6.749292e-04
-44.750000 7.129932e-04
-44.500000 7.837109e-04
-44.250000 8.614054e-04
-44.000000 9.252066e-04
-43.750000 9.608801e-04
-43.500000 9.597168e-04
-43.250000 9.174446e-04
-43.000000 8.336422e-04
-42.750000 7.116699e-04
-42.500000 5.596115e-04
-42.250000 3.951445e-04
-42.000000 2.694041e-04
-41.750000 2.969091e-04
-41.500000 4.598572e-04
-41.250000 6.569832e-04
-41.000000 8.482248e-04
-40.750000 1.016055e-03
-40.500000 1.149530e-03
-40.250000 1.241059e-03
-40.000000 1.285733e-03
-39.750000 1.281207e-03
-39.500000 1.227695e-03
-39.250000 1.127934e-03
-39.000000 9.871440e-04
-38.750000 8.130797e-04
-38.500000 6.166855e-04
-38.250000 4.157234e-04
-38.000000 2.556890e-04
-37.750000 2.582513e-04
-37.500000 4.087712e-04
-37.250000 5.843162e-04
-37.000000 7.448089e-04
-36.750000 8.772022e-04
-36.500000 9.760786e-04
-36.250000 1.040206e-03
-36.000000 1.071799e-03
-35.750000 1.076279e-03
-35.500000 1.061951e-03
-35.250000 1.039255e-03
-35.000000 1.019179e-03
-34.750000 1.010697e-03
-34.500000 1.017904e-03
-34.250000 1.038508e-03
-34.000000 1.064797e-03
-33.750000 1.086367e-03
-33.500000 1.092919e-03
-33.250000 1.076152e-03
-33.000000 1.030819e-03
-32.750000 9.553326e-04
-32.500000 8.524220e-04
-32.250000 7.304609e-04
-32.000000 6.066347e-04
-31.750000 5.126940e-04
-31.500000 4.923550e-04
-31.250000 5.627171e-04
-31.000000 6.915328e-04
-30.750000 8.383880e-04
-30.500000 9.764921e-04
-30.250000 1.089428e-03
-30.000000 1.166923e-03
-29.750000 1.203042e-03
-29.500000 1.195648e-03
-29.250000 1.146433e-03
-29.000000 1.061361e-03
-28.750000 9.516420e-04
-28.500000 8.355440e-04
-28.250000 7.403913e-04
-28.000000 6.991657e-04
-27.750000 7.317345e-04
-27.500000 8.261666e-04
-27.250000 9.514375e-04
-27.000000 1.079082e-03
-26.750000 1.189701e-03
-26.500000 1.271834e-03
-26.250000 1.320430e-03
-26.000000 1.336195e-03
-25.750000 1.325519e-03
-25.500000 1.300456e-03
-25.250000 1.277911e-03
-25.000000 1.276720e-03
-24.750000 1.311886e-03
-24.500000 1.388332e-03
-24.250000 1.499105e-03
-24.000000 1.629368e-03
-23.750000 1.762228e-03
-23.500000 1.882916e-03
-23.250000 1.980939e-03
-23.000000 2.051117e-03
-22.750000 2.094152e-03
-22.500000 2.116851e-03
-22.250000 2.131714e-03
-22.000000 2.155231e-03
-21.750000 2.204283e-03
-21.500000 2.291049e-03
-21.250000 2.418504e-03
-21.000000 2.579093e-03
-20.750000 2.757053e-03
-20.500000 2.932457e-03
-20.250000 3.084903e-03
-20.000000 3.196103e-03
-19.750000 3.251510e-03
-19.500000 3.241419e-03
-19.250000 3.161864e-03
-19.000000 3.015554e-03
-18.750000 2.813080e-03
-18.500000 2.574662e-03
-18.250000 2.332410e-03
-18.000000 2.131463e-03
-17.750000 2.023853e-03
-17.500000 2.046999e-03
-17.250000 2.198310e-03
-17.000000 2.437454e-03
-16.750000 2.712426e-03
-16.500000 2.978382e-03
-16.250000 3.202463e-03
-16.000000 3.362878e-03
-15.750000 3.447337e-03
-15.500000 3.451993e-03
-15.250000 3.380813e-03
-15.000000 3.245092e-03
-14.750000 3.062787e-03
-14.500000 2.857238e-03
-14.250000 2.654548e-03
-14.000000 2.478785e-03
-13.750000 2.345000e-03
-13.500000 2.252737e-03
-13.250000 2.184735e-03
-13.000000 2.112747e-03
-12.750000 2.006852e-03
-12.500000 1.843717e-03
-12.250000 1.613352e-03
-12.000000 1.329268e-03
-11.750000 1.056875e-03
-11.500000 9.703591e-04
-11.250000 1.239824e-03
-11.000000 1.772183e-03
-10.750000 2.421542e-03
-10.500000 3.105551e-03
-10.250000 3.771807e-03
-10.000000 4.379577e-03
-9.750000 4.895406e-03
-9.500000 5.293493e-03
-9.250000 5.557939e-03
-9.000000 5.686158e-03
-8.750000 5.693313e-03
-8.500000 5.617557e-03
-8.250000 5.524420e-03
-8.000000 5.504801e-03
-7.750000 5.656665e-03
-7.500000 6.047958e-03
-7.250000 6.684215e-03
-7.000000 7.510059e-03
-6.750000 8.436520e-03
-6.500000 9.366282e-03
-6.250000 1.020656e-02
-6.000000 1.087406e-02
-5.750000 1.129741e-02
-5.500000 1.141975e-02
-5.250000 1.120294e-02
-5.000000 1.063494e-02
-4.750000 9.744391e-03
-4.500000 8.632195e-03
-4.250000 7.540077e-03
-4.000000 6.950646e-03
-3.750000 7.480023e-03
-3.500000 9.316519e-03
-3.250000 1.212389e-02
-3.000000 1.552104e-02
-2.750000 1.924555e-02
-2.500000 2.311303e-02
-2.250000 2.697702e-02
-2.000000 3.071053e-02
-1.750000 3.419943e-02
-1.500000 3.734093e-02
-1.250000 4.004431e-02
-1.000000 4.223243e-02
-0.750000 4.384352e-02
-0.500000 4.483267e-02
-0.250000 4.517306e-02
0.000000 4.485655e-02
0.250000 4.389377e-02
0.500000 4.231362e-02
0.750000 4.016213e-02
1.000000 3.750073e-02
1.250000 3.440413e-02
1.500000 3.095764e-02
1.750000 2.725424e-02
2.000000 2.339148e-02
2.250000 1.946817e-02
2.500000 1.558129e-02
2.750000 1.182296e-02
3.000000 8.278150e-03
3.250000 5.024284e-03
3.500000 2.146351e-03
3.750000 7.257829e-04
4.000000 2.626150e-03
4.250000 4.269979e-03
4.500000 5.489649e-03
4.750000 6.288788e-03
5.000000 6.693219e-03
5.250000 6.742967e-03
5.500000 6.489652e-03
5.750000 5.994871e-03
6.000000 5.329427e-03
6.250000 4.574049e-03
6.500000 3.822467e-03
6.750000 3.185136e-03
7.000000 2.778379e-03
7.250000 2.665892e-03
7.500000 2.789199e-03
7.750000 3.010685e-03
8.000000 3.209316e-03
8.250000 3.311575e-03
8.500000 3.281591e-03
8.750000 3.108285e-03
9.000000 2.797107e-03
9.250000 2.365068e-03
9.500000 1.837606e-03
9.750000 1.247318e-03
10.000000 6.416481e-04
10.250000 2.752258e-04
10.500000 7.178255e-04
10.750000 1.246503e-03
11.000000 1.708080e-03
11.250000 2.073018e-03
11.500000 2.326376e-03
11.750000 2.461768e-03
12.000000 2.480630e-03
12.250000 2.392228e-03
12.500000 2.214032e-03
12.750000 1.972827e-03
13.000000 1.707267e-03
13.250000 1.471590e-03
13.500000 1.332536e-03
13.750000 1.337656e-03
14.000000 1.469919e-03
14.250000 1.663890e-03
14.500000 1.856340e-03
14.750000 2.004349e-03
15.000000 2.082153e-03
15.250000 2.076079e-03
15.500000 1.981470e-03
15.750000 1.800999e-03
16.000000 1.543843e-03
16.250000 1.225855e-03
16.500000 8.731308e-04
16.750000 5.439800e-04
17.000000 4.295389e-04
17.250000 6.653163e-04
17.500000 1.008593e-03
17.750000 1.341425e-03
18.000000 1.626679e-03
18.250000 1.845869e-03
18.500000 1.988232e-03
18.750000 2.048458e-03
19.000000 2.026022e-03
19.250000 1.924812e-03
19.500000 1.752744e-03
19.750000 1.521301e-03
20.000000 1.245091e-03
20.250000 9.417261e-04
20.500000 6.335064e-04
20.750000 3.602915e-04
21.000000 2.549037e-04
21.250000 4.030689e-04
21.500000 5.950968e-04
21.750000 7.518006e-04
22.000000 8.552500e-04
22.250000 9.017483e-04
22.500000 8.960057e-04
22.750000 8.518447e-04
23.000000 7.952995e-04
23.250000 7.665595e-04
23.500000 8.081725e-04
23.750000 9.350243e-04
24.000000 1.125918e-03
24.250000 1.347554e-03
24.500000 1.571113e-03
24.750000 1.774698e-03
25.000000 1.942067e-03
25.250000 2.061638e-03
25.500000 2.126064e-03
25.750000 2.132150e-03
26.000000 2.080920e-03
26.250000 1.977798e-03
26.500000 1.832955e-03
26.750000 1.661917e-03
27.000000 1.486459e-03
27.250000 1.334938e-03
27.500000 1.238883e-03
27.750000 1.221088e-03
28.000000 1.280471e-03
28.250000 1.392466e-03
28.500000 1.525179e-03
28.750000 1.651995e-03
29.000000 1.754840e-03
29.250000 1.823348e-03
29.500000 1.853494e-03
29.750000 1.846596e-03
30.000000 1.808629e-03
30.250000 1.749587e-03
30.500000 1.682567e-03
30.750000 1.622104e-03
31.000000 1.581378e-03
31.250000 1.568622e-03
31.500000 1.584317e-03
31.750000 1.621092e-03
32.000000 1.666459e-03
32.250000 1.706493e-03
32.500000 1.728676e-03
32.750000 1.723402e-03
33.000000 1.684526e-03
33.250000 1.609396e-03
33.500000 1.498707e-03
33.750000 1.356340e-03
34.000000 1.189355e-03
34.250000 1.008413e-03
34.500000 8.291535e-04
34.750000 6.751375e-04
35.000000 5.796106e-04
35.250000 5.705339e-04
35.500000 6.381104e-04
35.750000 7.434001e-04
36.000000 8.531354e-04
36.250000 9.480181e-04
36.500000 1.018058e-03
36.750000 1.058740e-03
37.000000 1.069079e-03
37.250000 1.050633e-03
37.500000 1.006926e-03
37.750000 9.430546e-04
38.000000 8.653965e-04
38.250000 7.813856e-04
38.500000 6.993021e-04
38.750000 6.278810e-04
39.000000 5.753058e-04
39.250000 5.471965e-04
39.500000 5.443614e-04
39.750000 5.625386e-04
40.000000 5.948518e-04
40.250000 6.346788e-04
40.500000 6.769840e-04
40.750000 7.182795e-04
41.000000 7.560782e-04
41.250000 7.883752e-04
41.500000 8.133455e-04
41.750000 8.292809e-04
42.000000 8.347272e-04
42.250000 8.287637e-04
42.500000 8.113774e-04
42.750000 7.838935e-04
43.000000 7.494282e-04
43.250000 7.132683e-04
43.500000 6.828947e-04
43.750000 6.670461e-04
44.000000 6.732485e-04
44.250000 7.045574e-04
44.500000 7.580236e-04
44.750000 8.262317e-04
45.000000 9.001692e-04
45.250000 9.713276e-04
45.500000 1.032648e-03
45.750000 1.078813e-03
46.000000 1.106300e-03
46.250000 1.113392e-03
46.500000 1.100186e-03
46.750000 1.068600e-03
47.000000 1.022359e-03
47.250000 9.669244e-04
47.500000 9.092374e-04
47.750000 8.570976e-04
48.000000 8.178825e-04
48.250000 7.966183e-04
48.500000 7.941595e-04
48.750000 8.067918e-04
49.000000 8.277036e-04
49.250000 8.492641e-04
49.500000 8.648214e-04
49.750000 8.696233e-04
50.000000 8.611074e-04
