-50.000000 8.172342e-04
-49.750000 7.913492e-04
-49.500000 7.284272e-04
-49.250000 6.256315e-04
-49.000000 4.847118e-04
-48.750000 3.136334e-04
-48.500000 1.420547e-04
-48.250000 1.695882e-04
-48.000000 3.640886e-04
-47.750000 5.615891e-04
-47.500000 7.339666e-04
-47.250000 8.665614e-04
-47.000000 9.492535e-04
-46.750000 9.762556e-04
-46.500000 9.466130e-04
-46.250000 8.647290e-04
-46.000000 7.410917e-04
-45.750000 5.941677e-04
-45.500000 4.561008e-04
-45.250000 3.813152e-04
-45.000000 4.129389e-04
-44.750000 5.125677e-04
-44.500000 6.189422e-04
-44.250000 6.981291e-04
-44.000000 7.348714e-04
-43.750000 7.242479e-04
-43.500000 6.686677e-04
-43.250000 5.769254e-04
-43.000000 4.645347e-04
-42.750000 3.563687e-04
-42.500000 2.905593e-04
-42.250000 2.973177e-04
-42.000000 3.519532e-04
-41.750000 4.103277e-04
-41.500000 4.498846e-04
-41.250000 4.671159e-04
-41.000000 4.726190e-04
-40.750000 4.876077e-04
-40.500000 5.335330e-04
-40.250000 6.160165e-04
-40.000000 7.213791e-04
-39.750000 8.275076e-04
-39.500000 9.129595e-04
-39.250000 9.603563e-04
-39.000000 9.574128e-04
-38.750000 8.974155e-04
-38.500000 7.795243e-04
-38.250000 6.090292e-04
-38.000000 3.985687e-04
-37.750000 1.829980e-04
-37.500000 1.902752e-04
-37.250000 4.172953e-04
-37.000000 6.452681e-04
-36.750000 8.376651e-04
-36.500000 9.776013e-04
-36.250000 1.054726e-03
-36.000000 1.064678e-03
-35.750000 1.009554e-03
-35.500000 8.986257e-04
-35.250000 7.499157e-04
-35.000000 5.947072e-04
-34.750000 4.863079e-04
-34.500000 4.850408e-04
-34.250000 5.814077e-04
-34.000000 7.086141e-04
-33.750000 8.179255e-04
-33.500000 8.849251e-04
-33.250000 8.992388e-04
-33.000000 8.596611e-04
-32.750000 7.722327e-04
-32.500000 6.495319e-04
-32.250000 5.113382e-04
-32.000000 3.884315e-04
-31.750000 3.263182e-04
-31.500000 3.514714e-04
-31.250000 4.267149e-04
-31.000000 5.074089e-04
-30.750000 5.750679e-04
-30.500000 6.283163e-04
-30.250000 6.740230e-04
-30.000000 7.205524e-04
-29.750000 7.716619e-04
-29.500000 8.231582e-04
-29.250000 8.639772e-04
-29.000000 8.801091e-04
-28.750000 8.587356e-04
-28.500000 7.914494e-04
-28.250000 6.770099e-04
-28.000000 5.258501e-04
-27.750000 3.755428e-04
-27.500000 3.327871e-04
-27.250000 4.712344e-04
-27.000000 6.870911e-04
-26.750000 9.017452e-04
-26.500000 1.078003e-03
-26.250000 1.193078e-03
-26.000000 1.232758e-03
-25.750000 1.191413e-03
-25.500000 1.073930e-03
-25.250000 9.003917e-04
-25.000000 7.188994e-04
-24.750000 6.287697e-04
-24.500000 7.266161e-04
-24.250000 9.611150e-04
-24.000000 1.228626e-03
-23.750000 1.465030e-03
-23.500000 1.633556e-03
-23.250000 1.713239e-03
-23.000000 1.696452e-03
-22.750000 1.590459e-03
-22.500000 1.422262e-03
-22.250000 1.248123e-03
-22.000000 1.159845e-03
-21.750000 1.241848e-03
-21.500000 1.482995e-03
-21.250000 1.798976e-03
-21.000000 2.110801e-03
-20.750000 2.364326e-03
-20.500000 2.525047e-03
-20.250000 2.574005e-03
-20.000000 2.506600e-03
-19.750000 2.333037e-03
-19.500000 2.080159e-03
-19.250000 1.795363e-03
-19.000000 1.551464e-03
-18.750000 1.436535e-03
-18.500000 1.495934e-03
-18.250000 1.680325e-03
-18.000000 1.896785e-03
-17.750000 2.071166e-03
-17.500000 2.159509e-03
-17.250000 2.142869e-03
-17.000000 2.024436e-03
-16.750000 1.831428e-03
-16.500000 1.622079e-03
-16.250000 1.490895e-03
-16.000000 1.534632e-03
-15.750000 1.764596e-03
-15.500000 2.099537e-03
-15.250000 2.445995e-03
-15.000000 2.734620e-03
-14.750000 2.918787e-03
-14.500000 2.969269e-03
-14.250000 2.871451e-03
-14.000000 2.624071e-03
-13.750000 2.238436e-03
-13.500000 1.737815e-03
-13.250000 1.158223e-03
-13.000000 5.643503e-04
-12.750000 3.429626e-04
-12.500000 8.248841e-04
-12.250000 1.317542e-03
-12.000000 1.695474e-03
-11.750000 1.915503e-03
-11.500000 1.952308e-03
-11.250000 1.797413e-03
-11.000000 1.467732e-03
-10.750000 1.043368e-03
-10.500000 8.438784e-04
-10.250000 1.302748e-03
-10.000000 2.121554e-03
-9.750000 3.029830e-03
-9.500000 3.909398e-03
-9.250000 4.677029e-03
-9.000000 5.262462e-03
-8.750000 5.607638e-03
-8.500000 5.670824e-03
-8.250000 5.433110e-03
-8.000000 4.908849e-03
-7.750000 4.167662e-03
-7.500000 3.391565e-03
-7.250000 2.984524e-03
-7.000000 3.412462e-03
-6.750000 4.562623e-03
-6.500000 6.008392e-03
-6.250000 7.454226e-03
-6.000000 8.711171e-03
-5.750000 9.640201e-03
-5.500000 1.013389e-02
-5.250000 1.011394e-02
-5.000000 9.534021e-03
-4.750000 8.385535e-03
-4.500000 6.710282e-03
-4.250000 4.650789e-03
-4.000000 2.786664e-03
-3.750000 3.272179e-03
-3.500000 5.992074e-03
-3.250000 9.263708e-03
-3.000000 1.262101e-02
-2.750000 1.586381e-02
-2.500000 1.885605e-02
-2.250000 2.149908e-02
-2.000000 2.372957e-02
-1.750000 2.552080e-02
-1.500000 2.688218e-02
-1.250000 2.785513e-02
-1.000000 2.850455e-02
-0.750000 2.890572e-02
-0.500000 2.912826e-02
-0.250000 2.922016e-02
0.000000 2.919616e-02
0.250000 2.903424e-02
0.500000 2.868135e-02
0.750000 2.806651e-02
1.000000 2.711712e-02
1.250000 2.577443e-02
1.500000 2.400541e-02
1.750000 2.181000e-02
2.000000 1.922366e-02
2.250000 1.631618e-02
2.500000 1.318777e-02
2.750000 9.964562e-03
3.000000 6.799783e-03
3.250000 3.913365e-03
3.500000 1.969738e-03
3.750000 2.616515e-03
4.000000 4.229507e-03
4.250000 5.549140e-03
4.500000 6.374307e-03
4.750000 6.672726e-03
5.000000 6.469394e-03
5.250000 5.825213e-03
5.500000 4.827785e-03
5.750000 3.585517e-03
6.000000 2.230582e-03
6.250000 1.009952e-03
6.500000 1.049919e-03
6.750000 2.063272e-03
7.000000 2.977791e-03
7.250000 3.633403e-03
7.500000 3.987654e-03
7.750000 4.036058e-03
8.000000 3.800706e-03
8.250000 3.324707e-03
8.500000 2.666801e-03
8.750000 1.895537e-03
9.000000 1.083365e-03
9.250000 3.044732e-04
9.500000 4.062218e-04
9.750000 9.591828e-04
10.000000 1.343091e-03
10.250000 1.540295e-03
10.500000 1.554309e-03
10.750000 1.408607e-03
11.000000 1.149614e-03
11.250000 8.621261e-04
11.500000 7.101621e-04
11.750000 8.413399e-04
12.000000 1.130635e-03
12.250000 1.415420e-03
12.500000 1.619241e-03
12.750000 1.709660e-03
13.000000 1.679085e-03
13.250000 1.540159e-03
13.500000 1.326593e-03
13.750000 1.099194e-03
14.000000 9.520730e-04
14.250000 9.702228e-04
14.500000 1.127391e-03
14.750000 1.321121e-03
15.000000 1.471005e-03
15.250000 1.532567e-03
15.500000 1.485798e-03
15.750000 1.328037e-03
16.000000 1.070336e-03
16.250000 7.355346e-04
16.500000 3.629867e-04
16.750000 1.835382e-04
17.000000 5.105984e-04
17.250000 8.511756e-04
17.500000 1.126045e-03
17.750000 1.311377e-03
18.000000 1.396354e-03
18.250000 1.381491e-03
18.500000 1.278909e-03
18.750000 1.113186e-03
19.000000 9.236528e-04
19.250000 7.675967e-04
19.500000 7.074990e-04
19.750000 7.541904e-04
20.000000 8.471309e-04
20.250000 9.200740e-04
20.500000 9.335385e-04
20.750000 8.702913e-04
21.000000 7.285549e-04
21.250000 5.183428e-04
21.500000 2.615770e-04
21.750000 9.972716e-05
22.000000 3.528066e-04
22.250000 6.174789e-04
22.500000 8.351041e-04
22.750000 9.833164e-04
23.000000 1.048554e-03
23.250000 1.026787e-03
23.500000 9.260033e-04
23.750000 7.720744e-04
24.000000 6.249708e-04
24.250000 5.954472e-04
24.500000 7.451837e-04
24.750000 9.941603e-04
25.000000 1.254906e-03
25.250000 1.477282e-03
25.500000 1.632172e-03
25.750000 1.703289e-03
26.000000 1.684930e-03
26.250000 1.581506e-03
26.500000 1.407770e-03
26.750000 1.190078e-03
27.000000 9.700880e-04
27.250000 8.096742e-04
27.500000 7.727868e-04
27.750000 8.583443e-04
28.000000 9.971050e-04
28.250000 1.126323e-03
28.500000 1.213045e-03
28.750000 1.246294e-03
29.000000 1.230584e-03
29.250000 1.182743e-03
29.500000 1.128890e-03
29.750000 1.097867e-03
30.000000 1.108950e-03
30.250000 1.160728e-03
30.500000 1.233209e-03
30.750000 1.300565e-03
31.000000 1.341749e-03
31.250000 1.344888e-03
31.500000 1.308106e-03
31.750000 1.239060e-03
32.000000 1.153714e-03
32.250000 1.073499e-03
32.500000 1.019054e-03
32.750000 1.000544e-03
33.000000 1.011072e-03
33.250000 1.030695e-03
33.500000 1.036940e-03
33.750000 1.012665e-03
34.000000 9.490057e-04
34.250000 8.456835e-04
34.500000 7.108324e-04
34.750000 5.620011e-04
35.000000 4.307683e-04
35.250000 3.670741e-04
35.500000 4.001651e-04
35.750000 4.878801e-04
36.000000 5.780026e-04
36.250000 6.448809e-04
36.500000 6.807579e-04
36.750000 6.886500e-04
37.000000 6.789915e-04
37.250000 6.662234e-04
37.500000 6.631636e-04
37.750000 6.741837e-04
38.000000 6.923017e-04
38.250000 7.030468e-04
38.500000 6.909969e-04
38.750000 6.443821e-04
39.000000 5.571674e-04
39.250000 4.299523e-04
39.500000 2.722214e-04
39.750000 1.288979e-04
40.000000 2.006928e-04
40.250000 3.890312e-04
40.500000 5.742722e-04
40.750000 7.301761e-04
41.000000 8.415204e-04
41.250000 8.980387e-04
41.500000 8.943234e-04
41.750000 8.301923e-04
42.000000 7.109685e-04
42.250000 5.480068e-04
42.500000 3.619744e-04
42.750000 2.082961e-04
43.000000 2.411863e-04
43.250000 4.068683e-04
43.500000 5.735519e-04
43.750000 7.051408e-04
44.000000 7.878235e-04
44.250000 8.163116e-04
44.500000 7.921820e-04
44.750000 7.242122e-04
45.000000 6.299036e-04
45.250000 5.385116e-04
45.500000 4.908249e-04
45.750000 5.159898e-04
46.000000 5.985541e-04
46.250000 6.987924e-04
46.500000 7.853307e-04
46.750000 8.401393e-04
47.000000 8.551425e-04
47.250000 8.299055e-04
47.500000 7.705942e-04
47.750000 6.895884e-04
48.000000 6.052401e-04
48.250000 5.400466e-04
48.500000 5.127739e-04
48.750000 5.249637e-04
49.000000 5.590544e-04
49.250000 5.929352e-04
49.500000 6.111896e-04
49.750000 6.072874e-04
50.000000 5.826006e-04
