-50.000000 1.458005e-03
-49.750000 1.428721e-03
-49.500000 1.399036e-03
-49.250000 1.376030e-03
-49.000000 1.367185e-03
-48.750000 1.379219e-03
-48.500000 1.416670e-03
-48.250000 1.480818e-03
-48.000000 1.569516e-03
-47.750000 1.677944e-03
-47.500000 1.799776e-03
-47.250000 1.928218e-03
-47.000000 2.056689e-03
-46.750000 2.179188e-03
-46.500000 2.290448e-03
-46.250000 2.386006e-03
-46.000000 2.462220e-03
-45.750000 2.516295e-03
-45.500000 2.546299e-03
-45.250000 2.551200e-03
-45.000000 2.530907e-03
-44.750000 2.486329e-03
-44.500000 2.419446e-03
-44.250000 2.333404e-03
-44.000000 2.232624e-03
-43.750000 2.122919e-03
-43.500000 2.011563e-03
-43.250000 1.907214e-03
-43.000000 1.819475e-03
-42.750000 1.757843e-03
-42.500000 1.729961e-03
-42.250000 1.739631e-03
-42.000000 1.785613e-03
-41.750000 1.862011e-03
-41.500000 1.959971e-03
-41.250000 2.069653e-03
-41.000000 2.181666e-03
-40.750000 2.287825e-03
-40.500000 2.381411e-03
-40.250000 2.457194e-03
-40.000000 2.511370e-03
-39.750000 2.541490e-03
-39.500000 2.546407e-03
-39.250000 2.526253e-03
-39.000000 2.482441e-03
-38.750000 2.417688e-03
-38.500000 2.336047e-03
-38.250000 2.242938e-03
-38.000000 2.145115e-03
-37.750000 2.050500e-03
-37.500000 1.967721e-03
-37.250000 1.905222e-03
-37.000000 1.869894e-03
-36.750000 1.865540e-03
-36.500000 1.891828e-03
-36.250000 1.944316e-03
-36.000000 2.015552e-03
-35.750000 2.096623e-03
-35.500000 2.178530e-03
-35.250000 2.253075e-03
-35.000000 2.313319e-03
-34.750000 2.353758e-03
-34.500000 2.370379e-03
-34.250000 2.360664e-03
-34.000000 2.323614e-03
-33.750000 2.259802e-03
-33.500000 2.171493e-03
-33.250000 2.062845e-03
-33.000000 1.940204e-03
-32.750000 1.812483e-03
-32.500000 1.691476e-03
-32.250000 1.591660e-03
-32.000000 1.528600e-03
-31.750000 1.515202e-03
-31.500000 1.556880e-03
-31.250000 1.649168e-03
-31.000000 1.779938e-03
-30.750000 1.933967e-03
-30.500000 2.096491e-03
-30.250000 2.254760e-03
-30.000000 2.398325e-03
-29.750000 2.518848e-03
-29.500000 2.609842e-03
-29.250000 2.666488e-03
-29.000000 2.685529e-03
-28.750000 2.665261e-03
-28.500000 2.605594e-03
-28.250000 2.508218e-03
-28.000000 2.376892e-03
-27.750000 2.217942e-03
-27.500000 2.041092e-03
-27.250000 1.860712e-03
-27.000000 1.697314e-03
-26.750000 1.577929e-03
-26.500000 1.531764e-03
-26.250000 1.578403e-03
-26.000000 1.716448e-03
-25.750000 1.925970e-03
-25.500000 2.180785e-03
-25.250000 2.457206e-03
-25.000000 2.736380e-03
-24.750000 3.003710e-03
-24.500000 3.247810e-03
-24.250000 3.459717e-03
-24.000000 3.632427e-03
-23.750000 3.760651e-03
-23.500000 3.840719e-03
-23.250000 3.870578e-03
-23.000000 3.849848e-03
-22.750000 3.779940e-03
-22.500000 3.664231e-03
-22.250000 3.508325e-03
-22.000000 3.320425e-03
-21.750000 3.111850e-03
-21.500000 2.897640e-03
-21.250000 2.697028e-03
-21.000000 2.533019e-03
-20.750000 2.429722e-03
-20.500000 2.406367e-03
-20.250000 2.469991e-03
-20.000000 2.612282e-03
-19.750000 2.813510e-03
-19.500000 3.049692e-03
-19.250000 3.297925e-03
-19.000000 3.538615e-03
-18.750000 3.755796e-03
-18.500000 3.936752e-03
-18.250000 4.071546e-03
-18.000000 4.152660e-03
-17.750000 4.174752e-03
-17.500000 4.134529e-03
-17.250000 4.030681e-03
-17.000000 3.863904e-03
-16.750000 3.636981e-03
-16.500000 3.355015e-03
-16.250000 3.025896e-03
-16.000000 2.661319e-03
-15.750000 2.278971e-03
-15.500000 1.907240e-03
-15.250000 1.594046e-03
-15.000000 1.413842e-03
-14.750000 1.437576e-03
-14.500000 1.659642e-03
-14.250000 2.006657e-03
-14.000000 2.409220e-03
-13.750000 2.823359e-03
-13.500000 3.222522e-03
-13.250000 3.589834e-03
-13.000000 3.914250e-03
-12.750000 4.188951e-03
-12.500000 4.410828e-03
-12.250000 4.580515e-03
-12.000000 4.702718e-03
-11.750000 4.786689e-03
-11.500000 4.846668e-03
-11.250000 4.902020e-03
-11.000000 4.976606e-03
-10.750000 5.096873e-03
-10.500000 5.288438e-03
-10.250000 5.571773e-03
-10.000000 5.958579e-03
-9.750000 6.450414e-03
-9.500000 7.039909e-03
-9.250000 7.713526e-03
-9.000000 8.454474e-03
-8.750000 9.244976e-03
-8.500000 1.006775e-02
-8.250000 1.090687e-02
-8.000000 1.174834e-02
-7.750000 1.258039e-02
-7.500000 1.339375e-02
-7.250000 1.418189e-02
-7.000000 1.494121e-02
-6.750000 1.567113e-02
-6.500000 1.637421e-02
-6.250000 1.705604e-02
-6.000000 1.772505e-02
-5.750000 1.839209e-02
-5.500000 1.906981e-02
-5.250000 1.977183e-02
-5.000000 2.051166e-02
-4.750000 2.130167e-02
-4.500000 2.215188e-02
-4.250000 2.306901e-02
-4.000000 2.405577e-02
-3.750000 2.511041e-02
-3.500000 2.622672e-02
-3.250000 2.739424e-02
-3.000000 2.859878e-02
-2.750000 2.982311e-02
-2.500000 3.104767e-02
-2.250000 3.225135e-02
-2.000000 3.341220e-02
-1.750000 3.450811e-02
-1.500000 3.551738e-02
-1.250000 3.641927e-02
-1.000000 3.719445e-02
-0.750000 3.782540e-02
-0.500000 3.829674e-02
-0.250000 3.859554e-02
0.000000 3.871151e-02
0.250000 3.863722e-02
0.500000 3.836823e-02
0.750000 3.790318e-02
1.000000 3.724385e-02
1.250000 3.639517e-02
1.500000 3.536520e-02
1.750000 3.416510e-02
2.000000 3.280901e-02
2.250000 3.131397e-02
2.500000 2.969984e-02
2.750000 2.798918e-02
3.000000 2.620718e-02
3.250000 2.438158e-02
3.500000 2.254269e-02
3.750000 2.072334e-02
4.000000 1.895888e-02
4.250000 1.728696e-02
4.500000 1.574687e-02
4.750000 1.437785e-02
5.000000 1.321591e-02
5.250000 1.228841e-02
5.500000 1.160737e-02
5.750000 1.116372e-02
6.000000 1.092606e-02
6.250000 1.084571e-02
6.500000 1.086589e-02
6.750000 1.093084e-02
7.000000 1.099199e-02
7.250000 1.101068e-02
7.500000 1.095845e-02
7.750000 1.081612e-02
8.000000 1.057250e-02
8.250000 1.022309e-02
8.500000 9.769049e-03
8.750000 9.216296e-03
9.000000 8.574936e-03
9.250000 7.858919e-03
9.500000 7.086053e-03
9.750000 6.278543e-03
10.000000 5.464393e-03
10.250000 4.680241e-03
10.500000 3.976079e-03
10.750000 3.419920e-03
11.000000 3.091091e-03
11.250000 3.041755e-03
11.500000 3.247547e-03
11.750000 3.620976e-03
12.000000 4.069842e-03
12.250000 4.526850e-03
12.500000 4.948716e-03
12.750000 5.308352e-03
13.000000 5.588945e-03
13.250000 5.780490e-03
13.500000 5.877851e-03
13.750000 5.879669e-03
14.000000 5.787729e-03
14.250000 5.606568e-03
14.500000 5.343263e-03
14.750000 5.007361e-03
15.000000 4.610981e-03
15.250000 4.169215e-03
15.500000 3.701004e-03
15.750000 3.230852e-03
16.000000 2.791672e-03
16.250000 2.428009e-03
16.500000 2.194135e-03
16.750000 2.134653e-03
17.000000 2.251209e-03
17.250000 2.497847e-03
17.500000 2.814123e-03
17.750000 3.150806e-03
18.000000 3.474116e-03
18.250000 3.761867e-03
18.500000 3.999552e-03
18.750000 4.177861e-03
19.000000 4.291249e-03
19.250000 4.337153e-03
19.500000 4.315543e-03
19.750000 4.228682e-03
20.000000 4.081029e-03
20.250000 3.879257e-03
20.500000 3.632427e-03
20.750000 3.352374e-03
21.000000 3.054392e-03
21.250000 2.758258e-03
21.500000 2.489342e-03
21.750000 2.278475e-03
22.000000 2.157488e-03
22.250000 2.147934e-03
22.500000 2.249090e-03
22.750000 2.438274e-03
23.000000 2.683351e-03
23.250000 2.954208e-03
23.500000 3.227127e-03
23.750000 3.484711e-03
24.000000 3.714570e-03
24.250000 3.908103e-03
24.500000 4.059639e-03
24.750000 4.165881e-03
25.000000 4.225539e-03
25.250000 4.239099e-03
25.500000 4.208651e-03
25.750000 4.137767e-03
26.000000 4.031392e-03
26.250000 3.895753e-03
26.500000 3.738246e-03
26.750000 3.567292e-03
27.000000 3.392116e-03
27.250000 3.222380e-03
27.500000 3.067596e-03
27.750000 2.936274e-03
28.000000 2.834838e-03
28.250000 2.766562e-03
28.500000 2.730894e-03
28.750000 2.723538e-03
29.000000 2.737301e-03
29.250000 2.763413e-03
29.500000 2.792835e-03
29.750000 2.817254e-03
30.000000 2.829678e-03
30.250000 2.824700e-03
30.500000 2.798545e-03
30.750000 2.749007e-03
31.000000 2.675326e-03
31.250000 2.578055e-03
31.500000 2.458928e-03
31.750000 2.320741e-03
32.000000 2.167246e-03
32.250000 2.003067e-03
32.500000 1.833624e-03
32.750000 1.665068e-03
33.000000 1.504157e-03
33.250000 1.357994e-03
33.500000 1.233447e-03
33.750000 1.136048e-03
34.000000 1.068457e-03
34.250000 1.029138e-03
34.500000 1.012288e-03
34.750000 1.009349e-03
35.000000 1.011195e-03
35.250000 1.009823e-03
35.500000 9.991630e-04
35.750000 9.752435e-04
36.000000 9.360853e-04
36.250000 8.815814e-04
36.500000 8.135103e-04
36.750000 7.358073e-04
37.000000 6.552368e-04
37.250000 5.824911e-04
37.500000 5.327925e-04
37.750000 5.225416e-04
38.000000 5.595828e-04
38.250000 6.371510e-04
38.500000 7.407089e-04
38.750000 8.566096e-04
39.000000 9.747071e-04
39.250000 1.087811e-03
39.500000 1.190782e-03
39.750000 1.279946e-03
40.000000 1.352784e-03
40.250000 1.407797e-03
40.500000 1.444465e-03
40.750000 1.463265e-03
41.000000 1.465708e-03
41.250000 1.454404e-03
41.500000 1.433103e-03
41.750000 1.406685e-03
42.000000 1.381017e-03
42.250000 1.362557e-03
42.500000 1.357617e-03
42.750000 1.371322e-03
43.000000 1.406558e-03
43.250000 1.463363e-03
43.500000 1.539059e-03
43.750000 1.629008e-03
44.000000 1.727572e-03
44.250000 1.828926e-03
44.500000 1.927602e-03
44.750000 2.018781e-03
45.000000 2.098439e-03
45.250000 2.163409e-03
45.500000 2.211404e-03
45.750000 2.241040e-03
46.000000 2.251844e-03
46.250000 2.244274e-03
46.500000 2.219740e-03
46.750000 2.180615e-03
47.000000 2.130237e-03
47.250000 2.072869e-03
47.500000 2.013589e-03
47.750000 1.958047e-03
48.000000 1.912048e-03
48.250000 1.880909e-03
48.500000 1.868683e-03
48.750000 1.877427e-03
49.000000 1.906781e-03
49.250000 1.954049e-03
49.500000 2.014726e-03
49.750000 2.083251e-03
50.000000 2.153734e-03
