-50.000000 4.891369e-03
-49.750000 5.210987e-03
-49.500000 5.533158e-03
-49.250000 5.857797e-03
-49.000000 6.184826e-03
-48.750000 6.514176e-03
-48.500000 6.845784e-03
-48.250000 7.179591e-03
-48.000000 7.515541e-03
-47.750000 7.853582e-03
-47.500000 8.193663e-03
-47.250000 8.535735e-03
-47.000000 8.879751e-03
-46.750000 9.225665e-03
-46.500000 9.573430e-03
-46.250000 9.923001e-03
-46.000000 1.027433e-02
-45.750000 1.062739e-02
-45.500000 1.098211e-02
-45.250000 1.133847e-02
-45.000000 1.169641e-02
-44.750000 1.205589e-02
-44.500000 1.241688e-02
-44.250000 1.277932e-02
-44.000000 1.314317e-02
-43.750000 1.350839e-02
-43.500000 1.387494e-02
-43.250000 1.424277e-02
-43.000000 1.461183e-02
-42.750000 1.498209e-02
-42.500000 1.535349e-02
-42.250000 1.572600e-02
-42.000000 1.609957e-02
-41.750000 1.647416e-02
-41.500000 1.684971e-02
-41.250000 1.722619e-02
-41.000000 1.760355e-02
-40.750000 1.798174e-02
-40.500000 1.836072e-02
-40.250000 1.874045e-02
-40.000000 1.912087e-02
-39.750000 1.950194e-02
-39.500000 1.988361e-02
-39.250000 2.026585e-02
-39.000000 2.064859e-02
-38.750000 2.103180e-02
-38.500000 2.141543e-02
-38.250000 2.179943e-02
-38.000000 2.218376e-02
-37.750000 2.256836e-02
-37.500000 2.295319e-02
-37.250000 2.333820e-02
-37.000000 2.372335e-02
-36.750000 2.410858e-02
-36.500000 2.449386e-02
-36.250000 2.487912e-02
-36.000000 2.526433e-02
-35.750000 2.564944e-02
-35.500000 2.603439e-02
-35.250000 2.641914e-02
-35.000000 2.680365e-02
-34.750000 2.718785e-02
-34.500000 2.757172e-02
-34.250000 2.795519e-02
-34.000000 2.833821e-02
-33.750000 2.872075e-02
-33.500000 2.910275e-02
-33.250000 2.948417e-02
-33.000000 2.986495e-02
-32.750000 3.024504e-02
-32.500000 3.062441e-02
-32.250000 3.100299e-02
-32.000000 3.138075e-02
-31.750000 3.175763e-02
-31.500000 3.213359e-02
-31.250000 3.250857e-02
-31.000000 3.288254e-02
-30.750000 3.325543e-02
-30.500000 3.362721e-02
-30.250000 3.399783e-02
-30.000000 3.436723e-02
-29.750000 3.473537e-02
-29.500000 3.510221e-02
-29.250000 3.546769e-02
-29.000000 3.583177e-02
-28.750000 3.619440e-02
-28.500000 3.655554e-02
-28.250000 3.691513e-02
-28.000000 3.727313e-02
-27.750000 3.762950e-02
-27.500000 3.798418e-02
-27.250000 3.833714e-02
-27.000000 3.868831e-02
-26.750000 3.903767e-02
-26.500000 3.938516e-02
-26.250000 3.973074e-02
-26.000000 4.007436e-02
-25.750000 4.041598e-02
-25.500000 4.075554e-02
-25.250000 4.109302e-02
-25.000000 4.142836e-02
-24.750000 4.176152e-02
-24.500000 4.209245e-02
-24.250000 4.242111e-02
-24.000000 4.274746e-02
-23.750000 4.307145e-02
-23.500000 4.339305e-02
-23.250000 4.371220e-02
-23.000000 4.402888e-02
-22.750000 4.434302e-02
-22.500000 4.465460e-02
-22.250000 4.496357e-02
-22.000000 4.526989e-02
-21.750000 4.557351e-02
-21.500000 4.587441e-02
-21.250000 4.617253e-02
-21.000000 4.646785e-02
-20.750000 4.676031e-02
-20.500000 4.704988e-02
-20.250000 4.733653e-02
-20.000000 4.762020e-02
-19.750000 4.790087e-02
-19.500000 4.817850e-02
-19.250000 4.845305e-02
-19.000000 4.872448e-02
-18.750000 4.899276e-02
-18.500000 4.925785e-02
-18.250000 4.951971e-02
-18.000000 4.977831e-02
-17.750000 5.003362e-02
-17.500000 5.028560e-02
-17.250000 5.053421e-02
-17.000000 5.077943e-02
-16.750000 5.102121e-02
-16.500000 5.125953e-02
-16.250000 5.149436e-02
-16.000000 5.172566e-02
-15.750000 5.195340e-02
-15.500000 5.217755e-02
-15.250000 5.239808e-02
-15.000000 5.261496e-02
-14.750000 5.282816e-02
-14.500000 5.303766e-02
-14.250000 5.324341e-02
-14.000000 5.344541e-02
-13.750000 5.364361e-02
-13.500000 5.383799e-02
-13.250000 5.402852e-02
-13.000000 5.421519e-02
-12.750000 5.439796e-02
-12.500000 5.457680e-02
-12.250000 5.475170e-02
-12.000000 5.492263e-02
-11.750000 5.508957e-02
-11.500000 5.525249e-02
-11.250000 5.541137e-02
-11.000000 5.556619e-02
-10.750000 5.571693e-02
-10.500000 5.586357e-02
-10.250000 5.600608e-02
-10.000000 5.614446e-02
-9.750000 5.627867e-02
-9.500000 5.640870e-02
-9.250000 5.653454e-02
-9.000000 5.665617e-02
-8.750000 5.677356e-02
-8.500000 5.688670e-02
-8.250000 5.699559e-02
-8.000000 5.710019e-02
-7.750000 5.720051e-02
-7.500000 5.729652e-02
-7.250000 5.738821e-02
-7.000000 5.747556e-02
-6.750000 5.755858e-02
-6.500000 5.763724e-02
-6.250000 5.771153e-02
-6.000000 5.778145e-02
-5.750000 5.784698e-02
-5.500000 5.790812e-02
-5.250000 5.796485e-02
-5.000000 5.801718e-02
-4.750000 5.806508e-02
-4.500000 5.810856e-02
-4.250000 5.814761e-02
-4.000000 5.818222e-02
-3.750000 5.821239e-02
-3.500000 5.823811e-02
-3.250000 5.825939e-02
-3.000000 5.827621e-02
-2.750000 5.828858e-02
-2.500000 5.829649e-02
-2.250000 5.829994e-02
-2.000000 5.829894e-02
-1.750000 5.829347e-02
-1.500000 5.828355e-02
-1.250000 5.826917e-02
-1.000000 5.825034e-02
-0.750000 5.822706e-02
-0.500000 5.819932e-02
-0.250000 5.816714e-02
0.000000 5.813052e-02
0.250000 5.808946e-02
0.500000 5.804398e-02
0.750000 5.799406e-02
1.000000 5.793973e-02
1.250000 5.788099e-02
1.500000 5.781785e-02
1.750000 5.775031e-02
2.000000 5.767839e-02
2.250000 5.760209e-02
2.500000 5.752143e-02
2.750000 5.743641e-02
3.000000 5.734705e-02
3.250000 5.725336e-02
3.500000 5.715535e-02
3.750000 5.705304e-02
4.000000 5.694644e-02
4.250000 5.683556e-02
4.500000 5.672041e-02
4.750000 5.660103e-02
5.000000 5.647741e-02
5.250000 5.634958e-02
5.500000 5.621756e-02
5.750000 5.608136e-02
6.000000 5.594100e-02
6.250000 5.579650e-02
6.500000 5.564787e-02
6.750000 5.549515e-02
7.000000 5.533835e-02
7.250000 5.517749e-02
7.500000 5.501260e-02
7.750000 5.484369e-02
8.000000 5.467079e-02
8.250000 5.449392e-02
8.500000 5.431310e-02
8.750000 5.412837e-02
9.000000 5.393974e-02
9.250000 5.374725e-02
9.500000 5.355091e-02
9.750000 5.335075e-02
10.000000 5.314681e-02
10.250000 5.293910e-02
10.500000 5.272766e-02
10.750000 5.251251e-02
11.000000 5.229369e-02
11.250000 5.207122e-02
11.500000 5.184514e-02
11.750000 5.161546e-02
12.000000 5.138224e-02
12.250000 5.114549e-02
12.500000 5.090524e-02
12.750000 5.066154e-02
13.000000 5.041441e-02
13.250000 5.016389e-02
13.500000 4.991001e-02
13.750000 4.965280e-02
14.000000 4.939230e-02
14.250000 4.912854e-02
14.500000 4.886157e-02
14.750000 4.859141e-02
15.000000 4.831809e-02
15.250000 4.804167e-02
15.500000 4.776217e-02
15.750000 4.747964e-02
16.000000 4.719410e-02
16.250000 4.690561e-02
16.500000 4.661419e-02
16.750000 4.631988e-02
17.000000 4.602273e-02
17.250000 4.572278e-02
17.500000 4.542005e-02
17.750000 4.511461e-02
18.000000 4.480648e-02
18.250000 4.449570e-02
18.500000 4.418233e-02
18.750000 4.386639e-02
19.000000 4.354793e-02
19.250000 4.322700e-02
19.500000 4.290364e-02
19.750000 4.257788e-02
20.000000 4.224978e-02
20.250000 4.191937e-02
20.500000 4.158670e-02
20.750000 4.125181e-02
21.000000 4.091475e-02
21.250000 4.057556e-02
21.500000 4.023429e-02
21.750000 3.989098e-02
22.000000 3.954568e-02
22.250000 3.919842e-02
22.500000 3.884927e-02
22.750000 3.849826e-02
23.000000 3.814544e-02
23.250000 3.779085e-02
23.500000 3.743455e-02
23.750000 3.707657e-02
24.000000 3.671697e-02
24.250000 3.635579e-02
24.500000 3.599309e-02
24.750000 3.562889e-02
25.000000 3.526327e-02
25.250000 3.489625e-02
25.500000 3.452789e-02
25.750000 3.415824e-02
26.000000 3.378735e-02
26.250000 3.341525e-02
26.500000 3.304201e-02
26.750000 3.266767e-02
27.000000 3.229228e-02
27.250000 3.191588e-02
27.500000 3.153852e-02
27.750000 3.116026e-02
28.000000 3.078114e-02
28.250000 3.040122e-02
28.500000 3.002053e-02
28.750000 2.963913e-02
29.000000 2.925706e-02
29.250000 2.887439e-02
29.500000 2.849115e-02
29.750000 2.810739e-02
30.000000 2.772316e-02
30.250000 2.733852e-02
30.500000 2.695351e-02
30.750000 2.656817e-02
31.000000 2.618257e-02
31.250000 2.579675e-02
31.500000 2.541075e-02
31.750000 2.502463e-02
32.000000 2.463843e-02
32.250000 2.425221e-02
32.500000 2.386601e-02
32.750000 2.347988e-02
33.000000 2.309387e-02
33.250000 2.270804e-02
33.500000 2.232242e-02
33.750000 2.193707e-02
34.000000 2.155203e-02
34.250000 2.116736e-02
34.500000 2.078310e-02
34.750000 2.039931e-02
35.000000 2.001603e-02
35.250000 1.963330e-02
35.500000 1.925119e-02
35.750000 1.886973e-02
36.000000 1.848897e-02
36.250000 1.810898e-02
36.500000 1.772978e-02
36.750000 1.735144e-02
37.000000 1.697399e-02
37.250000 1.659750e-02
37.500000 1.622200e-02
37.750000 1.584755e-02
38.000000 1.547420e-02
38.250000 1.510200e-02
38.500000 1.473099e-02
38.750000 1.436122e-02
39.000000 1.399276e-02
39.250000 1.362564e-02
39.500000 1.325992e-02
39.750000 1.289565e-02
40.000000 1.253288e-02
40.250000 1.217167e-02
40.500000 1.181207e-02
40.750000 1.145414e-02
41.000000 1.109794e-02
41.250000 1.074351e-02
41.500000 1.039093e-02
41.750000 1.004026e-02
42.000000 9.691555e-03
42.250000 9.344892e-03
42.500000 9.000341e-03
42.750000 8.657979e-03
43.000000 8.317888e-03
43.250000 7.980156e-03
43.500000 7.644879e-03
43.750000 7.312162e-03
44.000000 6.982122e-03
44.250000 6.654889e-03
44.500000 6.330612e-03
44.750000 6.009459e-03
45.000000 5.691627e-03
45.250000 5.377345e-03
45.500000 5.066886e-03
45.750000 4.760580e-03
46.000000 4.458829e-03
46.250000 4.162128e-03
46.500000 3.871101e-03
46.750000 3.586541e-03
47.000000 3.309472e-03
47.250000 3.041231e-03
47.500000 2.783588e-03
47.750000 2.538903e-03
48.000000 2.310335e-03
48.250000 2.102080e-03
48.500000 1.919582e-03
48.750000 1.769541e-03
49.000000 1.659401e-03
49.250000 1.595999e-03
49.500000 1.583499e-03
49.750000 1.621648e-03
50.000000 1.705692e-03
