-50.000000 5.749909e-04
-49.750000 7.435913e-04
-49.500000 9.014364e-04
-49.250000 1.046266e-03
-49.000000 1.175995e-03
-48.750000 1.288736e-03
-48.500000 1.382833e-03
-48.250000 1.456890e-03
-48.000000 1.509799e-03
-47.750000 1.540775e-03
-47.500000 1.549388e-03
-47.250000 1.535599e-03
-47.000000 1.499814e-03
-46.750000 1.442944e-03
-46.500000 1.366520e-03
-46.250000 1.272865e-03
-46.000000 1.165406e-03
-45.750000 1.049228e-03
-45.500000 9.320510e-04
-45.250000 8.257403e-04
-45.000000 7.476997e-04
-44.750000 7.188021e-04
-44.500000 7.533948e-04
-44.250000 8.487964e-04
-44.000000 9.894189e-04
-43.750000 1.158240e-03
-43.500000 1.342089e-03
-43.250000 1.531600e-03
-43.000000 1.719977e-03
-42.750000 1.902028e-03
-42.500000 2.073590e-03
-42.250000 2.231212e-03
-42.000000 2.371994e-03
-41.750000 2.493502e-03
-41.500000 2.593729e-03
-41.250000 2.671083e-03
-41.000000 2.724391e-03
-40.750000 2.752903e-03
-40.500000 2.756312e-03
-40.250000 2.734771e-03
-40.000000 2.688914e-03
-39.750000 2.619894e-03
-39.500000 2.529414e-03
-39.250000 2.419792e-03
-39.000000 2.294040e-03
-38.750000 2.155981e-03
-38.500000 2.010408e-03
-38.250000 1.863295e-03
-38.000000 1.722003e-03
-37.750000 1.595371e-03
-37.500000 1.493362e-03
-37.250000 1.425821e-03
-37.000000 1.400128e-03
-36.750000 1.418570e-03
-36.500000 1.477281e-03
-36.250000 1.567680e-03
-36.000000 1.679225e-03
-35.750000 1.801663e-03
-35.500000 1.926128e-03
-35.250000 2.045380e-03
-35.000000 2.153658e-03
-34.750000 2.246439e-03
-34.500000 2.320221e-03
-34.250000 2.372355e-03
-34.000000 2.400924e-03
-33.750000 2.404663e-03
-33.500000 2.382895e-03
-33.250000 2.335494e-03
-33.000000 2.262842e-03
-32.750000 2.165809e-03
-32.500000 2.045720e-03
-32.250000 1.904339e-03
-32.000000 1.743846e-03
-31.750000 1.566829e-03
-31.500000 1.376297e-03
-31.250000 1.175744e-03
-31.000000 9.693441e-04
-30.750000 7.625160e-04
-30.500000 5.636921e-04
-30.250000 3.905500e-04
-30.000000 2.890701e-04
-29.750000 3.205071e-04
-29.500000 4.434109e-04
-29.250000 5.894951e-04
-29.000000 7.311765e-04
-28.750000 8.576694e-04
-28.500000 9.633819e-04
-28.250000 1.044738e-03
-28.000000 1.099221e-03
-27.750000 1.125054e-03
-27.500000 1.121093e-03
-27.250000 1.086810e-03
-27.000000 1.022343e-03
-26.750000 9.286297e-04
-26.500000 8.077401e-04
-26.250000 6.638072e-04
-26.000000 5.060979e-04
-25.750000 3.611191e-04
-25.500000 3.086016e-04
-25.250000 4.249366e-04
-25.000000 6.421761e-04
-24.750000 9.003574e-04
-24.500000 1.177901e-03
-24.250000 1.464803e-03
-24.000000 1.754364e-03
-23.750000 2.041016e-03
-23.500000 2.319657e-03
-23.250000 2.585449e-03
-23.000000 2.833764e-03
-22.750000 3.060188e-03
-22.500000 3.260564e-03
-22.250000 3.431033e-03
-22.000000 3.568095e-03
-21.750000 3.668656e-03
-21.500000 3.730093e-03
-21.250000 3.750301e-03
-21.000000 3.727752e-03
-20.750000 3.661555e-03
-20.500000 3.551517e-03
-20.250000 3.398222e-03
-20.000000 3.203145e-03
-19.750000 2.968820e-03
-19.500000 2.699155e-03
-19.250000 2.400013e-03
-19.000000 2.080428e-03
-18.750000 1.755255e-03
-18.500000 1.451004e-03
-18.250000 1.216554e-03
-18.000000 1.126804e-03
-17.750000 1.233671e-03
-17.500000 1.504417e-03
-17.250000 1.869921e-03
-17.000000 2.280312e-03
-16.750000 2.706561e-03
-16.500000 3.130778e-03
-16.250000 3.540472e-03
-16.000000 3.925917e-03
-15.750000 4.278974e-03
-15.500000 4.592559e-03
-15.250000 4.860411e-03
-15.000000 5.076998e-03
-14.750000 5.237492e-03
-14.500000 5.337784e-03
-14.250000 5.374515e-03
-14.000000 5.345116e-03
-13.750000 5.247853e-03
-13.500000 5.081881e-03
-13.250000 4.847306e-03
-13.000000 4.545262e-03
-12.750000 4.178046e-03
-12.500000 3.749356e-03
-12.250000 3.264796e-03
-12.000000 2.733105e-03
-11.750000 2.169552e-03
-11.500000 1.607111e-03
-11.250000 1.138379e-03
-11.000000 1.010098e-03
-10.750000 1.376889e-03
-10.500000 2.004857e-03
-10.250000 2.727293e-03
-10.000000 3.484759e-03
-9.750000 4.250792e-03
-9.500000 5.009008e-03
-9.250000 5.746740e-03
-9.000000 6.453005e-03
-8.750000 7.117776e-03
-8.500000 7.731735e-03
-8.250000 8.286203e-03
-8.000000 8.773161e-03
-7.750000 9.185309e-03
-7.500000 9.516154e-03
-7.250000 9.760102e-03
-7.000000 9.912562e-03
-6.750000 9.970073e-03
-6.500000 9.930433e-03
-6.250000 9.792871e-03
-6.000000 9.558257e-03
-5.750000 9.229404e-03
-5.500000 8.811498e-03
-5.250000 8.312780e-03
-5.000000 7.745628e-03
-4.750000 7.128352e-03
-4.500000 6.488123e-03
-4.250000 5.865539e-03
-4.000000 5.320466e-03
-3.750000 4.935063e-03
-3.500000 4.801971e-03
-3.250000 4.987124e-03
-3.000000 5.492191e-03
-2.750000 6.261903e-03
-2.500000 7.223243e-03
-2.250000 8.312305e-03
-2.000000 9.480390e-03
-1.750000 1.069121e-02
-1.500000 1.191695e-02
-1.250000 1.313535e-02
-1.000000 1.432782e-02
-0.750000 1.547835e-02
-0.500000 1.657287e-02
-0.250000 1.759886e-02
0.000000 1.854514e-02
0.250000 1.940182e-02
0.500000 2.016017e-02
0.750000 2.081270e-02
1.000000 2.135308e-02
1.250000 2.177623e-02
1.500000 2.207827e-02
1.750000 2.225658e-02
2.000000 2.230979e-02
2.250000 2.223776e-02
2.500000 2.204161e-02
2.750000 2.172368e-02
3.000000 2.128750e-02
3.250000 2.073779e-02
3.500000 2.008036e-02
3.750000 1.932211e-02
4.000000 1.847099e-02
4.250000 1.753591e-02
4.500000 1.652671e-02
4.750000 1.545416e-02
5.000000 1.432995e-02
5.250000 1.316672e-02
5.500000 1.197821e-02
5.750000 1.077954e-02
6.000000 9.587654e-03
6.250000 8.422285e-03
6.500000 7.307440e-03
6.750000 6.273930e-03
7.000000 5.362942e-03
7.250000 4.629052e-03
7.500000 4.135808e-03
7.750000 3.931583e-03
8.000000 4.011515e-03
8.250000 4.309952e-03
8.500000 4.738309e-03
8.750000 5.221133e-03
9.000000 5.705775e-03
9.250000 6.158126e-03
9.500000 6.556511e-03
9.750000 6.887254e-03
10.000000 7.141944e-03
10.250000 7.315803e-03
10.500000 7.406708e-03
10.750000 7.414584e-03
11.000000 7.341008e-03
11.250000 7.188941e-03
11.500000 6.962533e-03
11.750000 6.666976e-03
12.000000 6.308398e-03
12.250000 5.893786e-03
12.500000 5.430958e-03
12.750000 4.928596e-03
13.000000 4.396403e-03
13.250000 3.845485e-03
13.500000 3.289208e-03
13.750000 2.745041e-03
14.000000 2.238542e-03
14.250000 1.811136e-03
14.500000 1.528757e-03
14.750000 1.462679e-03
15.000000 1.616339e-03
15.250000 1.911826e-03
15.500000 2.268368e-03
15.750000 2.636155e-03
16.000000 2.987724e-03
16.250000 3.307359e-03
16.500000 3.585478e-03
16.750000 3.815991e-03
17.000000 3.995045e-03
17.250000 4.120382e-03
17.500000 4.190993e-03
17.750000 4.206914e-03
18.000000 4.169087e-03
18.250000 4.079259e-03
18.500000 3.939898e-03
18.750000 3.754114e-03
19.000000 3.525586e-03
19.250000 3.258493e-03
19.500000 2.957435e-03
19.750000 2.627366e-03
20.000000 2.273516e-03
20.250000 1.901333e-03
20.500000 1.516428e-03
20.750000 1.124587e-03
21.000000 7.320593e-04
21.250000 3.481967e-04
21.500000 1.089406e-04
21.750000 4.283619e-04
22.000000 7.736072e-04
22.250000 1.099327e-03
22.500000 1.399256e-03
22.750000 1.669393e-03
23.000000 1.906568e-03
23.250000 2.108230e-03
23.500000 2.272411e-03
23.750000 2.397714e-03
24.000000 2.483317e-03
24.250000 2.528969e-03
24.500000 2.534986e-03
24.750000 2.502238e-03
25.000000 2.432138e-03
25.250000 2.326627e-03
25.500000 2.188166e-03
25.750000 2.019739e-03
26.000000 1.824887e-03
26.250000 1.607823e-03
26.500000 1.373719e-03
26.750000 1.129459e-03
27.000000 8.857182e-04
27.250000 6.631872e-04
27.500000 5.091521e-04
27.750000 5.009892e-04
28.000000 6.432608e-04
28.250000 8.585675e-04
28.500000 1.096457e-03
28.750000 1.335325e-03
29.000000 1.564710e-03
29.250000 1.778417e-03
29.500000 1.972209e-03
29.750000 2.142954e-03
30.000000 2.288293e-03
30.250000 2.406481e-03
30.500000 2.496319e-03
30.750000 2.557113e-03
31.000000 2.588647e-03
31.250000 2.591166e-03
31.500000 2.565355e-03
31.750000 2.512316e-03
32.000000 2.433548e-03
32.250000 2.330918e-03
32.500000 2.206638e-03
32.750000 2.063240e-03
33.000000 1.903554e-03
33.250000 1.730695e-03
33.500000 1.548073e-03
33.750000 1.359443e-03
34.000000 1.169032e-03
34.250000 9.818320e-04
34.500000 8.042531e-04
34.750000 6.454682e-04
35.000000 5.196797e-04
35.250000 4.466630e-04
35.500000 4.402649e-04
35.750000 4.892797e-04
36.000000 5.666362e-04
36.250000 6.506877e-04
36.500000 7.290815e-04
36.750000 7.952672e-04
37.000000 8.458274e-04
37.250000 8.791718e-04
37.500000 8.949631e-04
37.750000 8.939003e-04
38.000000 8.776969e-04
38.250000 8.491980e-04
38.500000 8.126134e-04
38.750000 7.738184e-04
39.000000 7.405369e-04
39.250000 7.219306e-04
39.500000 7.269347e-04
39.750000 7.614299e-04
40.000000 8.260935e-04
40.250000 9.168422e-04
40.500000 1.027150e-03
40.750000 1.150152e-03
41.000000 1.279651e-03
41.250000 1.410360e-03
41.500000 1.537813e-03
41.750000 1.658226e-03
42.000000 1.768380e-03
42.250000 1.865535e-03
42.500000 1.947385e-03
42.750000 2.012033e-03
43.000000 2.057982e-03
43.250000 2.084130e-03
43.500000 2.089785e-03
43.750000 2.074672e-03
44.000000 2.038955e-03
44.250000 1.983262e-03
44.500000 1.908728e-03
44.750000 1.817059e-03
45.000000 1.710628e-03
45.250000 1.592632e-03
45.500000 1.467338e-03
45.750000 1.340443e-03
46.000000 1.219550e-03
46.250000 1.114580e-03
46.500000 1.037513e-03
46.750000 1.000339e-03
47.000000 1.010752e-03
47.250000 1.068233e-03
47.500000 1.164554e-03
47.750000 1.288043e-03
48.000000 1.427426e-03
48.250000 1.573411e-03
48.500000 1.718766e-03
48.750000 1.857911e-03
49.000000 1.986499e-03
49.250000 2.101102e-03
49.500000 2.199004e-03
49.750000 2.278067e-03
50.000000 2.336650e-03
