-50.000000 3.335997e-03
-49.750000 3.275501e-03
-49.500000 3.208208e-03
-49.250000 3.136111e-03
-49.000000 3.061538e-03
-48.750000 2.987173e-03
-48.500000 2.916054e-03
-48.250000 2.851540e-03
-48.000000 2.797225e-03
-47.750000 2.756792e-03
-47.500000 2.733792e-03
-47.250000 2.731367e-03
-47.000000 2.751960e-03
-46.750000 2.797065e-03
-46.500000 2.867092e-03
-46.250000 2.961370e-03
-46.000000 3.078293e-03
-45.750000 3.215542e-03
-45.500000 3.370334e-03
-45.250000 3.539656e-03
-45.000000 3.720434e-03
-44.750000 3.909658e-03
-44.500000 4.104451e-03
-44.250000 4.302108e-03
-44.000000 4.500105e-03
-43.750000 4.696103e-03
-43.500000 4.887936e-03
-43.250000 5.073603e-03
-43.000000 5.251256e-03
-42.750000 5.419189e-03
-42.500000 5.575832e-03
-42.250000 5.719743e-03
-42.000000 5.849606e-03
-41.750000 5.964222e-03
-41.500000 6.062513e-03
-41.250000 6.143519e-03
-41.000000 6.206399e-03
-40.750000 6.250431e-03
-40.500000 6.275015e-03
-40.250000 6.279675e-03
-40.000000 6.264061e-03
-39.750000 6.227955e-03
-39.500000 6.171274e-03
-39.250000 6.094077e-03
-39.000000 5.996568e-03
-38.750000 5.879108e-03
-38.500000 5.742223e-03
-38.250000 5.586620e-03
-38.000000 5.413199e-03
-37.750000 5.223081e-03
-37.500000 5.017633e-03
-37.250000 4.798514e-03
-37.000000 4.567728e-03
-36.750000 4.327695e-03
-36.500000 4.081361e-03
-36.250000 3.832327e-03
-36.000000 3.585025e-03
-35.750000 3.344934e-03
-35.500000 3.118798e-03
-35.250000 2.914788e-03
-35.000000 2.742424e-03
-34.750000 2.611997e-03
-34.500000 2.533229e-03
-34.250000 2.513257e-03
-34.000000 2.554657e-03
-33.750000 2.654681e-03
-33.500000 2.806183e-03
-33.250000 2.999612e-03
-33.000000 3.224933e-03
-32.750000 3.472852e-03
-32.500000 3.735318e-03
-32.250000 4.005570e-03
-32.000000 4.277987e-03
-31.750000 4.547879e-03
-31.500000 4.811298e-03
-31.250000 5.064878e-03
-31.000000 5.305714e-03
-30.750000 5.531278e-03
-30.500000 5.739352e-03
-30.250000 5.927986e-03
-30.000000 6.095466e-03
-29.750000 6.240294e-03
-29.500000 6.361176e-03
-29.250000 6.457015e-03
-29.000000 6.526909e-03
-28.750000 6.570153e-03
-28.500000 6.586243e-03
-28.250000 6.574886e-03
-28.000000 6.536011e-03
-27.750000 6.469785e-03
-27.500000 6.376634e-03
-27.250000 6.257270e-03
-27.000000 6.112727e-03
-26.750000 5.944406e-03
-26.500000 5.754139e-03
-26.250000 5.544268e-03
-26.000000 5.317752e-03
-25.750000 5.078312e-03
-25.500000 4.830613e-03
-25.250000 4.580485e-03
-25.000000 4.335188e-03
-24.750000 4.103652e-03
-24.500000 3.896603e-03
-24.250000 3.726364e-03
-24.000000 3.606053e-03
-23.750000 3.547968e-03
-23.500000 3.561353e-03
-23.250000 3.650333e-03
-23.000000 3.813102e-03
-22.750000 4.042770e-03
-22.500000 4.329307e-03
-22.250000 4.661549e-03
-22.000000 5.028599e-03
-21.750000 5.420536e-03
-21.500000 5.828624e-03
-21.250000 6.245250e-03
-21.000000 6.663764e-03
-20.750000 7.078298e-03
-20.500000 7.483605e-03
-20.250000 7.874932e-03
-20.000000 8.247915e-03
-19.750000 8.598511e-03
-19.500000 8.922937e-03
-19.250000 9.217641e-03
-19.000000 9.479266e-03
-18.750000 9.704642e-03
-18.500000 9.890766e-03
-18.250000 1.003481e-02
-18.000000 1.013409e-02
-17.750000 1.018612e-02
-17.500000 1.018855e-02
-17.250000 1.013922e-02
-17.000000 1.003616e-02
-16.750000 9.877583e-03
-16.500000 9.661897e-03
-16.250000 9.387737e-03
-16.000000 9.053970e-03
-15.750000 8.659727e-03
-15.500000 8.204440e-03
-15.250000 7.687899e-03
-15.000000 7.110360e-03
-14.750000 6.472715e-03
-14.500000 5.776838e-03
-14.250000 5.026306e-03
-14.000000 4.228064e-03
-13.750000 3.396857e-03
-13.500000 2.568973e-03
-13.250000 1.851260e-03
-13.000000 1.550393e-03
-12.750000 1.980612e-03
-12.500000 2.895698e-03
-12.250000 4.024146e-03
-12.000000 5.267856e-03
-11.750000 6.591628e-03
-11.500000 7.979647e-03
-11.250000 9.422985e-03
-11.000000 1.091551e-02
-10.750000 1.245232e-02
-10.500000 1.402911e-02
-10.250000 1.564178e-02
-10.000000 1.728638e-02
-9.750000 1.895895e-02
-9.500000 2.065550e-02
-9.250000 2.237199e-02
-9.000000 2.410432e-02
-8.750000 2.584834e-02
-8.500000 2.759984e-02
-8.250000 2.935454e-02
-8.000000 3.110814e-02
-7.750000 3.285629e-02
-7.500000 3.459463e-02
-7.250000 3.631879e-02
-7.000000 3.802440e-02
-6.750000 3.970709e-02
-6.500000 4.136255e-02
-6.250000 4.298648e-02
-6.000000 4.457466e-02
-5.750000 4.612293e-02
-5.500000 4.762720e-02
-5.250000 4.908350e-02
-5.000000 5.048794e-02
-4.750000 5.183678e-02
-4.500000 5.312637e-02
-4.250000 5.435326e-02
-4.000000 5.551410e-02
-3.750000 5.660574e-02
-3.500000 5.762521e-02
-3.250000 5.856971e-02
-3.000000 5.943664e-02
-2.750000 6.022361e-02
-2.500000 6.092844e-02
-2.250000 6.154918e-02
-2.000000 6.208409e-02
-1.750000 6.253167e-02
-1.500000 6.289067e-02
-1.250000 6.316007e-02
-1.000000 6.333910e-02
-0.750000 6.342724e-02
-0.500000 6.342421e-02
-0.250000 6.333000e-02
0.000000 6.314485e-02
0.250000 6.286924e-02
0.500000 6.250390e-02
0.750000 6.204983e-02
1.000000 6.150825e-02
1.250000 6.088064e-02
1.500000 6.016871e-02
1.750000 5.937440e-02
2.000000 5.849988e-02
2.250000 5.754754e-02
2.500000 5.651998e-02
2.750000 5.542000e-02
3.000000 5.425062e-02
3.250000 5.301501e-02
3.500000 5.171654e-02
3.750000 5.035875e-02
4.000000 4.894532e-02
4.250000 4.748010e-02
4.500000 4.596705e-02
4.750000 4.441026e-02
5.000000 4.281396e-02
5.250000 4.118246e-02
5.500000 3.952016e-02
5.750000 3.783155e-02
6.000000 3.612121e-02
6.250000 3.439377e-02
6.500000 3.265393e-02
6.750000 3.090645e-02
7.000000 2.915613e-02
7.250000 2.740788e-02
7.500000 2.566663e-02
7.750000 2.393746e-02
8.000000 2.222554e-02
8.250000 2.053624e-02
8.500000 1.887521e-02
8.750000 1.724844e-02
9.000000 1.566253e-02
9.250000 1.412489e-02
9.500000 1.264424e-02
9.750000 1.123117e-02
10.000000 9.899236e-03
10.250000 8.666363e-03
10.500000 7.556916e-03
10.750000 6.603861e-03
11.000000 5.849246e-03
11.250000 5.338477e-03
11.500000 5.103511e-03
11.750000 5.140980e-03
12.000000 5.406559e-03
12.250000 5.834172e-03
12.500000 6.360050e-03
12.750000 6.934387e-03
13.000000 7.522023e-03
13.250000 8.099098e-03
13.500000 8.649574e-03
13.750000 9.162632e-03
14.000000 9.630951e-03
14.250000 1.004959e-02
14.500000 1.041529e-02
14.750000 1.072598e-02
15.000000 1.098052e-02
15.250000 1.117846e-02
15.500000 1.131992e-02
15.750000 1.140549e-02
16.000000 1.143614e-02
16.250000 1.141321e-02
16.500000 1.133831e-02
16.750000 1.121336e-02
17.000000 1.104053e-02
17.250000 1.082223e-02
17.500000 1.056112e-02
17.750000 1.026007e-02
18.000000 9.922228e-03
18.250000 9.550963e-03
18.500000 9.149935e-03
18.750000 8.723118e-03
19.000000 8.274858e-03
19.250000 7.809953e-03
19.500000 7.333766e-03
19.750000 6.852391e-03
20.000000 6.372862e-03
20.250000 5.903438e-03
20.500000 5.453936e-03
20.750000 5.036061e-03
21.000000 4.663591e-03
21.250000 4.352080e-03
21.500000 4.117621e-03
21.750000 3.974281e-03
22.000000 3.930587e-03
22.250000 3.986641e-03
22.500000 4.133762e-03
22.750000 4.356990e-03
23.000000 4.638819e-03
23.250000 4.962237e-03
23.500000 5.312353e-03
23.750000 5.676851e-03
24.000000 6.045827e-03
24.250000 6.411397e-03
24.500000 6.767279e-03
24.750000 7.108449e-03
25.000000 7.430862e-03
25.250000 7.731245e-03
25.500000 8.006945e-03
25.750000 8.255815e-03
26.000000 8.476133e-03
26.250000 8.666537e-03
26.500000 8.825981e-03
26.750000 8.953700e-03
27.000000 9.049179e-03
27.250000 9.112133e-03
27.500000 9.142489e-03
27.750000 9.140370e-03
28.000000 9.106079e-03
28.250000 9.040094e-03
28.500000 8.943049e-03
28.750000 8.815731e-03
29.000000 8.659065e-03
29.250000 8.474106e-03
29.500000 8.262033e-03
29.750000 8.024135e-03
30.000000 7.761804e-03
30.250000 7.476527e-03
30.500000 7.169875e-03
30.750000 6.843497e-03
31.000000 6.499106e-03
31.250000 6.138474e-03
31.500000 5.763421e-03
31.750000 5.375808e-03
32.000000 4.977526e-03
32.250000 4.570490e-03
32.500000 4.156629e-03
32.750000 3.737881e-03
33.000000 3.316186e-03
33.250000 2.893487e-03
33.500000 2.471733e-03
33.750000 2.052900e-03
34.000000 1.639057e-03
34.250000 1.232559e-03
34.500000 8.368091e-04
34.750000 4.606846e-04
35.000000 1.818166e-04
35.250000 3.695649e-04
35.500000 7.022961e-04
35.750000 1.034733e-03
36.000000 1.354473e-03
36.250000 1.658117e-03
36.500000 1.943888e-03
36.750000 2.210550e-03
37.000000 2.457138e-03
37.250000 2.682870e-03
37.500000 2.887121e-03
37.750000 3.069405e-03
38.000000 3.229373e-03
38.250000 3.366811e-03
38.500000 3.481640e-03
38.750000 3.573919e-03
39.000000 3.643848e-03
39.250000 3.691771e-03
39.500000 3.718183e-03
39.750000 3.723735e-03
40.000000 3.709241e-03
40.250000 3.675693e-03
40.500000 3.624275e-03
40.750000 3.556378e-03
41.000000 3.473630e-03
41.250000 3.377925e-03
41.500000 3.271462e-03
41.750000 3.156795e-03
42.000000 3.036887e-03
42.250000 2.915169e-03
42.500000 2.795589e-03
42.750000 2.682632e-03
43.000000 2.581274e-03
43.250000 2.496820e-03
43.500000 2.434579e-03
43.750000 2.399362e-03
44.000000 2.394866e-03
44.250000 2.423115e-03
44.500000 2.484161e-03
44.750000 2.576161e-03
45.000000 2.695802e-03
45.250000 2.838871e-03
45.500000 3.000804e-03
45.750000 3.177087e-03
46.000000 3.363500e-03
46.250000 3.556221e-03
46.500000 3.751860e-03
46.750000 3.947429e-03
47.000000 4.140310e-03
47.250000 4.328208e-03
47.500000 4.509107e-03
47.750000 4.681235e-03
48.000000 4.843035e-03
48.250000 4.993140e-03
48.500000 5.130354e-03
48.750000 5.253634e-03
49.000000 5.362082e-03
49.250000 5.454934e-03
49.500000 5.531551e-03
49.750000 5.591413e-03
50.000000 5.634114e-03
