-50.000000 2.085540e-03
-49.750000 2.140110e-03
-49.500000 2.159977e-03
-49.250000 2.144026e-03
-49.000000 2.092019e-03
-48.750000 2.004594e-03
-48.500000 1.883286e-03
-48.250000 1.730580e-03
-48.000000 1.550058e-03
-47.750000 1.346729e-03
-47.500000 1.127850e-03
-47.250000 9.050945e-04
-47.000000 7.004838e-04
-46.750000 5.598353e-04
-46.500000 5.509538e-04
-46.250000 6.819379e-04
-46.000000 8.883393e-04
-45.750000 1.120208e-03
-45.500000 1.352876e-03
-45.250000 1.573122e-03
-45.000000 1.772481e-03
-44.750000 1.944793e-03
-44.500000 2.085302e-03
-44.250000 2.190297e-03
-44.000000 2.256979e-03
-43.750000 2.283409e-03
-43.500000 2.268494e-03
-43.250000 2.211982e-03
-43.000000 2.114453e-03
-42.750000 1.977312e-03
-42.500000 1.802770e-03
-42.250000 1.593822e-03
-42.000000 1.354237e-03
-41.750000 1.088604e-03
-41.500000 8.026157e-04
-41.250000 5.046631e-04
-41.000000 2.217114e-04
-40.750000 2.163991e-04
-40.500000 5.018084e-04
-40.250000 8.077693e-04
-40.000000 1.105489e-03
-39.750000 1.385818e-03
-39.500000 1.642219e-03
-39.250000 1.869116e-03
-39.000000 2.061628e-03
-38.750000 2.215553e-03
-38.500000 2.327417e-03
-38.250000 2.394527e-03
-38.000000 2.415028e-03
-37.750000 2.387949e-03
-37.500000 2.313232e-03
-37.250000 2.191763e-03
-37.000000 2.025383e-03
-36.750000 1.816907e-03
-36.500000 1.570184e-03
-36.250000 1.290268e-03
-36.000000 9.840643e-04
-35.750000 6.631824e-04
-35.500000 3.630055e-04
-35.250000 2.857628e-04
-35.000000 5.551099e-04
-34.750000 8.995036e-04
-34.500000 1.249425e-03
-34.250000 1.587534e-03
-34.000000 1.904037e-03
-33.750000 2.191232e-03
-33.500000 2.442473e-03
-33.250000 2.651941e-03
-33.000000 2.814643e-03
-32.750000 2.926454e-03
-32.500000 2.984188e-03
-32.250000 2.985661e-03
-32.000000 2.929739e-03
-31.750000 2.816386e-03
-31.500000 2.646681e-03
-31.250000 2.422830e-03
-31.000000 2.148165e-03
-30.750000 1.827152e-03
-30.500000 1.465460e-03
-30.250000 1.070315e-03
-30.000000 6.526307e-04
-29.750000 2.532020e-04
-29.500000 3.332038e-04
-29.250000 7.667725e-04
-29.000000 1.218000e-03
-28.750000 1.659289e-03
-28.500000 2.078768e-03
-28.250000 2.466778e-03
-28.000000 2.814546e-03
-27.750000 3.114022e-03
-27.500000 3.357940e-03
-27.250000 3.539932e-03
-27.000000 3.654652e-03
-26.750000 3.697901e-03
-26.500000 3.666742e-03
-26.250000 3.559612e-03
-26.000000 3.376438e-03
-25.750000 3.118775e-03
-25.500000 2.790049e-03
-25.250000 2.396053e-03
-25.000000 1.946316e-03
-24.750000 1.458649e-03
-24.500000 9.788808e-04
-24.250000 6.782893e-04
-24.000000 8.836010e-04
-23.750000 1.421939e-03
-23.500000 2.056425e-03
-23.250000 2.717257e-03
-23.000000 3.376523e-03
-22.750000 4.016360e-03
-22.500000 4.622240e-03
-22.250000 5.181235e-03
-22.000000 5.681547e-03
-21.750000 6.112445e-03
-21.500000 6.464341e-03
-21.250000 6.728926e-03
-21.000000 6.899323e-03
-20.750000 6.970241e-03
-20.500000 6.938131e-03
-20.250000 6.801338e-03
-20.000000 6.560265e-03
-19.750000 6.217561e-03
-19.500000 5.778405e-03
-19.250000 5.250970e-03
-19.000000 4.647357e-03
-18.750000 3.985624e-03
-18.500000 3.294658e-03
-18.250000 2.626632e-03
-18.000000 2.086923e-03
-17.750000 1.865020e-03
-17.500000 2.102602e-03
-17.250000 2.686550e-03
-17.000000 3.431657e-03
-16.750000 4.228378e-03
-16.500000 5.019085e-03
-16.250000 5.768680e-03
-16.000000 6.452093e-03
-15.750000 7.049486e-03
-15.500000 7.544374e-03
-15.250000 7.922904e-03
-15.000000 8.173616e-03
-14.750000 8.287420e-03
-14.500000 8.257676e-03
-14.250000 8.080323e-03
-14.000000 7.754044e-03
-13.750000 7.280496e-03
-13.500000 6.664660e-03
-13.250000 5.915510e-03
-13.000000 5.047536e-03
-12.750000 4.084847e-03
-12.500000 3.074431e-03
-12.250000 2.138328e-03
-12.000000 1.657835e-03
-11.750000 2.128749e-03
-11.500000 3.205398e-03
-11.250000 4.482428e-03
-11.000000 5.816798e-03
-10.750000 7.147039e-03
-10.500000 8.434286e-03
-10.250000 9.647548e-03
-10.000000 1.075948e-02
-9.750000 1.174508e-02
-9.500000 1.258144e-02
-9.250000 1.324782e-02
-9.000000 1.372597e-02
-8.750000 1.400061e-02
-8.500000 1.405994e-02
-8.250000 1.389648e-02
-8.000000 1.350814e-02
-7.750000 1.289995e-02
-7.500000 1.208699e-02
-7.250000 1.109967e-02
-7.000000 9.993810e-03
-6.750000 8.869603e-03
-6.500000 7.902912e-03
-6.250000 7.369592e-03
-6.000000 7.574943e-03
-5.750000 8.644577e-03
-5.500000 1.044934e-02
-5.250000 1.277496e-02
-5.000000 1.544874e-02
-4.750000 1.835241e-02
-4.500000 2.140312e-02
-4.250000 2.453780e-02
-4.000000 2.770428e-02
-3.750000 3.085678e-02
-3.500000 3.395349e-02
-3.250000 3.695556e-02
-3.000000 3.982658e-02
-2.750000 4.253248e-02
-2.500000 4.504162e-02
-2.250000 4.732491e-02
-2.000000 4.935606e-02
-1.750000 5.111181e-02
-1.500000 5.257213e-02
-1.250000 5.372046e-02
-1.000000 5.454386e-02
-0.750000 5.503313e-02
-0.500000 5.518293e-02
-0.250000 5.499183e-02
0.000000 5.446228e-02
0.250000 5.360058e-02
0.500000 5.241678e-02
0.750000 5.092453e-02
1.000000 4.914089e-02
1.250000 4.708608e-02
1.500000 4.478323e-02
1.750000 4.225805e-02
2.000000 3.953848e-02
2.250000 3.665433e-02
2.500000 3.363690e-02
2.750000 3.051855e-02
3.000000 2.733233e-02
3.250000 2.411152e-02
3.500000 2.088929e-02
3.750000 1.769835e-02
4.000000 1.457070e-02
4.250000 1.153761e-02
4.500000 8.630321e-03
4.750000 5.883372e-03
5.000000 3.353055e-03
5.250000 1.327274e-03
5.500000 1.835149e-03
5.750000 3.634015e-03
6.000000 5.338635e-03
6.250000 6.831882e-03
6.500000 8.089755e-03
6.750000 9.104783e-03
7.000000 9.876259e-03
7.250000 1.040791e-02
7.500000 1.070708e-02
7.750000 1.078426e-02
8.000000 1.065284e-02
8.250000 1.032879e-02
8.500000 9.830501e-03
8.750000 9.178550e-03
9.000000 8.395668e-03
9.250000 7.506859e-03
9.500000 6.539987e-03
9.750000 5.527404e-03
10.000000 4.510076e-03
10.250000 3.548116e-03
10.500000 2.746102e-03
10.750000 2.287619e-03
11.000000 2.347170e-03
11.250000 2.836581e-03
11.500000 3.519940e-03
11.750000 4.242236e-03
12.000000 4.927128e-03
12.250000 5.535297e-03
12.500000 6.044395e-03
12.750000 6.441039e-03
13.000000 6.717469e-03
13.250000 6.870014e-03
13.500000 6.898306e-03
13.750000 6.804805e-03
14.000000 6.594480e-03
14.250000 6.274549e-03
14.500000 5.854261e-03
14.750000 5.344726e-03
15.000000 4.758802e-03
15.250000 4.111151e-03
15.500000 3.418700e-03
15.750000 2.702275e-03
16.000000 1.992226e-03
16.250000 1.350401e-03
16.500000 9.540325e-04
16.750000 1.087448e-03
17.000000 1.585041e-03
17.250000 2.168580e-03
17.500000 2.739719e-03
17.750000 3.262586e-03
18.000000 3.719090e-03
18.250000 4.098060e-03
18.500000 4.392116e-03
18.750000 4.596600e-03
19.000000 4.709154e-03
19.250000 4.729526e-03
19.500000 4.659479e-03
19.750000 4.502738e-03
20.000000 4.264991e-03
20.250000 3.953974e-03
20.500000 3.579720e-03
20.750000 3.155195e-03
21.000000 2.697806e-03
21.250000 2.233004e-03
21.500000 1.802732e-03
21.750000 1.481229e-03
22.000000 1.375184e-03
22.250000 1.534984e-03
22.500000 1.883394e-03
22.750000 2.317173e-03
23.000000 2.771781e-03
23.250000 3.211525e-03
23.500000 3.614981e-03
23.750000 3.967905e-03
24.000000 4.260200e-03
24.250000 4.484593e-03
24.500000 4.636035e-03
24.750000 4.711401e-03
25.000000 4.709336e-03
25.250000 4.630158e-03
25.500000 4.475792e-03
25.750000 4.249730e-03
26.000000 3.957013e-03
26.250000 3.604275e-03
26.500000 3.199934e-03
26.750000 2.754711e-03
27.000000 2.283034e-03
27.250000 1.806897e-03
27.500000 1.367177e-03
27.750000 1.053188e-03
28.000000 1.012595e-03
28.250000 1.269803e-03
28.500000 1.679530e-03
28.750000 2.135629e-03
29.000000 2.590290e-03
29.250000 3.019813e-03
29.500000 3.409991e-03
29.750000 3.751092e-03
30.000000 4.036032e-03
30.250000 4.259649e-03
30.500000 4.418380e-03
30.750000 4.510112e-03
31.000000 4.534091e-03
31.250000 4.490858e-03
31.500000 4.382190e-03
31.750000 4.211027e-03
32.000000 3.981405e-03
32.250000 3.698366e-03
32.500000 3.367878e-03
32.750000 2.996759e-03
33.000000 2.592639e-03
33.250000 2.164021e-03
33.500000 1.720661e-03
33.750000 1.274998e-03
34.000000 8.482062e-04
34.250000 5.032995e-04
34.500000 4.567573e-04
34.750000 7.347968e-04
35.000000 1.085967e-03
35.250000 1.429120e-03
35.500000 1.742084e-03
35.750000 2.014895e-03
36.000000 2.241557e-03
36.250000 2.418101e-03
36.500000 2.541994e-03
36.750000 2.611924e-03
37.000000 2.627692e-03
37.250000 2.590150e-03
37.500000 2.501140e-03
37.750000 2.363430e-03
38.000000 2.180642e-03
38.250000 1.957166e-03
38.500000 1.698070e-03
38.750000 1.408999e-03
39.000000 1.096076e-03
39.250000 7.658363e-04
39.500000 4.254072e-04
39.750000 8.985899e-05
40.000000 2.698719e-04
40.250000 6.017701e-04
40.500000 9.199022e-04
40.750000 1.217139e-03
41.000000 1.487880e-03
41.250000 1.727246e-03
41.500000 1.931057e-03
41.750000 2.095878e-03
42.000000 2.219067e-03
42.250000 2.298820e-03
42.500000 2.334195e-03
42.750000 2.325140e-03
43.000000 2.272499e-03
43.250000 2.178029e-03
43.500000 2.044420e-03
43.750000 1.875359e-03
44.000000 1.675681e-03
44.250000 1.451753e-03
44.500000 1.212444e-03
44.750000 9.716649e-04
45.000000 7.551484e-04
45.250000 6.142238e-04
45.500000 6.170239e-04
45.750000 7.627451e-04
46.000000 9.835678e-04
46.250000 1.229399e-03
46.500000 1.475319e-03
46.750000 1.708001e-03
47.000000 1.919110e-03
47.250000 2.102808e-03
47.500000 2.254793e-03
47.750000 2.371897e-03
48.000000 2.451915e-03
48.250000 2.493514e-03
48.500000 2.496189e-03
48.750000 2.460225e-03
49.000000 2.386663e-03
49.250000 2.277265e-03
49.500000 2.134469e-03
49.750000 1.961351e-03
50.000000 1.761589e-03
