-50.000000 1.995849e-03
-49.750000 2.196030e-03
-49.500000 2.385765e-03
-49.250000 2.563254e-03
-49.000000 2.726856e-03
-48.750000 2.875077e-03
-48.500000 3.006561e-03
-48.250000 3.120085e-03
-48.000000 3.214566e-03
-47.750000 3.289064e-03
-47.500000 3.342783e-03
-47.250000 3.375085e-03
-47.000000 3.385484e-03
-46.750000 3.373662e-03
-46.500000 3.339466e-03
-46.250000 3.282919e-03
-46.000000 3.204221e-03
-45.750000 3.103758e-03
-45.500000 2.982104e-03
-45.250000 2.840041e-03
-45.000000 2.678565e-03
-44.750000 2.498919e-03
-44.500000 2.302633e-03
-44.250000 2.091607e-03
-44.000000 1.868262e-03
-43.750000 1.635830e-03
-43.500000 1.398965e-03
-43.250000 1.165076e-03
-43.000000 9.473561e-04
-42.750000 7.710182e-04
-42.500000 6.792602e-04
-42.250000 7.118614e-04
-42.000000 8.568062e-04
-41.750000 1.068637e-03
-41.500000 1.312876e-03
-41.250000 1.570753e-03
-41.000000 1.831971e-03
-40.750000 2.090198e-03
-40.500000 2.341018e-03
-40.250000 2.581024e-03
-40.000000 2.807393e-03
-39.750000 3.017682e-03
-39.500000 3.209721e-03
-39.250000 3.381563e-03
-39.000000 3.531457e-03
-38.750000 3.657839e-03
-38.500000 3.759322e-03
-38.250000 3.834704e-03
-38.000000 3.882964e-03
-37.750000 3.903274e-03
-37.500000 3.894995e-03
-37.250000 3.857687e-03
-37.000000 3.791110e-03
-36.750000 3.695228e-03
-36.500000 3.570210e-03
-36.250000 3.416432e-03
-36.000000 3.234475e-03
-35.750000 3.025123e-03
-35.500000 2.789364e-03
-35.250000 2.528382e-03
-35.000000 2.243554e-03
-34.750000 1.936445e-03
-34.500000 1.608804e-03
-34.250000 1.262569e-03
-34.000000 8.998979e-04
-33.750000 5.234035e-04
-33.500000 1.405767e-04
-33.250000 2.724008e-04
-33.000000 6.759731e-04
-32.750000 1.086074e-03
-32.500000 1.498314e-03
-32.250000 1.909692e-03
-32.000000 2.317343e-03
-31.750000 2.718429e-03
-31.500000 3.110132e-03
-31.250000 3.489660e-03
-31.000000 3.854266e-03
-30.750000 4.201267e-03
-30.500000 4.528057e-03
-30.250000 4.832136e-03
-30.000000 5.111120e-03
-29.750000 5.362764e-03
-29.500000 5.584979e-03
-29.250000 5.775854e-03
-29.000000 5.933671e-03
-28.750000 6.056923e-03
-28.500000 6.144333e-03
-28.250000 6.194872e-03
-28.000000 6.207779e-03
-27.750000 6.182578e-03
-27.500000 6.119103e-03
-27.250000 6.017520e-03
-27.000000 5.878363e-03
-26.750000 5.702568e-03
-26.500000 5.491534e-03
-26.250000 5.247196e-03
-26.000000 4.972138e-03
-25.750000 4.669766e-03
-25.500000 4.344575e-03
-25.250000 4.002566e-03
-25.000000 3.651919e-03
-24.750000 3.304038e-03
-24.500000 2.975079e-03
-24.250000 2.687763e-03
-24.000000 2.472165e-03
-23.750000 2.362004e-03
-23.500000 2.383080e-03
-23.250000 2.539598e-03
-23.000000 2.812863e-03
-22.750000 3.173507e-03
-22.500000 3.593361e-03
-22.250000 4.050014e-03
-22.000000 4.526668e-03
-21.750000 5.010691e-03
-21.500000 5.492262e-03
-21.250000 5.963426e-03
-21.000000 6.417486e-03
-20.750000 6.848614e-03
-20.500000 7.251623e-03
-20.250000 7.621820e-03
-20.000000 7.954917e-03
-19.750000 8.246985e-03
-19.500000 8.494420e-03
-19.250000 8.693932e-03
-19.000000 8.842542e-03
-18.750000 8.937577e-03
-18.500000 8.976683e-03
-18.250000 8.957825e-03
-18.000000 8.879297e-03
-17.750000 8.739734e-03
-17.500000 8.538112e-03
-17.250000 8.273762e-03
-17.000000 7.946371e-03
-16.750000 7.555988e-03
-16.500000 7.103028e-03
-16.250000 6.588271e-03
-16.000000 6.012862e-03
-15.750000 5.378310e-03
-15.500000 4.686482e-03
-15.250000 3.939599e-03
-15.000000 3.140226e-03
-14.750000 2.291274e-03
-14.500000 1.396014e-03
-14.250000 4.585081e-04
-14.000000 5.209919e-04
-13.750000 1.532635e-03
-13.500000 2.575441e-03
-13.250000 3.644389e-03
-13.000000 4.734644e-03
-12.750000 5.841224e-03
-12.500000 6.958992e-03
-12.250000 8.082683e-03
-12.000000 9.206923e-03
-11.750000 1.032626e-02
-11.500000 1.143519e-02
-11.250000 1.252820e-02
-11.000000 1.359977e-02
-10.750000 1.464442e-02
-10.500000 1.565677e-02
-10.250000 1.663149e-02
-10.000000 1.756342e-02
-9.750000 1.844754e-02
-9.500000 1.927904e-02
-9.250000 2.005332e-02
-9.000000 2.076600e-02
-8.750000 2.141301e-02
-8.500000 2.199057e-02
-8.250000 2.249521e-02
-8.000000 2.292384e-02
-7.750000 2.327371e-02
-7.500000 2.354249e-02
-7.250000 2.372827e-02
-7.000000 2.382955e-02
-6.750000 2.384531e-02
-6.500000 2.377502e-02
-6.250000 2.361862e-02
-6.000000 2.337660e-02
-5.750000 2.304997e-02
-5.500000 2.264034e-02
-5.250000 2.214990e-02
-5.000000 2.158149e-02
-4.750000 2.093868e-02
-4.500000 2.022575e-02
-4.250000 1.944790e-02
-4.000000 1.861127e-02
-3.750000 1.772320e-02
-3.500000 1.679240e-02
-3.250000 1.582935e-02
-3.000000 1.484674e-02
-2.750000 1.386011e-02
-2.500000 1.288865e-02
-2.250000 1.195628e-02
-2.000000 1.109260e-02
-1.750000 1.033349e-02
-1.500000 9.720212e-03
-1.250000 9.295595e-03
-1.000000 9.096404e-03
-0.750000 9.143533e-03
-0.500000 9.435156e-03
-0.250000 9.947663e-03
0.000000 1.064358e-02
0.250000 1.148114e-02
0.500000 1.242099e-02
0.750000 1.342924e-02
1.000000 1.447793e-02
1.250000 1.554438e-02
1.500000 1.661019e-02
1.750000 1.766029e-02
2.000000 1.868219e-02
2.250000 1.966545e-02
2.500000 2.060117e-02
2.750000 2.148179e-02
3.000000 2.230080e-02
3.250000 2.305261e-02
3.500000 2.373245e-02
3.750000 2.433627e-02
4.000000 2.486069e-02
4.250000 2.530294e-02
4.500000 2.566086e-02
4.750000 2.593283e-02
5.000000 2.611779e-02
5.250000 2.621520e-02
5.500000 2.622500e-02
5.750000 2.614764e-02
6.000000 2.598404e-02
6.250000 2.573556e-02
6.500000 2.540401e-02
6.750000 2.499161e-02
7.000000 2.450098e-02
7.250000 2.393513e-02
7.500000 2.329741e-02
7.750000 2.259151e-02
8.000000 2.182143e-02
8.250000 2.099146e-02
8.500000 2.010612e-02
8.750000 1.917021e-02
9.000000 1.818868e-02
9.250000 1.716668e-02
9.500000 1.610950e-02
9.750000 1.502256e-02
10.000000 1.391132e-02
10.250000 1.278135e-02
10.500000 1.163821e-02
10.750000 1.048746e-02
11.000000 9.334640e-03
11.250000 8.185225e-03
11.500000 7.044615e-03
11.750000 5.918120e-03
12.000000 4.810963e-03
12.250000 3.728346e-03
12.500000 2.675700e-03
12.750000 1.659921e-03
13.000000 7.006941e-04
13.250000 3.784893e-04
13.500000 1.212180e-03
13.750000 2.052484e-03
14.000000 2.847561e-03
14.250000 3.590326e-03
14.500000 4.277271e-03
14.750000 4.905924e-03
15.000000 5.474383e-03
15.250000 5.981193e-03
15.500000 6.425303e-03
15.750000 6.806044e-03
16.000000 7.123120e-03
16.250000 7.376605e-03
16.500000 7.566926e-03
16.750000 7.694866e-03
17.000000 7.761548e-03
17.250000 7.768427e-03
17.500000 7.717280e-03
17.750000 7.610196e-03
18.000000 7.449561e-03
18.250000 7.238048e-03
18.500000 6.978610e-03
18.750000 6.674469e-03
19.000000 6.329119e-03
19.250000 5.946326e-03
19.500000 5.530160e-03
19.750000 5.085036e-03
20.000000 4.615819e-03
20.250000 4.128010e-03
20.500000 3.628120e-03
20.750000 3.124409e-03
21.000000 2.628432e-03
21.250000 2.158400e-03
21.500000 1.746300e-03
21.750000 1.449389e-03
22.000000 1.346737e-03
22.250000 1.473993e-03
22.500000 1.773534e-03
22.750000 2.164459e-03
23.000000 2.594353e-03
23.250000 3.034994e-03
23.500000 3.470707e-03
23.750000 3.891942e-03
24.000000 4.292303e-03
24.250000 4.667171e-03
24.500000 5.013028e-03
24.750000 5.327114e-03
25.000000 5.607239e-03
25.250000 5.851676e-03
25.500000 6.059098e-03
25.750000 6.228535e-03
26.000000 6.359352e-03
26.250000 6.451224e-03
26.500000 6.504125e-03
26.750000 6.518311e-03
27.000000 6.494312e-03
27.250000 6.432914e-03
27.500000 6.335153e-03
27.750000 6.202297e-03
28.000000 6.035834e-03
28.250000 5.837459e-03
28.500000 5.609058e-03
28.750000 5.352694e-03
29.000000 5.070586e-03
29.250000 4.765102e-03
29.500000 4.438734e-03
29.750000 4.094090e-03
30.000000 3.733874e-03
30.250000 3.360883e-03
30.500000 2.977999e-03
30.750000 2.588202e-03
31.000000 2.194611e-03
31.250000 1.800610e-03
31.500000 1.410189e-03
31.750000 1.029063e-03
32.000000 6.692999e-04
32.250000 3.772074e-04
32.500000 3.481908e-04
32.750000 5.980074e-04
33.000000 9.048363e-04
33.250000 1.211426e-03
33.500000 1.504631e-03
33.750000 1.779260e-03
34.000000 2.032347e-03
34.250000 2.261831e-03
34.500000 2.466137e-03
34.750000 2.644037e-03
35.000000 2.794575e-03
35.250000 2.917045e-03
35.500000 3.010973e-03
35.750000 3.076109e-03
36.000000 3.112422e-03
36.250000 3.120093e-03
36.500000 3.099517e-03
36.750000 3.051292e-03
37.000000 2.976223e-03
37.250000 2.875316e-03
37.500000 2.749779e-03
37.750000 2.601031e-03
38.000000 2.430707e-03
38.250000 2.240697e-03
38.500000 2.033194e-03
38.750000 1.810821e-03
39.000000 1.576869e-03
39.250000 1.335850e-03
39.500000 1.094774e-03
39.750000 8.664041e-04
40.000000 6.773548e-04
40.250000 5.799497e-04
40.500000 6.258354e-04
40.750000 7.925127e-04
41.000000 1.021593e-03
41.250000 1.277261e-03
41.500000 1.542541e-03
41.750000 1.808704e-03
42.000000 2.070495e-03
42.250000 2.324279e-03
42.500000 2.567265e-03
42.750000 2.797173e-03
43.000000 3.012063e-03
43.250000 3.210263e-03
43.500000 3.390322e-03
43.750000 3.550989e-03
44.000000 3.691203e-03
44.250000 3.810086e-03
44.500000 3.906942e-03
44.750000 3.981252e-03
45.000000 4.032679e-03
45.250000 4.061060e-03
45.500000 4.066412e-03
45.750000 4.048924e-03
46.000000 4.008961e-03
46.250000 3.947059e-03
46.500000 3.863923e-03
46.750000 3.760427e-03
47.000000 3.637612e-03
47.250000 3.496683e-03
47.500000 3.339017e-03
47.750000 3.166167e-03
48.000000 2.979874e-03
48.250000 2.782095e-03
48.500000 2.575037e-03
48.750000 2.361232e-03
49.000000 2.143645e-03
49.250000 1.925861e-03
49.500000 1.712393e-03
49.750000 1.509154e-03
50.000000 1.324150e-03
