-50.000000 2.077457e-03
-49.750000 2.174277e-03
-49.500000 2.272288e-03
-49.250000 2.370954e-03
-49.000000 2.469780e-03
-48.750000 2.568305e-03
-48.500000 2.666100e-03
-48.250000 2.762760e-03
-48.000000 2.857905e-03
-47.750000 2.951177e-03
-47.500000 3.042233e-03
-47.250000 3.130751e-03
-47.000000 3.216422e-03
-46.750000 3.298955e-03
-46.500000 3.378069e-03
-46.250000 3.453500e-03
-46.000000 3.524997e-03
-45.750000 3.592321e-03
-45.500000 3.655248e-03
-45.250000 3.713567e-03
-45.000000 3.767080e-03
-44.750000 3.815605e-03
-44.500000 3.858973e-03
-44.250000 3.897033e-03
-44.000000 3.929647e-03
-43.750000 3.956696e-03
-43.500000 3.978077e-03
-43.250000 3.993708e-03
-43.000000 4.003525e-03
-42.750000 4.007484e-03
-42.500000 4.005567e-03
-42.250000 3.997776e-03
-42.000000 3.984140e-03
-41.750000 3.964715e-03
-41.500000 3.939588e-03
-41.250000 3.908877e-03
-41.000000 3.872734e-03
-40.750000 3.831351e-03
-40.500000 3.784960e-03
-40.250000 3.733839e-03
-40.000000 3.678320e-03
-39.750000 3.618786e-03
-39.500000 3.555685e-03
-39.250000 3.489533e-03
-39.000000 3.420924e-03
-38.750000 3.350533e-03
-38.500000 3.279129e-03
-38.250000 3.207580e-03
-38.000000 3.136860e-03
-37.750000 3.068055e-03
-37.500000 3.002360e-03
-37.250000 2.941077e-03
-37.000000 2.885602e-03
-36.750000 2.837399e-03
-36.500000 2.797964e-03
-36.250000 2.768776e-03
-36.000000 2.751236e-03
-35.750000 2.746596e-03
-35.500000 2.755892e-03
-35.250000 2.779884e-03
-35.000000 2.819009e-03
-34.750000 2.873372e-03
-34.500000 2.942747e-03
-34.250000 3.026618e-03
-34.000000 3.124223e-03
-33.750000 3.234618e-03
-33.500000 3.356733e-03
-33.250000 3.489427e-03
-33.000000 3.631529e-03
-32.750000 3.781873e-03
-32.500000 3.939324e-03
-32.250000 4.102786e-03
-32.000000 4.271218e-03
-31.750000 4.443631e-03
-31.500000 4.619093e-03
-31.250000 4.796726e-03
-31.000000 4.975700e-03
-30.750000 5.155234e-03
-30.500000 5.334589e-03
-30.250000 5.513066e-03
-30.000000 5.690003e-03
-29.750000 5.864770e-03
-29.500000 6.036768e-03
-29.250000 6.205428e-03
-29.000000 6.370208e-03
-28.750000 6.530590e-03
-28.500000 6.686081e-03
-28.250000 6.836214e-03
-28.000000 6.980543e-03
-27.750000 7.118647e-03
-27.500000 7.250128e-03
-27.250000 7.374611e-03
-27.000000 7.491745e-03
-26.750000 7.601207e-03
-26.500000 7.702694e-03
-26.250000 7.795936e-03
-26.000000 7.880687e-03
-25.750000 7.956731e-03
-25.500000 8.023885e-03
-25.250000 8.081997e-03
-25.000000 8.130953e-03
-24.750000 8.170672e-03
-24.500000 8.201118e-03
-24.250000 8.222295e-03
-24.000000 8.234254e-03
-23.750000 8.237097e-03
-23.500000 8.230979e-03
-23.250000 8.216114e-03
-23.000000 8.192780e-03
-22.750000 8.161322e-03
-22.500000 8.122162e-03
-22.250000 8.075804e-03
-22.000000 8.022838e-03
-21.750000 7.963951e-03
-21.500000 7.899937e-03
-21.250000 7.831697e-03
-21.000000 7.760256e-03
-20.750000 7.686766e-03
-20.500000 7.612512e-03
-20.250000 7.538918e-03
-20.000000 7.467552e-03
-19.750000 7.400120e-03
-19.500000 7.338461e-03
-19.250000 7.284535e-03
-19.000000 7.240404e-03
-18.750000 7.208198e-03
-18.500000 7.190081e-03
-18.250000 7.188200e-03
-18.000000 7.204634e-03
-17.750000 7.241332e-03
-17.500000 7.300054e-03
-17.250000 7.382315e-03
-17.000000 7.489338e-03
-16.750000 7.622024e-03
-16.500000 7.780928e-03
-16.250000 7.966268e-03
-16.000000 8.177934e-03
-15.750000 8.415521e-03
-15.500000 8.678369e-03
-15.250000 8.965602e-03
-15.000000 9.276178e-03
-14.750000 9.608928e-03
-14.500000 9.962599e-03
-14.250000 1.033588e-02
-14.000000 1.072744e-02
-13.750000 1.113594e-02
-13.500000 1.156004e-02
-13.250000 1.199844e-02
-13.000000 1.244986e-02
-12.750000 1.291306e-02
-12.500000 1.338682e-02
-12.250000 1.386999e-02
-12.000000 1.436142e-02
-11.750000 1.486002e-02
-11.500000 1.536474e-02
-11.250000 1.587453e-02
-11.000000 1.638841e-02
-10.750000 1.690540e-02
-10.500000 1.742457e-02
-10.250000 1.794499e-02
-10.000000 1.846579e-02
-9.750000 1.898608e-02
-9.500000 1.950503e-02
-9.250000 2.002179e-02
-9.000000 2.053558e-02
-8.750000 2.104558e-02
-8.500000 2.155105e-02
-8.250000 2.205121e-02
-8.000000 2.254534e-02
-7.750000 2.303272e-02
-7.500000 2.351264e-02
-7.250000 2.398441e-02
-7.000000 2.444738e-02
-6.750000 2.490089e-02
-6.500000 2.534430e-02
-6.250000 2.577701e-02
-6.000000 2.619840e-02
-5.750000 2.660791e-02
-5.500000 2.700496e-02
-5.250000 2.738902e-02
-5.000000 2.775957e-02
-4.750000 2.811608e-02
-4.500000 2.845809e-02
-4.250000 2.878512e-02
-4.000000 2.909674e-02
-3.750000 2.939251e-02
-3.500000 2.967203e-02
-3.250000 2.993492e-02
-3.000000 3.018083e-02
-2.750000 3.040942e-02
-2.500000 3.062036e-02
-2.250000 3.081337e-02
-2.000000 3.098819e-02
-1.750000 3.114456e-02
-1.500000 3.128226e-02
-1.250000 3.140110e-02
-1.000000 3.150090e-02
-0.750000 3.158151e-02
-0.500000 3.164280e-02
-0.250000 3.168469e-02
0.000000 3.170708e-02
0.250000 3.170993e-02
0.500000 3.169321e-02
0.750000 3.165691e-02
1.000000 3.160107e-02
1.250000 3.152572e-02
1.500000 3.143094e-02
1.750000 3.131682e-02
2.000000 3.118348e-02
2.250000 3.103107e-02
2.500000 3.085975e-02
2.750000 3.066972e-02
3.000000 3.046118e-02
3.250000 3.023439e-02
3.500000 2.998959e-02
3.750000 2.972707e-02
4.000000 2.944714e-02
4.250000 2.915012e-02
4.500000 2.883637e-02
4.750000 2.850625e-02
5.000000 2.816015e-02
5.250000 2.779849e-02
5.500000 2.742169e-02
5.750000 2.703021e-02
6.000000 2.662451e-02
6.250000 2.620508e-02
6.500000 2.577242e-02
6.750000 2.532707e-02
7.000000 2.486954e-02
7.250000 2.440041e-02
7.500000 2.392025e-02
7.750000 2.342963e-02
8.000000 2.292917e-02
8.250000 2.241948e-02
8.500000 2.190120e-02
8.750000 2.137496e-02
9.000000 2.084143e-02
9.250000 2.030129e-02
9.500000 1.975523e-02
9.750000 1.920394e-02
10.000000 1.864815e-02
10.250000 1.808858e-02
10.500000 1.752599e-02
10.750000 1.696114e-02
11.000000 1.639481e-02
11.250000 1.582781e-02
11.500000 1.526096e-02
11.750000 1.469510e-02
12.000000 1.413112e-02
12.250000 1.356992e-02
12.500000 1.301243e-02
12.750000 1.245965e-02
13.000000 1.191261e-02
13.250000 1.137240e-02
13.500000 1.084017e-02
13.750000 1.031718e-02
14.000000 9.804741e-03
14.250000 9.304313e-03
14.500000 8.817470e-03
14.750000 8.345942e-03
15.000000 7.891633e-03
15.250000 7.456645e-03
15.500000 7.043295e-03
15.750000 6.654122e-03
16.000000 6.291881e-03
16.250000 5.959511e-03
16.500000 5.660052e-03
16.750000 5.396521e-03
17.000000 5.171714e-03
17.250000 4.987964e-03
17.500000 4.846851e-03
17.750000 4.748943e-03
18.000000 4.693608e-03
18.250000 4.678962e-03
18.500000 4.701978e-03
18.750000 4.758733e-03
19.000000 4.844728e-03
19.250000 4.955223e-03
19.500000 5.085516e-03
19.750000 5.231158e-03
20.000000 5.388078e-03
20.250000 5.552644e-03
20.500000 5.721676e-03
20.750000 5.892426e-03
21.000000 6.062540e-03
21.250000 6.230017e-03
21.500000 6.393163e-03
21.750000 6.550549e-03
22.000000 6.700974e-03
22.250000 6.843431e-03
22.500000 6.977080e-03
22.750000 7.101223e-03
23.000000 7.215288e-03
23.250000 7.318805e-03
23.500000 7.411399e-03
23.750000 7.492775e-03
24.000000 7.562708e-03
24.250000 7.621037e-03
24.500000 7.667656e-03
24.750000 7.702509e-03
25.000000 7.725584e-03
25.250000 7.736911e-03
25.500000 7.736556e-03
25.750000 7.724618e-03
26.000000 7.701229e-03
26.250000 7.666548e-03
26.500000 7.620759e-03
26.750000 7.564073e-03
27.000000 7.496720e-03
27.250000 7.418953e-03
27.500000 7.331045e-03
27.750000 7.233284e-03
28.000000 7.125979e-03
28.250000 7.009451e-03
28.500000 6.884036e-03
28.750000 6.750087e-03
29.000000 6.607965e-03
29.250000 6.458045e-03
29.500000 6.300716e-03
29.750000 6.136373e-03
30.000000 5.965424e-03
30.250000 5.788285e-03
30.500000 5.605385e-03
30.750000 5.417159e-03
31.000000 5.224052e-03
31.250000 5.026522e-03
31.500000 4.825034e-03
31.750000 4.620070e-03
32.000000 4.412121e-03
32.250000 4.201699e-03
32.500000 3.989335e-03
32.750000 3.775585e-03
33.000000 3.561039e-03
33.250000 3.346331e-03
33.500000 3.132149e-03
33.750000 2.919259e-03
34.000000 2.708531e-03
34.250000 2.500978e-03
34.500000 2.297808e-03
34.750000 2.100506e-03
35.000000 1.910946e-03
35.250000 1.731537e-03
35.500000 1.565418e-03
35.750000 1.416662e-03
36.000000 1.290389e-03
36.250000 1.192560e-03
36.500000 1.129095e-03
36.750000 1.104191e-03
37.000000 1.118516e-03
37.250000 1.168645e-03
37.500000 1.248280e-03
37.750000 1.350260e-03
38.000000 1.468055e-03
38.250000 1.596373e-03
38.500000 1.731169e-03
38.750000 1.869433e-03
39.000000 2.008930e-03
39.250000 2.147992e-03
39.500000 2.285359e-03
39.750000 2.420064e-03
40.000000 2.551355e-03
40.250000 2.678640e-03
40.500000 2.801446e-03
40.750000 2.919393e-03
41.000000 3.032176e-03
41.250000 3.139544e-03
41.500000 3.241299e-03
41.750000 3.337281e-03
42.000000 3.427364e-03
42.250000 3.511452e-03
42.500000 3.589476e-03
42.750000 3.661389e-03
43.000000 3.727168e-03
43.250000 3.786806e-03
43.500000 3.840317e-03
43.750000 3.887730e-03
44.000000 3.929089e-03
44.250000 3.964455e-03
44.500000 3.993902e-03
44.750000 4.017517e-03
45.000000 4.035398e-03
45.250000 4.047659e-03
45.500000 4.054422e-03
45.750000 4.055822e-03
46.000000 4.052004e-03
46.250000 4.043122e-03
46.500000 4.029341e-03
46.750000 4.010837e-03
47.000000 3.987791e-03
47.250000 3.960397e-03
47.500000 3.928855e-03
47.750000 3.893374e-03
48.000000 3.854170e-03
48.250000 3.811468e-03
48.500000 3.765501e-03
48.750000 3.716508e-03
49.000000 3.664734e-03
49.250000 3.610435e-03
49.500000 3.553871e-03
49.750000 3.495308e-03
50.000000 3.435022e-03
