-50.000000 1.868989e-03
-49.750000 1.830799e-03
-49.500000 1.792409e-03
-49.250000 1.755359e-03
-49.000000 1.721198e-03
-48.750000 1.691407e-03
-48.500000 1.667317e-03
-48.250000 1.650017e-03
-48.000000 1.640265e-03
-47.750000 1.638423e-03
-47.500000 1.644424e-03
-47.250000 1.657774e-03
-47.000000 1.677605e-03
-46.750000 1.702749e-03
-46.500000 1.731833e-03
-46.250000 1.763369e-03
-46.000000 1.795847e-03
-45.750000 1.827792e-03
-45.500000 1.857829e-03
-45.250000 1.884708e-03
-45.000000 1.907335e-03
-44.750000 1.924781e-03
-44.500000 1.936292e-03
-44.250000 1.941291e-03
-44.000000 1.939376e-03
-43.750000 1.930317e-03
-43.500000 1.914054e-03
-43.250000 1.890690e-03
-43.000000 1.860486e-03
-42.750000 1.823850e-03
-42.500000 1.781335e-03
-42.250000 1.733622e-03
-42.000000 1.681509e-03
-41.750000 1.625900e-03
-41.500000 1.567781e-03
-41.250000 1.508194e-03
-41.000000 1.448214e-03
-40.750000 1.388900e-03
-40.500000 1.331258e-03
-40.250000 1.276183e-03
-40.000000 1.224398e-03
-39.750000 1.176401e-03
-39.500000 1.132409e-03
-39.250000 1.092325e-03
-39.000000 1.055731e-03
-38.750000 1.021905e-03
-38.500000 9.898712e-04
-38.250000 9.584756e-04
-38.000000 9.264665e-04
-37.750000 8.925846e-04
-37.500000 8.556450e-04
-37.250000 8.146130e-04
-37.000000 7.686736e-04
-36.750000 7.173061e-04
-36.500000 6.603795e-04
-36.250000 5.983048e-04
-36.000000 5.323123e-04
-35.750000 4.649945e-04
-35.500000 4.013608e-04
-35.250000 3.505397e-04
-35.000000 3.265534e-04
-34.750000 3.424985e-04
-34.500000 3.992810e-04
-34.250000 4.866859e-04
-34.000000 5.937465e-04
-33.750000 7.128505e-04
-33.500000 8.390633e-04
-33.250000 9.689529e-04
-33.000000 1.099873e-03
-32.750000 1.229591e-03
-32.500000 1.356108e-03
-32.250000 1.477567e-03
-32.000000 1.592215e-03
-31.750000 1.698386e-03
-31.500000 1.794504e-03
-31.250000 1.879088e-03
-31.000000 1.950771e-03
-30.750000 2.008314e-03
-30.500000 2.050628e-03
-30.250000 2.076803e-03
-30.000000 2.086130e-03
-29.750000 2.078144e-03
-29.500000 2.052660e-03
-29.250000 2.009832e-03
-29.000000 1.950231e-03
-28.750000 1.874946e-03
-28.500000 1.785744e-03
-28.250000 1.685293e-03
-28.000000 1.577505e-03
-27.750000 1.468005e-03
-27.500000 1.364722e-03
-27.250000 1.278360e-03
-27.000000 1.222083e-03
-26.750000 1.209325e-03
-26.500000 1.249498e-03
-26.250000 1.344219e-03
-26.000000 1.487512e-03
-25.750000 1.669423e-03
-25.500000 1.879555e-03
-25.250000 2.108757e-03
-25.000000 2.349433e-03
-24.750000 2.595291e-03
-24.500000 2.841000e-03
-24.250000 3.081912e-03
-24.000000 3.313865e-03
-23.750000 3.533057e-03
-23.500000 3.735972e-03
-23.250000 3.919333e-03
-23.000000 4.080091e-03
-22.750000 4.215415e-03
-22.500000 4.322699e-03
-22.250000 4.399581e-03
-22.000000 4.443956e-03
-21.750000 4.454006e-03
-21.500000 4.428222e-03
-21.250000 4.365445e-03
-21.000000 4.264906e-03
-20.750000 4.126274e-03
-20.500000 3.949743e-03
-20.250000 3.736130e-03
-20.000000 3.487060e-03
-19.750000 3.205262e-03
-19.500000 2.895111e-03
-19.250000 2.563671e-03
-19.000000 2.222786e-03
-18.750000 1.893371e-03
-18.500000 1.613339e-03
-18.250000 1.445652e-03
-18.000000 1.461000e-03
-17.750000 1.677841e-03
-17.500000 2.048595e-03
-17.250000 2.515448e-03
-17.000000 3.039047e-03
-16.750000 3.595543e-03
-16.500000 4.169624e-03
-16.250000 4.750324e-03
-16.000000 5.328917e-03
-15.750000 5.897875e-03
-15.500000 6.450350e-03
-15.250000 6.979908e-03
-15.000000 7.480396e-03
-14.750000 7.945880e-03
-14.500000 8.370625e-03
-14.250000 8.749093e-03
-14.000000 9.075963e-03
-13.750000 9.346156e-03
-13.500000 9.554862e-03
-13.250000 9.697577e-03
-13.000000 9.770143e-03
-12.750000 9.768782e-03
-12.500000 9.690145e-03
-12.250000 9.531354e-03
-12.000000 9.290061e-03
-11.750000 8.964511e-03
-11.500000 8.553631e-03
-11.250000 8.057158e-03
-11.000000 7.475848e-03
-10.750000 6.811841e-03
-10.500000 6.069373e-03
-10.250000 5.256309e-03
-10.000000 4.387807e-03
-9.750000 3.496281e-03
-9.500000 2.661730e-03
-9.250000 2.096574e-03
-9.000000 2.173198e-03
-8.750000 2.937056e-03
-8.500000 4.080036e-03
-8.250000 5.412179e-03
-8.000000 6.857309e-03
-7.750000 8.381036e-03
-7.500000 9.963885e-03
-7.250000 1.159228e-02
-7.000000 1.325522e-02
-6.750000 1.494284e-02
-6.500000 1.664585e-02
-6.250000 1.835525e-02
-6.000000 2.006215e-02
-5.750000 2.175775e-02
-5.500000 2.343333e-02
-5.250000 2.508025e-02
-5.000000 2.668998e-02
-4.750000 2.825415e-02
-4.500000 2.976457e-02
-4.250000 3.121329e-02
-4.000000 3.259263e-02
-3.750000 3.389524e-02
-3.500000 3.511412e-02
-3.250000 3.624269e-02
-3.000000 3.727484e-02
-2.750000 3.820490e-02
-2.500000 3.902776e-02
-2.250000 3.973887e-02
-2.000000 4.033424e-02
-1.750000 4.081051e-02
-1.500000 4.116497e-02
-1.250000 4.139552e-02
-1.000000 4.150078e-02
-0.750000 4.148000e-02
-0.500000 4.133315e-02
-0.250000 4.106086e-02
0.000000 4.066447e-02
0.250000 4.014595e-02
0.500000 3.950797e-02
0.750000 3.875383e-02
1.000000 3.788745e-02
1.250000 3.691337e-02
1.500000 3.583668e-02
1.750000 3.466302e-02
2.000000 3.339854e-02
2.250000 3.204984e-02
2.500000 3.062398e-02
2.750000 2.912836e-02
3.000000 2.757074e-02
3.250000 2.595916e-02
3.500000 2.430191e-02
3.750000 2.260747e-02
4.000000 2.088445e-02
4.250000 1.914158e-02
4.500000 1.738761e-02
4.750000 1.563133e-02
5.000000 1.388154e-02
5.250000 1.214699e-02
5.500000 1.043649e-02
5.750000 8.759019e-03
6.000000 7.124129e-03
6.250000 5.542972e-03
6.500000 4.031620e-03
6.750000 2.624361e-03
7.000000 1.452601e-03
7.250000 1.167029e-03
7.500000 2.012785e-03
7.750000 3.093480e-03
8.000000 4.160031e-03
8.250000 5.163328e-03
8.500000 6.087307e-03
8.750000 6.924608e-03
9.000000 7.671217e-03
9.250000 8.324866e-03
9.500000 8.884432e-03
9.750000 9.349676e-03
10.000000 9.721116e-03
10.250000 9.999945e-03
10.500000 1.018799e-02
10.750000 1.028766e-02
11.000000 1.030192e-02
11.250000 1.023428e-02
11.500000 1.008872e-02
11.750000 9.869694e-03
12.000000 9.582121e-03
12.250000 9.231326e-03
12.500000 8.823052e-03
12.750000 8.363449e-03
13.000000 7.859095e-03
13.250000 7.317036e-03
13.500000 6.744884e-03
13.750000 6.150985e-03
14.000000 5.544724e-03
14.250000 4.937057e-03
14.500000 4.341421e-03
14.750000 3.775259e-03
15.000000 3.262350e-03
15.250000 2.835476e-03
15.500000 2.536205e-03
15.750000 2.403964e-03
16.000000 2.451954e-03
16.250000 2.653367e-03
16.500000 2.958689e-03
16.750000 3.320860e-03
17.000000 3.705278e-03
17.250000 4.088736e-03
17.500000 4.455883e-03
17.750000 4.796386e-03
18.000000 5.103138e-03
18.250000 5.371186e-03
18.500000 5.597090e-03
18.750000 5.778541e-03
19.000000 5.914123e-03
19.250000 6.003147e-03
19.500000 6.045550e-03
19.750000 6.041812e-03
20.000000 5.992897e-03
20.250000 5.900202e-03
20.500000 5.765513e-03
20.750000 5.590966e-03
21.000000 5.379008e-03
21.250000 5.132362e-03
21.500000 4.853991e-03
21.750000 4.547063e-03
22.000000 4.214916e-03
22.250000 3.861026e-03
22.500000 3.488973e-03
22.750000 3.102409e-03
23.000000 2.705033e-03
23.250000 2.300568e-03
23.500000 1.892760e-03
23.750000 1.485422e-03
24.000000 1.082632e-03
24.250000 6.896952e-04
24.500000 3.209280e-04
24.750000 1.742205e-04
25.000000 4.754050e-04
25.250000 8.072985e-04
25.500000 1.124494e-03
25.750000 1.420642e-03
26.000000 1.692813e-03
26.250000 1.939017e-03
26.500000 2.157751e-03
26.750000 2.347879e-03
27.000000 2.508591e-03
27.250000 2.639381e-03
27.500000 2.740038e-03
27.750000 2.810636e-03
28.000000 2.851527e-03
28.250000 2.863326e-03
28.500000 2.846900e-03
28.750000 2.803357e-03
29.000000 2.734027e-03
29.250000 2.640445e-03
29.500000 2.524336e-03
29.750000 2.387595e-03
30.000000 2.232264e-03
30.250000 2.060516e-03
30.500000 1.874635e-03
30.750000 1.676996e-03
31.000000 1.470058e-03
31.250000 1.256359e-03
31.500000 1.038547e-03
31.750000 8.194841e-04
32.000000 6.026222e-04
32.250000 3.935998e-04
32.500000 2.105345e-04
32.750000 1.584039e-04
33.000000 2.960881e-04
33.250000 4.688186e-04
33.500000 6.380741e-04
33.750000 7.962631e-04
34.000000 9.403048e-04
34.250000 1.068332e-03
34.500000 1.179010e-03
34.750000 1.271341e-03
35.000000 1.344594e-03
35.250000 1.398274e-03
35.500000 1.432110e-03
35.750000 1.446048e-03
36.000000 1.440236e-03
36.250000 1.415025e-03
36.500000 1.370954e-03
36.750000 1.308743e-03
37.000000 1.229285e-03
37.250000 1.133628e-03
37.500000 1.022967e-03
37.750000 8.986286e-04
38.000000 7.620536e-04
38.250000 6.147845e-04
38.500000 4.584476e-04
38.750000 2.947404e-04
39.000000 1.254479e-04
39.250000 4.829282e-05
39.500000 2.233513e-04
39.750000 3.989733e-04
40.000000 5.731797e-04
40.250000 7.442423e-04
40.500000 9.105006e-04
40.750000 1.070368e-03
41.000000 1.222347e-03
41.250000 1.365042e-03
41.500000 1.497171e-03
41.750000 1.617580e-03
42.000000 1.725252e-03
42.250000 1.819321e-03
42.500000 1.899072e-03
42.750000 1.963960e-03
43.000000 2.013608e-03
43.250000 2.047816e-03
43.500000 2.066567e-03
43.750000 2.070029e-03
44.000000 2.058563e-03
44.250000 2.032729e-03
44.500000 1.993288e-03
44.750000 1.941218e-03
45.000000 1.877723e-03
45.250000 1.804255e-03
45.500000 1.722539e-03
45.750000 1.634610e-03
46.000000 1.542858e-03
46.250000 1.450087e-03
46.500000 1.359561e-03
46.750000 1.275026e-03
47.000000 1.200636e-03
47.250000 1.140714e-03
47.500000 1.099243e-03
47.750000 1.079136e-03
48.000000 1.081501e-03
48.250000 1.105294e-03
48.500000 1.147576e-03
48.750000 1.204247e-03
49.000000 1.270840e-03
49.250000 1.343096e-03
49.500000 1.417264e-03
49.750000 1.490185e-03
50.000000 1.559269e-03
