-50.000000 1.200714e-03
-49.750000 1.231161e-03
-49.500000 1.261874e-03
-49.250000 1.292821e-03
-49.000000 1.323973e-03
-48.750000 1.355304e-03
-48.500000 1.386785e-03
-48.250000 1.418390e-03
-48.000000 1.450094e-03
-47.750000 1.481872e-03
-47.500000 1.513699e-03
-47.250000 1.545551e-03
-47.000000 1.577406e-03
-46.750000 1.609241e-03
-46.500000 1.641033e-03
-46.250000 1.672761e-03
-46.000000 1.704403e-03
-45.750000 1.735939e-03
-45.500000 1.767348e-03
-45.250000 1.798610e-03
-45.000000 1.829706e-03
-44.750000 1.860616e-03
-44.500000 1.891320e-03
-44.250000 1.921801e-03
-44.000000 1.952040e-03
-43.750000 1.982019e-03
-43.500000 2.011720e-03
-43.250000 2.041126e-03
-43.000000 2.070220e-03
-42.750000 2.098985e-03
-42.500000 2.127404e-03
-42.250000 2.155461e-03
-42.000000 2.183141e-03
-41.750000 2.210428e-03
-41.500000 2.237307e-03
-41.250000 2.263763e-03
-41.000000 2.289782e-03
-40.750000 2.315348e-03
-40.500000 2.340449e-03
-40.250000 2.365071e-03
-40.000000 2.389201e-03
-39.750000 2.412826e-03
-39.500000 2.435933e-03
-39.250000 2.458511e-03
-39.000000 2.480548e-03
-38.750000 2.502032e-03
-38.500000 2.522954e-03
-38.250000 2.543302e-03
-38.000000 2.563066e-03
-37.750000 2.582238e-03
-37.500000 2.600807e-03
-37.250000 2.618766e-03
-37.000000 2.636106e-03
-36.750000 2.652819e-03
-36.500000 2.668899e-03
-36.250000 2.684338e-03
-36.000000 2.699131e-03
-35.750000 2.713271e-03
-35.500000 2.726755e-03
-35.250000 2.739577e-03
-35.000000 2.751734e-03
-34.750000 2.763222e-03
-34.500000 2.774038e-03
-34.250000 2.784182e-03
-34.000000 2.793650e-03
-33.750000 2.802443e-03
-33.500000 2.810561e-03
-33.250000 2.818003e-03
-33.000000 2.824773e-03
-32.750000 2.830870e-03
-32.500000 2.836300e-03
-32.250000 2.841064e-03
-32.000000 2.845168e-03
-31.750000 2.848617e-03
-31.500000 2.851418e-03
-31.250000 2.853576e-03
-31.000000 2.855100e-03
-30.750000 2.855998e-03
-30.500000 2.856281e-03
-30.250000 2.855959e-03
-30.000000 2.855044e-03
-29.750000 2.853548e-03
-29.500000 2.851485e-03
-29.250000 2.848870e-03
-29.000000 2.845718e-03
-28.750000 2.842047e-03
-28.500000 2.837874e-03
-28.250000 2.833220e-03
-28.000000 2.828103e-03
-27.750000 2.822546e-03
-27.500000 2.816572e-03
-27.250000 2.810205e-03
-27.000000 2.803470e-03
-26.750000 2.796394e-03
-26.500000 2.789004e-03
-26.250000 2.781331e-03
-26.000000 2.773404e-03
-25.750000 2.765256e-03
-25.500000 2.756920e-03
-25.250000 2.748431e-03
-25.000000 2.739824e-03
-24.750000 2.731138e-03
-24.500000 2.722411e-03
-24.250000 2.713682e-03
-24.000000 2.704994e-03
-23.750000 2.696388e-03
-23.500000 2.687908e-03
-23.250000 2.679599e-03
-23.000000 2.671507e-03
-22.750000 2.663679e-03
-22.500000 2.656161e-03
-22.250000 2.649004e-03
-22.000000 2.642255e-03
-21.750000 2.635964e-03
-21.500000 2.630181e-03
-21.250000 2.624957e-03
-21.000000 2.620340e-03
-20.750000 2.616382e-03
-20.500000 2.613132e-03
-20.250000 2.610638e-03
-20.000000 2.608949e-03
-19.750000 2.608112e-03
-19.500000 2.608174e-03
-19.250000 2.609177e-03
-19.000000 2.611166e-03
-18.750000 2.614181e-03
-18.500000 2.618260e-03
-18.250000 2.623440e-03
-18.000000 2.629754e-03
-17.750000 2.637232e-03
-17.500000 2.645904e-03
-17.250000 2.655792e-03
-17.000000 2.666920e-03
-16.750000 2.679304e-03
-16.500000 2.692960e-03
-16.250000 2.707897e-03
-16.000000 2.724125e-03
-15.750000 2.741647e-03
-15.500000 2.760463e-03
-15.250000 2.780571e-03
-15.000000 2.801964e-03
-14.750000 2.824632e-03
-14.500000 2.848563e-03
-14.250000 2.873741e-03
-14.000000 2.900147e-03
-13.750000 2.927759e-03
-13.500000 2.956554e-03
-13.250000 2.986506e-03
-13.000000 3.017584e-03
-12.750000 3.049760e-03
-12.500000 3.083000e-03
-12.250000 3.117270e-03
-12.000000 3.152536e-03
-11.750000 3.188758e-03
-11.500000 3.225901e-03
-11.250000 3.263925e-03
-11.000000 3.302789e-03
-10.750000 3.342454e-03
-10.500000 3.382879e-03
-10.250000 3.424021e-03
-10.000000 3.465839e-03
-9.750000 3.508292e-03
-9.500000 3.551336e-03
-9.250000 3.594931e-03
-9.000000 3.639033e-03
-8.750000 3.683601e-03
-8.500000 3.728593e-03
-8.250000 3.773967e-03
-8.000000 3.819683e-03
-7.750000 3.865699e-03
-7.500000 3.911975e-03
-7.250000 3.958470e-03
-7.000000 4.005146e-03
-6.750000 4.051962e-03
-6.500000 4.098880e-03
-6.250000 4.145862e-03
-6.000000 4.192870e-03
-5.750000 4.239867e-03
-5.500000 4.286817e-03
-5.250000 4.333682e-03
-5.000000 4.380428e-03
-4.750000 4.427020e-03
-4.500000 4.473423e-03
-4.250000 4.519604e-03
-4.000000 4.565529e-03
-3.750000 4.611165e-03
-3.500000 4.656481e-03
-3.250000 4.701444e-03
-3.000000 4.746025e-03
-2.750000 4.790192e-03
-2.500000 4.833916e-03
-2.250000 4.877167e-03
-2.000000 4.919917e-03
-1.750000 4.962138e-03
-1.500000 5.003802e-03
-1.250000 5.044882e-03
-1.000000 5.085352e-03
-0.750000 5.125186e-03
-0.500000 5.164359e-03
-0.250000 5.202845e-03
0.000000 5.240622e-03
0.250000 5.277664e-03
0.500000 5.313950e-03
0.750000 5.349456e-03
1.000000 5.384162e-03
1.250000 5.418045e-03
1.500000 5.451084e-03
1.750000 5.483260e-03
2.000000 5.514553e-03
2.250000 5.544943e-03
2.500000 5.574413e-03
2.750000 5.602944e-03
3.000000 5.630518e-03
3.250000 5.657119e-03
3.500000 5.682731e-03
3.750000 5.707338e-03
4.000000 5.730924e-03
4.250000 5.753476e-03
4.500000 5.774978e-03
4.750000 5.795418e-03
5.000000 5.814782e-03
5.250000 5.833058e-03
5.500000 5.850235e-03
5.750000 5.866301e-03
6.000000 5.881246e-03
6.250000 5.895059e-03
6.500000 5.907731e-03
6.750000 5.919253e-03
7.000000 5.929616e-03
7.250000 5.938814e-03
7.500000 5.946838e-03
7.750000 5.953681e-03
8.000000 5.959339e-03
8.250000 5.963805e-03
8.500000 5.967074e-03
8.750000 5.969142e-03
9.000000 5.970005e-03
9.250000 5.969660e-03
9.500000 5.968104e-03
9.750000 5.965335e-03
10.000000 5.961352e-03
10.250000 5.956154e-03
10.500000 5.949739e-03
10.750000 5.942109e-03
11.000000 5.933264e-03
11.250000 5.923205e-03
11.500000 5.911935e-03
11.750000 5.899455e-03
12.000000 5.885769e-03
12.250000 5.870880e-03
12.500000 5.854792e-03
12.750000 5.837510e-03
13.000000 5.819038e-03
13.250000 5.799384e-03
13.500000 5.778553e-03
13.750000 5.756551e-03
14.000000 5.733387e-03
14.250000 5.709068e-03
14.500000 5.683603e-03
14.750000 5.657000e-03
15.000000 5.629269e-03
15.250000 5.600420e-03
15.500000 5.570464e-03
15.750000 5.539412e-03
16.000000 5.507275e-03
16.250000 5.474066e-03
16.500000 5.439797e-03
16.750000 5.404481e-03
17.000000 5.368132e-03
17.250000 5.330764e-03
17.500000 5.292392e-03
17.750000 5.253031e-03
18.000000 5.212697e-03
18.250000 5.171405e-03
18.500000 5.129173e-03
18.750000 5.086017e-03
19.000000 5.041956e-03
19.250000 4.997006e-03
19.500000 4.951188e-03
19.750000 4.904519e-03
20.000000 4.857020e-03
20.250000 4.808710e-03
20.500000 4.759610e-03
20.750000 4.709741e-03
21.000000 4.659124e-03
21.250000 4.607781e-03
21.500000 4.555735e-03
21.750000 4.503008e-03
22.000000 4.449623e-03
22.250000 4.395606e-03
22.500000 4.340979e-03
22.750000 4.285767e-03
23.000000 4.229997e-03
23.250000 4.173693e-03
23.500000 4.116881e-03
23.750000 4.059590e-03
24.000000 4.001845e-03
24.250000 3.943675e-03
24.500000 3.885108e-03
24.750000 3.826174e-03
25.000000 3.766901e-03
25.250000 3.707319e-03
25.500000 3.647460e-03
25.750000 3.587355e-03
26.000000 3.527036e-03
26.250000 3.466535e-03
26.500000 3.405887e-03
26.750000 3.345124e-03
27.000000 3.284283e-03
27.250000 3.223399e-03
27.500000 3.162508e-03
27.750000 3.101649e-03
28.000000 3.040860e-03
28.250000 2.980181e-03
28.500000 2.919653e-03
28.750000 2.859317e-03
29.000000 2.799217e-03
29.250000 2.739397e-03
29.500000 2.679904e-03
29.750000 2.620785e-03
30.000000 2.562090e-03
30.250000 2.503869e-03
30.500000 2.446175e-03
30.750000 2.389063e-03
31.000000 2.332590e-03
31.250000 2.276815e-03
31.500000 2.221799e-03
31.750000 2.167606e-03
32.000000 2.114303e-03
32.250000 2.061959e-03
32.500000 2.010645e-03
32.750000 1.960435e-03
33.000000 1.911407e-03
33.250000 1.863640e-03
33.500000 1.817217e-03
33.750000 1.772222e-03
34.000000 1.728742e-03
34.250000 1.686866e-03
34.500000 1.646682e-03
34.750000 1.608280e-03
35.000000 1.571750e-03
35.250000 1.537180e-03
35.500000 1.504654e-03
35.750000 1.474255e-03
36.000000 1.446058e-03
36.250000 1.420132e-03
36.500000 1.396537e-03
36.750000 1.375322e-03
37.000000 1.356525e-03
37.250000 1.340171e-03
37.500000 1.326267e-03
37.750000 1.314809e-03
38.000000 1.305773e-03
38.250000 1.299119e-03
38.500000 1.294794e-03
38.750000 1.292727e-03
39.000000 1.292832e-03
39.250000 1.295013e-03
39.500000 1.299162e-03
39.750000 1.305162e-03
40.000000 1.312889e-03
40.250000 1.322214e-03
40.500000 1.333005e-03
40.750000 1.345130e-03
41.000000 1.358455e-03
41.250000 1.372851e-03
41.500000 1.388188e-03
41.750000 1.404342e-03
42.000000 1.421194e-03
42.250000 1.438629e-03
42.500000 1.456538e-03
42.750000 1.474817e-03
43.000000 1.493368e-03
43.250000 1.512098e-03
43.500000 1.530922e-03
43.750000 1.549758e-03
44.000000 1.568529e-03
44.250000 1.587166e-03
44.500000 1.605602e-03
44.750000 1.623776e-03
45.000000 1.641630e-03
45.250000 1.659113e-03
45.500000 1.676174e-03
45.750000 1.692769e-03
46.000000 1.708855e-03
46.250000 1.724393e-03
46.500000 1.739349e-03
46.750000 1.753687e-03
47.000000 1.767380e-03
47.250000 1.780397e-03
47.500000 1.792714e-03
47.750000 1.804308e-03
48.000000 1.815157e-03
48.250000 1.825241e-03
48.500000 1.834543e-03
48.750000 1.843047e-03
49.000000 1.850740e-03
49.250000 1.857607e-03
49.500000 1.863638e-03
49.750000 1.868824e-03
50.000000 1.873155e-03
