-50.000000 1.471384e-04
-49.750000 2.302818e-04
-49.500000 2.806296e-04
-49.250000 2.810465e-04
-49.000000 2.273263e-04
-48.750000 1.292413e-04
-48.500000 1.758351e-05
-48.250000 1.116943e-04
-48.000000 1.955490e-04
-47.750000 2.276845e-04
-47.500000 2.020190e-04
-47.250000 1.310709e-04
-47.000000 7.225755e-05
-46.750000 1.340192e-04
-46.500000 2.125644e-04
-46.250000 2.525662e-04
-46.000000 2.433701e-04
-45.750000 1.920457e-04
-45.500000 1.180632e-04
-45.250000 4.935091e-05
-45.000000 3.744072e-05
-44.750000 6.296286e-05
-44.500000 9.013703e-05
-44.250000 1.314077e-04
-44.000000 1.752648e-04
-43.750000 1.964778e-04
-43.500000 1.771651e-04
-43.250000 1.248689e-04
-43.000000 1.241047e-04
-42.750000 2.269983e-04
-42.500000 3.388488e-04
-42.250000 4.052400e-04
-42.000000 3.991339e-04
-41.750000 3.190737e-04
-41.500000 2.112784e-04
-41.250000 2.281420e-04
-41.000000 3.754763e-04
-40.750000 5.072118e-04
-40.500000 5.601739e-04
-40.250000 5.120768e-04
-40.000000 3.688349e-04
-39.750000 1.598005e-04
-39.500000 7.119651e-05
-39.250000 2.749338e-04
-39.000000 4.131527e-04
-38.750000 4.654128e-04
-38.500000 4.358761e-04
-38.250000 3.533204e-04
-38.000000 2.661318e-04
-37.750000 2.216497e-04
-37.500000 2.172572e-04
-37.250000 2.228607e-04
-37.000000 2.559279e-04
-36.750000 3.453069e-04
-36.500000 4.643723e-04
-36.250000 5.638699e-04
-36.000000 6.061120e-04
-35.750000 5.736627e-04
-35.500000 4.710492e-04
-35.250000 3.218518e-04
-35.000000 1.627948e-04
-34.750000 5.929393e-05
-34.500000 1.060168e-04
-34.250000 1.395861e-04
-34.000000 1.244294e-04
-33.750000 7.114694e-05
-33.500000 3.427512e-05
-33.250000 1.382216e-04
-33.000000 2.817545e-04
-32.750000 4.478800e-04
-32.500000 6.110627e-04
-32.250000 7.335689e-04
-32.000000 7.762049e-04
-31.750000 7.113467e-04
-31.500000 5.336192e-04
-31.250000 2.655039e-04
-31.000000 6.935384e-05
-30.750000 3.579180e-04
-30.500000 5.834746e-04
-30.250000 6.920341e-04
-30.000000 6.733725e-04
-29.750000 5.684804e-04
-29.500000 4.914708e-04
-29.250000 5.607766e-04
-29.000000 7.060353e-04
-28.750000 7.957763e-04
-28.500000 7.632861e-04
-28.250000 5.991099e-04
-28.000000 3.468398e-04
-27.750000 2.084877e-04
-27.500000 4.298909e-04
-27.250000 6.673592e-04
-27.000000 8.116399e-04
-26.750000 8.459301e-04
-26.500000 7.881784e-04
-26.250000 6.772362e-04
-26.000000 5.608020e-04
-25.750000 4.902127e-04
-25.500000 5.130791e-04
-25.250000 6.339855e-04
-25.000000 8.051506e-04
-24.750000 9.661439e-04
-24.500000 1.064674e-03
-24.250000 1.066833e-03
-24.000000 9.664243e-04
-23.750000 7.903648e-04
-23.500000 5.984294e-04
-23.250000 4.696030e-04
-23.000000 4.368993e-04
-22.750000 4.379297e-04
-22.500000 4.227441e-04
-22.250000 4.181104e-04
-22.000000 4.690905e-04
-21.750000 5.458891e-04
-21.500000 5.751305e-04
-21.250000 5.098665e-04
-21.000000 3.650093e-04
-20.750000 3.112239e-04
-20.500000 5.301510e-04
-20.250000 8.213634e-04
-20.000000 1.051997e-03
-19.750000 1.166178e-03
-19.500000 1.149552e-03
-19.250000 1.022657e-03
-19.000000 8.312740e-04
-18.750000 6.312277e-04
-18.500000 4.713102e-04
-18.250000 3.798982e-04
-18.000000 3.592041e-04
-17.750000 3.865596e-04
-17.500000 4.267705e-04
-17.250000 4.583263e-04
-17.000000 5.031061e-04
-16.750000 6.193249e-04
-16.500000 8.198385e-04
-16.250000 1.042370e-03
-16.000000 1.203527e-03
-15.750000 1.238345e-03
-15.500000 1.122015e-03
-15.250000 8.855300e-04
-15.000000 6.295363e-04
-14.750000 5.124572e-04
-14.500000 5.474180e-04
-14.250000 5.759310e-04
-14.000000 6.430632e-04
-13.750000 9.802101e-04
-13.500000 1.562331e-03
-13.250000 2.191231e-03
-13.000000 2.677641e-03
-12.750000 2.870881e-03
-12.500000 2.684794e-03
-12.250000 2.120011e-03
-12.000000 1.273469e-03
-11.750000 4.001941e-04
-11.500000 7.534325e-04
-11.250000 1.374421e-03
-11.000000 1.618157e-03
-10.750000 1.421982e-03
-10.500000 8.803125e-04
-10.250000 5.755226e-04
-10.000000 1.249816e-03
-9.750000 1.968460e-03
-9.500000 2.372272e-03
-9.250000 2.346042e-03
-9.000000 1.907551e-03
-8.750000 1.222248e-03
-8.500000 7.692418e-04
-8.250000 1.113709e-03
-8.000000 1.541807e-03
-7.750000 1.624303e-03
-7.500000 1.288605e-03
-7.250000 6.678821e-04
-7.000000 7.185002e-04
-6.750000 1.640060e-03
-6.500000 2.574526e-03
-6.250000 3.392802e-03
-6.000000 4.134822e-03
-5.750000 4.901500e-03
-5.500000 5.737340e-03
-5.250000 6.557445e-03
-5.000000 7.180353e-03
-4.750000 7.416311e-03
-4.500000 7.149390e-03
-4.250000 6.403260e-03
-4.000000 5.410041e-03
-3.750000 4.668881e-03
-3.500000 4.688139e-03
-3.250000 5.241702e-03
-3.000000 5.506459e-03
-2.750000 4.737304e-03
-2.500000 2.529421e-03
-2.250000 2.705446e-03
-2.000000 8.864968e-03
-1.750000 1.713228e-02
-1.500000 2.683711e-02
-1.250000 3.723190e-02
-1.000000 4.741106e-02
-0.750000 5.641269e-02
-0.500000 6.334992e-02
-0.250000 6.753948e-02
0.000000 6.860214e-02
0.250000 6.651515e-02
0.500000 6.160660e-02
0.750000 5.449319e-02
1.000000 4.597463e-02
1.250000 3.690733e-02
1.500000 2.808467e-02
1.750000 2.015147e-02
2.000000 1.357659e-02
2.250000 8.700018e-03
2.500000 5.802414e-03
2.750000 4.780489e-03
3.000000 4.599968e-03
3.250000 4.258575e-03
3.500000 3.452407e-03
3.750000 2.369894e-03
4.000000 1.844940e-03
4.250000 2.703948e-03
4.500000 3.996917e-03
4.750000 5.079010e-03
5.000000 5.780812e-03
5.250000 6.132467e-03
5.500000 6.266016e-03
5.750000 6.313502e-03
6.000000 6.311622e-03
6.250000 6.186010e-03
6.500000 5.825558e-03
6.750000 5.170634e-03
7.000000 4.256339e-03
7.250000 3.208501e-03
7.500000 2.212841e-03
7.750000 1.471802e-03
8.000000 1.111514e-03
8.250000 1.036008e-03
8.500000 1.116707e-03
8.750000 1.391758e-03
9.000000 1.830357e-03
9.250000 2.271956e-03
9.500000 2.551490e-03
9.750000 2.558891e-03
10.000000 2.254528e-03
10.250000 1.670486e-03
10.500000 9.137175e-04
10.750000 4.139068e-04
11.000000 1.001296e-03
11.250000 1.647813e-03
11.500000 2.070778e-03
11.750000 2.209780e-03
12.000000 2.065104e-03
12.250000 1.684807e-03
12.500000 1.158954e-03
12.750000 6.399078e-04
13.000000 5.004920e-04
13.250000 7.952548e-04
13.500000 1.049028e-03
13.750000 1.134010e-03
14.000000 1.047476e-03
14.250000 8.348525e-04
14.500000 5.701526e-04
14.750000 3.433806e-04
15.000000 2.312092e-04
15.250000 1.834957e-04
15.500000 8.897142e-05
15.750000 1.522810e-04
16.000000 4.063251e-04
16.250000 6.735495e-04
16.500000 8.910324e-04
16.750000 1.013907e-03
17.000000 1.022144e-03
17.250000 9.252538e-04
17.500000 7.616871e-04
17.750000 5.933228e-04
18.000000 4.862862e-04
18.250000 4.558215e-04
18.500000 4.461196e-04
18.750000 4.103917e-04
19.000000 3.544957e-04
19.250000 3.242918e-04
19.500000 3.477480e-04
19.750000 3.860229e-04
20.000000 3.900996e-04
20.250000 3.468869e-04
20.500000 2.944782e-04
20.750000 3.216273e-04
21.000000 4.440207e-04
21.250000 5.854628e-04
21.500000 6.904352e-04
21.750000 7.332395e-04
22.000000 7.087439e-04
22.250000 6.260735e-04
22.500000 5.015784e-04
22.750000 3.521268e-04
23.000000 1.954550e-04
23.250000 1.117962e-04
23.500000 2.417426e-04
23.750000 4.184821e-04
24.000000 5.821656e-04
24.250000 7.095923e-04
24.500000 7.860891e-04
24.750000 8.074328e-04
25.000000 7.808314e-04
25.250000 7.220764e-04
25.500000 6.502415e-04
25.750000 5.846436e-04
26.000000 5.481000e-04
26.250000 5.669314e-04
26.500000 6.490967e-04
26.750000 7.666162e-04
27.000000 8.730499e-04
27.250000 9.254125e-04
27.500000 8.955095e-04
27.750000 7.763597e-04
28.000000 5.861975e-04
28.250000 3.744946e-04
28.500000 2.502305e-04
28.750000 3.024247e-04
29.000000 3.782124e-04
29.250000 3.775591e-04
29.500000 2.913995e-04
29.750000 1.801960e-04
30.000000 2.305745e-04
30.250000 3.927517e-04
30.500000 5.194071e-04
30.750000 5.592861e-04
31.000000 4.972717e-04
31.250000 3.444629e-04
31.500000 1.353344e-04
31.750000 1.141848e-04
32.000000 3.117314e-04
32.250000 4.504832e-04
32.500000 5.050498e-04
32.750000 4.729236e-04
33.000000 3.694085e-04
33.250000 2.221300e-04
33.500000 6.428167e-05
33.750000 7.971726e-05
34.000000 1.807937e-04
34.250000 2.333504e-04
34.500000 2.380308e-04
34.750000 2.054233e-04
35.000000 1.559109e-04
35.250000 1.259663e-04
35.500000 1.474262e-04
35.750000 1.908372e-04
36.000000 2.183668e-04
36.250000 2.122632e-04
36.500000 1.693419e-04
36.750000 1.069651e-04
37.000000 1.039856e-04
37.250000 1.886309e-04
37.500000 2.809291e-04
37.750000 3.530704e-04
38.000000 4.013930e-04
38.250000 4.341733e-04
38.500000 4.601370e-04
38.750000 4.757237e-04
39.000000 4.636781e-04
39.250000 4.043905e-04
39.500000 2.890200e-04
39.750000 1.335303e-04
40.000000 1.248630e-04
40.250000 3.042789e-04
40.500000 4.587228e-04
40.750000 5.451555e-04
41.000000 5.454862e-04
41.250000 4.616977e-04
41.500000 3.161031e-04
41.750000 1.554573e-04
42.000000 1.195338e-04
42.250000 2.160480e-04
42.500000 2.718671e-04
42.750000 2.587669e-04
43.000000 1.854320e-04
43.250000 7.724869e-05
43.500000 3.337277e-05
43.750000 1.146821e-04
44.000000 1.463893e-04
44.250000 1.227146e-04
44.500000 5.406413e-05
44.750000 3.674276e-05
45.000000 1.211265e-04
45.250000 1.736711e-04
45.500000 1.796666e-04
45.750000 1.418681e-04
46.000000 9.366936e-05
46.250000 1.128691e-04
46.500000 1.714172e-04
46.750000 2.017004e-04
47.000000 1.804312e-04
47.250000 1.083027e-04
47.500000 3.710491e-05
47.750000 1.343318e-04
48.000000 2.291806e-04
48.250000 2.743658e-04
48.500000 2.525300e-04
48.750000 1.635200e-04
49.000000 3.539563e-05
49.250000 1.507996e-04
49.500000 3.053971e-04
49.750000 4.196588e-04
50.000000 4.713116e-04
