-50.000000 4.323883e-03
-49.750000 4.337300e-03
-49.500000 4.350637e-03
-49.250000 4.363883e-03
-49.000000 4.377027e-03
-48.750000 4.390057e-03
-48.500000 4.402957e-03
-48.250000 4.415711e-03
-48.000000 4.428301e-03
-47.750000 4.440708e-03
-47.500000 4.452912e-03
-47.250000 4.464889e-03
-47.000000 4.476617e-03
-46.750000 4.488072e-03
-46.500000 4.499226e-03
-46.250000 4.510054e-03
-46.000000 4.520527e-03
-45.750000 4.530616e-03
-45.500000 4.540293e-03
-45.250000 4.549526e-03
-45.000000 4.558284e-03
-44.750000 4.566537e-03
-44.500000 4.574251e-03
-44.250000 4.581396e-03
-44.000000 4.587937e-03
-43.750000 4.593844e-03
-43.500000 4.599082e-03
-43.250000 4.603621e-03
-43.000000 4.607426e-03
-42.750000 4.610467e-03
-42.500000 4.612712e-03
-42.250000 4.614129e-03
-42.000000 4.614689e-03
-41.750000 4.614361e-03
-41.500000 4.613118e-03
-41.250000 4.610930e-03
-41.000000 4.607771e-03
-40.750000 4.603616e-03
-40.500000 4.598441e-03
-40.250000 4.592221e-03
-40.000000 4.584935e-03
-39.750000 4.576565e-03
-39.500000 4.567090e-03
-39.250000 4.556495e-03
-39.000000 4.544764e-03
-38.750000 4.531886e-03
-38.500000 4.517848e-03
-38.250000 4.502644e-03
-38.000000 4.486266e-03
-37.750000 4.468710e-03
-37.500000 4.449976e-03
-37.250000 4.430065e-03
-37.000000 4.408979e-03
-36.750000 4.386726e-03
-36.500000 4.363316e-03
-36.250000 4.338761e-03
-36.000000 4.313077e-03
-35.750000 4.286283e-03
-35.500000 4.258402e-03
-35.250000 4.229459e-03
-35.000000 4.199484e-03
-34.750000 4.168510e-03
-34.500000 4.136575e-03
-34.250000 4.103719e-03
-34.000000 4.069990e-03
-33.750000 4.035436e-03
-33.500000 4.000112e-03
-33.250000 3.964076e-03
-33.000000 3.927394e-03
-32.750000 3.890133e-03
-32.500000 3.852368e-03
-32.250000 3.814177e-03
-32.000000 3.775645e-03
-31.750000 3.736861e-03
-31.500000 3.697922e-03
-31.250000 3.658928e-03
-31.000000 3.619985e-03
-30.750000 3.581207e-03
-30.500000 3.542710e-03
-30.250000 3.504620e-03
-30.000000 3.467063e-03
-29.750000 3.430176e-03
-29.500000 3.394096e-03
-29.250000 3.358967e-03
-29.000000 3.324938e-03
-28.750000 3.292157e-03
-28.500000 3.260781e-03
-28.250000 3.230962e-03
-28.000000 3.202858e-03
-27.750000 3.176625e-03
-27.500000 3.152416e-03
-27.250000 3.130383e-03
-27.000000 3.110671e-03
-26.750000 3.093422e-03
-26.500000 3.078767e-03
-26.250000 3.066831e-03
-26.000000 3.057724e-03
-25.750000 3.051548e-03
-25.500000 3.048387e-03
-25.250000 3.048312e-03
-25.000000 3.051377e-03
-24.750000 3.057618e-03
-24.500000 3.067056e-03
-24.250000 3.079691e-03
-24.000000 3.095508e-03
-23.750000 3.114472e-03
-23.500000 3.136534e-03
-23.250000 3.161628e-03
-23.000000 3.189671e-03
-22.750000 3.220571e-03
-22.500000 3.254220e-03
-22.250000 3.290501e-03
-22.000000 3.329288e-03
-21.750000 3.370446e-03
-21.500000 3.413835e-03
-21.250000 3.459311e-03
-21.000000 3.506725e-03
-20.750000 3.555925e-03
-20.500000 3.606760e-03
-20.250000 3.659076e-03
-20.000000 3.712722e-03
-19.750000 3.767547e-03
-19.500000 3.823402e-03
-19.250000 3.880140e-03
-19.000000 3.937618e-03
-18.750000 3.995695e-03
-18.500000 4.054234e-03
-18.250000 4.113102e-03
-18.000000 4.172168e-03
-17.750000 4.231308e-03
-17.500000 4.290400e-03
-17.250000 4.349326e-03
-17.000000 4.407973e-03
-16.750000 4.466230e-03
-16.500000 4.523994e-03
-16.250000 4.581162e-03
-16.000000 4.637637e-03
-15.750000 4.693326e-03
-15.500000 4.748139e-03
-15.250000 4.801991e-03
-15.000000 4.854800e-03
-14.750000 4.906488e-03
-14.500000 4.956981e-03
-14.250000 5.006207e-03
-14.000000 5.054100e-03
-13.750000 5.100596e-03
-13.500000 5.145635e-03
-13.250000 5.189162e-03
-13.000000 5.231122e-03
-12.750000 5.271466e-03
-12.500000 5.310149e-03
-12.250000 5.347128e-03
-12.000000 5.382362e-03
-11.750000 5.415818e-03
-11.500000 5.447461e-03
-11.250000 5.477263e-03
-11.000000 5.505198e-03
-10.750000 5.531244e-03
-10.500000 5.555381e-03
-10.250000 5.577594e-03
-10.000000 5.597870e-03
-9.750000 5.616201e-03
-9.500000 5.632581e-03
-9.250000 5.647009e-03
-9.000000 5.659484e-03
-8.750000 5.670013e-03
-8.500000 5.678602e-03
-8.250000 5.685265e-03
-8.000000 5.690015e-03
-7.750000 5.692873e-03
-7.500000 5.693859e-03
-7.250000 5.692999e-03
-7.000000 5.690323e-03
-6.750000 5.685864e-03
-6.500000 5.679658e-03
-6.250000 5.671745e-03
-6.000000 5.662169e-03
-5.750000 5.650976e-03
-5.500000 5.638218e-03
-5.250000 5.623950e-03
-5.000000 5.608230e-03
-4.750000 5.591119e-03
-4.500000 5.572683e-03
-4.250000 5.552991e-03
-4.000000 5.532116e-03
-3.750000 5.510134e-03
-3.500000 5.487125e-03
-3.250000 5.463172e-03
-3.000000 5.438363e-03
-2.750000 5.412786e-03
-2.500000 5.386536e-03
-2.250000 5.359709e-03
-2.000000 5.332404e-03
-1.750000 5.304724e-03
-1.500000 5.276773e-03
-1.250000 5.248659e-03
-1.000000 5.220492e-03
-0.750000 5.192384e-03
-0.500000 5.164447e-03
-0.250000 5.136796e-03
0.000000 5.109548e-03
0.250000 5.082818e-03
0.500000 5.056723e-03
0.750000 5.031380e-03
1.000000 5.006903e-03
1.250000 4.983408e-03
1.500000 4.961006e-03
1.750000 4.939807e-03
2.000000 4.919919e-03
2.250000 4.901444e-03
2.500000 4.884482e-03
2.750000 4.869126e-03
3.000000 4.855465e-03
3.250000 4.843582e-03
3.500000 4.833551e-03
3.750000 4.825442e-03
4.000000 4.819314e-03
4.250000 4.815219e-03
4.500000 4.813201e-03
4.750000 4.813294e-03
5.000000 4.815522e-03
5.250000 4.819902e-03
5.500000 4.826438e-03
5.750000 4.835127e-03
6.000000 4.845955e-03
6.250000 4.858899e-03
6.500000 4.873927e-03
6.750000 4.890997e-03
7.000000 4.910060e-03
7.250000 4.931058e-03
7.500000 4.953925e-03
7.750000 4.978588e-03
8.000000 5.004968e-03
8.250000 5.032979e-03
8.500000 5.062532e-03
8.750000 5.093530e-03
9.000000 5.125874e-03
9.250000 5.159461e-03
9.500000 5.194185e-03
9.750000 5.229936e-03
10.000000 5.266606e-03
10.250000 5.304081e-03
10.500000 5.342251e-03
10.750000 5.381001e-03
11.000000 5.420219e-03
11.250000 5.459793e-03
11.500000 5.499611e-03
11.750000 5.539563e-03
12.000000 5.579540e-03
12.250000 5.619434e-03
12.500000 5.659141e-03
12.750000 5.698556e-03
13.000000 5.737581e-03
13.250000 5.776115e-03
13.500000 5.814064e-03
13.750000 5.851335e-03
14.000000 5.887837e-03
14.250000 5.923484e-03
14.500000 5.958191e-03
14.750000 5.991878e-03
15.000000 6.024468e-03
15.250000 6.055884e-03
15.500000 6.086057e-03
15.750000 6.114918e-03
16.000000 6.142402e-03
16.250000 6.168448e-03
16.500000 6.192997e-03
16.750000 6.215994e-03
17.000000 6.237387e-03
17.250000 6.257128e-03
17.500000 6.275172e-03
17.750000 6.291476e-03
18.000000 6.306002e-03
18.250000 6.318713e-03
18.500000 6.329577e-03
18.750000 6.338565e-03
19.000000 6.345650e-03
19.250000 6.350810e-03
19.500000 6.354024e-03
19.750000 6.355274e-03
20.000000 6.354547e-03
20.250000 6.351833e-03
20.500000 6.347121e-03
20.750000 6.340408e-03
21.000000 6.331692e-03
21.250000 6.320971e-03
21.500000 6.308251e-03
21.750000 6.293538e-03
22.000000 6.276839e-03
22.250000 6.258168e-03
22.500000 6.237539e-03
22.750000 6.214969e-03
23.000000 6.190478e-03
23.250000 6.164088e-03
23.500000 6.135825e-03
23.750000 6.105717e-03
24.000000 6.073793e-03
24.250000 6.040088e-03
24.500000 6.004635e-03
24.750000 5.967474e-03
25.000000 5.928644e-03
25.250000 5.888189e-03
25.500000 5.846153e-03
25.750000 5.802584e-03
26.000000 5.757532e-03
26.250000 5.711049e-03
26.500000 5.663189e-03
26.750000 5.614010e-03
27.000000 5.563570e-03
27.250000 5.511930e-03
27.500000 5.459154e-03
27.750000 5.405307e-03
28.000000 5.350457e-03
28.250000 5.294673e-03
28.500000 5.238027e-03
28.750000 5.180592e-03
29.000000 5.122445e-03
29.250000 5.063663e-03
29.500000 5.004325e-03
29.750000 4.944512e-03
30.000000 4.884308e-03
30.250000 4.823796e-03
30.500000 4.763063e-03
30.750000 4.702197e-03
31.000000 4.641287e-03
31.250000 4.580424e-03
31.500000 4.519698e-03
31.750000 4.459203e-03
32.000000 4.399032e-03
32.250000 4.339280e-03
32.500000 4.280042e-03
32.750000 4.221413e-03
33.000000 4.163488e-03
33.250000 4.106362e-03
33.500000 4.050130e-03
33.750000 3.994887e-03
34.000000 3.940725e-03
34.250000 3.887735e-03
34.500000 3.836006e-03
34.750000 3.785627e-03
35.000000 3.736680e-03
35.250000 3.689247e-03
35.500000 3.643405e-03
35.750000 3.599227e-03
36.000000 3.556780e-03
36.250000 3.516128e-03
36.500000 3.477326e-03
36.750000 3.440424e-03
37.000000 3.405465e-03
37.250000 3.372485e-03
37.500000 3.341512e-03
37.750000 3.312565e-03
38.000000 3.285654e-03
38.250000 3.260783e-03
38.500000 3.237944e-03
38.750000 3.217121e-03
39.000000 3.198291e-03
39.250000 3.181420e-03
39.500000 3.166467e-03
39.750000 3.153381e-03
40.000000 3.142105e-03
40.250000 3.132575e-03
40.500000 3.124719e-03
40.750000 3.118459e-03
41.000000 3.113712e-03
41.250000 3.110391e-03
41.500000 3.108403e-03
41.750000 3.107655e-03
42.000000 3.108047e-03
42.250000 3.109480e-03
42.500000 3.111854e-03
42.750000 3.115066e-03
43.000000 3.119016e-03
43.250000 3.123602e-03
43.500000 3.128723e-03
43.750000 3.134283e-03
44.000000 3.140183e-03
44.250000 3.146330e-03
44.500000 3.152632e-03
44.750000 3.158999e-03
45.000000 3.165348e-03
45.250000 3.171594e-03
45.500000 3.177659e-03
45.750000 3.183468e-03
46.000000 3.188948e-03
46.250000 3.194033e-03
46.500000 3.198656e-03
46.750000 3.202759e-03
47.000000 3.206284e-03
47.250000 3.209179e-03
47.500000 3.211394e-03
47.750000 3.212884e-03
48.000000 3.213607e-03
48.250000 3.213525e-03
48.500000 3.212603e-03
48.750000 3.210809e-03
49.000000 3.208117e-03
49.250000 3.204501e-03
49.500000 3.199940e-03
49.750000 3.194416e-03
50.000000 3.187914e-03
