-50.000000 1.878061e-03
-49.750000 1.833103e-03
-49.500000 1.705718e-03
-49.250000 1.501589e-03
-49.000000 1.230553e-03
-48.750000 9.061498e-04
-48.500000 5.451373e-04
-48.250000 1.695311e-04
-48.000000 2.223186e-04
-47.750000 5.778906e-04
-47.500000 8.967683e-04
-47.250000 1.160254e-03
-47.000000 1.354529e-03
-46.750000 1.469776e-03
-46.500000 1.500648e-03
-46.250000 1.446680e-03
-46.000000 1.312607e-03
-45.750000 1.108848e-03
-45.500000 8.532346e-04
-45.250000 5.793848e-04
-45.000000 3.817532e-04
-44.750000 4.540838e-04
-44.500000 7.134529e-04
-44.250000 9.957726e-04
-44.000000 1.245088e-03
-43.750000 1.436446e-03
-43.500000 1.555085e-03
-43.250000 1.592682e-03
-43.000000 1.546736e-03
-42.750000 1.420726e-03
-42.500000 1.224897e-03
-42.250000 9.789566e-04
-42.000000 7.222649e-04
-41.750000 5.483360e-04
-41.500000 6.023104e-04
-41.250000 8.469809e-04
-41.000000 1.145890e-03
-40.750000 1.430970e-03
-40.500000 1.670006e-03
-40.250000 1.844221e-03
-40.000000 1.942303e-03
-39.750000 1.958805e-03
-39.500000 1.893628e-03
-39.250000 1.751738e-03
-39.000000 1.542957e-03
-38.750000 1.282043e-03
-38.500000 9.900959e-04
-38.250000 7.014629e-04
-38.000000 4.915475e-04
-37.750000 4.951504e-04
-37.500000 6.889608e-04
-37.250000 9.321348e-04
-37.000000 1.161854e-03
-36.750000 1.356776e-03
-36.500000 1.510072e-03
-36.250000 1.622016e-03
-36.000000 1.697126e-03
-35.750000 1.742151e-03
-35.500000 1.764083e-03
-35.250000 1.768293e-03
-35.000000 1.757229e-03
-34.750000 1.730187e-03
-34.500000 1.684433e-03
-34.250000 1.617539e-03
-34.000000 1.530668e-03
-33.750000 1.432606e-03
-33.500000 1.344018e-03
-33.250000 1.298989e-03
-33.000000 1.335751e-03
-32.750000 1.473773e-03
-32.500000 1.699887e-03
-32.250000 1.980220e-03
-32.000000 2.277519e-03
-31.750000 2.558677e-03
-31.500000 2.796036e-03
-31.250000 2.967324e-03
-31.000000 3.055773e-03
-30.750000 3.050533e-03
-30.500000 2.947245e-03
-30.250000 2.748720e-03
-30.000000 2.465864e-03
-29.750000 2.119440e-03
-29.500000 1.744276e-03
-29.250000 1.399227e-03
-29.000000 1.180320e-03
-28.750000 1.184173e-03
-28.500000 1.388662e-03
-28.250000 1.678986e-03
-28.000000 1.965328e-03
-27.750000 2.199809e-03
-27.500000 2.361134e-03
-27.250000 2.446688e-03
-27.000000 2.470644e-03
-26.750000 2.463903e-03
-26.500000 2.471712e-03
-26.250000 2.543493e-03
-26.000000 2.713365e-03
-25.750000 2.983318e-03
-25.500000 3.324373e-03
-25.250000 3.691554e-03
-25.000000 4.037825e-03
-24.750000 4.321437e-03
-24.500000 4.508902e-03
-24.250000 4.576288e-03
-24.000000 4.510078e-03
-23.750000 4.308068e-03
-23.500000 3.980582e-03
-23.250000 3.552634e-03
-23.000000 3.068314e-03
-22.750000 2.599243e-03
-22.500000 2.253437e-03
-22.250000 2.151171e-03
-22.000000 2.327344e-03
-21.750000 2.686691e-03
-21.500000 3.100673e-03
-21.250000 3.475680e-03
-21.000000 3.754692e-03
-20.750000 3.906533e-03
-20.500000 3.919693e-03
-20.250000 3.800202e-03
-20.000000 3.571942e-03
-19.750000 3.278609e-03
-19.500000 2.985825e-03
-19.250000 2.776887e-03
-19.000000 2.727345e-03
-18.750000 2.858879e-03
-18.500000 3.121831e-03
-18.250000 3.431837e-03
-18.000000 3.710318e-03
-17.750000 3.899387e-03
-17.500000 3.962602e-03
-17.250000 3.883236e-03
-17.000000 3.663750e-03
-16.750000 3.327466e-03
-16.500000 2.923675e-03
-16.250000 2.537241e-03
-16.000000 2.292794e-03
-15.750000 2.307593e-03
-15.500000 2.584654e-03
-15.250000 3.009990e-03
-15.000000 3.456528e-03
-14.750000 3.831970e-03
-14.500000 4.076160e-03
-14.250000 4.152517e-03
-14.000000 4.043300e-03
-13.750000 3.747552e-03
-13.500000 3.280376e-03
-13.250000 2.673518e-03
-13.000000 1.980204e-03
-12.750000 1.300820e-03
-12.500000 9.017665e-04
-12.250000 1.134519e-03
-12.000000 1.661909e-03
-11.750000 2.149368e-03
-11.500000 2.478675e-03
-11.250000 2.593436e-03
-11.000000 2.462691e-03
-10.750000 2.074437e-03
-10.500000 1.435886e-03
-10.250000 5.920689e-04
-10.000000 6.075437e-04
-9.750000 1.797954e-03
-9.500000 3.112547e-03
-9.250000 4.460014e-03
-9.000000 5.772113e-03
-8.750000 6.988034e-03
-8.500000 8.059473e-03
-8.250000 8.957939e-03
-8.000000 9.682789e-03
-7.750000 1.026869e-02
-7.500000 1.078955e-02
-7.250000 1.135329e-02
-7.000000 1.208088e-02
-6.750000 1.307000e-02
-6.500000 1.435861e-02
-6.250000 1.590946e-02
-6.000000 1.762078e-02
-5.750000 1.934983e-02
-5.500000 2.093493e-02
-5.250000 2.221142e-02
-5.000000 2.302234e-02
-4.750000 2.322628e-02
-4.500000 2.270389e-02
-4.250000 2.136357e-02
-4.000000 1.914712e-02
-3.750000 1.603630e-02
-3.500000 1.206705e-02
-3.250000 7.396353e-03
-3.000000 3.167720e-03
-2.750000 6.076105e-03
-2.500000 1.252456e-02
-2.250000 1.959820e-02
-2.000000 2.688201e-02
-1.750000 3.412603e-02
-1.500000 4.110463e-02
-1.250000 4.760373e-02
-1.000000 5.342378e-02
-0.750000 5.838595e-02
-0.500000 6.233844e-02
-0.250000 6.516230e-02
0.000000 6.677598e-02
0.250000 6.713852e-02
0.500000 6.625122e-02
0.750000 6.415749e-02
1.000000 6.094130e-02
1.250000 5.672392e-02
1.500000 5.165960e-02
1.750000 4.593035e-02
2.000000 3.974062e-02
2.250000 3.331324e-02
2.500000 2.688938e-02
2.750000 2.073990e-02
3.000000 1.520846e-02
3.250000 1.083676e-02
3.500000 8.527603e-03
3.750000 8.807235e-03
4.000000 1.056969e-02
4.250000 1.252674e-02
4.500000 1.410256e-02
4.750000 1.511096e-02
5.000000 1.552995e-02
5.250000 1.541926e-02
5.500000 1.488788e-02
5.750000 1.407701e-02
6.000000 1.314568e-02
6.250000 1.225207e-02
6.500000 1.152571e-02
6.750000 1.103415e-02
7.000000 1.076151e-02
7.250000 1.061888e-02
7.500000 1.048244e-02
7.750000 1.023390e-02
8.000000 9.784974e-03
8.250000 9.085639e-03
8.500000 8.123125e-03
8.750000 6.917710e-03
9.000000 5.519234e-03
9.250000 4.010429e-03
9.500000 2.544923e-03
9.750000 1.590007e-03
10.000000 2.026702e-03
10.250000 3.184038e-03
10.500000 4.342214e-03
10.750000 5.308648e-03
11.000000 6.011861e-03
11.250000 6.420135e-03
11.500000 6.525715e-03
11.750000 6.339896e-03
12.000000 5.890121e-03
12.250000 5.217191e-03
12.500000 4.372183e-03
12.750000 3.413102e-03
13.000000 2.401499e-03
13.250000 1.400151e-03
13.500000 4.858369e-04
13.750000 4.465898e-04
14.000000 1.101840e-03
14.250000 1.610815e-03
14.500000 1.946119e-03
14.750000 2.120023e-03
15.000000 2.173014e-03
15.250000 2.177792e-03
15.500000 2.234300e-03
15.750000 2.434007e-03
16.000000 2.805162e-03
16.250000 3.304482e-03
16.500000 3.858068e-03
16.750000 4.394051e-03
17.000000 4.853153e-03
17.250000 5.190060e-03
17.500000 5.373106e-03
17.750000 5.384022e-03
18.000000 5.217804e-03
18.250000 4.882629e-03
18.500000 4.399930e-03
18.750000 3.805264e-03
19.000000 3.151611e-03
19.250000 2.518783e-03
19.500000 2.031198e-03
19.750000 1.845701e-03
20.000000 2.006995e-03
20.250000 2.365037e-03
20.500000 2.750050e-03
20.750000 3.061064e-03
21.000000 3.246253e-03
21.250000 3.281448e-03
21.500000 3.160065e-03
21.750000 2.888485e-03
22.000000 2.483566e-03
22.250000 1.971377e-03
22.500000 1.388638e-03
22.750000 8.006691e-04
23.000000 4.736455e-04
23.250000 8.375293e-04
23.500000 1.388605e-03
23.750000 1.906532e-03
24.000000 2.342980e-03
24.250000 2.677402e-03
24.500000 2.901271e-03
24.750000 3.015363e-03
25.000000 3.028875e-03
25.250000 2.958676e-03
25.500000 2.828219e-03
25.750000 2.665713e-03
26.000000 2.500948e-03
26.250000 2.360133e-03
26.500000 2.259239e-03
26.750000 2.198820e-03
27.000000 2.164414e-03
27.250000 2.132984e-03
27.500000 2.081139e-03
27.750000 1.990996e-03
28.000000 1.852845e-03
28.250000 1.665804e-03
28.500000 1.437914e-03
28.750000 1.187097e-03
29.000000 9.450697e-04
29.250000 7.654332e-04
29.500000 7.156224e-04
29.750000 8.067907e-04
30.000000 9.708988e-04
30.250000 1.142082e-03
30.500000 1.284203e-03
30.750000 1.380191e-03
31.000000 1.423827e-03
31.250000 1.416016e-03
31.500000 1.362804e-03
31.750000 1.273846e-03
32.000000 1.160780e-03
32.250000 1.035251e-03
32.500000 9.065751e-04
32.750000 7.794352e-04
33.000000 6.525782e-04
33.250000 5.197363e-04
33.500000 3.736650e-04
33.750000 2.183534e-04
34.000000 1.563784e-04
34.250000 3.363165e-04
34.500000 5.996450e-04
34.750000 8.934726e-04
35.000000 1.198993e-03
35.250000 1.499605e-03
35.500000 1.778469e-03
35.750000 2.019033e-03
36.000000 2.206025e-03
36.250000 2.326488e-03
36.500000 2.370703e-03
36.750000 2.332949e-03
37.000000 2.212056e-03
37.250000 2.011766e-03
37.500000 1.741010e-03
37.750000 1.414445e-03
38.000000 1.054659e-03
38.250000 7.027103e-04
38.500000 4.688130e-04
38.750000 5.458452e-04
39.000000 8.177477e-04
39.250000 1.103975e-03
39.500000 1.343753e-03
39.750000 1.512780e-03
40.000000 1.599341e-03
40.250000 1.599738e-03
40.500000 1.517738e-03
40.750000 1.365630e-03
41.000000 1.167579e-03
41.250000 9.680817e-04
41.500000 8.445614e-04
41.750000 8.815092e-04
42.000000 1.073760e-03
42.250000 1.340653e-03
42.500000 1.614322e-03
42.750000 1.853326e-03
43.000000 2.031913e-03
43.250000 2.133874e-03
43.500000 2.150161e-03
43.750000 2.077968e-03
44.000000 1.920273e-03
44.250000 1.685525e-03
44.500000 1.387519e-03
44.750000 1.046243e-03
45.000000 6.937307e-04
45.250000 4.117132e-04
45.500000 4.257822e-04
45.750000 6.887500e-04
46.000000 9.765921e-04
46.250000 1.221970e-03
46.500000 1.400979e-03
46.750000 1.501735e-03
47.000000 1.519029e-03
47.250000 1.453020e-03
47.500000 1.308636e-03
47.750000 1.095023e-03
48.000000 8.248760e-04
48.250000 5.136419e-04
48.500000 1.787971e-04
48.750000 1.634975e-04
49.000000 4.922432e-04
49.250000 7.927798e-04
49.500000 1.050302e-03
49.750000 1.253135e-03
50.000000 1.393101e-03
