-50.000000 5.248375e-02
-49.750000 5.270611e-02
-49.500000 5.292782e-02
-49.250000 5.314886e-02
-49.000000 5.336922e-02
-48.750000 5.358891e-02
-48.500000 5.380791e-02
-48.250000 5.402621e-02
-48.000000 5.424381e-02
-47.750000 5.446070e-02
-47.500000 5.467688e-02
-47.250000 5.489234e-02
-47.000000 5.510706e-02
-46.750000 5.532106e-02
-46.500000 5.553431e-02
-46.250000 5.574682e-02
-46.000000 5.595856e-02
-45.750000 5.616955e-02
-45.500000 5.637977e-02
-45.250000 5.658922e-02
-45.000000 5.679789e-02
-44.750000 5.700576e-02
-44.500000 5.721285e-02
-44.250000 5.741913e-02
-44.000000 5.762461e-02
-43.750000 5.782927e-02
-43.500000 5.803312e-02
-43.250000 5.823614e-02
-43.000000 5.843833e-02
-42.750000 5.863967e-02
-42.500000 5.884018e-02
-42.250000 5.903983e-02
-42.000000 5.923863e-02
-41.750000 5.943656e-02
-41.500000 5.963363e-02
-41.250000 5.982981e-02
-41.000000 6.002512e-02
-40.750000 6.021954e-02
-40.500000 6.041306e-02
-40.250000 6.060569e-02
-40.000000 6.079741e-02
-39.750000 6.098821e-02
-39.500000 6.117810e-02
-39.250000 6.136707e-02
-39.000000 6.155510e-02
-38.750000 6.174220e-02
-38.500000 6.192836e-02
-38.250000 6.211357e-02
-38.000000 6.229783e-02
-37.750000 6.248113e-02
-37.500000 6.266346e-02
-37.250000 6.284482e-02
-37.000000 6.302521e-02
-36.750000 6.320462e-02
-36.500000 6.338304e-02
-36.250000 6.356046e-02
-36.000000 6.373689e-02
-35.750000 6.391232e-02
-35.500000 6.408673e-02
-35.250000 6.426013e-02
-35.000000 6.443251e-02
-34.750000 6.460386e-02
-34.500000 6.477419e-02
-34.250000 6.494347e-02
-34.000000 6.511172e-02
-33.750000 6.527892e-02
-33.500000 6.544506e-02
-33.250000 6.561015e-02
-33.000000 6.577417e-02
-32.750000 6.593713e-02
-32.500000 6.609902e-02
-32.250000 6.625982e-02
-32.000000 6.641955e-02
-31.750000 6.657818e-02
-31.500000 6.673572e-02
-31.250000 6.689217e-02
-31.000000 6.704751e-02
-30.750000 6.720174e-02
-30.500000 6.735486e-02
-30.250000 6.750687e-02
-30.000000 6.765775e-02
-29.750000 6.780750e-02
-29.500000 6.795612e-02
-29.250000 6.810361e-02
-29.000000 6.824996e-02
-28.750000 6.839515e-02
-28.500000 6.853920e-02
-28.250000 6.868210e-02
-28.000000 6.882383e-02
-27.750000 6.896440e-02
-27.500000 6.910381e-02
-27.250000 6.924204e-02
-27.000000 6.937909e-02
-26.750000 6.951497e-02
-26.500000 6.964965e-02
-26.250000 6.978315e-02
-26.000000 6.991545e-02
-25.750000 7.004656e-02
-25.500000 7.017646e-02
-25.250000 7.030516e-02
-25.000000 7.043265e-02
-24.750000 7.055892e-02
-24.500000 7.068397e-02
-24.250000 7.080781e-02
-24.000000 7.093041e-02
-23.750000 7.105179e-02
-23.500000 7.117193e-02
-23.250000 7.129083e-02
-23.000000 7.140849e-02
-22.750000 7.152491e-02
-22.500000 7.164008e-02
-22.250000 7.175400e-02
-22.000000 7.186666e-02
-21.750000 7.197806e-02
-21.500000 7.208819e-02
-21.250000 7.219706e-02
-21.000000 7.230466e-02
-20.750000 7.241099e-02
-20.500000 7.251604e-02
-20.250000 7.261981e-02
-20.000000 7.272230e-02
-19.750000 7.282350e-02
-19.500000 7.292341e-02
-19.250000 7.302203e-02
-19.000000 7.311935e-02
-18.750000 7.321537e-02
-18.500000 7.331009e-02
-18.250000 7.340351e-02
-18.000000 7.349561e-02
-17.750000 7.358641e-02
-17.500000 7.367589e-02
-17.250000 7.376406e-02
-17.000000 7.385090e-02
-16.750000 7.393643e-02
-16.500000 7.402062e-02
-16.250000 7.410349e-02
-16.000000 7.418504e-02
-15.750000 7.426524e-02
-15.500000 7.434412e-02
-15.250000 7.442165e-02
-15.000000 7.449785e-02
-14.750000 7.457270e-02
-14.500000 7.464620e-02
-14.250000 7.471836e-02
-14.000000 7.478917e-02
-13.750000 7.485863e-02
-13.500000 7.492674e-02
-13.250000 7.499348e-02
-13.000000 7.505887e-02
-12.750000 7.512290e-02
-12.500000 7.518557e-02
-12.250000 7.524687e-02
-12.000000 7.530681e-02
-11.750000 7.536538e-02
-11.500000 7.542257e-02
-11.250000 7.547840e-02
-11.000000 7.553285e-02
-10.750000 7.558593e-02
-10.500000 7.563763e-02
-10.250000 7.568795e-02
-10.000000 7.573689e-02
-9.750000 7.578445e-02
-9.500000 7.583063e-02
-9.250000 7.587542e-02
-9.000000 7.591883e-02
-8.750000 7.596085e-02
-8.500000 7.600148e-02
-8.250000 7.604072e-02
-8.000000 7.607856e-02
-7.750000 7.611502e-02
-7.500000 7.615008e-02
-7.250000 7.618375e-02
-7.000000 7.621602e-02
-6.750000 7.624690e-02
-6.500000 7.627637e-02
-6.250000 7.630445e-02
-6.000000 7.633113e-02
-5.750000 7.635641e-02
-5.500000 7.638029e-02
-5.250000 7.640277e-02
-5.000000 7.642384e-02
-4.750000 7.644351e-02
-4.500000 7.646177e-02
-4.250000 7.647864e-02
-4.000000 7.649409e-02
-3.750000 7.650814e-02
-3.500000 7.652079e-02
-3.250000 7.653203e-02
-3.000000 7.654186e-02
-2.750000 7.655029e-02
-2.500000 7.655731e-02
-2.250000 7.656292e-02
-2.000000 7.656712e-02
-1.750000 7.656992e-02
-1.500000 7.657131e-02
-1.250000 7.657129e-02
-1.000000 7.656986e-02
-0.750000 7.656703e-02
-0.500000 7.656279e-02
-0.250000 7.655714e-02
0.000000 7.655008e-02
0.250000 7.654162e-02
0.500000 7.653175e-02
0.750000 7.652047e-02
1.000000 7.650779e-02
1.250000 7.649371e-02
1.500000 7.647821e-02
1.750000 7.646132e-02
2.000000 7.644302e-02
2.250000 7.642331e-02
2.500000 7.640221e-02
2.750000 7.637970e-02
3.000000 7.635579e-02
3.250000 7.633048e-02
3.500000 7.630377e-02
3.750000 7.627566e-02
4.000000 7.624615e-02
4.250000 7.621525e-02
4.500000 7.618295e-02
4.750000 7.614925e-02
5.000000 7.611416e-02
5.250000 7.607768e-02
5.500000 7.603981e-02
5.750000 7.600055e-02
6.000000 7.595990e-02
6.250000 7.591786e-02
6.500000 7.587443e-02
6.750000 7.582962e-02
7.000000 7.578343e-02
7.250000 7.573585e-02
7.500000 7.568690e-02
7.750000 7.563656e-02
8.000000 7.558485e-02
8.250000 7.553176e-02
8.500000 7.547730e-02
8.750000 7.542147e-02
9.000000 7.536426e-02
9.250000 7.530569e-02
9.500000 7.524575e-02
9.750000 7.518445e-02
10.000000 7.512178e-02
10.250000 7.505775e-02
10.500000 7.499237e-02
10.750000 7.492562e-02
11.000000 7.485753e-02
11.250000 7.478808e-02
11.500000 7.471728e-02
11.750000 7.464513e-02
12.000000 7.457164e-02
12.250000 7.449681e-02
12.500000 7.442063e-02
12.750000 7.434312e-02
13.000000 7.426427e-02
13.250000 7.418409e-02
13.500000 7.410257e-02
13.750000 7.401973e-02
14.000000 7.393557e-02
14.250000 7.385008e-02
14.500000 7.376327e-02
14.750000 7.367514e-02
15.000000 7.358570e-02
15.250000 7.349495e-02
15.500000 7.340289e-02
15.750000 7.330953e-02
16.000000 7.321486e-02
16.250000 7.311889e-02
16.500000 7.302163e-02
16.750000 7.292307e-02
17.000000 7.282322e-02
17.250000 7.272208e-02
17.500000 7.261967e-02
17.750000 7.251597e-02
18.000000 7.241099e-02
18.250000 7.230474e-02
18.500000 7.219722e-02
18.750000 7.208843e-02
19.000000 7.197838e-02
19.250000 7.186707e-02
19.500000 7.175450e-02
19.750000 7.164068e-02
20.000000 7.152561e-02
20.250000 7.140929e-02
20.500000 7.129174e-02
20.750000 7.117294e-02
21.000000 7.105291e-02
21.250000 7.093165e-02
21.500000 7.080916e-02
21.750000 7.068545e-02
22.000000 7.056052e-02
22.250000 7.043438e-02
22.500000 7.030703e-02
22.750000 7.017846e-02
23.000000 7.004870e-02
23.250000 6.991774e-02
23.500000 6.978558e-02
23.750000 6.965224e-02
24.000000 6.951770e-02
24.250000 6.938199e-02
24.500000 6.924510e-02
24.750000 6.910703e-02
25.000000 6.896780e-02
25.250000 6.882740e-02
25.500000 6.868585e-02
25.750000 6.854313e-02
26.000000 6.839927e-02
26.250000 6.825426e-02
26.500000 6.810811e-02
26.750000 6.796083e-02
27.000000 6.781241e-02
27.250000 6.766286e-02
27.500000 6.751219e-02
27.750000 6.736041e-02
28.000000 6.720751e-02
28.250000 6.705350e-02
28.500000 6.689839e-02
28.750000 6.674218e-02
29.000000 6.658488e-02
29.250000 6.642649e-02
29.500000 6.626701e-02
29.750000 6.610646e-02
30.000000 6.594483e-02
30.250000 6.578214e-02
30.500000 6.561838e-02
30.750000 6.545357e-02
31.000000 6.528770e-02
31.250000 6.512079e-02
31.500000 6.495283e-02
31.750000 6.478384e-02
32.000000 6.461382e-02
32.250000 6.444277e-02
32.500000 6.427070e-02
32.750000 6.409761e-02
33.000000 6.392352e-02
33.250000 6.374842e-02
33.500000 6.357232e-02
33.750000 6.339523e-02
34.000000 6.321715e-02
34.250000 6.303809e-02
34.500000 6.285806e-02
34.750000 6.267705e-02
35.000000 6.249508e-02
35.250000 6.231215e-02
35.500000 6.212827e-02
35.750000 6.194344e-02
36.000000 6.175767e-02
36.250000 6.157096e-02
36.500000 6.138333e-02
36.750000 6.119477e-02
37.000000 6.100529e-02
37.250000 6.081490e-02
37.500000 6.062361e-02
37.750000 6.043141e-02
38.000000 6.023833e-02
38.250000 6.004435e-02
38.500000 5.984949e-02
38.750000 5.965376e-02
39.000000 5.945716e-02
39.250000 5.925969e-02
39.500000 5.906137e-02
39.750000 5.886220e-02
40.000000 5.866219e-02
40.250000 5.846133e-02
40.500000 5.825965e-02
40.750000 5.805714e-02
41.000000 5.785381e-02
41.250000 5.764967e-02
41.500000 5.744472e-02
41.750000 5.723897e-02
42.000000 5.703243e-02
42.250000 5.682511e-02
42.500000 5.661700e-02
42.750000 5.640812e-02
43.000000 5.619847e-02
43.250000 5.598807e-02
43.500000 5.577690e-02
43.750000 5.556500e-02
44.000000 5.535235e-02
44.250000 5.513897e-02
44.500000 5.492486e-02
44.750000 5.471003e-02
45.000000 5.449448e-02
45.250000 5.427823e-02
45.500000 5.406129e-02
45.750000 5.384364e-02
46.000000 5.362531e-02
46.250000 5.340630e-02
46.500000 5.318662e-02
46.750000 5.296628e-02
47.000000 5.274527e-02
47.250000 5.252361e-02
47.500000 5.230131e-02
47.750000 5.207837e-02
48.000000 5.185480e-02
48.250000 5.163060e-02
48.500000 5.140579e-02
48.750000 5.118037e-02
49.000000 5.095434e-02
49.250000 5.072772e-02
49.500000 5.050051e-02
49.750000 5.027272e-02
50.000000 5.004436e-02
