-50.000000 7.486260e-03
-49.750000 7.425081e-03
-49.500000 7.338486e-03
-49.250000 7.226441e-03
-49.000000 7.089038e-03
-48.750000 6.926498e-03
-48.500000 6.739170e-03
-48.250000 6.527531e-03
-48.000000 6.292182e-03
-47.750000 6.033850e-03
-47.500000 5.753381e-03
-47.250000 5.451742e-03
-47.000000 5.130018e-03
-46.750000 4.789407e-03
-46.500000 4.431222e-03
-46.250000 4.056892e-03
-46.000000 3.667968e-03
-45.750000 3.266135e-03
-45.500000 2.853249e-03
-45.250000 2.431412e-03
-45.000000 2.003157e-03
-44.750000 1.571964e-03
-44.500000 1.143922e-03
-44.250000 7.350389e-04
-44.000000 4.181054e-04
-43.750000 4.625116e-04
-43.500000 8.077842e-04
-43.250000 1.216037e-03
-43.000000 1.635287e-03
-42.750000 2.052820e-03
-42.500000 2.463321e-03
-42.250000 2.863573e-03
-42.000000 3.251156e-03
-41.750000 3.624043e-03
-41.500000 3.980441e-03
-41.250000 4.318733e-03
-41.000000 4.637456e-03
-40.750000 4.935288e-03
-40.500000 5.211054e-03
-40.250000 5.463731e-03
-40.000000 5.692455e-03
-39.750000 5.896529e-03
-39.500000 6.075442e-03
-39.250000 6.228874e-03
-39.000000 6.356712e-03
-38.750000 6.459069e-03
-38.500000 6.536296e-03
-38.250000 6.588999e-03
-38.000000 6.618066e-03
-37.750000 6.624679e-03
-37.500000 6.610343e-03
-37.250000 6.576910e-03
-37.000000 6.526602e-03
-36.750000 6.462034e-03
-36.500000 6.386237e-03
-36.250000 6.302668e-03
-36.000000 6.215210e-03
-35.750000 6.128145e-03
-35.500000 6.046103e-03
-35.250000 5.973961e-03
-35.000000 5.916692e-03
-34.750000 5.879161e-03
-34.500000 5.865871e-03
-34.250000 5.880684e-03
-34.000000 5.926550e-03
-33.750000 6.005289e-03
-33.500000 6.117468e-03
-33.250000 6.262384e-03
-33.000000 6.438167e-03
-32.750000 6.641958e-03
-32.500000 6.870139e-03
-32.250000 7.118567e-03
-32.000000 7.382792e-03
-31.750000 7.658231e-03
-31.500000 7.940304e-03
-31.250000 8.224534e-03
-31.000000 8.506603e-03
-30.750000 8.782400e-03
-30.500000 9.048039e-03
-30.250000 9.299871e-03
-30.000000 9.534492e-03
-29.750000 9.748740e-03
-29.500000 9.939700e-03
-29.250000 1.010470e-02
-29.000000 1.024133e-02
-28.750000 1.034740e-02
-28.500000 1.042100e-02
-28.250000 1.046047e-02
-28.000000 1.046441e-02
-27.750000 1.043172e-02
-27.500000 1.036158e-02
-27.250000 1.025347e-02
-27.000000 1.010722e-02
-26.750000 9.923011e-03
-26.500000 9.701430e-03
-26.250000 9.443501e-03
-26.000000 9.150760e-03
-25.750000 8.825340e-03
-25.500000 8.470084e-03
-25.250000 8.088706e-03
-25.000000 7.686011e-03
-24.750000 7.268190e-03
-24.500000 6.843226e-03
-24.250000 6.421402e-03
-24.000000 6.015920e-03
-23.750000 5.643473e-03
-23.500000 5.324481e-03
-23.250000 5.082366e-03
-23.000000 4.941063e-03
-22.750000 4.920535e-03
-22.500000 5.031636e-03
-22.250000 5.273192e-03
-22.000000 5.633250e-03
-21.750000 6.093386e-03
-21.500000 6.633289e-03
-21.250000 7.233769e-03
-21.000000 7.878040e-03
-20.750000 8.551901e-03
-20.500000 9.243421e-03
-20.250000 9.942496e-03
-20.000000 1.064043e-02
-19.750000 1.132960e-02
-19.500000 1.200320e-02
-19.250000 1.265506e-02
-19.000000 1.327953e-02
-18.750000 1.387134e-02
-18.500000 1.442560e-02
-18.250000 1.493770e-02
-18.000000 1.540334e-02
-17.750000 1.581847e-02
-17.500000 1.617931e-02
-17.250000 1.648236e-02
-17.000000 1.672437e-02
-16.750000 1.690240e-02
-16.500000 1.701382e-02
-16.250000 1.705632e-02
-16.000000 1.702797e-02
-15.750000 1.692722e-02
-15.500000 1.675299e-02
-15.250000 1.650470e-02
-15.000000 1.618236e-02
-14.750000 1.578669e-02
-14.500000 1.531926e-02
-14.250000 1.478267e-02
-14.000000 1.418088e-02
-13.750000 1.351962e-02
-13.500000 1.280696e-02
-13.250000 1.205425e-02
-13.000000 1.127739e-02
-12.750000 1.049875e-02
-12.500000 9.749636e-03
-12.250000 9.073194e-03
-12.000000 8.526325e-03
-11.750000 8.177398e-03
-11.500000 8.095334e-03
-11.250000 8.329980e-03
-11.000000 8.894944e-03
-10.750000 9.767227e-03
-10.500000 1.090264e-02
-10.250000 1.225288e-02
-10.000000 1.377523e-02
-9.750000 1.543522e-02
-9.500000 1.720596e-02
-9.250000 1.906638e-02
-9.000000 2.099970e-02
-8.750000 2.299208e-02
-8.500000 2.503180e-02
-8.250000 2.710858e-02
-8.000000 2.921317e-02
-7.750000 3.133705e-02
-7.500000 3.347225e-02
-7.250000 3.561119e-02
-7.000000 3.774658e-02
-6.750000 3.987140e-02
-6.500000 4.197881e-02
-6.250000 4.406216e-02
-6.000000 4.611497e-02
-5.750000 4.813091e-02
-5.500000 5.010381e-02
-5.250000 5.202768e-02
-5.000000 5.389667e-02
-4.750000 5.570514e-02
-4.500000 5.744762e-02
-4.250000 5.911887e-02
-4.000000 6.071383e-02
-3.750000 6.222770e-02
-3.500000 6.365591e-02
-3.250000 6.499414e-02
-3.000000 6.623834e-02
-2.750000 6.738475e-02
-2.500000 6.842988e-02
-2.250000 6.937055e-02
-2.000000 7.020390e-02
-1.750000 7.092737e-02
-1.500000 7.153875e-02
-1.250000 7.203615e-02
-1.000000 7.241801e-02
-0.750000 7.268314e-02
-0.500000 7.283069e-02
-0.250000 7.286015e-02
0.000000 7.277138e-02
0.250000 7.256457e-02
0.500000 7.224029e-02
0.750000 7.179944e-02
1.000000 7.124328e-02
1.250000 7.057339e-02
1.500000 6.979172e-02
1.750000 6.890052e-02
2.000000 6.790238e-02
2.250000 6.680020e-02
2.500000 6.559719e-02
2.750000 6.429683e-02
3.000000 6.290290e-02
3.250000 6.141945e-02
3.500000 5.985078e-02
3.750000 5.820143e-02
4.000000 5.647618e-02
4.250000 5.468000e-02
4.500000 5.281807e-02
4.750000 5.089577e-02
5.000000 4.891862e-02
5.250000 4.689229e-02
5.500000 4.482262e-02
5.750000 4.271554e-02
6.000000 4.057711e-02
6.250000 3.841350e-02
6.500000 3.623096e-02
6.750000 3.403586e-02
7.000000 3.183465e-02
7.250000 2.963392e-02
7.500000 2.744040e-02
7.750000 2.526106e-02
8.000000 2.310313e-02
8.250000 2.097432e-02
8.500000 1.888303e-02
8.750000 1.683879e-02
9.000000 1.485291e-02
9.250000 1.293968e-02
9.500000 1.111854e-02
9.750000 9.417901e-03
10.000000 7.882056e-03
10.250000 6.582260e-03
10.500000 5.627226e-03
10.750000 5.146048e-03
11.000000 5.204402e-03
11.250000 5.724767e-03
11.500000 6.544585e-03
11.750000 7.520091e-03
12.000000 8.557667e-03
12.250000 9.601843e-03
12.500000 1.061981e-02
12.750000 1.159154e-02
13.000000 1.250435e-02
13.250000 1.334997e-02
13.500000 1.412291e-02
13.750000 1.481951e-02
14.000000 1.543743e-02
14.250000 1.597531e-02
14.500000 1.643252e-02
14.750000 1.680904e-02
15.000000 1.710538e-02
15.250000 1.732247e-02
15.500000 1.746165e-02
15.750000 1.752458e-02
16.000000 1.751327e-02
16.250000 1.742999e-02
16.500000 1.727729e-02
16.750000 1.705797e-02
17.000000 1.677506e-02
17.250000 1.643178e-02
17.500000 1.603157e-02
17.750000 1.557804e-02
18.000000 1.507496e-02
18.250000 1.452628e-02
18.500000 1.393608e-02
18.750000 1.330861e-02
19.000000 1.264825e-02
19.250000 1.195954e-02
19.500000 1.124720e-02
19.750000 1.051615e-02
20.000000 9.771585e-03
20.250000 9.019023e-03
20.500000 8.264481e-03
20.750000 7.514663e-03
21.000000 6.777303e-03
21.250000 6.061672e-03
21.500000 5.379368e-03
21.750000 4.745457e-03
22.000000 4.179914e-03
22.250000 3.708763e-03
22.500000 3.362904e-03
22.750000 3.171153e-03
23.000000 3.146803e-03
23.250000 3.277281e-03
23.500000 3.528917e-03
23.750000 3.861997e-03
24.000000 4.242095e-03
24.250000 4.643427e-03
24.500000 5.047816e-03
24.750000 5.442649e-03
25.000000 5.819134e-03
25.250000 6.171075e-03
25.500000 6.494072e-03
25.750000 6.785011e-03
26.000000 7.041726e-03
26.250000 7.262790e-03
26.500000 7.447372e-03
26.750000 7.595138e-03
27.000000 7.706193e-03
27.250000 7.781030e-03
27.500000 7.820506e-03
27.750000 7.825819e-03
28.000000 7.798498e-03
28.250000 7.740397e-03
28.500000 7.653693e-03
28.750000 7.540893e-03
29.000000 7.404840e-03
29.250000 7.248724e-03
29.500000 7.076092e-03
29.750000 6.890867e-03
30.000000 6.697350e-03
30.250000 6.500221e-03
30.500000 6.304515e-03
30.750000 6.115576e-03
31.000000 5.938953e-03
31.250000 5.780250e-03
31.500000 5.644889e-03
31.750000 5.537819e-03
32.000000 5.463168e-03
32.250000 5.423898e-03
32.500000 5.421521e-03
32.750000 5.455956e-03
33.000000 5.525543e-03
33.250000 5.627235e-03
33.500000 5.756900e-03
33.750000 5.909683e-03
34.000000 6.080357e-03
34.250000 6.263614e-03
34.500000 6.454288e-03
34.750000 6.647494e-03
35.000000 6.838720e-03
35.250000 7.023864e-03
35.500000 7.199244e-03
35.750000 7.361589e-03
36.000000 7.508017e-03
36.250000 7.636019e-03
36.500000 7.743426e-03
36.750000 7.828392e-03
37.000000 7.889369e-03
37.250000 7.925086e-03
37.500000 7.934535e-03
37.750000 7.916953e-03
38.000000 7.871807e-03
38.250000 7.798784e-03
38.500000 7.697775e-03
38.750000 7.568869e-03
39.000000 7.412337e-03
39.250000 7.228629e-03
39.500000 7.018356e-03
39.750000 6.782289e-03
40.000000 6.521342e-03
40.250000 6.236570e-03
40.500000 5.929155e-03
40.750000 5.600398e-03
41.000000 5.251710e-03
41.250000 4.884605e-03
41.500000 4.500693e-03
41.750000 4.101668e-03
42.000000 3.689310e-03
42.250000 3.265483e-03
42.500000 2.832145e-03
42.750000 2.391385e-03
43.000000 1.945519e-03
43.250000 1.497375e-03
43.500000 1.051345e-03
43.750000 6.188663e-04
44.000000 2.766020e-04
44.250000 4.246345e-04
44.500000 8.259254e-04
44.750000 1.250352e-03
45.000000 1.673140e-03
45.250000 2.088108e-03
45.500000 2.492179e-03
45.750000 2.883185e-03
46.000000 3.259344e-03
46.250000 3.619093e-03
46.500000 3.961027e-03
46.750000 4.283875e-03
47.000000 4.586493e-03
47.250000 4.867858e-03
47.500000 5.127070e-03
47.750000 5.363353e-03
48.000000 5.576055e-03
48.250000 5.764655e-03
48.500000 5.928758e-03
48.750000 6.068103e-03
49.000000 6.182559e-03
49.250000 6.272130e-03
49.500000 6.336954e-03
49.750000 6.377303e-03
50.000000 6.393584e-03
