-50.000000 5.536490e-03
-49.750000 5.400479e-03
-49.500000 5.225790e-03
-49.250000 5.013299e-03
-49.000000 4.764281e-03
-48.750000 4.480414e-03
-48.500000 4.163782e-03
-48.250000 3.816898e-03
-48.000000 3.442745e-03
-47.750000 3.044877e-03
-47.500000 2.627628e-03
-47.250000 2.196634e-03
-47.000000 1.760164e-03
-46.750000 1.333053e-03
-46.500000 9.500663e-04
-46.250000 7.082071e-04
-46.000000 7.649551e-04
-45.750000 1.071933e-03
-45.500000 1.474177e-03
-45.250000 1.903323e-03
-45.000000 2.334214e-03
-44.750000 2.754991e-03
-44.500000 3.158462e-03
-44.250000 3.539441e-03
-44.000000 3.893807e-03
-43.750000 4.218133e-03
-43.500000 4.509526e-03
-43.250000 4.765563e-03
-43.000000 4.984264e-03
-42.750000 5.164087e-03
-42.500000 5.303928e-03
-42.250000 5.403130e-03
-42.000000 5.461485e-03
-41.750000 5.479245e-03
-41.500000 5.457125e-03
-41.250000 5.396308e-03
-41.000000 5.298445e-03
-40.750000 5.165664e-03
-40.500000 5.000573e-03
-40.250000 4.806266e-03
-40.000000 4.586339e-03
-39.750000 4.344915e-03
-39.500000 4.086680e-03
-39.250000 3.816933e-03
-39.000000 3.541665e-03
-38.750000 3.267644e-03
-38.500000 3.002494e-03
-38.250000 2.754714e-03
-38.000000 2.533490e-03
-37.750000 2.348104e-03
-37.500000 2.206709e-03
-37.250000 2.114484e-03
-37.000000 2.071795e-03
-36.750000 2.073450e-03
-36.500000 2.109715e-03
-36.250000 2.168553e-03
-36.000000 2.237856e-03
-35.750000 2.306888e-03
-35.500000 2.366888e-03
-35.250000 2.411149e-03
-35.000000 2.434881e-03
-34.750000 2.435051e-03
-34.500000 2.410280e-03
-34.250000 2.360845e-03
-34.000000 2.288818e-03
-33.750000 2.198356e-03
-33.500000 2.096174e-03
-33.250000 1.992161e-03
-33.000000 1.899925e-03
-32.750000 1.836621e-03
-32.500000 1.820963e-03
-32.250000 1.868754e-03
-32.000000 1.987686e-03
-31.750000 2.175298e-03
-31.500000 2.421561e-03
-31.250000 2.713274e-03
-31.000000 3.037240e-03
-30.750000 3.381607e-03
-30.500000 3.736074e-03
-30.250000 4.091682e-03
-30.000000 4.440532e-03
-29.750000 4.775552e-03
-29.500000 5.090340e-03
-29.250000 5.379069e-03
-29.000000 5.636440e-03
-28.750000 5.857663e-03
-28.500000 6.038466e-03
-28.250000 6.175117e-03
-28.000000 6.264459e-03
-27.750000 6.303952e-03
-27.500000 6.291731e-03
-27.250000 6.226666e-03
-27.000000 6.108448e-03
-26.750000 5.937695e-03
-26.500000 5.716096e-03
-26.250000 5.446629e-03
-26.000000 5.133875e-03
-25.750000 4.784535e-03
-25.500000 4.408231e-03
-25.250000 4.018813e-03
-25.000000 3.636350e-03
-24.750000 3.289758e-03
-24.500000 3.018745e-03
-24.250000 2.870613e-03
-24.000000 2.885774e-03
-23.750000 3.076797e-03
-23.500000 3.422510e-03
-23.250000 3.883869e-03
-23.000000 4.421793e-03
-22.750000 5.004558e-03
-22.500000 5.607940e-03
-22.250000 6.213300e-03
-22.000000 6.805789e-03
-21.750000 7.373113e-03
-21.500000 7.904770e-03
-21.250000 8.391605e-03
-21.000000 8.825567e-03
-20.750000 9.199582e-03
-20.500000 9.507523e-03
-20.250000 9.744214e-03
-20.000000 9.905494e-03
-19.750000 9.988299e-03
-19.500000 9.990792e-03
-19.250000 9.912529e-03
-19.000000 9.754685e-03
-18.750000 9.520357e-03
-18.500000 9.214996e-03
-18.250000 8.847000e-03
-18.000000 8.428562e-03
-17.750000 7.976837e-03
-17.500000 7.515469e-03
-17.250000 7.076289e-03
-17.000000 6.700447e-03
-16.750000 6.437192e-03
-16.500000 6.337643e-03
-16.250000 6.442656e-03
-16.000000 6.769865e-03
-15.750000 7.309251e-03
-15.500000 8.030283e-03
-15.250000 8.893759e-03
-15.000000 9.860688e-03
-14.750000 1.089627e-02
-14.500000 1.197062e-02
-14.250000 1.305816e-02
-14.000000 1.413671e-02
-13.750000 1.518670e-02
-13.500000 1.619057e-02
-13.250000 1.713238e-02
-13.000000 1.799763e-02
-12.750000 1.877312e-02
-12.500000 1.944690e-02
-12.250000 2.000836e-02
-12.000000 2.044834e-02
-11.750000 2.075924e-02
-11.500000 2.093529e-02
-11.250000 2.097285e-02
-11.000000 2.087074e-02
-10.750000 2.063082e-02
-10.500000 2.025866e-02
-10.250000 1.976447e-02
-10.000000 1.916440e-02
-9.750000 1.848225e-02
-9.500000 1.775170e-02
-9.250000 1.701891e-02
-9.000000 1.634502e-02
-8.750000 1.580717e-02
-8.500000 1.549524e-02
-8.250000 1.550164e-02
-8.000000 1.590389e-02
-7.750000 1.674667e-02
-7.500000 1.803372e-02
-7.250000 1.973410e-02
-7.000000 2.179680e-02
-6.750000 2.416438e-02
-6.500000 2.678145e-02
-6.250000 2.959808e-02
-6.000000 3.257034e-02
-5.750000 3.565960e-02
-5.500000 3.883148e-02
-5.250000 4.205489e-02
-5.000000 4.530127e-02
-4.750000 4.854403e-02
-4.500000 5.175814e-02
-4.250000 5.491990e-02
-4.000000 5.800676e-02
-3.750000 6.099728e-02
-3.500000 6.387105e-02
-3.250000 6.660870e-02
-3.000000 6.919198e-02
-2.750000 7.160375e-02
-2.500000 7.382808e-02
-2.250000 7.585028e-02
-2.000000 7.765702e-02
-1.750000 7.923632e-02
-1.500000 8.057770e-02
-1.250000 8.167215e-02
-1.000000 8.251226e-02
-0.750000 8.309221e-02
-0.500000 8.340784e-02
-0.250000 8.345665e-02
0.000000 8.323784e-02
0.250000 8.275232e-02
0.500000 8.200266e-02
0.750000 8.099316e-02
1.000000 7.972978e-02
1.250000 7.822009e-02
1.500000 7.647330e-02
1.750000 7.450015e-02
2.000000 7.231293e-02
2.250000 6.992535e-02
2.500000 6.735256e-02
2.750000 6.461108e-02
3.000000 6.171872e-02
3.250000 5.869461e-02
3.500000 5.555918e-02
3.750000 5.233418e-02
4.000000 4.904275e-02
4.250000 4.570958e-02
4.500000 4.236120e-02
4.750000 3.902633e-02
5.000000 3.573652e-02
5.250000 3.252706e-02
5.500000 2.943820e-02
5.750000 2.651682e-02
6.000000 2.381830e-02
6.250000 2.140794e-02
6.500000 1.936028e-02
6.750000 1.775303e-02
7.000000 1.665204e-02
7.250000 1.608838e-02
7.500000 1.603880e-02
7.750000 1.642572e-02
8.000000 1.713882e-02
8.250000 1.806283e-02
8.500000 1.909625e-02
8.750000 2.015818e-02
9.000000 2.118757e-02
9.250000 2.213977e-02
9.500000 2.298279e-02
9.750000 2.369422e-02
10.000000 2.425886e-02
10.250000 2.466714e-02
10.500000 2.491383e-02
10.750000 2.499726e-02
11.000000 2.491870e-02
11.250000 2.468189e-02
11.500000 2.429273e-02
11.750000 2.375902e-02
12.000000 2.309026e-02
12.250000 2.229754e-02
12.500000 2.139345e-02
12.750000 2.039203e-02
13.000000 1.930882e-02
13.250000 1.816095e-02
13.500000 1.696735e-02
13.750000 1.574907e-02
14.000000 1.452977e-02
14.250000 1.333637e-02
14.500000 1.219974e-02
14.750000 1.115523e-02
15.000000 1.024246e-02
15.250000 9.502982e-03
15.500000 8.974630e-03
15.750000 8.682405e-03
16.000000 8.629201e-03
16.250000 8.792520e-03
16.500000 9.130242e-03
16.750000 9.591692e-03
17.000000 1.012751e-02
17.250000 1.069508e-02
17.500000 1.126013e-02
17.750000 1.179612e-02
18.000000 1.228301e-02
18.250000 1.270597e-02
18.500000 1.305429e-02
18.750000 1.332054e-02
19.000000 1.349996e-02
19.250000 1.359001e-02
19.500000 1.359000e-02
19.750000 1.350086e-02
20.000000 1.332490e-02
20.250000 1.306572e-02
20.500000 1.272800e-02
20.750000 1.231747e-02
21.000000 1.184077e-02
21.250000 1.130547e-02
21.500000 1.071995e-02
21.750000 1.009348e-02
22.000000 9.436241e-03
22.250000 8.759406e-03
22.500000 8.075351e-03
22.750000 7.397887e-03
23.000000 6.742606e-03
23.250000 6.127220e-03
23.500000 5.571705e-03
23.750000 5.097778e-03
24.000000 4.726956e-03
24.250000 4.476542e-03
24.500000 4.354172e-03
24.750000 4.353772e-03
25.000000 4.456169e-03
25.250000 4.634368e-03
25.500000 4.859980e-03
25.750000 5.107648e-03
26.000000 5.356828e-03
26.250000 5.591844e-03
26.500000 5.801232e-03
26.750000 5.976941e-03
27.000000 6.113648e-03
27.250000 6.208216e-03
27.500000 6.259303e-03
27.750000 6.267071e-03
28.000000 6.232983e-03
28.250000 6.159650e-03
28.500000 6.050720e-03
28.750000 5.910797e-03
29.000000 5.745366e-03
29.250000 5.560725e-03
29.500000 5.363898e-03
29.750000 5.162513e-03
30.000000 4.964607e-03
30.250000 4.778328e-03
30.500000 4.611498e-03
30.750000 4.471038e-03
31.000000 4.362293e-03
31.250000 4.288375e-03
31.500000 4.249709e-03
31.750000 4.243917e-03
32.000000 4.266124e-03
32.250000 4.309574e-03
32.500000 4.366410e-03
32.750000 4.428419e-03
33.000000 4.487618e-03
33.250000 4.536662e-03
33.500000 4.569073e-03
33.750000 4.579349e-03
34.000000 4.562989e-03
34.250000 4.516473e-03
34.500000 4.437214e-03
34.750000 4.323510e-03
35.000000 4.174490e-03
35.250000 3.990075e-03
35.500000 3.770940e-03
35.750000 3.518506e-03
36.000000 3.234962e-03
36.250000 2.923344e-03
36.500000 2.587747e-03
36.750000 2.233805e-03
37.000000 1.869832e-03
37.250000 1.509653e-03
37.500000 1.179987e-03
37.750000 9.373726e-04
38.000000 8.756481e-04
38.250000 1.034647e-03
38.500000 1.337169e-03
38.750000 1.703433e-03
39.000000 2.092508e-03
39.250000 2.484303e-03
39.500000 2.867376e-03
39.750000 3.234092e-03
40.000000 3.578723e-03
40.250000 3.896653e-03
40.500000 4.184025e-03
40.750000 4.437578e-03
41.000000 4.654566e-03
41.250000 4.832722e-03
41.500000 4.970239e-03
41.750000 5.065762e-03
42.000000 5.118388e-03
42.250000 5.127655e-03
42.500000 5.093541e-03
42.750000 5.016455e-03
43.000000 4.897227e-03
43.250000 4.737093e-03
43.500000 4.537679e-03
43.750000 4.300980e-03
44.000000 4.029336e-03
44.250000 3.725409e-03
44.500000 3.392152e-03
44.750000 3.032779e-03
45.000000 2.650739e-03
45.250000 2.249685e-03
45.500000 1.833471e-03
45.750000 1.406180e-03
46.000000 9.723644e-04
46.250000 5.386249e-04
46.500000 1.466116e-04
46.750000 3.688907e-04
47.000000 7.854631e-04
47.250000 1.197812e-03
47.500000 1.596579e-03
47.750000 1.977413e-03
48.000000 2.336893e-03
48.250000 2.672047e-03
48.500000 2.980255e-03
48.750000 3.259241e-03
49.000000 3.507075e-03
49.250000 3.722189e-03
49.500000 3.903386e-03
49.750000 4.049855e-03
50.000000 4.161179e-03
