-50.000000 3.564430e-04
-49.750000 2.113066e-04
-49.500000 1.472461e-04
-49.250000 2.641054e-04
-49.000000 4.431820e-04
-48.750000 6.359539e-04
-48.500000 8.315229e-04
-48.250000 1.024560e-03
-48.000000 1.211053e-03
-47.750000 1.387495e-03
-47.500000 1.550690e-03
-47.250000 1.697716e-03
-47.000000 1.825938e-03
-46.750000 1.933035e-03
-46.500000 2.017034e-03
-46.250000 2.076342e-03
-46.000000 2.109773e-03
-45.750000 2.116579e-03
-45.500000 2.096463e-03
-45.250000 2.049599e-03
-45.000000 1.976641e-03
-44.750000 1.878732e-03
-44.500000 1.757513e-03
-44.250000 1.615142e-03
-44.000000 1.454336e-03
-43.750000 1.278471e-03
-43.500000 1.091820e-03
-43.250000 9.001496e-04
-43.000000 7.122575e-04
-42.750000 5.441421e-04
-42.500000 4.282170e-04
-42.250000 4.115632e-04
-42.000000 4.978864e-04
-41.750000 6.376935e-04
-41.500000 7.926778e-04
-41.250000 9.443361e-04
-41.000000 1.083263e-03
-40.750000 1.203866e-03
-40.500000 1.302421e-03
-40.250000 1.376343e-03
-40.000000 1.423912e-03
-39.750000 1.444165e-03
-39.500000 1.436884e-03
-39.250000 1.402635e-03
-39.000000 1.342870e-03
-38.750000 1.260112e-03
-38.500000 1.158312e-03
-38.250000 1.043517e-03
-38.000000 9.250948e-04
-37.750000 8.176994e-04
-37.500000 7.429663e-04
-37.250000 7.258958e-04
-37.000000 7.805805e-04
-36.750000 8.992570e-04
-36.500000 1.061752e-03
-36.250000 1.249019e-03
-36.000000 1.447158e-03
-35.750000 1.646415e-03
-35.500000 1.839690e-03
-35.250000 2.021561e-03
-35.000000 2.187766e-03
-34.750000 2.334928e-03
-34.500000 2.460437e-03
-34.250000 2.562384e-03
-34.000000 2.639549e-03
-33.750000 2.691400e-03
-33.500000 2.718106e-03
-33.250000 2.720553e-03
-33.000000 2.700361e-03
-32.750000 2.659904e-03
-32.500000 2.602321e-03
-32.250000 2.531518e-03
-32.000000 2.452147e-03
-31.750000 2.369526e-03
-31.500000 2.289480e-03
-31.250000 2.218029e-03
-31.000000 2.160913e-03
-30.750000 2.122944e-03
-30.500000 2.107305e-03
-30.250000 2.115010e-03
-30.000000 2.144724e-03
-29.750000 2.193041e-03
-29.500000 2.255101e-03
-29.250000 2.325308e-03
-29.000000 2.397967e-03
-28.750000 2.467724e-03
-28.500000 2.529825e-03
-28.250000 2.580231e-03
-28.000000 2.615646e-03
-27.750000 2.633496e-03
-27.500000 2.631884e-03
-27.250000 2.609539e-03
-27.000000 2.565761e-03
-26.750000 2.500372e-03
-26.500000 2.413667e-03
-26.250000 2.306383e-03
-26.000000 2.179664e-03
-25.750000 2.035051e-03
-25.500000 1.874495e-03
-25.250000 1.700407e-03
-25.000000 1.515794e-03
-24.750000 1.324536e-03
-24.500000 1.131979e-03
-24.250000 9.461879e-04
-24.000000 7.804560e-04
-23.750000 6.570758e-04
-23.500000 6.062290e-04
-23.250000 6.450123e-04
-23.000000 7.564924e-04
-22.750000 9.092338e-04
-22.500000 1.079687e-03
-22.250000 1.253910e-03
-22.000000 1.423637e-03
-21.750000 1.583607e-03
-21.500000 1.730268e-03
-21.250000 1.861194e-03
-21.000000 1.974850e-03
-20.750000 2.070541e-03
-20.500000 2.148443e-03
-20.250000 2.209697e-03
-20.000000 2.256528e-03
-19.750000 2.292366e-03
-19.500000 2.321913e-03
-19.250000 2.351117e-03
-19.000000 2.386939e-03
-18.750000 2.436856e-03
-18.500000 2.508071e-03
-18.250000 2.606545e-03
-18.000000 2.736093e-03
-17.750000 2.897821e-03
-17.500000 3.090073e-03
-17.250000 3.308806e-03
-17.000000 3.548202e-03
-16.750000 3.801294e-03
-16.500000 4.060486e-03
-16.250000 4.317934e-03
-16.000000 4.565813e-03
-15.750000 4.796501e-03
-15.500000 5.002711e-03
-15.250000 5.177608e-03
-15.000000 5.314910e-03
-14.750000 5.408986e-03
-14.500000 5.454964e-03
-14.250000 5.448840e-03
-14.000000 5.387599e-03
-13.750000 5.269356e-03
-13.500000 5.093539e-03
-13.250000 4.861126e-03
-13.000000 4.575009e-03
-12.750000 4.240584e-03
-12.500000 3.866765e-03
-12.250000 3.467819e-03
-12.000000 3.066665e-03
-11.750000 2.700322e-03
-11.500000 2.425915e-03
-11.250000 2.316253e-03
-11.000000 2.426040e-03
-10.750000 2.750590e-03
-10.500000 3.237542e-03
-10.250000 3.829191e-03
-10.000000 4.482023e-03
-9.750000 5.166221e-03
-9.500000 5.861027e-03
-9.250000 6.551283e-03
-9.000000 7.225455e-03
-8.750000 7.874595e-03
-8.500000 8.491822e-03
-8.250000 9.072075e-03
-8.000000 9.612022e-03
-7.750000 1.011003e-02
-7.500000 1.056618e-02
-7.250000 1.098221e-02
-7.000000 1.136154e-02
-6.750000 1.170916e-02
-6.500000 1.203144e-02
-6.250000 1.233593e-02
-6.000000 1.263104e-02
-5.750000 1.292554e-02
-5.500000 1.322814e-02
-5.250000 1.354686e-02
-5.000000 1.388852e-02
-4.750000 1.425824e-02
-4.500000 1.465904e-02
-4.250000 1.509161e-02
-4.000000 1.555428e-02
-3.750000 1.604312e-02
-3.500000 1.655221e-02
-3.250000 1.707401e-02
-3.000000 1.759975e-02
-2.750000 1.811984e-02
-2.500000 1.862429e-02
-2.250000 1.910303e-02
-2.000000 1.954624e-02
-1.750000 1.994456e-02
-1.500000 2.028935e-02
-1.250000 2.057278e-02
-1.000000 2.078800e-02
-0.750000 2.092918e-02
-0.500000 2.099161e-02
-0.250000 2.097168e-02
0.000000 2.086694e-02
0.250000 2.067608e-02
0.500000 2.039889e-02
0.750000 2.003625e-02
1.000000 1.959012e-02
1.250000 1.906343e-02
1.500000 1.846009e-02
1.750000 1.778492e-02
2.000000 1.704363e-02
2.250000 1.624273e-02
2.500000 1.538959e-02
2.750000 1.449235e-02
3.000000 1.356001e-02
3.250000 1.260249e-02
3.500000 1.163073e-02
3.750000 1.065695e-02
4.000000 9.695000e-03
4.250000 8.760855e-03
4.500000 7.873340e-03
4.750000 7.054928e-03
5.000000 6.332315e-03
5.250000 5.735823e-03
5.500000 5.295954e-03
5.750000 5.035668e-03
6.000000 4.960325e-03
6.250000 5.052284e-03
6.500000 5.275764e-03
6.750000 5.588307e-03
7.000000 5.950570e-03
7.250000 6.330786e-03
7.500000 6.705197e-03
7.750000 7.056828e-03
8.000000 7.373972e-03
8.250000 7.648915e-03
8.500000 7.876985e-03
8.750000 8.055863e-03
9.000000 8.185095e-03
9.250000 8.265719e-03
9.500000 8.299974e-03
9.750000 8.291060e-03
10.000000 8.242910e-03
10.250000 8.159980e-03
10.500000 8.047035e-03
10.750000 7.908936e-03
11.000000 7.750423e-03
11.250000 7.575898e-03
11.500000 7.389229e-03
11.750000 7.193570e-03
12.000000 6.991228e-03
12.250000 6.783574e-03
12.500000 6.571026e-03
12.750000 6.353098e-03
13.000000 6.128514e-03
13.250000 5.895382e-03
13.500000 5.651409e-03
13.750000 5.394129e-03
14.000000 5.121143e-03
14.250000 4.830336e-03
14.500000 4.520059e-03
14.750000 4.189285e-03
15.000000 3.837714e-03
15.250000 3.465850e-03
15.500000 3.075034e-03
15.750000 2.667471e-03
16.000000 2.246256e-03
16.250000 1.815485e-03
16.500000 1.380668e-03
16.750000 9.504470e-04
17.000000 5.464101e-04
17.250000 2.929345e-04
17.500000 4.910819e-04
17.750000 8.506200e-04
18.000000 1.215202e-03
18.250000 1.559541e-03
18.500000 1.874333e-03
18.750000 2.153837e-03
19.000000 2.393803e-03
19.250000 2.590992e-03
19.500000 2.743062e-03
19.750000 2.848555e-03
20.000000 2.906924e-03
20.250000 2.918567e-03
20.500000 2.884867e-03
20.750000 2.808253e-03
21.000000 2.692276e-03
21.250000 2.541740e-03
21.500000 2.362921e-03
21.750000 2.163942e-03
22.000000 1.955394e-03
22.250000 1.751256e-03
22.500000 1.569903e-03
22.750000 1.434015e-03
23.000000 1.366487e-03
23.250000 1.380601e-03
23.500000 1.471412e-03
23.750000 1.618954e-03
24.000000 1.799175e-03
24.250000 1.991332e-03
24.500000 2.179713e-03
24.750000 2.352864e-03
25.000000 2.502464e-03
25.250000 2.622476e-03
25.500000 2.708595e-03
25.750000 2.757911e-03
26.000000 2.768690e-03
26.250000 2.740230e-03
26.500000 2.672753e-03
26.750000 2.567322e-03
27.000000 2.425756e-03
27.250000 2.250558e-03
27.500000 2.044833e-03
27.750000 1.812212e-03
28.000000 1.556778e-03
28.250000 1.283001e-03
28.500000 9.957285e-04
28.750000 7.003750e-04
29.000000 4.043517e-04
29.250000 1.387673e-04
29.500000 2.348920e-04
29.750000 5.077776e-04
30.000000 7.774174e-04
30.250000 1.031675e-03
30.500000 1.265712e-03
30.750000 1.476095e-03
31.000000 1.660127e-03
31.250000 1.815718e-03
31.500000 1.941351e-03
31.750000 2.036075e-03
32.000000 2.099494e-03
32.250000 2.131748e-03
32.500000 2.133500e-03
32.750000 2.105901e-03
33.000000 2.050558e-03
33.250000 1.969502e-03
33.500000 1.865145e-03
33.750000 1.740245e-03
34.000000 1.597885e-03
34.250000 1.441462e-03
34.500000 1.274727e-03
34.750000 1.101906e-03
35.000000 9.280077e-04
35.250000 7.595479e-04
35.500000 6.061982e-04
35.750000 4.839852e-04
36.000000 4.172876e-04
36.250000 4.245052e-04
36.500000 4.923819e-04
36.750000 5.904113e-04
37.000000 6.964912e-04
37.250000 7.987958e-04
37.500000 8.911235e-04
37.750000 9.700713e-04
38.000000 1.033753e-03
38.250000 1.081229e-03
38.500000 1.112243e-03
38.750000 1.127099e-03
39.000000 1.126612e-03
39.250000 1.112102e-03
39.500000 1.085416e-03
39.750000 1.048982e-03
40.000000 1.005887e-03
40.250000 9.599439e-04
40.500000 9.157198e-04
40.750000 8.783984e-04
41.000000 8.533271e-04
41.250000 8.451454e-04
41.500000 8.566726e-04
41.750000 8.881047e-04
42.000000 9.370496e-04
42.250000 9.993416e-04
42.500000 1.070077e-03
42.750000 1.144388e-03
43.000000 1.217851e-03
43.250000 1.286622e-03
43.500000 1.347448e-03
43.750000 1.397631e-03
44.000000 1.434994e-03
44.250000 1.457861e-03
44.500000 1.465049e-03
44.750000 1.455888e-03
45.000000 1.430257e-03
45.250000 1.388649e-03
45.500000 1.332271e-03
45.750000 1.263200e-03
46.000000 1.184621e-03
46.250000 1.101170e-03
46.500000 1.019379e-03
46.750000 9.480496e-04
47.000000 8.980185e-04
47.250000 8.803344e-04
47.500000 9.025102e-04
47.750000 9.651211e-04
48.000000 1.062049e-03
48.250000 1.183866e-03
48.500000 1.321019e-03
48.750000 1.465259e-03
49.000000 1.609851e-03
49.250000 1.749342e-03
49.500000 1.879275e-03
49.750000 1.995981e-03
50.000000 2.096434e-03
