-50.000000 4.612202e-04
-49.750000 5.483859e-04
-49.500000 8.087619e-04
-49.250000 1.118454e-03
-49.000000 1.429588e-03
-48.750000 1.721434e-03
-48.500000 1.981308e-03
-48.250000 2.199875e-03
-48.000000 2.369875e-03
-47.750000 2.485779e-03
-47.500000 2.543725e-03
-47.250000 2.541535e-03
-47.000000 2.478753e-03
-46.750000 2.356663e-03
-46.500000 2.178306e-03
-46.250000 1.948496e-03
-46.000000 1.673915e-03
-45.750000 1.363500e-03
-45.500000 1.029919e-03
-45.250000 6.960051e-04
-45.000000 4.296907e-04
-44.750000 4.322808e-04
-44.500000 6.964184e-04
-44.250000 1.020759e-03
-44.000000 1.339272e-03
-43.750000 1.629691e-03
-43.500000 1.879723e-03
-43.250000 2.080817e-03
-43.000000 2.226733e-03
-42.750000 2.313163e-03
-42.500000 2.337635e-03
-42.250000 2.299485e-03
-42.000000 2.199828e-03
-41.750000 2.041510e-03
-41.500000 1.829032e-03
-41.250000 1.568473e-03
-41.000000 1.267489e-03
-40.750000 9.356921e-04
-40.500000 5.872624e-04
-40.250000 2.671798e-04
-40.000000 2.921300e-04
-39.750000 6.229496e-04
-39.500000 9.760278e-04
-39.250000 1.314382e-03
-39.000000 1.625833e-03
-38.750000 1.902640e-03
-38.500000 2.139296e-03
-38.250000 2.332180e-03
-38.000000 2.479531e-03
-37.750000 2.581465e-03
-37.500000 2.639966e-03
-37.250000 2.658814e-03
-37.000000 2.643416e-03
-36.750000 2.600522e-03
-36.500000 2.537782e-03
-36.250000 2.463114e-03
-36.000000 2.383879e-03
-35.750000 2.305930e-03
-35.500000 2.232709e-03
-35.250000 2.164639e-03
-35.000000 2.099057e-03
-34.750000 2.030786e-03
-34.500000 1.953204e-03
-34.250000 1.859565e-03
-34.000000 1.744374e-03
-33.750000 1.604797e-03
-33.500000 1.442413e-03
-33.250000 1.266073e-03
-33.000000 1.097259e-03
-32.750000 9.778971e-04
-32.500000 9.671894e-04
-32.250000 1.100138e-03
-32.000000 1.353759e-03
-31.750000 1.681704e-03
-31.500000 2.046697e-03
-31.250000 2.422893e-03
-31.000000 2.791227e-03
-30.750000 3.136422e-03
-30.500000 3.445656e-03
-30.250000 3.708124e-03
-30.000000 3.915004e-03
-29.750000 4.059622e-03
-29.500000 4.137724e-03
-29.250000 4.147796e-03
-29.000000 4.091455e-03
-28.750000 3.973905e-03
-28.500000 3.804520e-03
-28.250000 3.597563e-03
-28.000000 3.372977e-03
-27.750000 3.156877e-03
-27.500000 2.980599e-03
-27.250000 2.876308e-03
-27.000000 2.867984e-03
-26.750000 2.961463e-03
-26.500000 3.141607e-03
-26.250000 3.379185e-03
-26.000000 3.640834e-03
-25.750000 3.895669e-03
-25.500000 4.117798e-03
-25.250000 4.286628e-03
-25.000000 4.386455e-03
-24.750000 4.405995e-03
-24.500000 4.338025e-03
-24.250000 4.179154e-03
-24.000000 3.929670e-03
-23.750000 3.593464e-03
-23.500000 3.178072e-03
-23.250000 2.695025e-03
-23.000000 2.161155e-03
-22.750000 1.603398e-03
-22.500000 1.079151e-03
-22.250000 7.622283e-04
-22.000000 9.287576e-04
-21.750000 1.399482e-03
-21.500000 1.931065e-03
-21.250000 2.441230e-03
-21.000000 2.895682e-03
-20.750000 3.273964e-03
-20.500000 3.561924e-03
-20.250000 3.749885e-03
-20.000000 3.832317e-03
-19.750000 3.808038e-03
-19.500000 3.680734e-03
-19.250000 3.459888e-03
-19.000000 3.162488e-03
-18.750000 2.816299e-03
-18.500000 2.465865e-03
-18.250000 2.180603e-03
-18.000000 2.051937e-03
-17.750000 2.148394e-03
-17.500000 2.454953e-03
-17.250000 2.893812e-03
-17.000000 3.385645e-03
-16.750000 3.871475e-03
-16.500000 4.309239e-03
-16.250000 4.667830e-03
-16.000000 4.923568e-03
-15.750000 5.058526e-03
-15.500000 5.059841e-03
-15.250000 4.919508e-03
-15.000000 4.634401e-03
-14.750000 4.206457e-03
-14.500000 3.643135e-03
-14.250000 2.958772e-03
-14.000000 2.179645e-03
-13.750000 1.370203e-03
-13.500000 8.276799e-04
-13.250000 1.262288e-03
-13.000000 2.198733e-03
-12.750000 3.226940e-03
-12.500000 4.253291e-03
-12.250000 5.233778e-03
-12.000000 6.135562e-03
-11.750000 6.930652e-03
-11.500000 7.594804e-03
-11.250000 8.107643e-03
-11.000000 8.453118e-03
-10.750000 8.620022e-03
-10.500000 8.602481e-03
-10.250000 8.400395e-03
-10.000000 8.019808e-03
-9.750000 7.473259e-03
-9.500000 6.780195e-03
-9.250000 5.967720e-03
-9.000000 5.072224e-03
-8.750000 4.143417e-03
-8.500000 3.254437e-03
-8.250000 2.524267e-03
-8.000000 2.133719e-03
-7.750000 2.200447e-03
-7.500000 2.580486e-03
-7.250000 3.038384e-03
-7.000000 3.426609e-03
-6.750000 3.674562e-03
-6.500000 3.763087e-03
-6.250000 3.727881e-03
-6.000000 3.688324e-03
-5.750000 3.875609e-03
-5.500000 4.561103e-03
-5.250000 5.875047e-03
-5.000000 7.779640e-03
-4.750000 1.018785e-02
-4.500000 1.302340e-02
-4.250000 1.622371e-02
-4.000000 1.973224e-02
-3.750000 2.349313e-02
-3.500000 2.744861e-02
-3.250000 3.153804e-02
-3.000000 3.569793e-02
-2.750000 3.986257e-02
-2.500000 4.396489e-02
-2.250000 4.793760e-02
-2.000000 5.171438e-02
-1.750000 5.523116e-02
-1.500000 5.842738e-02
-1.250000 6.124721e-02
-1.000000 6.364071e-02
-0.750000 6.556491e-02
-0.500000 6.698464e-02
-0.250000 6.787339e-02
0.000000 6.821383e-02
0.250000 6.799820e-02
0.500000 6.722855e-02
0.750000 6.591673e-02
1.000000 6.408413e-02
1.250000 6.176131e-02
1.500000 5.898741e-02
1.750000 5.580938e-02
2.000000 5.228105e-02
2.250000 4.846210e-02
2.500000 4.441698e-02
2.750000 4.021368e-02
3.000000 3.592261e-02
3.250000 3.161555e-02
3.500000 2.736479e-02
3.750000 2.324269e-02
4.000000 1.932202e-02
4.250000 1.567785e-02
4.500000 1.239224e-02
4.750000 9.564136e-03
5.000000 7.324759e-03
5.250000 5.836266e-03
5.500000 5.188396e-03
5.750000 5.203438e-03
6.000000 5.504146e-03
6.250000 5.781739e-03
6.500000 5.871043e-03
6.750000 5.702031e-03
7.000000 5.255699e-03
7.250000 4.540990e-03
7.500000 3.584018e-03
7.750000 2.425129e-03
8.000000 1.142247e-03
8.250000 6.763780e-04
8.500000 2.067090e-03
8.750000 3.628177e-03
9.000000 5.194040e-03
9.250000 6.709812e-03
9.500000 8.132518e-03
9.750000 9.425227e-03
10.000000 1.055657e-02
10.250000 1.150099e-02
10.500000 1.223908e-02
10.750000 1.275785e-02
11.000000 1.305079e-02
11.250000 1.311791e-02
11.500000 1.296556e-02
11.750000 1.260623e-02
12.000000 1.205819e-02
12.250000 1.134515e-02
12.500000 1.049599e-02
12.750000 9.544620e-03
13.000000 8.530164e-03
13.250000 7.497678e-03
13.500000 6.499591e-03
13.750000 5.597420e-03
14.000000 4.861122e-03
14.250000 4.358494e-03
14.500000 4.126463e-03
14.750000 4.139538e-03
15.000000 4.315647e-03
15.250000 4.557848e-03
15.500000 4.786897e-03
15.750000 4.949032e-03
16.000000 5.011757e-03
16.250000 4.958020e-03
16.500000 4.781813e-03
16.750000 4.485228e-03
17.000000 4.076473e-03
17.250000 3.568473e-03
17.500000 2.977828e-03
17.750000 2.324143e-03
18.000000 1.630228e-03
18.250000 9.272462e-04
18.500000 3.393687e-04
18.750000 6.389291e-04
19.000000 1.268769e-03
19.250000 1.870417e-03
19.500000 2.406522e-03
19.750000 2.859983e-03
20.000000 3.219346e-03
20.250000 3.477014e-03
20.500000 3.628875e-03
20.750000 3.674167e-03
21.000000 3.615344e-03
21.250000 3.457894e-03
21.500000 3.210117e-03
21.750000 2.882867e-03
22.000000 2.489342e-03
22.250000 2.045083e-03
22.500000 1.568764e-03
22.750000 1.086339e-03
23.000000 6.540006e-04
23.250000 4.764945e-04
23.500000 7.342036e-04
23.750000 1.127724e-03
24.000000 1.514982e-03
24.250000 1.859976e-03
24.500000 2.148131e-03
24.750000 2.372144e-03
25.000000 2.529071e-03
25.250000 2.619592e-03
25.500000 2.647837e-03
25.750000 2.621426e-03
26.000000 2.551566e-03
26.250000 2.453134e-03
26.500000 2.344497e-03
26.750000 2.246560e-03
27.000000 2.180265e-03
27.250000 2.162159e-03
27.500000 2.199423e-03
27.750000 2.287568e-03
28.000000 2.412707e-03
28.250000 2.556545e-03
28.500000 2.700844e-03
28.750000 2.829954e-03
29.000000 2.931740e-03
29.250000 2.997678e-03
29.500000 3.022651e-03
29.750000 3.004667e-03
30.000000 2.944571e-03
30.250000 2.845770e-03
30.500000 2.713951e-03
30.750000 2.556763e-03
31.000000 2.383418e-03
31.250000 2.204149e-03
31.500000 2.029402e-03
31.750000 1.868656e-03
32.000000 1.728846e-03
32.250000 1.612689e-03
32.500000 1.517600e-03
32.750000 1.435960e-03
33.000000 1.356828e-03
33.250000 1.268346e-03
33.500000 1.159881e-03
33.750000 1.023438e-03
34.000000 8.545374e-04
34.250000 6.534669e-04
34.500000 4.307520e-04
34.750000 2.491098e-04
35.000000 3.368169e-04
35.250000 6.234600e-04
35.500000 9.595081e-04
35.750000 1.311180e-03
36.000000 1.663392e-03
36.250000 2.004412e-03
36.500000 2.323593e-03
36.750000 2.611063e-03
37.000000 2.857842e-03
37.250000 3.056055e-03
37.500000 3.199175e-03
37.750000 3.282243e-03
38.000000 3.302072e-03
38.250000 3.257424e-03
38.500000 3.149166e-03
38.750000 2.980450e-03
39.000000 2.756958e-03
39.250000 2.487347e-03
39.500000 2.184156e-03
39.750000 1.865773e-03
40.000000 1.560519e-03
40.250000 1.313394e-03
40.500000 1.186950e-03
40.750000 1.226983e-03
41.000000 1.411445e-03
41.250000 1.675451e-03
41.500000 1.963666e-03
41.750000 2.240877e-03
42.000000 2.485126e-03
42.250000 2.682054e-03
42.500000 2.822033e-03
42.750000 2.898814e-03
43.000000 2.908890e-03
43.250000 2.851157e-03
43.500000 2.726698e-03
43.750000 2.538617e-03
44.000000 2.291883e-03
44.250000 1.993179e-03
44.500000 1.650810e-03
44.750000 1.274820e-03
45.000000 8.781390e-04
45.250000 4.848376e-04
45.500000 2.365656e-04
45.750000 4.864857e-04
46.000000 8.628902e-04
46.250000 1.231222e-03
46.500000 1.569397e-03
46.750000 1.866517e-03
47.000000 2.114921e-03
47.250000 2.308972e-03
47.500000 2.444818e-03
47.750000 2.520341e-03
48.000000 2.535133e-03
48.250000 2.490455e-03
48.500000 2.389158e-03
48.750000 2.235569e-03
49.000000 2.035340e-03
49.250000 1.795275e-03
49.500000 1.523127e-03
49.750000 1.227412e-03
50.000000 9.173005e-04
