-50.000000 8.677730e-04
-49.750000 1.025407e-03
-49.500000 1.186296e-03
-49.250000 1.346172e-03
-49.000000 1.501677e-03
-48.750000 1.649995e-03
-48.500000 1.788669e-03
-48.250000 1.915522e-03
-48.000000 2.028611e-03
-47.750000 2.126219e-03
-47.500000 2.206850e-03
-47.250000 2.269239e-03
-47.000000 2.312358e-03
-46.750000 2.335425e-03
-46.500000 2.337920e-03
-46.250000 2.319589e-03
-46.000000 2.280453e-03
-45.750000 2.220820e-03
-45.500000 2.141285e-03
-45.250000 2.042744e-03
-45.000000 1.926405e-03
-44.750000 1.793800e-03
-44.500000 1.646826e-03
-44.250000 1.487803e-03
-44.000000 1.319605e-03
-43.750000 1.145913e-03
-43.500000 9.717513e-04
-43.250000 8.046225e-04
-43.000000 6.568285e-04
-42.750000 5.489007e-04
-42.500000 5.077143e-04
-42.250000 5.453176e-04
-42.000000 6.422798e-04
-41.750000 7.694165e-04
-41.500000 9.063658e-04
-41.250000 1.041337e-03
-41.000000 1.167296e-03
-40.750000 1.279664e-03
-40.500000 1.375227e-03
-40.250000 1.451625e-03
-40.000000 1.507108e-03
-39.750000 1.540425e-03
-39.500000 1.550765e-03
-39.250000 1.537733e-03
-39.000000 1.501344e-03
-38.750000 1.442032e-03
-38.500000 1.360673e-03
-38.250000 1.258643e-03
-38.000000 1.137930e-03
-37.750000 1.001384e-03
-37.500000 8.532884e-04
-37.250000 7.007629e-04
-37.000000 5.573888e-04
-36.750000 4.513322e-04
-36.500000 4.285677e-04
-36.250000 5.100212e-04
-36.000000 6.617955e-04
-35.750000 8.468623e-04
-35.500000 1.045285e-03
-35.250000 1.246723e-03
-35.000000 1.444940e-03
-34.750000 1.635563e-03
-34.500000 1.815205e-03
-34.250000 1.981114e-03
-34.000000 2.131021e-03
-33.750000 2.263093e-03
-33.500000 2.375916e-03
-33.250000 2.468508e-03
-33.000000 2.540340e-03
-32.750000 2.591368e-03
-32.500000 2.622065e-03
-32.250000 2.633466e-03
-32.000000 2.627209e-03
-31.750000 2.605587e-03
-31.500000 2.571592e-03
-31.250000 2.528953e-03
-31.000000 2.482142e-03
-30.750000 2.436324e-03
-30.500000 2.397192e-03
-30.250000 2.370666e-03
-30.000000 2.362414e-03
-29.750000 2.377233e-03
-29.500000 2.418440e-03
-29.250000 2.487436e-03
-29.000000 2.583606e-03
-28.750000 2.704577e-03
-28.500000 2.846703e-03
-28.250000 3.005622e-03
-28.000000 3.176720e-03
-27.750000 3.355470e-03
-27.500000 3.537641e-03
-27.250000 3.719390e-03
-27.000000 3.897310e-03
-26.750000 4.068417e-03
-26.500000 4.230140e-03
-26.250000 4.380284e-03
-26.000000 4.517003e-03
-25.750000 4.638766e-03
-25.500000 4.744332e-03
-25.250000 4.832723e-03
-25.000000 4.903203e-03
-24.750000 4.955262e-03
-24.500000 4.988602e-03
-24.250000 5.003134e-03
-24.000000 4.998972e-03
-23.750000 4.976444e-03
-23.500000 4.936101e-03
-23.250000 4.878743e-03
-23.000000 4.805440e-03
-22.750000 4.717574e-03
-22.500000 4.616875e-03
-22.250000 4.505475e-03
-22.000000 4.385946e-03
-21.750000 4.261350e-03
-21.500000 4.135257e-03
-21.250000 4.011739e-03
-21.000000 3.895311e-03
-20.750000 3.790779e-03
-20.500000 3.702998e-03
-20.250000 3.636500e-03
-20.000000 3.595040e-03
-19.750000 3.581111e-03
-19.500000 3.595550e-03
-19.250000 3.637325e-03
-19.000000 3.703581e-03
-18.750000 3.789906e-03
-18.500000 3.890745e-03
-18.250000 3.999854e-03
-18.000000 4.110698e-03
-17.750000 4.216776e-03
-17.500000 4.311839e-03
-17.250000 4.390046e-03
-17.000000 4.446054e-03
-16.750000 4.475082e-03
-16.500000 4.472956e-03
-16.250000 4.436146e-03
-16.000000 4.361810e-03
-15.750000 4.247842e-03
-15.500000 4.092940e-03
-15.250000 3.896712e-03
-15.000000 3.659836e-03
-14.750000 3.384339e-03
-14.500000 3.074101e-03
-14.250000 2.735830e-03
-14.000000 2.381036e-03
-13.750000 2.030165e-03
-13.500000 1.720696e-03
-13.250000 1.517527e-03
-13.000000 1.501715e-03
-12.750000 1.706244e-03
-12.500000 2.084859e-03
-12.250000 2.571815e-03
-12.000000 3.121113e-03
-11.750000 3.705035e-03
-11.500000 4.306070e-03
-11.250000 4.911969e-03
-11.000000 5.513310e-03
-10.750000 6.102344e-03
-10.500000 6.672450e-03
-10.250000 7.217883e-03
-10.000000 7.733676e-03
-9.750000 8.215616e-03
-9.500000 8.660265e-03
-9.250000 9.065003e-03
-9.000000 9.428079e-03
-8.750000 9.748672e-03
-8.500000 1.002694e-02
-8.250000 1.026408e-02
-8.000000 1.046236e-02
-7.750000 1.062513e-02
-7.500000 1.075683e-02
-7.250000 1.086295e-02
-7.000000 1.094995e-02
-6.750000 1.102508e-02
-6.500000 1.109622e-02
-6.250000 1.117158e-02
-6.000000 1.125932e-02
-5.750000 1.136715e-02
-5.500000 1.150190e-02
-5.250000 1.166907e-02
-5.000000 1.187248e-02
-4.750000 1.211404e-02
-4.500000 1.239363e-02
-4.250000 1.270918e-02
-4.000000 1.305686e-02
-3.750000 1.343135e-02
-3.500000 1.382620e-02
-3.250000 1.423419e-02
-3.000000 1.464767e-02
-2.750000 1.505880e-02
-2.500000 1.545987e-02
-2.250000 1.584343e-02
-2.000000 1.620247e-02
-1.750000 1.653048e-02
-1.500000 1.682160e-02
-1.250000 1.707060e-02
-1.000000 1.727294e-02
-0.750000 1.742476e-02
-0.500000 1.752290e-02
-0.250000 1.756491e-02
0.000000 1.754897e-02
0.250000 1.747393e-02
0.500000 1.733925e-02
0.750000 1.714498e-02
1.000000 1.689173e-02
1.250000 1.658062e-02
1.500000 1.621325e-02
1.750000 1.579169e-02
2.000000 1.531841e-02
2.250000 1.479624e-02
2.500000 1.422837e-02
2.750000 1.361830e-02
3.000000 1.296981e-02
3.250000 1.228692e-02
3.500000 1.157390e-02
3.750000 1.083522e-02
4.000000 1.007557e-02
4.250000 9.299840e-03
4.500000 8.513143e-03
4.750000 7.720872e-03
5.000000 6.928782e-03
5.250000 6.143167e-03
5.500000 5.371185e-03
5.750000 4.621463e-03
6.000000 3.905269e-03
6.250000 3.238815e-03
6.500000 2.647677e-03
6.750000 2.173911e-03
7.000000 1.879448e-03
7.250000 1.819319e-03
7.500000 1.981964e-03
7.750000 2.291264e-03
8.000000 2.671203e-03
8.250000 3.073498e-03
8.500000 3.471393e-03
8.750000 3.850256e-03
9.000000 4.202019e-03
9.250000 4.522354e-03
9.500000 4.809256e-03
9.750000 5.062296e-03
10.000000 5.282204e-03
10.250000 5.470610e-03
10.500000 5.629861e-03
10.750000 5.762875e-03
11.000000 5.872994e-03
11.250000 5.963844e-03
11.500000 6.039172e-03
11.750000 6.102678e-03
12.000000 6.157835e-03
12.250000 6.207708e-03
12.500000 6.254788e-03
12.750000 6.300855e-03
13.000000 6.346873e-03
13.250000 6.392946e-03
13.500000 6.438328e-03
13.750000 6.481483e-03
14.000000 6.520202e-03
14.250000 6.551744e-03
14.500000 6.573007e-03
14.750000 6.580697e-03
15.000000 6.571493e-03
15.250000 6.542205e-03
15.500000 6.489902e-03
15.750000 6.412029e-03
16.000000 6.306494e-03
16.250000 6.171743e-03
16.500000 6.006808e-03
16.750000 5.811353e-03
17.000000 5.585693e-03
17.250000 5.330817e-03
17.500000 5.048405e-03
17.750000 4.740842e-03
18.000000 4.411247e-03
18.250000 4.063534e-03
18.500000 3.702507e-03
18.750000 3.334049e-03
19.000000 2.965452e-03
19.250000 2.605980e-03
19.500000 2.267772e-03
19.750000 1.967064e-03
20.000000 1.725024e-03
20.250000 1.565653e-03
20.500000 1.506867e-03
20.750000 1.547642e-03
21.000000 1.665870e-03
21.250000 1.830892e-03
21.500000 2.015595e-03
21.750000 2.200136e-03
22.000000 2.370933e-03
22.250000 2.518789e-03
22.500000 2.637461e-03
22.750000 2.722745e-03
23.000000 2.771916e-03
23.250000 2.783400e-03
23.500000 2.756564e-03
23.750000 2.691578e-03
24.000000 2.589325e-03
24.250000 2.451329e-03
24.500000 2.279713e-03
24.750000 2.077162e-03
25.000000 1.846939e-03
25.250000 1.592954e-03
25.500000 1.320039e-03
25.750000 1.034789e-03
26.000000 7.485407e-04
26.250000 4.903998e-04
26.500000 3.616593e-04
26.750000 4.898237e-04
27.000000 7.520291e-04
27.250000 1.046240e-03
27.500000 1.343224e-03
27.750000 1.631889e-03
28.000000 1.906014e-03
28.250000 2.161212e-03
28.500000 2.394044e-03
28.750000 2.601720e-03
29.000000 2.781987e-03
29.250000 2.933078e-03
29.500000 3.053696e-03
29.750000 3.142997e-03
30.000000 3.200583e-03
30.250000 3.226488e-03
30.500000 3.221166e-03
30.750000 3.185469e-03
31.000000 3.120629e-03
31.250000 3.028234e-03
31.500000 2.910198e-03
31.750000 2.768742e-03
32.000000 2.606369e-03
32.250000 2.425845e-03
32.500000 2.230199e-03
32.750000 2.022738e-03
33.000000 1.807110e-03
33.250000 1.587441e-03
33.500000 1.368631e-03
33.750000 1.156944e-03
34.000000 9.611742e-04
34.250000 7.946627e-04
34.500000 6.772216e-04
34.750000 6.307942e-04
35.000000 6.618438e-04
35.250000 7.514527e-04
35.500000 8.725038e-04
35.750000 1.004934e-03
36.000000 1.136763e-03
36.250000 1.261074e-03
36.500000 1.373774e-03
36.750000 1.472386e-03
37.000000 1.555430e-03
37.250000 1.622103e-03
37.500000 1.672104e-03
37.750000 1.705532e-03
38.000000 1.722837e-03
38.250000 1.724786e-03
38.500000 1.712455e-03
38.750000 1.687228e-03
39.000000 1.650815e-03
39.250000 1.605273e-03
39.500000 1.553043e-03
39.750000 1.496983e-03
40.000000 1.440381e-03
40.250000 1.386937e-03
40.500000 1.340644e-03
40.750000 1.305540e-03
41.000000 1.285295e-03
41.250000 1.282673e-03
41.500000 1.299040e-03
41.750000 1.334109e-03
42.000000 1.386043e-03
42.250000 1.451859e-03
42.500000 1.527935e-03
42.750000 1.610467e-03
43.000000 1.695764e-03
43.250000 1.780422e-03
43.500000 1.861388e-03
43.750000 1.935977e-03
44.000000 2.001861e-03
44.250000 2.057054e-03
44.500000 2.099895e-03
44.750000 2.129040e-03
45.000000 2.143458e-03
45.250000 2.142432e-03
45.500000 2.125568e-03
45.750000 2.092808e-03
46.000000 2.044448e-03
46.250000 1.981172e-03
46.500000 1.904087e-03
46.750000 1.814784e-03
47.000000 1.715419e-03
47.250000 1.608832e-03
47.500000 1.498707e-03
47.750000 1.389765e-03
48.000000 1.287949e-03
48.250000 1.200454e-03
48.500000 1.135281e-03
48.750000 1.099952e-03
49.000000 1.099409e-03
49.250000 1.134141e-03
49.500000 1.200001e-03
49.750000 1.289846e-03
50.000000 1.395672e-03
