-50.000000 1.910237e-03
-49.750000 1.867798e-03
-49.500000 1.822174e-03
-49.250000 1.774653e-03
-49.000000 1.726400e-03
-48.750000 1.678386e-03
-48.500000 1.631328e-03
-48.250000 1.585655e-03
-48.000000 1.541503e-03
-47.750000 1.498739e-03
-47.500000 1.457038e-03
-47.250000 1.415973e-03
-47.000000 1.375152e-03
-46.750000 1.334358e-03
-46.500000 1.293703e-03
-46.250000 1.253780e-03
-46.000000 1.215788e-03
-45.750000 1.181628e-03
-45.500000 1.153901e-03
-45.250000 1.135780e-03
-45.000000 1.130670e-03
-44.750000 1.141687e-03
-44.500000 1.171029e-03
-44.250000 1.219494e-03
-44.000000 1.286316e-03
-43.750000 1.369373e-03
-43.500000 1.465610e-03
-43.250000 1.571502e-03
-43.000000 1.683402e-03
-42.750000 1.797778e-03
-42.500000 1.911342e-03
-42.250000 2.021124e-03
-42.000000 2.124507e-03
-41.750000 2.219255e-03
-41.500000 2.303535e-03
-41.250000 2.375941e-03
-41.000000 2.435517e-03
-40.750000 2.481787e-03
-40.500000 2.514776e-03
-40.250000 2.535036e-03
-40.000000 2.543660e-03
-39.750000 2.542292e-03
-39.500000 2.533117e-03
-39.250000 2.518818e-03
-39.000000 2.502509e-03
-38.750000 2.487602e-03
-38.500000 2.477624e-03
-38.250000 2.475970e-03
-38.000000 2.485617e-03
-37.750000 2.508834e-03
-37.500000 2.546950e-03
-37.250000 2.600228e-03
-37.000000 2.667870e-03
-36.750000 2.748160e-03
-36.500000 2.838687e-03
-36.250000 2.936604e-03
-36.000000 3.038878e-03
-35.750000 3.142499e-03
-35.500000 3.244635e-03
-35.250000 3.342744e-03
-35.000000 3.434631e-03
-34.750000 3.518492e-03
-34.500000 3.592913e-03
-34.250000 3.656865e-03
-34.000000 3.709678e-03
-33.750000 3.751003e-03
-33.500000 3.780773e-03
-33.250000 3.799144e-03
-33.000000 3.806447e-03
-32.750000 3.803122e-03
-32.500000 3.789663e-03
-32.250000 3.766560e-03
-32.000000 3.734248e-03
-31.750000 3.693065e-03
-31.500000 3.643222e-03
-31.250000 3.584782e-03
-31.000000 3.517664e-03
-30.750000 3.441643e-03
-30.500000 3.356388e-03
-30.250000 3.261486e-03
-30.000000 3.156499e-03
-29.750000 3.041008e-03
-29.500000 2.914674e-03
-29.250000 2.777294e-03
-29.000000 2.628868e-03
-28.750000 2.469658e-03
-28.500000 2.300275e-03
-28.250000 2.121777e-03
-28.000000 1.935835e-03
-27.750000 1.744988e-03
-27.500000 1.553101e-03
-27.250000 1.366174e-03
-27.000000 1.193717e-03
-26.750000 1.050646e-03
-26.500000 9.581867e-04
-26.250000 9.388649e-04
-26.000000 1.003170e-03
-25.750000 1.141984e-03
-25.500000 1.336161e-03
-25.250000 1.568437e-03
-25.000000 1.827037e-03
-24.750000 2.104680e-03
-24.500000 2.396958e-03
-24.250000 2.701168e-03
-24.000000 3.015588e-03
-23.750000 3.339025e-03
-23.500000 3.670532e-03
-23.250000 4.009209e-03
-23.000000 4.354067e-03
-22.750000 4.703937e-03
-22.500000 5.057398e-03
-22.250000 5.412745e-03
-22.000000 5.767969e-03
-21.750000 6.120770e-03
-21.500000 6.468577e-03
-21.250000 6.808589e-03
-21.000000 7.137834e-03
-20.750000 7.453228e-03
-20.500000 7.751652e-03
-20.250000 8.030029e-03
-20.000000 8.285404e-03
-19.750000 8.515023e-03
-19.500000 8.716416e-03
-19.250000 8.887464e-03
-19.000000 9.026470e-03
-18.750000 9.132212e-03
-18.500000 9.203995e-03
-18.250000 9.241680e-03
-18.000000 9.245700e-03
-17.750000 9.217065e-03
-17.500000 9.157340e-03
-17.250000 9.068606e-03
-17.000000 8.953396e-03
-16.750000 8.814614e-03
-16.500000 8.655418e-03
-16.250000 8.479098e-03
-16.000000 8.288921e-03
-15.750000 8.087974e-03
-15.500000 7.878996e-03
-15.250000 7.664228e-03
-15.000000 7.445283e-03
-14.750000 7.223052e-03
-14.500000 6.997672e-03
-14.250000 6.768558e-03
-14.000000 6.534511e-03
-13.750000 6.293901e-03
-13.500000 6.044929e-03
-13.250000 5.785959e-03
-13.000000 5.515919e-03
-12.750000 5.234792e-03
-12.500000 4.944194e-03
-12.250000 4.648099e-03
-12.000000 4.353720e-03
-11.750000 4.072545e-03
-11.500000 3.821326e-03
-11.250000 3.622392e-03
-11.000000 3.502027e-03
-10.750000 3.485529e-03
-10.500000 3.589592e-03
-10.250000 3.816362e-03
-10.000000 4.153737e-03
-9.750000 4.581025e-03
-9.500000 5.075137e-03
-9.250000 5.614315e-03
-9.000000 6.179422e-03
-8.750000 6.753960e-03
-8.500000 7.323670e-03
-8.250000 7.876116e-03
-8.000000 8.400362e-03
-7.750000 8.886786e-03
-7.500000 9.326977e-03
-7.250000 9.713707e-03
-7.000000 1.004095e-02
-6.750000 1.030395e-02
-6.500000 1.049924e-02
-6.250000 1.062481e-02
-6.000000 1.068012e-02
-5.750000 1.066622e-02
-5.500000 1.058589e-02
-5.250000 1.044369e-02
-5.000000 1.024608e-02
-4.750000 1.000155e-02
-4.500000 9.720625e-03
-4.250000 9.415947e-03
-4.000000 9.102155e-03
-3.750000 8.795608e-03
-3.500000 8.513791e-03
-3.250000 8.274293e-03
-3.000000 8.093291e-03
-2.750000 7.983684e-03
-2.500000 7.953226e-03
-2.250000 8.003230e-03
-2.000000 8.128309e-03
-1.750000 8.317286e-03
-1.500000 8.554907e-03
-1.250000 8.823805e-03
-1.000000 9.106248e-03
-0.750000 9.385408e-03
-0.500000 9.646167e-03
-0.250000 9.875560e-03
0.000000 1.006297e-02
0.250000 1.020018e-02
0.500000 1.028141e-02
0.750000 1.030326e-02
1.000000 1.026472e-02
1.250000 1.016715e-02
1.500000 1.001436e-02
1.750000 9.812598e-03
2.000000 9.570635e-03
2.250000 9.299821e-03
2.500000 9.014072e-03
2.750000 8.729723e-03
3.000000 8.465114e-03
3.250000 8.239750e-03
3.500000 8.072878e-03
3.750000 7.981512e-03
4.000000 7.978179e-03
4.250000 8.069007e-03
4.500000 8.252850e-03
4.750000 8.521783e-03
5.000000 8.862747e-03
5.250000 9.259690e-03
5.500000 9.695574e-03
5.750000 1.015387e-02
6.000000 1.061952e-02
6.250000 1.107935e-02
6.500000 1.152233e-02
6.750000 1.193950e-02
7.000000 1.232386e-02
7.250000 1.267028e-02
7.500000 1.297528e-02
7.750000 1.323689e-02
8.000000 1.345444e-02
8.250000 1.362842e-02
8.500000 1.376024e-02
8.750000 1.385210e-02
9.000000 1.390673e-02
9.250000 1.392726e-02
9.500000 1.391697e-02
9.750000 1.387912e-02
10.000000 1.381680e-02
10.250000 1.373276e-02
10.500000 1.362927e-02
10.750000 1.350808e-02
11.000000 1.337036e-02
11.250000 1.321668e-02
11.500000 1.304706e-02
11.750000 1.286106e-02
12.000000 1.265785e-02
12.250000 1.243639e-02
12.500000 1.219551e-02
12.750000 1.193409e-02
13.000000 1.165120e-02
13.250000 1.134618e-02
13.500000 1.101880e-02
13.750000 1.066927e-02
14.000000 1.029837e-02
14.250000 9.907414e-03
14.500000 9.498265e-03
14.750000 9.073331e-03
15.000000 8.635494e-03
15.250000 8.188047e-03
15.500000 7.734599e-03
15.750000 7.278968e-03
16.000000 6.825047e-03
16.250000 6.376671e-03
16.500000 5.937457e-03
16.750000 5.510649e-03
17.000000 5.098955e-03
17.250000 4.704399e-03
17.500000 4.328196e-03
17.750000 3.970661e-03
18.000000 3.631177e-03
18.250000 3.308239e-03
18.500000 2.999570e-03
18.750000 2.702321e-03
19.000000 2.413335e-03
19.250000 2.129459e-03
19.500000 1.847906e-03
19.750000 1.566668e-03
20.000000 1.285127e-03
20.250000 1.005329e-03
20.500000 7.357108e-04
20.750000 5.052128e-04
21.000000 4.056742e-04
21.250000 5.280499e-04
21.500000 7.765141e-04
21.750000 1.065578e-03
22.000000 1.366378e-03
22.250000 1.667285e-03
22.500000 1.961594e-03
22.750000 2.244356e-03
23.000000 2.511445e-03
23.250000 2.759277e-03
23.500000 2.984729e-03
23.750000 3.185147e-03
24.000000 3.358374e-03
24.250000 3.502791e-03
24.500000 3.617352e-03
24.750000 3.701619e-03
25.000000 3.755782e-03
25.250000 3.780672e-03
25.500000 3.777769e-03
25.750000 3.749190e-03
26.000000 3.697673e-03
26.250000 3.626538e-03
26.500000 3.539639e-03
26.750000 3.441281e-03
27.000000 3.336112e-03
27.250000 3.228968e-03
27.500000 3.124661e-03
27.750000 3.027718e-03
28.000000 2.942068e-03
28.250000 2.870715e-03
28.500000 2.815459e-03
28.750000 2.776723e-03
29.000000 2.753551e-03
29.250000 2.743789e-03
29.500000 2.744414e-03
29.750000 2.751932e-03
30.000000 2.762784e-03
30.250000 2.773671e-03
30.500000 2.781814e-03
30.750000 2.785097e-03
31.000000 2.782155e-03
31.250000 2.772381e-03
31.500000 2.755901e-03
31.750000 2.733494e-03
32.000000 2.706499e-03
32.250000 2.676671e-03
32.500000 2.646026e-03
32.750000 2.616645e-03
33.000000 2.590475e-03
33.250000 2.569124e-03
33.500000 2.553681e-03
33.750000 2.544587e-03
34.000000 2.541572e-03
34.250000 2.543683e-03
34.500000 2.549377e-03
34.750000 2.556676e-03
35.000000 2.563347e-03
35.250000 2.567092e-03
35.500000 2.565713e-03
35.750000 2.557249e-03
36.000000 2.540087e-03
36.250000 2.513028e-03
36.500000 2.475336e-03
36.750000 2.426756e-03
37.000000 2.367516e-03
37.250000 2.298309e-03
37.500000 2.220265e-03
37.750000 2.134905e-03
38.000000 2.044089e-03
38.250000 1.949938e-03
38.500000 1.854749e-03
38.750000 1.760885e-03
39.000000 1.670636e-03
39.250000 1.586074e-03
39.500000 1.508889e-03
39.750000 1.440235e-03
40.000000 1.380631e-03
40.250000 1.329932e-03
40.500000 1.287406e-03
40.750000 1.251918e-03
41.000000 1.222184e-03
41.250000 1.197060e-03
41.500000 1.175812e-03
41.750000 1.158319e-03
42.000000 1.145200e-03
42.250000 1.137820e-03
42.500000 1.138159e-03
42.750000 1.148526e-03
43.000000 1.171144e-03
43.250000 1.207683e-03
43.500000 1.258861e-03
43.750000 1.324259e-03
44.000000 1.402356e-03
44.250000 1.490754e-03
44.500000 1.586476e-03
44.750000 1.686251e-03
45.000000 1.786734e-03
45.250000 1.884670e-03
45.500000 1.977002e-03
45.750000 2.060940e-03
46.000000 2.134018e-03
46.250000 2.194130e-03
46.500000 2.239560e-03
46.750000 2.269014e-03
47.000000 2.281639e-03
47.250000 2.277051e-03
47.500000 2.255352e-03
47.750000 2.217154e-03
48.000000 2.163600e-03
48.250000 2.096386e-03
48.500000 2.017787e-03
48.750000 1.930683e-03
49.000000 1.838573e-03
49.250000 1.745564e-03
49.500000 1.656305e-03
49.750000 1.575798e-03
50.000000 1.509030e-03
