-50.000000 1.247588e-04
-49.750000 1.186587e-04
-49.500000 1.105758e-04
-49.250000 1.052728e-04
-49.000000 1.087897e-04
-48.750000 1.239125e-04
-48.500000 1.478391e-04
-48.250000 1.754635e-04
-48.000000 2.023625e-04
-47.750000 2.254506e-04
-47.500000 2.428604e-04
-47.250000 2.537658e-04
-47.000000 2.582221e-04
-46.750000 2.569928e-04
-46.500000 2.513482e-04
-46.250000 2.428480e-04
-46.000000 2.331343e-04
-45.750000 2.237543e-04
-45.500000 2.160174e-04
-45.250000 2.108626e-04
-45.000000 2.087106e-04
-44.750000 2.093262e-04
-44.500000 2.117735e-04
-44.250000 2.145352e-04
-44.000000 2.157898e-04
-43.750000 2.137694e-04
-43.500000 2.071234e-04
-43.250000 1.952605e-04
-43.000000 1.786818e-04
-42.750000 1.593452e-04
-42.500000 1.410330e-04
-42.250000 1.291716e-04
-42.000000 1.284888e-04
-41.750000 1.388657e-04
-41.500000 1.551535e-04
-41.250000 1.712216e-04
-41.000000 1.824353e-04
-40.750000 1.859770e-04
-40.500000 1.806382e-04
-40.250000 1.666897e-04
-40.000000 1.459445e-04
-39.750000 1.221791e-04
-39.500000 1.021263e-04
-39.250000 9.535167e-05
-39.000000 1.068122e-04
-38.750000 1.304212e-04
-38.500000 1.575522e-04
-38.250000 1.827614e-04
-38.000000 2.032263e-04
-37.750000 2.176847e-04
-37.500000 2.258651e-04
-37.250000 2.281598e-04
-37.000000 2.253850e-04
-36.750000 2.185780e-04
-36.500000 2.088220e-04
-36.250000 1.971060e-04
-36.000000 1.842250e-04
-35.750000 1.707221e-04
-35.500000 1.568676e-04
-35.250000 1.426634e-04
-35.000000 1.278617e-04
-34.750000 1.119941e-04
-34.500000 9.441425e-05
-34.250000 7.437290e-05
-34.000000 5.119586e-05
-33.750000 2.525732e-05
-33.500000 1.781168e-05
-33.250000 5.172473e-05
-33.000000 9.445522e-05
-32.750000 1.423073e-04
-32.500000 1.936989e-04
-32.250000 2.466634e-04
-32.000000 2.987173e-04
-31.750000 3.469680e-04
-31.500000 3.883296e-04
-31.250000 4.198205e-04
-31.000000 4.389266e-04
-30.750000 4.440207e-04
-30.500000 4.348413e-04
-30.250000 4.130648e-04
-30.000000 3.830258e-04
-29.750000 3.525083e-04
-29.500000 3.327307e-04
-29.250000 3.349943e-04
-29.000000 3.634623e-04
-28.750000 4.121098e-04
-28.500000 4.701162e-04
-28.250000 5.275209e-04
-28.000000 5.770371e-04
-27.750000 6.139828e-04
-27.500000 6.358732e-04
-27.250000 6.420413e-04
-27.000000 6.333093e-04
-26.750000 6.117249e-04
-26.500000 5.804369e-04
-26.250000 5.438219e-04
-26.000000 5.079181e-04
-25.750000 4.808838e-04
-25.500000 4.724073e-04
-25.250000 4.905840e-04
-25.000000 5.374328e-04
-24.750000 6.076939e-04
-24.500000 6.918752e-04
-24.250000 7.795897e-04
-24.000000 8.611855e-04
-23.750000 9.283400e-04
-23.500000 9.744246e-04
-23.250000 9.949240e-04
-23.000000 9.879535e-04
-22.750000 9.548896e-04
-22.500000 9.011753e-04
-22.250000 8.373527e-04
-22.000000 7.799403e-04
-21.750000 7.501800e-04
-21.500000 7.669510e-04
-21.250000 8.357214e-04
-21.000000 9.459801e-04
-20.750000 1.080007e-03
-20.500000 1.221098e-03
-20.250000 1.356260e-03
-20.000000 1.476118e-03
-19.750000 1.574326e-03
-19.500000 1.647185e-03
-19.250000 1.693531e-03
-19.000000 1.714821e-03
-18.750000 1.715276e-03
-18.500000 1.701900e-03
-18.250000 1.684072e-03
-18.000000 1.672357e-03
-17.750000 1.676336e-03
-17.500000 1.701856e-03
-17.250000 1.748912e-03
-17.000000 1.811372e-03
-16.750000 1.878691e-03
-16.500000 1.938545e-03
-16.250000 1.979237e-03
-16.000000 1.991342e-03
-15.750000 1.968620e-03
-15.500000 1.908364e-03
-15.250000 1.811368e-03
-15.000000 1.681596e-03
-14.750000 1.525643e-03
-14.500000 1.352020e-03
-14.250000 1.170328e-03
-14.000000 9.903677e-04
-13.750000 8.212649e-04
-13.500000 6.707025e-04
-13.250000 5.444801e-04
-13.000000 4.467484e-04
-12.750000 3.811680e-04
-12.500000 3.519418e-04
-12.250000 3.617266e-04
-12.000000 4.071354e-04
-11.750000 4.788368e-04
-11.500000 5.657256e-04
-11.250000 6.573924e-04
-11.000000 7.446297e-04
-10.750000 8.195560e-04
-10.500000 8.758576e-04
-10.250000 9.090937e-04
-10.000000 9.169439e-04
-9.750000 8.993125e-04
-9.500000 8.582418e-04
-9.250000 7.976186e-04
-9.000000 7.226976e-04
-8.750000 6.395200e-04
-8.500000 5.544031e-04
-8.250000 4.738138e-04
-8.000000 4.050391e-04
-7.750000 3.576046e-04
-7.500000 3.430314e-04
-7.250000 3.685068e-04
-7.000000 4.299686e-04
-6.750000 5.161299e-04
-6.500000 6.159945e-04
-6.250000 7.216924e-04
-6.000000 8.290607e-04
-5.750000 9.381498e-04
-5.500000 1.053497e-03
-5.250000 1.183259e-03
-5.000000 1.336572e-03
-4.750000 1.519683e-03
-4.500000 1.732633e-03
-4.250000 1.968068e-03
-4.000000 2.212234e-03
-3.750000 2.447152e-03
-3.500000 2.653056e-03
-3.250000 2.810655e-03
-3.000000 2.903118e-03
-2.750000 2.917733e-03
-2.500000 2.847216e-03
-2.250000 2.690608e-03
-2.000000 2.453757e-03
-1.750000 2.149467e-03
-1.500000 1.797607e-03
-1.250000 1.426019e-03
-1.000000 1.074518e-03
-0.750000 8.057608e-04
-0.500000 7.043867e-04
-0.250000 7.839125e-04
0.000000 9.457107e-04
0.250000 1.109556e-03
0.500000 1.246570e-03
0.750000 1.356492e-03
1.000000 1.453150e-03
1.250000 1.554767e-03
1.500000 1.674947e-03
1.750000 1.816154e-03
2.000000 1.968758e-03
2.250000 2.115143e-03
2.500000 2.235374e-03
2.750000 2.311788e-03
3.000000 2.331929e-03
3.250000 2.290261e-03
3.500000 2.189209e-03
3.750000 2.039966e-03
4.000000 1.863338e-03
4.250000 1.690289e-03
4.500000 1.559813e-03
4.750000 1.508515e-03
5.000000 1.551053e-03
5.250000 1.669738e-03
5.500000 1.827946e-03
5.750000 1.989689e-03
6.000000 2.128551e-03
6.250000 2.228451e-03
6.500000 2.281987e-03
6.750000 2.288680e-03
7.000000 2.253441e-03
7.250000 2.185190e-03
7.500000 2.095518e-03
7.750000 1.997347e-03
8.000000 1.903642e-03
8.250000 1.826239e-03
8.500000 1.774875e-03
8.750000 1.756451e-03
9.000000 1.774478e-03
9.250000 1.828677e-03
9.500000 1.914768e-03
9.750000 2.024615e-03
10.000000 2.146852e-03
10.250000 2.267955e-03
10.500000 2.373641e-03
10.750000 2.450417e-03
11.000000 2.487185e-03
11.250000 2.476794e-03
11.500000 2.417529e-03
11.750000 2.314500e-03
12.000000 2.180904e-03
12.250000 2.038814e-03
12.500000 1.918213e-03
12.750000 1.851450e-03
13.000000 1.861240e-03
13.250000 1.948426e-03
13.500000 2.091728e-03
13.750000 2.259517e-03
14.000000 2.421480e-03
14.250000 2.553997e-03
14.500000 2.641044e-03
14.750000 2.673375e-03
15.000000 2.647343e-03
15.250000 2.563758e-03
15.500000 2.426964e-03
15.750000 2.244232e-03
16.000000 2.025678e-03
16.250000 1.784946e-03
16.500000 1.541049e-03
16.750000 1.321524e-03
17.000000 1.164562e-03
17.250000 1.109772e-03
17.500000 1.169287e-03
17.750000 1.312843e-03
18.000000 1.493401e-03
18.250000 1.671884e-03
18.500000 1.821625e-03
18.750000 1.925598e-03
19.000000 1.973934e-03
19.250000 1.962578e-03
19.500000 1.892560e-03
19.750000 1.769502e-03
20.000000 1.603164e-03
20.250000 1.407057e-03
20.500000 1.198247e-03
20.750000 9.974869e-04
21.000000 8.291902e-04
21.250000 7.180824e-04
21.500000 6.766493e-04
21.750000 6.913534e-04
22.000000 7.314987e-04
22.250000 7.699334e-04
22.500000 7.908593e-04
22.750000 7.879496e-04
23.000000 7.611697e-04
23.250000 7.145271e-04
23.500000 6.545991e-04
23.750000 5.894275e-04
24.000000 5.273970e-04
24.250000 4.757069e-04
24.500000 4.383374e-04
24.750000 4.144393e-04
25.000000 3.988061e-04
25.250000 3.845472e-04
25.500000 3.660076e-04
25.750000 3.405389e-04
26.000000 3.094181e-04
26.250000 2.787266e-04
26.500000 2.598847e-04
26.750000 2.661115e-04
27.000000 3.023249e-04
27.250000 3.612842e-04
27.500000 4.316926e-04
27.750000 5.042225e-04
28.000000 5.722706e-04
28.250000 6.313304e-04
28.500000 6.785007e-04
28.750000 7.122358e-04
29.000000 7.322354e-04
29.250000 7.394005e-04
29.500000 7.358100e-04
29.750000 7.246693e-04
30.000000 7.101528e-04
30.250000 6.970204e-04
30.500000 6.898914e-04
30.750000 6.922062e-04
31.000000 7.052151e-04
31.250000 7.275281e-04
31.500000 7.554882e-04
31.750000 7.840892e-04
32.000000 8.079298e-04
32.250000 8.219064e-04
32.500000 8.216221e-04
32.750000 8.036171e-04
33.000000 7.655251e-04
33.250000 7.062318e-04
33.500000 6.261064e-04
33.750000 5.274486e-04
34.000000 4.156488e-04
34.250000 3.030945e-04
34.500000 2.229259e-04
34.750000 2.360384e-04
35.000000 3.354111e-04
35.250000 4.634046e-04
35.500000 5.913846e-04
35.750000 7.066763e-04
36.000000 8.021371e-04
36.250000 8.734855e-04
36.500000 9.186212e-04
36.750000 9.373716e-04
37.000000 9.312448e-04
37.250000 9.030675e-04
37.500000 8.564884e-04
37.750000 7.953887e-04
38.000000 7.232923e-04
38.250000 6.429041e-04
38.500000 5.559120e-04
38.750000 4.631409e-04
39.000000 3.650603e-04
39.250000 2.626542e-04
39.500000 1.593807e-04
39.750000 7.494176e-05
40.000000 1.041467e-04
40.250000 1.980951e-04
40.500000 2.921032e-04
40.750000 3.747340e-04
41.000000 4.405973e-04
41.250000 4.861547e-04
41.500000 5.094016e-04
41.750000 5.099056e-04
42.000000 4.887858e-04
42.250000 4.485625e-04
42.500000 3.928767e-04
42.750000 3.261091e-04
43.000000 2.529461e-04
43.250000 1.779523e-04
43.500000 1.052619e-04
43.750000 3.924561e-05
44.000000 2.901841e-05
44.250000 7.867444e-05
44.500000 1.222008e-04
44.750000 1.579664e-04
45.000000 1.863068e-04
45.250000 2.075729e-04
45.500000 2.218314e-04
45.750000 2.288734e-04
46.000000 2.284440e-04
46.250000 2.206405e-04
46.500000 2.064633e-04
46.750000 1.885751e-04
47.000000 1.722659e-04
47.250000 1.656814e-04
47.500000 1.763365e-04
47.750000 2.047599e-04
48.000000 2.446242e-04
48.250000 2.881496e-04
48.500000 3.287697e-04
48.750000 3.613329e-04
49.000000 3.819231e-04
49.250000 3.878613e-04
49.500000 3.778871e-04
49.750000 3.524847e-04
50.000000 3.144166e-04
