-50.000000 4.920332e-04
-49.750000 6.194441e-04
-49.500000 7.964325e-04
-49.250000 9.965999e-04
-49.000000 1.207528e-03
-48.750000 1.423057e-03
-48.500000 1.639682e-03
-48.250000 1.855101e-03
-48.000000 2.067610e-03
-47.750000 2.275831e-03
-47.500000 2.478577e-03
-47.250000 2.674783e-03
-47.000000 2.863473e-03
-46.750000 3.043736e-03
-46.500000 3.214716e-03
-46.250000 3.375609e-03
-46.000000 3.525659e-03
-45.750000 3.664156e-03
-45.500000 3.790438e-03
-45.250000 3.903895e-03
-45.000000 4.003966e-03
-44.750000 4.090143e-03
-44.500000 4.161977e-03
-44.250000 4.219076e-03
-44.000000 4.261111e-03
-43.750000 4.287821e-03
-43.500000 4.299009e-03
-43.250000 4.294556e-03
-43.000000 4.274418e-03
-42.750000 4.238635e-03
-42.500000 4.187335e-03
-42.250000 4.120741e-03
-42.000000 4.039184e-03
-41.750000 3.943109e-03
-41.500000 3.833093e-03
-41.250000 3.709866e-03
-41.000000 3.574332e-03
-40.750000 3.427611e-03
-40.500000 3.271084e-03
-40.250000 3.106459e-03
-40.000000 2.935865e-03
-39.750000 2.761975e-03
-39.500000 2.588172e-03
-39.250000 2.418755e-03
-39.000000 2.259172e-03
-38.750000 2.116203e-03
-38.500000 1.997944e-03
-38.250000 1.913314e-03
-38.000000 1.870832e-03
-37.750000 1.876739e-03
-37.500000 1.933262e-03
-37.250000 2.038099e-03
-37.000000 2.185457e-03
-36.750000 2.367866e-03
-36.500000 2.577729e-03
-36.250000 2.808199e-03
-36.000000 3.053464e-03
-35.750000 3.308703e-03
-35.500000 3.569937e-03
-35.250000 3.833839e-03
-35.000000 4.097594e-03
-34.750000 4.358767e-03
-34.500000 4.615220e-03
-34.250000 4.865044e-03
-34.000000 5.106513e-03
-33.750000 5.338048e-03
-33.500000 5.558199e-03
-33.250000 5.765622e-03
-33.000000 5.959074e-03
-32.750000 6.137400e-03
-32.500000 6.299535e-03
-32.250000 6.444495e-03
-32.000000 6.571381e-03
-31.750000 6.679378e-03
-31.500000 6.767754e-03
-31.250000 6.835864e-03
-31.000000 6.883154e-03
-30.750000 6.909162e-03
-30.500000 6.913520e-03
-30.250000 6.895964e-03
-30.000000 6.856332e-03
-29.750000 6.794575e-03
-29.500000 6.710763e-03
-29.250000 6.605093e-03
-29.000000 6.477896e-03
-28.750000 6.329657e-03
-28.500000 6.161027e-03
-28.250000 5.972845e-03
-28.000000 5.766168e-03
-27.750000 5.542310e-03
-27.500000 5.302893e-03
-27.250000 5.049919e-03
-27.000000 4.785869e-03
-26.750000 4.513842e-03
-26.500000 4.237734e-03
-26.250000 3.962493e-03
-26.000000 3.694435e-03
-25.750000 3.441602e-03
-25.500000 3.214083e-03
-25.250000 3.024037e-03
-25.000000 2.885040e-03
-24.750000 2.810277e-03
-24.500000 2.809644e-03
-24.250000 2.886917e-03
-24.000000 3.038759e-03
-23.750000 3.256242e-03
-23.500000 3.527708e-03
-23.250000 3.841277e-03
-23.000000 4.186259e-03
-22.750000 4.553611e-03
-22.500000 4.935868e-03
-22.250000 5.326878e-03
-22.000000 5.721520e-03
-21.750000 6.115448e-03
-21.500000 6.504907e-03
-21.250000 6.886579e-03
-21.000000 7.257488e-03
-20.750000 7.614917e-03
-20.500000 7.956362e-03
-20.250000 8.279486e-03
-20.000000 8.582100e-03
-19.750000 8.862140e-03
-19.500000 9.117657e-03
-19.250000 9.346807e-03
-19.000000 9.547848e-03
-18.750000 9.719135e-03
-18.500000 9.859119e-03
-18.250000 9.966353e-03
-18.000000 1.003948e-02
-17.750000 1.007726e-02
-17.500000 1.007854e-02
-17.250000 1.004228e-02
-17.000000 9.967560e-03
-16.750000 9.853560e-03
-16.500000 9.699590e-03
-16.250000 9.505085e-03
-16.000000 9.269613e-03
-15.750000 8.992888e-03
-15.500000 8.674776e-03
-15.250000 8.315317e-03
-15.000000 7.914749e-03
-14.750000 7.473544e-03
-14.500000 6.992463e-03
-14.250000 6.472656e-03
-14.000000 5.915821e-03
-13.750000 5.324500e-03
-13.500000 4.702652e-03
-13.250000 4.056834e-03
-13.000000 3.398882e-03
-12.750000 2.752494e-03
-12.500000 2.170288e-03
-12.250000 1.770940e-03
-12.000000 1.742411e-03
-11.750000 2.142113e-03
-11.500000 2.822967e-03
-11.250000 3.653262e-03
-11.000000 4.569571e-03
-10.750000 5.542924e-03
-10.500000 6.558547e-03
-10.250000 7.607770e-03
-10.000000 8.684771e-03
-9.750000 9.785155e-03
-9.500000 1.090529e-02
-9.250000 1.204197e-02
-9.000000 1.319222e-02
-8.750000 1.435322e-02
-8.500000 1.552224e-02
-8.250000 1.669657e-02
-8.000000 1.787355e-02
-7.750000 1.905056e-02
-7.500000 2.022496e-02
-7.250000 2.139414e-02
-7.000000 2.255551e-02
-6.750000 2.370649e-02
-6.500000 2.484452e-02
-6.250000 2.596708e-02
-6.000000 2.707165e-02
-5.750000 2.815579e-02
-5.500000 2.921706e-02
-5.250000 3.025310e-02
-5.000000 3.126159e-02
-4.750000 3.224026e-02
-4.500000 3.318691e-02
-4.250000 3.409944e-02
-4.000000 3.497577e-02
-3.750000 3.581397e-02
-3.500000 3.661213e-02
-3.250000 3.736848e-02
-3.000000 3.808132e-02
-2.750000 3.874908e-02
-2.500000 3.937026e-02
-2.250000 3.994351e-02
-2.000000 4.046755e-02
-1.750000 4.094125e-02
-1.500000 4.136360e-02
-1.250000 4.173369e-02
-1.000000 4.205075e-02
-0.750000 4.231415e-02
-0.500000 4.252338e-02
-0.250000 4.267804e-02
0.000000 4.277790e-02
0.250000 4.282284e-02
0.500000 4.281289e-02
0.750000 4.274818e-02
1.000000 4.262902e-02
1.250000 4.245582e-02
1.500000 4.222913e-02
1.750000 4.194964e-02
2.000000 4.161816e-02
2.250000 4.123564e-02
2.500000 4.080312e-02
2.750000 4.032181e-02
3.000000 3.979302e-02
3.250000 3.921815e-02
3.500000 3.859877e-02
3.750000 3.793650e-02
4.000000 3.723312e-02
4.250000 3.649048e-02
4.500000 3.571053e-02
4.750000 3.489534e-02
5.000000 3.404704e-02
5.250000 3.316788e-02
5.500000 3.226018e-02
5.750000 3.132633e-02
6.000000 3.036882e-02
6.250000 2.939021e-02
6.500000 2.839312e-02
6.750000 2.738027e-02
7.000000 2.635442e-02
7.250000 2.531844e-02
7.500000 2.427526e-02
7.750000 2.322788e-02
8.000000 2.217941e-02
8.250000 2.113306e-02
8.500000 2.009212e-02
8.750000 1.906006e-02
9.000000 1.804047e-02
9.250000 1.703712e-02
9.500000 1.605400e-02
9.750000 1.509537e-02
10.000000 1.416579e-02
10.250000 1.327016e-02
10.500000 1.241382e-02
10.750000 1.160254e-02
11.000000 1.084255e-02
11.250000 1.014051e-02
11.500000 9.503369e-03
11.750000 8.938089e-03
12.000000 8.451180e-03
12.250000 8.048049e-03
12.500000 7.732198e-03
12.750000 7.504432e-03
13.000000 7.362304e-03
13.250000 7.300006e-03
13.500000 7.308799e-03
13.750000 7.377866e-03
14.000000 7.495362e-03
14.250000 7.649380e-03
14.500000 7.828682e-03
14.750000 8.023147e-03
15.000000 8.223967e-03
15.250000 8.423666e-03
15.500000 8.616023e-03
15.750000 8.795931e-03
16.000000 8.959259e-03
16.250000 9.102709e-03
16.500000 9.223684e-03
16.750000 9.320186e-03
17.000000 9.390721e-03
17.250000 9.434224e-03
17.500000 9.449995e-03
17.750000 9.437650e-03
18.000000 9.397074e-03
18.250000 9.328393e-03
18.500000 9.231937e-03
18.750000 9.108221e-03
19.000000 8.957920e-03
19.250000 8.781852e-03
19.500000 8.580965e-03
19.750000 8.356317e-03
20.000000 8.109071e-03
20.250000 7.840479e-03
20.500000 7.551874e-03
20.750000 7.244660e-03
21.000000 6.920307e-03
21.250000 6.580343e-03
21.500000 6.226345e-03
21.750000 5.859942e-03
22.000000 5.482808e-03
22.250000 5.096665e-03
22.500000 4.703288e-03
22.750000 4.304516e-03
23.000000 3.902278e-03
23.250000 3.498636e-03
23.500000 3.095868e-03
23.750000 2.696615e-03
24.000000 2.304189e-03
24.250000 1.923191e-03
24.500000 1.560910e-03
24.750000 1.230614e-03
25.000000 9.591080e-04
25.250000 7.975459e-04
25.500000 8.015507e-04
25.750000 9.567374e-04
26.000000 1.195048e-03
26.250000 1.466994e-03
26.500000 1.748313e-03
26.750000 2.027302e-03
27.000000 2.297758e-03
27.250000 2.556008e-03
27.500000 2.799665e-03
27.750000 3.027052e-03
28.000000 3.236932e-03
28.250000 3.428358e-03
28.500000 3.600601e-03
28.750000 3.753094e-03
29.000000 3.885413e-03
29.250000 3.997254e-03
29.500000 4.088422e-03
29.750000 4.158822e-03
30.000000 4.208457e-03
30.250000 4.237416e-03
30.500000 4.245875e-03
30.750000 4.234094e-03
31.000000 4.202409e-03
31.250000 4.151234e-03
31.500000 4.081057e-03
31.750000 3.992433e-03
32.000000 3.885988e-03
32.250000 3.762409e-03
32.500000 3.622449e-03
32.750000 3.466919e-03
33.000000 3.296689e-03
33.250000 3.112687e-03
33.500000 2.915900e-03
33.750000 2.707376e-03
34.000000 2.488233e-03
34.250000 2.259675e-03
34.500000 2.023023e-03
34.750000 1.779773e-03
35.000000 1.531726e-03
35.250000 1.281268e-03
35.500000 1.032058e-03
35.750000 7.909588e-04
36.000000 5.741690e-04
36.250000 4.260358e-04
36.500000 4.276548e-04
36.750000 5.771923e-04
37.000000 7.932493e-04
37.250000 1.032384e-03
37.500000 1.278801e-03
37.750000 1.525849e-03
38.000000 1.770036e-03
38.250000 2.009148e-03
38.500000 2.241570e-03
38.750000 2.466007e-03
39.000000 2.681362e-03
39.250000 2.886671e-03
39.500000 3.081070e-03
39.750000 3.263783e-03
40.000000 3.434109e-03
40.250000 3.591415e-03
40.500000 3.735136e-03
40.750000 3.864775e-03
41.000000 3.979896e-03
41.250000 4.080128e-03
41.500000 4.165168e-03
41.750000 4.234773e-03
42.000000 4.288765e-03
42.250000 4.327031e-03
42.500000 4.349523e-03
42.750000 4.356253e-03
43.000000 4.347299e-03
43.250000 4.322801e-03
43.500000 4.282961e-03
43.750000 4.228042e-03
44.000000 4.158369e-03
44.250000 4.074326e-03
44.500000 3.976358e-03
44.750000 3.864969e-03
45.000000 3.740725e-03
45.250000 3.604250e-03
45.500000 3.456235e-03
45.750000 3.297433e-03
46.000000 3.128675e-03
46.250000 2.950871e-03
46.500000 2.765029e-03
46.750000 2.572280e-03
47.000000 2.373915e-03
47.250000 2.171447e-03
47.500000 1.966714e-03
47.750000 1.762051e-03
48.000000 1.560579e-03
48.250000 1.366703e-03
48.500000 1.186938e-03
48.750000 1.031104e-03
49.000000 9.133205e-04
49.250000 8.504414e-04
49.500000 8.545285e-04
49.750000 9.236377e-04
50.000000 1.043218e-03
