-50.000000 5.309718e-04
-49.750000 5.015681e-04
-49.500000 4.710959e-04
-49.250000 4.398065e-04
-49.000000 4.080249e-04
-48.750000 3.761800e-04
-48.500000 3.448498e-04
-48.250000 3.148247e-04
-48.000000 2.871879e-04
-47.750000 2.633930e-04
-47.500000 2.452687e-04
-47.250000 2.348160e-04
-47.000000 2.336895e-04
-46.750000 2.425482e-04
-46.500000 2.607969e-04
-46.250000 2.869632e-04
-46.000000 3.193231e-04
-45.750000 3.563265e-04
-45.500000 3.967386e-04
-45.250000 4.396234e-04
-45.000000 4.842777e-04
-44.750000 5.301662e-04
-44.500000 5.768711e-04
-44.250000 6.240564e-04
-44.000000 6.714436e-04
-43.750000 7.187953e-04
-43.500000 7.659037e-04
-43.250000 8.125832e-04
-43.000000 8.586651e-04
-42.750000 9.039940e-04
-42.500000 9.484255e-04
-42.250000 9.918239e-04
-42.000000 1.034062e-03
-41.750000 1.075018e-03
-41.500000 1.114579e-03
-41.250000 1.152637e-03
-41.000000 1.189091e-03
-40.750000 1.223843e-03
-40.500000 1.256805e-03
-40.250000 1.287893e-03
-40.000000 1.317029e-03
-39.750000 1.344142e-03
-39.500000 1.369167e-03
-39.250000 1.392045e-03
-39.000000 1.412727e-03
-38.750000 1.431168e-03
-38.500000 1.447332e-03
-38.250000 1.461191e-03
-38.000000 1.472724e-03
-37.750000 1.481918e-03
-37.500000 1.488772e-03
-37.250000 1.493291e-03
-37.000000 1.495489e-03
-36.750000 1.495393e-03
-36.500000 1.493037e-03
-36.250000 1.488469e-03
-36.000000 1.481744e-03
-35.750000 1.472933e-03
-35.500000 1.462116e-03
-35.250000 1.449387e-03
-35.000000 1.434854e-03
-34.750000 1.418639e-03
-34.500000 1.400877e-03
-34.250000 1.381720e-03
-34.000000 1.361335e-03
-33.750000 1.339908e-03
-33.500000 1.317639e-03
-33.250000 1.294747e-03
-33.000000 1.271470e-03
-32.750000 1.248061e-03
-32.500000 1.224792e-03
-32.250000 1.201948e-03
-32.000000 1.179831e-03
-31.750000 1.158749e-03
-31.500000 1.139018e-03
-31.250000 1.120952e-03
-31.000000 1.104859e-03
-30.750000 1.091030e-03
-30.500000 1.079730e-03
-30.250000 1.071190e-03
-30.000000 1.065593e-03
-29.750000 1.063071e-03
-29.500000 1.063692e-03
-29.250000 1.067463e-03
-29.000000 1.074322e-03
-28.750000 1.084146e-03
-28.500000 1.096754e-03
-28.250000 1.111914e-03
-28.000000 1.129351e-03
-27.750000 1.148761e-03
-27.500000 1.169815e-03
-27.250000 1.192168e-03
-27.000000 1.215472e-03
-26.750000 1.239376e-03
-26.500000 1.263532e-03
-26.250000 1.287601e-03
-26.000000 1.311255e-03
-25.750000 1.334176e-03
-25.500000 1.356060e-03
-25.250000 1.376617e-03
-25.000000 1.395571e-03
-24.750000 1.412660e-03
-24.500000 1.427634e-03
-24.250000 1.440258e-03
-24.000000 1.450311e-03
-23.750000 1.457582e-03
-23.500000 1.461874e-03
-23.250000 1.463002e-03
-23.000000 1.460793e-03
-22.750000 1.455086e-03
-22.500000 1.445729e-03
-22.250000 1.432583e-03
-22.000000 1.415519e-03
-21.750000 1.394421e-03
-21.500000 1.369181e-03
-21.250000 1.339703e-03
-21.000000 1.305902e-03
-20.750000 1.267701e-03
-20.500000 1.225038e-03
-20.250000 1.177858e-03
-20.000000 1.126116e-03
-19.750000 1.069781e-03
-19.500000 1.008829e-03
-19.250000 9.432489e-04
-19.000000 8.730383e-04
-18.750000 7.982061e-04
-18.500000 7.187719e-04
-18.250000 6.347662e-04
-18.000000 5.462309e-04
-17.750000 4.532212e-04
-17.500000 3.558101e-04
-17.250000 2.541050e-04
-17.000000 1.483392e-04
-16.750000 4.052099e-05
-16.500000 7.902826e-05
-16.250000 1.964405e-04
-16.000000 3.184914e-04
-15.750000 4.444380e-04
-15.500000 5.740563e-04
-15.250000 7.071781e-04
-15.000000 8.436430e-04
-14.750000 9.832879e-04
-14.500000 1.125945e-03
-14.250000 1.271439e-03
-14.000000 1.419590e-03
-13.750000 1.570210e-03
-13.500000 1.723105e-03
-13.250000 1.878076e-03
-13.000000 2.034917e-03
-12.750000 2.193418e-03
-12.500000 2.353362e-03
-12.250000 2.514529e-03
-12.000000 2.676694e-03
-11.750000 2.839629e-03
-11.500000 3.003102e-03
-11.250000 3.166878e-03
-11.000000 3.330718e-03
-10.750000 3.494384e-03
-10.500000 3.657632e-03
-10.250000 3.820222e-03
-10.000000 3.981907e-03
-9.750000 4.142446e-03
-9.500000 4.301592e-03
-9.250000 4.459104e-03
-9.000000 4.614737e-03
-8.750000 4.768251e-03
-8.500000 4.919407e-03
-8.250000 5.067966e-03
-8.000000 5.213696e-03
-7.750000 5.356365e-03
-7.500000 5.495745e-03
-7.250000 5.631613e-03
-7.000000 5.763750e-03
-6.750000 5.891943e-03
-6.500000 6.015982e-03
-6.250000 6.135666e-03
-6.000000 6.250797e-03
-5.750000 6.361185e-03
-5.500000 6.466647e-03
-5.250000 6.567007e-03
-5.000000 6.662098e-03
-4.750000 6.751758e-03
-4.500000 6.835835e-03
-4.250000 6.914186e-03
-4.000000 6.986677e-03
-3.750000 7.053181e-03
-3.500000 7.113584e-03
-3.250000 7.167778e-03
-3.000000 7.215667e-03
-2.750000 7.257164e-03
-2.500000 7.292194e-03
-2.250000 7.320691e-03
-2.000000 7.342600e-03
-1.750000 7.357877e-03
-1.500000 7.366488e-03
-1.250000 7.368411e-03
-1.000000 7.363635e-03
-0.750000 7.352159e-03
-0.500000 7.333996e-03
-0.250000 7.309166e-03
0.000000 7.277703e-03
0.250000 7.239653e-03
0.500000 7.195071e-03
0.750000 7.144025e-03
1.000000 7.086592e-03
1.250000 7.022862e-03
1.500000 6.952936e-03
1.750000 6.876924e-03
2.000000 6.794950e-03
2.250000 6.707145e-03
2.500000 6.613653e-03
2.750000 6.514628e-03
3.000000 6.410235e-03
3.250000 6.300648e-03
3.500000 6.186051e-03
3.750000 6.066641e-03
4.000000 5.942621e-03
4.250000 5.814207e-03
4.500000 5.681624e-03
4.750000 5.545107e-03
5.000000 5.404900e-03
5.250000 5.261259e-03
5.500000 5.114450e-03
5.750000 4.964750e-03
6.000000 4.812446e-03
6.250000 4.657838e-03
6.500000 4.501239e-03
6.750000 4.342975e-03
7.000000 4.183389e-03
7.250000 4.022838e-03
7.500000 3.861701e-03
7.750000 3.700376e-03
8.000000 3.539289e-03
8.250000 3.378893e-03
8.500000 3.219678e-03
8.750000 3.062172e-03
9.000000 2.906954e-03
9.250000 2.754660e-03
9.500000 2.605993e-03
9.750000 2.461739e-03
10.000000 2.322775e-03
10.250000 2.190085e-03
10.500000 2.064770e-03
10.750000 1.948047e-03
11.000000 1.841245e-03
11.250000 1.745772e-03
11.500000 1.663057e-03
11.750000 1.594451e-03
12.000000 1.541096e-03
12.250000 1.503775e-03
12.500000 1.482772e-03
12.750000 1.477784e-03
13.000000 1.487924e-03
13.250000 1.511804e-03
13.500000 1.547691e-03
13.750000 1.593676e-03
14.000000 1.647828e-03
14.250000 1.708307e-03
14.500000 1.773437e-03
14.750000 1.841728e-03
15.000000 1.911891e-03
15.250000 1.982818e-03
15.500000 2.053569e-03
15.750000 2.123352e-03
16.000000 2.191495e-03
16.250000 2.257435e-03
16.500000 2.320697e-03
16.750000 2.380883e-03
17.000000 2.437658e-03
17.250000 2.490743e-03
17.500000 2.539905e-03
17.750000 2.584952e-03
18.000000 2.625729e-03
18.250000 2.662109e-03
18.500000 2.693996e-03
18.750000 2.721316e-03
19.000000 2.744018e-03
19.250000 2.762073e-03
19.500000 2.775469e-03
19.750000 2.784209e-03
20.000000 2.788316e-03
20.250000 2.787824e-03
20.500000 2.782782e-03
20.750000 2.773251e-03
21.000000 2.759305e-03
21.250000 2.741027e-03
21.500000 2.718513e-03
21.750000 2.691867e-03
22.000000 2.661202e-03
22.250000 2.626642e-03
22.500000 2.588315e-03
22.750000 2.546361e-03
23.000000 2.500923e-03
23.250000 2.452155e-03
23.500000 2.400212e-03
23.750000 2.345259e-03
24.000000 2.287464e-03
24.250000 2.226999e-03
24.500000 2.164043e-03
24.750000 2.098776e-03
25.000000 2.031382e-03
25.250000 1.962051e-03
25.500000 1.890971e-03
25.750000 1.818336e-03
26.000000 1.744341e-03
26.250000 1.669181e-03
26.500000 1.593054e-03
26.750000 1.516161e-03
27.000000 1.438699e-03
27.250000 1.360872e-03
27.500000 1.282881e-03
27.750000 1.204931e-03
28.000000 1.127228e-03
28.250000 1.049980e-03
28.500000 9.734017e-04
28.750000 8.977128e-04
29.000000 8.231433e-04
29.250000 7.499383e-04
29.500000 6.783654e-04
29.750000 6.087275e-04
30.000000 5.413825e-04
30.250000 4.767744e-04
30.500000 4.154868e-04
30.750000 3.583293e-04
31.000000 3.064769e-04
31.250000 2.616666e-04
31.500000 2.263660e-04
31.750000 2.035530e-04
32.000000 1.954902e-04
32.250000 2.018652e-04
32.500000 2.195280e-04
32.750000 2.443612e-04
33.000000 2.729329e-04
33.250000 3.028857e-04
33.500000 3.327061e-04
33.750000 3.614285e-04
34.000000 3.884245e-04
34.250000 4.132739e-04
34.500000 4.356880e-04
34.750000 4.554647e-04
35.000000 4.724608e-04
35.250000 4.865754e-04
35.500000 4.977385e-04
35.750000 5.059047e-04
36.000000 5.110477e-04
36.250000 5.131575e-04
36.500000 5.122379e-04
36.750000 5.083047e-04
37.000000 5.013848e-04
37.250000 4.915149e-04
37.500000 4.787407e-04
37.750000 4.631167e-04
38.000000 4.447054e-04
38.250000 4.235771e-04
38.500000 3.998098e-04
38.750000 3.734888e-04
39.000000 3.447075e-04
39.250000 3.135676e-04
39.500000 2.801812e-04
39.750000 2.446747e-04
40.000000 2.071978e-04
40.250000 1.679471e-04
40.500000 1.272397e-04
40.750000 8.581123e-05
41.000000 4.675221e-05
41.250000 3.296956e-05
41.500000 6.681464e-05
41.750000 1.125880e-04
42.000000 1.613649e-04
42.250000 2.117107e-04
42.500000 2.631427e-04
42.750000 3.153940e-04
43.000000 3.682677e-04
43.250000 4.215950e-04
43.500000 4.752202e-04
43.750000 5.289949e-04
44.000000 5.827749e-04
44.250000 6.364197e-04
44.500000 6.897912e-04
44.750000 7.427539e-04
45.000000 7.951752e-04
45.250000 8.469246e-04
45.500000 8.978749e-04
45.750000 9.479018e-04
46.000000 9.968842e-04
46.250000 1.044704e-03
46.500000 1.091249e-03
46.750000 1.136407e-03
47.000000 1.180073e-03
47.250000 1.222146e-03
47.500000 1.262528e-03
47.750000 1.301128e-03
48.000000 1.337858e-03
48.250000 1.372635e-03
48.500000 1.405383e-03
48.750000 1.436030e-03
49.000000 1.464510e-03
49.250000 1.490763e-03
49.500000 1.514734e-03
49.750000 1.536373e-03
50.000000 1.555639e-03
