-50.000000 1.477742e-03
-49.750000 1.470584e-03
-49.500000 1.459536e-03
-49.250000 1.448153e-03
-49.000000 1.439482e-03
-48.750000 1.435584e-03
-48.500000 1.437195e-03
-48.250000 1.443608e-03
-48.000000 1.452840e-03
-47.750000 1.462013e-03
-47.500000 1.467841e-03
-47.250000 1.467105e-03
-47.000000 1.457030e-03
-46.750000 1.435552e-03
-46.500000 1.401463e-03
-46.250000 1.354458e-03
-46.000000 1.295113e-03
-45.750000 1.224787e-03
-45.500000 1.145470e-03
-45.250000 1.059591e-03
-45.000000 9.697744e-04
-44.750000 8.785719e-04
-44.500000 7.881897e-04
-44.250000 7.002697e-04
-44.000000 6.158121e-04
-43.750000 5.353813e-04
-43.500000 4.598036e-04
-43.250000 3.916863e-04
-43.000000 3.381184e-04
-42.750000 3.132601e-04
-42.500000 3.332467e-04
-42.250000 4.010871e-04
-42.000000 5.057531e-04
-41.750000 6.347569e-04
-41.500000 7.788834e-04
-41.250000 9.312326e-04
-41.000000 1.085993e-03
-40.750000 1.237854e-03
-40.500000 1.381829e-03
-40.250000 1.513280e-03
-40.000000 1.628035e-03
-39.750000 1.722540e-03
-39.500000 1.794021e-03
-39.250000 1.840640e-03
-39.000000 1.861637e-03
-38.750000 1.857452e-03
-38.500000 1.829824e-03
-38.250000 1.781854e-03
-38.000000 1.718031e-03
-37.750000 1.644174e-03
-37.500000 1.567228e-03
-37.250000 1.494804e-03
-37.000000 1.434325e-03
-36.750000 1.391771e-03
-36.500000 1.370275e-03
-36.250000 1.369193e-03
-36.000000 1.384218e-03
-35.750000 1.408514e-03
-35.500000 1.434271e-03
-35.250000 1.454042e-03
-35.000000 1.461566e-03
-34.750000 1.452154e-03
-34.500000 1.422783e-03
-34.250000 1.372038e-03
-34.000000 1.299986e-03
-33.750000 1.208014e-03
-33.500000 1.098652e-03
-33.250000 9.754004e-04
-33.000000 8.425652e-04
-32.750000 7.051589e-04
-32.500000 5.689449e-04
-32.250000 4.408767e-04
-32.000000 3.304977e-04
-31.750000 2.527603e-04
-31.500000 2.259416e-04
-31.250000 2.495120e-04
-31.000000 2.994846e-04
-30.750000 3.573719e-04
-30.500000 4.169969e-04
-30.250000 4.788644e-04
-30.000000 5.461368e-04
-29.750000 6.222357e-04
-29.500000 7.093221e-04
-29.250000 8.075906e-04
-29.000000 9.152987e-04
-28.750000 1.029236e-03
-28.500000 1.145316e-03
-28.250000 1.259104e-03
-28.000000 1.366233e-03
-27.750000 1.462720e-03
-27.500000 1.545207e-03
-27.250000 1.611154e-03
-27.000000 1.658985e-03
-26.750000 1.688219e-03
-26.500000 1.699562e-03
-26.250000 1.694992e-03
-26.000000 1.677819e-03
-25.750000 1.652709e-03
-25.500000 1.625640e-03
-25.250000 1.603697e-03
-25.000000 1.594612e-03
-24.750000 1.605963e-03
-24.500000 1.644102e-03
-24.250000 1.713160e-03
-24.000000 1.814528e-03
-23.750000 1.947060e-03
-23.500000 2.107765e-03
-23.250000 2.292595e-03
-23.000000 2.497019e-03
-22.750000 2.716312e-03
-22.500000 2.945635e-03
-22.250000 3.180000e-03
-22.000000 3.414223e-03
-21.750000 3.642891e-03
-21.500000 3.860400e-03
-21.250000 4.061037e-03
-21.000000 4.239127e-03
-20.750000 4.389207e-03
-20.500000 4.506243e-03
-20.250000 4.585843e-03
-20.000000 4.624478e-03
-19.750000 4.619674e-03
-19.500000 4.570178e-03
-19.250000 4.476081e-03
-19.000000 4.338883e-03
-18.750000 4.161499e-03
-18.500000 3.948195e-03
-18.250000 3.704436e-03
-18.000000 3.436662e-03
-17.750000 3.151949e-03
-17.500000 2.857586e-03
-17.250000 2.560526e-03
-17.000000 2.266755e-03
-16.750000 1.980600e-03
-16.500000 1.704096e-03
-16.250000 1.436567e-03
-16.000000 1.174698e-03
-15.750000 9.134315e-04
-15.500000 6.487476e-04
-15.250000 3.893291e-04
-15.000000 2.460048e-04
-14.750000 4.516126e-04
-14.500000 8.105175e-04
-14.250000 1.227368e-03
-14.000000 1.685704e-03
-13.750000 2.177701e-03
-13.500000 2.695870e-03
-13.250000 3.231843e-03
-13.000000 3.776366e-03
-12.750000 4.319574e-03
-12.500000 4.851362e-03
-12.250000 5.361748e-03
-12.000000 5.841227e-03
-11.750000 6.281074e-03
-11.500000 6.673603e-03
-11.250000 7.012357e-03
-11.000000 7.292243e-03
-10.750000 7.509596e-03
-10.500000 7.662194e-03
-10.250000 7.749239e-03
-10.000000 7.771319e-03
-9.750000 7.730396e-03
-9.500000 7.629862e-03
-9.250000 7.474714e-03
-9.000000 7.271914e-03
-8.750000 7.031008e-03
-8.500000 6.765039e-03
-8.250000 6.491752e-03
-8.000000 6.234889e-03
-7.750000 6.024968e-03
-7.500000 5.898364e-03
-7.250000 5.893169e-03
-7.000000 6.041438e-03
-6.750000 6.360572e-03
-6.500000 6.848907e-03
-6.250000 7.488017e-03
-6.000000 8.249086e-03
-5.750000 9.099073e-03
-5.500000 1.000455e-02
-5.250000 1.093345e-02
-5.000000 1.185563e-02
-4.750000 1.274302e-02
-4.500000 1.356970e-02
-4.250000 1.431206e-02
-4.000000 1.494911e-02
-3.750000 1.546275e-02
-3.500000 1.583828e-02
-3.250000 1.606471e-02
-3.000000 1.613522e-02
-2.750000 1.604743e-02
-2.500000 1.580372e-02
-2.250000 1.541141e-02
-2.000000 1.488280e-02
-1.750000 1.423526e-02
-1.500000 1.349104e-02
-1.250000 1.267701e-02
-1.000000 1.182426e-02
-0.750000 1.096719e-02
-0.500000 1.014205e-02
-0.250000 9.384554e-03
0.000000 8.725982e-03
0.250000 8.188197e-03
0.500000 7.778532e-03
0.750000 7.486942e-03
1.000000 7.287549e-03
1.250000 7.144579e-03
1.500000 7.020316e-03
1.750000 6.882268e-03
2.000000 6.708194e-03
2.250000 6.489244e-03
2.500000 6.232088e-03
2.750000 5.960690e-03
3.000000 5.717254e-03
3.250000 5.559934e-03
3.500000 5.552875e-03
3.750000 5.746756e-03
4.000000 6.158910e-03
4.250000 6.768700e-03
4.500000 7.530381e-03
4.750000 8.390049e-03
5.000000 9.296419e-03
5.250000 1.020498e-02
5.500000 1.107870e-02
5.750000 1.188753e-02
6.000000 1.260784e-02
6.250000 1.322185e-02
6.500000 1.371726e-02
6.750000 1.408691e-02
7.000000 1.432844e-02
7.250000 1.444389e-02
7.500000 1.443931e-02
7.750000 1.432422e-02
8.000000 1.411101e-02
8.250000 1.381436e-02
8.500000 1.345054e-02
8.750000 1.303676e-02
9.000000 1.259053e-02
9.250000 1.212908e-02
9.500000 1.166891e-02
9.750000 1.122540e-02
10.000000 1.081259e-02
10.250000 1.044295e-02
10.500000 1.012727e-02
10.750000 9.874428e-03
11.000000 9.691021e-03
11.250000 9.580918e-03
11.500000 9.544698e-03
11.750000 9.579176e-03
12.000000 9.677178e-03
12.250000 9.827665e-03
12.500000 1.001624e-02
12.750000 1.022595e-02
13.000000 1.043825e-02
13.250000 1.063395e-02
13.500000 1.079422e-02
13.750000 1.090132e-02
14.000000 1.093933e-02
14.250000 1.089473e-02
14.500000 1.075677e-02
14.750000 1.051787e-02
15.000000 1.017378e-02
15.250000 9.723714e-03
15.500000 9.170330e-03
15.750000 8.519665e-03
16.000000 7.780956e-03
16.250000 6.966416e-03
16.500000 6.091022e-03
16.750000 5.172405e-03
17.000000 4.231136e-03
17.250000 3.292234e-03
17.500000 2.390866e-03
17.750000 1.595089e-03
18.000000 1.093527e-03
18.250000 1.194175e-03
18.500000 1.703403e-03
18.750000 2.287984e-03
19.000000 2.832228e-03
19.250000 3.297871e-03
19.500000 3.669116e-03
19.750000 3.939331e-03
20.000000 4.107150e-03
20.250000 4.174983e-03
20.500000 4.148270e-03
20.750000 4.034960e-03
21.000000 3.845083e-03
21.250000 3.590355e-03
21.500000 3.283833e-03
21.750000 2.939641e-03
22.000000 2.572858e-03
22.250000 2.199708e-03
22.500000 1.838312e-03
22.750000 1.510364e-03
23.000000 1.243606e-03
23.250000 1.071351e-03
23.500000 1.017904e-03
23.750000 1.072895e-03
24.000000 1.195502e-03
24.250000 1.345705e-03
24.500000 1.498419e-03
24.750000 1.640822e-03
25.000000 1.767295e-03
25.250000 1.876032e-03
25.500000 1.967084e-03
25.750000 2.041219e-03
26.000000 2.099272e-03
26.250000 2.141819e-03
26.500000 2.169084e-03
26.750000 2.181034e-03
27.000000 2.177580e-03
27.250000 2.158841e-03
27.500000 2.125413e-03
27.750000 2.078588e-03
28.000000 2.020502e-03
28.250000 1.954161e-03
28.500000 1.883331e-03
28.750000 1.812239e-03
29.000000 1.745103e-03
29.250000 1.685485e-03
29.500000 1.635596e-03
29.750000 1.595744e-03
30.000000 1.564116e-03
30.250000 1.537023e-03
30.500000 1.509525e-03
30.750000 1.476236e-03
31.000000 1.432093e-03
31.250000 1.372951e-03
31.500000 1.296005e-03
31.750000 1.200059e-03
32.000000 1.085761e-03
32.250000 9.559377e-04
32.500000 8.162948e-04
32.750000 6.770821e-04
33.000000 5.566035e-04
33.250000 4.848807e-04
33.500000 4.918737e-04
33.750000 5.741620e-04
34.000000 6.995101e-04
34.250000 8.393920e-04
34.500000 9.765592e-04
34.750000 1.100844e-03
35.000000 1.205954e-03
35.250000 1.287983e-03
35.500000 1.344765e-03
35.750000 1.375571e-03
36.000000 1.380952e-03
36.250000 1.362622e-03
36.500000 1.323359e-03
36.750000 1.266896e-03
37.000000 1.197811e-03
37.250000 1.121379e-03
37.500000 1.043377e-03
37.750000 9.697701e-04
38.000000 9.062123e-04
38.250000 8.572956e-04
38.500000 8.256925e-04
38.750000 8.115711e-04
39.000000 8.127295e-04
39.250000 8.254816e-04
39.500000 8.458124e-04
39.750000 8.702549e-04
40.000000 8.962714e-04
40.250000 9.222264e-04
40.500000 9.471302e-04
40.750000 9.703052e-04
41.000000 9.910775e-04
41.250000 1.008558e-03
41.500000 1.021541e-03
41.750000 1.028529e-03
42.000000 1.027854e-03
42.250000 1.017868e-03
42.500000 9.971659e-04
42.750000 9.648236e-04
43.000000 9.206265e-04
43.250000 8.653102e-04
43.500000 8.008292e-04
43.750000 7.306929e-04
44.000000 6.603862e-04
44.250000 5.977362e-04
44.500000 5.525796e-04
44.750000 5.343736e-04
45.000000 5.474608e-04
45.250000 5.879470e-04
45.500000 6.461157e-04
45.750000 7.112079e-04
46.000000 7.741497e-04
46.250000 8.280969e-04
46.500000 8.681765e-04
46.750000 8.911633e-04
47.000000 8.952741e-04
47.250000 8.800804e-04
47.500000 8.465227e-04
47.750000 7.970298e-04
48.000000 7.357832e-04
48.250000 6.691753e-04
48.500000 6.064021e-04
48.750000 5.595730e-04
49.000000 5.415287e-04
49.250000 5.599952e-04
49.500000 6.125758e-04
49.750000 6.891421e-04
50.000000 7.780801e-04
