-50.000000 1.030464e-03
-49.750000 1.092224e-03
-49.500000 1.155230e-03
-49.250000 1.217296e-03
-49.000000 1.276589e-03
-48.750000 1.331613e-03
-48.500000 1.381190e-03
-48.250000 1.424433e-03
-48.000000 1.460737e-03
-47.750000 1.489762e-03
-47.500000 1.511430e-03
-47.250000 1.525918e-03
-47.000000 1.533658e-03
-46.750000 1.535331e-03
-46.500000 1.531859e-03
-46.250000 1.524395e-03
-46.000000 1.514293e-03
-45.750000 1.503074e-03
-45.500000 1.492365e-03
-45.250000 1.483818e-03
-45.000000 1.479003e-03
-44.750000 1.479295e-03
-44.500000 1.485751e-03
-44.250000 1.499003e-03
-44.000000 1.519195e-03
-43.750000 1.545966e-03
-43.500000 1.578484e-03
-43.250000 1.615524e-03
-43.000000 1.655569e-03
-42.750000 1.696919e-03
-42.500000 1.737791e-03
-42.250000 1.776403e-03
-42.000000 1.811038e-03
-41.750000 1.840096e-03
-41.500000 1.862128e-03
-41.250000 1.875858e-03
-41.000000 1.880204e-03
-40.750000 1.874290e-03
-40.500000 1.857456e-03
-40.250000 1.829263e-03
-40.000000 1.789509e-03
-39.750000 1.738235e-03
-39.500000 1.675743e-03
-39.250000 1.602616e-03
-39.000000 1.519752e-03
-38.750000 1.428413e-03
-38.500000 1.330306e-03
-38.250000 1.227707e-03
-38.000000 1.123640e-03
-37.750000 1.022145e-03
-37.500000 9.285965e-04
-37.250000 8.499070e-04
-37.000000 7.941836e-04
-36.750000 7.691131e-04
-36.500000 7.790714e-04
-36.250000 8.228967e-04
-36.000000 8.945951e-04
-35.750000 9.861779e-04
-35.500000 1.090065e-03
-35.250000 1.200053e-03
-35.000000 1.311351e-03
-34.750000 1.420309e-03
-34.500000 1.524134e-03
-34.250000 1.620677e-03
-34.000000 1.708290e-03
-33.750000 1.785739e-03
-33.500000 1.852150e-03
-33.250000 1.906979e-03
-33.000000 1.949997e-03
-32.750000 1.981290e-03
-32.500000 2.001256e-03
-32.250000 2.010613e-03
-32.000000 2.010409e-03
-31.750000 2.002022e-03
-31.500000 1.987168e-03
-31.250000 1.967889e-03
-31.000000 1.946523e-03
-30.750000 1.925656e-03
-30.500000 1.908026e-03
-30.250000 1.896390e-03
-30.000000 1.893346e-03
-29.750000 1.901131e-03
-29.500000 1.921418e-03
-29.250000 1.955167e-03
-29.000000 2.002559e-03
-28.750000 2.063022e-03
-28.500000 2.135357e-03
-28.250000 2.217912e-03
-28.000000 2.308773e-03
-27.750000 2.405936e-03
-27.500000 2.507449e-03
-27.250000 2.611520e-03
-27.000000 2.716578e-03
-26.750000 2.821322e-03
-26.500000 2.924738e-03
-26.250000 3.026108e-03
-26.000000 3.125001e-03
-25.750000 3.221260e-03
-25.500000 3.314975e-03
-25.250000 3.406454e-03
-25.000000 3.496178e-03
-24.750000 3.584755e-03
-24.500000 3.672865e-03
-24.250000 3.761199e-03
-24.000000 3.850400e-03
-23.750000 3.940998e-03
-23.500000 4.033358e-03
-23.250000 4.127627e-03
-23.000000 4.223704e-03
-22.750000 4.321210e-03
-22.500000 4.419484e-03
-22.250000 4.517586e-03
-22.000000 4.614321e-03
-21.750000 4.708263e-03
-21.500000 4.797799e-03
-21.250000 4.881172e-03
-21.000000 4.956530e-03
-20.750000 5.021975e-03
-20.500000 5.075609e-03
-20.250000 5.115590e-03
-20.000000 5.140169e-03
-19.750000 5.147737e-03
-19.500000 5.136868e-03
-19.250000 5.106356e-03
-19.000000 5.055252e-03
-18.750000 4.982905e-03
-18.500000 4.888998e-03
-18.250000 4.773594e-03
-18.000000 4.637182e-03
-17.750000 4.480734e-03
-17.500000 4.305783e-03
-17.250000 4.114515e-03
-17.000000 3.909901e-03
-16.750000 3.695866e-03
-16.500000 3.477516e-03
-16.250000 3.261410e-03
-16.000000 3.055856e-03
-15.750000 2.871101e-03
-15.500000 2.719177e-03
-15.250000 2.613010e-03
-15.000000 2.564454e-03
-14.750000 2.581537e-03
-14.500000 2.666190e-03
-14.250000 2.813919e-03
-14.000000 3.015612e-03
-13.750000 3.260193e-03
-13.500000 3.536738e-03
-13.250000 3.835604e-03
-13.000000 4.148777e-03
-12.750000 4.469817e-03
-12.500000 4.793659e-03
-12.250000 5.116398e-03
-12.000000 5.435100e-03
-11.750000 5.747664e-03
-11.500000 6.052703e-03
-11.250000 6.349465e-03
-11.000000 6.637753e-03
-10.750000 6.917860e-03
-10.500000 7.190502e-03
-10.250000 7.456746e-03
-10.000000 7.717932e-03
-9.750000 7.975584e-03
-9.500000 8.231317e-03
-9.250000 8.486736e-03
-9.000000 8.743331e-03
-8.750000 9.002377e-03
-8.500000 9.264837e-03
-8.250000 9.531282e-03
-8.000000 9.801824e-03
-7.750000 1.007607e-02
-7.500000 1.035309e-02
-7.250000 1.063144e-02
-7.000000 1.090915e-02
-6.750000 1.118379e-02
-6.500000 1.145249e-02
-6.250000 1.171205e-02
-6.000000 1.195897e-02
-5.750000 1.218956e-02
-5.500000 1.240000e-02
-5.250000 1.258642e-02
-5.000000 1.274499e-02
-4.750000 1.287197e-02
-4.500000 1.296382e-02
-4.250000 1.301723e-02
-4.000000 1.302918e-02
-3.750000 1.299704e-02
-3.500000 1.291859e-02
-3.250000 1.279207e-02
-3.000000 1.261629e-02
-2.750000 1.239059e-02
-2.500000 1.211500e-02
-2.250000 1.179022e-02
-2.000000 1.141774e-02
-1.750000 1.099992e-02
-1.500000 1.054014e-02
-1.250000 1.004288e-02
-1.000000 9.514026e-03
-0.750000 8.961122e-03
-0.500000 8.393787e-03
-0.250000 7.824272e-03
0.000000 7.268142e-03
0.250000 6.745026e-03
0.500000 6.279109e-03
0.750000 5.898701e-03
1.000000 5.633779e-03
1.250000 5.510626e-03
1.500000 5.544621e-03
1.750000 5.734980e-03
2.000000 6.065294e-03
2.250000 6.509345e-03
2.500000 7.038039e-03
2.750000 7.624140e-03
3.000000 8.244277e-03
3.250000 8.879193e-03
3.500000 9.513253e-03
3.750000 1.013377e-02
4.000000 1.073040e-02
4.250000 1.129469e-02
4.500000 1.181975e-02
4.750000 1.230000e-02
5.000000 1.273099e-02
5.250000 1.310938e-02
5.500000 1.343277e-02
5.750000 1.369975e-02
6.000000 1.390982e-02
6.250000 1.406341e-02
6.500000 1.416191e-02
6.750000 1.420759e-02
7.000000 1.420369e-02
7.250000 1.415442e-02
7.500000 1.406488e-02
7.750000 1.394116e-02
8.000000 1.379021e-02
8.250000 1.361985e-02
8.500000 1.343863e-02
8.750000 1.325569e-02
9.000000 1.308055e-02
9.250000 1.292275e-02
9.500000 1.279157e-02
9.750000 1.269547e-02
10.000000 1.264169e-02
10.250000 1.263576e-02
10.500000 1.268109e-02
10.750000 1.277879e-02
11.000000 1.292755e-02
11.250000 1.312388e-02
11.500000 1.336229e-02
11.750000 1.363582e-02
12.000000 1.393643e-02
12.250000 1.425548e-02
12.500000 1.458409e-02
12.750000 1.491354e-02
13.000000 1.523540e-02
13.250000 1.554184e-02
13.500000 1.582564e-02
13.750000 1.608034e-02
14.000000 1.630024e-02
14.250000 1.648041e-02
14.500000 1.661676e-02
14.750000 1.670592e-02
15.000000 1.674531e-02
15.250000 1.673307e-02
15.500000 1.666806e-02
15.750000 1.654979e-02
16.000000 1.637843e-02
16.250000 1.615474e-02
16.500000 1.588004e-02
16.750000 1.555619e-02
17.000000 1.518553e-02
17.250000 1.477084e-02
17.500000 1.431530e-02
17.750000 1.382247e-02
18.000000 1.329618e-02
18.250000 1.274059e-02
18.500000 1.216003e-02
18.750000 1.155906e-02
19.000000 1.094238e-02
19.250000 1.031477e-02
19.500000 9.681118e-03
19.750000 9.046337e-03
20.000000 8.415363e-03
20.250000 7.793126e-03
20.500000 7.184540e-03
20.750000 6.594490e-03
21.000000 6.027832e-03
21.250000 5.489393e-03
21.500000 4.983955e-03
21.750000 4.516235e-03
22.000000 4.090794e-03
22.250000 3.711874e-03
22.500000 3.383087e-03
22.750000 3.106938e-03
23.000000 2.884213e-03
23.250000 2.713385e-03
23.500000 2.590310e-03
23.750000 2.508453e-03
24.000000 2.459682e-03
24.250000 2.435369e-03
24.500000 2.427427e-03
24.750000 2.429019e-03
25.000000 2.434888e-03
25.250000 2.441381e-03
25.500000 2.446295e-03
25.750000 2.448648e-03
26.000000 2.448416e-03
26.250000 2.446283e-03
26.500000 2.443400e-03
26.750000 2.441157e-03
27.000000 2.440972e-03
27.250000 2.444110e-03
27.500000 2.451517e-03
27.750000 2.463711e-03
28.000000 2.480714e-03
28.250000 2.502040e-03
28.500000 2.526736e-03
28.750000 2.553458e-03
29.000000 2.580578e-03
29.250000 2.606294e-03
29.500000 2.628739e-03
29.750000 2.646082e-03
30.000000 2.656604e-03
30.250000 2.658761e-03
30.500000 2.651232e-03
30.750000 2.632950e-03
31.000000 2.603119e-03
31.250000 2.561231e-03
31.500000 2.507066e-03
31.750000 2.440697e-03
32.000000 2.362486e-03
32.250000 2.273086e-03
32.500000 2.173436e-03
32.750000 2.064770e-03
33.000000 1.948625e-03
33.250000 1.826859e-03
33.500000 1.701689e-03
33.750000 1.575737e-03
34.000000 1.452095e-03
34.250000 1.334388e-03
34.500000 1.226809e-03
34.750000 1.134022e-03
35.000000 1.060807e-03
35.250000 1.011306e-03
35.500000 9.879519e-04
35.750000 9.905433e-04
36.000000 1.016129e-03
36.250000 1.059834e-03
36.500000 1.116104e-03
36.750000 1.179698e-03
37.000000 1.246200e-03
37.250000 1.312146e-03
37.500000 1.374958e-03
37.750000 1.432815e-03
38.000000 1.484527e-03
38.250000 1.529423e-03
38.500000 1.567269e-03
38.750000 1.598198e-03
39.000000 1.622655e-03
39.250000 1.641344e-03
39.500000 1.655181e-03
39.750000 1.665238e-03
40.000000 1.672686e-03
40.250000 1.678731e-03
40.500000 1.684543e-03
40.750000 1.691183e-03
41.000000 1.699531e-03
41.250000 1.710226e-03
41.500000 1.723614e-03
41.750000 1.739733e-03
42.000000 1.758304e-03
42.250000 1.778759e-03
42.500000 1.800286e-03
42.750000 1.821883e-03
43.000000 1.842422e-03
43.250000 1.860712e-03
43.500000 1.875552e-03
43.750000 1.885788e-03
44.000000 1.890348e-03
44.250000 1.888274e-03
44.500000 1.878751e-03
44.750000 1.861121e-03
45.000000 1.834896e-03
45.250000 1.799767e-03
45.500000 1.755609e-03
45.750000 1.702483e-03
46.000000 1.640639e-03
46.250000 1.570516e-03
46.500000 1.492748e-03
46.750000 1.408168e-03
47.000000 1.317820e-03
47.250000 1.222982e-03
47.500000 1.125201e-03
47.750000 1.026354e-03
48.000000 9.287342e-04
48.250000 8.351799e-04
48.500000 7.492165e-04
48.750000 6.751360e-04
49.000000 6.177874e-04
49.250000 5.817205e-04
49.500000 5.695831e-04
49.750000 5.806382e-04
50.000000 6.108172e-04
