-50.000000 2.265527e-02
-49.750000 2.461482e-02
-49.500000 2.592889e-02
-49.250000 2.649708e-02
-49.000000 2.627630e-02
-48.750000 2.527908e-02
-48.500000 2.357729e-02
-48.250000 2.131322e-02
-48.000000 1.872390e-02
-47.750000 1.618689e-02
-47.500000 1.427092e-02
-47.250000 1.364435e-02
-47.000000 1.462723e-02
-46.750000 1.686314e-02
-46.500000 1.969625e-02
-46.250000 2.257843e-02
-46.000000 2.513553e-02
-45.750000 2.711954e-02
-45.500000 2.836958e-02
-45.250000 2.879277e-02
-45.000000 2.835722e-02
-44.750000 2.709201e-02
-44.500000 2.509354e-02
-44.250000 2.254101e-02
-44.000000 1.972899e-02
-43.750000 1.712333e-02
-43.500000 1.539651e-02
-43.250000 1.522981e-02
-43.000000 1.677271e-02
-42.750000 1.949715e-02
-42.500000 2.270394e-02
-42.250000 2.585272e-02
-42.000000 2.857768e-02
-41.750000 3.063525e-02
-41.500000 3.186889e-02
-41.250000 3.219295e-02
-41.000000 3.158742e-02
-40.750000 3.009942e-02
-40.500000 2.785110e-02
-40.250000 2.505744e-02
-40.000000 2.206047e-02
-39.750000 1.937902e-02
-39.500000 1.771046e-02
-39.250000 1.768221e-02
-39.000000 1.935725e-02
-38.750000 2.217872e-02
-38.500000 2.544260e-02
-38.250000 2.859291e-02
-38.000000 3.124422e-02
-37.750000 3.313744e-02
-37.500000 3.410726e-02
-37.250000 3.406636e-02
-37.000000 3.300033e-02
-36.750000 3.097014e-02
-36.500000 2.812335e-02
-36.250000 2.472118e-02
-36.000000 2.119630e-02
-35.750000 1.824637e-02
-35.500000 1.683090e-02
-35.250000 1.765248e-02
-35.000000 2.042551e-02
-34.750000 2.423014e-02
-34.500000 2.824581e-02
-34.250000 3.191874e-02
-34.000000 3.488594e-02
-33.750000 3.690840e-02
-33.500000 3.783908e-02
-33.250000 3.761108e-02
-33.000000 3.623673e-02
-32.750000 3.381465e-02
-32.500000 3.054826e-02
-32.250000 2.678573e-02
-32.000000 2.309695e-02
-31.750000 2.036288e-02
-31.500000 1.962906e-02
-31.250000 2.136295e-02
-31.000000 2.496584e-02
-30.750000 2.943047e-02
-30.500000 3.394674e-02
-30.250000 3.796676e-02
-30.000000 4.112370e-02
-29.750000 4.317440e-02
-29.500000 4.397329e-02
-29.250000 4.346395e-02
-29.000000 4.168090e-02
-28.750000 3.876042e-02
-28.500000 3.496503e-02
-28.250000 3.073329e-02
-28.000000 2.676479e-02
-27.750000 2.407954e-02
-27.500000 2.374212e-02
-27.250000 2.605014e-02
-27.000000 3.024675e-02
-26.750000 3.525912e-02
-26.500000 4.023496e-02
-26.250000 4.458844e-02
-26.000000 4.792459e-02
-25.750000 4.998606e-02
-25.500000 5.062968e-02
-25.250000 4.982128e-02
-25.000000 4.764284e-02
-24.750000 4.431264e-02
-24.500000 4.022463e-02
-24.250000 3.601328e-02
-24.000000 3.261552e-02
-23.750000 3.116188e-02
-23.500000 3.242935e-02
-23.250000 3.622672e-02
-23.000000 4.161165e-02
-22.750000 4.754938e-02
-22.500000 5.321814e-02
-22.250000 5.801946e-02
-22.000000 6.152751e-02
-21.750000 6.345360e-02
-21.500000 6.363032e-02
-21.250000 6.200910e-02
-21.000000 5.866783e-02
-20.750000 5.383144e-02
-20.500000 4.791568e-02
-20.250000 4.161552e-02
-20.000000 3.605016e-02
-19.750000 3.281405e-02
-19.500000 3.334099e-02
-19.250000 3.760910e-02
-19.000000 4.420565e-02
-18.750000 5.158830e-02
-18.500000 5.863207e-02
-18.250000 6.457662e-02
-18.000000 6.890632e-02
-17.750000 7.128345e-02
-17.500000 7.152226e-02
-17.250000 6.958620e-02
-17.000000 6.560225e-02
-16.750000 5.989676e-02
-16.500000 5.307118e-02
-16.250000 4.614749e-02
-16.000000 4.075804e-02
-15.750000 3.897817e-02
-15.500000 4.202476e-02
-15.250000 4.904401e-02
-15.000000 5.811981e-02
-14.750000 6.758243e-02
-14.500000 7.625521e-02
-14.250000 8.331796e-02
-14.000000 8.819306e-02
-13.750000 9.049367e-02
-13.500000 9.001040e-02
-13.250000 8.672173e-02
-13.000000 8.082770e-02
-12.750000 7.282245e-02
-12.500000 6.364725e-02
-12.250000 5.498427e-02
-12.000000 4.955724e-02
-11.750000 5.035836e-02
-11.500000 5.803296e-02
-11.250000 7.035409e-02
-11.000000 8.464416e-02
-10.750000 9.893906e-02
-10.500000 1.118845e-01
-10.250000 1.225074e-01
-10.000000 1.301004e-01
-9.750000 1.341849e-01
-9.500000 1.345187e-01
-9.250000 1.311334e-01
-9.000000 1.244069e-01
-8.750000 1.151908e-01
-8.500000 1.050193e-01
-8.250000 9.635978e-02
-8.000000 9.252558e-02
-7.750000 9.640208e-02
-7.500000 1.084149e-01
-7.250000 1.264323e-01
-7.000000 1.475315e-01
-6.750000 1.691418e-01
-6.500000 1.892248e-01
-6.250000 2.061696e-01
-6.000000 2.187078e-01
-5.750000 2.258925e-01
-5.500000 2.271398e-01
-5.250000 2.223354e-01
-5.000000 2.120442e-01
-4.750000 1.979010e-01
-4.500000 1.832779e-01
-4.250000 1.740434e-01
-4.000000 1.779780e-01
-3.750000 2.007888e-01
-3.500000 2.422708e-01
-3.250000 2.982312e-01
-3.000000 3.640923e-01
-2.750000 4.361309e-01
-2.500000 5.113727e-01
-2.250000 5.873096e-01
-2.000000 6.617203e-01
-1.750000 7.325864e-01
-1.500000 7.980664e-01
-1.250000 8.564988e-01
-1.000000 9.064205e-01
-0.750000 9.465905e-01
-0.500000 9.760140e-01
-0.250000 9.939639e-01
0.000000 9.999968e-01
0.250000 9.939639e-01
0.500000 9.760140e-01
0.750000 9.465905e-01
1.000000 9.064205e-01
1.250000 8.564988e-01
1.500000 7.980664e-01
1.750000 7.325864e-01
2.000000 6.617203e-01
2.250000 5.873096e-01
2.500000 5.113727e-01
2.750000 4.361309e-01
3.000000 3.640923e-01
3.250000 2.982312e-01
3.500000 2.422708e-01
3.750000 2.007888e-01
4.000000 1.779780e-01
4.250000 1.740434e-01
4.500000 1.832779e-01
4.750000 1.979010e-01
5.000000 2.120442e-01
5.250000 2.223354e-01
5.500000 2.271398e-01
5.750000 2.258925e-01
6.000000 2.187078e-01
6.250000 2.061696e-01
6.500000 1.892248e-01
6.750000 1.691418e-01
7.000000 1.475315e-01
7.250000 1.264323e-01
7.500000 1.084149e-01
7.750000 9.640208e-02
8.000000 9.252558e-02
8.250000 9.635978e-02
8.500000 1.050193e-01
8.750000 1.151908e-01
9.000000 1.244069e-01
9.250000 1.311334e-01
9.500000 1.345187e-01
9.750000 1.341849e-01
10.000000 1.301004e-01
10.250000 1.225074e-01
10.500000 1.118845e-01
10.750000 9.893906e-02
11.000000 8.464416e-02
11.250000 7.035409e-02
11.500000 5.803296e-02
11.750000 5.035836e-02
12.000000 4.955724e-02
12.250000 5.498427e-02
12.500000 6.364725e-02
12.750000 7.282245e-02
13.000000 8.082770e-02
13.250000 8.672173e-02
13.500000 9.001040e-02
13.750000 9.049367e-02
14.000000 8.819306e-02
14.250000 8.331796e-02
14.500000 7.625521e-02
14.750000 6.758243e-02
15.000000 5.811981e-02
15.250000 4.904401e-02
15.500000 4.202476e-02
15.750000 3.897817e-02
16.000000 4.075804e-02
16.250000 4.614749e-02
16.500000 5.307118e-02
16.750000 5.989676e-02
17.000000 6.560225e-02
17.250000 6.958620e-02
17.500000 7.152226e-02
17.750000 7.128345e-02
18.000000 6.890632e-02
18.250000 6.457662e-02
18.500000 5.863207e-02
18.750000 5.158830e-02
19.000000 4.420565e-02
19.250000 3.760910e-02
19.500000 3.334099e-02
19.750000 3.281405e-02
20.000000 3.605016e-02
20.250000 4.161552e-02
20.500000 4.791568e-02
20.750000 5.383144e-02
21.000000 5.866783e-02
21.250000 6.200910e-02
21.500000 6.363032e-02
21.750000 6.345360e-02
22.000000 6.152751e-02
22.250000 5.801946e-02
22.500000 5.321814e-02
22.750000 4.754938e-02
23.000000 4.161165e-02
23.250000 3.622672e-02
23.500000 3.242935e-02
23.750000 3.116188e-02
24.000000 3.261552e-02
24.250000 3.601328e-02
24.500000 4.022463e-02
24.750000 4.431264e-02
25.000000 4.764284e-02
25.250000 4.982128e-02
25.500000 5.062968e-02
25.750000 4.998606e-02
26.000000 4.792459e-02
26.250000 4.458844e-02
26.500000 4.023496e-02
26.750000 3.525912e-02
27.000000 3.024675e-02
27.250000 2.605014e-02
27.500000 2.374212e-02
27.750000 2.407954e-02
28.000000 2.676479e-02
28.250000 3.073329e-02
28.500000 3.496503e-02
28.750000 3.876042e-02
29.000000 4.168090e-02
29.250000 4.346395e-02
29.500000 4.397329e-02
29.750000 4.317440e-02
30.000000 4.112370e-02
30.250000 3.796676e-02
30.500000 3.394674e-02
30.750000 2.943047e-02
31.000000 2.496584e-02
31.250000 2.136295e-02
31.500000 1.962906e-02
31.750000 2.036288e-02
32.000000 2.309695e-02
32.250000 2.678573e-02
32.500000 3.054826e-02
32.750000 3.381465e-02
33.000000 3.623673e-02
33.250000 3.761108e-02
33.500000 3.783908e-02
33.750000 3.690840e-02
34.000000 3.488594e-02
34.250000 3.191874e-02
34.500000 2.824581e-02
34.750000 2.423014e-02
35.000000 2.042551e-02
35.250000 1.765248e-02
35.500000 1.683090e-02
35.750000 1.824637e-02
36.000000 2.119630e-02
36.250000 2.472118e-02
36.500000 2.812335e-02
36.750000 3.097014e-02
37.000000 3.300033e-02
37.250000 3.406636e-02
37.500000 3.410726e-02
37.750000 3.313744e-02
38.000000 3.124422e-02
38.250000 2.859291e-02
38.500000 2.544260e-02
38.750000 2.217872e-02
39.000000 1.935725e-02
39.250000 1.768221e-02
39.500000 1.771046e-02
39.750000 1.937902e-02
40.000000 2.206047e-02
40.250000 2.505744e-02
40.500000 2.785110e-02
40.750000 3.009942e-02
41.000000 3.158742e-02
41.250000 3.219295e-02
41.500000 3.186889e-02
41.750000 3.063525e-02
42.000000 2.857768e-02
42.250000 2.585272e-02
42.500000 2.270394e-02
42.750000 1.949715e-02
43.000000 1.677271e-02
43.250000 1.522981e-02
43.500000 1.539651e-02
43.750000 1.712333e-02
44.000000 1.972899e-02
44.250000 2.254101e-02
44.500000 2.509354e-02
44.750000 2.709201e-02
45.000000 2.835722e-02
45.250000 2.879277e-02
45.500000 2.836958e-02
45.750000 2.711954e-02
46.000000 2.513553e-02
46.250000 2.257843e-02
46.500000 1.969625e-02
46.750000 1.686314e-02
47.000000 1.462723e-02
47.250000 1.364435e-02
47.500000 1.427092e-02
47.750000 1.618689e-02
48.000000 1.872390e-02
48.250000 2.131322e-02
48.500000 2.357729e-02
48.750000 2.527908e-02
49.000000 2.627630e-02
49.250000 2.649708e-02
49.500000 2.592889e-02
49.750000 2.461482e-02
50.000000 2.265527e-02
