-50.000000 4.909499e-05
-49.750000 2.952876e-05
-49.500000 8.146354e-05
-49.250000 1.404074e-04
-49.000000 2.000783e-04
-48.750000 2.596670e-04
-48.500000 3.188336e-04
-48.250000 3.773386e-04
-48.000000 4.349750e-04
-47.750000 4.915492e-04
-47.500000 5.468753e-04
-47.250000 6.007724e-04
-47.000000 6.530639e-04
-46.750000 7.035779e-04
-46.500000 7.521468e-04
-46.250000 7.986085e-04
-46.000000 8.428060e-04
-45.750000 8.845888e-04
-45.500000 9.238128e-04
-45.250000 9.603413e-04
-45.000000 9.940454e-04
-44.750000 1.024804e-03
-44.500000 1.052506e-03
-44.250000 1.077049e-03
-44.000000 1.098339e-03
-43.750000 1.116295e-03
-43.500000 1.130845e-03
-43.250000 1.141928e-03
-43.000000 1.149496e-03
-42.750000 1.153510e-03
-42.500000 1.153947e-03
-42.250000 1.150792e-03
-42.000000 1.144046e-03
-41.750000 1.133721e-03
-41.500000 1.119843e-03
-41.250000 1.102451e-03
-41.000000 1.081597e-03
-40.750000 1.057345e-03
-40.500000 1.029776e-03
-40.250000 9.989802e-04
-40.000000 9.650653e-04
-39.750000 9.281512e-04
-39.500000 8.883721e-04
-39.250000 8.458775e-04
-39.000000 8.008322e-04
-38.750000 7.534181e-04
-38.500000 7.038362e-04
-38.250000 6.523098e-04
-38.000000 5.990902e-04
-37.750000 5.444665e-04
-37.500000 4.887816e-04
-37.250000 4.324623e-04
-37.000000 3.760759e-04
-36.750000 3.204426e-04
-36.500000 2.668729e-04
-36.250000 2.176773e-04
-36.000000 1.771804e-04
-35.750000 1.528183e-04
-35.500000 1.524720e-04
-35.250000 1.758881e-04
-35.000000 2.148502e-04
-34.750000 2.618070e-04
-34.500000 3.124015e-04
-34.250000 3.643100e-04
-34.000000 4.162134e-04
-33.750000 4.672830e-04
-33.500000 5.169435e-04
-33.250000 5.647598e-04
-33.000000 6.103812e-04
-32.750000 6.535120e-04
-32.500000 6.938954e-04
-32.250000 7.313050e-04
-32.000000 7.655396e-04
-31.750000 7.964213e-04
-31.500000 8.237937e-04
-31.250000 8.475229e-04
-31.000000 8.674970e-04
-30.750000 8.836286e-04
-30.500000 8.958558e-04
-30.250000 9.041446e-04
-30.000000 9.084927e-04
-29.750000 9.089325e-04
-29.500000 9.055363e-04
-29.250000 8.984222e-04
-29.000000 8.877617e-04
-28.750000 8.737893e-04
-28.500000 8.568143e-04
-28.250000 8.372357e-04
-28.000000 8.155608e-04
-27.750000 7.924264e-04
-27.500000 7.686232e-04
-27.250000 7.451201e-04
-27.000000 7.230824e-04
-26.750000 7.038741e-04
-26.500000 6.890300e-04
-26.250000 6.801787e-04
-26.000000 6.789097e-04
-25.750000 6.865947e-04
-25.500000 7.042077e-04
-25.250000 7.322037e-04
-25.000000 7.705023e-04
-24.750000 8.185717e-04
-24.500000 8.755719e-04
-24.250000 9.405016e-04
-24.000000 1.012315e-03
-23.750000 1.089993e-03
-23.500000 1.172585e-03
-23.250000 1.259220e-03
-23.000000 1.349104e-03
-22.750000 1.441516e-03
-22.500000 1.535794e-03
-22.250000 1.631331e-03
-22.000000 1.727558e-03
-21.750000 1.823943e-03
-21.500000 1.919984e-03
-21.250000 2.015202e-03
-21.000000 2.109141e-03
-20.750000 2.201360e-03
-20.500000 2.291439e-03
-20.250000 2.378972e-03
-20.000000 2.463569e-03
-19.750000 2.544852e-03
-19.500000 2.622461e-03
-19.250000 2.696051e-03
-19.000000 2.765291e-03
-18.750000 2.829867e-03
-18.500000 2.889484e-03
-18.250000 2.943864e-03
-18.000000 2.992746e-03
-17.750000 3.035894e-03
-17.500000 3.073090e-03
-17.250000 3.104142e-03
-17.000000 3.128880e-03
-16.750000 3.147162e-03
-16.500000 3.158875e-03
-16.250000 3.163934e-03
-16.000000 3.162287e-03
-15.750000 3.153918e-03
-15.500000 3.138848e-03
-15.250000 3.117138e-03
-15.000000 3.088895e-03
-14.750000 3.054275e-03
-14.500000 3.013486e-03
-14.250000 2.966800e-03
-14.000000 2.914552e-03
-13.750000 2.857157e-03
-13.500000 2.795113e-03
-13.250000 2.729017e-03
-13.000000 2.659577e-03
-12.750000 2.587629e-03
-12.500000 2.514153e-03
-12.250000 2.440292e-03
-12.000000 2.367368e-03
-11.750000 2.296897e-03
-11.500000 2.230593e-03
-11.250000 2.170358e-03
-11.000000 2.118249e-03
-10.750000 2.076412e-03
-10.500000 2.046980e-03
-10.250000 2.031934e-03
-10.000000 2.032949e-03
-9.750000 2.051239e-03
-9.500000 2.087453e-03
-9.250000 2.141627e-03
-9.000000 2.213223e-03
-8.750000 2.301224e-03
-8.500000 2.404268e-03
-8.250000 2.520783e-03
-8.000000 2.649107e-03
-7.750000 2.787575e-03
-7.500000 2.934583e-03
-7.250000 3.088617e-03
-7.000000 3.248270e-03
-6.750000 3.412248e-03
-6.500000 3.579361e-03
-6.250000 3.748515e-03
-6.000000 3.918706e-03
-5.750000 4.089008e-03
-5.500000 4.258564e-03
-5.250000 4.426576e-03
-5.000000 4.592305e-03
-4.750000 4.755056e-03
-4.500000 4.914180e-03
-4.250000 5.069068e-03
-4.000000 5.219149e-03
-3.750000 5.363886e-03
-3.500000 5.502774e-03
-3.250000 5.635341e-03
-3.000000 5.761143e-03
-2.750000 5.879769e-03
-2.500000 5.990835e-03
-2.250000 6.093985e-03
-2.000000 6.188893e-03
-1.750000 6.275260e-03
-1.500000 6.352818e-03
-1.250000 6.421323e-03
-1.000000 6.480563e-03
-0.750000 6.530352e-03
-0.500000 6.570535e-03
-0.250000 6.600982e-03
0.000000 6.621596e-03
0.250000 6.632304e-03
0.500000 6.633066e-03
0.750000 6.623867e-03
1.000000 6.604723e-03
1.250000 6.575676e-03
1.500000 6.536800e-03
1.750000 6.488193e-03
2.000000 6.429983e-03
2.250000 6.362327e-03
2.500000 6.285408e-03
2.750000 6.199435e-03
3.000000 6.104647e-03
3.250000 6.001308e-03
3.500000 5.889709e-03
3.750000 5.770167e-03
4.000000 5.643026e-03
4.250000 5.508656e-03
4.500000 5.367454e-03
4.750000 5.219842e-03
5.000000 5.066272e-03
5.250000 4.907221e-03
5.500000 4.743197e-03
5.750000 4.574740e-03
6.000000 4.402422e-03
6.250000 4.226850e-03
6.500000 4.048673e-03
6.750000 3.868586e-03
7.000000 3.687336e-03
7.250000 3.505732e-03
7.500000 3.324656e-03
7.750000 3.145074e-03
8.000000 2.968062e-03
8.250000 2.794815e-03
8.500000 2.626683e-03
8.750000 2.465188e-03
9.000000 2.312051e-03
9.250000 2.169210e-03
9.500000 2.038810e-03
9.750000 1.923159e-03
10.000000 1.824625e-03
10.250000 1.745443e-03
10.500000 1.687451e-03
10.750000 1.651785e-03
11.000000 1.638624e-03
11.250000 1.647077e-03
11.500000 1.675272e-03
11.750000 1.720623e-03
12.000000 1.780164e-03
12.250000 1.850862e-03
12.500000 1.929844e-03
12.750000 2.014527e-03
13.000000 2.102663e-03
13.250000 2.192344e-03
13.500000 2.281968e-03
13.750000 2.370201e-03
14.000000 2.455940e-03
14.250000 2.538271e-03
14.500000 2.616441e-03
14.750000 2.689830e-03
15.000000 2.757931e-03
15.250000 2.820332e-03
15.500000 2.876702e-03
15.750000 2.926781e-03
16.000000 2.970369e-03
16.250000 3.007322e-03
16.500000 3.037543e-03
16.750000 3.060979e-03
17.000000 3.077617e-03
17.250000 3.087482e-03
17.500000 3.090629e-03
17.750000 3.087148e-03
18.000000 3.077155e-03
18.250000 3.060795e-03
18.500000 3.038239e-03
18.750000 3.009680e-03
19.000000 2.975335e-03
19.250000 2.935443e-03
19.500000 2.890263e-03
19.750000 2.840073e-03
20.000000 2.785170e-03
20.250000 2.725868e-03
20.500000 2.662499e-03
20.750000 2.595409e-03
21.000000 2.524964e-03
21.250000 2.451542e-03
21.500000 2.375538e-03
21.750000 2.297362e-03
22.000000 2.217439e-03
22.250000 2.136210e-03
22.500000 2.054134e-03
22.750000 1.971686e-03
23.000000 1.889356e-03
23.250000 1.807658e-03
23.500000 1.727120e-03
23.750000 1.648291e-03
24.000000 1.571738e-03
24.250000 1.498043e-03
24.500000 1.427800e-03
24.750000 1.361604e-03
25.000000 1.300043e-03
25.250000 1.243676e-03
25.500000 1.193012e-03
25.750000 1.148482e-03
26.000000 1.110406e-03
26.250000 1.078963e-03
26.500000 1.054161e-03
26.750000 1.035827e-03
27.000000 1.023606e-03
27.250000 1.016975e-03
27.500000 1.015278e-03
27.750000 1.017765e-03
28.000000 1.023635e-03
28.250000 1.032078e-03
28.500000 1.042305e-03
28.750000 1.053574e-03
29.000000 1.065205e-03
29.250000 1.076592e-03
29.500000 1.087200e-03
29.750000 1.096566e-03
30.000000 1.104299e-03
30.250000 1.110068e-03
30.500000 1.113606e-03
30.750000 1.114694e-03
31.000000 1.113163e-03
31.250000 1.108889e-03
31.500000 1.101784e-03
31.750000 1.091795e-03
32.000000 1.078901e-03
32.250000 1.063108e-03
32.500000 1.044448e-03
32.750000 1.022975e-03
33.000000 9.987646e-04
33.250000 9.719084e-04
33.500000 9.425160e-04
33.750000 9.107116e-04
34.000000 8.766322e-04
34.250000 8.404268e-04
34.500000 8.022549e-04
34.750000 7.622849e-04
35.000000 7.206936e-04
35.250000 6.776649e-04
35.500000 6.333890e-04
35.750000 5.880619e-04
36.000000 5.418853e-04
36.250000 4.950664e-04
36.500000 4.478191e-04
36.750000 4.003666e-04
37.000000 3.529461e-04
37.250000 3.058187e-04
37.500000 2.592910e-04
37.750000 2.137616e-04
38.000000 1.698349e-04
38.250000 1.286363e-04
38.500000 9.277942e-05
38.750000 6.909136e-05
39.000000 6.885964e-05
39.250000 9.036932e-05
39.500000 1.211086e-04
39.750000 1.543842e-04
40.000000 1.877200e-04
40.250000 2.200879e-04
40.500000 2.509747e-04
40.750000 2.800804e-04
41.000000 3.072082e-04
41.250000 3.322187e-04
41.500000 3.550092e-04
41.750000 3.755031e-04
42.000000 3.936439e-04
42.250000 4.093929e-04
42.500000 4.227266e-04
42.750000 4.336359e-04
43.000000 4.421254e-04
43.250000 4.482128e-04
43.500000 4.519286e-04
43.750000 4.533159e-04
44.000000 4.524303e-04
44.250000 4.493402e-04
44.500000 4.441262e-04
44.750000 4.368821e-04
45.000000 4.277149e-04
45.250000 4.167457e-04
45.500000 4.041103e-04
45.750000 3.899611e-04
46.000000 3.744687e-04
46.250000 3.578250e-04
46.500000 3.402469e-04
46.750000 3.219818e-04
47.000000 3.033142e-04
47.250000 2.845749e-04
47.500000 2.661521e-04
47.750000 2.485020e-04
48.000000 2.321582e-04
48.250000 2.177296e-04
48.500000 2.058765e-04
48.750000 1.972493e-04
49.000000 1.923858e-04
49.250000 1.915881e-04
49.500000 1.948357e-04
49.750000 2.017858e-04
50.000000 2.118617e-04
