-50.000000 1.499756e-03
-49.750000 1.579825e-03
-49.500000 1.619067e-03
-49.250000 1.613695e-03
-49.000000 1.565047e-03
-48.750000 1.479750e-03
-48.500000 1.370102e-03
-48.250000 1.254419e-03
-48.000000 1.156273e-03
-47.750000 1.099907e-03
-47.500000 1.099857e-03
-47.250000 1.151347e-03
-47.000000 1.232878e-03
-46.750000 1.317804e-03
-46.500000 1.382926e-03
-46.250000 1.411197e-03
-46.000000 1.391649e-03
-45.750000 1.318710e-03
-45.500000 1.191628e-03
-45.250000 1.014103e-03
-45.000000 7.944182e-04
-44.750000 5.476507e-04
-44.500000 3.124080e-04
-44.250000 2.556499e-04
-44.000000 4.635719e-04
-43.750000 7.255526e-04
-43.500000 9.762631e-04
-43.250000 1.196202e-03
-43.000000 1.375491e-03
-42.750000 1.509403e-03
-42.500000 1.597818e-03
-42.250000 1.645281e-03
-42.000000 1.660971e-03
-41.750000 1.658143e-03
-41.500000 1.652553e-03
-41.250000 1.659428e-03
-41.000000 1.689336e-03
-40.750000 1.744738e-03
-40.500000 1.819376e-03
-40.250000 1.900847e-03
-40.000000 1.974548e-03
-39.750000 2.027050e-03
-39.500000 2.048254e-03
-39.250000 2.032557e-03
-39.000000 1.979393e-03
-38.750000 1.893444e-03
-38.500000 1.784527e-03
-38.250000 1.666969e-03
-38.000000 1.557889e-03
-37.750000 1.473561e-03
-37.500000 1.423855e-03
-37.250000 1.407288e-03
-37.000000 1.410804e-03
-36.750000 1.414922e-03
-36.500000 1.400418e-03
-36.250000 1.353272e-03
-36.000000 1.267921e-03
-35.750000 1.150758e-03
-35.500000 1.026288e-03
-35.250000 9.454652e-04
-35.000000 9.767164e-04
-34.750000 1.151899e-03
-34.500000 1.438280e-03
-34.250000 1.783301e-03
-34.000000 2.144397e-03
-33.750000 2.489949e-03
-33.500000 2.795588e-03
-33.250000 3.042259e-03
-33.000000 3.215670e-03
-32.750000 3.306357e-03
-32.500000 3.309933e-03
-32.250000 3.227345e-03
-32.000000 3.065063e-03
-31.750000 2.835205e-03
-31.500000 2.555691e-03
-31.250000 2.250529e-03
-31.000000 1.950156e-03
-30.750000 1.690777e-03
-30.500000 1.508916e-03
-30.250000 1.426142e-03
-30.000000 1.431875e-03
-29.750000 1.487807e-03
-29.500000 1.551553e-03
-29.250000 1.593331e-03
-29.000000 1.599719e-03
-28.750000 1.572502e-03
-28.500000 1.527017e-03
-28.250000 1.489481e-03
-28.000000 1.489942e-03
-27.750000 1.548962e-03
-27.500000 1.665398e-03
-27.250000 1.816941e-03
-27.000000 1.971197e-03
-26.750000 2.095892e-03
-26.500000 2.163963e-03
-26.250000 2.155559e-03
-26.000000 2.059319e-03
-25.750000 1.874516e-03
-25.500000 1.616391e-03
-25.250000 1.331108e-03
-25.000000 1.131700e-03
-24.750000 1.198956e-03
-24.500000 1.579740e-03
-24.250000 2.148126e-03
-24.000000 2.797108e-03
-23.750000 3.465462e-03
-23.500000 4.113854e-03
-23.250000 4.713888e-03
-23.000000 5.244749e-03
-22.750000 5.692434e-03
-22.500000 6.049661e-03
-22.250000 6.315726e-03
-22.000000 6.495923e-03
-21.750000 6.600363e-03
-21.500000 6.642085e-03
-21.250000 6.634550e-03
-21.000000 6.588841e-03
-20.750000 6.511101e-03
-20.500000 6.400893e-03
-20.250000 6.251022e-03
-20.000000 6.048936e-03
-19.750000 5.779400e-03
-19.500000 5.427835e-03
-19.250000 4.983775e-03
-19.000000 4.444233e-03
-18.750000 3.817406e-03
-18.500000 3.128575e-03
-18.250000 2.434135e-03
-18.000000 1.859421e-03
-17.750000 1.644573e-03
-17.500000 1.935901e-03
-17.250000 2.526539e-03
-17.000000 3.182733e-03
-16.750000 3.780221e-03
-16.500000 4.250583e-03
-16.250000 4.551237e-03
-16.000000 4.656701e-03
-15.750000 4.557635e-03
-15.500000 4.263816e-03
-15.250000 3.811976e-03
-15.000000 3.284085e-03
-14.750000 2.843575e-03
-14.500000 2.748423e-03
-14.250000 3.172238e-03
-14.000000 4.005413e-03
-13.750000 5.034580e-03
-13.500000 6.100246e-03
-13.250000 7.095163e-03
-13.000000 7.941834e-03
-12.750000 8.581796e-03
-12.500000 8.972110e-03
-12.250000 9.084773e-03
-12.000000 8.907136e-03
-11.750000 8.442579e-03
-11.500000 7.711340e-03
-11.250000 6.752051e-03
-11.000000 5.626013e-03
-10.750000 4.430706e-03
-10.500000 3.342193e-03
-10.250000 2.705720e-03
-10.000000 2.899858e-03
-9.750000 3.747993e-03
-9.500000 4.826145e-03
-9.250000 5.908583e-03
-9.000000 6.907582e-03
-8.750000 7.801001e-03
-8.500000 8.605177e-03
-8.250000 9.361434e-03
-8.000000 1.012290e-02
-7.750000 1.093835e-02
-7.500000 1.183576e-02
-7.250000 1.281095e-02
-7.000000 1.382555e-02
-6.750000 1.481356e-02
-6.500000 1.569310e-02
-6.250000 1.637978e-02
-6.000000 1.680057e-02
-5.750000 1.690867e-02
-5.500000 1.670217e-02
-5.250000 1.624952e-02
-5.000000 1.572399e-02
-4.750000 1.543574e-02
-4.500000 1.581136e-02
-4.250000 1.724808e-02
-4.000000 1.990821e-02
-3.750000 2.367790e-02
-3.500000 2.830034e-02
-3.250000 3.349580e-02
-3.000000 3.900502e-02
-2.750000 4.459375e-02
-2.500000 5.004894e-02
-2.250000 5.517662e-02
-2.000000 5.980236e-02
-1.750000 6.377378e-02
-1.500000 6.696376e-02
-1.250000 6.927396e-02
-1.000000 7.063785e-02
-0.750000 7.102314e-02
-0.500000 7.043308e-02
-0.250000 6.890684e-02
0.000000 6.651862e-02
0.250000 6.337559e-02
0.500000 5.961477e-02
0.750000 5.539857e-02
1.000000 5.090922e-02
1.250000 4.634126e-02
1.500000 4.189157e-02
1.750000 3.774534e-02
2.000000 3.405682e-02
2.250000 3.092560e-02
2.500000 2.837441e-02
2.750000 2.634019e-02
3.000000 2.468926e-02
3.250000 2.325496e-02
3.500000 2.188277e-02
3.750000 2.046706e-02
4.000000 1.897381e-02
4.250000 1.745239e-02
4.500000 1.603969e-02
4.750000 1.494900e-02
5.000000 1.441919e-02
5.250000 1.460765e-02
5.500000 1.548929e-02
5.750000 1.686749e-02
6.000000 1.847726e-02
6.250000 2.007171e-02
6.500000 2.145482e-02
6.750000 2.248362e-02
7.000000 2.306203e-02
7.250000 2.313448e-02
7.500000 2.268091e-02
7.750000 2.171263e-02
8.000000 2.026875e-02
8.250000 1.841271e-02
8.500000 1.622931e-02
8.750000 1.382286e-02
9.000000 1.131848e-02
9.250000 8.871745e-03
9.500000 6.698836e-03
9.750000 5.137365e-03
10.000000 4.598221e-03
10.250000 5.066405e-03
10.500000 5.988653e-03
10.750000 6.905801e-03
11.000000 7.600806e-03
11.250000 7.988406e-03
11.500000 8.048580e-03
11.750000 7.799549e-03
12.000000 7.286522e-03
12.250000 6.576913e-03
12.500000 5.759297e-03
12.750000 4.945030e-03
13.000000 4.267486e-03
13.250000 3.858689e-03
13.500000 3.778795e-03
13.750000 3.956330e-03
14.000000 4.240440e-03
14.250000 4.493545e-03
14.500000 4.625772e-03
14.750000 4.589866e-03
15.000000 4.370093e-03
15.250000 3.974524e-03
15.500000 3.431185e-03
15.750000 2.788816e-03
16.000000 2.127932e-03
16.250000 1.598530e-03
16.500000 1.449204e-03
16.750000 1.755411e-03
17.000000 2.265655e-03
17.250000 2.774925e-03
17.500000 3.188631e-03
17.750000 3.463142e-03
18.000000 3.580649e-03
18.250000 3.541586e-03
18.500000 3.363044e-03
18.750000 3.080252e-03
19.000000 2.751021e-03
19.250000 2.461533e-03
19.500000 2.319210e-03
19.750000 2.401948e-03
20.000000 2.693189e-03
20.250000 3.103895e-03
20.500000 3.541545e-03
20.750000 3.938718e-03
21.000000 4.252030e-03
21.250000 4.456511e-03
21.500000 4.541875e-03
21.750000 4.510491e-03
22.000000 4.376226e-03
22.250000 4.163586e-03
22.500000 3.906606e-03
22.750000 3.646587e-03
23.000000 3.426952e-03
23.250000 3.283581e-03
23.500000 3.232412e-03
23.750000 3.262314e-03
24.000000 3.340335e-03
24.250000 3.425277e-03
24.500000 3.479693e-03
24.750000 3.475870e-03
25.000000 3.397241e-03
25.250000 3.237674e-03
25.500000 3.000088e-03
25.750000 2.694994e-03
26.000000 2.339199e-03
26.250000 1.954995e-03
26.500000 1.570487e-03
26.750000 1.222451e-03
27.000000 9.623779e-04
27.250000 8.507240e-04
27.500000 9.016963e-04
27.750000 1.054409e-03
28.000000 1.246871e-03
28.250000 1.452854e-03
28.500000 1.669715e-03
28.750000 1.903776e-03
29.000000 2.160861e-03
29.250000 2.440995e-03
29.500000 2.736776e-03
29.750000 3.034468e-03
30.000000 3.316376e-03
30.250000 3.563389e-03
30.500000 3.757157e-03
30.750000 3.881772e-03
31.000000 3.925009e-03
31.250000 3.879178e-03
31.500000 3.741643e-03
31.750000 3.515071e-03
32.000000 3.207458e-03
32.250000 2.832088e-03
32.500000 2.407686e-03
32.750000 1.959484e-03
33.000000 1.523040e-03
33.250000 1.154868e-03
33.500000 9.462771e-04
33.750000 9.706415e-04
34.000000 1.163744e-03
34.250000 1.408315e-03
34.500000 1.637683e-03
34.750000 1.825043e-03
35.000000 1.963625e-03
35.250000 2.057899e-03
35.500000 2.119354e-03
35.750000 2.163173e-03
36.000000 2.204473e-03
36.250000 2.254172e-03
36.500000 2.315680e-03
36.750000 2.383855e-03
37.000000 2.446651e-03
37.250000 2.488356e-03
37.500000 2.492946e-03
37.750000 2.446643e-03
38.000000 2.339497e-03
38.250000 2.166192e-03
38.500000 1.926299e-03
38.750000 1.624170e-03
39.000000 1.268629e-03
39.250000 8.728182e-04
39.500000 4.567252e-04
39.750000 1.379283e-04
40.000000 4.528922e-04
40.250000 8.481346e-04
40.500000 1.209718e-03
40.750000 1.518722e-03
41.000000 1.763265e-03
41.250000 1.935952e-03
41.500000 2.033974e-03
41.750000 2.059456e-03
42.000000 2.019805e-03
42.250000 1.928038e-03
42.500000 1.803050e-03
42.750000 1.669453e-03
43.000000 1.555745e-03
43.250000 1.488511e-03
43.500000 1.482193e-03
43.750000 1.531236e-03
44.000000 1.613470e-03
44.250000 1.701325e-03
44.500000 1.770765e-03
44.750000 1.804795e-03
45.000000 1.793872e-03
45.250000 1.735424e-03
45.500000 1.633407e-03
45.750000 1.498188e-03
46.000000 1.346824e-03
46.250000 1.203318e-03
46.500000 1.096782e-03
46.750000 1.052870e-03
47.000000 1.078496e-03
47.250000 1.155782e-03
47.500000 1.254764e-03
47.750000 1.348293e-03
48.000000 1.417663e-03
48.250000 1.452589e-03
48.500000 1.450035e-03
48.750000 1.413276e-03
49.000000 1.351257e-03
49.250000 1.277849e-03
49.500000 1.210214e-03
49.750000 1.165172e-03
50.000000 1.153333e-03
