-50.000000 1.496325e-04
-49.750000 1.345470e-04
-49.500000 1.097269e-04
-49.250000 7.759319e-05
-49.000000 4.873863e-05
-48.750000 5.542515e-05
-48.500000 9.453797e-05
-48.250000 1.388929e-04
-48.000000 1.792395e-04
-47.750000 2.115490e-04
-47.500000 2.337231e-04
-47.250000 2.450640e-04
-47.000000 2.460664e-04
-46.750000 2.381861e-04
-46.500000 2.235601e-04
-46.250000 2.047308e-04
-46.000000 1.844450e-04
-45.750000 1.655603e-04
-45.500000 1.509508e-04
-45.250000 1.430910e-04
-45.000000 1.431014e-04
-44.750000 1.499566e-04
-44.500000 1.609038e-04
-44.250000 1.726677e-04
-44.000000 1.823225e-04
-43.750000 1.876095e-04
-43.500000 1.869944e-04
-43.250000 1.796712e-04
-43.000000 1.655949e-04
-42.750000 1.456135e-04
-42.500000 1.218429e-04
-42.250000 9.861900e-05
-42.000000 8.398139e-05
-41.750000 8.674601e-05
-41.500000 1.051527e-04
-41.250000 1.292182e-04
-41.000000 1.510309e-04
-40.750000 1.659382e-04
-40.500000 1.714765e-04
-40.250000 1.670355e-04
-40.000000 1.540386e-04
-39.750000 1.364501e-04
-39.500000 1.213279e-04
-39.250000 1.173245e-04
-39.000000 1.279138e-04
-38.750000 1.473943e-04
-38.500000 1.672350e-04
-38.250000 1.812540e-04
-38.000000 1.862440e-04
-37.750000 1.815678e-04
-37.500000 1.688965e-04
-37.250000 1.520839e-04
-37.000000 1.368539e-04
-36.750000 1.292602e-04
-36.500000 1.320100e-04
-36.250000 1.421451e-04
-36.000000 1.539287e-04
-35.750000 1.625307e-04
-35.500000 1.650901e-04
-35.250000 1.603994e-04
-35.000000 1.484027e-04
-34.750000 1.298219e-04
-34.500000 1.059733e-04
-34.250000 7.887951e-05
-34.000000 5.230446e-05
-33.750000 3.671794e-05
-33.500000 4.725281e-05
-33.250000 7.237704e-05
-33.000000 1.006446e-04
-32.750000 1.300082e-04
-32.500000 1.612307e-04
-32.250000 1.954189e-04
-32.000000 2.326004e-04
-31.750000 2.710025e-04
-31.500000 3.071567e-04
-31.250000 3.366060e-04
-31.000000 3.548842e-04
-30.750000 3.585685e-04
-30.500000 3.463599e-04
-30.250000 3.202843e-04
-30.000000 2.872143e-04
-29.750000 2.603542e-04
-29.500000 2.566702e-04
-29.250000 2.841505e-04
-29.000000 3.333639e-04
-28.750000 3.882005e-04
-28.500000 4.358468e-04
-28.250000 4.684433e-04
-28.000000 4.824397e-04
-27.750000 4.780467e-04
-27.500000 4.588991e-04
-27.250000 4.317617e-04
-27.000000 4.059498e-04
-26.750000 3.916284e-04
-26.500000 3.961356e-04
-26.250000 4.200790e-04
-26.000000 4.573501e-04
-25.750000 4.988333e-04
-25.500000 5.356776e-04
-25.250000 5.607530e-04
-25.000000 5.693946e-04
-24.750000 5.604108e-04
-24.500000 5.377270e-04
-24.250000 5.124325e-04
-24.000000 5.031139e-04
-23.750000 5.289571e-04
-23.500000 5.955795e-04
-23.250000 6.902547e-04
-23.000000 7.917325e-04
-22.750000 8.793633e-04
-22.500000 9.363744e-04
-22.250000 9.507743e-04
-22.000000 9.160392e-04
-21.750000 8.323016e-04
-21.500000 7.091235e-04
-21.250000 5.733982e-04
-21.000000 4.877314e-04
-20.750000 5.376977e-04
-20.500000 7.191711e-04
-20.250000 9.597705e-04
-20.000000 1.208322e-03
-19.750000 1.434311e-03
-19.500000 1.616523e-03
-19.250000 1.739090e-03
-19.000000 1.790829e-03
-18.750000 1.765860e-03
-18.500000 1.664955e-03
-18.250000 1.497818e-03
-18.000000 1.287406e-03
-17.750000 1.078658e-03
-17.500000 9.489129e-04
-17.250000 9.794920e-04
-17.000000 1.164769e-03
-16.750000 1.422849e-03
-16.500000 1.680586e-03
-16.250000 1.892210e-03
-16.000000 2.030718e-03
-15.750000 2.082000e-03
-15.500000 2.042241e-03
-15.250000 1.916386e-03
-15.000000 1.716654e-03
-14.750000 1.460706e-03
-14.500000 1.169459e-03
-14.250000 8.646408e-04
-14.000000 5.663010e-04
-13.750000 2.905714e-04
-13.500000 5.071919e-05
-13.250000 1.634572e-04
-13.000000 3.388789e-04
-12.750000 4.904578e-04
-12.500000 6.257351e-04
-12.250000 7.485632e-04
-12.000000 8.564375e-04
-11.750000 9.409883e-04
-11.500000 9.906184e-04
-11.250000 9.937884e-04
-11.000000 9.419385e-04
-10.750000 8.316993e-04
-10.500000 6.665717e-04
-10.250000 4.594615e-04
-10.000000 2.478752e-04
-9.750000 2.101769e-04
-9.500000 4.103292e-04
-9.250000 6.297755e-04
-9.000000 8.091774e-04
-8.750000 9.251482e-04
-8.500000 9.646062e-04
-8.250000 9.228348e-04
-8.000000 8.037019e-04
-7.750000 6.204350e-04
-7.500000 4.005744e-04
-7.250000 2.302680e-04
-7.000000 3.247948e-04
-6.750000 5.584348e-04
-6.500000 7.903709e-04
-6.250000 9.884879e-04
-6.000000 1.144125e-03
-5.750000 1.259578e-03
-5.500000 1.344305e-03
-5.250000 1.410846e-03
-5.000000 1.470076e-03
-4.750000 1.527591e-03
-4.500000 1.583334e-03
-4.250000 1.634660e-03
-4.000000 1.680705e-03
-3.750000 1.725192e-03
-3.500000 1.775673e-03
-3.250000 1.838977e-03
-3.000000 1.915131e-03
-2.750000 1.993769e-03
-2.500000 2.055559e-03
-2.250000 2.077538e-03
-2.000000 2.039451e-03
-1.750000 1.929146e-03
-1.500000 1.746692e-03
-1.250000 1.507966e-03
-1.000000 1.249357e-03
-0.750000 1.033986e-03
-0.500000 9.416668e-04
-0.250000 9.995628e-04
0.000000 1.137592e-03
0.250000 1.267140e-03
0.500000 1.334264e-03
0.750000 1.319247e-03
1.000000 1.232407e-03
1.250000 1.117594e-03
1.500000 1.055562e-03
1.750000 1.128492e-03
2.000000 1.339182e-03
2.250000 1.616024e-03
2.500000 1.883287e-03
2.750000 2.086532e-03
3.000000 2.191236e-03
3.250000 2.179784e-03
3.500000 2.050241e-03
3.750000 1.816389e-03
4.000000 1.509926e-03
4.250000 1.188985e-03
4.500000 9.583593e-04
4.750000 9.497425e-04
5.000000 1.156974e-03
5.250000 1.444062e-03
5.500000 1.711943e-03
5.750000 1.912651e-03
6.000000 2.025844e-03
6.250000 2.047945e-03
6.500000 1.987710e-03
6.750000 1.863776e-03
7.000000 1.702659e-03
7.250000 1.536378e-03
7.500000 1.398356e-03
7.750000 1.315695e-03
8.000000 1.299278e-03
8.250000 1.340681e-03
8.500000 1.421237e-03
8.750000 1.523558e-03
9.000000 1.635793e-03
9.250000 1.749674e-03
9.500000 1.857118e-03
9.750000 1.948371e-03
10.000000 2.012440e-03
10.250000 2.039216e-03
10.500000 2.022299e-03
10.750000 1.961685e-03
11.000000 1.865813e-03
11.250000 1.752434e-03
11.500000 1.647191e-03
11.750000 1.577788e-03
12.000000 1.562865e-03
12.250000 1.601617e-03
12.500000 1.674599e-03
12.750000 1.755264e-03
13.000000 1.821396e-03
13.250000 1.860639e-03
13.500000 1.871381e-03
13.750000 1.861125e-03
14.000000 1.843188e-03
14.250000 1.831906e-03
14.500000 1.837161e-03
14.750000 1.860284e-03
15.000000 1.893484e-03
15.250000 1.922810e-03
15.500000 1.932434e-03
15.750000 1.908122e-03
16.000000 1.839288e-03
16.250000 1.720051e-03
16.500000 1.550085e-03
16.750000 1.336153e-03
17.000000 1.095947e-03
17.250000 8.681027e-04
17.500000 7.302058e-04
17.750000 7.710140e-04
18.000000 9.685200e-04
18.250000 1.226058e-03
18.500000 1.474970e-03
18.750000 1.676154e-03
19.000000 1.806099e-03
19.250000 1.851407e-03
19.500000 1.807227e-03
19.750000 1.676740e-03
20.000000 1.470752e-03
20.250000 1.207285e-03
20.500000 9.119893e-04
20.750000 6.231510e-04
21.000000 4.156503e-04
21.250000 4.102985e-04
21.500000 5.558395e-04
21.750000 7.100598e-04
22.000000 8.172315e-04
22.250000 8.610336e-04
22.500000 8.399235e-04
22.750000 7.608135e-04
23.000000 6.370231e-04
23.250000 4.882963e-04
23.500000 3.453850e-04
23.750000 2.640471e-04
24.000000 2.939748e-04
24.250000 3.821118e-04
24.500000 4.638207e-04
24.750000 5.121957e-04
25.000000 5.177089e-04
25.250000 4.790058e-04
25.500000 4.000604e-04
25.750000 2.889988e-04
26.000000 1.582984e-04
26.250000 5.239198e-05
26.500000 1.479379e-04
26.750000 2.720883e-04
27.000000 3.752216e-04
27.250000 4.482050e-04
27.500000 4.877069e-04
27.750000 4.955996e-04
28.000000 4.795812e-04
28.250000 4.537030e-04
28.500000 4.370071e-04
28.750000 4.463998e-04
29.000000 4.853363e-04
29.250000 5.421399e-04
29.500000 6.000520e-04
29.750000 6.453495e-04
30.000000 6.697180e-04
30.250000 6.702751e-04
30.500000 6.492204e-04
30.750000 6.134968e-04
31.000000 5.741942e-04
31.250000 5.447242e-04
31.500000 5.363621e-04
31.750000 5.522381e-04
32.000000 5.854171e-04
32.250000 6.234495e-04
32.500000 6.540242e-04
32.750000 6.677438e-04
33.000000 6.586755e-04
33.250000 6.241531e-04
33.500000 5.645368e-04
33.750000 4.832314e-04
34.000000 3.874530e-04
34.250000 2.914450e-04
34.500000 2.260616e-04
34.750000 2.360098e-04
35.000000 3.138083e-04
35.250000 4.149839e-04
35.500000 5.143870e-04
35.750000 6.008266e-04
36.000000 6.688902e-04
36.250000 7.161901e-04
36.500000 7.423616e-04
36.750000 7.485241e-04
37.000000 7.368502e-04
37.250000 7.101501e-04
37.500000 6.714542e-04
37.750000 6.236083e-04
38.000000 5.689175e-04
38.250000 5.088989e-04
38.500000 4.442177e-04
38.750000 3.748637e-04
39.000000 3.005827e-04
39.250000 2.215825e-04
39.500000 1.400007e-04
39.750000 6.857543e-05
40.000000 7.933121e-05
40.250000 1.555902e-04
40.500000 2.355572e-04
40.750000 3.072104e-04
41.000000 3.650337e-04
41.250000 4.052567e-04
41.500000 4.255785e-04
41.750000 4.252937e-04
42.000000 4.053478e-04
42.250000 3.682283e-04
42.500000 3.176804e-04
42.750000 2.582726e-04
43.000000 1.948618e-04
43.250000 1.320201e-04
43.500000 7.349402e-05
43.750000 2.179580e-05
44.000000 2.232501e-05
44.250000 5.899246e-05
44.500000 8.991539e-05
44.750000 1.167966e-04
45.000000 1.407341e-04
45.250000 1.616866e-04
45.500000 1.785341e-04
45.750000 1.895806e-04
46.000000 1.932022e-04
46.250000 1.884533e-04
46.500000 1.756256e-04
46.750000 1.569308e-04
47.000000 1.376012e-04
47.250000 1.269105e-04
47.500000 1.346232e-04
47.750000 1.612541e-04
48.000000 1.984994e-04
48.250000 2.377858e-04
48.500000 2.729431e-04
48.750000 2.996782e-04
49.000000 3.150742e-04
49.250000 3.174411e-04
49.500000 3.063684e-04
49.750000 2.829133e-04
50.000000 2.499835e-04
