-50.000000 1.021604e-03
-49.750000 1.133029e-03
-49.500000 1.213514e-03
-49.250000 1.254011e-03
-49.000000 1.250878e-03
-48.750000 1.205633e-03
-48.500000 1.125123e-03
-48.250000 1.022041e-03
-48.000000 9.155728e-04
-47.750000 8.307272e-04
-47.500000 7.920014e-04
-47.250000 8.090797e-04
-47.000000 8.681032e-04
-46.750000 9.417822e-04
-46.500000 1.003939e-03
-46.250000 1.035326e-03
-46.000000 1.023750e-03
-45.750000 9.629753e-04
-45.500000 8.517938e-04
-45.250000 6.933237e-04
-45.000000 4.945057e-04
-44.750000 2.664929e-04
-44.500000 6.257429e-05
-44.250000 2.582775e-04
-44.000000 5.070812e-04
-43.750000 7.400576e-04
-43.500000 9.444328e-04
-43.250000 1.111406e-03
-43.000000 1.235648e-03
-42.750000 1.315762e-03
-42.500000 1.354701e-03
-42.250000 1.359953e-03
-42.000000 1.343243e-03
-41.750000 1.319312e-03
-41.500000 1.303207e-03
-41.250000 1.306086e-03
-41.000000 1.331174e-03
-40.750000 1.372586e-03
-40.500000 1.417962e-03
-40.250000 1.452871e-03
-40.000000 1.464513e-03
-39.750000 1.443910e-03
-39.500000 1.386941e-03
-39.250000 1.294801e-03
-39.000000 1.174274e-03
-38.750000 1.038070e-03
-38.500000 9.051374e-04
-38.250000 7.995085e-04
-38.000000 7.434293e-04
-37.750000 7.429489e-04
-37.500000 7.808555e-04
-37.250000 8.295296e-04
-37.000000 8.667661e-04
-36.750000 8.820561e-04
-36.500000 8.780254e-04
-36.250000 8.713320e-04
-36.000000 8.910041e-04
-35.750000 9.673360e-04
-35.500000 1.113021e-03
-35.250000 1.316480e-03
-35.000000 1.552752e-03
-34.750000 1.794793e-03
-34.500000 2.018081e-03
-34.250000 2.201735e-03
-34.000000 2.328847e-03
-33.750000 2.386797e-03
-33.500000 2.367572e-03
-33.250000 2.268007e-03
-33.000000 2.089848e-03
-32.750000 1.839602e-03
-32.500000 1.528154e-03
-32.250000 1.170231e-03
-32.000000 7.840793e-04
-31.750000 3.943593e-04
-31.500000 1.353963e-04
-31.250000 4.136135e-04
-31.000000 7.308320e-04
-30.750000 1.000694e-03
-30.500000 1.210843e-03
-30.250000 1.358365e-03
-30.000000 1.447689e-03
-29.750000 1.490605e-03
-29.500000 1.505760e-03
-29.250000 1.516282e-03
-29.000000 1.544337e-03
-28.750000 1.603372e-03
-28.500000 1.692531e-03
-28.250000 1.797680e-03
-28.000000 1.897763e-03
-27.750000 1.971645e-03
-27.500000 2.002873e-03
-27.250000 1.982667e-03
-27.000000 1.912334e-03
-26.750000 1.806083e-03
-26.500000 1.694353e-03
-26.250000 1.624524e-03
-26.000000 1.649142e-03
-25.750000 1.796553e-03
-25.500000 2.051689e-03
-25.250000 2.371769e-03
-25.000000 2.710771e-03
-24.750000 3.030188e-03
-24.500000 3.300517e-03
-24.250000 3.500521e-03
-24.000000 3.616548e-03
-23.750000 3.642123e-03
-23.500000 3.577639e-03
-23.250000 3.429972e-03
-23.000000 3.211984e-03
-22.750000 2.941964e-03
-22.500000 2.643134e-03
-22.250000 2.343378e-03
-22.000000 2.075004e-03
-21.750000 1.873162e-03
-21.500000 1.769653e-03
-21.250000 1.780967e-03
-21.000000 1.900383e-03
-20.750000 2.105158e-03
-20.500000 2.370045e-03
-20.250000 2.673601e-03
-20.000000 2.997278e-03
-19.750000 3.322645e-03
-19.500000 3.629631e-03
-19.250000 3.896326e-03
-19.000000 4.099985e-03
-18.750000 4.218751e-03
-18.500000 4.233688e-03
-18.250000 4.130891e-03
-18.000000 3.903563e-03
-17.750000 3.554178e-03
-17.500000 3.097300e-03
-17.250000 2.564879e-03
-17.000000 2.019483e-03
-16.750000 1.586680e-03
-16.500000 1.469940e-03
-16.250000 1.743573e-03
-16.000000 2.219969e-03
-15.750000 2.714256e-03
-15.500000 3.122854e-03
-15.250000 3.385203e-03
-15.000000 3.462960e-03
-14.750000 3.333383e-03
-14.500000 2.987646e-03
-14.250000 2.430820e-03
-14.000000 1.683678e-03
-13.750000 8.014088e-04
-13.500000 4.941723e-04
-13.250000 1.524408e-03
-13.000000 2.675772e-03
-12.750000 3.810644e-03
-12.500000 4.864157e-03
-12.250000 5.780389e-03
-12.000000 6.510954e-03
-11.750000 7.017094e-03
-11.500000 7.271940e-03
-11.250000 7.262378e-03
-11.000000 6.990293e-03
-10.750000 6.473188e-03
-10.500000 5.744374e-03
-10.250000 4.853479e-03
-10.000000 3.869597e-03
-9.750000 2.894808e-03
-9.500000 2.110319e-03
-9.250000 1.832316e-03
-9.000000 2.192956e-03
-8.750000 2.875400e-03
-8.500000 3.632006e-03
-8.250000 4.391754e-03
-8.000000 5.165842e-03
-7.750000 5.997223e-03
-7.500000 6.929203e-03
-7.250000 7.981868e-03
-7.000000 9.139768e-03
-6.750000 1.035229e-02
-6.500000 1.154251e-02
-6.250000 1.261923e-02
-6.000000 1.348961e-02
-5.750000 1.407250e-02
-5.500000 1.431409e-02
-5.250000 1.420946e-02
-5.000000 1.383483e-02
-4.750000 1.339435e-02
-4.500000 1.326366e-02
-4.250000 1.394602e-02
-4.000000 1.584387e-02
-3.750000 1.902597e-02
-3.500000 2.328123e-02
-3.250000 2.830947e-02
-3.000000 3.382096e-02
-2.750000 3.955410e-02
-2.500000 4.527035e-02
-2.250000 5.074995e-02
-2.000000 5.579175e-02
-1.750000 6.021612e-02
-1.500000 6.386937e-02
-1.250000 6.662854e-02
-1.000000 6.840587e-02
-0.750000 6.915238e-02
-0.500000 6.886009e-02
-0.250000 6.756299e-02
0.000000 6.533620e-02
0.250000 6.229375e-02
0.500000 5.858462e-02
0.750000 5.438720e-02
1.000000 4.990206e-02
1.250000 4.534229e-02
1.500000 4.092070e-02
1.750000 3.683227e-02
2.000000 3.323120e-02
2.250000 3.020490e-02
2.500000 2.775373e-02
2.750000 2.579012e-02
3.000000 2.416496e-02
3.250000 2.271351e-02
3.500000 2.130210e-02
3.750000 1.986114e-02
4.000000 1.840183e-02
4.250000 1.701938e-02
4.500000 1.588037e-02
4.750000 1.518142e-02
5.000000 1.506844e-02
5.250000 1.555071e-02
5.500000 1.648455e-02
5.750000 1.764068e-02
6.000000 1.878508e-02
6.250000 1.972339e-02
6.500000 2.031314e-02
6.750000 2.046204e-02
7.000000 2.012245e-02
7.250000 1.928575e-02
7.500000 1.797674e-02
7.750000 1.624824e-02
8.000000 1.417544e-02
8.250000 1.185016e-02
8.500000 9.375155e-03
8.750000 6.859241e-03
9.000000 4.416096e-03
9.250000 2.189330e-03
9.500000 8.770428e-04
9.750000 2.047415e-03
10.000000 3.383993e-03
10.250000 4.386211e-03
10.500000 5.006146e-03
10.750000 5.246506e-03
11.000000 5.134937e-03
11.250000 4.718004e-03
11.500000 4.058003e-03
11.750000 3.231874e-03
12.000000 2.337061e-03
12.250000 1.528094e-03
12.500000 1.143985e-03
12.750000 1.443919e-03
13.000000 1.994713e-03
13.250000 2.478995e-03
13.500000 2.795577e-03
13.750000 2.912806e-03
14.000000 2.831422e-03
14.250000 2.577754e-03
14.500000 2.208105e-03
14.750000 1.827150e-03
15.000000 1.615172e-03
15.250000 1.748971e-03
15.500000 2.183054e-03
15.750000 2.737807e-03
16.000000 3.280977e-03
16.250000 3.735978e-03
16.500000 4.058329e-03
16.750000 4.224525e-03
17.000000 4.228018e-03
17.250000 4.077896e-03
17.500000 3.798784e-03
17.750000 3.431797e-03
18.000000 3.036587e-03
18.250000 2.692193e-03
18.500000 2.485689e-03
18.750000 2.471837e-03
19.000000 2.628739e-03
19.250000 2.874793e-03
19.500000 3.123400e-03
19.750000 3.311049e-03
20.000000 3.398990e-03
20.250000 3.368176e-03
20.500000 3.214812e-03
20.750000 2.947216e-03
21.000000 2.583533e-03
21.250000 2.150099e-03
21.500000 1.680983e-03
21.750000 1.221028e-03
22.000000 8.402019e-04
22.250000 6.594428e-04
22.500000 7.377213e-04
22.750000 9.212494e-04
23.000000 1.078821e-03
23.250000 1.163174e-03
23.500000 1.164916e-03
23.750000 1.096427e-03
24.000000 9.922738e-04
24.250000 9.158644e-04
24.500000 9.473747e-04
24.750000 1.120121e-03
25.000000 1.392753e-03
25.250000 1.705685e-03
25.500000 2.014136e-03
25.750000 2.288246e-03
26.000000 2.508852e-03
26.250000 2.665136e-03
26.500000 2.753415e-03
26.750000 2.776233e-03
27.000000 2.741293e-03
27.250000 2.660004e-03
27.500000 2.545562e-03
27.750000 2.410606e-03
28.000000 2.264755e-03
28.250000 2.112623e-03
28.500000 1.953044e-03
28.750000 1.779996e-03
29.000000 1.585010e-03
29.250000 1.360365e-03
29.500000 1.102536e-03
29.750000 8.170989e-04
30.000000 5.346495e-04
30.250000 3.875611e-04
30.500000 5.659804e-04
30.750000 9.033359e-04
31.000000 1.266868e-03
31.250000 1.612904e-03
31.500000 1.917578e-03
31.750000 2.163681e-03
32.000000 2.338593e-03
32.250000 2.434193e-03
32.500000 2.447099e-03
32.750000 2.378804e-03
33.000000 2.235612e-03
33.250000 2.028370e-03
33.500000 1.772084e-03
33.750000 1.485622e-03
34.000000 1.191976e-03
34.250000 9.200438e-04
34.500000 7.085957e-04
34.750000 6.031229e-04
35.000000 6.159306e-04
35.250000 6.980753e-04
35.500000 7.966580e-04
35.750000 8.892088e-04
36.000000 9.758120e-04
36.250000 1.067690e-03
36.500000 1.177876e-03
36.750000 1.313456e-03
37.000000 1.471695e-03
37.250000 1.641144e-03
37.500000 1.805427e-03
37.750000 1.946947e-03
38.000000 2.049465e-03
38.250000 2.099680e-03
38.500000 2.088162e-03
38.750000 2.009863e-03
39.000000 1.864321e-03
39.250000 1.655595e-03
39.500000 1.391991e-03
39.750000 1.085695e-03
40.000000 7.528124e-04
40.250000 4.172094e-04
40.500000 1.740813e-04
40.750000 3.441257e-04
41.000000 6.171690e-04
41.250000 8.567398e-04
41.500000 1.042544e-03
41.750000 1.166680e-03
42.000000 1.227319e-03
42.250000 1.228170e-03
42.500000 1.178778e-03
42.750000 1.095151e-03
43.000000 1.000442e-03
43.250000 9.240304e-04
43.500000 8.944294e-04
43.750000 9.239857e-04
44.000000 9.998183e-04
44.250000 1.094315e-03
44.500000 1.180460e-03
44.750000 1.238425e-03
45.000000 1.256099e-03
45.250000 1.228197e-03
45.500000 1.155524e-03
45.750000 1.044721e-03
46.000000 9.086992e-04
46.250000 7.681986e-04
46.500000 6.540019e-04
46.750000 6.025139e-04
47.000000 6.302458e-04
47.250000 7.135396e-04
47.500000 8.134682e-04
47.750000 9.010333e-04
48.000000 9.597866e-04
48.250000 9.824439e-04
48.500000 9.686266e-04
48.750000 9.238811e-04
49.000000 8.593199e-04
49.250000 7.911599e-04
49.500000 7.386269e-04
49.750000 7.178298e-04
50.000000 7.327404e-04
