-50.000000 2.486335e-04
-49.750000 2.263287e-04
-49.500000 2.089520e-04
-49.250000 1.983810e-04
-49.000000 1.962417e-04
-48.750000 2.032326e-04
-48.500000 2.188040e-04
-48.250000 2.415170e-04
-48.000000 2.696897e-04
-47.750000 3.018274e-04
-47.500000 3.367537e-04
-47.250000 3.735818e-04
-47.000000 4.116437e-04
-46.750000 4.504247e-04
-46.500000 4.895149e-04
-46.250000 5.285763e-04
-46.000000 5.673204e-04
-45.750000 6.054936e-04
-45.500000 6.428681e-04
-45.250000 6.792352e-04
-45.000000 7.144011e-04
-44.750000 7.481848e-04
-44.500000 7.804156e-04
-44.250000 8.109330e-04
-44.000000 8.395852e-04
-43.750000 8.662295e-04
-43.500000 8.907320e-04
-43.250000 9.129680e-04
-43.000000 9.328218e-04
-42.750000 9.501872e-04
-42.500000 9.649680e-04
-42.250000 9.770783e-04
-42.000000 9.864429e-04
-41.750000 9.929976e-04
-41.500000 9.966897e-04
-41.250000 9.974783e-04
-41.000000 9.953350e-04
-40.750000 9.902437e-04
-40.500000 9.822017e-04
-40.250000 9.712193e-04
-40.000000 9.573207e-04
-39.750000 9.405442e-04
-39.500000 9.209425e-04
-39.250000 8.985835e-04
-39.000000 8.735503e-04
-38.750000 8.459424e-04
-38.500000 8.158761e-04
-38.250000 7.834862e-04
-38.000000 7.489270e-04
-37.750000 7.123749e-04
-37.500000 6.740314e-04
-37.250000 6.341280e-04
-37.000000 5.929324e-04
-36.750000 5.507589e-04
-36.500000 5.079833e-04
-36.250000 4.650657e-04
-36.000000 4.225849e-04
-35.750000 3.812903e-04
-35.500000 3.421758e-04
-35.250000 3.065744e-04
-35.000000 2.762424e-04
-34.750000 2.533283e-04
-34.500000 2.400293e-04
-34.250000 2.378239e-04
-34.000000 2.466804e-04
-33.750000 2.650102e-04
-33.500000 2.904313e-04
-33.250000 3.205900e-04
-33.000000 3.535558e-04
-32.750000 3.878659e-04
-32.500000 4.224347e-04
-32.250000 4.564479e-04
-32.000000 4.892797e-04
-31.750000 5.204349e-04
-31.500000 5.495109e-04
-31.250000 5.761732e-04
-31.000000 6.001398e-04
-30.750000 6.211709e-04
-30.500000 6.390634e-04
-30.250000 6.536472e-04
-30.000000 6.647837e-04
-29.750000 6.723663e-04
-29.500000 6.763215e-04
-29.250000 6.766119e-04
-29.000000 6.732404e-04
-28.750000 6.662566e-04
-28.500000 6.557651e-04
-28.250000 6.419374e-04
-28.000000 6.250279e-04
-27.750000 6.053962e-04
-27.500000 5.835361e-04
-27.250000 5.601158e-04
-27.000000 5.360267e-04
-26.750000 5.124416e-04
-26.500000 4.908677e-04
-26.250000 4.731672e-04
-26.000000 4.614944e-04
-25.750000 4.580898e-04
-25.500000 4.649203e-04
-25.250000 4.832738e-04
-25.000000 5.135152e-04
-24.750000 5.551416e-04
-24.500000 6.070689e-04
-24.250000 6.679639e-04
-24.000000 7.364862e-04
-23.750000 8.114115e-04
-23.500000 8.916697e-04
-23.250000 9.763387e-04
-23.000000 1.064621e-03
-22.750000 1.155818e-03
-22.500000 1.249306e-03
-22.250000 1.344516e-03
-22.000000 1.440925e-03
-21.750000 1.538039e-03
-21.500000 1.635388e-03
-21.250000 1.732522e-03
-21.000000 1.829006e-03
-20.750000 1.924415e-03
-20.500000 2.018337e-03
-20.250000 2.110369e-03
-20.000000 2.200119e-03
-19.750000 2.287202e-03
-19.500000 2.371245e-03
-19.250000 2.451885e-03
-19.000000 2.528770e-03
-18.750000 2.601561e-03
-18.500000 2.669933e-03
-18.250000 2.733574e-03
-18.000000 2.792191e-03
-17.750000 2.845506e-03
-17.500000 2.893261e-03
-17.250000 2.935219e-03
-17.000000 2.971165e-03
-16.750000 3.000909e-03
-16.500000 3.024287e-03
-16.250000 3.041164e-03
-16.000000 3.051433e-03
-15.750000 3.055025e-03
-15.500000 3.051902e-03
-15.250000 3.042071e-03
-15.000000 3.025578e-03
-14.750000 3.002517e-03
-14.500000 2.973036e-03
-14.250000 2.937339e-03
-14.000000 2.895695e-03
-13.750000 2.848447e-03
-13.500000 2.796017e-03
-13.250000 2.738922e-03
-13.000000 2.677782e-03
-12.750000 2.613339e-03
-12.500000 2.546468e-03
-12.250000 2.478200e-03
-12.000000 2.409737e-03
-11.750000 2.342466e-03
-11.500000 2.277974e-03
-11.250000 2.218041e-03
-11.000000 2.164629e-03
-10.750000 2.119832e-03
-10.500000 2.085801e-03
-10.250000 2.064630e-03
-10.000000 2.058213e-03
-9.750000 2.068089e-03
-9.500000 2.095307e-03
-9.250000 2.140341e-03
-9.000000 2.203069e-03
-8.750000 2.282833e-03
-8.500000 2.378539e-03
-8.250000 2.488792e-03
-8.000000 2.612023e-03
-7.750000 2.746592e-03
-7.500000 2.890870e-03
-7.250000 3.043287e-03
-7.000000 3.202362e-03
-6.750000 3.366715e-03
-6.500000 3.535069e-03
-6.250000 3.706241e-03
-6.000000 3.879142e-03
-5.750000 4.052762e-03
-5.500000 4.226165e-03
-5.250000 4.398479e-03
-5.000000 4.568889e-03
-4.750000 4.736634e-03
-4.500000 4.900996e-03
-4.250000 5.061303e-03
-4.000000 5.216922e-03
-3.750000 5.367255e-03
-3.500000 5.511740e-03
-3.250000 5.649849e-03
-3.000000 5.781086e-03
-2.750000 5.904985e-03
-2.500000 6.021114e-03
-2.250000 6.129069e-03
-2.000000 6.228478e-03
-1.750000 6.318998e-03
-1.500000 6.400318e-03
-1.250000 6.472157e-03
-1.000000 6.534263e-03
-0.750000 6.586419e-03
-0.500000 6.628434e-03
-0.250000 6.660152e-03
0.000000 6.681446e-03
0.250000 6.692222e-03
0.500000 6.692415e-03
0.750000 6.681995e-03
1.000000 6.660959e-03
1.250000 6.629339e-03
1.500000 6.587197e-03
1.750000 6.534625e-03
2.000000 6.471747e-03
2.250000 6.398717e-03
2.500000 6.315720e-03
2.750000 6.222971e-03
3.000000 6.120713e-03
3.250000 6.009222e-03
3.500000 5.888799e-03
3.750000 5.759776e-03
4.000000 5.622514e-03
4.250000 5.477402e-03
4.500000 5.324857e-03
4.750000 5.165327e-03
5.000000 4.999286e-03
5.250000 4.827242e-03
5.500000 4.649732e-03
5.750000 4.467327e-03
6.000000 4.280636e-03
6.250000 4.090306e-03
6.500000 3.897031e-03
6.750000 3.701558e-03
7.000000 3.504696e-03
7.250000 3.307331e-03
7.500000 3.110443e-03
7.750000 2.915129e-03
8.000000 2.722636e-03
8.250000 2.534401e-03
8.500000 2.352104e-03
8.750000 2.177725e-03
9.000000 2.013622e-03
9.250000 1.862581e-03
9.500000 1.727842e-03
9.750000 1.613016e-03
10.000000 1.521829e-03
10.250000 1.457626e-03
10.500000 1.422674e-03
10.750000 1.417499e-03
11.000000 1.440595e-03
11.250000 1.488689e-03
11.500000 1.557443e-03
11.750000 1.642219e-03
12.000000 1.738649e-03
12.250000 1.842922e-03
12.500000 1.951868e-03
12.750000 2.062913e-03
13.000000 2.173991e-03
13.250000 2.283454e-03
13.500000 2.389981e-03
13.750000 2.492513e-03
14.000000 2.590197e-03
14.250000 2.682343e-03
14.500000 2.768397e-03
14.750000 2.847910e-03
15.000000 2.920527e-03
15.250000 2.985969e-03
15.500000 3.044023e-03
15.750000 3.094536e-03
16.000000 3.137404e-03
16.250000 3.172571e-03
16.500000 3.200023e-03
16.750000 3.219784e-03
17.000000 3.231916e-03
17.250000 3.236511e-03
17.500000 3.233696e-03
17.750000 3.223625e-03
18.000000 3.206481e-03
18.250000 3.182473e-03
18.500000 3.151834e-03
18.750000 3.114821e-03
19.000000 3.071714e-03
19.250000 3.022813e-03
19.500000 2.968440e-03
19.750000 2.908934e-03
20.000000 2.844654e-03
20.250000 2.775976e-03
20.500000 2.703293e-03
20.750000 2.627013e-03
21.000000 2.547563e-03
21.250000 2.465383e-03
21.500000 2.380930e-03
21.750000 2.294675e-03
22.000000 2.207107e-03
22.250000 2.118729e-03
22.500000 2.030065e-03
22.750000 1.941652e-03
23.000000 1.854048e-03
23.250000 1.767828e-03
23.500000 1.683587e-03
23.750000 1.601937e-03
24.000000 1.523502e-03
24.250000 1.448916e-03
24.500000 1.378810e-03
24.750000 1.313802e-03
25.000000 1.254470e-03
25.250000 1.201332e-03
25.500000 1.154809e-03
25.750000 1.115191e-03
26.000000 1.082603e-03
26.250000 1.056980e-03
26.500000 1.038057e-03
26.750000 1.025370e-03
27.000000 1.018288e-03
27.250000 1.016047e-03
27.500000 1.017798e-03
27.750000 1.022659e-03
28.000000 1.029753e-03
28.250000 1.038245e-03
28.500000 1.047360e-03
28.750000 1.056402e-03
29.000000 1.064756e-03
29.250000 1.071890e-03
29.500000 1.077354e-03
29.750000 1.080770e-03
30.000000 1.081830e-03
30.250000 1.080289e-03
30.500000 1.075957e-03
30.750000 1.068694e-03
31.000000 1.058407e-03
31.250000 1.045041e-03
31.500000 1.028578e-03
31.750000 1.009031e-03
32.000000 9.864440e-04
32.250000 9.608851e-04
32.500000 9.324459e-04
32.750000 9.012391e-04
33.000000 8.673958e-04
33.250000 8.310635e-04
33.500000 7.924050e-04
33.750000 7.515962e-04
34.000000 7.088249e-04
34.250000 6.642899e-04
34.500000 6.181995e-04
34.750000 5.707718e-04
35.000000 5.222343e-04
35.250000 4.728248e-04
35.500000 4.227950e-04
35.750000 3.724157e-04
36.000000 3.219899e-04
36.250000 2.718803e-04
36.500000 2.225715e-04
36.750000 1.748314e-04
37.000000 1.301775e-04
37.250000 9.240469e-05
37.500000 7.158943e-05
37.750000 8.009419e-05
38.000000 1.097896e-04
38.250000 1.470707e-04
38.500000 1.862379e-04
38.750000 2.252149e-04
39.000000 2.630914e-04
39.250000 2.993805e-04
39.500000 3.337767e-04
39.750000 3.660659e-04
40.000000 3.960875e-04
40.250000 4.237160e-04
40.500000 4.488526e-04
40.750000 4.714202e-04
41.000000 4.913606e-04
41.250000 5.086334e-04
41.500000 5.232148e-04
41.750000 5.350971e-04
42.000000 5.442884e-04
42.250000 5.508127e-04
42.500000 5.547096e-04
42.750000 5.560344e-04
43.000000 5.548585e-04
43.250000 5.512694e-04
43.500000 5.453713e-04
43.750000 5.372857e-04
44.000000 5.271521e-04
44.250000 5.151293e-04
44.500000 5.013967e-04
44.750000 4.861561e-04
45.000000 4.696343e-04
45.250000 4.520860e-04
45.500000 4.337973e-04
45.750000 4.150898e-04
46.000000 3.963245e-04
46.250000 3.779052e-04
46.500000 3.602801e-04
46.750000 3.439374e-04
47.000000 3.293941e-04
47.250000 3.171720e-04
47.500000 3.077591e-04
47.750000 3.015580e-04
48.000000 2.988309e-04
48.250000 2.996560e-04
48.500000 3.039116e-04
48.750000 3.112945e-04
49.000000 3.213663e-04
49.250000 3.336100e-04
49.500000 3.474833e-04
49.750000 3.624572e-04
50.000000 3.780394e-04
