-50.000000 2.596298e-04
-49.750000 3.061650e-04
-49.500000 3.551191e-04
-49.250000 4.033275e-04
-49.000000 4.484885e-04
-48.750000 4.889011e-04
-48.500000 5.233390e-04
-48.250000 5.509990e-04
-48.000000 5.714859e-04
-47.750000 5.848046e-04
-47.500000 5.913496e-04
-47.250000 5.918772e-04
-47.000000 5.874543e-04
-46.750000 5.793764e-04
-46.500000 5.690487e-04
-46.250000 5.578331e-04
-46.000000 5.468754e-04
-45.750000 5.369420e-04
-45.500000 5.283079e-04
-45.250000 5.207335e-04
-45.000000 5.135448e-04
-44.750000 5.057960e-04
-44.500000 4.964736e-04
-44.250000 4.846942e-04
-44.000000 4.698676e-04
-43.750000 4.518108e-04
-43.500000 4.308121e-04
-43.250000 4.076458e-04
-43.000000 3.835327e-04
-42.750000 3.600262e-04
-42.500000 3.387963e-04
-42.250000 3.212913e-04
-42.000000 3.083221e-04
-41.750000 2.997213e-04
-41.500000 2.942723e-04
-41.250000 2.899753e-04
-41.000000 2.845060e-04
-40.750000 2.756482e-04
-40.500000 2.615812e-04
-40.250000 2.410191e-04
-40.000000 2.132517e-04
-39.750000 1.781344e-04
-39.500000 1.360690e-04
-39.250000 8.807115e-05
-39.000000 3.701887e-05
-38.750000 3.082582e-05
-38.500000 8.665712e-05
-38.250000 1.459569e-04
-38.000000 2.043639e-04
-37.750000 2.599251e-04
-37.500000 3.110751e-04
-37.250000 3.565391e-04
-37.000000 3.953577e-04
-36.750000 4.269146e-04
-36.500000 4.509450e-04
-36.250000 4.675169e-04
-36.000000 4.769804e-04
-35.750000 4.798833e-04
-35.500000 4.768586e-04
-35.250000 4.684908e-04
-35.000000 4.551814e-04
-34.750000 4.370367e-04
-34.500000 4.138029e-04
-34.250000 3.848665e-04
-34.000000 3.493259e-04
-33.750000 3.061225e-04
-33.500000 2.542180e-04
-33.250000 1.928297e-04
-33.000000 1.219555e-04
-32.750000 4.730034e-05
-32.500000 6.798016e-05
-32.250000 1.665066e-04
-32.000000 2.774480e-04
-31.750000 3.960015e-04
-31.500000 5.195716e-04
-31.250000 6.455560e-04
-31.000000 7.711992e-04
-30.750000 8.936520e-04
-30.500000 1.010077e-03
-30.250000 1.117765e-03
-30.000000 1.214255e-03
-29.750000 1.297445e-03
-29.500000 1.365690e-03
-29.250000 1.417885e-03
-29.000000 1.453523e-03
-28.750000 1.472726e-03
-28.500000 1.476254e-03
-28.250000 1.465468e-03
-28.000000 1.442272e-03
-27.750000 1.409012e-03
-27.500000 1.368342e-03
-27.250000 1.323061e-03
-27.000000 1.275934e-03
-26.750000 1.229518e-03
-26.500000 1.186025e-03
-26.250000 1.147260e-03
-26.000000 1.114670e-03
-25.750000 1.089505e-03
-25.500000 1.073053e-03
-25.250000 1.066887e-03
-25.000000 1.072990e-03
-24.750000 1.093684e-03
-24.500000 1.131302e-03
-24.250000 1.187700e-03
-24.000000 1.263792e-03
-23.750000 1.359284e-03
-23.500000 1.472704e-03
-23.250000 1.601654e-03
-23.000000 1.743157e-03
-22.750000 1.893995e-03
-22.500000 2.050982e-03
-22.250000 2.211169e-03
-22.000000 2.371979e-03
-21.750000 2.531287e-03
-21.500000 2.687451e-03
-21.250000 2.839303e-03
-21.000000 2.986085e-03
-20.750000 3.127357e-03
-20.500000 3.262873e-03
-20.250000 3.392439e-03
-20.000000 3.515766e-03
-19.750000 3.632345e-03
-19.500000 3.741348e-03
-19.250000 3.841570e-03
-19.000000 3.931434e-03
-18.750000 4.009029e-03
-18.500000 4.072206e-03
-18.250000 4.118699e-03
-18.000000 4.146266e-03
-17.750000 4.152836e-03
-17.500000 4.136650e-03
-17.250000 4.096386e-03
-17.000000 4.031254e-03
-16.750000 3.941073e-03
-16.500000 3.826310e-03
-16.250000 3.688091e-03
-16.000000 3.528192e-03
-15.750000 3.349002e-03
-15.500000 3.153468e-03
-15.250000 2.945034e-03
-15.000000 2.727579e-03
-14.750000 2.505352e-03
-14.500000 2.282936e-03
-14.250000 2.065219e-03
-14.000000 1.857401e-03
-13.750000 1.664989e-03
-13.500000 1.493751e-03
-13.250000 1.349477e-03
-13.000000 1.237372e-03
-12.750000 1.160980e-03
-12.500000 1.120911e-03
-12.250000 1.114222e-03
-12.000000 1.135111e-03
-11.750000 1.176621e-03
-11.500000 1.232278e-03
-11.250000 1.296978e-03
-11.000000 1.367145e-03
-10.750000 1.440461e-03
-10.500000 1.515471e-03
-10.250000 1.591177e-03
-10.000000 1.666700e-03
-9.750000 1.741027e-03
-9.500000 1.812849e-03
-9.250000 1.880484e-03
-9.000000 1.941887e-03
-8.750000 1.994731e-03
-8.500000 2.036546e-03
-8.250000 2.064912e-03
-8.000000 2.077681e-03
-7.750000 2.073245e-03
-7.500000 2.050832e-03
-7.250000 2.010848e-03
-7.000000 1.955271e-03
-6.750000 1.888085e-03
-6.500000 1.815728e-03
-6.250000 1.747392e-03
-6.000000 1.694821e-03
-5.750000 1.671025e-03
-5.500000 1.687526e-03
-5.250000 1.750827e-03
-5.000000 1.860126e-03
-4.750000 2.007824e-03
-4.500000 2.182102e-03
-4.250000 2.369647e-03
-4.000000 2.557415e-03
-3.750000 2.733444e-03
-3.500000 2.887130e-03
-3.250000 3.009284e-03
-3.000000 3.092140e-03
-2.750000 3.129362e-03
-2.500000 3.116064e-03
-2.250000 3.048847e-03
-2.000000 2.925819e-03
-1.750000 2.746619e-03
-1.500000 2.512444e-03
-1.250000 2.226096e-03
-1.000000 1.892159e-03
-0.750000 1.517594e-03
-0.500000 1.114060e-03
-0.250000 7.093908e-04
0.000000 4.261082e-04
0.250000 5.869365e-04
0.500000 1.015585e-03
0.750000 1.499966e-03
1.000000 1.993827e-03
1.250000 2.480533e-03
1.500000 2.949984e-03
1.750000 3.394531e-03
2.000000 3.807994e-03
2.250000 4.185365e-03
2.500000 4.522722e-03
2.750000 4.817174e-03
3.000000 5.066831e-03
3.250000 5.270737e-03
3.500000 5.428808e-03
3.750000 5.541741e-03
4.000000 5.610911e-03
4.250000 5.638266e-03
4.500000 5.626217e-03
4.750000 5.577529e-03
5.000000 5.495225e-03
5.250000 5.382504e-03
5.500000 5.242680e-03
5.750000 5.079144e-03
6.000000 4.895363e-03
6.250000 4.694905e-03
6.500000 4.481516e-03
6.750000 4.259230e-03
7.000000 4.032542e-03
7.250000 3.806613e-03
7.500000 3.587519e-03
7.750000 3.382483e-03
8.000000 3.199990e-03
8.250000 3.049628e-03
8.500000 2.941399e-03
8.750000 2.884367e-03
9.000000 2.884805e-03
9.250000 2.944557e-03
9.500000 3.060454e-03
9.750000 3.225099e-03
10.000000 3.428501e-03
10.250000 3.659729e-03
10.500000 3.908074e-03
10.750000 4.163659e-03
11.000000 4.417678e-03
11.250000 4.662438e-03
11.500000 4.891329e-03
11.750000 5.098792e-03
12.000000 5.280300e-03
12.250000 5.432359e-03
12.500000 5.552505e-03
12.750000 5.639320e-03
13.000000 5.692420e-03
13.250000 5.712431e-03
13.500000 5.700936e-03
13.750000 5.660388e-03
14.000000 5.593987e-03
14.250000 5.505515e-03
14.500000 5.399142e-03
14.750000 5.279191e-03
15.000000 5.149891e-03
15.250000 5.015126e-03
15.500000 4.878202e-03
15.750000 4.741666e-03
16.000000 4.607200e-03
16.250000 4.475597e-03
16.500000 4.346852e-03
16.750000 4.220333e-03
17.000000 4.095020e-03
17.250000 3.969783e-03
17.500000 3.843642e-03
17.750000 3.716003e-03
18.000000 3.586818e-03
18.250000 3.456674e-03
18.500000 3.326789e-03
18.750000 3.198926e-03
19.000000 3.075220e-03
19.250000 2.957939e-03
19.500000 2.849186e-03
19.750000 2.750600e-03
20.000000 2.663076e-03
20.250000 2.586576e-03
20.500000 2.520068e-03
20.750000 2.461608e-03
21.000000 2.408548e-03
21.250000 2.357832e-03
21.500000 2.306295e-03
21.750000 2.250945e-03
22.000000 2.189160e-03
22.250000 2.118821e-03
22.500000 2.038368e-03
22.750000 1.946796e-03
23.000000 1.843625e-03
23.250000 1.728840e-03
23.500000 1.602840e-03
23.750000 1.466397e-03
24.000000 1.320654e-03
24.250000 1.167183e-03
24.500000 1.008172e-03
24.750000 8.468723e-04
25.000000 6.886727e-04
25.250000 5.437532e-04
25.500000 4.329160e-04
25.750000 3.913572e-04
26.000000 4.402287e-04
26.250000 5.542742e-04
26.500000 6.986605e-04
26.750000 8.532783e-04
27.000000 1.007840e-03
27.250000 1.156415e-03
27.500000 1.295055e-03
27.750000 1.420864e-03
28.000000 1.531636e-03
28.250000 1.625710e-03
28.500000 1.701919e-03
28.750000 1.759569e-03
29.000000 1.798428e-03
29.250000 1.818711e-03
29.500000 1.821055e-03
29.750000 1.806481e-03
30.000000 1.776347e-03
30.250000 1.732290e-03
30.500000 1.676162e-03
30.750000 1.609968e-03
31.000000 1.535801e-03
31.250000 1.455795e-03
31.500000 1.372081e-03
31.750000 1.286766e-03
32.000000 1.201931e-03
32.250000 1.119637e-03
32.500000 1.041940e-03
32.750000 9.708839e-04
33.000000 9.084599e-04
33.250000 8.564764e-04
33.500000 8.163424e-04
33.750000 7.887841e-04
34.000000 7.735924e-04
34.250000 7.695299e-04
34.500000 7.744705e-04
34.750000 7.857275e-04
35.000000 8.004413e-04
35.250000 8.159090e-04
35.500000 8.298068e-04
35.750000 8.403128e-04
36.000000 8.461602e-04
36.250000 8.466503e-04
36.500000 8.416402e-04
36.750000 8.315142e-04
37.000000 8.171345e-04
37.250000 7.997682e-04
37.500000 7.809781e-04
37.750000 7.624716e-04
38.000000 7.459042e-04
38.250000 7.326539e-04
38.500000 7.236038e-04
38.750000 7.189895e-04
39.000000 7.183611e-04
39.250000 7.206749e-04
39.500000 7.244838e-04
39.750000 7.281669e-04
40.000000 7.301406e-04
40.250000 7.290174e-04
40.500000 7.237046e-04
40.750000 7.134495e-04
41.000000 6.978450e-04
41.250000 6.768069e-04
41.500000 6.505350e-04
41.750000 6.194646e-04
42.000000 5.842155e-04
42.250000 5.455431e-04
42.500000 5.042989e-04
42.750000 4.614047e-04
43.000000 4.178494e-04
43.250000 3.747171e-04
43.500000 3.332595e-04
43.750000 2.950190e-04
44.000000 2.619868e-04
44.250000 2.366864e-04
44.500000 2.218903e-04
44.750000 2.196631e-04
45.000000 2.301685e-04
45.250000 2.515198e-04
45.500000 2.808845e-04
45.750000 3.156013e-04
46.000000 3.536085e-04
46.250000 3.934144e-04
46.500000 4.339387e-04
46.750000 4.743682e-04
47.000000 5.140523e-04
47.250000 5.524324e-04
47.500000 5.889951e-04
47.750000 6.232407e-04
48.000000 6.546653e-04
48.250000 6.827534e-04
48.500000 7.069824e-04
48.750000 7.268354e-04
49.000000 7.418254e-04
49.250000 7.515261e-04
49.500000 7.556079e-04
49.750000 7.538786e-04
50.000000 7.463233e-04
