-50.000000 8.757687e-04
-49.750000 6.928199e-04
-49.500000 5.381803e-04
-49.250000 4.489589e-04
-49.000000 4.689942e-04
-48.750000 5.893999e-04
-48.500000 7.647099e-04
-48.250000 9.650430e-04
-48.000000 1.176611e-03
-47.750000 1.392766e-03
-47.500000 1.609799e-03
-47.250000 1.825303e-03
-47.000000 2.037504e-03
-46.750000 2.244968e-03
-46.500000 2.446458e-03
-46.250000 2.640867e-03
-46.000000 2.827175e-03
-45.750000 3.004436e-03
-45.500000 3.171759e-03
-45.250000 3.328310e-03
-45.000000 3.473308e-03
-44.750000 3.606020e-03
-44.500000 3.725769e-03
-44.250000 3.831934e-03
-44.000000 3.923949e-03
-43.750000 4.001309e-03
-43.500000 4.063574e-03
-43.250000 4.110369e-03
-43.000000 4.141392e-03
-42.750000 4.156413e-03
-42.500000 4.155285e-03
-42.250000 4.137942e-03
-42.000000 4.104412e-03
-41.750000 4.054818e-03
-41.500000 3.989391e-03
-41.250000 3.908478e-03
-41.000000 3.812560e-03
-40.750000 3.702263e-03
-40.500000 3.578391e-03
-40.250000 3.441950e-03
-40.000000 3.294198e-03
-39.750000 3.136707e-03
-39.500000 2.971443e-03
-39.250000 2.800888e-03
-39.000000 2.628197e-03
-38.750000 2.457404e-03
-38.500000 2.293676e-03
-38.250000 2.143554e-03
-38.000000 2.015070e-03
-37.750000 1.917464e-03
-37.500000 1.860183e-03
-37.250000 1.851023e-03
-37.000000 1.894018e-03
-36.750000 1.988303e-03
-36.500000 2.128756e-03
-36.250000 2.307858e-03
-36.000000 2.517562e-03
-35.750000 2.750448e-03
-35.500000 3.000168e-03
-35.250000 3.261457e-03
-35.000000 3.529981e-03
-34.750000 3.802134e-03
-34.500000 4.074873e-03
-34.250000 4.345577e-03
-34.000000 4.611948e-03
-33.750000 4.871936e-03
-33.500000 5.123687e-03
-33.250000 5.365508e-03
-33.000000 5.595839e-03
-32.750000 5.813236e-03
-32.500000 6.016359e-03
-32.250000 6.203966e-03
-32.000000 6.374906e-03
-31.750000 6.528121e-03
-31.500000 6.662639e-03
-31.250000 6.777582e-03
-31.000000 6.872164e-03
-30.750000 6.945694e-03
-30.500000 6.997580e-03
-30.250000 7.027332e-03
-30.000000 7.034571e-03
-29.750000 7.019028e-03
-29.500000 6.980558e-03
-29.250000 6.919141e-03
-29.000000 6.834897e-03
-28.750000 6.728091e-03
-28.500000 6.599156e-03
-28.250000 6.448700e-03
-28.000000 6.277537e-03
-27.750000 6.086711e-03
-27.500000 5.877536e-03
-27.250000 5.651649e-03
-27.000000 5.411070e-03
-26.750000 5.158304e-03
-26.500000 4.896451e-03
-26.250000 4.629376e-03
-26.000000 4.361910e-03
-25.750000 4.100104e-03
-25.500000 3.851505e-03
-25.250000 3.625372e-03
-25.000000 3.432682e-03
-24.750000 3.285647e-03
-24.500000 3.196426e-03
-24.250000 3.175033e-03
-24.000000 3.227016e-03
-23.750000 3.352098e-03
-23.500000 3.544580e-03
-23.250000 3.795192e-03
-23.000000 4.093265e-03
-22.750000 4.428356e-03
-22.500000 4.791081e-03
-22.250000 5.173359e-03
-22.000000 5.568348e-03
-21.750000 5.970252e-03
-21.500000 6.374114e-03
-21.250000 6.775629e-03
-21.000000 7.171005e-03
-20.750000 7.556839e-03
-20.500000 7.930044e-03
-20.250000 8.287778e-03
-20.000000 8.627404e-03
-19.750000 8.946458e-03
-19.500000 9.242624e-03
-19.250000 9.513718e-03
-19.000000 9.757681e-03
-18.750000 9.972568e-03
-18.500000 1.015654e-02
-18.250000 1.030789e-02
-18.000000 1.042498e-02
-17.750000 1.050631e-02
-17.500000 1.055049e-02
-17.250000 1.055623e-02
-17.000000 1.052236e-02
-16.750000 1.044785e-02
-16.500000 1.033174e-02
-16.250000 1.017326e-02
-16.000000 9.971721e-03
-15.750000 9.726588e-03
-15.500000 9.437466e-03
-15.250000 9.104103e-03
-15.000000 8.726403e-03
-14.750000 8.304439e-03
-14.500000 7.838469e-03
-14.250000 7.328963e-03
-14.000000 6.776650e-03
-13.750000 6.182597e-03
-13.500000 5.548351e-03
-13.250000 4.876229e-03
-13.000000 4.169940e-03
-12.750000 3.436090e-03
-12.500000 2.688393e-03
-12.250000 1.961724e-03
-12.000000 1.366775e-03
-11.750000 1.218219e-03
-11.500000 1.700148e-03
-11.250000 2.505228e-03
-11.000000 3.438344e-03
-10.750000 4.438473e-03
-10.500000 5.483539e-03
-10.250000 6.563175e-03
-10.000000 7.671240e-03
-9.750000 8.803350e-03
-9.500000 9.955939e-03
-9.250000 1.112584e-02
-9.000000 1.231007e-02
-8.750000 1.350579e-02
-8.500000 1.471017e-02
-8.250000 1.592043e-02
-8.000000 1.713380e-02
-7.750000 1.834748e-02
-7.500000 1.955872e-02
-7.250000 2.076474e-02
-7.000000 2.196279e-02
-6.750000 2.315010e-02
-6.500000 2.432396e-02
-6.250000 2.548164e-02
-6.000000 2.662048e-02
-5.750000 2.773784e-02
-5.500000 2.883110e-02
-5.250000 2.989774e-02
-5.000000 3.093526e-02
-4.750000 3.194123e-02
-4.500000 3.291331e-02
-4.250000 3.384922e-02
-4.000000 3.474677e-02
-3.750000 3.560386e-02
-3.500000 3.641849e-02
-3.250000 3.718876e-02
-3.000000 3.791287e-02
-2.750000 3.858915e-02
-2.500000 3.921604e-02
-2.250000 3.979209e-02
-2.000000 4.031599e-02
-1.750000 4.078657e-02
-1.500000 4.120278e-02
-1.250000 4.156369e-02
-1.000000 4.186856e-02
-0.750000 4.211674e-02
-0.500000 4.230775e-02
-0.250000 4.244126e-02
0.000000 4.251708e-02
0.250000 4.253515e-02
0.500000 4.249559e-02
0.750000 4.239865e-02
1.000000 4.224472e-02
1.250000 4.203435e-02
1.500000 4.176824e-02
1.750000 4.144721e-02
2.000000 4.107225e-02
2.250000 4.064447e-02
2.500000 4.016512e-02
2.750000 3.963559e-02
3.000000 3.905739e-02
3.250000 3.843216e-02
3.500000 3.776168e-02
3.750000 3.704783e-02
4.000000 3.629262e-02
4.250000 3.549815e-02
4.500000 3.466664e-02
4.750000 3.380043e-02
5.000000 3.290193e-02
5.250000 3.197367e-02
5.500000 3.101826e-02
5.750000 3.003841e-02
6.000000 2.903690e-02
6.250000 2.801661e-02
6.500000 2.698052e-02
6.750000 2.593167e-02
7.000000 2.487320e-02
7.250000 2.380835e-02
7.500000 2.274047e-02
7.750000 2.167299e-02
8.000000 2.060952e-02
8.250000 1.955376e-02
8.500000 1.850962e-02
8.750000 1.748119e-02
9.000000 1.647282e-02
9.250000 1.548911e-02
9.500000 1.453503e-02
9.750000 1.361592e-02
10.000000 1.273758e-02
10.250000 1.190627e-02
10.500000 1.112877e-02
10.750000 1.041228e-02
11.000000 9.764279e-03
11.250000 9.192176e-03
11.500000 8.702813e-03
11.750000 8.301706e-03
12.000000 7.992188e-03
12.250000 7.774586e-03
12.500000 7.645702e-03
12.750000 7.598806e-03
13.000000 7.624199e-03
13.250000 7.710189e-03
13.500000 7.844205e-03
13.750000 8.013788e-03
14.000000 8.207312e-03
14.250000 8.414387e-03
14.500000 8.626030e-03
14.750000 8.834654e-03
15.000000 9.033968e-03
15.250000 9.218829e-03
15.500000 9.385090e-03
15.750000 9.529450e-03
16.000000 9.649329e-03
16.250000 9.742757e-03
16.500000 9.808275e-03
16.750000 9.844868e-03
17.000000 9.851894e-03
17.250000 9.829037e-03
17.500000 9.776261e-03
17.750000 9.693775e-03
18.000000 9.582004e-03
18.250000 9.441563e-03
18.500000 9.273236e-03
18.750000 9.077956e-03
19.000000 8.856787e-03
19.250000 8.610915e-03
19.500000 8.341628e-03
19.750000 8.050312e-03
20.000000 7.738433e-03
20.250000 7.407532e-03
20.500000 7.059215e-03
20.750000 6.695147e-03
21.000000 6.317044e-03
21.250000 5.926669e-03
21.500000 5.525831e-03
21.750000 5.116383e-03
22.000000 4.700229e-03
22.250000 4.279338e-03
22.500000 3.855767e-03
22.750000 3.431714e-03
23.000000 3.009607e-03
23.250000 2.592292e-03
23.500000 2.183410e-03
23.750000 1.788227e-03
24.000000 1.415641e-03
24.250000 1.083331e-03
24.500000 8.301625e-04
24.750000 7.274247e-04
25.000000 8.174117e-04
25.250000 1.038072e-03
25.500000 1.313831e-03
25.750000 1.606383e-03
26.000000 1.898867e-03
26.250000 2.183150e-03
26.500000 2.454757e-03
26.750000 2.710924e-03
27.000000 2.949777e-03
27.250000 3.169962e-03
27.500000 3.370460e-03
27.750000 3.550491e-03
28.000000 3.709458e-03
28.250000 3.846918e-03
28.500000 3.962555e-03
28.750000 4.056176e-03
29.000000 4.127694e-03
29.250000 4.177125e-03
29.500000 4.204581e-03
29.750000 4.210268e-03
30.000000 4.194480e-03
30.250000 4.157595e-03
30.500000 4.100073e-03
30.750000 4.022451e-03
31.000000 3.925342e-03
31.250000 3.809425e-03
31.500000 3.675450e-03
31.750000 3.524227e-03
32.000000 3.356626e-03
32.250000 3.173571e-03
32.500000 2.976037e-03
32.750000 2.765046e-03
33.000000 2.541664e-03
33.250000 2.306996e-03
33.500000 2.062188e-03
33.750000 1.808424e-03
34.000000 1.546935e-03
34.250000 1.279024e-03
34.500000 1.006126e-03
34.750000 7.300549e-04
35.000000 4.541118e-04
35.250000 1.938916e-04
35.500000 1.731831e-04
35.750000 4.284609e-04
36.000000 7.041577e-04
36.250000 9.806391e-04
36.500000 1.254362e-03
36.750000 1.523556e-03
37.000000 1.786895e-03
37.250000 2.043223e-03
37.500000 2.291483e-03
37.750000 2.530686e-03
38.000000 2.759905e-03
38.250000 2.978268e-03
38.500000 3.184963e-03
38.750000 3.379233e-03
39.000000 3.560383e-03
39.250000 3.727776e-03
39.500000 3.880840e-03
39.750000 4.019064e-03
40.000000 4.142003e-03
40.250000 4.249280e-03
40.500000 4.340581e-03
40.750000 4.415663e-03
41.000000 4.474349e-03
41.250000 4.516530e-03
41.500000 4.542165e-03
41.750000 4.551283e-03
42.000000 4.543977e-03
42.250000 4.520410e-03
42.500000 4.480810e-03
42.750000 4.425470e-03
43.000000 4.354748e-03
43.250000 4.269065e-03
43.500000 4.168906e-03
43.750000 4.054818e-03
44.000000 3.927409e-03
44.250000 3.787351e-03
44.500000 3.635376e-03
44.750000 3.472286e-03
45.000000 3.298949e-03
45.250000 3.116313e-03
45.500000 2.925414e-03
45.750000 2.727397e-03
46.000000 2.523543e-03
46.250000 2.315322e-03
46.500000 2.104472e-03
46.750000 1.893125e-03
47.000000 1.684037e-03
47.250000 1.480963e-03
47.500000 1.289291e-03
47.750000 1.117048e-03
48.000000 9.760822e-04
48.250000 8.821296e-04
48.500000 8.504557e-04
48.750000 8.863083e-04
49.000000 9.801403e-04
49.250000 1.114795e-03
49.500000 1.274523e-03
49.750000 1.448040e-03
50.000000 1.627886e-03
