-50.000000 1.849012e-04
-49.750000 2.248702e-04
-49.500000 2.605698e-04
-49.250000 2.905053e-04
-49.000000 3.133663e-04
-48.750000 3.280880e-04
-48.500000 3.339164e-04
-48.250000 3.304794e-04
-48.000000 3.178740e-04
-47.750000 2.967948e-04
-47.500000 2.687617e-04
-47.250000 2.365694e-04
-47.000000 2.051547e-04
-46.750000 1.827289e-04
-46.500000 1.796690e-04
-46.250000 2.011700e-04
-46.000000 2.422869e-04
-45.750000 2.943205e-04
-45.500000 3.503713e-04
-45.250000 4.057650e-04
-45.000000 4.572513e-04
-44.750000 5.024651e-04
-44.500000 5.396718e-04
-44.250000 5.676622e-04
-44.000000 5.857132e-04
-43.750000 5.935743e-04
-43.500000 5.914622e-04
-43.250000 5.800518e-04
-43.000000 5.604607e-04
-42.750000 5.342221e-04
-42.500000 5.032419e-04
-42.250000 4.697281e-04
-42.000000 4.360741e-04
-41.750000 4.046647e-04
-41.500000 3.775796e-04
-41.250000 3.562147e-04
-41.000000 3.409445e-04
-40.750000 3.310279e-04
-40.500000 3.248876e-04
-40.250000 3.206671e-04
-40.000000 3.168289e-04
-39.750000 3.126175e-04
-39.500000 3.083459e-04
-39.250000 3.055044e-04
-39.000000 3.066233e-04
-38.750000 3.147390e-04
-38.500000 3.324424e-04
-38.250000 3.609136e-04
-38.000000 3.995714e-04
-37.750000 4.464762e-04
-37.500000 4.990246e-04
-37.250000 5.544943e-04
-37.000000 6.103393e-04
-36.750000 6.643166e-04
-36.500000 7.145340e-04
-36.250000 7.594675e-04
-36.000000 7.979669e-04
-35.750000 8.292562e-04
-35.500000 8.529263e-04
-35.250000 8.689204e-04
-35.000000 8.775107e-04
-34.750000 8.792659e-04
-34.500000 8.750103e-04
-34.250000 8.657748e-04
-34.000000 8.527432e-04
-33.750000 8.371939e-04
-33.500000 8.204409e-04
-33.250000 8.037753e-04
-33.000000 7.884111e-04
-32.750000 7.754365e-04
-32.500000 7.657735e-04
-32.250000 7.601474e-04
-32.000000 7.590669e-04
-31.750000 7.628163e-04
-31.500000 7.714582e-04
-31.250000 7.848478e-04
-31.000000 8.026565e-04
-30.750000 8.244037e-04
-30.500000 8.494960e-04
-30.250000 8.772699e-04
-30.000000 9.070373e-04
-29.750000 9.381292e-04
-29.500000 9.699365e-04
-29.250000 1.001944e-03
-29.000000 1.033754e-03
-28.750000 1.065101e-03
-28.500000 1.095851e-03
-28.250000 1.125991e-03
-28.000000 1.155607e-03
-27.750000 1.184855e-03
-27.500000 1.213925e-03
-27.250000 1.243007e-03
-27.000000 1.272264e-03
-26.750000 1.301811e-03
-26.500000 1.331702e-03
-26.250000 1.361921e-03
-26.000000 1.392391e-03
-25.750000 1.422966e-03
-25.500000 1.453434e-03
-25.250000 1.483504e-03
-25.000000 1.512788e-03
-24.750000 1.540785e-03
-24.500000 1.566847e-03
-24.250000 1.590171e-03
-24.000000 1.609786e-03
-23.750000 1.624573e-03
-23.500000 1.633298e-03
-23.250000 1.634679e-03
-23.000000 1.627478e-03
-22.750000 1.610622e-03
-22.500000 1.583346e-03
-22.250000 1.545363e-03
-22.000000 1.497064e-03
-21.750000 1.439739e-03
-21.500000 1.375828e-03
-21.250000 1.309172e-03
-21.000000 1.245196e-03
-20.750000 1.190856e-03
-20.500000 1.154030e-03
-20.250000 1.142083e-03
-20.000000 1.159772e-03
-19.750000 1.207528e-03
-19.500000 1.281258e-03
-19.250000 1.373741e-03
-19.000000 1.476497e-03
-18.750000 1.581195e-03
-18.500000 1.680396e-03
-18.250000 1.767846e-03
-18.000000 1.838572e-03
-17.750000 1.888918e-03
-17.500000 1.916590e-03
-17.250000 1.920719e-03
-17.000000 1.901964e-03
-16.750000 1.862633e-03
-16.500000 1.806819e-03
-16.250000 1.740525e-03
-16.000000 1.671685e-03
-15.750000 1.609895e-03
-15.500000 1.565569e-03
-15.250000 1.548283e-03
-15.000000 1.564535e-03
-14.750000 1.615928e-03
-14.500000 1.698933e-03
-14.250000 1.806364e-03
-14.000000 1.929539e-03
-13.750000 2.060050e-03
-13.500000 2.190782e-03
-13.250000 2.316315e-03
-13.000000 2.432974e-03
-12.750000 2.538700e-03
-12.500000 2.632826e-03
-12.250000 2.715787e-03
-12.000000 2.788772e-03
-11.750000 2.853336e-03
-11.500000 2.910987e-03
-11.250000 2.962798e-03
-11.000000 3.009093e-03
-10.750000 3.049242e-03
-10.500000 3.081615e-03
-10.250000 3.103689e-03
-10.000000 3.112280e-03
-9.750000 3.103874e-03
-9.500000 3.074997e-03
-9.250000 3.022596e-03
-9.000000 2.944397e-03
-8.750000 2.839226e-03
-8.500000 2.707304e-03
-8.250000 2.550530e-03
-8.000000 2.372779e-03
-7.750000 2.180270e-03
-7.500000 1.982035e-03
-7.250000 1.790467e-03
-7.000000 1.621625e-03
-6.750000 1.494271e-03
-6.500000 1.425859e-03
-6.250000 1.425248e-03
-6.000000 1.487228e-03
-5.750000 1.595007e-03
-5.500000 1.728096e-03
-5.250000 1.868441e-03
-5.000000 2.002668e-03
-4.750000 2.122138e-03
-4.500000 2.222429e-03
-4.250000 2.302886e-03
-4.000000 2.366321e-03
-3.750000 2.418764e-03
-3.500000 2.469075e-03
-3.250000 2.528197e-03
-3.000000 2.607876e-03
-2.750000 2.718897e-03
-2.500000 2.869223e-03
-2.250000 3.062702e-03
-2.000000 3.298803e-03
-1.750000 3.573342e-03
-1.500000 3.879706e-03
-1.250000 4.210067e-03
-1.000000 4.556291e-03
-0.750000 4.910507e-03
-0.500000 5.265390e-03
-0.250000 5.614262e-03
0.000000 5.951074e-03
0.250000 6.270342e-03
0.500000 6.567047e-03
0.750000 6.836548e-03
1.000000 7.074507e-03
1.250000 7.276848e-03
1.500000 7.439765e-03
1.750000 7.559768e-03
2.000000 7.633788e-03
2.250000 7.659322e-03
2.500000 7.634634e-03
2.750000 7.558981e-03
3.000000 7.432883e-03
3.250000 7.258409e-03
3.500000 7.039491e-03
3.750000 6.782251e-03
4.000000 6.495322e-03
4.250000 6.190147e-03
4.500000 5.881160e-03
4.750000 5.585689e-03
5.000000 5.323300e-03
5.250000 5.114204e-03
5.500000 4.976483e-03
5.750000 4.922493e-03
6.000000 4.955691e-03
6.250000 5.069560e-03
6.500000 5.249281e-03
6.750000 5.475242e-03
7.000000 5.726672e-03
7.250000 5.984306e-03
7.500000 6.231840e-03
7.750000 6.456514e-03
8.000000 6.649165e-03
8.250000 6.804037e-03
8.500000 6.918468e-03
8.750000 6.992508e-03
9.000000 7.028483e-03
9.250000 7.030505e-03
9.500000 7.003903e-03
9.750000 6.954604e-03
10.000000 6.888472e-03
10.250000 6.810651e-03
10.500000 6.724988e-03
10.750000 6.633588e-03
11.000000 6.536594e-03
11.250000 6.432207e-03
11.500000 6.316955e-03
11.750000 6.186164e-03
12.000000 6.034543e-03
12.250000 5.856812e-03
12.500000 5.648292e-03
12.750000 5.405406e-03
13.000000 5.126085e-03
13.250000 4.810058e-03
13.500000 4.459080e-03
13.750000 4.077117e-03
14.000000 3.670591e-03
14.250000 3.248798e-03
14.500000 2.824729e-03
14.750000 2.416646e-03
15.000000 2.050730e-03
15.250000 1.763758e-03
15.500000 1.599302e-03
15.750000 1.585603e-03
16.000000 1.708132e-03
16.250000 1.918908e-03
16.500000 2.169117e-03
16.750000 2.424083e-03
17.000000 2.662069e-03
17.250000 2.869936e-03
17.500000 3.040014e-03
17.750000 3.168264e-03
18.000000 3.253224e-03
18.250000 3.295359e-03
18.500000 3.296615e-03
18.750000 3.260082e-03
19.000000 3.189705e-03
19.250000 3.090030e-03
19.500000 2.965966e-03
19.750000 2.822574e-03
20.000000 2.664874e-03
20.250000 2.497675e-03
20.500000 2.325447e-03
20.750000 2.152211e-03
21.000000 1.981485e-03
21.250000 1.816247e-03
21.500000 1.658949e-03
21.750000 1.511549e-03
22.000000 1.375560e-03
22.250000 1.252098e-03
22.500000 1.141924e-03
22.750000 1.045444e-03
23.000000 9.627047e-04
23.250000 8.933586e-04
23.500000 8.366708e-04
23.750000 7.915856e-04
24.000000 7.568899e-04
24.250000 7.314614e-04
24.500000 7.145462e-04
24.750000 7.059870e-04
25.000000 7.063163e-04
25.250000 7.166523e-04
25.500000 7.383859e-04
25.750000 7.727294e-04
26.000000 8.202813e-04
26.250000 8.807664e-04
26.500000 9.530230e-04
26.750000 1.035182e-03
27.000000 1.124924e-03
27.250000 1.219733e-03
27.500000 1.317084e-03
27.750000 1.414587e-03
28.000000 1.510076e-03
28.250000 1.601664e-03
28.500000 1.687769e-03
28.750000 1.767122e-03
29.000000 1.838748e-03
29.250000 1.901936e-03
29.500000 1.956194e-03
29.750000 2.001195e-03
30.000000 2.036718e-03
30.250000 2.062592e-03
30.500000 2.078656e-03
30.750000 2.084720e-03
31.000000 2.080558e-03
31.250000 2.065910e-03
31.500000 2.040509e-03
31.750000 2.004123e-03
32.000000 1.956606e-03
32.250000 1.897955e-03
32.500000 1.828371e-03
32.750000 1.748302e-03
33.000000 1.658495e-03
33.250000 1.560012e-03
33.500000 1.454252e-03
33.750000 1.342946e-03
34.000000 1.228140e-03
34.250000 1.112167e-03
34.500000 9.976085e-04
34.750000 8.872351e-04
35.000000 7.839199e-04
35.250000 6.904966e-04
35.500000 6.095117e-04
35.750000 5.428249e-04
36.000000 4.910840e-04
36.250000 4.532871e-04
36.500000 4.267937e-04
36.750000 4.079741e-04
37.000000 3.932191e-04
37.250000 3.798266e-04
37.500000 3.665111e-04
37.750000 3.535817e-04
38.000000 3.428856e-04
38.250000 3.374764e-04
38.500000 3.408298e-04
38.750000 3.556147e-04
39.000000 3.826024e-04
39.250000 4.204958e-04
39.500000 4.666636e-04
39.750000 5.180564e-04
40.000000 5.717973e-04
40.250000 6.254268e-04
40.500000 6.769555e-04
40.750000 7.248424e-04
41.000000 7.679523e-04
41.250000 8.055093e-04
41.500000 8.370500e-04
41.750000 8.623770e-04
42.000000 8.815109e-04
42.250000 8.946416e-04
42.500000 9.020809e-04
42.750000 9.042167e-04
43.000000 9.014730e-04
43.250000 8.942763e-04
43.500000 8.830315e-04
43.750000 8.681063e-04
44.000000 8.498256e-04
44.250000 8.284744e-04
44.500000 8.043061e-04
44.750000 7.775550e-04
45.000000 7.484507e-04
45.250000 7.172306e-04
45.500000 6.841515e-04
45.750000 6.494980e-04
46.000000 6.135887e-04
46.250000 5.767823e-04
46.500000 5.394839e-04
46.750000 5.021556e-04
47.000000 4.653327e-04
47.250000 4.296464e-04
47.500000 3.958532e-04
47.750000 3.648631e-04
48.000000 3.377506e-04
48.250000 3.157151e-04
48.500000 2.999472e-04
48.750000 2.913835e-04
49.000000 2.904117e-04
49.250000 2.966921e-04
49.500000 3.092235e-04
49.750000 3.266158e-04
50.000000 3.473962e-04
