-50.000000 8.088575e-04
-49.750000 8.273633e-04
-49.500000 8.396666e-04
-49.250000 8.455944e-04
-49.000000 8.451781e-04
-48.750000 8.386739e-04
-48.500000 8.265787e-04
-48.250000 8.096366e-04
-48.000000 7.888360e-04
-47.750000 7.653885e-04
-47.500000 7.406855e-04
-47.250000 7.162203e-04
-47.000000 6.934708e-04
-46.750000 6.737412e-04
-46.500000 6.579797e-04
-46.250000 6.466093e-04
-46.000000 6.394223e-04
-45.750000 6.355772e-04
-45.500000 6.337043e-04
-45.250000 6.320853e-04
-45.000000 6.288555e-04
-44.750000 6.221834e-04
-44.500000 6.104068e-04
-44.250000 5.921225e-04
-44.000000 5.662394e-04
-43.750000 5.320053e-04
-43.500000 4.890177e-04
-43.250000 4.372289e-04
-43.000000 3.769550e-04
-42.750000 3.089154e-04
-42.500000 2.343967e-04
-42.250000 1.560281e-04
-42.000000 8.339413e-05
-41.750000 7.335275e-05
-41.500000 1.458027e-04
-41.250000 2.346423e-04
-41.000000 3.255455e-04
-40.750000 4.146944e-04
-40.500000 4.998314e-04
-40.250000 5.791624e-04
-40.000000 6.511537e-04
-39.750000 7.144983e-04
-39.500000 7.681248e-04
-39.250000 8.112174e-04
-39.000000 8.432374e-04
-38.750000 8.639400e-04
-38.500000 8.733870e-04
-38.250000 8.719511e-04
-38.000000 8.603144e-04
-37.750000 8.394567e-04
-37.500000 8.106345e-04
-37.250000 7.753484e-04
-37.000000 7.352959e-04
-36.750000 6.923063e-04
-36.500000 6.482531e-04
-36.250000 6.049413e-04
-36.000000 5.639732e-04
-35.750000 5.266110e-04
-35.500000 4.936739e-04
-35.250000 4.655300e-04
-35.000000 4.422418e-04
-34.750000 4.238890e-04
-34.500000 4.110284e-04
-34.250000 4.051628e-04
-34.000000 4.089842e-04
-33.750000 4.260873e-04
-33.500000 4.600256e-04
-33.250000 5.131434e-04
-33.000000 5.859725e-04
-32.750000 6.774641e-04
-32.500000 7.856028e-04
-32.250000 9.079186e-04
-32.000000 1.041762e-03
-31.750000 1.184417e-03
-31.500000 1.333145e-03
-31.250000 1.485211e-03
-31.000000 1.637912e-03
-30.750000 1.788618e-03
-30.500000 1.934825e-03
-30.250000 2.074208e-03
-30.000000 2.204686e-03
-29.750000 2.324485e-03
-29.500000 2.432206e-03
-29.250000 2.526884e-03
-29.000000 2.608047e-03
-28.750000 2.675762e-03
-28.500000 2.730677e-03
-28.250000 2.774034e-03
-28.000000 2.807668e-03
-27.750000 2.833965e-03
-27.500000 2.855782e-03
-27.250000 2.876310e-03
-27.000000 2.898889e-03
-26.750000 2.926762e-03
-26.500000 2.962809e-03
-26.250000 3.009278e-03
-26.000000 3.067563e-03
-25.750000 3.138077e-03
-25.500000 3.220229e-03
-25.250000 3.312520e-03
-25.000000 3.412728e-03
-24.750000 3.518130e-03
-24.500000 3.625754e-03
-24.250000 3.732593e-03
-24.000000 3.835804e-03
-23.750000 3.932851e-03
-23.500000 4.021617e-03
-23.250000 4.100479e-03
-23.000000 4.168346e-03
-22.750000 4.224671e-03
-22.500000 4.269442e-03
-22.250000 4.303140e-03
-22.000000 4.326684e-03
-21.750000 4.341341e-03
-21.500000 4.348631e-03
-21.250000 4.350200e-03
-21.000000 4.347694e-03
-20.750000 4.342622e-03
-20.500000 4.336226e-03
-20.250000 4.329371e-03
-20.000000 4.322466e-03
-19.750000 4.315411e-03
-19.500000 4.307603e-03
-19.250000 4.297970e-03
-19.000000 4.285048e-03
-18.750000 4.267081e-03
-18.500000 4.242142e-03
-18.250000 4.208250e-03
-18.000000 4.163485e-03
-17.750000 4.106093e-03
-17.500000 4.034566e-03
-17.250000 3.947707e-03
-17.000000 3.844673e-03
-16.750000 3.724998e-03
-16.500000 3.588603e-03
-16.250000 3.435783e-03
-16.000000 3.267192e-03
-15.750000 3.083810e-03
-15.500000 2.886910e-03
-15.250000 2.678016e-03
-15.000000 2.458870e-03
-14.750000 2.231391e-03
-14.500000 1.997662e-03
-14.250000 1.759927e-03
-14.000000 1.520645e-03
-13.750000 1.282634e-03
-13.500000 1.049452e-03
-13.250000 8.263663e-04
-13.000000 6.230344e-04
-12.750000 4.609303e-04
-12.500000 3.849010e-04
-12.250000 4.303800e-04
-12.000000 5.582357e-04
-11.750000 7.166735e-04
-11.500000 8.810097e-04
-11.250000 1.040825e-03
-11.000000 1.190990e-03
-10.750000 1.328449e-03
-10.500000 1.451074e-03
-10.250000 1.557208e-03
-10.000000 1.645479e-03
-9.750000 1.714725e-03
-9.500000 1.763964e-03
-9.250000 1.792407e-03
-9.000000 1.799462e-03
-8.750000 1.784770e-03
-8.500000 1.748219e-03
-8.250000 1.689977e-03
-8.000000 1.610511e-03
-7.750000 1.510597e-03
-7.500000 1.391340e-03
-7.250000 1.254171e-03
-7.000000 1.100849e-03
-6.750000 9.334715e-04
-6.500000 7.545158e-04
-6.250000 5.670253e-04
-6.000000 3.755143e-04
-5.750000 1.926176e-04
-5.500000 1.224648e-04
-5.250000 2.750031e-04
-5.000000 4.645621e-04
-4.750000 6.548520e-04
-4.500000 8.397646e-04
-4.250000 1.016793e-03
-4.000000 1.184668e-03
-3.750000 1.342982e-03
-3.500000 1.492134e-03
-3.250000 1.633330e-03
-3.000000 1.768565e-03
-2.750000 1.900561e-03
-2.500000 2.032626e-03
-2.250000 2.168427e-03
-2.000000 2.311696e-03
-1.750000 2.465885e-03
-1.500000 2.633827e-03
-1.250000 2.817460e-03
-1.000000 3.017658e-03
-0.750000 3.234180e-03
-0.500000 3.465737e-03
-0.250000 3.710135e-03
0.000000 3.964460e-03
0.250000 4.225279e-03
0.500000 4.488825e-03
0.750000 4.751167e-03
1.000000 5.008349e-03
1.250000 5.256507e-03
1.500000 5.491967e-03
1.750000 5.711315e-03
2.000000 5.911456e-03
2.250000 6.089658e-03
2.500000 6.243574e-03
2.750000 6.371257e-03
3.000000 6.471161e-03
3.250000 6.542130e-03
3.500000 6.583380e-03
3.750000 6.594469e-03
4.000000 6.575267e-03
4.250000 6.525918e-03
4.500000 6.446805e-03
4.750000 6.338516e-03
5.000000 6.201818e-03
5.250000 6.037640e-03
5.500000 5.847070e-03
5.750000 5.631371e-03
6.000000 5.392020e-03
6.250000 5.130776e-03
6.500000 4.849790e-03
6.750000 4.551766e-03
7.000000 4.240194e-03
7.250000 3.919699e-03
7.500000 3.596539e-03
7.750000 3.279319e-03
8.000000 2.979931e-03
8.250000 2.714560e-03
8.500000 2.504040e-03
8.750000 2.371899e-03
9.000000 2.338281e-03
9.250000 2.411371e-03
9.500000 2.583217e-03
9.750000 2.834242e-03
10.000000 3.141501e-03
10.250000 3.484245e-03
10.500000 3.845675e-03
10.750000 4.212686e-03
11.000000 4.575065e-03
11.250000 4.924767e-03
11.500000 5.255405e-03
11.750000 5.561914e-03
12.000000 5.840363e-03
12.250000 6.087843e-03
12.500000 6.302411e-03
12.750000 6.483060e-03
13.000000 6.629707e-03
13.250000 6.743169e-03
13.500000 6.825147e-03
13.750000 6.878173e-03
14.000000 6.905553e-03
14.250000 6.911262e-03
14.500000 6.899810e-03
14.750000 6.876069e-03
15.000000 6.845049e-03
15.250000 6.811649e-03
15.500000 6.780370e-03
15.750000 6.755033e-03
16.000000 6.738523e-03
16.250000 6.732581e-03
16.500000 6.737694e-03
16.750000 6.753083e-03
17.000000 6.776802e-03
17.250000 6.805919e-03
17.500000 6.836778e-03
17.750000 6.865270e-03
18.000000 6.887121e-03
18.250000 6.898139e-03
18.500000 6.894434e-03
18.750000 6.872575e-03
19.000000 6.829715e-03
19.250000 6.763659e-03
19.500000 6.672896e-03
19.750000 6.556609e-03
20.000000 6.414640e-03
20.250000 6.247451e-03
20.500000 6.056055e-03
20.750000 5.841945e-03
21.000000 5.607005e-03
21.250000 5.353420e-03
21.500000 5.083580e-03
21.750000 4.799990e-03
22.000000 4.505179e-03
22.250000 4.201612e-03
22.500000 3.891623e-03
22.750000 3.577351e-03
23.000000 3.260690e-03
23.250000 2.943269e-03
23.500000 2.626433e-03
23.750000 2.311257e-03
24.000000 1.998568e-03
24.250000 1.688994e-03
24.500000 1.383019e-03
24.750000 1.081060e-03
25.000000 7.835955e-04
25.250000 4.914903e-04
25.500000 2.085353e-04
25.750000 1.054821e-04
26.000000 3.669841e-04
26.250000 6.347159e-04
26.500000 8.958991e-04
26.750000 1.148455e-03
27.000000 1.390936e-03
27.250000 1.621990e-03
27.500000 1.840300e-03
27.750000 2.044607e-03
28.000000 2.233750e-03
28.250000 2.406712e-03
28.500000 2.562660e-03
28.750000 2.700988e-03
29.000000 2.821337e-03
29.250000 2.923621e-03
29.500000 3.008029e-03
29.750000 3.075025e-03
30.000000 3.125326e-03
30.250000 3.159874e-03
30.500000 3.179800e-03
30.750000 3.186365e-03
31.000000 3.180907e-03
31.250000 3.164778e-03
31.500000 3.139278e-03
31.750000 3.105594e-03
32.000000 3.064753e-03
32.250000 3.017578e-03
32.500000 2.964668e-03
32.750000 2.906399e-03
33.000000 2.842936e-03
33.250000 2.774274e-03
33.500000 2.700288e-03
33.750000 2.620798e-03
34.000000 2.535637e-03
34.250000 2.444721e-03
34.500000 2.348115e-03
34.750000 2.246092e-03
35.000000 2.139176e-03
35.250000 2.028181e-03
35.500000 1.914225e-03
35.750000 1.798740e-03
36.000000 1.683452e-03
36.250000 1.570351e-03
36.500000 1.461615e-03
36.750000 1.359502e-03
37.000000 1.266186e-03
37.250000 1.183523e-03
37.500000 1.112776e-03
37.750000 1.054337e-03
38.000000 1.007538e-03
38.250000 9.706296e-04
38.500000 9.409789e-04
38.750000 9.154182e-04
39.000000 8.906474e-04
39.250000 8.635787e-04
39.500000 8.315718e-04
39.750000 7.925569e-04
40.000000 7.450726e-04
40.250000 6.882524e-04
40.500000 6.217857e-04
40.750000 5.458753e-04
41.000000 4.612158e-04
41.250000 3.690461e-04
41.500000 2.714800e-04
41.750000 1.732623e-04
42.000000 9.496519e-05
42.250000 1.155110e-04
42.500000 2.102760e-04
42.750000 3.183671e-04
43.000000 4.278126e-04
43.250000 5.349354e-04
43.500000 6.376696e-04
43.750000 7.345229e-04
44.000000 8.243380e-04
44.250000 9.062247e-04
44.500000 9.795342e-04
44.750000 1.043845e-03
45.000000 1.098947e-03
45.250000 1.144823e-03
45.500000 1.181622e-03
45.750000 1.209627e-03
46.000000 1.229226e-03
46.250000 1.240868e-03
46.500000 1.245030e-03
46.750000 1.242180e-03
47.000000 1.232751e-03
47.250000 1.217116e-03
47.500000 1.195580e-03
47.750000 1.168385e-03
48.000000 1.135718e-03
48.250000 1.097746e-03
48.500000 1.054655e-03
48.750000 1.006703e-03
49.000000 9.542843e-04
49.250000 8.980131e-04
49.500000 8.388171e-04
49.750000 7.780574e-04
50.000000 7.176731e-04
