-50.000000 8.280521e-04
-49.750000 8.725515e-04
-49.500000 9.140017e-04
-49.250000 9.518062e-04
-49.000000 9.854564e-04
-48.750000 1.014520e-03
-48.500000 1.038631e-03
-48.250000 1.057488e-03
-48.000000 1.070847e-03
-47.750000 1.078520e-03
-47.500000 1.080377e-03
-47.250000 1.076344e-03
-47.000000 1.066403e-03
-46.750000 1.050598e-03
-46.500000 1.029034e-03
-46.250000 1.001884e-03
-46.000000 9.693949e-04
-45.750000 9.318972e-04
-45.500000 8.898187e-04
-45.250000 8.437053e-04
-45.000000 7.942507e-04
-44.750000 7.423405e-04
-44.500000 6.891171e-04
-44.250000 6.360700e-04
-44.000000 5.851542e-04
-43.750000 5.389166e-04
-43.500000 5.005535e-04
-43.250000 4.737294e-04
-43.000000 4.619334e-04
-42.750000 4.674040e-04
-42.500000 4.902384e-04
-42.250000 5.284514e-04
-42.000000 5.789012e-04
-41.750000 6.382836e-04
-41.500000 7.036882e-04
-41.250000 7.727460e-04
-41.000000 8.435780e-04
-40.750000 9.146899e-04
-40.500000 9.848741e-04
-40.250000 1.053135e-03
-40.000000 1.118635e-03
-39.750000 1.180662e-03
-39.500000 1.238601e-03
-39.250000 1.291924e-03
-39.000000 1.340174e-03
-38.750000 1.382965e-03
-38.500000 1.419975e-03
-38.250000 1.450945e-03
-38.000000 1.475681e-03
-37.750000 1.494051e-03
-37.500000 1.505987e-03
-37.250000 1.511492e-03
-37.000000 1.510637e-03
-36.750000 1.503565e-03
-36.500000 1.490500e-03
-36.250000 1.471744e-03
-36.000000 1.447691e-03
-35.750000 1.418827e-03
-35.500000 1.385741e-03
-35.250000 1.349134e-03
-35.000000 1.309827e-03
-34.750000 1.268771e-03
-34.500000 1.227052e-03
-34.250000 1.185894e-03
-34.000000 1.146651e-03
-33.750000 1.110776e-03
-33.500000 1.079774e-03
-33.250000 1.055120e-03
-33.000000 1.038145e-03
-32.750000 1.029907e-03
-32.500000 1.031065e-03
-32.250000 1.041797e-03
-32.000000 1.061780e-03
-31.750000 1.090242e-03
-31.500000 1.126066e-03
-31.250000 1.167922e-03
-31.000000 1.214384e-03
-30.750000 1.264030e-03
-30.500000 1.315505e-03
-30.250000 1.367565e-03
-30.000000 1.419097e-03
-29.750000 1.469126e-03
-29.500000 1.516817e-03
-29.250000 1.561474e-03
-29.000000 1.602537e-03
-28.750000 1.639581e-03
-28.500000 1.672315e-03
-28.250000 1.700582e-03
-28.000000 1.724362e-03
-27.750000 1.743776e-03
-27.500000 1.759088e-03
-27.250000 1.770711e-03
-27.000000 1.779209e-03
-26.750000 1.785299e-03
-26.500000 1.789849e-03
-26.250000 1.793864e-03
-26.000000 1.798480e-03
-25.750000 1.804927e-03
-25.500000 1.814498e-03
-25.250000 1.828494e-03
-25.000000 1.848165e-03
-24.750000 1.874640e-03
-24.500000 1.908862e-03
-24.250000 1.951531e-03
-24.000000 2.003057e-03
-23.750000 2.063548e-03
-23.500000 2.132806e-03
-23.250000 2.210357e-03
-23.000000 2.295489e-03
-22.750000 2.387295e-03
-22.500000 2.484726e-03
-22.250000 2.586633e-03
-22.000000 2.691805e-03
-21.750000 2.799004e-03
-21.500000 2.906991e-03
-21.250000 3.014542e-03
-21.000000 3.120463e-03
-20.750000 3.223607e-03
-20.500000 3.322875e-03
-20.250000 3.417230e-03
-20.000000 3.505696e-03
-19.750000 3.587370e-03
-19.500000 3.661421e-03
-19.250000 3.727097e-03
-19.000000 3.783729e-03
-18.750000 3.830734e-03
-18.500000 3.867622e-03
-18.250000 3.893996e-03
-18.000000 3.909561e-03
-17.750000 3.914124e-03
-17.500000 3.907601e-03
-17.250000 3.890022e-03
-17.000000 3.861534e-03
-16.750000 3.822408e-03
-16.500000 3.773040e-03
-16.250000 3.713964e-03
-16.000000 3.645848e-03
-15.750000 3.569510e-03
-15.500000 3.485914e-03
-15.250000 3.396184e-03
-15.000000 3.301603e-03
-14.750000 3.203618e-03
-14.500000 3.103836e-03
-14.250000 3.004020e-03
-14.000000 2.906069e-03
-13.750000 2.811988e-03
-13.500000 2.723837e-03
-13.250000 2.643657e-03
-13.000000 2.573376e-03
-12.750000 2.514683e-03
-12.500000 2.468898e-03
-12.250000 2.436845e-03
-12.000000 2.418754e-03
-11.750000 2.414211e-03
-11.500000 2.422173e-03
-11.250000 2.441039e-03
-11.000000 2.468774e-03
-10.750000 2.503044e-03
-10.500000 2.541359e-03
-10.250000 2.581191e-03
-10.000000 2.620069e-03
-9.750000 2.655653e-03
-9.500000 2.685772e-03
-9.250000 2.708455e-03
-9.000000 2.721946e-03
-8.750000 2.724716e-03
-8.500000 2.715463e-03
-8.250000 2.693124e-03
-8.000000 2.656880e-03
-7.750000 2.606174e-03
-7.500000 2.540732e-03
-7.250000 2.460606e-03
-7.000000 2.366227e-03
-6.750000 2.258497e-03
-6.500000 2.138925e-03
-6.250000 2.009841e-03
-6.000000 1.874717e-03
-5.750000 1.738634e-03
-5.500000 1.608929e-03
-5.250000 1.495874e-03
-5.000000 1.412902e-03
-4.750000 1.375262e-03
-4.500000 1.396139e-03
-4.250000 1.481665e-03
-4.000000 1.628994e-03
-3.750000 1.829151e-03
-3.500000 2.071423e-03
-3.250000 2.346109e-03
-3.000000 2.645347e-03
-2.750000 2.962962e-03
-2.500000 3.294061e-03
-2.250000 3.634657e-03
-2.000000 3.981381e-03
-1.750000 4.331294e-03
-1.500000 4.681755e-03
-1.250000 5.030339e-03
-1.000000 5.374784e-03
-0.750000 5.712959e-03
-0.500000 6.042840e-03
-0.250000 6.362502e-03
0.000000 6.670116e-03
0.250000 6.963941e-03
0.500000 7.242332e-03
0.750000 7.503743e-03
1.000000 7.746728e-03
1.250000 7.969950e-03
1.500000 8.172188e-03
1.750000 8.352337e-03
2.000000 8.509425e-03
2.250000 8.642608e-03
2.500000 8.751186e-03
2.750000 8.834601e-03
3.000000 8.892450e-03
3.250000 8.924484e-03
3.500000 8.930620e-03
3.750000 8.910941e-03
4.000000 8.865705e-03
4.250000 8.795348e-03
4.500000 8.700493e-03
4.750000 8.581954e-03
5.000000 8.440742e-03
5.250000 8.278079e-03
5.500000 8.095401e-03
5.750000 7.894375e-03
6.000000 7.676909e-03
6.250000 7.445172e-03
6.500000 7.201612e-03
6.750000 6.948979e-03
7.000000 6.690352e-03
7.250000 6.429158e-03
7.500000 6.169199e-03
7.750000 5.914665e-03
8.000000 5.670118e-03
8.250000 5.440452e-03
8.500000 5.230794e-03
8.750000 5.046322e-03
9.000000 4.891999e-03
9.250000 4.772214e-03
9.500000 4.690373e-03
9.750000 4.648509e-03
10.000000 4.647002e-03
10.250000 4.684503e-03
10.500000 4.758076e-03
10.750000 4.863529e-03
11.000000 4.995845e-03
11.250000 5.149610e-03
11.500000 5.319375e-03
11.750000 5.499916e-03
12.000000 5.686401e-03
12.250000 5.874468e-03
12.500000 6.060252e-03
12.750000 6.240378e-03
13.000000 6.411936e-03
13.250000 6.572439e-03
13.500000 6.719792e-03
13.750000 6.852253e-03
14.000000 6.968403e-03
14.250000 7.067116e-03
14.500000 7.147536e-03
14.750000 7.209053e-03
15.000000 7.251288e-03
15.250000 7.274073e-03
15.500000 7.277443e-03
15.750000 7.261615e-03
16.000000 7.226984e-03
16.250000 7.174107e-03
16.500000 7.103697e-03
16.750000 7.016610e-03
17.000000 6.913840e-03
17.250000 6.796504e-03
17.500000 6.665840e-03
17.750000 6.523194e-03
18.000000 6.370011e-03
18.250000 6.207826e-03
18.500000 6.038255e-03
18.750000 5.862983e-03
19.000000 5.683752e-03
19.250000 5.502346e-03
19.500000 5.320575e-03
19.750000 5.140256e-03
20.000000 4.963189e-03
20.250000 4.791131e-03
20.500000 4.625756e-03
20.750000 4.468626e-03
21.000000 4.321143e-03
21.250000 4.184502e-03
21.500000 4.059649e-03
21.750000 3.947236e-03
22.000000 3.847589e-03
22.250000 3.760686e-03
22.500000 3.686156e-03
22.750000 3.623296e-03
23.000000 3.571104e-03
23.250000 3.528339e-03
23.500000 3.493580e-03
23.750000 3.465298e-03
24.000000 3.441926e-03
24.250000 3.421917e-03
24.500000 3.403802e-03
24.750000 3.386229e-03
25.000000 3.367995e-03
25.250000 3.348064e-03
25.500000 3.325579e-03
25.750000 3.299866e-03
26.000000 3.270433e-03
26.250000 3.236964e-03
26.500000 3.199309e-03
26.750000 3.157477e-03
27.000000 3.111620e-03
27.250000 3.062022e-03
27.500000 3.009088e-03
27.750000 2.953323e-03
28.000000 2.895323e-03
28.250000 2.835756e-03
28.500000 2.775341e-03
28.750000 2.714835e-03
29.000000 2.655008e-03
29.250000 2.596623e-03
29.500000 2.540407e-03
29.750000 2.487034e-03
30.000000 2.437094e-03
30.250000 2.391074e-03
30.500000 2.349332e-03
30.750000 2.312087e-03
31.000000 2.279405e-03
31.250000 2.251197e-03
31.500000 2.227225e-03
31.750000 2.207114e-03
32.000000 2.190370e-03
32.250000 2.176406e-03
32.500000 2.164569e-03
32.750000 2.154166e-03
33.000000 2.144491e-03
33.250000 2.134847e-03
33.500000 2.124573e-03
33.750000 2.113052e-03
34.000000 2.099728e-03
34.250000 2.084118e-03
34.500000 2.065810e-03
34.750000 2.044472e-03
35.000000 2.019851e-03
35.250000 1.991772e-03
35.500000 1.960134e-03
35.750000 1.924908e-03
36.000000 1.886133e-03
36.250000 1.843911e-03
36.500000 1.798398e-03
36.750000 1.749806e-03
37.000000 1.698388e-03
37.250000 1.644442e-03
37.500000 1.588297e-03
37.750000 1.530313e-03
38.000000 1.470874e-03
38.250000 1.410379e-03
38.500000 1.349243e-03
38.750000 1.287886e-03
39.000000 1.226733e-03
39.250000 1.166205e-03
39.500000 1.106718e-03
39.750000 1.048673e-03
40.000000 9.924602e-04
40.250000 9.384444e-04
40.500000 8.869670e-04
40.750000 8.383384e-04
41.000000 7.928336e-04
41.250000 7.506867e-04
41.500000 7.120854e-04
41.750000 6.771669e-04
42.000000 6.460132e-04
42.250000 6.186496e-04
42.500000 5.950439e-04
42.750000 5.751096e-04
43.000000 5.587112e-04
43.250000 5.456729e-04
43.500000 5.357885e-04
43.750000 5.288322e-04
44.000000 5.245689e-04
44.250000 5.227615e-04
44.500000 5.231772e-04
44.750000 5.255898e-04
45.000000 5.297802e-04
45.250000 5.355347e-04
45.500000 5.426428e-04
45.750000 5.508944e-04
46.000000 5.600779e-04
46.250000 5.699784e-04
46.500000 5.803783e-04
46.750000 5.910576e-04
47.000000 6.017961e-04
47.250000 6.123766e-04
47.500000 6.225882e-04
47.750000 6.322303e-04
48.000000 6.411169e-04
48.250000 6.490815e-04
48.500000 6.559809e-04
48.750000 6.616999e-04
49.000000 6.661558e-04
49.250000 6.693018e-04
49.500000 6.711313e-04
49.750000 6.716808e-04
50.000000 6.710334e-04
