-50.000000 1.666290e-03
-49.750000 1.830249e-03
-49.500000 1.904000e-03
-49.250000 1.884955e-03
-49.000000 1.781745e-03
-48.750000 1.614110e-03
-48.500000 1.413496e-03
-48.250000 1.223523e-03
-48.000000 1.094929e-03
-47.750000 1.062571e-03
-47.500000 1.114790e-03
-47.250000 1.203079e-03
-47.000000 1.280246e-03
-46.750000 1.319137e-03
-46.500000 1.313917e-03
-46.250000 1.278244e-03
-46.000000 1.242903e-03
-45.750000 1.247523e-03
-45.500000 1.320652e-03
-45.250000 1.460273e-03
-45.000000 1.637321e-03
-44.750000 1.814756e-03
-44.500000 1.961160e-03
-44.250000 2.055714e-03
-44.000000 2.089500e-03
-43.750000 2.065874e-03
-43.500000 2.000317e-03
-43.250000 1.918881e-03
-43.000000 1.853186e-03
-42.750000 1.829933e-03
-42.500000 1.857830e-03
-42.250000 1.921954e-03
-42.000000 1.991230e-03
-41.750000 2.031389e-03
-41.500000 2.014255e-03
-41.250000 1.921769e-03
-41.000000 1.746909e-03
-40.750000 1.493278e-03
-40.500000 1.174343e-03
-40.250000 8.137667e-04
-40.000000 4.559587e-04
-39.750000 2.752123e-04
-39.500000 4.937847e-04
-39.250000 7.887313e-04
-39.000000 1.042596e-03
-38.750000 1.235099e-03
-38.500000 1.368645e-03
-38.250000 1.460795e-03
-38.000000 1.540357e-03
-37.750000 1.638520e-03
-37.500000 1.774955e-03
-37.250000 1.947344e-03
-37.000000 2.132716e-03
-36.750000 2.297311e-03
-36.500000 2.406426e-03
-36.250000 2.430673e-03
-36.000000 2.349323e-03
-35.750000 2.152004e-03
-35.500000 1.839474e-03
-35.250000 1.424022e-03
-35.000000 9.313799e-04
-34.750000 4.252879e-04
-34.500000 3.790431e-04
-34.250000 8.807594e-04
-34.000000 1.388802e-03
-33.750000 1.822080e-03
-33.500000 2.145612e-03
-33.250000 2.336949e-03
-33.000000 2.384395e-03
-32.750000 2.287382e-03
-32.500000 2.056771e-03
-32.250000 1.715164e-03
-32.000000 1.298988e-03
-31.750000 8.712640e-04
-31.500000 5.870048e-04
-31.250000 6.960706e-04
-31.000000 1.036510e-03
-30.750000 1.380961e-03
-30.500000 1.655915e-03
-30.250000 1.837891e-03
-30.000000 1.925002e-03
-29.750000 1.930936e-03
-29.500000 1.882128e-03
-29.250000 1.813199e-03
-29.000000 1.757814e-03
-28.750000 1.735205e-03
-28.500000 1.740063e-03
-28.250000 1.745402e-03
-28.000000 1.715927e-03
-27.750000 1.620923e-03
-27.500000 1.441244e-03
-27.250000 1.171752e-03
-27.000000 8.221673e-04
-26.750000 4.242988e-04
-26.500000 2.124492e-04
-26.250000 5.792437e-04
-26.000000 9.931588e-04
-25.750000 1.346504e-03
-25.500000 1.601199e-03
-25.250000 1.732238e-03
-25.000000 1.727123e-03
-24.750000 1.589046e-03
-24.500000 1.343556e-03
-24.250000 1.057520e-03
-24.000000 8.861899e-04
-23.750000 1.021390e-03
-23.500000 1.398135e-03
-23.250000 1.835174e-03
-23.000000 2.223520e-03
-22.750000 2.500559e-03
-22.500000 2.628015e-03
-22.250000 2.587453e-03
-22.000000 2.382363e-03
-21.750000 2.045871e-03
-21.500000 1.662262e-03
-21.250000 1.413200e-03
-21.000000 1.531150e-03
-20.750000 1.992550e-03
-20.500000 2.581586e-03
-20.250000 3.141073e-03
-20.000000 3.577361e-03
-19.750000 3.830752e-03
-19.500000 3.865147e-03
-19.250000 3.665954e-03
-19.000000 3.240634e-03
-18.750000 2.621422e-03
-18.500000 1.877361e-03
-18.250000 1.183197e-03
-18.000000 1.066732e-03
-17.750000 1.699340e-03
-17.500000 2.500942e-03
-17.250000 3.225241e-03
-17.000000 3.779455e-03
-16.750000 4.116130e-03
-16.500000 4.216468e-03
-16.250000 4.089029e-03
-16.000000 3.771870e-03
-15.750000 3.336663e-03
-15.500000 2.893606e-03
-15.250000 2.583357e-03
-15.000000 2.513884e-03
-14.750000 2.657421e-03
-14.500000 2.866271e-03
-14.250000 2.986229e-03
-14.000000 2.910243e-03
-13.750000 2.578977e-03
-13.500000 1.973444e-03
-13.250000 1.114949e-03
-13.000000 2.921556e-04
-12.750000 1.313213e-03
-12.500000 2.628404e-03
-12.250000 3.932972e-03
-12.000000 5.118328e-03
-11.750000 6.086287e-03
-11.500000 6.752194e-03
-11.250000 7.052781e-03
-11.000000 6.955138e-03
-10.750000 6.468231e-03
-10.500000 5.663248e-03
-10.250000 4.721245e-03
-10.000000 4.033309e-03
-9.750000 4.170333e-03
-9.500000 5.263553e-03
-9.250000 6.870737e-03
-9.000000 8.580341e-03
-8.750000 1.013579e-02
-8.500000 1.136834e-02
-8.250000 1.216276e-02
-8.000000 1.244754e-02
-7.750000 1.219365e-02
-7.500000 1.141574e-02
-7.250000 1.017424e-02
-7.000000 8.580719e-03
-6.750000 6.814980e-03
-6.500000 5.178045e-03
-6.250000 4.186685e-03
-6.000000 4.328363e-03
-5.750000 5.291863e-03
-5.500000 6.409014e-03
-5.250000 7.283544e-03
-5.000000 7.727709e-03
-4.750000 7.659480e-03
-4.500000 7.062941e-03
-4.250000 5.972905e-03
-4.000000 4.466520e-03
-3.750000 2.659088e-03
-3.500000 7.661018e-04
-3.250000 1.485536e-03
-3.000000 3.361956e-03
-2.750000 5.008421e-03
-2.500000 6.276584e-03
-2.250000 7.065030e-03
-2.000000 7.308921e-03
-1.750000 6.983316e-03
-1.500000 6.106321e-03
-1.250000 4.743669e-03
-1.000000 3.033288e-03
-0.750000 1.460838e-03
-0.500000 2.163333e-03
-0.250000 4.223828e-03
0.000000 6.313000e-03
0.250000 8.156928e-03
0.500000 9.605815e-03
0.750000 1.055496e-02
1.000000 1.093914e-02
1.250000 1.073431e-02
1.500000 9.959185e-03
1.750000 8.676181e-03
2.000000 6.994381e-03
2.250000 5.087715e-03
2.500000 3.295743e-03
2.750000 2.525471e-03
3.000000 3.502631e-03
3.250000 5.084847e-03
3.500000 6.538662e-03
3.750000 7.620377e-03
4.000000 8.226182e-03
4.250000 8.317579e-03
4.500000 7.904625e-03
4.750000 7.040426e-03
5.000000 5.819519e-03
5.250000 4.385085e-03
5.500000 2.975725e-03
5.750000 2.116734e-03
6.000000 2.452857e-03
6.250000 3.423529e-03
6.500000 4.338951e-03
6.750000 4.942712e-03
7.000000 5.135312e-03
7.250000 4.884357e-03
7.500000 4.202729e-03
7.750000 3.141190e-03
8.000000 1.790202e-03
8.250000 4.925666e-04
8.500000 1.614883e-03
8.750000 3.239203e-03
9.000000 4.750191e-03
9.250000 6.025244e-03
9.500000 6.975797e-03
9.750000 7.540339e-03
10.000000 7.686590e-03
10.250000 7.413037e-03
10.500000 6.748882e-03
10.750000 5.752798e-03
11.000000 4.512505e-03
11.250000 3.153641e-03
11.500000 1.906936e-03
11.750000 1.431331e-03
12.000000 2.137187e-03
12.250000 3.102539e-03
12.500000 3.899542e-03
12.750000 4.407087e-03
13.000000 4.583669e-03
13.250000 4.428356e-03
13.500000 3.972131e-03
13.750000 3.276517e-03
14.000000 2.442379e-03
14.250000 1.661022e-03
14.500000 1.364698e-03
14.750000 1.816887e-03
15.000000 2.535080e-03
15.250000 3.186153e-03
15.500000 3.645849e-03
15.750000 3.861830e-03
16.000000 3.818207e-03
16.250000 3.526415e-03
16.500000 3.022238e-03
16.750000 2.367176e-03
17.000000 1.664827e-03
17.250000 1.141613e-03
17.500000 1.198755e-03
17.750000 1.719123e-03
18.000000 2.299250e-03
18.250000 2.774269e-03
18.500000 3.083643e-03
18.750000 3.207039e-03
19.000000 3.149492e-03
19.250000 2.937092e-03
19.500000 2.615522e-03
19.750000 2.250235e-03
20.000000 1.926165e-03
20.250000 1.733728e-03
20.500000 1.718368e-03
20.750000 1.836200e-03
21.000000 1.998601e-03
21.250000 2.138275e-03
21.500000 2.226952e-03
21.750000 2.268726e-03
22.000000 2.289328e-03
22.250000 2.322348e-03
22.500000 2.391703e-03
22.750000 2.497220e-03
23.000000 2.613278e-03
23.250000 2.700004e-03
23.500000 2.716974e-03
23.750000 2.632602e-03
24.000000 2.428889e-03
24.250000 2.103521e-03
24.500000 1.671536e-03
24.750000 1.171732e-03
25.000000 7.081017e-04
25.250000 6.247321e-04
25.500000 1.025827e-03
25.750000 1.513117e-03
26.000000 1.934747e-03
26.250000 2.234578e-03
26.500000 2.382804e-03
26.750000 2.365858e-03
27.000000 2.184997e-03
27.250000 1.856684e-03
27.500000 1.415660e-03
27.750000 9.331597e-04
28.000000 6.252400e-04
28.250000 8.536870e-04
28.500000 1.350703e-03
28.750000 1.847289e-03
29.000000 2.257968e-03
29.250000 2.543329e-03
29.500000 2.683678e-03
29.750000 2.674681e-03
30.000000 2.526710e-03
30.250000 2.265220e-03
30.500000 1.932571e-03
30.750000 1.592952e-03
31.000000 1.337972e-03
31.250000 1.261199e-03
31.500000 1.367342e-03
31.750000 1.557544e-03
32.000000 1.731153e-03
32.250000 1.827981e-03
32.500000 1.819687e-03
32.750000 1.699463e-03
33.000000 1.477026e-03
33.250000 1.177817e-03
33.500000 8.504519e-04
33.750000 6.034271e-04
34.000000 6.261312e-04
34.250000 8.827414e-04
34.500000 1.184890e-03
34.750000 1.446715e-03
35.000000 1.635680e-03
35.250000 1.741029e-03
35.500000 1.766083e-03
35.750000 1.725880e-03
36.000000 1.645414e-03
36.250000 1.556329e-03
36.500000 1.489879e-03
36.750000 1.465675e-03
37.000000 1.482535e-03
37.250000 1.520863e-03
37.500000 1.554907e-03
37.750000 1.564254e-03
38.000000 1.539434e-03
38.250000 1.483111e-03
38.500000 1.408781e-03
38.750000 1.336985e-03
39.000000 1.287808e-03
39.250000 1.270527e-03
39.500000 1.276836e-03
39.750000 1.284189e-03
40.000000 1.265843e-03
40.250000 1.199503e-03
40.500000 1.071702e-03
40.750000 8.796893e-04
41.000000 6.344855e-04
41.250000 3.807292e-04
41.500000 3.175324e-04
41.750000 5.721325e-04
42.000000 9.042748e-04
42.250000 1.224023e-03
42.500000 1.498306e-03
42.750000 1.707451e-03
43.000000 1.840208e-03
43.250000 1.893588e-03
43.500000 1.873268e-03
43.750000 1.793729e-03
44.000000 1.677678e-03
44.250000 1.553858e-03
44.500000 1.451437e-03
44.750000 1.389883e-03
45.000000 1.368803e-03
45.250000 1.367635e-03
45.500000 1.356692e-03
45.750000 1.309416e-03
46.000000 1.209044e-03
46.250000 1.050934e-03
46.500000 8.444516e-04
46.750000 6.208634e-04
47.000000 4.644222e-04
47.250000 5.130679e-04
47.500000 7.293554e-04
47.750000 9.826895e-04
48.000000 1.209164e-03
48.250000 1.378615e-03
48.500000 1.475054e-03
48.750000 1.492064e-03
49.000000 1.431828e-03
49.250000 1.305027e-03
49.500000 1.131304e-03
49.750000 9.408374e-04
50.000000 7.770011e-04
