-50.000000 2.288811e-03
-49.750000 2.488889e-03
-49.500000 2.701247e-03
-49.250000 2.899923e-03
-49.000000 3.064795e-03
-48.750000 3.181111e-03
-48.500000 3.238810e-03
-48.250000 3.232074e-03
-48.000000 3.159155e-03
-47.750000 3.022502e-03
-47.500000 2.829259e-03
-47.250000 2.592369e-03
-47.000000 2.332631e-03
-46.750000 2.082024e-03
-46.500000 1.886720e-03
-46.250000 1.801963e-03
-46.000000 1.867049e-03
-45.750000 2.076539e-03
-45.500000 2.388110e-03
-45.250000 2.753034e-03
-45.000000 3.132103e-03
-44.750000 3.496731e-03
-44.500000 3.826193e-03
-44.250000 4.105324e-03
-44.000000 4.323148e-03
-43.750000 4.472139e-03
-43.500000 4.547814e-03
-43.250000 4.548490e-03
-43.000000 4.475104e-03
-42.750000 4.331060e-03
-42.500000 4.122070e-03
-42.250000 3.856013e-03
-42.000000 3.542821e-03
-41.750000 3.194469e-03
-41.500000 2.825154e-03
-41.250000 2.451861e-03
-41.000000 2.095532e-03
-40.750000 1.782843e-03
-40.500000 1.546929e-03
-40.250000 1.420992e-03
-40.000000 1.419048e-03
-39.750000 1.521129e-03
-39.500000 1.687533e-03
-39.250000 1.882459e-03
-39.000000 2.082614e-03
-38.750000 2.275344e-03
-38.500000 2.454963e-03
-38.250000 2.619908e-03
-38.000000 2.770762e-03
-37.750000 2.908848e-03
-37.500000 3.035195e-03
-37.250000 3.149846e-03
-37.000000 3.251484e-03
-36.750000 3.337381e-03
-36.500000 3.403632e-03
-36.250000 3.445586e-03
-36.000000 3.458399e-03
-35.750000 3.437642e-03
-35.500000 3.379896e-03
-35.250000 3.283336e-03
-35.000000 3.148288e-03
-34.750000 2.977835e-03
-34.500000 2.778512e-03
-34.250000 2.561196e-03
-34.000000 2.342208e-03
-33.750000 2.144245e-03
-33.500000 1.995672e-03
-33.250000 1.925132e-03
-33.000000 1.950121e-03
-32.750000 2.066914e-03
-32.500000 2.252776e-03
-32.250000 2.477532e-03
-32.000000 2.712992e-03
-31.750000 2.936434e-03
-31.500000 3.130715e-03
-31.250000 3.283507e-03
-31.000000 3.386592e-03
-30.750000 3.435420e-03
-30.500000 3.428877e-03
-30.250000 3.369183e-03
-30.000000 3.261875e-03
-29.750000 3.115819e-03
-29.500000 2.943202e-03
-29.250000 2.759348e-03
-29.000000 2.582065e-03
-28.750000 2.429989e-03
-28.500000 2.319394e-03
-28.250000 2.259747e-03
-28.000000 2.250005e-03
-27.750000 2.278369e-03
-27.500000 2.325955e-03
-27.250000 2.371889e-03
-27.000000 2.397267e-03
-26.750000 2.387281e-03
-26.500000 2.332156e-03
-26.250000 2.227706e-03
-26.000000 2.076214e-03
-25.750000 1.888343e-03
-25.500000 1.687027e-03
-25.250000 1.513714e-03
-25.000000 1.430766e-03
-24.750000 1.498532e-03
-24.500000 1.728486e-03
-24.250000 2.080146e-03
-24.000000 2.501872e-03
-23.750000 2.952594e-03
-23.500000 3.402247e-03
-23.250000 3.828069e-03
-23.000000 4.212117e-03
-22.750000 4.540050e-03
-22.500000 4.800666e-03
-22.250000 4.985781e-03
-22.000000 5.090272e-03
-21.750000 5.112190e-03
-21.500000 5.052876e-03
-21.250000 4.917089e-03
-21.000000 4.713131e-03
-20.750000 4.453006e-03
-20.500000 4.152612e-03
-20.250000 3.831953e-03
-20.000000 3.515175e-03
-19.750000 3.229887e-03
-19.500000 3.004612e-03
-19.250000 2.863142e-03
-19.000000 2.816650e-03
-18.750000 2.858555e-03
-18.500000 2.967300e-03
-18.250000 3.115214e-03
-18.000000 3.276943e-03
-17.750000 3.433950e-03
-17.500000 3.575745e-03
-17.250000 3.699507e-03
-17.000000 3.809030e-03
-16.750000 3.913239e-03
-16.500000 4.024145e-03
-16.250000 4.154205e-03
-16.000000 4.313352e-03
-15.750000 4.506363e-03
-15.500000 4.731344e-03
-15.250000 4.979726e-03
-15.000000 5.237548e-03
-14.750000 5.487396e-03
-14.500000 5.710385e-03
-14.250000 5.887863e-03
-14.000000 6.002746e-03
-13.750000 6.040552e-03
-13.500000 5.990242e-03
-13.250000 5.844997e-03
-13.000000 5.603055e-03
-12.750000 5.268819e-03
-12.500000 4.854596e-03
-12.250000 4.383599e-03
-12.000000 3.895234e-03
-11.750000 3.453194e-03
-11.500000 3.151101e-03
-11.250000 3.093166e-03
-11.000000 3.331070e-03
-10.750000 3.822652e-03
-10.500000 4.476201e-03
-10.250000 5.206065e-03
-10.000000 5.948217e-03
-9.750000 6.656179e-03
-9.500000 7.295266e-03
-9.250000 7.838986e-03
-9.000000 8.267223e-03
-8.750000 8.565426e-03
-8.500000 8.724326e-03
-8.250000 8.739920e-03
-8.000000 8.613588e-03
-7.750000 8.352314e-03
-7.500000 7.969038e-03
-7.250000 7.483195e-03
-7.000000 6.921595e-03
-6.750000 6.319753e-03
-6.500000 5.723573e-03
-6.250000 5.190320e-03
-6.000000 4.785410e-03
-5.750000 4.568924e-03
-5.500000 4.571064e-03
-5.250000 4.774028e-03
-5.000000 5.121115e-03
-4.750000 5.543493e-03
-4.500000 5.980382e-03
-4.250000 6.385932e-03
-4.000000 6.728887e-03
-3.750000 6.990424e-03
-3.500000 7.162251e-03
-3.250000 7.245309e-03
-3.000000 7.248915e-03
-2.750000 7.190043e-03
-2.500000 7.092360e-03
-2.250000 6.984582e-03
-2.000000 6.897634e-03
-1.750000 6.860370e-03
-1.500000 6.894327e-03
-1.250000 7.009047e-03
-1.000000 7.199955e-03
-0.750000 7.449764e-03
-0.500000 7.732593e-03
-0.250000 8.018889e-03
0.000000 8.279638e-03
0.250000 8.489282e-03
0.500000 8.627489e-03
0.750000 8.680162e-03
1.000000 8.640028e-03
1.250000 8.507031e-03
1.500000 8.288667e-03
1.750000 8.000278e-03
2.000000 7.665241e-03
2.250000 7.314738e-03
2.500000 6.986491e-03
2.750000 6.721402e-03
3.000000 6.557182e-03
3.250000 6.519527e-03
3.500000 6.614273e-03
3.750000 6.825249e-03
4.000000 7.119290e-03
4.250000 7.455019e-03
4.500000 7.790784e-03
4.750000 8.089645e-03
5.000000 8.321706e-03
5.250000 8.464904e-03
5.500000 8.505115e-03
5.750000 8.436092e-03
6.000000 8.259425e-03
6.250000 7.984646e-03
6.500000 7.629480e-03
6.750000 7.220186e-03
7.000000 6.791718e-03
7.250000 6.386969e-03
7.500000 6.053625e-03
7.750000 5.836745e-03
8.000000 5.767028e-03
8.250000 5.849624e-03
8.500000 6.061439e-03
8.750000 6.359304e-03
9.000000 6.692623e-03
9.250000 7.013211e-03
9.500000 7.280193e-03
9.750000 7.461452e-03
10.000000 7.533489e-03
10.250000 7.480828e-03
10.500000 7.295421e-03
10.750000 6.976223e-03
11.000000 6.529001e-03
11.250000 5.966522e-03
11.500000 5.309446e-03
11.750000 4.588744e-03
12.000000 3.851495e-03
12.250000 3.173470e-03
12.500000 2.677991e-03
12.750000 2.520976e-03
13.000000 2.763073e-03
13.250000 3.288796e-03
13.500000 3.939970e-03
13.750000 4.608364e-03
14.000000 5.229828e-03
14.250000 5.765076e-03
14.500000 6.188992e-03
14.750000 6.485771e-03
15.000000 6.646751e-03
15.250000 6.669436e-03
15.500000 6.557055e-03
15.750000 6.318416e-03
16.000000 5.967999e-03
16.250000 5.526363e-03
16.500000 5.021067e-03
16.750000 4.488361e-03
17.000000 3.975655e-03
17.250000 3.543156e-03
17.500000 3.258388e-03
17.750000 3.173503e-03
18.000000 3.292455e-03
18.250000 3.565590e-03
18.500000 3.921050e-03
18.750000 4.294578e-03
19.000000 4.639010e-03
19.250000 4.922689e-03
19.500000 5.125880e-03
19.750000 5.238022e-03
20.000000 5.256035e-03
20.250000 5.183351e-03
20.500000 5.029414e-03
20.750000 4.809450e-03
21.000000 4.544393e-03
21.250000 4.260689e-03
21.500000 3.989451e-03
21.750000 3.763898e-03
22.000000 3.613851e-03
22.250000 3.557579e-03
22.500000 3.594882e-03
22.750000 3.706814e-03
23.000000 3.862613e-03
23.250000 4.028653e-03
23.500000 4.174668e-03
23.750000 4.276486e-03
24.000000 4.316583e-03
24.250000 4.283768e-03
24.500000 4.172671e-03
24.750000 3.983356e-03
25.000000 3.721167e-03
25.250000 3.396970e-03
25.500000 3.028097e-03
25.750000 2.640550e-03
26.000000 2.273168e-03
26.250000 1.982547e-03
26.500000 1.837890e-03
26.750000 1.884749e-03
27.000000 2.102552e-03
27.250000 2.424787e-03
27.500000 2.787123e-03
27.750000 3.144402e-03
28.000000 3.467438e-03
28.250000 3.737622e-03
28.500000 3.943518e-03
28.750000 4.079057e-03
29.000000 4.142588e-03
29.250000 4.136350e-03
29.500000 4.066139e-03
29.750000 3.941046e-03
30.000000 3.773187e-03
30.250000 3.577354e-03
30.500000 3.370427e-03
30.750000 3.170336e-03
31.000000 2.994291e-03
31.250000 2.856146e-03
31.500000 2.763384e-03
31.750000 2.715008e-03
32.000000 2.701743e-03
32.250000 2.708727e-03
32.500000 2.719308e-03
32.750000 2.718343e-03
33.000000 2.694298e-03
33.250000 2.640307e-03
33.500000 2.554683e-03
33.750000 2.441265e-03
34.000000 2.309838e-03
34.250000 2.176532e-03
34.500000 2.063533e-03
34.750000 1.996500e-03
35.000000 1.997940e-03
35.250000 2.078166e-03
35.500000 2.230612e-03
35.750000 2.435817e-03
36.000000 2.669511e-03
36.250000 2.908533e-03
36.500000 3.133245e-03
36.750000 3.327916e-03
37.000000 3.480429e-03
37.250000 3.581902e-03
37.500000 3.626378e-03
37.750000 3.610599e-03
38.000000 3.533836e-03
38.250000 3.397748e-03
38.500000 3.206276e-03
38.750000 2.965580e-03
39.000000 2.684083e-03
39.250000 2.372755e-03
39.500000 2.045896e-03
39.750000 1.722954e-03
40.000000 1.432118e-03
40.250000 1.214761e-03
40.500000 1.119962e-03
40.750000 1.170154e-03
41.000000 1.333341e-03
41.250000 1.555233e-03
41.500000 1.794452e-03
41.750000 2.026465e-03
42.000000 2.237650e-03
42.250000 2.420764e-03
42.500000 2.572457e-03
42.750000 2.691924e-03
43.000000 2.780075e-03
43.250000 2.838944e-03
43.500000 2.871203e-03
43.750000 2.879749e-03
44.000000 2.867353e-03
44.250000 2.836394e-03
44.500000 2.788696e-03
44.750000 2.725495e-03
45.000000 2.647539e-03
45.250000 2.555315e-03
45.500000 2.449381e-03
45.750000 2.330782e-03
46.000000 2.201513e-03
46.250000 2.065014e-03
46.500000 1.926660e-03
46.750000 1.794149e-03
47.000000 1.677552e-03
47.250000 1.588548e-03
47.500000 1.538225e-03
47.750000 1.533555e-03
48.000000 1.574257e-03
48.250000 1.652454e-03
48.500000 1.755378e-03
48.750000 1.868881e-03
49.000000 1.979856e-03
49.250000 2.077305e-03
49.500000 2.152588e-03
49.750000 2.199368e-03
50.000000 2.213493e-03
