-50.000000 1.758201e-03
-49.750000 1.785780e-03
-49.500000 1.745177e-03
-49.250000 1.639627e-03
-49.000000 1.481261e-03
-48.750000 1.292828e-03
-48.500000 1.110930e-03
-48.250000 9.870132e-04
-48.000000 9.688846e-04
-47.750000 1.057954e-03
-47.500000 1.205973e-03
-47.250000 1.358759e-03
-47.000000 1.478738e-03
-46.750000 1.544751e-03
-46.500000 1.548833e-03
-46.250000 1.495139e-03
-46.000000 1.400956e-03
-45.750000 1.298938e-03
-45.500000 1.236347e-03
-45.250000 1.259866e-03
-45.000000 1.384629e-03
-44.750000 1.583698e-03
-44.500000 1.812137e-03
-44.250000 2.029021e-03
-44.000000 2.203664e-03
-43.750000 2.315304e-03
-43.500000 2.352103e-03
-43.250000 2.310603e-03
-43.000000 2.195571e-03
-42.750000 2.020166e-03
-42.500000 1.806450e-03
-42.250000 1.586177e-03
-42.000000 1.400223e-03
-41.750000 1.290545e-03
-41.500000 1.278077e-03
-41.250000 1.343970e-03
-41.000000 1.443353e-03
-40.750000 1.532989e-03
-40.500000 1.583851e-03
-40.250000 1.581678e-03
-40.000000 1.525032e-03
-39.750000 1.424158e-03
-39.500000 1.300946e-03
-39.250000 1.188634e-03
-39.000000 1.126333e-03
-38.750000 1.141388e-03
-38.500000 1.229542e-03
-38.250000 1.359669e-03
-38.000000 1.496017e-03
-37.750000 1.611840e-03
-37.500000 1.692088e-03
-37.250000 1.732403e-03
-37.000000 1.737542e-03
-36.750000 1.719332e-03
-36.500000 1.693415e-03
-36.250000 1.674251e-03
-36.000000 1.669221e-03
-35.750000 1.674575e-03
-35.500000 1.675887e-03
-35.250000 1.652536e-03
-35.000000 1.583250e-03
-34.750000 1.450358e-03
-34.500000 1.242250e-03
-34.250000 9.545170e-04
-34.000000 5.905133e-04
-33.750000 1.676357e-04
-33.500000 3.377815e-04
-33.250000 8.497309e-04
-33.000000 1.371840e-03
-32.750000 1.875764e-03
-32.500000 2.335235e-03
-32.250000 2.725958e-03
-32.000000 3.027052e-03
-31.750000 3.222437e-03
-31.500000 3.301941e-03
-31.250000 3.262062e-03
-31.000000 3.106341e-03
-30.750000 2.845381e-03
-30.500000 2.496658e-03
-30.250000 2.084506e-03
-30.000000 1.641375e-03
-29.750000 1.213820e-03
-29.500000 8.819808e-04
-29.250000 7.736321e-04
-29.000000 9.157540e-04
-28.750000 1.160921e-03
-28.500000 1.400838e-03
-28.250000 1.594670e-03
-28.000000 1.731776e-03
-27.750000 1.815591e-03
-27.500000 1.856768e-03
-27.250000 1.868357e-03
-27.000000 1.861257e-03
-26.750000 1.840373e-03
-26.500000 1.802815e-03
-26.250000 1.739029e-03
-26.000000 1.636392e-03
-25.750000 1.483976e-03
-25.500000 1.277902e-03
-25.250000 1.029378e-03
-25.000000 7.854446e-04
-24.750000 6.779511e-04
-24.500000 8.503600e-04
-24.250000 1.217114e-03
-24.000000 1.647202e-03
-23.750000 2.070841e-03
-23.500000 2.445121e-03
-23.250000 2.737912e-03
-23.000000 2.924203e-03
-22.750000 2.985853e-03
-22.500000 2.912132e-03
-22.250000 2.700217e-03
-22.000000 2.355330e-03
-21.750000 1.890431e-03
-21.500000 1.325424e-03
-21.250000 6.859907e-04
-21.000000 2.681490e-05
-20.750000 6.977347e-04
-20.500000 1.376966e-03
-20.250000 2.008027e-03
-20.000000 2.564797e-03
-19.750000 3.026672e-03
-19.500000 3.379612e-03
-19.250000 3.616692e-03
-19.000000 3.738020e-03
-18.750000 3.749971e-03
-18.500000 3.663766e-03
-18.250000 3.493517e-03
-18.000000 3.254016e-03
-17.750000 2.958725e-03
-17.500000 2.618688e-03
-17.250000 2.243345e-03
-17.000000 1.845029e-03
-16.750000 1.451735e-03
-16.500000 1.140394e-03
-16.250000 1.075556e-03
-16.000000 1.355588e-03
-15.750000 1.855682e-03
-15.500000 2.441303e-03
-15.250000 3.035171e-03
-15.000000 3.584686e-03
-14.750000 4.046322e-03
-14.500000 4.382013e-03
-14.250000 4.559614e-03
-14.000000 4.554612e-03
-13.750000 4.352088e-03
-13.500000 3.948550e-03
-13.250000 3.353765e-03
-13.000000 2.593893e-03
-12.750000 1.723939e-03
-12.500000 9.232192e-04
-12.250000 9.922811e-04
-12.000000 1.890034e-03
-11.750000 2.886350e-03
-11.500000 3.809866e-03
-11.250000 4.587549e-03
-11.000000 5.169175e-03
-10.750000 5.519148e-03
-10.500000 5.616395e-03
-10.250000 5.455430e-03
-10.000000 5.047349e-03
-9.750000 4.420807e-03
-9.500000 3.624231e-03
-9.250000 2.734333e-03
-9.000000 1.892293e-03
-8.750000 1.423216e-03
-8.500000 1.683642e-03
-8.250000 2.342991e-03
-8.000000 3.011873e-03
-7.750000 3.535332e-03
-7.500000 3.847653e-03
-7.250000 3.922257e-03
-7.000000 3.761548e-03
-6.750000 3.398396e-03
-6.500000 2.906789e-03
-6.250000 2.428410e-03
-6.000000 2.197422e-03
-5.750000 2.407515e-03
-5.500000 2.964129e-03
-5.250000 3.630774e-03
-5.000000 4.230137e-03
-4.750000 4.649904e-03
-4.500000 4.817400e-03
-4.250000 4.688226e-03
-4.000000 4.243066e-03
-3.750000 3.488330e-03
-3.500000 2.463611e-03
-3.250000 1.304466e-03
-3.000000 1.010531e-03
-2.750000 2.338410e-03
-2.500000 3.945004e-03
-2.250000 5.538568e-03
-2.000000 7.002437e-03
-1.750000 8.245445e-03
-1.500000 9.191390e-03
-1.250000 9.780388e-03
-1.000000 9.971675e-03
-0.750000 9.746036e-03
-0.500000 9.107411e-03
-0.250000 8.083763e-03
0.000000 6.727991e-03
0.250000 5.122285e-03
0.500000 3.403435e-03
0.750000 1.940037e-03
1.000000 1.977240e-03
1.250000 3.408488e-03
1.500000 5.005940e-03
1.750000 6.431937e-03
2.000000 7.565660e-03
2.250000 8.341205e-03
2.500000 8.723618e-03
2.750000 8.704076e-03
3.000000 8.298306e-03
3.250000 7.545341e-03
3.500000 6.506483e-03
3.750000 5.266194e-03
4.000000 3.941466e-03
4.250000 2.725632e-03
4.500000 2.027123e-03
4.750000 2.289298e-03
5.000000 3.106622e-03
5.250000 3.960733e-03
5.500000 4.652845e-03
5.750000 5.117061e-03
6.000000 5.344551e-03
6.250000 5.364112e-03
6.500000 5.235863e-03
6.750000 5.045285e-03
7.000000 4.889306e-03
7.250000 4.847841e-03
7.500000 4.948406e-03
7.750000 5.151871e-03
8.000000 5.374156e-03
8.250000 5.521490e-03
8.500000 5.514446e-03
8.750000 5.297676e-03
9.000000 4.841915e-03
9.250000 4.143163e-03
9.500000 3.221446e-03
9.750000 2.122868e-03
10.000000 9.625689e-04
10.250000 7.896770e-04
10.500000 1.984512e-03
10.750000 3.232855e-03
11.000000 4.363747e-03
11.250000 5.301925e-03
11.500000 5.992401e-03
11.750000 6.396551e-03
12.000000 6.492956e-03
12.250000 6.278214e-03
12.500000 5.766969e-03
12.750000 4.991066e-03
13.000000 3.998171e-03
13.250000 2.851316e-03
13.500000 1.639085e-03
13.750000 6.535293e-04
14.000000 1.193491e-03
14.250000 2.254053e-03
14.500000 3.209240e-03
14.750000 3.968994e-03
15.000000 4.492849e-03
15.250000 4.761859e-03
15.500000 4.775153e-03
15.750000 4.548833e-03
16.000000 4.114936e-03
16.250000 3.520613e-03
16.500000 2.829054e-03
16.750000 2.127072e-03
17.000000 1.551834e-03
17.250000 1.315570e-03
17.500000 1.494206e-03
17.750000 1.854649e-03
18.000000 2.196774e-03
18.250000 2.443714e-03
18.500000 2.584039e-03
18.750000 2.645496e-03
19.000000 2.684309e-03
19.250000 2.769973e-03
19.500000 2.956484e-03
19.750000 3.253465e-03
20.000000 3.623813e-03
20.250000 4.005881e-03
20.500000 4.335692e-03
20.750000 4.558595e-03
21.000000 4.633669e-03
21.250000 4.535169e-03
21.500000 4.252928e-03
21.750000 3.792378e-03
22.000000 3.174763e-03
22.250000 2.439461e-03
22.500000 1.657938e-03
22.750000 1.018272e-03
23.000000 1.033829e-03
23.250000 1.653155e-03
23.500000 2.362334e-03
23.750000 2.988186e-03
24.000000 3.466284e-03
24.250000 3.763031e-03
24.500000 3.862074e-03
24.750000 3.761143e-03
25.000000 3.470660e-03
25.250000 3.012404e-03
25.500000 2.417894e-03
25.750000 1.726840e-03
26.000000 9.884661e-04
26.250000 3.208820e-04
26.500000 6.065360e-04
26.750000 1.240949e-03
27.000000 1.795277e-03
27.250000 2.227812e-03
27.500000 2.521528e-03
27.750000 2.672730e-03
28.000000 2.690129e-03
28.250000 2.594715e-03
28.500000 2.419565e-03
28.750000 2.208957e-03
29.000000 2.014716e-03
29.250000 1.884957e-03
29.500000 1.843270e-03
29.750000 1.873502e-03
30.000000 1.930399e-03
30.250000 1.964874e-03
30.500000 1.940406e-03
30.750000 1.837591e-03
31.000000 1.654068e-03
31.250000 1.405032e-03
31.500000 1.128605e-03
31.750000 9.021274e-04
32.000000 8.462629e-04
32.250000 1.003924e-03
32.500000 1.269151e-03
32.750000 1.536383e-03
33.000000 1.746555e-03
33.250000 1.867745e-03
33.500000 1.884362e-03
33.750000 1.794200e-03
34.000000 1.609363e-03
34.250000 1.361716e-03
34.500000 1.118375e-03
34.750000 1.003439e-03
35.000000 1.131351e-03
35.250000 1.454205e-03
35.500000 1.851344e-03
35.750000 2.240695e-03
36.000000 2.573816e-03
36.250000 2.820413e-03
36.500000 2.962031e-03
36.750000 2.989841e-03
37.000000 2.903664e-03
37.250000 2.711184e-03
37.500000 2.426992e-03
37.750000 2.071403e-03
38.000000 1.669138e-03
38.250000 1.248235e-03
38.500000 8.405075e-04
38.750000 4.904635e-04
39.000000 3.064531e-04
39.250000 3.931532e-04
39.500000 5.499745e-04
39.750000 6.659311e-04
40.000000 7.288482e-04
40.250000 7.565440e-04
40.500000 7.841210e-04
40.750000 8.510773e-04
41.000000 9.778339e-04
41.250000 1.153914e-03
41.500000 1.350824e-03
41.750000 1.537909e-03
42.000000 1.689135e-03
42.250000 1.784746e-03
42.500000 1.811583e-03
42.750000 1.763153e-03
43.000000 1.639577e-03
43.250000 1.447446e-03
43.500000 1.199770e-03
43.750000 9.169188e-04
44.000000 6.324319e-04
44.250000 4.207175e-04
44.500000 4.228715e-04
44.750000 6.011202e-04
45.000000 8.024430e-04
45.250000 9.654999e-04
45.500000 1.069234e-03
45.750000 1.107397e-03
46.000000 1.083409e-03
46.250000 1.010017e-03
46.500000 9.109285e-04
46.750000 8.229086e-04
47.000000 7.906422e-04
47.250000 8.409406e-04
47.500000 9.585288e-04
47.750000 1.104074e-03
48.000000 1.241904e-03
48.250000 1.347978e-03
48.500000 1.408735e-03
48.750000 1.419436e-03
49.000000 1.383361e-03
49.250000 1.311581e-03
49.500000 1.222728e-03
49.750000 1.141516e-03
50.000000 1.093371e-03
