-50.000000 6.898961e-03
-49.750000 7.189062e-03
-49.500000 1.037667e-02
-49.250000 1.292862e-02
-49.000000 1.333939e-02
-48.750000 1.141167e-02
-48.500000 8.119344e-03
-48.250000 6.521038e-03
-48.000000 9.087866e-03
-47.750000 1.237886e-02
-47.500000 1.393401e-02
-47.250000 1.304551e-02
-47.000000 1.011985e-02
-46.750000 7.080718e-03
-46.500000 7.681358e-03
-46.250000 1.098748e-02
-46.000000 1.342335e-02
-45.750000 1.357215e-02
-45.500000 1.136497e-02
-45.250000 8.067901e-03
-45.000000 7.192746e-03
-44.750000 1.024372e-02
-44.500000 1.345343e-02
-44.250000 1.462798e-02
-44.000000 1.318865e-02
-43.750000 9.734845e-03
-43.500000 6.783454e-03
-43.250000 8.505868e-03
-43.000000 1.238983e-02
-42.750000 1.485784e-02
-42.500000 1.471498e-02
-42.250000 1.205788e-02
-42.000000 8.425011e-03
-41.750000 7.785058e-03
-41.500000 1.120646e-02
-41.250000 1.449849e-02
-41.000000 1.549791e-02
-40.750000 1.373820e-02
-40.500000 1.008999e-02
-40.250000 7.675368e-03
-40.000000 1.014148e-02
-39.750000 1.414655e-02
-39.500000 1.637757e-02
-39.250000 1.572935e-02
-39.000000 1.242822e-02
-38.750000 8.372660e-03
-38.500000 8.336496e-03
-38.250000 1.248301e-02
-38.000000 1.599589e-02
-37.750000 1.682384e-02
-37.500000 1.461779e-02
-37.250000 1.045680e-02
-37.000000 8.007917e-03
-36.750000 1.104098e-02
-36.500000 1.536930e-02
-36.250000 1.758838e-02
-36.000000 1.666798e-02
-35.750000 1.301783e-02
-35.500000 8.989952e-03
-35.250000 9.644339e-03
-35.000000 1.412268e-02
-34.750000 1.760344e-02
-34.500000 1.813908e-02
-34.250000 1.553965e-02
-34.000000 1.128378e-02
-33.750000 9.628555e-03
-33.500000 1.323783e-02
-33.250000 1.755434e-02
-33.000000 1.942127e-02
-32.750000 1.794406e-02
-32.500000 1.387649e-02
-32.250000 1.040948e-02
-32.000000 1.238364e-02
-31.750000 1.728356e-02
-31.500000 2.058370e-02
-31.250000 2.048889e-02
-31.000000 1.698882e-02
-30.750000 1.205798e-02
-30.500000 1.101881e-02
-30.250000 1.575114e-02
-30.000000 2.061724e-02
-29.750000 2.244609e-02
-29.500000 2.042366e-02
-29.250000 1.552801e-02
-29.000000 1.152623e-02
-28.750000 1.393501e-02
-28.500000 1.949472e-02
-28.250000 2.310186e-02
-28.000000 2.284464e-02
-27.750000 1.879938e-02
-27.500000 1.325879e-02
-27.250000 1.220094e-02
-27.000000 1.742807e-02
-26.750000 2.261568e-02
-26.500000 2.434445e-02
-26.250000 2.179777e-02
-26.000000 1.616736e-02
-25.750000 1.194626e-02
-25.500000 1.523059e-02
-25.250000 2.146305e-02
-25.000000 2.518536e-02
-24.750000 2.453229e-02
-24.500000 1.979632e-02
-24.250000 1.389971e-02
-24.000000 1.382263e-02
-23.750000 2.002450e-02
-23.500000 2.545780e-02
-23.250000 2.677051e-02
-23.000000 2.329022e-02
-22.750000 1.666328e-02
-22.500000 1.284276e-02
-22.250000 1.801322e-02
-22.000000 2.531824e-02
-21.750000 2.924407e-02
-21.500000 2.804790e-02
-21.250000 2.225818e-02
-21.000000 1.536283e-02
-20.750000 1.542419e-02
-20.500000 2.239829e-02
-20.250000 2.817802e-02
-20.000000 2.920361e-02
-19.750000 2.502671e-02
-19.500000 1.817363e-02
-19.250000 1.624141e-02
-19.000000 2.319005e-02
-18.750000 3.095957e-02
-18.500000 3.436284e-02
-18.250000 3.176428e-02
-18.000000 2.412986e-02
-17.750000 1.647463e-02
-17.500000 1.903493e-02
-17.250000 2.825827e-02
-17.000000 3.488462e-02
-16.750000 3.550492e-02
-16.500000 3.003744e-02
-16.250000 2.207599e-02
-16.000000 2.100111e-02
-15.750000 2.971964e-02
-15.500000 3.865879e-02
-15.250000 4.208165e-02
-15.000000 3.827005e-02
-14.750000 2.873989e-02
-14.500000 2.037667e-02
-14.250000 2.498278e-02
-14.000000 3.630255e-02
-13.750000 4.388234e-02
-13.500000 4.391725e-02
-13.250000 3.650019e-02
-13.000000 2.636460e-02
-12.750000 2.568847e-02
-12.500000 3.706345e-02
-12.250000 4.811829e-02
-12.000000 5.212587e-02
-11.750000 4.736145e-02
-11.500000 3.646044e-02
-11.250000 2.912337e-02
-11.000000 3.669465e-02
-10.750000 5.015812e-02
-10.500000 5.829386e-02
-10.250000 5.664078e-02
-10.000000 4.559882e-02
-9.750000 3.230992e-02
-9.500000 3.447146e-02
-9.250000 5.163141e-02
-9.000000 6.674468e-02
-8.750000 7.183600e-02
-8.500000 6.514475e-02
-8.250000 5.106831e-02
-8.000000 4.394951e-02
-7.750000 5.670531e-02
-7.500000 7.599171e-02
-7.250000 8.747892e-02
-7.000000 8.519917e-02
-6.750000 6.995678e-02
-6.500000 5.240591e-02
-6.250000 5.617109e-02
-6.000000 8.049202e-02
-5.750000 1.023201e-01
-5.500000 1.093511e-01
-5.250000 9.836048e-02
-5.000000 7.614027e-02
-4.750000 6.755963e-02
-4.500000 9.323450e-02
-4.250000 1.283237e-01
-4.000000 1.494262e-01
-3.750000 1.455622e-01
-3.500000 1.156574e-01
-3.250000 7.663622e-02
-3.000000 8.842800e-02
-2.750000 1.514167e-01
-2.500000 2.117476e-01
-2.250000 2.460764e-01
-2.000000 2.481382e-01
-1.750000 2.361582e-01
-1.500000 2.655025e-01
-1.250000 3.760794e-01
-1.000000 5.395325e-01
-0.750000 7.132755e-01
-0.500000 8.634381e-01
-0.250000 9.644879e-01
0.000000 1.000062e+00
0.250000 9.644879e-01
0.500000 8.634381e-01
0.750000 7.132755e-01
1.000000 5.395325e-01
1.250000 3.760794e-01
1.500000 2.655025e-01
1.750000 2.361582e-01
2.000000 2.481382e-01
2.250000 2.460764e-01
2.500000 2.117476e-01
2.750000 1.514167e-01
3.000000 8.842800e-02
3.250000 7.663622e-02
3.500000 1.156574e-01
3.750000 1.455622e-01
4.000000 1.494262e-01
4.250000 1.283237e-01
4.500000 9.323450e-02
4.750000 6.755963e-02
5.000000 7.614027e-02
5.250000 9.836048e-02
5.500000 1.093511e-01
5.750000 1.023201e-01
6.000000 8.049202e-02
6.250000 5.617109e-02
6.500000 5.240591e-02
6.750000 6.995678e-02
7.000000 8.519917e-02
7.250000 8.747892e-02
7.500000 7.599171e-02
7.750000 5.670531e-02
8.000000 4.394951e-02
8.250000 5.106831e-02
8.500000 6.514475e-02
8.750000 7.183600e-02
9.000000 6.674468e-02
9.250000 5.163141e-02
9.500000 3.447146e-02
9.750000 3.230992e-02
10.000000 4.559882e-02
10.250000 5.664078e-02
10.500000 5.829386e-02
10.750000 5.015812e-02
11.000000 3.669465e-02
11.250000 2.912337e-02
11.500000 3.646044e-02
11.750000 4.736145e-02
12.000000 5.212587e-02
12.250000 4.811829e-02
12.500000 3.706345e-02
12.750000 2.568847e-02
13.000000 2.636460e-02
13.250000 3.650019e-02
13.500000 4.391725e-02
13.750000 4.388234e-02
14.000000 3.630255e-02
14.250000 2.498278e-02
14.500000 2.037667e-02
14.750000 2.873989e-02
15.000000 3.827005e-02
15.250000 4.208165e-02
15.500000 3.865879e-02
15.750000 2.971964e-02
16.000000 2.100111e-02
16.250000 2.207599e-02
16.500000 3.003744e-02
16.750000 3.550492e-02
17.000000 3.488462e-02
17.250000 2.825827e-02
17.500000 1.903493e-02
17.750000 1.647463e-02
18.000000 2.412986e-02
18.250000 3.176428e-02
18.500000 3.436284e-02
18.750000 3.095957e-02
19.000000 2.319005e-02
19.250000 1.624141e-02
19.500000 1.817363e-02
19.750000 2.502671e-02
20.000000 2.920361e-02
20.250000 2.817802e-02
20.500000 2.239829e-02
20.750000 1.542419e-02
21.000000 1.536283e-02
21.250000 2.225818e-02
21.500000 2.804790e-02
21.750000 2.924407e-02
22.000000 2.531824e-02
22.250000 1.801322e-02
22.500000 1.284276e-02
22.750000 1.666328e-02
23.000000 2.329022e-02
23.250000 2.677051e-02
23.500000 2.545780e-02
23.750000 2.002450e-02
24.000000 1.382263e-02
24.250000 1.389971e-02
24.500000 1.979632e-02
24.750000 2.453229e-02
25.000000 2.518536e-02
25.250000 2.146305e-02
25.500000 1.523059e-02
25.750000 1.194626e-02
26.000000 1.616736e-02
26.250000 2.179777e-02
26.500000 2.434445e-02
26.750000 2.261568e-02
27.000000 1.742807e-02
27.250000 1.220094e-02
27.500000 1.325879e-02
27.750000 1.879938e-02
28.000000 2.284464e-02
28.250000 2.310186e-02
28.500000 1.949472e-02
28.750000 1.393501e-02
29.000000 1.152623e-02
29.250000 1.552801e-02
29.500000 2.042366e-02
29.750000 2.244609e-02
30.000000 2.061724e-02
30.250000 1.575114e-02
30.500000 1.101881e-02
30.750000 1.205798e-02
31.000000 1.698882e-02
31.250000 2.048889e-02
31.500000 2.058370e-02
31.750000 1.728356e-02
32.000000 1.238364e-02
32.250000 1.040948e-02
32.500000 1.387649e-02
32.750000 1.794406e-02
33.000000 1.942127e-02
33.250000 1.755434e-02
33.500000 1.323783e-02
33.750000 9.628555e-03
34.000000 1.128378e-02
34.250000 1.553965e-02
34.500000 1.813908e-02
34.750000 1.760344e-02
35.000000 1.412268e-02
35.250000 9.644339e-03
35.500000 8.989952e-03
35.750000 1.301783e-02
36.000000 1.666798e-02
36.250000 1.758838e-02
36.500000 1.536930e-02
36.750000 1.104098e-02
37.000000 8.007917e-03
37.250000 1.045680e-02
37.500000 1.461779e-02
37.750000 1.682384e-02
38.000000 1.599589e-02
38.250000 1.248301e-02
38.500000 8.336496e-03
38.750000 8.372660e-03
39.000000 1.242822e-02
39.250000 1.572935e-02
39.500000 1.637757e-02
39.750000 1.414655e-02
40.000000 1.014148e-02
40.250000 7.675368e-03
40.500000 1.008999e-02
40.750000 1.373820e-02
41.000000 1.549791e-02
41.250000 1.449849e-02
41.500000 1.120646e-02
41.750000 7.785058e-03
42.000000 8.425011e-03
42.250000 1.205788e-02
42.500000 1.471498e-02
42.750000 1.485784e-02
43.000000 1.238983e-02
43.250000 8.505868e-03
43.500000 6.783454e-03
43.750000 9.734845e-03
44.000000 1.318865e-02
44.250000 1.462798e-02
44.500000 1.345343e-02
44.750000 1.024372e-02
45.000000 7.192746e-03
45.250000 8.067901e-03
45.500000 1.136497e-02
45.750000 1.357215e-02
46.000000 1.342335e-02
46.250000 1.098748e-02
46.500000 7.681358e-03
46.750000 7.080718e-03
47.000000 1.011985e-02
47.250000 1.304551e-02
47.500000 1.393401e-02
47.750000 1.237886e-02
48.000000 9.087866e-03
48.250000 6.521038e-03
48.500000 8.119344e-03
48.750000 1.141167e-02
49.000000 1.333939e-02
49.250000 1.292862e-02
49.500000 1.037667e-02
49.750000 7.189062e-03
50.000000 6.898961e-03
