-50.000000 2.124806e-03
-49.750000 2.075043e-03
-49.500000 1.898230e-03
-49.250000 1.613233e-03
-49.000000 1.261441e-03
-48.750000 9.327202e-04
-48.500000 8.157638e-04
-48.250000 1.030776e-03
-48.000000 1.405269e-03
-47.750000 1.779014e-03
-47.500000 2.075702e-03
-47.250000 2.255110e-03
-47.000000 2.295955e-03
-46.750000 2.191619e-03
-46.500000 1.949203e-03
-46.250000 1.589962e-03
-46.000000 1.153670e-03
-45.750000 7.259146e-04
-45.500000 5.658532e-04
-45.250000 8.615756e-04
-45.000000 1.282309e-03
-44.750000 1.655618e-03
-44.500000 1.922356e-03
-44.250000 2.053614e-03
-44.000000 2.036705e-03
-43.750000 1.872476e-03
-43.500000 1.574354e-03
-43.250000 1.167763e-03
-43.000000 6.925804e-04
-42.750000 2.617906e-04
-42.500000 4.726599e-04
-42.250000 9.284404e-04
-42.000000 1.324429e-03
-41.750000 1.610880e-03
-41.500000 1.761192e-03
-41.250000 1.761954e-03
-41.000000 1.612736e-03
-40.750000 1.326807e-03
-40.500000 9.341111e-04
-40.250000 5.066847e-04
-40.000000 3.996395e-04
-39.750000 8.205728e-04
-39.500000 1.303232e-03
-39.250000 1.722691e-03
-39.000000 2.030384e-03
-38.750000 2.195706e-03
-38.500000 2.201441e-03
-38.250000 2.044082e-03
-38.000000 1.734811e-03
-37.750000 1.302129e-03
-37.500000 8.076460e-04
-37.250000 4.818829e-04
-37.000000 7.835110e-04
-36.750000 1.319325e-03
-36.500000 1.824251e-03
-36.250000 2.222648e-03
-36.000000 2.473083e-03
-35.750000 2.550794e-03
-35.500000 2.446091e-03
-35.250000 2.164870e-03
-35.000000 1.730055e-03
-34.750000 1.188539e-03
-34.500000 6.649963e-04
-34.250000 6.469200e-04
-34.000000 1.188804e-03
-33.750000 1.789935e-03
-33.500000 2.308606e-03
-33.250000 2.686948e-03
-33.000000 2.890686e-03
-32.750000 2.902690e-03
-32.500000 2.723012e-03
-32.250000 2.370413e-03
-32.000000 1.886969e-03
-31.750000 1.357005e-03
-31.500000 9.830862e-04
-31.250000 1.093548e-03
-31.000000 1.570346e-03
-30.750000 2.098753e-03
-30.500000 2.537324e-03
-30.250000 2.820757e-03
-30.000000 2.914773e-03
-29.750000 2.805936e-03
-29.500000 2.498898e-03
-29.250000 2.014757e-03
-29.000000 1.389090e-03
-28.750000 6.701664e-04
-28.500000 1.311766e-04
-28.250000 8.487393e-04
-28.000000 1.519066e-03
-27.750000 2.065718e-03
-27.500000 2.446000e-03
-27.250000 2.630894e-03
-27.000000 2.606861e-03
-26.750000 2.376997e-03
-26.500000 1.960995e-03
-26.250000 1.393905e-03
-26.000000 7.242957e-04
-25.750000 7.969658e-05
-25.500000 7.092358e-04
-25.250000 1.338053e-03
-25.000000 1.838474e-03
-24.750000 2.164802e-03
-24.500000 2.288285e-03
-24.250000 2.202900e-03
-24.000000 1.937130e-03
-23.750000 1.586435e-03
-23.500000 1.391857e-03
-23.250000 1.665555e-03
-23.000000 2.344505e-03
-22.750000 3.176026e-03
-22.500000 3.996460e-03
-22.250000 4.702494e-03
-22.000000 5.220244e-03
-21.750000 5.497609e-03
-21.500000 5.504167e-03
-21.250000 5.232953e-03
-21.000000 4.702856e-03
-20.750000 3.962847e-03
-20.500000 3.104237e-03
-20.250000 2.301898e-03
-20.000000 1.898206e-03
-19.750000 2.177489e-03
-19.500000 2.852234e-03
-19.250000 3.549730e-03
-19.000000 4.084669e-03
-18.750000 4.368076e-03
-18.500000 4.358962e-03
-18.250000 4.050072e-03
-18.000000 3.463176e-03
-17.750000 2.647303e-03
-17.500000 1.683350e-03
-17.250000 7.610644e-04
-17.000000 8.551272e-04
-16.750000 1.732189e-03
-16.500000 2.533152e-03
-16.250000 3.106800e-03
-16.000000 3.388047e-03
-15.750000 3.350304e-03
-15.500000 3.012645e-03
-15.250000 2.474228e-03
-15.000000 2.024086e-03
-14.750000 2.209898e-03
-14.500000 3.146593e-03
-14.250000 4.422975e-03
-14.000000 5.742529e-03
-13.750000 6.928497e-03
-13.500000 7.854736e-03
-13.250000 8.427524e-03
-13.000000 8.584749e-03
-12.750000 8.299926e-03
-12.500000 7.588428e-03
-12.250000 6.518417e-03
-12.000000 5.238481e-03
-11.750000 4.057633e-03
-11.500000 3.564550e-03
-11.250000 4.188136e-03
-11.000000 5.486106e-03
-10.750000 6.883408e-03
-10.500000 8.061625e-03
-10.250000 8.847197e-03
-10.000000 9.145782e-03
-9.750000 8.927450e-03
-9.500000 8.233918e-03
-9.250000 7.207182e-03
-9.000000 6.157588e-03
-8.750000 5.642980e-03
-8.500000 6.210293e-03
-8.250000 7.760252e-03
-8.000000 9.767860e-03
-7.750000 1.180131e-02
-7.500000 1.358059e-02
-7.250000 1.492371e-02
-7.000000 1.572145e-02
-6.750000 1.593380e-02
-6.500000 1.559719e-02
-6.250000 1.483869e-02
-6.000000 1.389450e-02
-5.750000 1.311556e-02
-5.500000 1.290433e-02
-5.250000 1.352709e-02
-5.000000 1.493413e-02
-4.750000 1.681739e-02
-4.500000 1.880594e-02
-4.250000 2.058484e-02
-4.000000 2.192471e-02
-3.750000 2.268079e-02
-3.500000 2.278934e-02
-3.250000 2.226724e-02
-3.000000 2.121480e-02
-2.750000 1.982014e-02
-2.500000 1.835952e-02
-2.250000 1.717494e-02
-2.000000 1.659287e-02
-1.750000 1.677788e-02
-1.500000 1.762990e-02
-1.250000 1.884611e-02
-1.000000 2.007362e-02
-0.750000 2.101404e-02
-0.500000 2.145710e-02
-0.250000 2.128050e-02
0.000000 2.044157e-02
0.250000 1.896917e-02
0.500000 1.695835e-02
0.750000 1.457007e-02
1.000000 1.204225e-02
1.250000 9.721638e-03
1.500000 8.096676e-03
1.750000 7.638473e-03
2.000000 8.299281e-03
2.250000 9.498290e-03
2.500000 1.068978e-02
2.750000 1.155957e-02
3.000000 1.195894e-02
3.250000 1.183961e-02
3.500000 1.121929e-02
3.750000 1.016269e-02
4.000000 8.768724e-03
4.250000 7.160631e-03
4.500000 5.479591e-03
4.750000 3.886789e-03
5.000000 2.590146e-03
5.250000 1.891684e-03
5.500000 1.914245e-03
5.750000 2.203881e-03
6.000000 2.369016e-03
6.250000 2.301747e-03
6.500000 2.051454e-03
6.750000 1.811644e-03
7.000000 1.909783e-03
7.250000 2.480235e-03
7.500000 3.319651e-03
7.750000 4.211613e-03
8.000000 5.017299e-03
8.250000 5.647329e-03
8.500000 6.045761e-03
8.750000 6.184844e-03
9.000000 6.062797e-03
9.250000 5.701694e-03
9.500000 5.144588e-03
9.750000 4.451857e-03
10.000000 3.697140e-03
10.250000 2.963203e-03
10.500000 2.336384e-03
10.750000 1.891678e-03
11.000000 1.655574e-03
11.250000 1.577521e-03
11.500000 1.582026e-03
11.750000 1.648345e-03
12.000000 1.819586e-03
12.250000 2.143243e-03
12.500000 2.611902e-03
12.750000 3.166067e-03
13.000000 3.726995e-03
13.250000 4.217338e-03
13.500000 4.569503e-03
13.750000 4.729817e-03
14.000000 4.661461e-03
14.250000 4.346639e-03
14.500000 3.787951e-03
14.750000 3.009514e-03
15.000000 2.061623e-03
15.250000 1.064525e-03
15.500000 7.619756e-04
15.750000 1.704234e-03
16.000000 2.785437e-03
16.250000 3.769427e-03
16.500000 4.576822e-03
16.750000 5.157859e-03
17.000000 5.482697e-03
17.250000 5.540844e-03
17.500000 5.341128e-03
17.750000 4.910940e-03
18.000000 4.294686e-03
18.250000 3.552067e-03
18.500000 2.757788e-03
18.750000 2.007124e-03
19.000000 1.434801e-03
19.250000 1.205222e-03
19.500000 1.301429e-03
19.750000 1.480956e-03
20.000000 1.576860e-03
20.250000 1.538599e-03
20.500000 1.386921e-03
20.750000 1.212640e-03
21.000000 1.186871e-03
21.250000 1.433939e-03
21.500000 1.873781e-03
21.750000 2.363968e-03
22.000000 2.802304e-03
22.250000 3.120605e-03
22.500000 3.273348e-03
22.750000 3.233772e-03
23.000000 2.992797e-03
23.250000 2.558309e-03
23.500000 1.953917e-03
23.750000 1.217209e-03
24.000000 4.025090e-04
24.250000 4.811955e-04
24.500000 1.305439e-03
24.750000 2.055997e-03
25.000000 2.678149e-03
25.250000 3.130961e-03
25.500000 3.386076e-03
25.750000 3.429329e-03
26.000000 3.261575e-03
26.250000 2.898468e-03
26.500000 2.369170e-03
26.750000 1.714127e-03
27.000000 9.822526e-04
27.250000 2.324679e-04
27.500000 5.098295e-04
27.750000 1.156227e-03
28.000000 1.682105e-03
28.250000 2.053280e-03
28.500000 2.249887e-03
28.750000 2.267471e-03
29.000000 2.119113e-03
29.250000 1.839584e-03
29.500000 1.496985e-03
29.750000 1.221863e-03
30.000000 1.204984e-03
30.250000 1.488902e-03
30.500000 1.908847e-03
30.750000 2.321154e-03
31.000000 2.646024e-03
31.250000 2.839026e-03
31.500000 2.877223e-03
31.750000 2.754231e-03
32.000000 2.477930e-03
32.250000 2.068687e-03
32.500000 1.557778e-03
32.750000 9.880096e-04
33.000000 4.407205e-04
33.250000 3.998239e-04
33.500000 8.715528e-04
33.750000 1.317005e-03
34.000000 1.661980e-03
34.250000 1.883810e-03
34.500000 1.975820e-03
34.750000 1.944048e-03
35.000000 1.806440e-03
35.250000 1.592418e-03
35.500000 1.342903e-03
35.750000 1.110319e-03
36.000000 9.518912e-04
36.250000 8.990072e-04
36.500000 9.213361e-04
36.750000 9.532190e-04
37.000000 9.446364e-04
37.250000 8.779516e-04
37.500000 7.723930e-04
37.750000 6.989266e-04
38.000000 7.678824e-04
38.250000 1.006553e-03
38.500000 1.339184e-03
38.750000 1.691035e-03
39.000000 2.010254e-03
39.250000 2.259456e-03
39.500000 2.411637e-03
39.750000 2.449395e-03
40.000000 2.365084e-03
40.250000 2.160899e-03
40.500000 1.848599e-03
40.750000 1.449005e-03
41.000000 9.924757e-04
41.250000 5.301486e-04
41.500000 2.905859e-04
41.750000 6.015987e-04
42.000000 9.831200e-04
42.250000 1.297437e-03
42.500000 1.513676e-03
42.750000 1.619427e-03
43.000000 1.613891e-03
43.250000 1.507303e-03
43.500000 1.321855e-03
43.750000 1.095034e-03
44.000000 8.879501e-04
44.250000 7.885774e-04
44.500000 8.503790e-04
44.750000 1.015852e-03
45.000000 1.194807e-03
45.250000 1.330293e-03
45.500000 1.393885e-03
45.750000 1.375211e-03
46.000000 1.277540e-03
46.250000 1.116894e-03
46.500000 9.242588e-04
46.750000 7.521527e-04
47.000000 6.745758e-04
47.250000 7.301511e-04
47.500000 8.643651e-04
47.750000 9.998945e-04
48.000000 1.087562e-03
48.250000 1.101604e-03
48.500000 1.031206e-03
48.750000 8.766348e-04
49.000000 6.477505e-04
49.250000 3.661327e-04
49.500000 1.373736e-04
49.750000 3.686765e-04
50.000000 6.932478e-04
