-50.000000 3.070873e-02
-49.750000 3.094369e-02
-49.500000 3.118055e-02
-49.250000 3.141928e-02
-49.000000 3.165984e-02
-48.750000 3.190219e-02
-48.500000 3.214630e-02
-48.250000 3.239212e-02
-48.000000 3.263963e-02
-47.750000 3.288877e-02
-47.500000 3.313953e-02
-47.250000 3.339185e-02
-47.000000 3.364570e-02
-46.750000 3.390104e-02
-46.500000 3.415784e-02
-46.250000 3.441606e-02
-46.000000 3.467565e-02
-45.750000 3.493658e-02
-45.500000 3.519882e-02
-45.250000 3.546231e-02
-45.000000 3.572704e-02
-44.750000 3.599295e-02
-44.500000 3.626001e-02
-44.250000 3.652818e-02
-44.000000 3.679743e-02
-43.750000 3.706771e-02
-43.500000 3.733898e-02
-43.250000 3.761122e-02
-43.000000 3.788438e-02
-42.750000 3.815842e-02
-42.500000 3.843331e-02
-42.250000 3.870900e-02
-42.000000 3.898547e-02
-41.750000 3.926267e-02
-41.500000 3.954056e-02
-41.250000 3.981911e-02
-41.000000 4.009829e-02
-40.750000 4.037804e-02
-40.500000 4.065835e-02
-40.250000 4.093916e-02
-40.000000 4.122045e-02
-39.750000 4.150217e-02
-39.500000 4.178430e-02
-39.250000 4.206678e-02
-39.000000 4.234960e-02
-38.750000 4.263270e-02
-38.500000 4.291606e-02
-38.250000 4.319964e-02
-38.000000 4.348340e-02
-37.750000 4.376731e-02
-37.500000 4.405133e-02
-37.250000 4.433542e-02
-37.000000 4.461956e-02
-36.750000 4.490371e-02
-36.500000 4.518782e-02
-36.250000 4.547187e-02
-36.000000 4.575582e-02
-35.750000 4.603964e-02
-35.500000 4.632329e-02
-35.250000 4.660674e-02
-35.000000 4.688995e-02
-34.750000 4.717290e-02
-34.500000 4.745553e-02
-34.250000 4.773784e-02
-34.000000 4.801977e-02
-33.750000 4.830129e-02
-33.500000 4.858238e-02
-33.250000 4.886300e-02
-33.000000 4.914311e-02
-32.750000 4.942269e-02
-32.500000 4.970170e-02
-32.250000 4.998010e-02
-32.000000 5.025788e-02
-31.750000 5.053499e-02
-31.500000 5.081140e-02
-31.250000 5.108708e-02
-31.000000 5.136200e-02
-30.750000 5.163613e-02
-30.500000 5.190944e-02
-30.250000 5.218189e-02
-30.000000 5.245345e-02
-29.750000 5.272410e-02
-29.500000 5.299380e-02
-29.250000 5.326253e-02
-29.000000 5.353025e-02
-28.750000 5.379693e-02
-28.500000 5.406254e-02
-28.250000 5.432706e-02
-28.000000 5.459045e-02
-27.750000 5.485268e-02
-27.500000 5.511373e-02
-27.250000 5.537357e-02
-27.000000 5.563216e-02
-26.750000 5.588948e-02
-26.500000 5.614551e-02
-26.250000 5.640020e-02
-26.000000 5.665354e-02
-25.750000 5.690550e-02
-25.500000 5.715605e-02
-25.250000 5.740516e-02
-25.000000 5.765280e-02
-24.750000 5.789895e-02
-24.500000 5.814358e-02
-24.250000 5.838666e-02
-24.000000 5.862817e-02
-23.750000 5.886809e-02
-23.500000 5.910637e-02
-23.250000 5.934301e-02
-23.000000 5.957797e-02
-22.750000 5.981123e-02
-22.500000 6.004276e-02
-22.250000 6.027255e-02
-22.000000 6.050055e-02
-21.750000 6.072675e-02
-21.500000 6.095113e-02
-21.250000 6.117366e-02
-21.000000 6.139431e-02
-20.750000 6.161307e-02
-20.500000 6.182990e-02
-20.250000 6.204480e-02
-20.000000 6.225772e-02
-19.750000 6.246866e-02
-19.500000 6.267758e-02
-19.250000 6.288447e-02
-19.000000 6.308930e-02
-18.750000 6.329205e-02
-18.500000 6.349270e-02
-18.250000 6.369122e-02
-18.000000 6.388761e-02
-17.750000 6.408183e-02
-17.500000 6.427386e-02
-17.250000 6.446369e-02
-17.000000 6.465130e-02
-16.750000 6.483665e-02
-16.500000 6.501975e-02
-16.250000 6.520055e-02
-16.000000 6.537905e-02
-15.750000 6.555523e-02
-15.500000 6.572906e-02
-15.250000 6.590053e-02
-15.000000 6.606963e-02
-14.750000 6.623632e-02
-14.500000 6.640060e-02
-14.250000 6.656245e-02
-14.000000 6.672184e-02
-13.750000 6.687877e-02
-13.500000 6.703321e-02
-13.250000 6.718515e-02
-13.000000 6.733457e-02
-12.750000 6.748146e-02
-12.500000 6.762580e-02
-12.250000 6.776758e-02
-12.000000 6.790677e-02
-11.750000 6.804337e-02
-11.500000 6.817735e-02
-11.250000 6.830872e-02
-11.000000 6.843744e-02
-10.750000 6.856351e-02
-10.500000 6.868692e-02
-10.250000 6.880764e-02
-10.000000 6.892567e-02
-9.750000 6.904099e-02
-9.500000 6.915359e-02
-9.250000 6.926347e-02
-9.000000 6.937060e-02
-8.750000 6.947497e-02
-8.500000 6.957657e-02
-8.250000 6.967540e-02
-8.000000 6.977144e-02
-7.750000 6.986468e-02
-7.500000 6.995511e-02
-7.250000 7.004271e-02
-7.000000 7.012749e-02
-6.750000 7.020942e-02
-6.500000 7.028851e-02
-6.250000 7.036474e-02
-6.000000 7.043810e-02
-5.750000 7.050858e-02
-5.500000 7.057618e-02
-5.250000 7.064088e-02
-5.000000 7.070269e-02
-4.750000 7.076159e-02
-4.500000 7.081758e-02
-4.250000 7.087064e-02
-4.000000 7.092078e-02
-3.750000 7.096798e-02
-3.500000 7.101224e-02
-3.250000 7.105356e-02
-3.000000 7.109193e-02
-2.750000 7.112734e-02
-2.500000 7.115979e-02
-2.250000 7.118927e-02
-2.000000 7.121578e-02
-1.750000 7.123933e-02
-1.500000 7.125989e-02
-1.250000 7.127748e-02
-1.000000 7.129208e-02
-0.750000 7.130369e-02
-0.500000 7.131232e-02
-0.250000 7.131795e-02
0.000000 7.132060e-02
0.250000 7.132025e-02
0.500000 7.131690e-02
0.750000 7.131056e-02
1.000000 7.130122e-02
1.250000 7.128888e-02
1.500000 7.127354e-02
1.750000 7.125521e-02
2.000000 7.123388e-02
2.250000 7.120955e-02
2.500000 7.118223e-02
2.750000 7.115192e-02
3.000000 7.111861e-02
3.250000 7.108231e-02
3.500000 7.104303e-02
3.750000 7.100076e-02
4.000000 7.095550e-02
4.250000 7.090727e-02
4.500000 7.085606e-02
4.750000 7.080188e-02
5.000000 7.074473e-02
5.250000 7.068461e-02
5.500000 7.062154e-02
5.750000 7.055551e-02
6.000000 7.048653e-02
6.250000 7.041461e-02
6.500000 7.033975e-02
6.750000 7.026195e-02
7.000000 7.018123e-02
7.250000 7.009760e-02
7.500000 7.001104e-02
7.750000 6.992159e-02
8.000000 6.982923e-02
8.250000 6.973399e-02
8.500000 6.963586e-02
8.750000 6.953486e-02
9.000000 6.943100e-02
9.250000 6.932428e-02
9.500000 6.921471e-02
9.750000 6.910231e-02
10.000000 6.898708e-02
10.250000 6.886903e-02
10.500000 6.874817e-02
10.750000 6.862452e-02
11.000000 6.849808e-02
11.250000 6.836887e-02
11.500000 6.823689e-02
11.750000 6.810216e-02
12.000000 6.796470e-02
12.250000 6.782451e-02
12.500000 6.768160e-02
12.750000 6.753599e-02
13.000000 6.738770e-02
13.250000 6.723673e-02
13.500000 6.708310e-02
13.750000 6.692682e-02
14.000000 6.676791e-02
14.250000 6.660638e-02
14.500000 6.644225e-02
14.750000 6.627554e-02
15.000000 6.610624e-02
15.250000 6.593440e-02
15.500000 6.576001e-02
15.750000 6.558309e-02
16.000000 6.540367e-02
16.250000 6.522176e-02
16.500000 6.503737e-02
16.750000 6.485052e-02
17.000000 6.466123e-02
17.250000 6.446952e-02
17.500000 6.427541e-02
17.750000 6.407891e-02
18.000000 6.388005e-02
18.250000 6.367884e-02
18.500000 6.347529e-02
18.750000 6.326944e-02
19.000000 6.306130e-02
19.250000 6.285088e-02
19.500000 6.263822e-02
19.750000 6.242333e-02
20.000000 6.220623e-02
20.250000 6.198694e-02
20.500000 6.176548e-02
20.750000 6.154188e-02
21.000000 6.131615e-02
21.250000 6.108833e-02
21.500000 6.085842e-02
21.750000 6.062645e-02
22.000000 6.039245e-02
22.250000 6.015644e-02
22.500000 5.991845e-02
22.750000 5.967848e-02
23.000000 5.943658e-02
23.250000 5.919276e-02
23.500000 5.894704e-02
23.750000 5.869946e-02
24.000000 5.845003e-02
24.250000 5.819879e-02
24.500000 5.794575e-02
24.750000 5.769094e-02
25.000000 5.743439e-02
25.250000 5.717613e-02
25.500000 5.691617e-02
25.750000 5.665455e-02
26.000000 5.639129e-02
26.250000 5.612642e-02
26.500000 5.585997e-02
26.750000 5.559197e-02
27.000000 5.532243e-02
27.250000 5.505139e-02
27.500000 5.477889e-02
27.750000 5.450494e-02
28.000000 5.422957e-02
28.250000 5.395282e-02
28.500000 5.367471e-02
28.750000 5.339527e-02
29.000000 5.311454e-02
29.250000 5.283253e-02
29.500000 5.254929e-02
29.750000 5.226484e-02
30.000000 5.197922e-02
30.250000 5.169245e-02
30.500000 5.140456e-02
30.750000 5.111559e-02
31.000000 5.082556e-02
31.250000 5.053452e-02
31.500000 5.024249e-02
31.750000 4.994950e-02
32.000000 4.965559e-02
32.250000 4.936079e-02
32.500000 4.906513e-02
32.750000 4.876864e-02
33.000000 4.847137e-02
33.250000 4.817334e-02
33.500000 4.787459e-02
33.750000 4.757515e-02
34.000000 4.727505e-02
34.250000 4.697434e-02
34.500000 4.667305e-02
34.750000 4.637121e-02
35.000000 4.606886e-02
35.250000 4.576603e-02
35.500000 4.546276e-02
35.750000 4.515909e-02
36.000000 4.485506e-02
36.250000 4.455069e-02
36.500000 4.424604e-02
36.750000 4.394113e-02
37.000000 4.363601e-02
37.250000 4.333071e-02
37.500000 4.302528e-02
37.750000 4.271974e-02
38.000000 4.241415e-02
38.250000 4.210853e-02
38.500000 4.180294e-02
38.750000 4.149741e-02
39.000000 4.119198e-02
39.250000 4.088669e-02
39.500000 4.058158e-02
39.750000 4.027670e-02
40.000000 3.997208e-02
40.250000 3.966778e-02
40.500000 3.936383e-02
40.750000 3.906027e-02
41.000000 3.875715e-02
41.250000 3.845451e-02
41.500000 3.815240e-02
41.750000 3.785086e-02
42.000000 3.754993e-02
42.250000 3.724967e-02
42.500000 3.695011e-02
42.750000 3.665130e-02
43.000000 3.635330e-02
43.250000 3.605613e-02
43.500000 3.575987e-02
43.750000 3.546454e-02
44.000000 3.517020e-02
44.250000 3.487689e-02
44.500000 3.458468e-02
44.750000 3.429359e-02
45.000000 3.400370e-02
45.250000 3.371503e-02
45.500000 3.342766e-02
45.750000 3.314161e-02
46.000000 3.285696e-02
46.250000 3.257374e-02
46.500000 3.229202e-02
46.750000 3.201184e-02
47.000000 3.173325e-02
47.250000 3.145632e-02
47.500000 3.118109e-02
47.750000 3.090761e-02
48.000000 3.063595e-02
48.250000 3.036616e-02
48.500000 3.009829e-02
48.750000 2.983240e-02
49.000000 2.956854e-02
49.250000 2.930677e-02
49.500000 2.904715e-02
49.750000 2.878973e-02
50.000000 2.853457e-02
