-50.000000 2.972223e-03
-49.750000 3.044845e-03
-49.500000 3.134650e-03
-49.250000 3.235018e-03
-49.000000 3.338028e-03
-48.750000 3.435328e-03
-48.500000 3.518877e-03
-48.250000 3.581526e-03
-48.000000 3.617449e-03
-47.750000 3.622456e-03
-47.500000 3.594239e-03
-47.250000 3.532575e-03
-47.000000 3.439509e-03
-46.750000 3.319528e-03
-46.500000 3.179712e-03
-46.250000 3.029819e-03
-46.000000 2.882156e-03
-45.750000 2.750975e-03
-45.500000 2.651034e-03
-45.250000 2.595090e-03
-45.000000 2.590789e-03
-44.750000 2.638355e-03
-44.500000 2.730527e-03
-44.250000 2.854822e-03
-44.000000 2.996708e-03
-43.750000 3.142232e-03
-43.500000 3.279594e-03
-43.250000 3.399850e-03
-43.000000 3.497110e-03
-42.750000 3.568516e-03
-42.500000 3.614093e-03
-42.250000 3.636539e-03
-42.000000 3.640898e-03
-41.750000 3.634057e-03
-41.500000 3.624028e-03
-41.250000 3.618957e-03
-41.000000 3.625929e-03
-40.750000 3.649760e-03
-40.500000 3.692052e-03
-40.250000 3.750790e-03
-40.000000 3.820612e-03
-39.750000 3.893617e-03
-39.500000 3.960482e-03
-39.250000 4.011593e-03
-39.000000 4.038036e-03
-38.750000 4.032386e-03
-38.500000 3.989314e-03
-38.250000 3.906088e-03
-38.000000 3.783015e-03
-37.750000 3.623911e-03
-37.500000 3.436659e-03
-37.250000 3.233856e-03
-37.000000 3.033403e-03
-36.750000 2.858493e-03
-36.500000 2.735740e-03
-36.250000 2.689944e-03
-36.000000 2.735985e-03
-35.750000 2.872611e-03
-35.500000 3.083430e-03
-35.250000 3.343833e-03
-35.000000 3.628087e-03
-34.750000 3.913312e-03
-34.500000 4.180789e-03
-34.250000 4.415983e-03
-34.000000 4.608197e-03
-33.750000 4.750226e-03
-33.500000 4.838093e-03
-33.250000 4.870860e-03
-33.000000 4.850476e-03
-32.750000 4.781620e-03
-32.500000 4.671511e-03
-32.250000 4.529623e-03
-32.000000 4.367258e-03
-31.750000 4.196893e-03
-31.500000 4.031231e-03
-31.250000 3.881923e-03
-31.000000 3.758065e-03
-30.750000 3.664799e-03
-30.500000 3.602497e-03
-30.250000 3.566946e-03
-30.000000 3.550596e-03
-29.750000 3.544495e-03
-29.500000 3.540348e-03
-29.250000 3.532277e-03
-29.000000 3.518070e-03
-28.750000 3.499899e-03
-28.500000 3.484441e-03
-28.250000 3.482284e-03
-28.000000 3.506389e-03
-27.750000 3.569542e-03
-27.500000 3.681224e-03
-27.250000 3.844902e-03
-27.000000 4.056831e-03
-26.750000 4.306735e-03
-26.500000 4.579743e-03
-26.250000 4.858633e-03
-26.000000 5.125710e-03
-25.750000 5.364154e-03
-25.500000 5.558908e-03
-25.250000 5.697296e-03
-25.000000 5.769465e-03
-24.750000 5.768794e-03
-24.500000 5.692276e-03
-24.250000 5.540974e-03
-24.000000 5.320584e-03
-23.750000 5.042195e-03
-23.500000 4.723331e-03
-23.250000 4.389257e-03
-23.000000 4.074110e-03
-22.750000 3.820316e-03
-22.500000 3.673093e-03
-22.250000 3.667516e-03
-22.000000 3.813257e-03
-21.750000 4.090130e-03
-21.500000 4.458823e-03
-21.250000 4.875752e-03
-21.000000 5.302118e-03
-20.750000 5.706787e-03
-20.500000 6.066207e-03
-20.250000 6.363591e-03
-20.000000 6.588190e-03
-19.750000 6.734830e-03
-19.500000 6.803647e-03
-19.250000 6.799929e-03
-19.000000 6.733949e-03
-18.750000 6.620648e-03
-18.500000 6.478981e-03
-18.250000 6.330686e-03
-18.000000 6.198231e-03
-17.750000 6.101847e-03
-17.500000 6.056046e-03
-17.250000 6.066551e-03
-17.000000 6.128870e-03
-16.750000 6.229183e-03
-16.500000 6.347159e-03
-16.250000 6.459597e-03
-16.000000 6.543823e-03
-15.750000 6.580338e-03
-15.500000 6.554752e-03
-15.250000 6.459268e-03
-15.000000 6.294044e-03
-14.750000 6.068717e-03
-14.500000 5.804220e-03
-14.250000 5.534610e-03
-14.000000 5.307602e-03
-13.750000 5.180738e-03
-13.500000 5.209372e-03
-13.250000 5.427875e-03
-13.000000 5.835817e-03
-12.750000 6.400577e-03
-12.500000 7.071998e-03
-12.250000 7.796356e-03
-12.000000 8.523791e-03
-11.750000 9.210719e-03
-11.500000 9.820025e-03
-11.250000 1.032072e-02
-11.000000 1.068766e-02
-10.750000 1.090147e-02
-10.500000 1.094868e-02
-10.250000 1.082203e-02
-10.000000 1.052091e-02
-9.750000 1.005210e-02
-9.500000 9.430825e-03
-9.250000 8.682691e-03
-9.000000 7.846914e-03
-8.750000 6.981987e-03
-8.500000 6.174179e-03
-8.250000 5.544618e-03
-8.000000 5.235070e-03
-7.750000 5.343930e-03
-7.500000 5.852281e-03
-7.250000 6.642226e-03
-7.000000 7.577244e-03
-6.750000 8.547003e-03
-6.500000 9.471361e-03
-6.250000 1.029269e-02
-6.000000 1.096919e-02
-5.750000 1.147096e-02
-5.500000 1.177801e-02
-5.250000 1.187952e-02
-5.000000 1.177378e-02
-4.750000 1.146878e-02
-4.500000 1.098339e-02
-4.250000 1.034937e-02
-4.000000 9.614688e-03
-3.750000 8.848161e-03
-3.500000 8.144305e-03
-3.250000 7.622441e-03
-3.000000 7.406786e-03
-2.750000 7.579601e-03
-2.500000 8.137207e-03
-2.250000 8.997078e-03
-2.000000 1.004497e-02
-1.750000 1.117299e-02
-1.500000 1.229297e-02
-1.250000 1.333619e-02
-1.000000 1.424985e-02
-0.750000 1.499386e-02
-0.500000 1.553879e-02
-0.250000 1.586463e-02
0.000000 1.596017e-02
0.250000 1.582271e-02
0.500000 1.545798e-02
0.750000 1.488029e-02
1.000000 1.411291e-02
1.250000 1.318882e-02
1.500000 1.215200e-02
1.750000 1.105957e-02
2.000000 9.984547e-03
2.250000 9.017828e-03
2.500000 8.264368e-03
2.750000 7.823946e-03
3.000000 7.752780e-03
3.250000 8.030060e-03
3.500000 8.566061e-03
3.750000 9.244213e-03
4.000000 9.956984e-03
4.250000 1.061957e-02
4.500000 1.116987e-02
4.750000 1.156457e-02
5.000000 1.177526e-02
5.250000 1.178579e-02
5.500000 1.159044e-02
5.750000 1.119288e-02
6.000000 1.060569e-02
6.250000 9.850323e-03
6.500000 8.957995e-03
6.750000 7.971834e-03
7.000000 6.951521e-03
7.250000 5.981740e-03
7.500000 5.182872e-03
7.750000 4.706405e-03
8.000000 4.672245e-03
8.250000 5.067674e-03
8.500000 5.754507e-03
8.750000 6.575381e-03
9.000000 7.412314e-03
9.250000 8.187338e-03
9.500000 8.849846e-03
9.750000 9.367139e-03
10.000000 9.719080e-03
10.250000 9.895233e-03
10.500000 9.893323e-03
10.750000 9.718375e-03
11.000000 9.382233e-03
11.250000 8.903366e-03
11.500000 8.306950e-03
11.750000 7.625349e-03
12.000000 6.899114e-03
12.250000 6.178474e-03
12.500000 5.524453e-03
12.750000 5.006375e-03
13.000000 4.689177e-03
13.250000 4.607489e-03
13.500000 4.743286e-03
13.750000 5.033323e-03
14.000000 5.399709e-03
14.250000 5.774239e-03
14.500000 6.106539e-03
14.750000 6.363196e-03
15.000000 6.524748e-03
15.250000 6.583145e-03
15.500000 6.540125e-03
15.750000 6.406342e-03
16.000000 6.200986e-03
16.250000 5.951567e-03
16.500000 5.693306e-03
16.750000 5.467089e-03
17.000000 5.314562e-03
17.250000 5.269687e-03
17.500000 5.349032e-03
17.750000 5.546361e-03
18.000000 5.835465e-03
18.250000 6.178882e-03
18.500000 6.536815e-03
18.750000 6.872876e-03
19.000000 7.156650e-03
19.250000 7.364375e-03
19.500000 7.478807e-03
19.750000 7.488854e-03
20.000000 7.389203e-03
20.250000 7.180022e-03
20.500000 6.866769e-03
20.750000 6.460156e-03
21.000000 5.976334e-03
21.250000 5.437453e-03
21.500000 4.872803e-03
21.750000 4.320612e-03
22.000000 3.829853e-03
22.250000 3.458682e-03
22.500000 3.261939e-03
22.750000 3.264541e-03
23.000000 3.442100e-03
23.250000 3.734746e-03
23.500000 4.077512e-03
23.750000 4.417995e-03
24.000000 4.719198e-03
24.250000 4.956848e-03
24.500000 5.116370e-03
24.750000 5.190776e-03
25.000000 5.179367e-03
25.250000 5.086999e-03
25.500000 4.923709e-03
25.750000 4.704569e-03
26.000000 4.449634e-03
26.250000 4.183754e-03
26.500000 3.935697e-03
26.750000 3.735658e-03
27.000000 3.610204e-03
27.250000 3.575208e-03
27.500000 3.630248e-03
27.750000 3.758749e-03
28.000000 3.933980e-03
28.250000 4.126594e-03
28.500000 4.309952e-03
28.750000 4.462553e-03
29.000000 4.568604e-03
29.250000 4.617789e-03
29.500000 4.604828e-03
29.750000 4.529079e-03
30.000000 4.394227e-03
30.250000 4.208104e-03
30.500000 3.982601e-03
30.750000 3.733626e-03
31.000000 3.480936e-03
31.250000 3.247433e-03
31.500000 3.057158e-03
31.750000 2.931191e-03
32.000000 2.881822e-03
32.250000 2.907879e-03
32.500000 2.994840e-03
32.750000 3.119958e-03
33.000000 3.258676e-03
33.250000 3.389097e-03
33.500000 3.493938e-03
33.750000 3.560908e-03
34.000000 3.582447e-03
34.250000 3.555313e-03
34.500000 3.480230e-03
34.750000 3.361660e-03
35.000000 3.207683e-03
35.250000 3.029964e-03
35.500000 2.843701e-03
35.750000 2.667243e-03
36.000000 2.520822e-03
36.250000 2.423605e-03
36.500000 2.389017e-03
36.750000 2.420221e-03
37.000000 2.509003e-03
37.250000 2.639167e-03
37.500000 2.791830e-03
37.750000 2.949560e-03
38.000000 3.098400e-03
38.250000 3.228406e-03
38.500000 3.333473e-03
38.750000 3.410925e-03
39.000000 3.461058e-03
39.250000 3.486647e-03
39.500000 3.492401e-03
39.750000 3.484327e-03
40.000000 3.468972e-03
40.250000 3.452564e-03
40.500000 3.440137e-03
40.750000 3.434759e-03
41.000000 3.437058e-03
41.250000 3.445145e-03
41.500000 3.454974e-03
41.750000 3.461023e-03
42.000000 3.457139e-03
42.250000 3.437377e-03
42.500000 3.396747e-03
42.750000 3.331799e-03
43.000000 3.241090e-03
43.250000 3.125540e-03
43.500000 2.988730e-03
43.750000 2.837147e-03
44.000000 2.680347e-03
44.250000 2.530852e-03
44.500000 2.403450e-03
44.750000 2.313343e-03
45.000000 2.272891e-03
45.250000 2.287805e-03
45.500000 2.354902e-03
45.750000 2.463083e-03
46.000000 2.596727e-03
46.250000 2.739276e-03
46.500000 2.875599e-03
46.750000 2.993040e-03
47.000000 3.081687e-03
47.250000 3.134283e-03
47.500000 3.146052e-03
47.750000 3.114509e-03
48.000000 3.039310e-03
48.250000 2.922119e-03
48.500000 2.766533e-03
48.750000 2.578042e-03
49.000000 2.364095e-03
49.250000 2.134295e-03
49.500000 1.900808e-03
49.750000 1.678970e-03
50.000000 1.487705e-03
