-50.000000 3.568568e-02
-49.750000 3.595664e-02
-49.500000 3.622819e-02
-49.250000 3.650031e-02
-49.000000 3.677297e-02
-48.750000 3.704614e-02
-48.500000 3.731979e-02
-48.250000 3.759389e-02
-48.000000 3.786841e-02
-47.750000 3.814333e-02
-47.500000 3.841862e-02
-47.250000 3.869425e-02
-47.000000 3.897019e-02
-46.750000 3.924641e-02
-46.500000 3.952289e-02
-46.250000 3.979960e-02
-46.000000 4.007651e-02
-45.750000 4.035359e-02
-45.500000 4.063083e-02
-45.250000 4.090819e-02
-45.000000 4.118564e-02
-44.750000 4.146317e-02
-44.500000 4.174073e-02
-44.250000 4.201832e-02
-44.000000 4.229589e-02
-43.750000 4.257344e-02
-43.500000 4.285092e-02
-43.250000 4.312832e-02
-43.000000 4.340561e-02
-42.750000 4.368277e-02
-42.500000 4.395976e-02
-42.250000 4.423657e-02
-42.000000 4.451318e-02
-41.750000 4.478955e-02
-41.500000 4.506566e-02
-41.250000 4.534149e-02
-41.000000 4.561701e-02
-40.750000 4.589221e-02
-40.500000 4.616705e-02
-40.250000 4.644151e-02
-40.000000 4.671558e-02
-39.750000 4.698922e-02
-39.500000 4.726241e-02
-39.250000 4.753513e-02
-39.000000 4.780736e-02
-38.750000 4.807908e-02
-38.500000 4.835025e-02
-38.250000 4.862086e-02
-38.000000 4.889089e-02
-37.750000 4.916032e-02
-37.500000 4.942911e-02
-37.250000 4.969725e-02
-37.000000 4.996472e-02
-36.750000 5.023150e-02
-36.500000 5.049756e-02
-36.250000 5.076288e-02
-36.000000 5.102745e-02
-35.750000 5.129123e-02
-35.500000 5.155421e-02
-35.250000 5.181636e-02
-35.000000 5.207768e-02
-34.750000 5.233812e-02
-34.500000 5.259769e-02
-34.250000 5.285634e-02
-34.000000 5.311407e-02
-33.750000 5.337085e-02
-33.500000 5.362666e-02
-33.250000 5.388149e-02
-33.000000 5.413530e-02
-32.750000 5.438809e-02
-32.500000 5.463983e-02
-32.250000 5.489051e-02
-32.000000 5.514009e-02
-31.750000 5.538857e-02
-31.500000 5.563593e-02
-31.250000 5.588214e-02
-31.000000 5.612718e-02
-30.750000 5.637105e-02
-30.500000 5.661371e-02
-30.250000 5.685514e-02
-30.000000 5.709534e-02
-29.750000 5.733429e-02
-29.500000 5.757195e-02
-29.250000 5.780832e-02
-29.000000 5.804338e-02
-28.750000 5.827711e-02
-28.500000 5.850949e-02
-28.250000 5.874050e-02
-28.000000 5.897013e-02
-27.750000 5.919836e-02
-27.500000 5.942517e-02
-27.250000 5.965055e-02
-27.000000 5.987447e-02
-26.750000 6.009692e-02
-26.500000 6.031788e-02
-26.250000 6.053734e-02
-26.000000 6.075528e-02
-25.750000 6.097169e-02
-25.500000 6.118654e-02
-25.250000 6.139982e-02
-25.000000 6.161151e-02
-24.750000 6.182161e-02
-24.500000 6.203008e-02
-24.250000 6.223693e-02
-24.000000 6.244212e-02
-23.750000 6.264566e-02
-23.500000 6.284751e-02
-23.250000 6.304767e-02
-23.000000 6.324612e-02
-22.750000 6.344284e-02
-22.500000 6.363783e-02
-22.250000 6.383106e-02
-22.000000 6.402252e-02
-21.750000 6.421220e-02
-21.500000 6.440009e-02
-21.250000 6.458616e-02
-21.000000 6.477041e-02
-20.750000 6.495282e-02
-20.500000 6.513337e-02
-20.250000 6.531207e-02
-20.000000 6.548888e-02
-19.750000 6.566380e-02
-19.500000 6.583681e-02
-19.250000 6.600791e-02
-19.000000 6.617707e-02
-18.750000 6.634429e-02
-18.500000 6.650956e-02
-18.250000 6.667285e-02
-18.000000 6.683417e-02
-17.750000 6.699349e-02
-17.500000 6.715080e-02
-17.250000 6.730610e-02
-17.000000 6.745937e-02
-16.750000 6.761060e-02
-16.500000 6.775978e-02
-16.250000 6.790690e-02
-16.000000 6.805194e-02
-15.750000 6.819490e-02
-15.500000 6.833576e-02
-15.250000 6.847452e-02
-15.000000 6.861116e-02
-14.750000 6.874567e-02
-14.500000 6.887804e-02
-14.250000 6.900827e-02
-14.000000 6.913634e-02
-13.750000 6.926225e-02
-13.500000 6.938598e-02
-13.250000 6.950752e-02
-13.000000 6.962687e-02
-12.750000 6.974402e-02
-12.500000 6.985895e-02
-12.250000 6.997166e-02
-12.000000 7.008214e-02
-11.750000 7.019039e-02
-11.500000 7.029638e-02
-11.250000 7.040012e-02
-11.000000 7.050160e-02
-10.750000 7.060081e-02
-10.500000 7.069774e-02
-10.250000 7.079238e-02
-10.000000 7.088473e-02
-9.750000 7.097478e-02
-9.500000 7.106252e-02
-9.250000 7.114795e-02
-9.000000 7.123106e-02
-8.750000 7.131184e-02
-8.500000 7.139028e-02
-8.250000 7.146639e-02
-8.000000 7.154014e-02
-7.750000 7.161155e-02
-7.500000 7.168060e-02
-7.250000 7.174728e-02
-7.000000 7.181160e-02
-6.750000 7.187354e-02
-6.500000 7.193311e-02
-6.250000 7.199029e-02
-6.000000 7.204508e-02
-5.750000 7.209747e-02
-5.500000 7.214747e-02
-5.250000 7.219507e-02
-5.000000 7.224026e-02
-4.750000 7.228304e-02
-4.500000 7.232341e-02
-4.250000 7.236136e-02
-4.000000 7.239688e-02
-3.750000 7.242999e-02
-3.500000 7.246067e-02
-3.250000 7.248891e-02
-3.000000 7.251473e-02
-2.750000 7.253810e-02
-2.500000 7.255904e-02
-2.250000 7.257754e-02
-2.000000 7.259360e-02
-1.750000 7.260721e-02
-1.500000 7.261838e-02
-1.250000 7.262710e-02
-1.000000 7.263337e-02
-0.750000 7.263719e-02
-0.500000 7.263856e-02
-0.250000 7.263747e-02
0.000000 7.263393e-02
0.250000 7.262794e-02
0.500000 7.261949e-02
0.750000 7.260859e-02
1.000000 7.259524e-02
1.250000 7.257943e-02
1.500000 7.256116e-02
1.750000 7.254044e-02
2.000000 7.251727e-02
2.250000 7.249164e-02
2.500000 7.246357e-02
2.750000 7.243304e-02
3.000000 7.240006e-02
3.250000 7.236463e-02
3.500000 7.232676e-02
3.750000 7.228644e-02
4.000000 7.224368e-02
4.250000 7.219848e-02
4.500000 7.215084e-02
4.750000 7.210076e-02
5.000000 7.204824e-02
5.250000 7.199330e-02
5.500000 7.193593e-02
5.750000 7.187613e-02
6.000000 7.181391e-02
6.250000 7.174927e-02
6.500000 7.168221e-02
6.750000 7.161274e-02
7.000000 7.154087e-02
7.250000 7.146659e-02
7.500000 7.138991e-02
7.750000 7.131083e-02
8.000000 7.122937e-02
8.250000 7.114551e-02
8.500000 7.105928e-02
8.750000 7.097067e-02
9.000000 7.087968e-02
9.250000 7.078633e-02
9.500000 7.069062e-02
9.750000 7.059255e-02
10.000000 7.049213e-02
10.250000 7.038937e-02
10.500000 7.028427e-02
10.750000 7.017684e-02
11.000000 7.006709e-02
11.250000 6.995501e-02
11.500000 6.984062e-02
11.750000 6.972393e-02
12.000000 6.960494e-02
12.250000 6.948365e-02
12.500000 6.936008e-02
12.750000 6.923424e-02
13.000000 6.910613e-02
13.250000 6.897575e-02
13.500000 6.884312e-02
13.750000 6.870824e-02
14.000000 6.857113e-02
14.250000 6.843179e-02
14.500000 6.829023e-02
14.750000 6.814645e-02
15.000000 6.800047e-02
15.250000 6.785230e-02
15.500000 6.770194e-02
15.750000 6.754940e-02
16.000000 6.739470e-02
16.250000 6.723784e-02
16.500000 6.707883e-02
16.750000 6.691768e-02
17.000000 6.675441e-02
17.250000 6.658901e-02
17.500000 6.642151e-02
17.750000 6.625191e-02
18.000000 6.608022e-02
18.250000 6.590646e-02
18.500000 6.573062e-02
18.750000 6.555274e-02
19.000000 6.537280e-02
19.250000 6.519084e-02
19.500000 6.500685e-02
19.750000 6.482085e-02
20.000000 6.463285e-02
20.250000 6.444286e-02
20.500000 6.425090e-02
20.750000 6.405697e-02
21.000000 6.386109e-02
21.250000 6.366326e-02
21.500000 6.346351e-02
21.750000 6.326185e-02
22.000000 6.305828e-02
22.250000 6.285282e-02
22.500000 6.264548e-02
22.750000 6.243628e-02
23.000000 6.222523e-02
23.250000 6.201233e-02
23.500000 6.179762e-02
23.750000 6.158108e-02
24.000000 6.136275e-02
24.250000 6.114264e-02
24.500000 6.092075e-02
24.750000 6.069710e-02
25.000000 6.047171e-02
25.250000 6.024459e-02
25.500000 6.001575e-02
25.750000 5.978522e-02
26.000000 5.955299e-02
26.250000 5.931909e-02
26.500000 5.908353e-02
26.750000 5.884633e-02
27.000000 5.860750e-02
27.250000 5.836705e-02
27.500000 5.812501e-02
27.750000 5.788138e-02
28.000000 5.763618e-02
28.250000 5.738943e-02
28.500000 5.714113e-02
28.750000 5.689132e-02
29.000000 5.664000e-02
29.250000 5.638718e-02
29.500000 5.613289e-02
29.750000 5.587714e-02
30.000000 5.561995e-02
30.250000 5.536132e-02
30.500000 5.510128e-02
30.750000 5.483985e-02
31.000000 5.457704e-02
31.250000 5.431286e-02
31.500000 5.404734e-02
31.750000 5.378048e-02
32.000000 5.351231e-02
32.250000 5.324285e-02
32.500000 5.297210e-02
32.750000 5.270009e-02
33.000000 5.242683e-02
33.250000 5.215234e-02
33.500000 5.187664e-02
33.750000 5.159975e-02
34.000000 5.132167e-02
34.250000 5.104244e-02
34.500000 5.076206e-02
34.750000 5.048055e-02
35.000000 5.019794e-02
35.250000 4.991423e-02
35.500000 4.962945e-02
35.750000 4.934362e-02
36.000000 4.905675e-02
36.250000 4.876885e-02
36.500000 4.847996e-02
36.750000 4.819008e-02
37.000000 4.789923e-02
37.250000 4.760744e-02
37.500000 4.731472e-02
37.750000 4.702108e-02
38.000000 4.672655e-02
38.250000 4.643115e-02
38.500000 4.613489e-02
38.750000 4.583779e-02
39.000000 4.553988e-02
39.250000 4.524116e-02
39.500000 4.494166e-02
39.750000 4.464139e-02
40.000000 4.434038e-02
40.250000 4.403865e-02
40.500000 4.373621e-02
40.750000 4.343308e-02
41.000000 4.312928e-02
41.250000 4.282483e-02
41.500000 4.251974e-02
41.750000 4.221405e-02
42.000000 4.190776e-02
42.250000 4.160090e-02
42.500000 4.129349e-02
42.750000 4.098553e-02
43.000000 4.067707e-02
43.250000 4.036810e-02
43.500000 4.005866e-02
43.750000 3.974876e-02
44.000000 3.943842e-02
44.250000 3.912767e-02
44.500000 3.881651e-02
44.750000 3.850498e-02
45.000000 3.819308e-02
45.250000 3.788085e-02
45.500000 3.756829e-02
45.750000 3.725543e-02
46.000000 3.694230e-02
46.250000 3.662890e-02
46.500000 3.631526e-02
46.750000 3.600140e-02
47.000000 3.568734e-02
47.250000 3.537309e-02
47.500000 3.505869e-02
47.750000 3.474415e-02
48.000000 3.442948e-02
48.250000 3.411472e-02
48.500000 3.379988e-02
48.750000 3.348497e-02
49.000000 3.317003e-02
49.250000 3.285507e-02
49.500000 3.254011e-02
49.750000 3.222517e-02
50.000000 3.191028e-02
