-50.000000 3.153593e-03
-49.750000 3.131193e-03
-49.500000 3.103875e-03
-49.250000 3.071986e-03
-49.000000 3.035996e-03
-48.750000 2.996513e-03
-48.500000 2.954281e-03
-48.250000 2.910194e-03
-48.000000 2.865288e-03
-47.750000 2.820741e-03
-47.500000 2.777853e-03
-47.250000 2.738026e-03
-47.000000 2.702723e-03
-46.750000 2.673417e-03
-46.500000 2.651527e-03
-46.250000 2.638338e-03
-46.000000 2.634923e-03
-45.750000 2.642066e-03
-45.500000 2.660199e-03
-45.250000 2.689364e-03
-45.000000 2.729205e-03
-44.750000 2.778984e-03
-44.500000 2.837633e-03
-44.250000 2.903812e-03
-44.000000 2.975980e-03
-43.750000 3.052463e-03
-43.500000 3.131520e-03
-43.250000 3.211393e-03
-43.000000 3.290351e-03
-42.750000 3.366726e-03
-42.500000 3.438930e-03
-42.250000 3.505480e-03
-42.000000 3.565008e-03
-41.750000 3.616274e-03
-41.500000 3.658168e-03
-41.250000 3.689722e-03
-41.000000 3.710112e-03
-40.750000 3.718667e-03
-40.500000 3.714872e-03
-40.250000 3.698372e-03
-40.000000 3.668984e-03
-39.750000 3.626702e-03
-39.500000 3.571707e-03
-39.250000 3.504375e-03
-39.000000 3.425296e-03
-38.750000 3.335286e-03
-38.500000 3.235412e-03
-38.250000 3.127014e-03
-38.000000 3.011735e-03
-37.750000 2.891564e-03
-37.500000 2.768865e-03
-37.250000 2.646424e-03
-37.000000 2.527475e-03
-36.750000 2.415692e-03
-36.500000 2.315131e-03
-36.250000 2.230069e-03
-36.000000 2.164705e-03
-35.750000 2.122734e-03
-35.500000 2.106836e-03
-35.250000 2.118228e-03
-35.000000 2.156444e-03
-34.750000 2.219424e-03
-34.500000 2.303887e-03
-34.250000 2.405822e-03
-34.000000 2.520958e-03
-33.750000 2.645113e-03
-33.500000 2.774402e-03
-33.250000 2.905343e-03
-33.000000 3.034884e-03
-32.750000 3.160390e-03
-32.500000 3.279619e-03
-32.250000 3.390687e-03
-32.000000 3.492041e-03
-31.750000 3.582433e-03
-31.500000 3.660902e-03
-31.250000 3.726760e-03
-31.000000 3.779587e-03
-30.750000 3.819219e-03
-30.500000 3.845755e-03
-30.250000 3.859550e-03
-30.000000 3.861222e-03
-29.750000 3.851655e-03
-29.500000 3.832000e-03
-29.250000 3.803675e-03
-29.000000 3.768368e-03
-28.750000 3.728026e-03
-28.500000 3.684834e-03
-28.250000 3.641193e-03
-28.000000 3.599663e-03
-27.750000 3.562898e-03
-27.500000 3.533553e-03
-27.250000 3.514164e-03
-27.000000 3.507018e-03
-26.750000 3.514012e-03
-26.500000 3.536540e-03
-26.250000 3.575391e-03
-26.000000 3.630716e-03
-25.750000 3.702038e-03
-25.500000 3.788314e-03
-25.250000 3.888042e-03
-25.000000 3.999380e-03
-24.750000 4.120274e-03
-24.500000 4.248573e-03
-24.250000 4.382133e-03
-24.000000 4.518887e-03
-23.750000 4.656911e-03
-23.500000 4.794462e-03
-23.250000 4.930006e-03
-23.000000 5.062237e-03
-22.750000 5.190084e-03
-22.500000 5.312716e-03
-22.250000 5.429539e-03
-22.000000 5.540193e-03
-21.750000 5.644544e-03
-21.500000 5.742671e-03
-21.250000 5.834852e-03
-21.000000 5.921547e-03
-20.750000 6.003375e-03
-20.500000 6.081088e-03
-20.250000 6.155542e-03
-20.000000 6.227668e-03
-19.750000 6.298430e-03
-19.500000 6.368789e-03
-19.250000 6.439669e-03
-19.000000 6.511910e-03
-18.750000 6.586237e-03
-18.500000 6.663226e-03
-18.250000 6.743277e-03
-18.000000 6.826590e-03
-17.750000 6.913159e-03
-17.500000 7.002762e-03
-17.250000 7.094973e-03
-17.000000 7.189168e-03
-16.750000 7.284552e-03
-16.500000 7.380181e-03
-16.250000 7.474996e-03
-16.000000 7.567858e-03
-15.750000 7.657582e-03
-15.500000 7.742974e-03
-15.250000 7.822872e-03
-15.000000 7.896174e-03
-14.750000 7.961879e-03
-14.500000 8.019115e-03
-14.250000 8.067168e-03
-14.000000 8.105513e-03
-13.750000 8.133835e-03
-13.500000 8.152054e-03
-13.250000 8.160345e-03
-13.000000 8.159153e-03
-12.750000 8.149206e-03
-12.500000 8.131527e-03
-12.250000 8.107433e-03
-12.000000 8.078537e-03
-11.750000 8.046729e-03
-11.500000 8.014162e-03
-11.250000 7.983212e-03
-11.000000 7.956432e-03
-10.750000 7.936490e-03
-10.500000 7.926088e-03
-10.250000 7.927870e-03
-10.000000 7.944319e-03
-9.750000 7.977655e-03
-9.500000 8.029725e-03
-9.250000 8.101915e-03
-9.000000 8.195079e-03
-8.750000 8.309498e-03
-8.500000 8.444863e-03
-8.250000 8.600302e-03
-8.000000 8.774418e-03
-7.750000 8.965365e-03
-7.500000 9.170924e-03
-7.250000 9.388593e-03
-7.000000 9.615674e-03
-6.750000 9.849351e-03
-6.500000 1.008677e-02
-6.250000 1.032509e-02
-6.000000 1.056156e-02
-5.750000 1.079352e-02
-5.500000 1.101849e-02
-5.250000 1.123414e-02
-5.000000 1.143837e-02
-4.750000 1.162927e-02
-4.500000 1.180517e-02
-4.250000 1.196465e-02
-4.000000 1.210652e-02
-3.750000 1.222984e-02
-3.500000 1.233394e-02
-3.250000 1.241839e-02
-3.000000 1.248302e-02
-2.750000 1.252791e-02
-2.500000 1.255339e-02
-2.250000 1.256003e-02
-2.000000 1.254864e-02
-1.750000 1.252027e-02
-1.500000 1.247615e-02
-1.250000 1.241776e-02
-1.000000 1.234671e-02
-0.750000 1.226481e-02
-0.500000 1.217400e-02
-0.250000 1.207632e-02
0.000000 1.197391e-02
0.250000 1.186892e-02
0.500000 1.176352e-02
0.750000 1.165984e-02
1.000000 1.155990e-02
1.250000 1.146559e-02
1.500000 1.137862e-02
1.750000 1.130046e-02
2.000000 1.123230e-02
2.250000 1.117502e-02
2.500000 1.112918e-02
2.750000 1.109498e-02
3.000000 1.107226e-02
3.250000 1.106056e-02
3.500000 1.105905e-02
3.750000 1.106665e-02
4.000000 1.108202e-02
4.250000 1.110362e-02
4.500000 1.112978e-02
4.750000 1.115870e-02
5.000000 1.118855e-02
5.250000 1.121749e-02
5.500000 1.124371e-02
5.750000 1.126548e-02
6.000000 1.128117e-02
6.250000 1.128927e-02
6.500000 1.128843e-02
6.750000 1.127746e-02
7.000000 1.125534e-02
7.250000 1.122124e-02
7.500000 1.117452e-02
7.750000 1.111472e-02
8.000000 1.104157e-02
8.250000 1.095497e-02
8.500000 1.085504e-02
8.750000 1.074202e-02
9.000000 1.061638e-02
9.250000 1.047869e-02
9.500000 1.032971e-02
9.750000 1.017033e-02
10.000000 1.000158e-02
10.250000 9.824585e-03
10.500000 9.640606e-03
10.750000 9.450988e-03
11.000000 9.257158e-03
11.250000 9.060608e-03
11.500000 8.862880e-03
11.750000 8.665546e-03
12.000000 8.470186e-03
12.250000 8.278366e-03
12.500000 8.091615e-03
12.750000 7.911394e-03
13.000000 7.739072e-03
13.250000 7.575893e-03
13.500000 7.422949e-03
13.750000 7.281153e-03
14.000000 7.151213e-03
14.250000 7.033615e-03
14.500000 6.928604e-03
14.750000 6.836189e-03
15.000000 6.756135e-03
15.250000 6.687986e-03
15.500000 6.631080e-03
15.750000 6.584578e-03
16.000000 6.547501e-03
16.250000 6.518767e-03
16.500000 6.497228e-03
16.750000 6.481710e-03
17.000000 6.471047e-03
17.250000 6.464115e-03
17.500000 6.459856e-03
17.750000 6.457302e-03
18.000000 6.455593e-03
18.250000 6.453984e-03
18.500000 6.451857e-03
18.750000 6.448719e-03
19.000000 6.444205e-03
19.250000 6.438072e-03
19.500000 6.430192e-03
19.750000 6.420541e-03
20.000000 6.409191e-03
20.250000 6.396290e-03
20.500000 6.382054e-03
20.750000 6.366743e-03
21.000000 6.350650e-03
21.250000 6.334079e-03
21.500000 6.317330e-03
21.750000 6.300678e-03
22.000000 6.284358e-03
22.250000 6.268552e-03
22.500000 6.253369e-03
22.750000 6.238843e-03
23.000000 6.224918e-03
23.250000 6.211446e-03
23.500000 6.198187e-03
23.750000 6.184810e-03
24.000000 6.170896e-03
24.250000 6.155953e-03
24.500000 6.139421e-03
24.750000 6.120691e-03
25.000000 6.099117e-03
25.250000 6.074036e-03
25.500000 6.044786e-03
25.750000 6.010721e-03
26.000000 5.971235e-03
26.250000 5.925777e-03
26.500000 5.873870e-03
26.750000 5.815127e-03
27.000000 5.749272e-03
27.250000 5.676150e-03
27.500000 5.595748e-03
27.750000 5.508205e-03
28.000000 5.413829e-03
28.250000 5.313107e-03
28.500000 5.206721e-03
28.750000 5.095553e-03
29.000000 4.980697e-03
29.250000 4.863464e-03
29.500000 4.745379e-03
29.750000 4.628178e-03
30.000000 4.513790e-03
30.250000 4.404309e-03
30.500000 4.301946e-03
30.750000 4.208960e-03
31.000000 4.127577e-03
31.250000 4.059875e-03
31.500000 4.007663e-03
31.750000 3.972353e-03
32.000000 3.954848e-03
32.250000 3.955456e-03
32.500000 3.973851e-03
32.750000 4.009079e-03
33.000000 4.059626e-03
33.250000 4.123508e-03
33.500000 4.198394e-03
33.750000 4.281729e-03
34.000000 4.370851e-03
34.250000 4.463088e-03
34.500000 4.555838e-03
34.750000 4.646625e-03
35.000000 4.733144e-03
35.250000 4.813283e-03
35.500000 4.885144e-03
35.750000 4.947051e-03
36.000000 4.997557e-03
36.250000 5.035446e-03
36.500000 5.059730e-03
36.750000 5.069659e-03
37.000000 5.064712e-03
37.250000 5.044604e-03
37.500000 5.009290e-03
37.750000 4.958963e-03
38.000000 4.894064e-03
38.250000 4.815285e-03
38.500000 4.723582e-03
38.750000 4.620181e-03
39.000000 4.506593e-03
39.250000 4.384628e-03
39.500000 4.256405e-03
39.750000 4.124367e-03
40.000000 3.991282e-03
40.250000 3.860237e-03
40.500000 3.734610e-03
40.750000 3.618001e-03
41.000000 3.514121e-03
41.250000 3.426623e-03
41.500000 3.358873e-03
41.750000 3.313676e-03
42.000000 3.293005e-03
42.250000 3.297781e-03
42.500000 3.327763e-03
42.750000 3.381581e-03
43.000000 3.456900e-03
43.250000 3.550669e-03
43.500000 3.659406e-03
43.750000 3.779452e-03
44.000000 3.907180e-03
44.250000 4.039135e-03
44.500000 4.172131e-03
44.750000 4.303292e-03
45.000000 4.430072e-03
45.250000 4.550256e-03
45.500000 4.661949e-03
45.750000 4.763559e-03
46.000000 4.853786e-03
46.250000 4.931600e-03
46.500000 4.996229e-03
46.750000 5.047145e-03
47.000000 5.084051e-03
47.250000 5.106872e-03
47.500000 5.115740e-03
47.750000 5.110989e-03
48.000000 5.093142e-03
48.250000 5.062903e-03
48.500000 5.021142e-03
48.750000 4.968891e-03
49.000000 4.907325e-03
49.250000 4.837750e-03
49.500000 4.761582e-03
49.750000 4.680333e-03
50.000000 4.595582e-03
