-50.000000 3.962079e-03
-49.750000 3.907431e-03
-49.500000 3.864344e-03
-49.250000 3.834320e-03
-49.000000 3.818496e-03
-48.750000 3.817574e-03
-48.500000 3.831767e-03
-48.250000 3.860792e-03
-48.000000 3.903882e-03
-47.750000 3.959847e-03
-47.500000 4.027149e-03
-47.250000 4.103990e-03
-47.000000 4.188408e-03
-46.750000 4.278359e-03
-46.500000 4.371794e-03
-46.250000 4.466716e-03
-46.000000 4.561229e-03
-45.750000 4.653565e-03
-45.500000 4.742112e-03
-45.250000 4.825424e-03
-45.000000 4.902234e-03
-44.750000 4.971452e-03
-44.500000 5.032171e-03
-44.250000 5.083661e-03
-44.000000 5.125370e-03
-43.750000 5.156917e-03
-43.500000 5.178087e-03
-43.250000 5.188829e-03
-43.000000 5.189244e-03
-42.750000 5.179579e-03
-42.500000 5.160220e-03
-42.250000 5.131685e-03
-42.000000 5.094604e-03
-41.750000 5.049719e-03
-41.500000 4.997862e-03
-41.250000 4.939946e-03
-41.000000 4.876945e-03
-40.750000 4.809880e-03
-40.500000 4.739802e-03
-40.250000 4.667766e-03
-40.000000 4.594820e-03
-39.750000 4.521979e-03
-39.500000 4.450206e-03
-39.250000 4.380399e-03
-39.000000 4.313367e-03
-38.750000 4.249825e-03
-38.500000 4.190381e-03
-38.250000 4.135533e-03
-38.000000 4.085672e-03
-37.750000 4.041086e-03
-37.500000 4.001975e-03
-37.250000 3.968464e-03
-37.000000 3.940625e-03
-36.750000 3.918494e-03
-36.500000 3.902094e-03
-36.250000 3.891452e-03
-36.000000 3.886615e-03
-35.750000 3.887656e-03
-35.500000 3.894680e-03
-35.250000 3.907818e-03
-35.000000 3.927217e-03
-34.750000 3.953027e-03
-34.500000 3.985372e-03
-34.250000 4.024331e-03
-34.000000 4.069909e-03
-33.750000 4.122014e-03
-33.500000 4.180428e-03
-33.250000 4.244795e-03
-33.000000 4.314605e-03
-32.750000 4.389193e-03
-32.500000 4.467733e-03
-32.250000 4.549257e-03
-32.000000 4.632660e-03
-31.750000 4.716723e-03
-31.500000 4.800137e-03
-31.250000 4.881527e-03
-31.000000 4.959478e-03
-30.750000 5.032564e-03
-30.500000 5.099373e-03
-30.250000 5.158537e-03
-30.000000 5.208756e-03
-29.750000 5.248825e-03
-29.500000 5.277655e-03
-29.250000 5.294304e-03
-29.000000 5.297996e-03
-28.750000 5.288144e-03
-28.500000 5.264377e-03
-28.250000 5.226562e-03
-28.000000 5.174832e-03
-27.750000 5.109608e-03
-27.500000 5.031632e-03
-27.250000 4.941993e-03
-27.000000 4.842161e-03
-26.750000 4.734018e-03
-26.500000 4.619884e-03
-26.250000 4.502547e-03
-26.000000 4.385266e-03
-25.750000 4.271763e-03
-25.500000 4.166166e-03
-25.250000 4.072901e-03
-25.000000 3.996507e-03
-24.750000 3.941375e-03
-24.500000 3.911415e-03
-24.250000 3.909700e-03
-24.000000 3.938143e-03
-23.750000 3.997297e-03
-23.500000 4.086310e-03
-23.250000 4.203056e-03
-23.000000 4.344395e-03
-22.750000 4.506492e-03
-22.500000 4.685135e-03
-22.250000 4.875996e-03
-22.000000 5.074838e-03
-21.750000 5.277640e-03
-21.500000 5.480688e-03
-21.250000 5.680610e-03
-21.000000 5.874402e-03
-20.750000 6.059429e-03
-20.500000 6.233423e-03
-20.250000 6.394476e-03
-20.000000 6.541036e-03
-19.750000 6.671896e-03
-19.500000 6.786190e-03
-19.250000 6.883389e-03
-19.000000 6.963294e-03
-18.750000 7.026030e-03
-18.500000 7.072045e-03
-18.250000 7.102098e-03
-18.000000 7.117247e-03
-17.750000 7.118843e-03
-17.500000 7.108507e-03
-17.250000 7.088106e-03
-17.000000 7.059725e-03
-16.750000 7.025629e-03
-16.500000 6.988214e-03
-16.250000 6.949948e-03
-16.000000 6.913310e-03
-15.750000 6.880706e-03
-15.500000 6.854399e-03
-15.250000 6.836415e-03
-15.000000 6.828474e-03
-14.750000 6.831913e-03
-14.500000 6.847638e-03
-14.250000 6.876093e-03
-14.000000 6.917249e-03
-13.750000 6.970629e-03
-13.500000 7.035350e-03
-13.250000 7.110184e-03
-13.000000 7.193640e-03
-12.750000 7.284044e-03
-12.500000 7.379626e-03
-12.250000 7.478602e-03
-12.000000 7.579250e-03
-11.750000 7.679970e-03
-11.500000 7.779343e-03
-11.250000 7.876169e-03
-11.000000 7.969503e-03
-10.750000 8.058676e-03
-10.500000 8.143309e-03
-10.250000 8.223314e-03
-10.000000 8.298893e-03
-9.750000 8.370524e-03
-9.500000 8.438942e-03
-9.250000 8.505112e-03
-9.000000 8.570190e-03
-8.750000 8.635485e-03
-8.500000 8.702406e-03
-8.250000 8.772411e-03
-8.000000 8.846946e-03
-7.750000 8.927390e-03
-7.500000 9.014992e-03
-7.250000 9.110819e-03
-7.000000 9.215710e-03
-6.750000 9.330240e-03
-6.500000 9.454687e-03
-6.250000 9.589030e-03
-6.000000 9.732942e-03
-5.750000 9.885809e-03
-5.500000 1.004675e-02
-5.250000 1.021467e-02
-5.000000 1.038825e-02
-4.750000 1.056608e-02
-4.500000 1.074660e-02
-4.250000 1.092824e-02
-4.000000 1.110941e-02
-3.750000 1.128855e-02
-3.500000 1.146417e-02
-3.250000 1.163490e-02
-3.000000 1.179948e-02
-2.750000 1.195681e-02
-2.500000 1.210595e-02
-2.250000 1.224614e-02
-2.000000 1.237681e-02
-1.750000 1.249756e-02
-1.500000 1.260818e-02
-1.250000 1.270866e-02
-1.000000 1.279913e-02
-0.750000 1.287988e-02
-0.500000 1.295134e-02
-0.250000 1.301407e-02
0.000000 1.306872e-02
0.250000 1.311601e-02
0.500000 1.315671e-02
0.750000 1.319162e-02
1.000000 1.322153e-02
1.250000 1.324721e-02
1.500000 1.326937e-02
1.750000 1.328865e-02
2.000000 1.330558e-02
2.250000 1.332060e-02
2.500000 1.333402e-02
2.750000 1.334602e-02
3.000000 1.335664e-02
3.250000 1.336578e-02
3.500000 1.337323e-02
3.750000 1.337865e-02
4.000000 1.338159e-02
4.250000 1.338153e-02
4.500000 1.337786e-02
4.750000 1.336993e-02
5.000000 1.335705e-02
5.250000 1.333852e-02
5.500000 1.331366e-02
5.750000 1.328182e-02
6.000000 1.324238e-02
6.250000 1.319480e-02
6.500000 1.313859e-02
6.750000 1.307338e-02
7.000000 1.299887e-02
7.250000 1.291486e-02
7.500000 1.282127e-02
7.750000 1.271809e-02
8.000000 1.260546e-02
8.250000 1.248359e-02
8.500000 1.235280e-02
8.750000 1.221349e-02
9.000000 1.206618e-02
9.250000 1.191143e-02
9.500000 1.174991e-02
9.750000 1.158233e-02
10.000000 1.140947e-02
10.250000 1.123218e-02
10.500000 1.105132e-02
10.750000 1.086782e-02
11.000000 1.068263e-02
11.250000 1.049675e-02
11.500000 1.031120e-02
11.750000 1.012700e-02
12.000000 9.945222e-03
12.250000 9.766940e-03
12.500000 9.593240e-03
12.750000 9.425213e-03
13.000000 9.263949e-03
13.250000 9.110525e-03
13.500000 8.965993e-03
13.750000 8.831364e-03
14.000000 8.707591e-03
14.250000 8.595546e-03
14.500000 8.495994e-03
14.750000 8.409573e-03
15.000000 8.336762e-03
15.250000 8.277864e-03
15.500000 8.232976e-03
15.750000 8.201980e-03
16.000000 8.184525e-03
16.250000 8.180033e-03
16.500000 8.187692e-03
16.750000 8.206478e-03
17.000000 8.235164e-03
17.250000 8.272354e-03
17.500000 8.316506e-03
17.750000 8.365965e-03
18.000000 8.418997e-03
18.250000 8.473822e-03
18.500000 8.528648e-03
18.750000 8.581698e-03
19.000000 8.631242e-03
19.250000 8.675617e-03
19.500000 8.713257e-03
19.750000 8.742705e-03
20.000000 8.762636e-03
20.250000 8.771867e-03
20.500000 8.769373e-03
20.750000 8.754294e-03
21.000000 8.725944e-03
21.250000 8.683821e-03
21.500000 8.627603e-03
21.750000 8.557161e-03
22.000000 8.472555e-03
22.250000 8.374034e-03
22.500000 8.262036e-03
22.750000 8.137187e-03
23.000000 8.000293e-03
23.250000 7.852338e-03
23.500000 7.694473e-03
23.750000 7.528012e-03
24.000000 7.354414e-03
24.250000 7.175276e-03
24.500000 6.992311e-03
24.750000 6.807333e-03
25.000000 6.622228e-03
25.250000 6.438931e-03
25.500000 6.259388e-03
25.750000 6.085519e-03
26.000000 5.919172e-03
26.250000 5.762077e-03
26.500000 5.615788e-03
26.750000 5.481636e-03
27.000000 5.360674e-03
27.250000 5.253634e-03
27.500000 5.160899e-03
27.750000 5.082486e-03
28.000000 5.018050e-03
28.250000 4.966912e-03
28.500000 4.928096e-03
28.750000 4.900390e-03
29.000000 4.882414e-03
29.250000 4.872688e-03
29.500000 4.869697e-03
29.750000 4.871957e-03
30.000000 4.878063e-03
30.250000 4.886725e-03
30.500000 4.896801e-03
30.750000 4.907306e-03
31.000000 4.917426e-03
31.250000 4.926507e-03
31.500000 4.934050e-03
31.750000 4.939699e-03
32.000000 4.943216e-03
32.250000 4.944464e-03
32.500000 4.943383e-03
32.750000 4.939967e-03
33.000000 4.934240e-03
33.250000 4.926237e-03
33.500000 4.915983e-03
33.750000 4.903474e-03
34.000000 4.888668e-03
34.250000 4.871472e-03
34.500000 4.851738e-03
34.750000 4.829261e-03
35.000000 4.803779e-03
35.250000 4.774982e-03
35.500000 4.742520e-03
35.750000 4.706015e-03
36.000000 4.665075e-03
36.250000 4.619310e-03
36.500000 4.568348e-03
36.750000 4.511853e-03
37.000000 4.449543e-03
37.250000 4.381204e-03
37.500000 4.306709e-03
37.750000 4.226032e-03
38.000000 4.139259e-03
38.250000 4.046607e-03
38.500000 3.948431e-03
38.750000 3.845237e-03
39.000000 3.737693e-03
39.250000 3.626634e-03
39.500000 3.513075e-03
39.750000 3.398210e-03
40.000000 3.283418e-03
40.250000 3.170257e-03
40.500000 3.060453e-03
40.750000 2.955873e-03
41.000000 2.858486e-03
41.250000 2.770302e-03
41.500000 2.693277e-03
41.750000 2.629210e-03
42.000000 2.579607e-03
42.250000 2.545558e-03
42.500000 2.527622e-03
42.750000 2.525761e-03
43.000000 2.539335e-03
43.250000 2.567157e-03
43.500000 2.607595e-03
43.750000 2.658708e-03
44.000000 2.718386e-03
44.250000 2.784467e-03
44.500000 2.854842e-03
44.750000 2.927521e-03
45.000000 3.000671e-03
45.250000 3.072647e-03
45.500000 3.141991e-03
45.750000 3.207433e-03
46.000000 3.267878e-03
46.250000 3.322395e-03
46.500000 3.370204e-03
46.750000 3.410657e-03
47.000000 3.443226e-03
47.250000 3.467486e-03
47.500000 3.483109e-03
47.750000 3.489843e-03
48.000000 3.487509e-03
48.250000 3.475989e-03
48.500000 3.455218e-03
48.750000 3.425178e-03
49.000000 3.385893e-03
49.250000 3.337428e-03
49.500000 3.279884e-03
49.750000 3.213399e-03
50.000000 3.138154e-03
