-50.000000 1.057906e-02
-49.750000 1.055441e-02
-49.500000 1.053453e-02
-49.250000 1.051954e-02
-49.000000 1.050954e-02
-48.750000 1.050462e-02
-48.500000 1.050483e-02
-48.250000 1.051020e-02
-48.000000 1.052073e-02
-47.750000 1.053640e-02
-47.500000 1.055714e-02
-47.250000 1.058288e-02
-47.000000 1.061352e-02
-46.750000 1.064891e-02
-46.500000 1.068892e-02
-46.250000 1.073335e-02
-46.000000 1.078201e-02
-45.750000 1.083468e-02
-45.500000 1.089113e-02
-45.250000 1.095109e-02
-45.000000 1.101429e-02
-44.750000 1.108047e-02
-44.500000 1.114931e-02
-44.250000 1.122053e-02
-44.000000 1.129381e-02
-43.750000 1.136883e-02
-43.500000 1.144527e-02
-43.250000 1.152281e-02
-43.000000 1.160113e-02
-42.750000 1.167989e-02
-42.500000 1.175878e-02
-42.250000 1.183747e-02
-42.000000 1.191565e-02
-41.750000 1.199299e-02
-41.500000 1.206919e-02
-41.250000 1.214395e-02
-41.000000 1.221696e-02
-40.750000 1.228794e-02
-40.500000 1.235661e-02
-40.250000 1.242268e-02
-40.000000 1.248591e-02
-39.750000 1.254602e-02
-39.500000 1.260278e-02
-39.250000 1.265595e-02
-39.000000 1.270530e-02
-38.750000 1.275063e-02
-38.500000 1.279173e-02
-38.250000 1.282841e-02
-38.000000 1.286050e-02
-37.750000 1.288783e-02
-37.500000 1.291024e-02
-37.250000 1.292761e-02
-37.000000 1.293981e-02
-36.750000 1.294673e-02
-36.500000 1.294829e-02
-36.250000 1.294439e-02
-36.000000 1.293498e-02
-35.750000 1.292003e-02
-35.500000 1.289950e-02
-35.250000 1.287339e-02
-35.000000 1.284171e-02
-34.750000 1.280449e-02
-34.500000 1.276180e-02
-34.250000 1.271371e-02
-34.000000 1.266033e-02
-33.750000 1.260178e-02
-33.500000 1.253821e-02
-33.250000 1.246981e-02
-33.000000 1.239680e-02
-32.750000 1.231942e-02
-32.500000 1.223795e-02
-32.250000 1.215269e-02
-32.000000 1.206401e-02
-31.750000 1.197229e-02
-31.500000 1.187796e-02
-31.250000 1.178151e-02
-31.000000 1.168345e-02
-30.750000 1.158435e-02
-30.500000 1.148484e-02
-30.250000 1.138558e-02
-30.000000 1.128731e-02
-29.750000 1.119079e-02
-29.500000 1.109686e-02
-29.250000 1.100641e-02
-29.000000 1.092037e-02
-28.750000 1.083973e-02
-28.500000 1.076552e-02
-28.250000 1.069880e-02
-28.000000 1.064068e-02
-27.750000 1.059228e-02
-27.500000 1.055473e-02
-27.250000 1.052916e-02
-27.000000 1.051667e-02
-26.750000 1.051836e-02
-26.500000 1.053525e-02
-26.250000 1.056831e-02
-26.000000 1.061842e-02
-25.750000 1.068636e-02
-25.500000 1.077281e-02
-25.250000 1.087834e-02
-25.000000 1.100336e-02
-24.750000 1.114817e-02
-24.500000 1.131294e-02
-24.250000 1.149771e-02
-24.000000 1.170239e-02
-23.750000 1.192679e-02
-23.500000 1.217059e-02
-23.250000 1.243341e-02
-23.000000 1.271477e-02
-22.750000 1.301413e-02
-22.500000 1.333090e-02
-22.250000 1.366443e-02
-22.000000 1.401407e-02
-21.750000 1.437912e-02
-21.500000 1.475888e-02
-21.250000 1.515263e-02
-21.000000 1.555967e-02
-20.750000 1.597928e-02
-20.500000 1.641077e-02
-20.250000 1.685344e-02
-20.000000 1.730662e-02
-19.750000 1.776965e-02
-19.500000 1.824187e-02
-19.250000 1.872266e-02
-19.000000 1.921140e-02
-18.750000 1.970748e-02
-18.500000 2.021034e-02
-18.250000 2.071939e-02
-18.000000 2.123408e-02
-17.750000 2.175387e-02
-17.500000 2.227825e-02
-17.250000 2.280668e-02
-17.000000 2.333867e-02
-16.750000 2.387374e-02
-16.500000 2.441140e-02
-16.250000 2.495119e-02
-16.000000 2.549265e-02
-15.750000 2.603532e-02
-15.500000 2.657878e-02
-15.250000 2.712259e-02
-15.000000 2.766632e-02
-14.750000 2.820957e-02
-14.500000 2.875192e-02
-14.250000 2.929298e-02
-14.000000 2.983235e-02
-13.750000 3.036964e-02
-13.500000 3.090448e-02
-13.250000 3.143649e-02
-13.000000 3.196530e-02
-12.750000 3.249056e-02
-12.500000 3.301191e-02
-12.250000 3.352899e-02
-12.000000 3.404147e-02
-11.750000 3.454901e-02
-11.500000 3.505127e-02
-11.250000 3.554794e-02
-11.000000 3.603868e-02
-10.750000 3.652319e-02
-10.500000 3.700116e-02
-10.250000 3.747228e-02
-10.000000 3.793626e-02
-9.750000 3.839281e-02
-9.500000 3.884164e-02
-9.250000 3.928247e-02
-9.000000 3.971504e-02
-8.750000 4.013907e-02
-8.500000 4.055430e-02
-8.250000 4.096049e-02
-8.000000 4.135738e-02
-7.750000 4.174473e-02
-7.500000 4.212232e-02
-7.250000 4.248991e-02
-7.000000 4.284727e-02
-6.750000 4.319421e-02
-6.500000 4.353050e-02
-6.250000 4.385596e-02
-6.000000 4.417039e-02
-5.750000 4.447359e-02
-5.500000 4.476540e-02
-5.250000 4.504565e-02
-5.000000 4.531416e-02
-4.750000 4.557079e-02
-4.500000 4.581538e-02
-4.250000 4.604779e-02
-4.000000 4.626789e-02
-3.750000 4.647556e-02
-3.500000 4.667067e-02
-3.250000 4.685311e-02
-3.000000 4.702280e-02
-2.750000 4.717962e-02
-2.500000 4.732349e-02
-2.250000 4.745434e-02
-2.000000 4.757209e-02
-1.750000 4.767668e-02
-1.500000 4.776807e-02
-1.250000 4.784619e-02
-1.000000 4.791102e-02
-0.750000 4.796253e-02
-0.500000 4.800069e-02
-0.250000 4.802550e-02
0.000000 4.803694e-02
0.250000 4.803502e-02
0.500000 4.801975e-02
0.750000 4.799115e-02
1.000000 4.794925e-02
1.250000 4.789409e-02
1.500000 4.782571e-02
1.750000 4.774416e-02
2.000000 4.764951e-02
2.250000 4.754182e-02
2.500000 4.742116e-02
2.750000 4.728763e-02
3.000000 4.714132e-02
3.250000 4.698232e-02
3.500000 4.681075e-02
3.750000 4.662672e-02
4.000000 4.643035e-02
4.250000 4.622178e-02
4.500000 4.600115e-02
4.750000 4.576861e-02
5.000000 4.552429e-02
5.250000 4.526838e-02
5.500000 4.500104e-02
5.750000 4.472244e-02
6.000000 4.443277e-02
6.250000 4.413222e-02
6.500000 4.382099e-02
6.750000 4.349927e-02
7.000000 4.316729e-02
7.250000 4.282526e-02
7.500000 4.247340e-02
7.750000 4.211195e-02
8.000000 4.174114e-02
8.250000 4.136122e-02
8.500000 4.097243e-02
8.750000 4.057505e-02
9.000000 4.016931e-02
9.250000 3.975551e-02
9.500000 3.933390e-02
9.750000 3.890478e-02
10.000000 3.846842e-02
10.250000 3.802512e-02
10.500000 3.757518e-02
10.750000 3.711889e-02
11.000000 3.665658e-02
11.250000 3.618854e-02
11.500000 3.571511e-02
11.750000 3.523661e-02
12.000000 3.475336e-02
12.250000 3.426570e-02
12.500000 3.377398e-02
12.750000 3.327853e-02
13.000000 3.277971e-02
13.250000 3.227788e-02
13.500000 3.177339e-02
13.750000 3.126662e-02
14.000000 3.075793e-02
14.250000 3.024770e-02
14.500000 2.973631e-02
14.750000 2.922416e-02
15.000000 2.871163e-02
15.250000 2.819913e-02
15.500000 2.768705e-02
15.750000 2.717581e-02
16.000000 2.666583e-02
16.250000 2.615753e-02
16.500000 2.565133e-02
16.750000 2.514767e-02
17.000000 2.464699e-02
17.250000 2.414974e-02
17.500000 2.365638e-02
17.750000 2.316735e-02
18.000000 2.268314e-02
18.250000 2.220421e-02
18.500000 2.173103e-02
18.750000 2.126411e-02
19.000000 2.080393e-02
19.250000 2.035098e-02
19.500000 1.990578e-02
19.750000 1.946882e-02
20.000000 1.904062e-02
20.250000 1.862169e-02
20.500000 1.821254e-02
20.750000 1.781369e-02
21.000000 1.742564e-02
21.250000 1.704891e-02
21.500000 1.668398e-02
21.750000 1.633135e-02
22.000000 1.599148e-02
22.250000 1.566483e-02
22.500000 1.535183e-02
22.750000 1.505289e-02
23.000000 1.476837e-02
23.250000 1.449860e-02
23.500000 1.424388e-02
23.750000 1.400444e-02
24.000000 1.378046e-02
24.250000 1.357209e-02
24.500000 1.337937e-02
24.750000 1.320231e-02
25.000000 1.304082e-02
25.250000 1.289477e-02
25.500000 1.276392e-02
25.750000 1.264799e-02
26.000000 1.254662e-02
26.250000 1.245937e-02
26.500000 1.238574e-02
26.750000 1.232518e-02
27.000000 1.227708e-02
27.250000 1.224080e-02
27.500000 1.221564e-02
27.750000 1.220087e-02
28.000000 1.219576e-02
28.250000 1.219955e-02
28.500000 1.221146e-02
28.750000 1.223074e-02
29.000000 1.225662e-02
29.250000 1.228836e-02
29.500000 1.232521e-02
29.750000 1.236646e-02
30.000000 1.241143e-02
30.250000 1.245945e-02
30.500000 1.250988e-02
30.750000 1.256213e-02
31.000000 1.261562e-02
31.250000 1.266982e-02
31.500000 1.272422e-02
31.750000 1.277835e-02
32.000000 1.283177e-02
32.250000 1.288407e-02
32.500000 1.293489e-02
32.750000 1.298388e-02
33.000000 1.303073e-02
33.250000 1.307516e-02
33.500000 1.311690e-02
33.750000 1.315574e-02
34.000000 1.319148e-02
34.250000 1.322393e-02
34.500000 1.325295e-02
34.750000 1.327840e-02
35.000000 1.330019e-02
35.250000 1.331823e-02
35.500000 1.333244e-02
35.750000 1.334279e-02
36.000000 1.334926e-02
36.250000 1.335182e-02
36.500000 1.335048e-02
36.750000 1.334528e-02
37.000000 1.333625e-02
37.250000 1.332344e-02
37.500000 1.330692e-02
37.750000 1.328677e-02
38.000000 1.326309e-02
38.250000 1.323597e-02
38.500000 1.320555e-02
38.750000 1.317194e-02
39.000000 1.313528e-02
39.250000 1.309572e-02
39.500000 1.305343e-02
39.750000 1.300856e-02
40.000000 1.296128e-02
40.250000 1.291179e-02
40.500000 1.286026e-02
40.750000 1.280690e-02
41.000000 1.275189e-02
41.250000 1.269545e-02
41.500000 1.263779e-02
41.750000 1.257911e-02
42.000000 1.251964e-02
42.250000 1.245958e-02
42.500000 1.239916e-02
42.750000 1.233860e-02
43.000000 1.227811e-02
43.250000 1.221792e-02
43.500000 1.215824e-02
43.750000 1.209928e-02
44.000000 1.204125e-02
44.250000 1.198436e-02
44.500000 1.192880e-02
44.750000 1.187477e-02
45.000000 1.182245e-02
45.250000 1.177202e-02
45.500000 1.172364e-02
45.750000 1.167747e-02
46.000000 1.163366e-02
46.250000 1.159233e-02
46.500000 1.155362e-02
46.750000 1.151761e-02
47.000000 1.148442e-02
47.250000 1.145411e-02
47.500000 1.142676e-02
47.750000 1.140240e-02
48.000000 1.138108e-02
48.250000 1.136280e-02
48.500000 1.134757e-02
48.750000 1.133537e-02
49.000000 1.132618e-02
49.250000 1.131995e-02
49.500000 1.131662e-02
49.750000 1.131611e-02
50.000000 1.131833e-02
