-50.000000 4.185942e-03
-49.750000 4.263497e-03
-49.500000 4.329827e-03
-49.250000 4.384267e-03
-49.000000 4.426387e-03
-48.750000 4.455986e-03
-48.500000 4.473086e-03
-48.250000 4.477919e-03
-48.000000 4.470920e-03
-47.750000 4.452717e-03
-47.500000 4.424115e-03
-47.250000 4.386083e-03
-47.000000 4.339735e-03
-46.750000 4.286311e-03
-46.500000 4.227153e-03
-46.250000 4.163673e-03
-46.000000 4.097331e-03
-45.750000 4.029588e-03
-45.500000 3.961877e-03
-45.250000 3.895556e-03
-45.000000 3.831870e-03
-44.750000 3.771909e-03
-44.500000 3.716571e-03
-44.250000 3.666536e-03
-44.000000 3.622245e-03
-43.750000 3.583897e-03
-43.500000 3.551453e-03
-43.250000 3.524662e-03
-43.000000 3.503094e-03
-42.750000 3.486180e-03
-42.500000 3.473270e-03
-42.250000 3.463675e-03
-42.000000 3.456721e-03
-41.750000 3.451792e-03
-41.500000 3.448365e-03
-41.250000 3.446040e-03
-41.000000 3.444549e-03
-40.750000 3.443771e-03
-40.500000 3.443721e-03
-40.250000 3.444541e-03
-40.000000 3.446472e-03
-39.750000 3.449825e-03
-39.500000 3.454947e-03
-39.250000 3.462174e-03
-39.000000 3.471794e-03
-38.750000 3.484006e-03
-38.500000 3.498877e-03
-38.250000 3.516321e-03
-38.000000 3.536072e-03
-37.750000 3.557680e-03
-37.500000 3.580509e-03
-37.250000 3.603756e-03
-37.000000 3.626470e-03
-36.750000 3.647586e-03
-36.500000 3.665965e-03
-36.250000 3.680430e-03
-36.000000 3.689814e-03
-35.750000 3.693002e-03
-35.500000 3.688977e-03
-35.250000 3.676859e-03
-35.000000 3.655949e-03
-34.750000 3.625769e-03
-34.500000 3.586102e-03
-34.250000 3.537035e-03
-34.000000 3.478996e-03
-33.750000 3.412802e-03
-33.500000 3.339698e-03
-33.250000 3.261401e-03
-33.000000 3.180131e-03
-32.750000 3.098641e-03
-32.500000 3.020204e-03
-32.250000 2.948564e-03
-32.000000 2.887807e-03
-31.750000 2.842154e-03
-31.500000 2.815635e-03
-31.250000 2.811699e-03
-31.000000 2.832811e-03
-30.750000 2.880133e-03
-30.500000 2.953382e-03
-30.250000 3.050892e-03
-30.000000 3.169859e-03
-29.750000 3.306681e-03
-29.500000 3.457302e-03
-29.250000 3.617507e-03
-29.000000 3.783136e-03
-28.750000 3.950222e-03
-28.500000 4.115084e-03
-28.250000 4.274363e-03
-28.000000 4.425047e-03
-27.750000 4.564479e-03
-27.500000 4.690365e-03
-27.250000 4.800769e-03
-27.000000 4.894127e-03
-26.750000 4.969244e-03
-26.500000 5.025310e-03
-26.250000 5.061906e-03
-26.000000 5.079024e-03
-25.750000 5.077075e-03
-25.500000 5.056912e-03
-25.250000 5.019845e-03
-25.000000 4.967656e-03
-24.750000 4.902614e-03
-24.500000 4.827481e-03
-24.250000 4.745502e-03
-24.000000 4.660380e-03
-23.750000 4.576212e-03
-23.500000 4.497392e-03
-23.250000 4.428447e-03
-23.000000 4.373819e-03
-22.750000 4.337594e-03
-22.500000 4.323194e-03
-22.250000 4.333087e-03
-22.000000 4.368562e-03
-21.750000 4.429619e-03
-21.500000 4.514997e-03
-21.250000 4.622336e-03
-21.000000 4.748430e-03
-20.750000 4.889517e-03
-20.500000 5.041570e-03
-20.250000 5.200542e-03
-20.000000 5.362567e-03
-19.750000 5.524105e-03
-19.500000 5.682047e-03
-19.250000 5.833784e-03
-19.000000 5.977258e-03
-18.750000 6.110987e-03
-18.500000 6.234086e-03
-18.250000 6.346276e-03
-18.000000 6.447884e-03
-17.750000 6.539832e-03
-17.500000 6.623615e-03
-17.250000 6.701261e-03
-17.000000 6.775267e-03
-16.750000 6.848519e-03
-16.500000 6.924175e-03
-16.250000 7.005528e-03
-16.000000 7.095836e-03
-15.750000 7.198147e-03
-15.500000 7.315103e-03
-15.250000 7.448774e-03
-15.000000 7.600504e-03
-14.750000 7.770806e-03
-14.500000 7.959317e-03
-14.250000 8.164793e-03
-14.000000 8.385169e-03
-13.750000 8.617655e-03
-13.500000 8.858851e-03
-13.250000 9.104896e-03
-13.000000 9.351600e-03
-12.750000 9.594583e-03
-12.500000 9.829403e-03
-12.250000 1.005167e-02
-12.000000 1.025715e-02
-11.750000 1.044187e-02
-11.500000 1.060218e-02
-11.250000 1.073486e-02
-11.000000 1.083718e-02
-10.750000 1.090700e-02
-10.500000 1.094283e-02
-10.250000 1.094393e-02
-10.000000 1.091041e-02
-9.750000 1.084333e-02
-9.500000 1.074482e-02
-9.250000 1.061820e-02
-9.000000 1.046813e-02
-8.750000 1.030077e-02
-8.500000 1.012385e-02
-8.250000 9.946803e-03
-8.000000 9.780742e-03
-7.750000 9.638278e-03
-7.500000 9.533144e-03
-7.250000 9.479499e-03
-7.000000 9.490950e-03
-6.750000 9.579356e-03
-6.500000 9.753628e-03
-6.250000 1.001882e-02
-6.000000 1.037570e-02
-5.750000 1.082097e-02
-5.500000 1.134788e-02
-5.250000 1.194720e-02
-5.000000 1.260812e-02
-4.750000 1.331910e-02
-4.500000 1.406840e-02
-4.250000 1.484453e-02
-4.000000 1.563648e-02
-3.750000 1.643381e-02
-3.500000 1.722674e-02
-3.250000 1.800612e-02
-3.000000 1.876349e-02
-2.750000 1.949100e-02
-2.500000 2.018143e-02
-2.250000 2.082817e-02
-2.000000 2.142524e-02
-1.750000 2.196722e-02
-1.500000 2.244935e-02
-1.250000 2.286743e-02
-1.000000 2.321791e-02
-0.750000 2.349783e-02
-0.500000 2.370487e-02
-0.250000 2.383736e-02
0.000000 2.389422e-02
0.250000 2.387506e-02
0.500000 2.378009e-02
0.750000 2.361018e-02
1.000000 2.336684e-02
1.250000 2.305219e-02
1.500000 2.266900e-02
1.750000 2.222067e-02
2.000000 2.171119e-02
2.250000 2.114516e-02
2.500000 2.052780e-02
2.750000 1.986490e-02
3.000000 1.916286e-02
3.250000 1.842864e-02
3.500000 1.766982e-02
3.750000 1.689453e-02
4.000000 1.611148e-02
4.250000 1.532995e-02
4.500000 1.455975e-02
4.750000 1.381116e-02
5.000000 1.309478e-02
5.250000 1.242137e-02
5.500000 1.180149e-02
5.750000 1.124503e-02
6.000000 1.076059e-02
6.250000 1.035473e-02
6.500000 1.003121e-02
6.750000 9.790382e-03
7.000000 9.628919e-03
7.250000 9.539947e-03
7.500000 9.513671e-03
7.750000 9.538286e-03
8.000000 9.601009e-03
8.250000 9.689025e-03
8.500000 9.790230e-03
8.750000 9.893734e-03
9.000000 9.990138e-03
9.250000 1.007165e-02
9.500000 1.013209e-02
9.750000 1.016681e-02
10.000000 1.017263e-02
10.250000 1.014771e-02
10.500000 1.009145e-02
10.750000 1.000437e-02
11.000000 9.888082e-03
11.250000 9.745154e-03
11.500000 9.579056e-03
11.750000 9.394080e-03
12.000000 9.195256e-03
12.250000 8.988246e-03
12.500000 8.779221e-03
12.750000 8.574684e-03
13.000000 8.381259e-03
13.250000 8.205407e-03
13.500000 8.053105e-03
13.750000 7.929473e-03
14.000000 7.838422e-03
14.250000 7.782331e-03
14.500000 7.761848e-03
14.750000 7.775824e-03
15.000000 7.821422e-03
15.250000 7.894359e-03
15.500000 7.989250e-03
15.750000 8.099998e-03
16.000000 8.220163e-03
16.250000 8.343284e-03
16.500000 8.463140e-03
16.750000 8.573934e-03
17.000000 8.670419e-03
17.250000 8.747973e-03
17.500000 8.802642e-03
17.750000 8.831145e-03
18.000000 8.830879e-03
18.250000 8.799895e-03
18.500000 8.736885e-03
18.750000 8.641154e-03
19.000000 8.512597e-03
19.250000 8.351675e-03
19.500000 8.159395e-03
19.750000 7.937287e-03
20.000000 7.687395e-03
20.250000 7.412265e-03
20.500000 7.114944e-03
20.750000 6.798986e-03
21.000000 6.468473e-03
21.250000 6.128041e-03
21.500000 5.782926e-03
21.750000 5.439012e-03
22.000000 5.102882e-03
22.250000 4.781841e-03
22.500000 4.483862e-03
22.750000 4.217384e-03
23.000000 3.990869e-03
23.250000 3.812018e-03
23.500000 3.686704e-03
23.750000 3.617820e-03
24.000000 3.604499e-03
24.250000 3.642073e-03
24.500000 3.722869e-03
24.750000 3.837495e-03
25.000000 3.976132e-03
25.250000 4.129500e-03
25.500000 4.289399e-03
25.750000 4.448924e-03
26.000000 4.602454e-03
26.250000 4.745547e-03
26.500000 4.874795e-03
26.750000 4.987682e-03
27.000000 5.082449e-03
27.250000 5.157983e-03
27.500000 5.213724e-03
27.750000 5.249581e-03
28.000000 5.265868e-03
28.250000 5.263238e-03
28.500000 5.242629e-03
28.750000 5.205216e-03
29.000000 5.152363e-03
29.250000 5.085575e-03
29.500000 5.006454e-03
29.750000 4.916661e-03
30.000000 4.817868e-03
30.250000 4.711724e-03
30.500000 4.599815e-03
30.750000 4.483636e-03
31.000000 4.364556e-03
31.250000 4.243807e-03
31.500000 4.122462e-03
31.750000 4.001440e-03
32.000000 3.881507e-03
32.250000 3.763302e-03
32.500000 3.647362e-03
32.750000 3.534168e-03
33.000000 3.424193e-03
33.250000 3.317961e-03
33.500000 3.216112e-03
33.750000 3.119455e-03
34.000000 3.029030e-03
34.250000 2.946141e-03
34.500000 2.872371e-03
34.750000 2.809563e-03
35.000000 2.759752e-03
35.250000 2.725046e-03
35.500000 2.707458e-03
35.750000 2.708700e-03
36.000000 2.729979e-03
36.250000 2.771827e-03
36.500000 2.834005e-03
36.750000 2.915498e-03
37.000000 3.014595e-03
37.250000 3.129032e-03
37.500000 3.256150e-03
37.750000 3.393059e-03
38.000000 3.536770e-03
38.250000 3.684298e-03
38.500000 3.832739e-03
38.750000 3.979322e-03
39.000000 4.121440e-03
39.250000 4.256675e-03
39.500000 4.382812e-03
39.750000 4.497850e-03
40.000000 4.600010e-03
40.250000 4.687745e-03
40.500000 4.759747e-03
40.750000 4.814950e-03
41.000000 4.852545e-03
41.250000 4.871979e-03
41.500000 4.872969e-03
41.750000 4.855506e-03
42.000000 4.819865e-03
42.250000 4.766612e-03
42.500000 4.696612e-03
42.750000 4.611040e-03
43.000000 4.511390e-03
43.250000 4.399486e-03
43.500000 4.277491e-03
43.750000 4.147915e-03
44.000000 4.013615e-03
44.250000 3.877792e-03
44.500000 3.743957e-03
44.750000 3.615882e-03
45.000000 3.497493e-03
45.250000 3.392716e-03
45.500000 3.305258e-03
45.750000 3.238329e-03
46.000000 3.194348e-03
46.250000 3.174673e-03
46.500000 3.179438e-03
46.750000 3.207532e-03
47.000000 3.256734e-03
47.250000 3.323974e-03
47.500000 3.405646e-03
47.750000 3.497917e-03
48.000000 3.596982e-03
48.250000 3.699249e-03
48.500000 3.801460e-03
48.750000 3.900753e-03
49.000000 3.994694e-03
49.250000 4.081274e-03
49.500000 4.158902e-03
49.750000 4.226379e-03
50.000000 4.282880e-03
