-50.00     0.125546
-49.75     0.123335
-49.50     0.120910
-49.25     0.118417
-49.00     0.116105
-48.75     0.114512
-48.50     0.113652
-48.25     0.113143
-48.00     0.112732
-47.75     0.112423
-47.50     0.112475
-47.25     0.113224
-47.00     0.114694
-46.75     0.116851
-46.50     0.119810
-46.25     0.123334
-46.00     0.127171
-45.75     0.131048
-45.50     0.134653
-45.25     0.138066
-45.00     0.141284
-44.75     0.144249
-44.50     0.146952
-44.25     0.149567
-44.00     0.152179
-43.75     0.154674
-43.50     0.156904
-43.25     0.158694
-43.00     0.159888
-42.75     0.160388
-42.50     0.160149
-42.25     0.159188
-42.00     0.157576
-41.75     0.155417
-41.50     0.152820
-41.25     0.149902
-41.00     0.146800
-40.75     0.143758
-40.50     0.140724
-40.25     0.138155
-40.00     0.136095
-39.75     0.134803
-39.50     0.134471
-39.25     0.134983
-39.00     0.136503
-38.75     0.138345
-38.50     0.140311
-38.25     0.142536
-38.00     0.144456
-37.75     0.145920
-37.50     0.146986
-37.25     0.147972
-37.00     0.149515
-36.75     0.151798
-36.50     0.154273
-36.25     0.156742
-36.00     0.159275
-35.75     0.161694
-35.50     0.163845
-35.25     0.165520
-35.00     0.166748
-34.75     0.167597
-34.50     0.168195
-34.25     0.168569
-34.00     0.168771
-33.75     0.168869
-33.50     0.168623
-33.25     0.167790
-33.00     0.166425
-32.75     0.164724
-32.50     0.163066
-32.25     0.162443
-32.00     0.164128
-31.75     0.167671
-31.50     0.172768
-31.25     0.179063
-31.00     0.185797
-30.75     0.192405
-30.50     0.198517
-30.25     0.203911
-30.00     0.208508
-29.75     0.212392
-29.50     0.216565
-29.25     0.220909
-29.00     0.224564
-28.75     0.227209
-28.50     0.228663
-28.25     0.228865
-28.00     0.227865
-27.75     0.225829
-27.50     0.223066
-27.25     0.219949
-27.00     0.217043
-26.75     0.214784
-26.50     0.213824
-26.25     0.214932
-26.00     0.216146
-25.75     0.216635
-25.50     0.216146
-25.25     0.214597
-25.00     0.212050
-24.75     0.208751
-24.50     0.205267
-24.25     0.203110
-24.00     0.203341
-23.75     0.205651
-23.50     0.210098
-23.25     0.216310
-23.00     0.223969
-22.75     0.232269
-22.50     0.240488
-22.25     0.248146
-22.00     0.254866
-21.75     0.260363
-21.50     0.264461
-21.25     0.267114
-21.00     0.268444
-20.75     0.268810
-20.50     0.269055
-20.25     0.270093
-20.00     0.271301
-19.75     0.271874
-19.50     0.271466
-19.25     0.270079
-19.00     0.267683
-18.75     0.264278
-18.50     0.260049
-18.25     0.254901
-18.00     0.249037
-17.75     0.242900
-17.50     0.236895
-17.25     0.231862
-17.00     0.229038
-16.75     0.229026
-16.50     0.232215
-16.25     0.238417
-16.00     0.246209
-15.75     0.255072
-15.50     0.264264
-15.25     0.273115
-15.00     0.281091
-14.75     0.287799
-14.50     0.293014
-14.25     0.296667
-14.00     0.298763
-13.75     0.299276
-13.50     0.298184
-13.25     0.295572
-13.00     0.291738
-12.75     0.287159
-12.50     0.281982
-12.25     0.276263
-12.00     0.270118
-11.75     0.263549
-11.50     0.256964
-11.25     0.251131
-11.00     0.246577
-10.75     0.243212
-10.50     0.241099
-10.25     0.240273
-10.00     0.240704
 -9.75     0.242221
 -9.50     0.244842
 -9.25     0.248696
 -9.00     0.254278
 -8.75     0.260987
 -8.50     0.268487
 -8.25     0.276685
 -8.00     0.285655
 -7.75     0.295570
 -7.50     0.306369
 -7.25     0.317584
 -7.00     0.328527
 -6.75     0.338527
 -6.50     0.347034
 -6.25     0.353659
 -6.00     0.358205
 -5.75     0.360694
 -5.50     0.361372
 -5.25     0.360677
 -5.00     0.359186
 -4.75     0.357845
 -4.50     0.358061
 -4.25     0.361340
 -4.00     0.367611
 -3.75     0.376152
 -3.50     0.386113
 -3.25     0.396351
 -3.00     0.405611
 -2.75     0.412761
 -2.50     0.416937
 -2.25     0.417618
 -2.00     0.414651
 -1.75     0.408245
 -1.50     0.398947
 -1.25     0.387711
 -1.00     0.376799
 -0.75     0.367029
 -0.50     0.356830
 -0.25     0.346225
  0.00     0.335495
  0.25     0.324956
  0.50     0.314920
  0.75     0.305707
  1.00     0.297675
  1.25     0.291347
  1.50     0.286528
  1.75     0.283288
  2.00     0.281845
  2.25     0.282680
  2.50     0.286511
  2.75     0.291938
  3.00     0.298247
  3.25     0.304409
  3.50     0.309594
  3.75     0.312808
  4.00     0.313788
  4.25     0.312654
  4.50     0.309576
  4.75     0.305119
  5.00     0.299824
  5.25     0.294734
  5.50     0.290992
  5.75     0.289665
  6.00     0.291234
  6.25     0.294707
  6.50     0.299086
  6.75     0.303872
  7.00     0.308428
  7.25     0.311752
  7.50     0.313560
  7.75     0.313590
  8.00     0.312019
  8.25     0.310887
  8.50     0.310565
  8.75     0.311043
  9.00     0.311882
  9.25     0.311574
  9.50     0.309556
  9.75     0.305917
 10.00     0.300841
 10.25     0.294446
 10.50     0.286986
 10.75     0.279597
 11.00     0.273174
 11.25     0.267075
 11.50     0.260377
 11.75     0.253069
 12.00     0.245270
 12.25     0.237537
 12.50     0.230583
 12.75     0.224849
 13.00     0.220734
 13.25     0.219314
 13.50     0.220518
 13.75     0.223597
 14.00     0.228444
 14.25     0.234590
 14.50     0.241524
 14.75     0.248388
 15.00     0.254524
 15.25     0.259477
 15.50     0.262939
 15.75     0.264746
 16.00     0.264882
 16.25     0.263488
 16.50     0.260883
 16.75     0.257592
 17.00     0.254362
 17.25     0.252151
 17.50     0.251432
 17.75     0.251749
 18.00     0.252081
 18.25     0.252203
 18.50     0.251618
 18.75     0.249891
 19.00     0.247067
 19.25     0.243814
 19.50     0.241277
 19.75     0.238718
 20.00     0.236182
 20.25     0.233541
 20.50     0.231383
 20.75     0.230966
 21.00     0.232652
 21.25     0.236026
 21.50     0.240792
 21.75     0.246185
 22.00     0.251275
 22.25     0.255678
 22.50     0.259147
 22.75     0.261540
 23.00     0.262821
 23.25     0.263055
 23.50     0.262640
 23.75     0.262052
 24.00     0.261239
 24.25     0.259599
 24.50     0.257157
 24.75     0.253885
 25.00     0.250082
 25.25     0.246104
 25.50     0.242064
 25.75     0.238755
 26.00     0.235900
 26.25     0.233362
 26.50     0.230710
 26.75     0.227634
 27.00     0.224830
 27.25     0.222441
 27.50     0.220952
 27.75     0.220530
 28.00     0.221468
 28.25     0.223840
 28.50     0.226861
 28.75     0.229838
 29.00     0.232261
 29.25     0.233945
 29.50     0.234797
 29.75     0.234916
 30.00     0.234299
 30.25     0.232849
 30.50     0.230658
 30.75     0.228088
 31.00     0.225360
 31.25     0.222418
 31.50     0.219623
 31.75     0.216357
 32.00     0.212728
 32.25     0.209079
 32.50     0.204937
 32.75     0.200539
 33.00     0.196614
 33.25     0.193512
 33.50     0.190670
 33.75     0.187674
 34.00     0.184715
 34.25     0.181310
 34.50     0.177470
 34.75     0.173773
 35.00     0.170662
 35.25     0.168811
 35.50     0.167804
 35.75     0.167865
 36.00     0.168395
 36.25     0.169579
 36.50     0.171472
 36.75     0.174266
 37.00     0.177496
 37.25     0.180584
 37.50     0.183262
 37.75     0.185366
 38.00     0.186798
 38.25     0.187508
 38.50     0.187484
 38.75     0.186751
 39.00     0.185404
 39.25     0.183605
 39.50     0.181435
 39.75     0.178847
 40.00     0.175815
 40.25     0.172379
 40.50     0.168602
 40.75     0.164572
 41.00     0.160602
 41.25     0.156817
 41.50     0.153409
 41.75     0.150279
 42.00     0.147108
 42.25     0.144038
 42.50     0.141298
 42.75     0.139015
 43.00     0.137983
 43.25     0.138186
 43.50     0.139250
 43.75     0.141044
 44.00     0.143175
 44.25     0.145193
 44.50     0.146874
 44.75     0.148139
 45.00     0.149017
 45.25     0.149621
 45.50     0.150048
 45.75     0.150257
 46.00     0.150192
 46.25     0.149938
 46.50     0.149636
 46.75     0.149684
 47.00     0.150172
 47.25     0.151053
 47.50     0.152022
 47.75     0.152968
 48.00     0.153516
 48.25     0.153679
 48.50     0.153522
 48.75     0.153091
 49.00     0.152307
 49.25     0.151142
 49.50     0.149665
 49.75     0.148199
 50.00     0.147099
