-50.000000 1.156903e-03
-49.750000 1.419195e-03
-49.500000 1.649805e-03
-49.250000 1.834150e-03
-49.000000 1.960164e-03
-48.750000 2.018506e-03
-48.500000 2.002924e-03
-48.250000 1.910582e-03
-48.000000 1.742274e-03
-47.750000 1.502495e-03
-47.500000 1.199398e-03
-47.250000 8.448218e-04
-47.000000 4.559796e-04
-46.750000 1.173563e-04
-46.500000 4.173189e-04
-46.250000 8.202147e-04
-46.000000 1.197818e-03
-45.750000 1.529044e-03
-45.500000 1.797913e-03
-45.250000 1.991495e-03
-45.000000 2.100111e-03
-44.750000 2.117696e-03
-44.500000 2.042082e-03
-44.250000 1.875161e-03
-44.000000 1.622994e-03
-43.750000 1.296133e-03
-43.500000 9.115229e-04
-43.250000 5.068407e-04
-43.000000 3.066497e-04
-42.750000 6.502077e-04
-42.500000 1.120363e-03
-42.250000 1.591560e-03
-42.000000 2.033775e-03
-41.750000 2.429100e-03
-41.500000 2.764248e-03
-41.250000 3.029486e-03
-41.000000 3.218491e-03
-40.750000 3.328315e-03
-40.500000 3.359256e-03
-40.250000 3.314610e-03
-40.000000 3.200291e-03
-39.750000 3.024347e-03
-39.500000 2.796411e-03
-39.250000 2.527134e-03
-39.000000 2.227666e-03
-38.750000 1.909288e-03
-38.500000 1.583361e-03
-38.250000 1.261951e-03
-38.000000 9.601319e-04
-37.750000 7.027882e-04
-37.500000 5.395340e-04
-37.250000 5.325416e-04
-37.000000 6.578153e-04
-36.750000 8.326363e-04
-36.500000 1.007806e-03
-36.250000 1.161135e-03
-36.000000 1.280899e-03
-35.750000 1.359758e-03
-35.500000 1.393089e-03
-35.250000 1.378954e-03
-35.000000 1.318871e-03
-34.750000 1.219414e-03
-34.500000 1.095157e-03
-34.250000 9.736882e-04
-34.000000 9.000999e-04
-33.750000 9.246370e-04
-33.500000 1.062814e-03
-33.250000 1.283338e-03
-33.000000 1.542178e-03
-32.750000 1.803505e-03
-32.500000 2.040636e-03
-32.250000 2.233322e-03
-32.000000 2.366269e-03
-31.750000 2.428846e-03
-31.500000 2.415510e-03
-31.250000 2.326815e-03
-31.000000 2.171218e-03
-30.750000 1.968369e-03
-30.500000 1.754937e-03
-30.250000 1.591643e-03
-30.000000 1.556705e-03
-29.750000 1.699798e-03
-29.500000 1.998291e-03
-29.250000 2.387617e-03
-29.000000 2.806709e-03
-28.750000 3.209548e-03
-28.500000 3.561950e-03
-28.250000 3.837941e-03
-28.000000 4.017881e-03
-27.750000 4.087706e-03
-27.500000 4.038688e-03
-27.250000 3.867347e-03
-27.000000 3.575388e-03
-26.750000 3.169578e-03
-26.500000 2.661656e-03
-26.250000 2.068650e-03
-26.000000 1.415605e-03
-25.750000 7.573265e-04
-25.500000 4.517825e-04
-25.250000 9.921957e-04
-25.000000 1.692849e-03
-24.750000 2.381041e-03
-24.500000 3.018533e-03
-24.250000 3.583394e-03
-24.000000 4.059782e-03
-23.750000 4.436392e-03
-23.500000 4.706178e-03
-23.250000 4.866289e-03
-23.000000 4.917973e-03
-22.750000 4.866390e-03
-22.500000 4.720375e-03
-22.250000 4.492153e-03
-22.000000 4.197097e-03
-21.750000 3.853581e-03
-21.500000 3.483027e-03
-21.250000 3.110137e-03
-21.000000 2.763059e-03
-20.750000 2.472460e-03
-20.500000 2.267242e-03
-20.250000 2.165091e-03
-20.000000 2.162237e-03
-19.750000 2.233147e-03
-19.500000 2.342043e-03
-19.250000 2.455188e-03
-19.000000 2.546533e-03
-18.750000 2.598338e-03
-18.500000 2.600209e-03
-18.250000 2.548361e-03
-18.000000 2.445736e-03
-17.750000 2.303267e-03
-17.500000 2.142542e-03
-17.250000 1.999380e-03
-17.000000 1.924409e-03
-16.750000 1.970704e-03
-16.500000 2.166092e-03
-16.250000 2.497904e-03
-16.000000 2.928986e-03
-15.750000 3.419507e-03
-15.500000 3.935847e-03
-15.250000 4.451112e-03
-15.000000 4.943701e-03
-14.750000 5.396141e-03
-14.500000 5.794428e-03
-14.250000 6.127698e-03
-14.000000 6.388060e-03
-13.750000 6.570465e-03
-13.500000 6.672545e-03
-13.250000 6.694399e-03
-13.000000 6.638316e-03
-12.750000 6.508462e-03
-12.500000 6.310542e-03
-12.250000 6.051514e-03
-12.000000 5.739369e-03
-11.750000 5.383080e-03
-11.500000 4.992763e-03
-11.250000 4.580168e-03
-11.000000 4.159581e-03
-10.750000 3.749256e-03
-10.500000 3.373233e-03
-10.250000 3.062680e-03
-10.000000 2.854055e-03
-9.750000 2.779939e-03
-9.500000 2.853595e-03
-9.250000 3.060333e-03
-9.000000 3.365785e-03
-8.750000 3.731180e-03
-8.500000 4.122596e-03
-8.250000 4.513044e-03
-8.000000 4.881415e-03
-7.750000 5.210926e-03
-7.500000 5.487898e-03
-7.250000 5.700992e-03
-7.000000 5.840823e-03
-6.750000 5.899919e-03
-6.500000 5.873042e-03
-6.250000 5.757945e-03
-6.000000 5.556734e-03
-5.750000 5.278156e-03
-5.500000 4.941297e-03
-5.250000 4.581286e-03
-5.000000 4.256626e-03
-4.750000 4.053050e-03
-4.500000 4.068811e-03
-4.250000 4.370321e-03
-4.000000 4.952911e-03
-3.750000 5.754086e-03
-3.500000 6.693647e-03
-3.250000 7.696947e-03
-3.000000 8.699553e-03
-2.750000 9.645610e-03
-2.500000 1.048606e-02
-2.250000 1.117807e-02
-2.000000 1.168551e-02
-1.750000 1.198035e-02
-1.500000 1.204471e-02
-1.250000 1.187369e-02
-1.000000 1.147936e-02
-0.750000 1.089648e-02
-0.500000 1.019104e-02
-0.250000 9.471545e-03
0.000000 8.897841e-03
0.250000 8.667390e-03
0.500000 8.949849e-03
0.750000 9.794925e-03
1.000000 1.111315e-02
1.250000 1.274598e-02
1.500000 1.453411e-02
1.750000 1.634313e-02
2.000000 1.806484e-02
2.250000 1.961298e-02
2.500000 2.091965e-02
2.750000 2.193360e-02
3.000000 2.261951e-02
3.250000 2.295812e-02
3.500000 2.294654e-02
3.750000 2.259868e-02
4.000000 2.194572e-02
4.250000 2.103648e-02
4.500000 1.993777e-02
4.750000 1.873415e-02
5.000000 1.752647e-02
5.250000 1.642677e-02
5.500000 1.554665e-02
5.750000 1.497684e-02
6.000000 1.476205e-02
6.250000 1.488491e-02
6.500000 1.527159e-02
6.750000 1.581619e-02
7.000000 1.640818e-02
7.250000 1.695070e-02
7.500000 1.736839e-02
7.750000 1.760852e-02
8.000000 1.763900e-02
8.250000 1.744557e-02
8.500000 1.702886e-02
8.750000 1.640167e-02
9.000000 1.558662e-02
9.250000 1.461401e-02
9.500000 1.352012e-02
9.750000 1.234603e-02
10.000000 1.113687e-02
10.250000 9.941878e-03
10.500000 8.814797e-03
10.750000 7.813990e-03
11.000000 6.999803e-03
11.250000 6.425148e-03
11.500000 6.117437e-03
11.750000 6.060959e-03
12.000000 6.197347e-03
12.250000 6.446676e-03
12.500000 6.730974e-03
12.750000 6.986409e-03
13.000000 7.165338e-03
13.250000 7.234204e-03
13.500000 7.170927e-03
13.750000 6.963002e-03
14.000000 6.606384e-03
14.250000 6.104959e-03
14.500000 5.470476e-03
14.750000 4.723044e-03
15.000000 3.892930e-03
15.250000 3.026334e-03
15.500000 2.204873e-03
15.750000 1.606952e-03
16.000000 1.538974e-03
16.250000 1.996473e-03
16.500000 2.636640e-03
16.750000 3.256670e-03
17.000000 3.769638e-03
17.250000 4.130867e-03
17.500000 4.314551e-03
17.750000 4.307005e-03
18.000000 4.104593e-03
18.250000 3.713159e-03
18.500000 3.148348e-03
18.750000 2.438103e-03
19.000000 1.636064e-03
19.250000 9.201846e-04
19.500000 1.009697e-03
19.750000 1.869458e-03
20.000000 2.873084e-03
20.250000 3.867411e-03
20.500000 4.793674e-03
20.750000 5.612804e-03
21.000000 6.295073e-03
21.250000 6.818415e-03
21.500000 7.168410e-03
21.750000 7.338556e-03
22.000000 7.330495e-03
22.250000 7.154133e-03
22.500000 6.827693e-03
22.750000 6.377839e-03
23.000000 5.840056e-03
23.250000 5.259472e-03
23.500000 4.691896e-03
23.750000 4.203266e-03
24.000000 3.862107e-03
24.250000 3.718100e-03
24.500000 3.774407e-03
24.750000 3.983209e-03
25.000000 4.273032e-03
25.250000 4.577864e-03
25.500000 4.848920e-03
25.750000 5.054423e-03
26.000000 5.175918e-03
26.250000 5.204705e-03
26.500000 5.139073e-03
26.750000 4.982242e-03
27.000000 4.740801e-03
27.250000 4.423548e-03
27.500000 4.040705e-03
27.750000 3.603553e-03
28.000000 3.124627e-03
28.250000 2.618839e-03
28.500000 2.106559e-03
28.750000 1.621830e-03
29.000000 1.233489e-03
29.250000 1.070093e-03
29.500000 1.215818e-03
29.750000 1.561207e-03
30.000000 1.969670e-03
30.250000 2.368592e-03
30.500000 2.720015e-03
30.750000 3.000105e-03
31.000000 3.191974e-03
31.250000 3.283457e-03
31.500000 3.266566e-03
31.750000 3.137507e-03
32.000000 2.896809e-03
32.250000 2.549428e-03
32.500000 2.104739e-03
32.750000 1.576550e-03
33.000000 9.839588e-04
33.250000 3.663489e-04
33.500000 3.934910e-04
33.750000 1.043117e-03
34.000000 1.693250e-03
34.250000 2.303685e-03
34.500000 2.851294e-03
34.750000 3.317316e-03
35.000000 3.687054e-03
35.250000 3.950425e-03
35.500000 4.102565e-03
35.750000 4.144366e-03
36.000000 4.082931e-03
36.250000 3.931997e-03
36.500000 3.712344e-03
36.750000 3.452136e-03
37.000000 3.186717e-03
37.250000 2.956454e-03
37.500000 2.800051e-03
37.750000 2.742172e-03
38.000000 2.781545e-03
38.250000 2.890855e-03
38.500000 3.029326e-03
38.750000 3.156498e-03
39.000000 3.239584e-03
39.250000 3.255300e-03
39.500000 3.189288e-03
39.750000 3.034955e-03
40.000000 2.792310e-03
40.250000 2.466916e-03
40.500000 2.068910e-03
40.750000 1.612072e-03
41.000000 1.113024e-03
41.250000 5.913101e-04
41.500000 1.071873e-04
41.750000 4.769065e-04
42.000000 9.630648e-04
42.250000 1.408328e-03
42.500000 1.797520e-03
42.750000 2.120530e-03
43.000000 2.370936e-03
43.250000 2.545926e-03
43.500000 2.646230e-03
43.750000 2.675916e-03
44.000000 2.642041e-03
44.250000 2.554164e-03
44.500000 2.423735e-03
44.750000 2.263379e-03
45.000000 2.086097e-03
45.250000 1.904394e-03
45.500000 1.729384e-03
45.750000 1.569969e-03
46.000000 1.432280e-03
46.250000 1.319640e-03
46.500000 1.233227e-03
46.750000 1.173242e-03
47.000000 1.139959e-03
47.250000 1.133892e-03
47.500000 1.154785e-03
47.750000 1.200091e-03
48.000000 1.264034e-03
48.250000 1.337874e-03
48.500000 1.411056e-03
48.750000 1.472534e-03
49.000000 1.511899e-03
49.250000 1.520178e-03
49.500000 1.490427e-03
49.750000 1.418174e-03
50.000000 1.301838e-03
