-50.000000 5.497110e-03
-49.750000 5.512694e-03
-49.500000 5.528265e-03
-49.250000 5.543826e-03
-49.000000 5.559374e-03
-48.750000 5.574910e-03
-48.500000 5.590434e-03
-48.250000 5.605945e-03
-48.000000 5.621443e-03
-47.750000 5.636928e-03
-47.500000 5.652399e-03
-47.250000 5.667857e-03
-47.000000 5.683300e-03
-46.750000 5.698729e-03
-46.500000 5.714144e-03
-46.250000 5.729544e-03
-46.000000 5.744929e-03
-45.750000 5.760299e-03
-45.500000 5.775653e-03
-45.250000 5.790992e-03
-45.000000 5.806315e-03
-44.750000 5.821621e-03
-44.500000 5.836911e-03
-44.250000 5.852184e-03
-44.000000 5.867440e-03
-43.750000 5.882679e-03
-43.500000 5.897900e-03
-43.250000 5.913104e-03
-43.000000 5.928290e-03
-42.750000 5.943458e-03
-42.500000 5.958607e-03
-42.250000 5.973738e-03
-42.000000 5.988850e-03
-41.750000 6.003943e-03
-41.500000 6.019016e-03
-41.250000 6.034070e-03
-41.000000 6.049104e-03
-40.750000 6.064119e-03
-40.500000 6.079113e-03
-40.250000 6.094086e-03
-40.000000 6.109039e-03
-39.750000 6.123972e-03
-39.500000 6.138883e-03
-39.250000 6.153772e-03
-39.000000 6.168640e-03
-38.750000 6.183487e-03
-38.500000 6.198311e-03
-38.250000 6.213114e-03
-38.000000 6.227894e-03
-37.750000 6.242651e-03
-37.500000 6.257385e-03
-37.250000 6.272097e-03
-37.000000 6.286785e-03
-36.750000 6.301450e-03
-36.500000 6.316091e-03
-36.250000 6.330709e-03
-36.000000 6.345302e-03
-35.750000 6.359871e-03
-35.500000 6.374415e-03
-35.250000 6.388935e-03
-35.000000 6.403430e-03
-34.750000 6.417900e-03
-34.500000 6.432345e-03
-34.250000 6.446764e-03
-34.000000 6.461157e-03
-33.750000 6.475525e-03
-33.500000 6.489866e-03
-33.250000 6.504182e-03
-33.000000 6.518470e-03
-32.750000 6.532733e-03
-32.500000 6.546968e-03
-32.250000 6.561176e-03
-32.000000 6.575357e-03
-31.750000 6.589511e-03
-31.500000 6.603637e-03
-31.250000 6.617735e-03
-31.000000 6.631805e-03
-30.750000 6.645848e-03
-30.500000 6.659861e-03
-30.250000 6.673846e-03
-30.000000 6.687803e-03
-29.750000 6.701730e-03
-29.500000 6.715629e-03
-29.250000 6.729498e-03
-29.000000 6.743338e-03
-28.750000 6.757148e-03
-28.500000 6.770928e-03
-28.250000 6.784678e-03
-28.000000 6.798398e-03
-27.750000 6.812088e-03
-27.500000 6.825747e-03
-27.250000 6.839376e-03
-27.000000 6.852974e-03
-26.750000 6.866540e-03
-26.500000 6.880076e-03
-26.250000 6.893580e-03
-26.000000 6.907052e-03
-25.750000 6.920493e-03
-25.500000 6.933901e-03
-25.250000 6.947278e-03
-25.000000 6.960622e-03
-24.750000 6.973934e-03
-24.500000 6.987214e-03
-24.250000 7.000461e-03
-24.000000 7.013674e-03
-23.750000 7.026855e-03
-23.500000 7.040002e-03
-23.250000 7.053116e-03
-23.000000 7.066197e-03
-22.750000 7.079244e-03
-22.500000 7.092256e-03
-22.250000 7.105235e-03
-22.000000 7.118180e-03
-21.750000 7.131090e-03
-21.500000 7.143966e-03
-21.250000 7.156807e-03
-21.000000 7.169613e-03
-20.750000 7.182384e-03
-20.500000 7.195120e-03
-20.250000 7.207820e-03
-20.000000 7.220485e-03
-19.750000 7.233115e-03
-19.500000 7.245709e-03
-19.250000 7.258267e-03
-19.000000 7.270788e-03
-18.750000 7.283274e-03
-18.500000 7.295723e-03
-18.250000 7.308136e-03
-18.000000 7.320511e-03
-17.750000 7.332851e-03
-17.500000 7.345153e-03
-17.250000 7.357418e-03
-17.000000 7.369645e-03
-16.750000 7.381836e-03
-16.500000 7.393988e-03
-16.250000 7.406104e-03
-16.000000 7.418181e-03
-15.750000 7.430220e-03
-15.500000 7.442221e-03
-15.250000 7.454184e-03
-15.000000 7.466108e-03
-14.750000 7.477994e-03
-14.500000 7.489841e-03
-14.250000 7.501650e-03
-14.000000 7.513419e-03
-13.750000 7.525149e-03
-13.500000 7.536840e-03
-13.250000 7.548492e-03
-13.000000 7.560104e-03
-12.750000 7.571677e-03
-12.500000 7.583209e-03
-12.250000 7.594702e-03
-12.000000 7.606155e-03
-11.750000 7.617568e-03
-11.500000 7.628940e-03
-11.250000 7.640272e-03
-11.000000 7.651563e-03
-10.750000 7.662813e-03
-10.500000 7.674023e-03
-10.250000 7.685192e-03
-10.000000 7.696320e-03
-9.750000 7.707406e-03
-9.500000 7.718451e-03
-9.250000 7.729455e-03
-9.000000 7.740417e-03
-8.750000 7.751337e-03
-8.500000 7.762216e-03
-8.250000 7.773052e-03
-8.000000 7.783847e-03
-7.750000 7.794599e-03
-7.500000 7.805309e-03
-7.250000 7.815976e-03
-7.000000 7.826601e-03
-6.750000 7.837183e-03
-6.500000 7.847723e-03
-6.250000 7.858219e-03
-6.000000 7.868673e-03
-5.750000 7.879083e-03
-5.500000 7.889450e-03
-5.250000 7.899773e-03
-5.000000 7.910054e-03
-4.750000 7.920290e-03
-4.500000 7.930483e-03
-4.250000 7.940632e-03
-4.000000 7.950737e-03
-3.750000 7.960797e-03
-3.500000 7.970814e-03
-3.250000 7.980786e-03
-3.000000 7.990714e-03
-2.750000 8.000598e-03
-2.500000 8.010437e-03
-2.250000 8.020231e-03
-2.000000 8.029980e-03
-1.750000 8.039684e-03
-1.500000 8.049343e-03
-1.250000 8.058958e-03
-1.000000 8.068526e-03
-0.750000 8.078050e-03
-0.500000 8.087528e-03
-0.250000 8.096960e-03
0.000000 8.106347e-03
0.250000 8.115688e-03
0.500000 8.124983e-03
0.750000 8.134232e-03
1.000000 8.143435e-03
1.250000 8.152592e-03
1.500000 8.161702e-03
1.750000 8.170766e-03
2.000000 8.179784e-03
2.250000 8.188755e-03
2.500000 8.197679e-03
2.750000 8.206557e-03
3.000000 8.215388e-03
3.250000 8.224172e-03
3.500000 8.232908e-03
3.750000 8.241598e-03
4.000000 8.250240e-03
4.250000 8.258835e-03
4.500000 8.267383e-03
4.750000 8.275883e-03
5.000000 8.284335e-03
5.250000 8.292740e-03
5.500000 8.301097e-03
5.750000 8.309406e-03
6.000000 8.317667e-03
6.250000 8.325881e-03
6.500000 8.334046e-03
6.750000 8.342162e-03
7.000000 8.350231e-03
7.250000 8.358251e-03
7.500000 8.366222e-03
7.750000 8.374145e-03
8.000000 8.382020e-03
8.250000 8.389845e-03
8.500000 8.397622e-03
8.750000 8.405350e-03
9.000000 8.413029e-03
9.250000 8.420659e-03
9.500000 8.428240e-03
9.750000 8.435771e-03
10.000000 8.443254e-03
10.250000 8.450686e-03
10.500000 8.458070e-03
10.750000 8.465404e-03
11.000000 8.472688e-03
11.250000 8.479923e-03
11.500000 8.487108e-03
11.750000 8.494243e-03
12.000000 8.501328e-03
12.250000 8.508363e-03
12.500000 8.515348e-03
12.750000 8.522284e-03
13.000000 8.529168e-03
13.250000 8.536003e-03
13.500000 8.542787e-03
13.750000 8.549521e-03
14.000000 8.556205e-03
14.250000 8.562838e-03
14.500000 8.569420e-03
14.750000 8.575952e-03
15.000000 8.582433e-03
15.250000 8.588863e-03
15.500000 8.595242e-03
15.750000 8.601570e-03
16.000000 8.607848e-03
16.250000 8.614074e-03
16.500000 8.620249e-03
16.750000 8.626373e-03
17.000000 8.632446e-03
17.250000 8.638467e-03
17.500000 8.644438e-03
17.750000 8.650356e-03
18.000000 8.656223e-03
18.250000 8.662039e-03
18.500000 8.667803e-03
18.750000 8.673516e-03
19.000000 8.679176e-03
19.250000 8.684785e-03
19.500000 8.690342e-03
19.750000 8.695848e-03
20.000000 8.701301e-03
20.250000 8.706702e-03
20.500000 8.712052e-03
20.750000 8.717349e-03
21.000000 8.722594e-03
21.250000 8.727787e-03
21.500000 8.732927e-03
21.750000 8.738016e-03
22.000000 8.743052e-03
22.250000 8.748035e-03
22.500000 8.752966e-03
22.750000 8.757845e-03
23.000000 8.762671e-03
23.250000 8.767445e-03
23.500000 8.772166e-03
23.750000 8.776834e-03
24.000000 8.781449e-03
24.250000 8.786012e-03
24.500000 8.790522e-03
24.750000 8.794979e-03
25.000000 8.799384e-03
25.250000 8.803735e-03
25.500000 8.808033e-03
25.750000 8.812279e-03
26.000000 8.816471e-03
26.250000 8.820610e-03
26.500000 8.824696e-03
26.750000 8.828729e-03
27.000000 8.832709e-03
27.250000 8.836635e-03
27.500000 8.840508e-03
27.750000 8.844328e-03
28.000000 8.848095e-03
28.250000 8.851808e-03
28.500000 8.855468e-03
28.750000 8.859074e-03
29.000000 8.862627e-03
29.250000 8.866126e-03
29.500000 8.869572e-03
29.750000 8.872964e-03
30.000000 8.876303e-03
30.250000 8.879588e-03
30.500000 8.882819e-03
30.750000 8.885997e-03
31.000000 8.889121e-03
31.250000 8.892191e-03
31.500000 8.895207e-03
31.750000 8.898170e-03
32.000000 8.901079e-03
32.250000 8.903934e-03
32.500000 8.906735e-03
32.750000 8.909482e-03
33.000000 8.912175e-03
33.250000 8.914815e-03
33.500000 8.917400e-03
33.750000 8.919931e-03
34.000000 8.922409e-03
34.250000 8.924832e-03
34.500000 8.927202e-03
34.750000 8.929517e-03
35.000000 8.931778e-03
35.250000 8.933985e-03
35.500000 8.936138e-03
35.750000 8.938237e-03
36.000000 8.940282e-03
36.250000 8.942273e-03
36.500000 8.944209e-03
36.750000 8.946092e-03
37.000000 8.947920e-03
37.250000 8.949694e-03
37.500000 8.951414e-03
37.750000 8.953079e-03
38.000000 8.954690e-03
38.250000 8.956247e-03
38.500000 8.957750e-03
38.750000 8.959199e-03
39.000000 8.960593e-03
39.250000 8.961933e-03
39.500000 8.963219e-03
39.750000 8.964450e-03
40.000000 8.965627e-03
40.250000 8.966750e-03
40.500000 8.967818e-03
40.750000 8.968833e-03
41.000000 8.969792e-03
41.250000 8.970698e-03
41.500000 8.971549e-03
41.750000 8.972346e-03
42.000000 8.973089e-03
42.250000 8.973777e-03
42.500000 8.974411e-03
42.750000 8.974991e-03
43.000000 8.975516e-03
43.250000 8.975987e-03
43.500000 8.976404e-03
43.750000 8.976767e-03
44.000000 8.977075e-03
44.250000 8.977329e-03
44.500000 8.977528e-03
44.750000 8.977674e-03
45.000000 8.977765e-03
45.250000 8.977802e-03
45.500000 8.977784e-03
45.750000 8.977712e-03
46.000000 8.977586e-03
46.250000 8.977406e-03
46.500000 8.977172e-03
46.750000 8.976883e-03
47.000000 8.976541e-03
47.250000 8.976144e-03
47.500000 8.975692e-03
47.750000 8.975187e-03
48.000000 8.974628e-03
48.250000 8.974014e-03
48.500000 8.973347e-03
48.750000 8.972625e-03
49.000000 8.971849e-03
49.250000 8.971019e-03
49.500000 8.970135e-03
49.750000 8.969197e-03
50.000000 8.968205e-03
