-50.000000 5.068737e-03
-49.750000 5.064315e-03
-49.500000 5.050969e-03
-49.250000 5.028980e-03
-49.000000 4.998715e-03
-48.750000 4.960639e-03
-48.500000 4.915316e-03
-48.250000 4.863424e-03
-48.000000 4.805761e-03
-47.750000 4.743257e-03
-47.500000 4.676980e-03
-47.250000 4.608148e-03
-47.000000 4.538135e-03
-46.750000 4.468471e-03
-46.500000 4.400843e-03
-46.250000 4.337082e-03
-46.000000 4.279144e-03
-45.750000 4.229079e-03
-45.500000 4.188975e-03
-45.250000 4.160901e-03
-45.000000 4.146826e-03
-44.750000 4.148531e-03
-44.500000 4.167520e-03
-44.250000 4.204944e-03
-44.000000 4.261537e-03
-43.750000 4.337584e-03
-43.500000 4.432924e-03
-43.250000 4.546971e-03
-43.000000 4.678776e-03
-42.750000 4.827087e-03
-42.500000 4.990428e-03
-42.250000 5.167163e-03
-42.000000 5.355568e-03
-41.750000 5.553871e-03
-41.500000 5.760302e-03
-41.250000 5.973115e-03
-41.000000 6.190614e-03
-40.750000 6.411160e-03
-40.500000 6.633181e-03
-40.250000 6.855178e-03
-40.000000 7.075719e-03
-39.750000 7.293448e-03
-39.500000 7.507074e-03
-39.250000 7.715376e-03
-39.000000 7.917197e-03
-38.750000 8.111446e-03
-38.500000 8.297091e-03
-38.250000 8.473164e-03
-38.000000 8.638756e-03
-37.750000 8.793016e-03
-37.500000 8.935155e-03
-37.250000 9.064442e-03
-37.000000 9.180207e-03
-36.750000 9.281837e-03
-36.500000 9.368784e-03
-36.250000 9.440560e-03
-36.000000 9.496740e-03
-35.750000 9.536964e-03
-35.500000 9.560938e-03
-35.250000 9.568434e-03
-35.000000 9.559294e-03
-34.750000 9.533432e-03
-34.500000 9.490833e-03
-34.250000 9.431558e-03
-34.000000 9.355746e-03
-33.750000 9.263618e-03
-33.500000 9.155479e-03
-33.250000 9.031719e-03
-33.000000 8.892825e-03
-32.750000 8.739380e-03
-32.500000 8.572070e-03
-32.250000 8.391694e-03
-32.000000 8.199170e-03
-31.750000 7.995548e-03
-31.500000 7.782019e-03
-31.250000 7.559932e-03
-31.000000 7.330810e-03
-30.750000 7.096368e-03
-30.500000 6.858539e-03
-30.250000 6.619492e-03
-30.000000 6.381657e-03
-29.750000 6.147751e-03
-29.500000 5.920789e-03
-29.250000 5.704087e-03
-29.000000 5.501247e-03
-28.750000 5.316099e-03
-28.500000 5.152608e-03
-28.250000 5.014712e-03
-28.000000 4.906112e-03
-27.750000 4.830005e-03
-27.500000 4.788812e-03
-27.250000 4.783935e-03
-27.000000 4.815602e-03
-26.750000 4.882844e-03
-26.500000 4.983603e-03
-26.250000 5.114945e-03
-26.000000 5.273331e-03
-25.750000 5.454881e-03
-25.500000 5.655617e-03
-25.250000 5.871633e-03
-25.000000 6.099215e-03
-24.750000 6.334911e-03
-24.500000 6.575560e-03
-24.250000 6.818300e-03
-24.000000 7.060553e-03
-23.750000 7.300010e-03
-23.500000 7.534608e-03
-23.250000 7.762508e-03
-23.000000 7.982074e-03
-22.750000 8.191857e-03
-22.500000 8.390575e-03
-22.250000 8.577105e-03
-22.000000 8.750468e-03
-21.750000 8.909821e-03
-21.500000 9.054455e-03
-21.250000 9.183781e-03
-21.000000 9.297335e-03
-20.750000 9.394771e-03
-20.500000 9.475859e-03
-20.250000 9.540487e-03
-20.000000 9.588661e-03
-19.750000 9.620503e-03
-19.500000 9.636256e-03
-19.250000 9.636286e-03
-19.000000 9.621084e-03
-18.750000 9.591269e-03
-18.500000 9.547593e-03
-18.250000 9.490944e-03
-18.000000 9.422352e-03
-17.750000 9.342992e-03
-17.500000 9.254190e-03
-17.250000 9.157421e-03
-17.000000 9.054321e-03
-16.750000 8.946675e-03
-16.500000 8.836425e-03
-16.250000 8.725658e-03
-16.000000 8.616593e-03
-15.750000 8.511566e-03
-15.500000 8.413001e-03
-15.250000 8.323375e-03
-15.000000 8.245171e-03
-14.750000 8.180823e-03
-14.500000 8.132649e-03
-14.250000 8.102785e-03
-14.000000 8.093106e-03
-13.750000 8.105164e-03
-13.500000 8.140123e-03
-13.250000 8.198719e-03
-13.000000 8.281232e-03
-12.750000 8.387490e-03
-12.500000 8.516880e-03
-12.250000 8.668395e-03
-12.000000 8.840679e-03
-11.750000 9.032096e-03
-11.500000 9.240790e-03
-11.250000 9.464748e-03
-11.000000 9.701862e-03
-10.750000 9.949975e-03
-10.500000 1.020693e-02
-10.250000 1.047059e-02
-10.000000 1.073888e-02
-9.750000 1.100981e-02
-9.500000 1.128147e-02
-9.250000 1.155203e-02
-9.000000 1.181981e-02
-8.750000 1.208318e-02
-8.500000 1.234068e-02
-8.250000 1.259091e-02
-8.000000 1.283259e-02
-7.750000 1.306458e-02
-7.500000 1.328579e-02
-7.250000 1.349529e-02
-7.000000 1.369220e-02
-6.750000 1.387577e-02
-6.500000 1.404535e-02
-6.250000 1.420038e-02
-6.000000 1.434038e-02
-5.750000 1.446498e-02
-5.500000 1.457390e-02
-5.250000 1.466696e-02
-5.000000 1.474405e-02
-4.750000 1.480515e-02
-4.500000 1.485035e-02
-4.250000 1.487979e-02
-4.000000 1.489373e-02
-3.750000 1.489249e-02
-3.500000 1.487648e-02
-3.250000 1.484618e-02
-3.000000 1.480215e-02
-2.750000 1.474503e-02
-2.500000 1.467553e-02
-2.250000 1.459443e-02
-2.000000 1.450257e-02
-1.750000 1.440086e-02
-1.500000 1.429026e-02
-1.250000 1.417179e-02
-1.000000 1.404651e-02
-0.750000 1.391553e-02
-0.500000 1.377999e-02
-0.250000 1.364105e-02
0.000000 1.349990e-02
0.250000 1.335772e-02
0.500000 1.321572e-02
0.750000 1.307505e-02
1.000000 1.293687e-02
1.250000 1.280227e-02
1.500000 1.267230e-02
1.750000 1.254795e-02
2.000000 1.243011e-02
2.250000 1.231957e-02
2.500000 1.221701e-02
2.750000 1.212301e-02
3.000000 1.203799e-02
3.250000 1.196225e-02
3.500000 1.189592e-02
3.750000 1.183901e-02
4.000000 1.179138e-02
4.250000 1.175272e-02
4.500000 1.172262e-02
4.750000 1.170053e-02
5.000000 1.168578e-02
5.250000 1.167761e-02
5.500000 1.167519e-02
5.750000 1.167758e-02
6.000000 1.168384e-02
6.250000 1.169296e-02
6.500000 1.170392e-02
6.750000 1.171571e-02
7.000000 1.172731e-02
7.250000 1.173772e-02
7.500000 1.174600e-02
7.750000 1.175124e-02
8.000000 1.175256e-02
8.250000 1.174917e-02
8.500000 1.174033e-02
8.750000 1.172537e-02
9.000000 1.170370e-02
9.250000 1.167480e-02
9.500000 1.163822e-02
9.750000 1.159360e-02
10.000000 1.154067e-02
10.250000 1.147921e-02
10.500000 1.140910e-02
10.750000 1.133031e-02
11.000000 1.124287e-02
11.250000 1.114689e-02
11.500000 1.104257e-02
11.750000 1.093017e-02
12.000000 1.081004e-02
12.250000 1.068257e-02
12.500000 1.054826e-02
12.750000 1.040765e-02
13.000000 1.026135e-02
13.250000 1.011004e-02
13.500000 9.954443e-03
13.750000 9.795352e-03
14.000000 9.633600e-03
14.250000 9.470070e-03
14.500000 9.305680e-03
14.750000 9.141384e-03
15.000000 8.978159e-03
15.250000 8.816998e-03
15.500000 8.658901e-03
15.750000 8.504858e-03
16.000000 8.355845e-03
16.250000 8.212799e-03
16.500000 8.076611e-03
16.750000 7.948107e-03
17.000000 7.828029e-03
17.250000 7.717019e-03
17.500000 7.615607e-03
17.750000 7.524191e-03
18.000000 7.443030e-03
18.250000 7.372231e-03
18.500000 7.311748e-03
18.750000 7.261377e-03
19.000000 7.220765e-03
19.250000 7.189411e-03
19.500000 7.166686e-03
19.750000 7.151840e-03
20.000000 7.144025e-03
20.250000 7.142314e-03
20.500000 7.145716e-03
20.750000 7.153203e-03
21.000000 7.163722e-03
21.250000 7.176216e-03
21.500000 7.189639e-03
21.750000 7.202969e-03
22.000000 7.215222e-03
22.250000 7.225456e-03
22.500000 7.232785e-03
22.750000 7.236380e-03
23.000000 7.235474e-03
23.250000 7.229369e-03
23.500000 7.217431e-03
23.750000 7.199098e-03
24.000000 7.173874e-03
24.250000 7.141332e-03
24.500000 7.101114e-03
24.750000 7.052926e-03
25.000000 6.996542e-03
25.250000 6.931795e-03
25.500000 6.858585e-03
25.750000 6.776869e-03
26.000000 6.686663e-03
26.250000 6.588040e-03
26.500000 6.481131e-03
26.750000 6.366118e-03
27.000000 6.243241e-03
27.250000 6.112788e-03
27.500000 5.975105e-03
27.750000 5.830585e-03
28.000000 5.679679e-03
28.250000 5.522888e-03
28.500000 5.360772e-03
28.750000 5.193946e-03
29.000000 5.023087e-03
29.250000 4.848940e-03
29.500000 4.672318e-03
29.750000 4.494113e-03
30.000000 4.315304e-03
30.250000 4.136964e-03
30.500000 3.960272e-03
30.750000 3.786527e-03
31.000000 3.617153e-03
31.250000 3.453711e-03
31.500000 3.297905e-03
31.750000 3.151569e-03
32.000000 3.016648e-03
32.250000 2.895154e-03
32.500000 2.789087e-03
32.750000 2.700331e-03
33.000000 2.630516e-03
33.250000 2.580860e-03
33.500000 2.552033e-03
33.750000 2.544059e-03
34.000000 2.556281e-03
34.250000 2.587419e-03
34.500000 2.635687e-03
34.750000 2.698952e-03
35.000000 2.774903e-03
35.250000 2.861191e-03
35.500000 2.955541e-03
35.750000 3.055825e-03
36.000000 3.160099e-03
36.250000 3.266616e-03
36.500000 3.373829e-03
36.750000 3.480378e-03
37.000000 3.585071e-03
37.250000 3.686870e-03
37.500000 3.784869e-03
37.750000 3.878284e-03
38.000000 3.966435e-03
38.250000 4.048730e-03
38.500000 4.124664e-03
38.750000 4.193798e-03
39.000000 4.255761e-03
39.250000 4.310237e-03
39.500000 4.356963e-03
39.750000 4.395723e-03
40.000000 4.426344e-03
40.250000 4.448692e-03
40.500000 4.462671e-03
40.750000 4.468218e-03
41.000000 4.465302e-03
41.250000 4.453921e-03
41.500000 4.434103e-03
41.750000 4.405901e-03
42.000000 4.369395e-03
42.250000 4.324686e-03
42.500000 4.271900e-03
42.750000 4.211185e-03
43.000000 4.142710e-03
43.250000 4.066662e-03
43.500000 3.983251e-03
43.750000 3.892704e-03
44.000000 3.795268e-03
44.250000 3.691208e-03
44.500000 3.580810e-03
44.750000 3.464377e-03
45.000000 3.342235e-03
45.250000 3.214731e-03
45.500000 3.082235e-03
45.750000 2.945147e-03
46.000000 2.803897e-03
46.250000 2.658955e-03
46.500000 2.510837e-03
46.750000 2.360122e-03
47.000000 2.207470e-03
47.250000 2.053647e-03
47.500000 1.899571e-03
47.750000 1.746367e-03
48.000000 1.595463e-03
48.250000 1.448720e-03
48.500000 1.308630e-03
48.750000 1.178573e-03
49.000000 1.063132e-03
49.250000 9.682699e-04
49.500000 9.010132e-04
49.750000 8.680345e-04
50.000000 8.731740e-04
