-50.000000 6.630125e-04
-49.750000 8.144142e-04
-49.500000 9.148390e-04
-49.250000 9.524099e-04
-49.000000 9.215806e-04
-48.750000 8.244265e-04
-48.500000 6.725959e-04
-48.250000 4.931085e-04
-48.000000 3.513674e-04
-47.750000 3.667696e-04
-47.500000 5.205007e-04
-47.250000 6.932591e-04
-47.000000 8.260476e-04
-46.750000 8.917250e-04
-46.500000 8.771043e-04
-46.250000 7.792676e-04
-46.000000 6.052220e-04
-45.750000 3.749426e-04
-45.500000 1.682500e-04
-45.250000 3.085821e-04
-45.000000 5.897606e-04
-44.750000 8.523153e-04
-44.500000 1.059183e-03
-44.250000 1.187641e-03
-44.000000 1.223302e-03
-43.750000 1.160304e-03
-43.500000 1.001799e-03
-43.250000 7.604441e-04
-43.000000 4.619453e-04
-42.750000 2.007090e-04
-42.500000 3.698185e-04
-42.250000 7.086458e-04
-42.000000 1.028217e-03
-41.750000 1.291646e-03
-41.500000 1.479273e-03
-41.250000 1.580964e-03
-41.000000 1.595954e-03
-40.750000 1.533423e-03
-40.500000 1.413329e-03
-40.250000 1.267635e-03
-40.000000 1.140515e-03
-39.750000 1.080089e-03
-39.500000 1.112296e-03
-39.250000 1.219383e-03
-39.000000 1.357685e-03
-38.750000 1.486527e-03
-38.500000 1.578180e-03
-38.250000 1.616532e-03
-38.000000 1.594103e-03
-37.750000 1.509858e-03
-37.500000 1.367979e-03
-37.250000 1.177649e-03
-37.000000 9.545718e-04
-36.750000 7.269048e-04
-36.500000 5.526191e-04
-36.250000 5.272492e-04
-36.000000 6.641955e-04
-35.750000 8.643295e-04
-35.500000 1.055136e-03
-35.250000 1.200522e-03
-35.000000 1.281127e-03
-34.750000 1.287836e-03
-34.500000 1.220936e-03
-34.250000 1.091395e-03
-34.000000 9.241612e-04
-33.750000 7.646604e-04
-33.500000 6.808334e-04
-33.250000 7.188849e-04
-33.000000 8.394764e-04
-32.750000 9.663386e-04
-32.500000 1.044518e-03
-32.250000 1.043631e-03
-32.000000 9.525943e-04
-31.750000 7.815131e-04
-31.500000 5.815078e-04
-31.250000 5.104037e-04
-31.000000 7.211720e-04
-30.750000 1.082459e-03
-30.500000 1.465474e-03
-30.250000 1.805843e-03
-30.000000 2.062014e-03
-29.750000 2.204995e-03
-29.500000 2.217583e-03
-29.250000 2.095562e-03
-29.000000 1.849495e-03
-28.750000 1.508314e-03
-28.500000 1.131101e-03
-28.250000 8.463904e-04
-28.000000 8.597134e-04
-27.750000 1.150123e-03
-27.500000 1.507148e-03
-27.250000 1.810746e-03
-27.000000 2.005733e-03
-26.750000 2.065494e-03
-26.500000 1.981553e-03
-26.250000 1.760282e-03
-26.000000 1.421086e-03
-25.750000 9.954405e-04
-25.500000 5.335729e-04
-25.250000 2.514041e-04
-25.000000 5.826581e-04
-24.750000 9.943835e-04
-24.500000 1.343377e-03
-24.250000 1.605798e-03
-24.000000 1.781833e-03
-23.750000 1.890860e-03
-23.500000 1.969347e-03
-23.250000 2.062749e-03
-23.000000 2.208372e-03
-22.750000 2.416997e-03
-22.500000 2.668558e-03
-22.250000 2.923750e-03
-22.000000 3.138795e-03
-21.750000 3.274992e-03
-21.500000 3.303193e-03
-21.250000 3.205507e-03
-21.000000 2.975667e-03
-20.750000 2.618641e-03
-20.500000 2.149693e-03
-20.250000 1.593102e-03
-20.000000 9.810837e-04
-19.750000 3.602286e-04
-19.500000 3.153905e-04
-19.250000 8.620386e-04
-19.000000 1.333131e-03
-18.750000 1.684407e-03
-18.500000 1.890768e-03
-18.250000 1.938394e-03
-18.000000 1.827279e-03
-17.750000 1.577179e-03
-17.500000 1.244705e-03
-17.250000 9.783407e-04
-17.000000 1.049034e-03
-16.750000 1.480160e-03
-16.500000 2.040519e-03
-16.250000 2.579073e-03
-16.000000 3.008320e-03
-15.750000 3.266441e-03
-15.500000 3.308156e-03
-15.250000 3.104141e-03
-15.000000 2.642299e-03
-14.750000 1.928984e-03
-14.500000 9.908318e-04
-14.250000 2.033398e-04
-14.000000 1.417928e-03
-13.750000 2.742822e-03
-13.500000 4.064094e-03
-13.250000 5.307866e-03
-13.000000 6.406514e-03
-12.750000 7.303030e-03
-12.500000 7.955553e-03
-12.250000 8.340982e-03
-12.000000 8.457257e-03
-11.750000 8.324048e-03
-11.500000 7.981628e-03
-11.250000 7.487606e-03
-11.000000 6.910943e-03
-10.750000 6.322322e-03
-10.500000 5.780388e-03
-10.250000 5.316060e-03
-10.000000 4.922183e-03
-9.750000 4.557083e-03
-9.500000 4.162040e-03
-9.250000 3.682319e-03
-9.000000 3.081701e-03
-8.750000 2.348428e-03
-8.500000 1.496406e-03
-8.250000 5.812830e-04
-8.000000 5.452253e-04
-7.750000 1.494623e-03
-7.500000 2.408102e-03
-7.250000 3.194431e-03
-7.000000 3.791328e-03
-6.750000 4.146998e-03
-6.500000 4.223633e-03
-6.250000 4.005276e-03
-6.000000 3.515346e-03
-5.750000 2.868031e-03
-5.500000 2.420809e-03
-5.250000 2.813290e-03
-5.000000 4.117040e-03
-4.750000 5.898621e-03
-4.500000 7.868562e-03
-4.250000 9.847802e-03
-4.000000 1.169403e-02
-3.750000 1.328230e-02
-3.500000 1.450486e-02
-3.250000 1.527737e-02
-3.000000 1.554747e-02
-2.750000 1.530459e-02
-2.500000 1.459111e-02
-2.250000 1.351597e-02
-2.000000 1.227145e-02
-1.750000 1.114536e-02
-1.500000 1.048863e-02
-1.250000 1.056830e-02
-1.000000 1.137215e-02
-0.750000 1.262285e-02
-0.500000 1.398054e-02
-0.250000 1.518258e-02
0.000000 1.607918e-02
0.250000 1.663376e-02
0.500000 1.692021e-02
0.750000 1.711487e-02
1.000000 1.746551e-02
1.250000 1.821801e-02
1.500000 1.951479e-02
1.750000 2.132998e-02
2.000000 2.349013e-02
2.250000 2.574821e-02
2.500000 2.785193e-02
2.750000 2.958404e-02
3.000000 3.078140e-02
3.250000 3.134259e-02
3.500000 3.122958e-02
3.750000 3.046538e-02
4.000000 2.912806e-02
4.250000 2.734107e-02
4.500000 2.525952e-02
4.750000 2.305199e-02
5.000000 2.087739e-02
5.250000 1.885835e-02
5.500000 1.705643e-02
5.750000 1.545946e-02
6.000000 1.399096e-02
6.250000 1.254099e-02
6.500000 1.100439e-02
6.750000 9.310837e-03
7.000000 7.440999e-03
7.250000 5.435579e-03
7.500000 3.429956e-03
7.750000 1.934691e-03
8.000000 2.394814e-03
8.250000 4.043423e-03
8.500000 5.729155e-03
8.750000 7.185825e-03
9.000000 8.322344e-03
9.250000 9.102548e-03
9.500000 9.525113e-03
9.750000 9.617432e-03
10.000000 9.431680e-03
10.250000 9.040766e-03
10.500000 8.533153e-03
10.750000 8.004968e-03
11.000000 7.546924e-03
11.250000 7.225076e-03
11.500000 7.061168e-03
11.750000 7.025847e-03
12.000000 7.052388e-03
12.250000 7.061677e-03
12.500000 6.983323e-03
12.750000 6.766777e-03
13.000000 6.384814e-03
13.250000 5.833354e-03
13.500000 5.130195e-03
13.750000 4.314209e-03
14.000000 3.447000e-03
14.250000 2.621698e-03
14.500000 1.985126e-03
14.750000 1.727343e-03
15.000000 1.871985e-03
15.250000 2.182818e-03
15.500000 2.449307e-03
15.750000 2.572644e-03
16.000000 2.519559e-03
16.250000 2.293759e-03
16.500000 1.924617e-03
16.750000 1.463899e-03
17.000000 9.940226e-04
17.250000 6.737278e-04
17.500000 7.086210e-04
17.750000 9.394691e-04
18.000000 1.119596e-03
18.250000 1.155154e-03
18.500000 1.017065e-03
18.750000 7.126395e-04
19.000000 3.388893e-04
19.250000 5.473497e-04
19.500000 1.194609e-03
19.750000 1.906559e-03
20.000000 2.598511e-03
20.250000 3.211667e-03
20.500000 3.697933e-03
20.750000 4.021231e-03
21.000000 4.159777e-03
21.250000 4.107506e-03
21.500000 3.874284e-03
21.750000 3.484885e-03
22.000000 2.976979e-03
22.250000 2.398685e-03
22.500000 1.806935e-03
22.750000 1.269730e-03
23.000000 8.770311e-04
23.250000 7.268695e-04
23.500000 7.780023e-04
23.750000 8.657708e-04
24.000000 9.085659e-04
24.250000 9.170329e-04
24.500000 9.596131e-04
24.750000 1.113875e-03
25.000000 1.395169e-03
25.250000 1.757479e-03
25.500000 2.142702e-03
25.750000 2.502210e-03
26.000000 2.799052e-03
26.250000 3.006999e-03
26.500000 3.109766e-03
26.750000 3.100350e-03
27.000000 2.980243e-03
27.250000 2.758558e-03
27.500000 2.451291e-03
27.750000 2.081229e-03
28.000000 1.679652e-03
28.250000 1.292727e-03
28.500000 9.969115e-04
28.750000 8.980106e-04
29.000000 1.016235e-03
29.250000 1.233860e-03
29.500000 1.443824e-03
29.750000 1.590894e-03
30.000000 1.648930e-03
30.250000 1.608260e-03
30.500000 1.471855e-03
30.750000 1.255432e-03
31.000000 9.915558e-04
31.250000 7.441995e-04
31.500000 6.327993e-04
31.750000 7.374459e-04
32.000000 9.508630e-04
32.250000 1.151207e-03
32.500000 1.275610e-03
32.750000 1.292292e-03
33.000000 1.187001e-03
33.250000 9.590845e-04
33.500000 6.199154e-04
33.750000 1.914355e-04
34.000000 2.959471e-04
34.250000 8.056728e-04
34.500000 1.298567e-03
34.750000 1.736023e-03
35.000000 2.083589e-03
35.250000 2.314297e-03
35.500000 2.411652e-03
35.750000 2.372295e-03
36.000000 2.208730e-03
36.250000 1.953294e-03
36.500000 1.665706e-03
36.750000 1.443007e-03
37.000000 1.399170e-03
37.250000 1.564707e-03
37.500000 1.848488e-03
37.750000 2.140933e-03
38.000000 2.368417e-03
38.250000 2.488969e-03
38.500000 2.482770e-03
38.750000 2.346937e-03
39.000000 2.092507e-03
39.250000 1.742148e-03
39.500000 1.328467e-03
39.750000 8.951402e-04
40.000000 5.155373e-04
40.250000 3.846987e-04
40.500000 5.722656e-04
40.750000 7.911289e-04
41.000000 9.329432e-04
41.250000 9.735036e-04
41.500000 9.124688e-04
41.750000 7.645750e-04
42.000000 5.634843e-04
42.250000 3.933577e-04
42.500000 4.307377e-04
42.750000 6.610958e-04
43.000000 9.319576e-04
43.250000 1.177966e-03
43.500000 1.371285e-03
43.750000 1.498387e-03
44.000000 1.554906e-03
44.250000 1.543782e-03
44.500000 1.473827e-03
44.750000 1.358150e-03
45.000000 1.212433e-03
45.250000 1.053180e-03
45.500000 8.960958e-04
45.750000 7.547179e-04
46.000000 6.392334e-04
46.250000 5.552698e-04
46.500000 5.026748e-04
46.750000 4.752680e-04
47.000000 4.626532e-04
47.250000 4.531426e-04
47.500000 4.359063e-04
47.750000 4.020311e-04
48.000000 3.451681e-04
48.250000 2.621242e-04
48.500000 1.533301e-04
48.750000 2.312872e-05
49.000000 1.212024e-04
49.250000 2.684103e-04
49.500000 4.061640e-04
49.750000 5.212607e-04
50.000000 6.012842e-04
