-50.000000 2.181533e-03
-49.750000 2.397205e-03
-49.500000 2.608129e-03
-49.250000 2.807997e-03
-49.000000 2.991430e-03
-48.750000 3.153869e-03
-48.500000 3.291510e-03
-48.250000 3.401273e-03
-48.000000 3.480802e-03
-47.750000 3.528472e-03
-47.500000 3.543416e-03
-47.250000 3.525547e-03
-47.000000 3.475594e-03
-46.750000 3.395151e-03
-46.500000 3.286728e-03
-46.250000 3.153839e-03
-46.000000 3.001106e-03
-45.750000 2.834406e-03
-45.500000 2.661043e-03
-45.250000 2.489918e-03
-45.000000 2.331558e-03
-44.750000 2.197769e-03
-44.500000 2.100531e-03
-44.250000 2.049875e-03
-44.000000 2.051226e-03
-43.750000 2.103575e-03
-43.500000 2.199835e-03
-43.250000 2.329109e-03
-43.000000 2.479381e-03
-42.750000 2.639391e-03
-42.500000 2.799498e-03
-42.250000 2.951861e-03
-42.000000 3.090313e-03
-41.750000 3.210140e-03
-41.500000 3.307869e-03
-41.250000 3.381095e-03
-41.000000 3.428341e-03
-40.750000 3.448948e-03
-40.500000 3.442986e-03
-40.250000 3.411182e-03
-40.000000 3.354853e-03
-39.750000 3.275851e-03
-39.500000 3.176516e-03
-39.250000 3.059626e-03
-39.000000 2.928366e-03
-38.750000 2.786300e-03
-38.500000 2.637348e-03
-38.250000 2.485776e-03
-38.000000 2.336179e-03
-37.750000 2.193441e-03
-37.500000 2.062651e-03
-37.250000 1.948901e-03
-37.000000 1.856952e-03
-36.750000 1.790714e-03
-36.500000 1.752667e-03
-36.250000 1.743389e-03
-36.000000 1.761448e-03
-35.750000 1.803737e-03
-35.500000 1.866123e-03
-35.250000 1.944128e-03
-35.000000 2.033463e-03
-34.750000 2.130310e-03
-34.500000 2.231424e-03
-34.250000 2.334100e-03
-34.000000 2.436091e-03
-33.750000 2.535505e-03
-33.500000 2.630715e-03
-33.250000 2.720287e-03
-33.000000 2.802919e-03
-32.750000 2.877415e-03
-32.500000 2.942660e-03
-32.250000 2.997622e-03
-32.000000 3.041354e-03
-31.750000 3.073008e-03
-31.500000 3.091852e-03
-31.250000 3.097290e-03
-31.000000 3.088884e-03
-30.750000 3.066368e-03
-30.500000 3.029669e-03
-30.250000 2.978925e-03
-30.000000 2.914494e-03
-29.750000 2.836979e-03
-29.500000 2.747234e-03
-29.250000 2.646394e-03
-29.000000 2.535892e-03
-28.750000 2.417504e-03
-28.500000 2.293386e-03
-28.250000 2.166140e-03
-28.000000 2.038881e-03
-27.750000 1.915308e-03
-27.500000 1.799736e-03
-27.250000 1.697048e-03
-27.000000 1.612447e-03
-26.750000 1.550935e-03
-26.500000 1.516487e-03
-26.250000 1.511121e-03
-26.000000 1.534275e-03
-25.750000 1.582838e-03
-25.500000 1.651822e-03
-25.250000 1.735300e-03
-25.000000 1.827205e-03
-24.750000 1.921833e-03
-24.500000 2.014057e-03
-24.250000 2.099381e-03
-24.000000 2.173918e-03
-23.750000 2.234339e-03
-23.500000 2.277852e-03
-23.250000 2.302191e-03
-23.000000 2.305644e-03
-22.750000 2.287122e-03
-22.500000 2.246269e-03
-22.250000 2.183642e-03
-22.000000 2.100986e-03
-21.750000 2.001647e-03
-21.500000 1.891199e-03
-21.250000 1.778297e-03
-21.000000 1.675674e-03
-20.750000 1.600660e-03
-20.500000 1.573765e-03
-20.250000 1.613757e-03
-20.000000 1.730703e-03
-19.750000 1.922685e-03
-19.500000 2.179045e-03
-19.250000 2.486069e-03
-19.000000 2.830696e-03
-18.750000 3.201718e-03
-18.500000 3.589727e-03
-18.250000 3.986702e-03
-18.000000 4.385620e-03
-17.750000 4.780181e-03
-17.500000 5.164624e-03
-17.250000 5.533630e-03
-17.000000 5.882268e-03
-16.750000 6.205972e-03
-16.500000 6.500543e-03
-16.250000 6.762158e-03
-16.000000 6.987387e-03
-15.750000 7.173212e-03
-15.500000 7.317044e-03
-15.250000 7.416746e-03
-15.000000 7.470642e-03
-14.750000 7.477537e-03
-14.500000 7.436723e-03
-14.250000 7.347994e-03
-14.000000 7.211656e-03
-13.750000 7.028543e-03
-13.500000 6.800043e-03
-13.250000 6.528126e-03
-13.000000 6.215414e-03
-12.750000 5.865267e-03
-12.500000 5.481949e-03
-12.250000 5.070883e-03
-12.000000 4.639089e-03
-11.750000 4.195911e-03
-11.500000 3.754224e-03
-11.250000 3.332358e-03
-11.000000 2.956758e-03
-10.750000 2.664124e-03
-10.500000 2.498311e-03
-10.250000 2.495015e-03
-10.000000 2.660095e-03
-9.750000 2.966207e-03
-9.500000 3.372080e-03
-9.250000 3.840293e-03
-9.000000 4.342711e-03
-8.750000 4.859223e-03
-8.500000 5.375251e-03
-8.250000 5.879805e-03
-8.000000 6.364240e-03
-7.750000 6.821507e-03
-7.500000 7.245725e-03
-7.250000 7.631924e-03
-7.000000 7.975915e-03
-6.750000 8.274215e-03
-6.500000 8.524017e-03
-6.250000 8.723183e-03
-6.000000 8.870251e-03
-5.750000 8.964449e-03
-5.500000 9.005713e-03
-5.250000 8.994701e-03
-5.000000 8.932815e-03
-4.750000 8.822211e-03
-4.500000 8.665809e-03
-4.250000 8.467302e-03
-4.000000 8.231163e-03
-3.750000 7.962639e-03
-3.500000 7.667750e-03
-3.250000 7.353274e-03
-3.000000 7.026713e-03
-2.750000 6.696232e-03
-2.500000 6.370547e-03
-2.250000 6.058723e-03
-2.000000 5.769848e-03
-1.750000 5.512555e-03
-1.500000 5.294358e-03
-1.250000 5.120883e-03
-1.000000 4.995119e-03
-0.750000 4.916909e-03
-0.500000 4.882870e-03
-0.250000 4.886810e-03
0.000000 4.920542e-03
0.250000 4.974857e-03
0.500000 5.040412e-03
0.750000 5.108413e-03
1.000000 5.171028e-03
1.250000 5.221586e-03
1.500000 5.254615e-03
1.750000 5.265788e-03
2.000000 5.251803e-03
2.250000 5.210258e-03
2.500000 5.139511e-03
2.750000 5.038548e-03
3.000000 4.906868e-03
3.250000 4.744379e-03
3.500000 4.551321e-03
3.750000 4.328200e-03
4.000000 4.075764e-03
4.250000 3.795005e-03
4.500000 3.487214e-03
4.750000 3.154128e-03
5.000000 2.798214e-03
5.250000 2.423289e-03
5.500000 2.035891e-03
5.750000 1.648655e-03
6.000000 1.289333e-03
6.250000 1.023015e-03
6.500000 9.673570e-04
6.750000 1.178710e-03
7.000000 1.567860e-03
7.250000 2.044985e-03
7.500000 2.566395e-03
7.750000 3.111328e-03
8.000000 3.667920e-03
8.250000 4.227853e-03
8.500000 4.784316e-03
8.750000 5.331176e-03
9.000000 5.862627e-03
9.250000 6.373053e-03
9.500000 6.856992e-03
9.750000 7.309149e-03
10.000000 7.724439e-03
10.250000 8.098041e-03
10.500000 8.425462e-03
10.750000 8.702598e-03
11.000000 8.925802e-03
11.250000 9.091932e-03
11.500000 9.198410e-03
11.750000 9.243265e-03
12.000000 9.225165e-03
12.250000 9.143444e-03
12.500000 8.998121e-03
12.750000 8.789900e-03
13.000000 8.520172e-03
13.250000 8.190997e-03
13.500000 7.805079e-03
13.750000 7.365739e-03
14.000000 6.876867e-03
14.250000 6.342880e-03
14.500000 5.768667e-03
14.750000 5.159524e-03
15.000000 4.521100e-03
15.250000 3.859322e-03
15.500000 3.180338e-03
15.750000 2.490450e-03
16.000000 1.796077e-03
16.250000 1.103833e-03
16.500000 4.219988e-04
16.750000 2.622980e-04
17.000000 9.071332e-04
17.250000 1.531151e-03
17.500000 2.124547e-03
17.750000 2.681878e-03
18.000000 3.198392e-03
18.250000 3.669833e-03
18.500000 4.092440e-03
18.750000 4.462961e-03
19.000000 4.778674e-03
19.250000 5.037407e-03
19.500000 5.237557e-03
19.750000 5.378097e-03
20.000000 5.458587e-03
20.250000 5.479180e-03
20.500000 5.440622e-03
20.750000 5.344252e-03
21.000000 5.192003e-03
21.250000 4.986397e-03
21.500000 4.730551e-03
21.750000 4.428193e-03
22.000000 4.083695e-03
22.250000 3.702162e-03
22.500000 3.289617e-03
22.750000 2.853413e-03
23.000000 2.403168e-03
23.250000 1.953051e-03
23.500000 1.527711e-03
23.750000 1.177513e-03
24.000000 1.000874e-03
24.250000 1.088464e-03
24.500000 1.384501e-03
24.750000 1.776712e-03
25.000000 2.200633e-03
25.250000 2.626117e-03
25.500000 3.037455e-03
25.750000 3.425106e-03
26.000000 3.782573e-03
26.250000 4.105143e-03
26.500000 4.389341e-03
26.750000 4.632680e-03
27.000000 4.833526e-03
27.250000 4.991036e-03
27.500000 5.105099e-03
27.750000 5.176301e-03
28.000000 5.205880e-03
28.250000 5.195673e-03
28.500000 5.148058e-03
28.750000 5.065883e-03
29.000000 4.952381e-03
29.250000 4.811075e-03
29.500000 4.645676e-03
29.750000 4.459959e-03
30.000000 4.257642e-03
30.250000 4.042257e-03
30.500000 3.817019e-03
30.750000 3.584704e-03
31.000000 3.347545e-03
31.250000 3.107150e-03
31.500000 2.864457e-03
31.750000 2.619736e-03
32.000000 2.372638e-03
32.250000 2.122290e-03
32.500000 1.867433e-03
32.750000 1.606598e-03
33.000000 1.338282e-03
33.250000 1.061134e-03
33.500000 7.741147e-04
33.750000 4.766453e-04
34.000000 1.688623e-04
34.250000 1.502459e-04
34.500000 4.768794e-04
34.750000 8.109449e-04
35.000000 1.149881e-03
35.250000 1.490853e-03
35.500000 1.830622e-03
35.750000 2.165620e-03
36.000000 2.492049e-03
36.250000 2.805976e-03
36.500000 3.103446e-03
36.750000 3.380574e-03
37.000000 3.633654e-03
37.250000 3.859247e-03
37.500000 4.054269e-03
37.750000 4.216074e-03
38.000000 4.342516e-03
38.250000 4.432017e-03
38.500000 4.483607e-03
38.750000 4.496970e-03
39.000000 4.472464e-03
39.250000 4.411144e-03
39.500000 4.314769e-03
39.750000 4.185806e-03
40.000000 4.027429e-03
40.250000 3.843519e-03
40.500000 3.638668e-03
40.750000 3.418189e-03
41.000000 3.188142e-03
41.250000 2.955360e-03
41.500000 2.727465e-03
41.750000 2.512808e-03
42.000000 2.320239e-03
42.250000 2.158510e-03
42.500000 2.035165e-03
42.750000 1.954973e-03
43.000000 1.918452e-03
43.250000 1.921382e-03
43.500000 1.955775e-03
43.750000 2.011813e-03
44.000000 2.079748e-03
44.250000 2.151127e-03
44.500000 2.219290e-03
44.750000 2.279385e-03
45.000000 2.328171e-03
45.250000 2.363742e-03
45.500000 2.385257e-03
45.750000 2.392695e-03
46.000000 2.386627e-03
46.250000 2.368018e-03
46.500000 2.338049e-03
46.750000 2.297953e-03
47.000000 2.248882e-03
47.250000 2.191799e-03
47.500000 2.127408e-03
47.750000 2.056133e-03
48.000000 1.978135e-03
48.250000 1.893390e-03
48.500000 1.801813e-03
48.750000 1.703432e-03
49.000000 1.598618e-03
49.250000 1.488376e-03
49.500000 1.374730e-03
49.750000 1.261227e-03
50.000000 1.153574e-03
