-50.000000 1.264757e-01
-49.750000 1.276471e-01
-49.500000 1.286242e-01
-49.250000 1.294039e-01
-49.000000 1.299828e-01
-48.750000 1.303582e-01
-48.500000 1.305273e-01
-48.250000 1.304880e-01
-48.000000 1.302382e-01
-47.750000 1.297760e-01
-47.500000 1.291002e-01
-47.250000 1.282095e-01
-47.000000 1.271031e-01
-46.750000 1.257804e-01
-46.500000 1.242413e-01
-46.250000 1.224859e-01
-46.000000 1.205145e-01
-45.750000 1.183280e-01
-45.500000 1.159273e-01
-45.250000 1.133140e-01
-45.000000 1.104896e-01
-44.750000 1.074563e-01
-44.500000 1.042164e-01
-44.250000 1.007726e-01
-44.000000 9.712790e-02
-43.750000 9.328573e-02
-43.500000 8.924973e-02
-43.250000 8.502389e-02
-43.000000 8.061252e-02
-42.750000 7.602026e-02
-42.500000 7.125205e-02
-42.250000 6.631315e-02
-42.000000 6.120913e-02
-41.750000 5.594585e-02
-41.500000 5.052949e-02
-41.250000 4.496652e-02
-41.000000 3.926373e-02
-40.750000 3.342821e-02
-40.500000 2.746743e-02
-40.250000 2.138935e-02
-40.000000 1.520292e-02
-39.750000 8.920617e-03
-39.500000 2.599651e-03
-39.250000 4.026230e-03
-39.000000 1.053925e-02
-38.750000 1.714845e-02
-38.500000 2.382128e-02
-38.250000 3.054527e-02
-38.000000 3.731000e-02
-37.750000 4.410543e-02
-37.500000 5.092153e-02
-37.250000 5.774823e-02
-37.000000 6.457532e-02
-36.750000 7.139253e-02
-36.500000 7.818944e-02
-36.250000 8.495558e-02
-36.000000 9.168036e-02
-35.750000 9.835314e-02
-35.500000 1.049632e-01
-35.250000 1.114998e-01
-35.000000 1.179521e-01
-34.750000 1.243093e-01
-34.500000 1.305606e-01
-34.250000 1.366952e-01
-34.000000 1.427022e-01
-33.750000 1.485708e-01
-33.500000 1.542904e-01
-33.250000 1.598502e-01
-33.000000 1.652397e-01
-32.750000 1.704483e-01
-32.500000 1.754655e-01
-32.250000 1.802812e-01
-32.000000 1.848851e-01
-31.750000 1.892671e-01
-31.500000 1.934174e-01
-31.250000 1.973263e-01
-31.000000 2.009841e-01
-30.750000 2.043816e-01
-30.500000 2.075096e-01
-30.250000 2.103592e-01
-30.000000 2.129216e-01
-29.750000 2.151885e-01
-29.500000 2.171516e-01
-29.250000 2.188030e-01
-29.000000 2.201351e-01
-28.750000 2.211404e-01
-28.500000 2.218120e-01
-28.250000 2.221431e-01
-28.000000 2.221273e-01
-27.750000 2.217584e-01
-27.500000 2.210308e-01
-27.250000 2.199390e-01
-27.000000 2.184781e-01
-26.750000 2.166432e-01
-26.500000 2.144302e-01
-26.250000 2.118352e-01
-26.000000 2.088546e-01
-25.750000 2.054854e-01
-25.500000 2.017248e-01
-25.250000 1.975705e-01
-25.000000 1.930207e-01
-24.750000 1.880740e-01
-24.500000 1.827292e-01
-24.250000 1.769859e-01
-24.000000 1.708439e-01
-23.750000 1.643033e-01
-23.500000 1.573651e-01
-23.250000 1.500303e-01
-23.000000 1.423006e-01
-22.750000 1.341779e-01
-22.500000 1.256649e-01
-22.250000 1.167645e-01
-22.000000 1.074801e-01
-21.750000 9.781542e-02
-21.500000 8.777488e-02
-21.250000 7.736316e-02
-21.000000 6.658543e-02
-20.750000 5.544728e-02
-20.500000 4.395477e-02
-20.250000 3.211436e-02
-20.000000 1.993302e-02
-19.750000 7.418665e-03
-19.500000 5.426405e-03
-19.250000 1.858424e-02
-19.000000 3.205277e-02
-18.750000 4.582200e-02
-18.500000 5.988256e-02
-18.250000 7.422475e-02
-18.000000 8.883855e-02
-17.750000 1.037136e-01
-17.500000 1.188391e-01
-17.250000 1.342041e-01
-17.000000 1.497972e-01
-16.750000 1.656066e-01
-16.500000 1.816204e-01
-16.250000 1.978263e-01
-16.000000 2.142117e-01
-15.750000 2.307638e-01
-15.500000 2.474694e-01
-15.250000 2.643153e-01
-15.000000 2.812879e-01
-14.750000 2.983734e-01
-14.500000 3.155578e-01
-14.250000 3.328271e-01
-14.000000 3.501668e-01
-13.750000 3.675625e-01
-13.500000 3.849995e-01
-13.250000 4.024632e-01
-13.000000 4.199387e-01
-12.750000 4.374110e-01
-12.500000 4.548651e-01
-12.250000 4.722859e-01
-12.000000 4.896583e-01
-11.750000 5.069672e-01
-11.500000 5.241973e-01
-11.250000 5.413335e-01
-11.000000 5.583607e-01
-10.750000 5.752637e-01
-10.500000 5.920275e-01
-10.250000 6.086372e-01
-10.000000 6.250777e-01
-9.750000 6.413343e-01
-9.500000 6.573924e-01
-9.250000 6.732374e-01
-9.000000 6.888548e-01
-8.750000 7.042305e-01
-8.500000 7.193505e-01
-8.250000 7.342008e-01
-8.000000 7.487678e-01
-7.750000 7.630382e-01
-7.500000 7.769987e-01
-7.250000 7.906365e-01
-7.000000 8.039390e-01
-6.750000 8.168936e-01
-6.500000 8.294886e-01
-6.250000 8.417120e-01
-6.000000 8.535525e-01
-5.750000 8.649990e-01
-5.500000 8.760408e-01
-5.250000 8.866675e-01
-5.000000 8.968692e-01
-4.750000 9.066363e-01
-4.500000 9.159595e-01
-4.250000 9.248301e-01
-4.000000 9.332396e-01
-3.750000 9.411803e-01
-3.500000 9.486445e-01
-3.250000 9.556252e-01
-3.000000 9.621157e-01
-2.750000 9.681099e-01
-2.500000 9.736022e-01
-2.250000 9.785873e-01
-2.000000 9.830604e-01
-1.750000 9.870174e-01
-1.500000 9.904544e-01
-1.250000 9.933682e-01
-1.000000 9.957560e-01
-0.750000 9.976156e-01
-0.500000 9.989451e-01
-0.250000 9.997433e-01
0.000000 1.000009e+00
0.250000 9.997433e-01
0.500000 9.989451e-01
0.750000 9.976156e-01
1.000000 9.957560e-01
1.250000 9.933682e-01
1.500000 9.904544e-01
1.750000 9.870174e-01
2.000000 9.830604e-01
2.250000 9.785873e-01
2.500000 9.736022e-01
2.750000 9.681099e-01
3.000000 9.621157e-01
3.250000 9.556252e-01
3.500000 9.486445e-01
3.750000 9.411803e-01
4.000000 9.332396e-01
4.250000 9.248301e-01
4.500000 9.159595e-01
4.750000 9.066363e-01
5.000000 8.968692e-01
5.250000 8.866675e-01
5.500000 8.760408e-01
5.750000 8.649990e-01
6.000000 8.535525e-01
6.250000 8.417120e-01
6.500000 8.294886e-01
6.750000 8.168936e-01
7.000000 8.039390e-01
7.250000 7.906365e-01
7.500000 7.769987e-01
7.750000 7.630382e-01
8.000000 7.487678e-01
8.250000 7.342008e-01
8.500000 7.193505e-01
8.750000 7.042305e-01
9.000000 6.888548e-01
9.250000 6.732374e-01
9.500000 6.573924e-01
9.750000 6.413343e-01
10.000000 6.250777e-01
10.250000 6.086372e-01
10.500000 5.920275e-01
10.750000 5.752637e-01
11.000000 5.583607e-01
11.250000 5.413335e-01
11.500000 5.241973e-01
11.750000 5.069672e-01
12.000000 4.896583e-01
12.250000 4.722859e-01
12.500000 4.548651e-01
12.750000 4.374110e-01
13.000000 4.199387e-01
13.250000 4.024632e-01
13.500000 3.849995e-01
13.750000 3.675625e-01
14.000000 3.501668e-01
14.250000 3.328271e-01
14.500000 3.155578e-01
14.750000 2.983734e-01
15.000000 2.812879e-01
15.250000 2.643153e-01
15.500000 2.474694e-01
15.750000 2.307638e-01
16.000000 2.142117e-01
16.250000 1.978263e-01
16.500000 1.816204e-01
16.750000 1.656066e-01
17.000000 1.497972e-01
17.250000 1.342041e-01
17.500000 1.188391e-01
17.750000 1.037136e-01
18.000000 8.883855e-02
18.250000 7.422475e-02
18.500000 5.988256e-02
18.750000 4.582200e-02
19.000000 3.205277e-02
19.250000 1.858424e-02
19.500000 5.426405e-03
19.750000 7.418665e-03
20.000000 1.993302e-02
20.250000 3.211436e-02
20.500000 4.395477e-02
20.750000 5.544728e-02
21.000000 6.658543e-02
21.250000 7.736316e-02
21.500000 8.777488e-02
21.750000 9.781542e-02
22.000000 1.074801e-01
22.250000 1.167645e-01
22.500000 1.256649e-01
22.750000 1.341779e-01
23.000000 1.423006e-01
23.250000 1.500303e-01
23.500000 1.573651e-01
23.750000 1.643033e-01
24.000000 1.708439e-01
24.250000 1.769859e-01
24.500000 1.827292e-01
24.750000 1.880740e-01
25.000000 1.930207e-01
25.250000 1.975705e-01
25.500000 2.017248e-01
25.750000 2.054854e-01
26.000000 2.088546e-01
26.250000 2.118352e-01
26.500000 2.144302e-01
26.750000 2.166432e-01
27.000000 2.184781e-01
27.250000 2.199390e-01
27.500000 2.210308e-01
27.750000 2.217584e-01
28.000000 2.221273e-01
28.250000 2.221431e-01
28.500000 2.218120e-01
28.750000 2.211404e-01
29.000000 2.201351e-01
29.250000 2.188030e-01
29.500000 2.171516e-01
29.750000 2.151885e-01
30.000000 2.129216e-01
30.250000 2.103592e-01
30.500000 2.075096e-01
30.750000 2.043816e-01
31.000000 2.009841e-01
31.250000 1.973263e-01
31.500000 1.934174e-01
31.750000 1.892671e-01
32.000000 1.848851e-01
32.250000 1.802812e-01
32.500000 1.754655e-01
32.750000 1.704483e-01
33.000000 1.652397e-01
33.250000 1.598502e-01
33.500000 1.542904e-01
33.750000 1.485708e-01
34.000000 1.427022e-01
34.250000 1.366952e-01
34.500000 1.305606e-01
34.750000 1.243093e-01
35.000000 1.179521e-01
35.250000 1.114998e-01
35.500000 1.049632e-01
35.750000 9.835314e-02
36.000000 9.168036e-02
36.250000 8.495558e-02
36.500000 7.818944e-02
36.750000 7.139253e-02
37.000000 6.457532e-02
37.250000 5.774823e-02
37.500000 5.092153e-02
37.750000 4.410543e-02
38.000000 3.731000e-02
38.250000 3.054527e-02
38.500000 2.382128e-02
38.750000 1.714845e-02
39.000000 1.053925e-02
39.250000 4.026230e-03
39.500000 2.599651e-03
39.750000 8.920617e-03
40.000000 1.520292e-02
40.250000 2.138935e-02
40.500000 2.746743e-02
40.750000 3.342821e-02
41.000000 3.926373e-02
41.250000 4.496652e-02
41.500000 5.052949e-02
41.750000 5.594585e-02
42.000000 6.120913e-02
42.250000 6.631315e-02
42.500000 7.125205e-02
42.750000 7.602026e-02
43.000000 8.061252e-02
43.250000 8.502389e-02
43.500000 8.924973e-02
43.750000 9.328573e-02
44.000000 9.712790e-02
44.250000 1.007726e-01
44.500000 1.042164e-01
44.750000 1.074563e-01
45.000000 1.104896e-01
45.250000 1.133140e-01
45.500000 1.159273e-01
45.750000 1.183280e-01
46.000000 1.205145e-01
46.250000 1.224859e-01
46.500000 1.242413e-01
46.750000 1.257804e-01
47.000000 1.271031e-01
47.250000 1.282095e-01
47.500000 1.291002e-01
47.750000 1.297760e-01
48.000000 1.302382e-01
48.250000 1.304880e-01
48.500000 1.305273e-01
48.750000 1.303582e-01
49.000000 1.299828e-01
49.250000 1.294039e-01
49.500000 1.286242e-01
49.750000 1.276471e-01
50.000000 1.264757e-01
