-50.000000 2.088008e-03
-49.750000 2.225492e-03
-49.500000 2.364161e-03
-49.250000 2.503860e-03
-49.000000 2.644458e-03
-48.750000 2.785814e-03
-48.500000 2.927750e-03
-48.250000 3.070024e-03
-48.000000 3.212328e-03
-47.750000 3.354273e-03
-47.500000 3.495391e-03
-47.250000 3.635138e-03
-47.000000 3.772898e-03
-46.750000 3.907991e-03
-46.500000 4.039685e-03
-46.250000 4.167208e-03
-46.000000 4.289757e-03
-45.750000 4.406516e-03
-45.500000 4.516667e-03
-45.250000 4.619404e-03
-45.000000 4.713946e-03
-44.750000 4.799549e-03
-44.500000 4.875521e-03
-44.250000 4.941231e-03
-44.000000 4.996123e-03
-43.750000 5.039723e-03
-43.500000 5.071652e-03
-43.250000 5.091633e-03
-43.000000 5.099502e-03
-42.750000 5.095214e-03
-42.500000 5.078850e-03
-42.250000 5.050627e-03
-42.000000 5.010901e-03
-41.750000 4.960175e-03
-41.500000 4.899105e-03
-41.250000 4.828504e-03
-41.000000 4.749344e-03
-40.750000 4.662766e-03
-40.500000 4.570075e-03
-40.250000 4.472745e-03
-40.000000 4.372412e-03
-39.750000 4.270867e-03
-39.500000 4.170044e-03
-39.250000 4.071989e-03
-39.000000 3.978834e-03
-38.750000 3.892737e-03
-38.500000 3.815826e-03
-38.250000 3.750113e-03
-38.000000 3.697406e-03
-37.750000 3.659211e-03
-37.500000 3.636648e-03
-37.250000 3.630379e-03
-37.000000 3.640573e-03
-36.750000 3.666903e-03
-36.500000 3.708591e-03
-36.250000 3.764481e-03
-36.000000 3.833129e-03
-35.750000 3.912908e-03
-35.500000 4.002110e-03
-35.250000 4.099030e-03
-35.000000 4.202036e-03
-34.750000 4.309625e-03
-34.500000 4.420455e-03
-34.250000 4.533369e-03
-34.000000 4.647406e-03
-33.750000 4.761798e-03
-33.500000 4.875967e-03
-33.250000 4.989514e-03
-33.000000 5.102203e-03
-32.750000 5.213943e-03
-32.500000 5.324767e-03
-32.250000 5.434813e-03
-32.000000 5.544298e-03
-31.750000 5.653493e-03
-31.500000 5.762702e-03
-31.250000 5.872234e-03
-31.000000 5.982382e-03
-30.750000 6.093402e-03
-30.500000 6.205491e-03
-30.250000 6.318772e-03
-30.000000 6.433281e-03
-29.750000 6.548957e-03
-29.500000 6.665635e-03
-29.250000 6.783048e-03
-29.000000 6.900826e-03
-28.750000 7.018502e-03
-28.500000 7.135523e-03
-28.250000 7.251260e-03
-28.000000 7.365023e-03
-27.750000 7.476078e-03
-27.500000 7.583657e-03
-27.250000 7.686986e-03
-27.000000 7.785291e-03
-26.750000 7.877824e-03
-26.500000 7.963875e-03
-26.250000 8.042790e-03
-26.000000 8.113984e-03
-25.750000 8.176956e-03
-25.500000 8.231301e-03
-25.250000 8.276722e-03
-25.000000 8.313039e-03
-24.750000 8.340197e-03
-24.500000 8.358275e-03
-24.250000 8.367486e-03
-24.000000 8.368185e-03
-23.750000 8.360869e-03
-23.500000 8.346173e-03
-23.250000 8.324870e-03
-23.000000 8.297862e-03
-22.750000 8.266172e-03
-22.500000 8.230931e-03
-22.250000 8.193365e-03
-22.000000 8.154768e-03
-21.750000 8.116486e-03
-21.500000 8.079886e-03
-21.250000 8.046326e-03
-21.000000 8.017122e-03
-20.750000 7.993515e-03
-20.500000 7.976632e-03
-20.250000 7.967457e-03
-20.000000 7.966797e-03
-19.750000 7.975253e-03
-19.500000 7.993208e-03
-19.250000 8.020806e-03
-19.000000 8.057953e-03
-18.750000 8.104322e-03
-18.500000 8.159363e-03
-18.250000 8.222326e-03
-18.000000 8.292284e-03
-17.750000 8.368164e-03
-17.500000 8.448782e-03
-17.250000 8.532871e-03
-17.000000 8.619116e-03
-16.750000 8.706185e-03
-16.500000 8.792753e-03
-16.250000 8.877531e-03
-16.000000 8.959285e-03
-15.750000 9.036853e-03
-15.500000 9.109163e-03
-15.250000 9.175240e-03
-15.000000 9.234219e-03
-14.750000 9.285351e-03
-14.500000 9.328008e-03
-14.250000 9.361685e-03
-14.000000 9.386003e-03
-13.750000 9.400712e-03
-13.500000 9.405687e-03
-13.250000 9.400932e-03
-13.000000 9.386576e-03
-12.750000 9.362876e-03
-12.500000 9.330212e-03
-12.250000 9.289087e-03
-12.000000 9.240128e-03
-11.750000 9.184086e-03
-11.500000 9.121829e-03
-11.250000 9.054351e-03
-11.000000 8.982759e-03
-10.750000 8.908283e-03
-10.500000 8.832265e-03
-10.250000 8.756154e-03
-10.000000 8.681508e-03
-9.750000 8.609972e-03
-9.500000 8.543276e-03
-9.250000 8.483208e-03
-9.000000 8.431596e-03
-8.750000 8.390279e-03
-8.500000 8.361070e-03
-8.250000 8.345720e-03
-8.000000 8.345874e-03
-7.750000 8.363025e-03
-7.500000 8.398474e-03
-7.250000 8.453283e-03
-7.000000 8.528244e-03
-6.750000 8.623852e-03
-6.500000 8.740293e-03
-6.250000 8.877432e-03
-6.000000 9.034828e-03
-5.750000 9.211749e-03
-5.500000 9.407195e-03
-5.250000 9.619932e-03
-5.000000 9.848521e-03
-4.750000 1.009136e-02
-4.500000 1.034671e-02
-4.250000 1.061273e-02
-4.000000 1.088751e-02
-3.750000 1.116909e-02
-3.500000 1.145548e-02
-3.250000 1.174469e-02
-3.000000 1.203473e-02
-2.750000 1.232363e-02
-2.500000 1.260945e-02
-2.250000 1.289031e-02
-2.000000 1.316436e-02
-1.750000 1.342982e-02
-1.500000 1.368497e-02
-1.250000 1.392818e-02
-1.000000 1.415787e-02
-0.750000 1.437256e-02
-0.500000 1.457088e-02
-0.250000 1.475153e-02
0.000000 1.491331e-02
0.250000 1.505516e-02
0.500000 1.517610e-02
0.750000 1.527529e-02
1.000000 1.535198e-02
1.250000 1.540559e-02
1.500000 1.543563e-02
1.750000 1.544175e-02
2.000000 1.542375e-02
2.250000 1.538153e-02
2.500000 1.531516e-02
2.750000 1.522483e-02
3.000000 1.511086e-02
3.250000 1.497370e-02
3.500000 1.481395e-02
3.750000 1.463232e-02
4.000000 1.442965e-02
4.250000 1.420690e-02
4.500000 1.396516e-02
4.750000 1.370561e-02
5.000000 1.342955e-02
5.250000 1.313837e-02
5.500000 1.283356e-02
5.750000 1.251669e-02
6.000000 1.218941e-02
6.250000 1.185343e-02
6.500000 1.151053e-02
6.750000 1.116253e-02
7.000000 1.081130e-02
7.250000 1.045874e-02
7.500000 1.010674e-02
7.750000 9.757238e-03
8.000000 9.412138e-03
8.250000 9.073329e-03
8.500000 8.742660e-03
8.750000 8.421927e-03
9.000000 8.112849e-03
9.250000 7.817048e-03
9.500000 7.536025e-03
9.750000 7.271136e-03
10.000000 7.023563e-03
10.250000 6.794294e-03
10.500000 6.584094e-03
10.750000 6.393489e-03
11.000000 6.222748e-03
11.250000 6.071885e-03
11.500000 5.940656e-03
11.750000 5.828578e-03
12.000000 5.734955e-03
12.250000 5.658911e-03
12.500000 5.599432e-03
12.750000 5.555407e-03
13.000000 5.525679e-03
13.250000 5.509076e-03
13.500000 5.504454e-03
13.750000 5.510717e-03
14.000000 5.526840e-03
14.250000 5.551874e-03
14.500000 5.584952e-03
14.750000 5.625280e-03
15.000000 5.672131e-03
15.250000 5.724831e-03
15.500000 5.782741e-03
15.750000 5.845246e-03
16.000000 5.911740e-03
16.250000 5.981608e-03
16.500000 6.054223e-03
16.750000 6.128930e-03
17.000000 6.205047e-03
17.250000 6.281860e-03
17.500000 6.358624e-03
17.750000 6.434566e-03
18.000000 6.508892e-03
18.250000 6.580791e-03
18.500000 6.649444e-03
18.750000 6.714036e-03
19.000000 6.773761e-03
19.250000 6.827839e-03
19.500000 6.875517e-03
19.750000 6.916087e-03
20.000000 6.948893e-03
20.250000 6.973336e-03
20.500000 6.988889e-03
20.750000 6.995098e-03
21.000000 6.991593e-03
21.250000 6.978094e-03
21.500000 6.954415e-03
21.750000 6.920470e-03
22.000000 6.876276e-03
22.250000 6.821959e-03
22.500000 6.757756e-03
22.750000 6.684018e-03
23.000000 6.601212e-03
23.250000 6.509926e-03
23.500000 6.410868e-03
23.750000 6.304870e-03
24.000000 6.192887e-03
24.250000 6.076001e-03
24.500000 5.955418e-03
24.750000 5.832466e-03
25.000000 5.708595e-03
25.250000 5.585367e-03
25.500000 5.464446e-03
25.750000 5.347584e-03
26.000000 5.236596e-03
26.250000 5.133332e-03
26.500000 5.039635e-03
26.750000 4.957292e-03
27.000000 4.887981e-03
27.250000 4.833203e-03
27.500000 4.794224e-03
27.750000 4.772013e-03
28.000000 4.767198e-03
28.250000 4.780033e-03
28.500000 4.810391e-03
28.750000 4.857781e-03
29.000000 4.921379e-03
29.250000 5.000084e-03
29.500000 5.092573e-03
29.750000 5.197367e-03
30.000000 5.312893e-03
30.250000 5.437533e-03
30.500000 5.569671e-03
30.750000 5.707726e-03
31.000000 5.850174e-03
31.250000 5.995570e-03
31.500000 6.142550e-03
31.750000 6.289842e-03
32.000000 6.436259e-03
32.250000 6.580703e-03
32.500000 6.722155e-03
32.750000 6.859676e-03
33.000000 6.992397e-03
33.250000 7.119512e-03
33.500000 7.240280e-03
33.750000 7.354011e-03
34.000000 7.460070e-03
34.250000 7.557868e-03
34.500000 7.646862e-03
34.750000 7.726549e-03
35.000000 7.796468e-03
35.250000 7.856199e-03
35.500000 7.905359e-03
35.750000 7.943605e-03
36.000000 7.970632e-03
36.250000 7.986174e-03
36.500000 7.990008e-03
36.750000 7.981949e-03
37.000000 7.961859e-03
37.250000 7.929641e-03
37.500000 7.885246e-03
37.750000 7.828671e-03
38.000000 7.759961e-03
38.250000 7.679214e-03
38.500000 7.586578e-03
38.750000 7.482253e-03
39.000000 7.366493e-03
39.250000 7.239607e-03
39.500000 7.101960e-03
39.750000 6.953972e-03
40.000000 6.796118e-03
40.250000 6.628931e-03
40.500000 6.452999e-03
40.750000 6.268969e-03
41.000000 6.077540e-03
41.250000 5.879472e-03
41.500000 5.675579e-03
41.750000 5.466732e-03
42.000000 5.253861e-03
42.250000 5.037952e-03
42.500000 4.820054e-03
42.750000 4.601277e-03
43.000000 4.382797e-03
43.250000 4.165857e-03
43.500000 3.951774e-03
43.750000 3.741940e-03
44.000000 3.537825e-03
44.250000 3.340979e-03
44.500000 3.153022e-03
44.750000 2.975635e-03
45.000000 2.810530e-03
45.250000 2.659403e-03
45.500000 2.523861e-03
45.750000 2.405325e-03
46.000000 2.304903e-03
46.250000 2.223255e-03
46.500000 2.160478e-03
46.750000 2.116022e-03
47.000000 2.088689e-03
47.250000 2.076706e-03
47.500000 2.077864e-03
47.750000 2.089696e-03
48.000000 2.109654e-03
48.250000 2.135254e-03
48.500000 2.164190e-03
48.750000 2.194392e-03
49.000000 2.224062e-03
49.250000 2.251671e-03
49.500000 2.275957e-03
49.750000 2.295895e-03
50.000000 2.310680e-03
