-50.000000 1.958387e-02
-49.750000 1.840812e-02
-49.500000 1.584865e-02
-49.250000 1.254339e-02
-49.000000 9.898414e-03
-48.750000 1.000537e-02
-48.500000 1.284791e-02
-48.250000 1.635119e-02
-48.000000 1.910621e-02
-47.750000 2.043288e-02
-47.500000 2.007359e-02
-47.250000 1.811476e-02
-47.000000 1.502921e-02
-46.750000 1.187977e-02
-46.500000 1.057084e-02
-46.250000 1.232516e-02
-46.000000 1.567520e-02
-45.750000 1.880643e-02
-45.500000 2.072923e-02
-45.250000 2.100041e-02
-45.000000 1.956217e-02
-44.750000 1.673381e-02
-44.500000 1.334030e-02
-44.250000 1.102976e-02
-44.000000 1.169699e-02
-43.750000 1.477902e-02
-43.500000 1.823964e-02
-43.250000 2.077823e-02
-43.000000 2.178261e-02
-42.750000 2.108679e-02
-42.500000 1.891946e-02
-42.250000 1.597078e-02
-42.000000 1.354966e-02
-41.750000 1.329164e-02
-41.500000 1.542661e-02
-41.250000 1.843619e-02
-41.000000 2.087401e-02
-40.750000 2.192931e-02
-40.500000 2.129660e-02
-40.250000 1.911183e-02
-40.000000 1.602509e-02
-39.750000 1.342986e-02
-39.500000 1.326705e-02
-39.250000 1.590221e-02
-39.000000 1.958697e-02
-38.750000 2.270342e-02
-38.500000 2.434453e-02
-38.250000 2.412196e-02
-38.000000 2.208486e-02
-37.750000 1.877059e-02
-37.500000 1.541443e-02
-37.250000 1.408113e-02
-37.000000 1.602950e-02
-36.750000 1.981446e-02
-36.500000 2.341774e-02
-36.250000 2.560497e-02
-36.000000 2.577397e-02
-35.750000 2.380244e-02
-35.500000 2.005691e-02
-35.250000 1.561338e-02
-35.000000 1.285823e-02
-34.750000 1.450907e-02
-34.500000 1.927572e-02
-34.250000 2.429814e-02
-34.000000 2.795983e-02
-33.750000 2.947648e-02
-33.500000 2.858120e-02
-33.250000 2.547823e-02
-33.000000 2.094442e-02
-32.750000 1.667272e-02
-32.500000 1.547736e-02
-32.250000 1.854755e-02
-32.000000 2.345492e-02
-31.750000 2.777590e-02
-31.500000 3.022139e-02
-31.250000 3.022956e-02
-31.000000 2.778576e-02
-30.750000 2.344815e-02
-30.500000 1.860334e-02
-30.250000 1.594971e-02
-30.000000 1.793426e-02
-29.750000 2.294167e-02
-29.500000 2.804174e-02
-29.250000 3.152196e-02
-29.000000 3.257433e-02
-28.750000 3.100523e-02
-28.500000 2.720422e-02
-28.250000 2.230529e-02
-28.000000 1.857977e-02
-27.750000 1.888723e-02
-27.500000 2.311333e-02
-27.250000 2.838652e-02
-27.000000 3.249431e-02
-26.750000 3.429368e-02
-26.500000 3.337759e-02
-26.250000 2.998532e-02
-26.000000 2.512763e-02
-25.750000 2.095721e-02
-25.500000 2.054177e-02
-25.250000 2.457918e-02
-25.000000 3.035109e-02
-24.750000 3.528721e-02
-24.500000 3.794785e-02
-24.250000 3.771926e-02
-24.000000 3.468869e-02
-23.750000 2.973924e-02
-23.500000 2.488518e-02
-23.250000 2.333444e-02
-23.000000 2.678398e-02
-22.750000 3.294962e-02
-22.500000 3.879701e-02
-22.250000 4.242317e-02
-22.000000 4.287516e-02
-21.750000 3.995399e-02
-21.500000 3.424019e-02
-21.250000 2.739894e-02
-21.000000 2.288260e-02
-20.750000 2.462933e-02
-20.500000 3.135836e-02
-20.250000 3.881933e-02
-20.000000 4.426759e-02
-19.750000 4.633851e-02
-19.500000 4.458930e-02
-19.250000 3.945072e-02
-19.000000 3.250588e-02
-18.750000 2.720292e-02
-18.500000 2.815395e-02
-18.250000 3.531751e-02
-18.000000 4.424827e-02
-17.750000 5.150092e-02
-17.500000 5.518464e-02
-17.250000 5.444598e-02
-17.000000 4.933390e-02
-16.750000 4.096010e-02
-16.500000 3.216145e-02
-16.250000 2.855909e-02
-16.000000 3.419717e-02
-15.750000 4.479003e-02
-15.500000 5.499808e-02
-15.250000 6.191667e-02
-15.000000 6.416503e-02
-14.750000 6.146380e-02
-14.500000 5.467890e-02
-14.250000 4.620334e-02
-14.000000 4.052153e-02
-13.750000 4.240806e-02
-13.500000 5.110165e-02
-13.250000 6.155122e-02
-13.000000 6.965706e-02
-12.750000 7.310236e-02
-12.500000 7.096886e-02
-12.250000 6.367587e-02
-12.000000 5.334736e-02
-11.750000 4.476442e-02
-11.500000 4.482211e-02
-11.250000 5.478400e-02
-11.000000 6.846097e-02
-10.750000 8.021626e-02
-10.500000 8.679755e-02
-10.250000 8.667125e-02
-10.000000 7.983586e-02
-9.750000 6.816470e-02
-9.500000 5.648489e-02
-9.250000 5.329711e-02
-9.000000 6.340007e-02
-8.750000 8.062847e-02
-8.500000 9.717300e-02
-8.250000 1.082092e-01
-8.000000 1.112270e-01
-7.750000 1.057185e-01
-7.500000 9.365760e-02
-7.250000 8.091415e-02
-7.000000 7.816374e-02
-6.750000 9.260294e-02
-6.500000 1.181812e-01
-6.250000 1.449190e-01
-6.000000 1.656175e-01
-5.750000 1.756693e-01
-5.500000 1.726378e-01
-5.250000 1.565638e-01
-5.000000 1.312227e-01
-4.750000 1.076371e-01
-4.500000 1.069313e-01
-4.250000 1.385200e-01
-4.000000 1.860255e-01
-3.750000 2.332436e-01
-3.500000 2.703386e-01
-3.250000 2.913711e-01
-3.000000 2.939120e-01
-2.750000 2.804306e-01
-2.500000 2.615577e-01
-2.250000 2.595564e-01
-2.000000 2.991477e-01
-1.750000 3.835002e-01
-1.500000 4.964677e-01
-1.250000 6.204001e-01
-1.000000 7.411105e-01
-0.750000 8.472529e-01
-0.500000 9.298107e-01
-0.250000 9.821062e-01
0.000000 1.000005e+00
0.250000 9.821062e-01
0.500000 9.298107e-01
0.750000 8.472529e-01
1.000000 7.411105e-01
1.250000 6.204001e-01
1.500000 4.964677e-01
1.750000 3.835002e-01
2.000000 2.991477e-01
2.250000 2.595564e-01
2.500000 2.615577e-01
2.750000 2.804306e-01
3.000000 2.939120e-01
3.250000 2.913711e-01
3.500000 2.703386e-01
3.750000 2.332436e-01
4.000000 1.860255e-01
4.250000 1.385200e-01
4.500000 1.069313e-01
4.750000 1.076371e-01
5.000000 1.312227e-01
5.250000 1.565638e-01
5.500000 1.726378e-01
5.750000 1.756693e-01
6.000000 1.656175e-01
6.250000 1.449190e-01
6.500000 1.181812e-01
6.750000 9.260294e-02
7.000000 7.816374e-02
7.250000 8.091415e-02
7.500000 9.365760e-02
7.750000 1.057185e-01
8.000000 1.112270e-01
8.250000 1.082092e-01
8.500000 9.717300e-02
8.750000 8.062847e-02
9.000000 6.340007e-02
9.250000 5.329711e-02
9.500000 5.648489e-02
9.750000 6.816470e-02
10.000000 7.983586e-02
10.250000 8.667125e-02
10.500000 8.679755e-02
10.750000 8.021626e-02
11.000000 6.846097e-02
11.250000 5.478400e-02
11.500000 4.482211e-02
11.750000 4.476442e-02
12.000000 5.334736e-02
12.250000 6.367587e-02
12.500000 7.096886e-02
12.750000 7.310236e-02
13.000000 6.965706e-02
13.250000 6.155122e-02
13.500000 5.110165e-02
13.750000 4.240806e-02
14.000000 4.052153e-02
14.250000 4.620334e-02
14.500000 5.467890e-02
14.750000 6.146380e-02
15.000000 6.416503e-02
15.250000 6.191667e-02
15.500000 5.499808e-02
15.750000 4.479003e-02
16.000000 3.419717e-02
16.250000 2.855909e-02
16.500000 3.216145e-02
16.750000 4.096010e-02
17.000000 4.933390e-02
17.250000 5.444598e-02
17.500000 5.518464e-02
17.750000 5.150092e-02
18.000000 4.424827e-02
18.250000 3.531751e-02
18.500000 2.815395e-02
18.750000 2.720292e-02
19.000000 3.250588e-02
19.250000 3.945072e-02
19.500000 4.458930e-02
19.750000 4.633851e-02
20.000000 4.426759e-02
20.250000 3.881933e-02
20.500000 3.135836e-02
20.750000 2.462933e-02
21.000000 2.288260e-02
21.250000 2.739894e-02
21.500000 3.424019e-02
21.750000 3.995399e-02
22.000000 4.287516e-02
22.250000 4.242317e-02
22.500000 3.879701e-02
22.750000 3.294962e-02
23.000000 2.678398e-02
23.250000 2.333444e-02
23.500000 2.488518e-02
23.750000 2.973924e-02
24.000000 3.468869e-02
24.250000 3.771926e-02
24.500000 3.794785e-02
24.750000 3.528721e-02
25.000000 3.035109e-02
25.250000 2.457918e-02
25.500000 2.054177e-02
25.750000 2.095721e-02
26.000000 2.512763e-02
26.250000 2.998532e-02
26.500000 3.337759e-02
26.750000 3.429368e-02
27.000000 3.249431e-02
27.250000 2.838652e-02
27.500000 2.311333e-02
27.750000 1.888723e-02
28.000000 1.857977e-02
28.250000 2.230529e-02
28.500000 2.720422e-02
28.750000 3.100523e-02
29.000000 3.257433e-02
29.250000 3.152196e-02
29.500000 2.804174e-02
29.750000 2.294167e-02
30.000000 1.793426e-02
30.250000 1.594971e-02
30.500000 1.860334e-02
30.750000 2.344815e-02
31.000000 2.778576e-02
31.250000 3.022956e-02
31.500000 3.022139e-02
31.750000 2.777590e-02
32.000000 2.345492e-02
32.250000 1.854755e-02
32.500000 1.547736e-02
32.750000 1.667272e-02
33.000000 2.094442e-02
33.250000 2.547823e-02
33.500000 2.858120e-02
33.750000 2.947648e-02
34.000000 2.795983e-02
34.250000 2.429814e-02
34.500000 1.927572e-02
34.750000 1.450907e-02
35.000000 1.285823e-02
35.250000 1.561338e-02
35.500000 2.005691e-02
35.750000 2.380244e-02
36.000000 2.577397e-02
36.250000 2.560497e-02
36.500000 2.341774e-02
36.750000 1.981446e-02
37.000000 1.602950e-02
37.250000 1.408113e-02
37.500000 1.541443e-02
37.750000 1.877059e-02
38.000000 2.208486e-02
38.250000 2.412196e-02
38.500000 2.434453e-02
38.750000 2.270342e-02
39.000000 1.958697e-02
39.250000 1.590221e-02
39.500000 1.326705e-02
39.750000 1.342986e-02
40.000000 1.602509e-02
40.250000 1.911183e-02
40.500000 2.129660e-02
40.750000 2.192931e-02
41.000000 2.087401e-02
41.250000 1.843619e-02
41.500000 1.542661e-02
41.750000 1.329164e-02
42.000000 1.354966e-02
42.250000 1.597078e-02
42.500000 1.891946e-02
42.750000 2.108679e-02
43.000000 2.178261e-02
43.250000 2.077823e-02
43.500000 1.823964e-02
43.750000 1.477902e-02
44.000000 1.169699e-02
44.250000 1.102976e-02
44.500000 1.334030e-02
44.750000 1.673381e-02
45.000000 1.956217e-02
45.250000 2.100041e-02
45.500000 2.072923e-02
45.750000 1.880643e-02
46.000000 1.567520e-02
46.250000 1.232516e-02
46.500000 1.057084e-02
46.750000 1.187977e-02
47.000000 1.502921e-02
47.250000 1.811476e-02
47.500000 2.007359e-02
47.750000 2.043288e-02
48.000000 1.910621e-02
48.250000 1.635119e-02
48.500000 1.284791e-02
48.750000 1.000537e-02
49.000000 9.898414e-03
49.250000 1.254339e-02
49.500000 1.584865e-02
49.750000 1.840812e-02
50.000000 1.958387e-02
