-50.000000 1.512738e-02
-49.750000 1.968577e-02
-49.500000 2.378055e-02
-49.250000 2.706927e-02
-49.000000 2.932718e-02
-48.750000 3.040879e-02
-48.500000 3.023947e-02
-48.250000 2.881521e-02
-48.000000 2.620561e-02
-47.750000 2.256229e-02
-47.500000 1.814612e-02
-47.250000 1.342818e-02
-47.000000 9.486511e-03
-46.750000 8.712508e-03
-46.500000 1.191775e-02
-46.250000 1.666722e-02
-46.000000 2.144315e-02
-45.750000 2.561209e-02
-45.500000 2.883217e-02
-45.250000 3.089030e-02
-45.000000 3.166213e-02
-44.750000 3.110277e-02
-44.500000 2.924641e-02
-44.250000 2.621080e-02
-44.000000 2.221181e-02
-43.750000 1.761133e-02
-43.500000 1.308379e-02
-43.250000 1.009734e-02
-43.000000 1.071663e-02
-42.750000 1.437616e-02
-42.500000 1.895280e-02
-42.250000 2.329264e-02
-42.000000 2.684720e-02
-41.750000 2.930592e-02
-41.500000 3.048602e-02
-41.250000 3.030291e-02
-41.000000 2.876512e-02
-40.750000 2.598064e-02
-40.500000 2.218054e-02
-40.250000 1.779178e-02
-40.000000 1.366386e-02
-39.750000 1.152256e-02
-39.500000 1.308481e-02
-39.250000 1.734674e-02
-39.000000 2.242217e-02
-38.750000 2.725292e-02
-38.500000 3.127208e-02
-38.250000 3.412775e-02
-38.000000 3.559365e-02
-37.750000 3.554427e-02
-37.500000 3.395106e-02
-37.250000 3.088796e-02
-37.000000 2.655031e-02
-36.750000 2.131365e-02
-36.500000 1.593840e-02
-36.250000 1.221719e-02
-36.000000 1.301272e-02
-35.750000 1.793625e-02
-35.500000 2.428105e-02
-35.250000 3.055926e-02
-35.000000 3.605057e-02
-34.750000 4.031754e-02
-34.500000 4.306598e-02
-34.250000 4.410899e-02
-34.000000 4.335984e-02
-33.750000 4.083374e-02
-33.500000 3.665468e-02
-33.250000 3.107379e-02
-33.000000 2.452873e-02
-32.750000 1.786458e-02
-32.500000 1.312250e-02
-32.250000 1.384168e-02
-32.000000 1.945452e-02
-31.750000 2.652330e-02
-31.500000 3.333736e-02
-31.250000 3.912314e-02
-31.000000 4.342995e-02
-30.750000 4.596974e-02
-30.500000 4.657758e-02
-30.250000 4.520408e-02
-30.000000 4.191834e-02
-29.750000 3.691980e-02
-29.500000 3.057389e-02
-29.250000 2.353182e-02
-29.000000 1.715913e-02
-28.750000 1.449251e-02
-28.500000 1.794599e-02
-28.250000 2.481055e-02
-28.000000 3.226578e-02
-27.750000 3.902744e-02
-27.500000 4.442886e-02
-27.250000 4.805847e-02
-27.000000 4.966374e-02
-26.750000 4.912839e-02
-26.500000 4.647219e-02
-26.250000 4.186375e-02
-26.000000 3.565690e-02
-25.750000 2.850069e-02
-25.500000 2.168861e-02
-25.250000 1.793496e-02
-25.000000 2.018472e-02
-24.750000 2.692876e-02
-24.500000 3.503300e-02
-24.250000 4.276333e-02
-24.000000 4.920846e-02
-23.750000 5.380526e-02
-23.500000 5.618920e-02
-23.250000 5.615391e-02
-23.000000 5.364507e-02
-22.750000 4.876939e-02
-22.500000 4.182347e-02
-22.250000 3.338443e-02
-22.000000 2.463639e-02
-21.750000 1.849352e-02
-21.500000 1.987629e-02
-21.250000 2.801323e-02
-21.000000 3.829197e-02
-20.750000 4.833908e-02
-20.500000 5.701935e-02
-20.250000 6.363073e-02
-20.000000 6.769227e-02
-19.750000 6.889523e-02
-19.500000 6.709888e-02
-19.250000 6.234269e-02
-19.000000 5.487558e-02
-18.750000 4.523376e-02
-18.500000 3.449800e-02
-18.250000 2.522749e-02
-18.000000 2.313446e-02
-17.750000 3.102959e-02
-17.500000 4.362269e-02
-17.250000 5.695175e-02
-17.000000 6.922171e-02
-16.750000 7.939960e-02
-16.500000 8.677567e-02
-16.250000 9.085624e-02
-16.000000 9.134555e-02
-15.750000 8.815482e-02
-15.500000 8.142571e-02
-15.250000 7.157819e-02
-15.000000 5.943067e-02
-14.750000 4.655322e-02
-14.500000 3.626091e-02
-14.250000 3.436044e-02
-14.000000 4.297839e-02
-13.750000 5.701983e-02
-13.500000 7.202435e-02
-13.250000 8.566353e-02
-13.000000 9.657642e-02
-12.750000 1.038583e-01
-12.500000 1.069106e-01
-12.250000 1.054095e-01
-12.000000 9.932056e-02
-11.750000 8.894870e-02
-11.500000 7.506726e-02
-11.250000 5.930161e-02
-11.000000 4.533835e-02
-10.750000 4.090191e-02
-10.500000 5.123096e-02
-10.250000 7.025945e-02
-10.000000 9.152914e-02
-9.750000 1.117148e-01
-9.500000 1.288616e-01
-9.250000 1.415938e-01
-9.000000 1.488991e-01
-8.750000 1.500953e-01
-8.500000 1.448659e-01
-8.250000 1.333501e-01
-8.000000 1.163449e-01
-7.750000 9.583381e-02
-7.500000 7.649152e-02
-7.250000 6.833666e-02
-7.000000 8.110303e-02
-6.750000 1.100771e-01
-6.500000 1.458812e-01
-6.250000 1.828530e-01
-6.000000 2.175601e-01
-5.750000 2.474715e-01
-5.500000 2.705141e-01
-5.250000 2.849637e-01
-5.000000 2.894561e-01
-4.750000 2.830554e-01
-4.500000 2.653805e-01
-4.250000 2.368570e-01
-4.000000 1.993474e-01
-3.750000 1.580612e-01
-3.500000 1.272853e-01
-3.250000 1.342650e-01
-3.000000 1.865511e-01
-2.750000 2.645521e-01
-2.500000 3.544435e-01
-2.250000 4.493631e-01
-2.000000 5.449656e-01
-1.750000 6.378163e-01
-1.500000 7.249149e-01
-1.250000 8.035743e-01
-1.000000 8.714162e-01
-0.750000 9.264065e-01
-0.500000 9.669017e-01
-0.250000 9.916928e-01
0.000000 1.000040e+00
0.250000 9.916928e-01
0.500000 9.669017e-01
0.750000 9.264065e-01
1.000000 8.714162e-01
1.250000 8.035743e-01
1.500000 7.249149e-01
1.750000 6.378163e-01
2.000000 5.449656e-01
2.250000 4.493631e-01
2.500000 3.544435e-01
2.750000 2.645521e-01
3.000000 1.865511e-01
3.250000 1.342650e-01
3.500000 1.272853e-01
3.750000 1.580612e-01
4.000000 1.993474e-01
4.250000 2.368570e-01
4.500000 2.653805e-01
4.750000 2.830554e-01
5.000000 2.894561e-01
5.250000 2.849637e-01
5.500000 2.705141e-01
5.750000 2.474715e-01
6.000000 2.175601e-01
6.250000 1.828530e-01
6.500000 1.458812e-01
6.750000 1.100771e-01
7.000000 8.110303e-02
7.250000 6.833666e-02
7.500000 7.649152e-02
7.750000 9.583381e-02
8.000000 1.163449e-01
8.250000 1.333501e-01
8.500000 1.448659e-01
8.750000 1.500953e-01
9.000000 1.488991e-01
9.250000 1.415938e-01
9.500000 1.288616e-01
9.750000 1.117148e-01
10.000000 9.152914e-02
10.250000 7.025945e-02
10.500000 5.123096e-02
10.750000 4.090191e-02
11.000000 4.533835e-02
11.250000 5.930161e-02
11.500000 7.506726e-02
11.750000 8.894870e-02
12.000000 9.932056e-02
12.250000 1.054095e-01
12.500000 1.069106e-01
12.750000 1.038583e-01
13.000000 9.657642e-02
13.250000 8.566353e-02
13.500000 7.202435e-02
13.750000 5.701983e-02
14.000000 4.297839e-02
14.250000 3.436044e-02
14.500000 3.626091e-02
14.750000 4.655322e-02
15.000000 5.943067e-02
15.250000 7.157819e-02
15.500000 8.142571e-02
15.750000 8.815482e-02
16.000000 9.134555e-02
16.250000 9.085624e-02
16.500000 8.677567e-02
16.750000 7.939960e-02
17.000000 6.922171e-02
17.250000 5.695175e-02
17.500000 4.362269e-02
17.750000 3.102959e-02
18.000000 2.313446e-02
18.250000 2.522749e-02
18.500000 3.449800e-02
18.750000 4.523376e-02
19.000000 5.487558e-02
19.250000 6.234269e-02
19.500000 6.709888e-02
19.750000 6.889523e-02
20.000000 6.769227e-02
20.250000 6.363073e-02
20.500000 5.701935e-02
20.750000 4.833908e-02
21.000000 3.829197e-02
21.250000 2.801323e-02
21.500000 1.987629e-02
21.750000 1.849352e-02
22.000000 2.463639e-02
22.250000 3.338443e-02
22.500000 4.182347e-02
22.750000 4.876939e-02
23.000000 5.364507e-02
23.250000 5.615391e-02
23.500000 5.618920e-02
23.750000 5.380526e-02
24.000000 4.920846e-02
24.250000 4.276333e-02
24.500000 3.503300e-02
24.750000 2.692876e-02
25.000000 2.018472e-02
25.250000 1.793496e-02
25.500000 2.168861e-02
25.750000 2.850069e-02
26.000000 3.565690e-02
26.250000 4.186375e-02
26.500000 4.647219e-02
26.750000 4.912839e-02
27.000000 4.966374e-02
27.250000 4.805847e-02
27.500000 4.442886e-02
27.750000 3.902744e-02
28.000000 3.226578e-02
28.250000 2.481055e-02
28.500000 1.794599e-02
28.750000 1.449251e-02
29.000000 1.715913e-02
29.250000 2.353182e-02
29.500000 3.057389e-02
29.750000 3.691980e-02
30.000000 4.191834e-02
30.250000 4.520408e-02
30.500000 4.657758e-02
30.750000 4.596974e-02
31.000000 4.342995e-02
31.250000 3.912314e-02
31.500000 3.333736e-02
31.750000 2.652330e-02
32.000000 1.945452e-02
32.250000 1.384168e-02
32.500000 1.312250e-02
32.750000 1.786458e-02
33.000000 2.452873e-02
33.250000 3.107379e-02
33.500000 3.665468e-02
33.750000 4.083374e-02
34.000000 4.335984e-02
34.250000 4.410899e-02
34.500000 4.306598e-02
34.750000 4.031754e-02
35.000000 3.605057e-02
35.250000 3.055926e-02
35.500000 2.428105e-02
35.750000 1.793625e-02
36.000000 1.301272e-02
36.250000 1.221719e-02
36.500000 1.593840e-02
36.750000 2.131365e-02
37.000000 2.655031e-02
37.250000 3.088796e-02
37.500000 3.395106e-02
37.750000 3.554427e-02
38.000000 3.559365e-02
38.250000 3.412775e-02
38.500000 3.127208e-02
38.750000 2.725292e-02
39.000000 2.242217e-02
39.250000 1.734674e-02
39.500000 1.308481e-02
39.750000 1.152256e-02
40.000000 1.366386e-02
40.250000 1.779178e-02
40.500000 2.218054e-02
40.750000 2.598064e-02
41.000000 2.876512e-02
41.250000 3.030291e-02
41.500000 3.048602e-02
41.750000 2.930592e-02
42.000000 2.684720e-02
42.250000 2.329264e-02
42.500000 1.895280e-02
42.750000 1.437616e-02
43.000000 1.071663e-02
43.250000 1.009734e-02
43.500000 1.308379e-02
43.750000 1.761133e-02
44.000000 2.221181e-02
44.250000 2.621080e-02
44.500000 2.924641e-02
44.750000 3.110277e-02
45.000000 3.166213e-02
45.250000 3.089030e-02
45.500000 2.883217e-02
45.750000 2.561209e-02
46.000000 2.144315e-02
46.250000 1.666722e-02
46.500000 1.191775e-02
46.750000 8.712508e-03
47.000000 9.486511e-03
47.250000 1.342818e-02
47.500000 1.814612e-02
47.750000 2.256229e-02
48.000000 2.620561e-02
48.250000 2.881521e-02
48.500000 3.023947e-02
48.750000 3.040879e-02
49.000000 2.932718e-02
49.250000 2.706927e-02
49.500000 2.378055e-02
49.750000 1.968577e-02
50.000000 1.512738e-02
