-50.000000 1.374923e-02
-49.750000 9.468362e-03
-49.500000 6.971971e-03
-49.250000 8.779821e-03
-49.000000 1.315936e-02
-48.750000 1.794064e-02
-48.500000 2.230798e-02
-48.250000 2.586667e-02
-48.000000 2.836851e-02
-47.750000 2.965391e-02
-47.500000 2.964020e-02
-47.250000 2.832141e-02
-47.000000 2.577212e-02
-46.750000 2.215822e-02
-46.500000 1.777078e-02
-46.250000 1.315047e-02
-46.000000 9.543356e-03
-45.750000 9.365510e-03
-45.500000 1.286899e-02
-45.250000 1.766511e-02
-45.000000 2.238466e-02
-44.750000 2.642402e-02
-44.500000 2.944726e-02
-44.250000 3.124813e-02
-44.000000 3.171572e-02
-43.750000 3.082748e-02
-43.500000 2.865146e-02
-43.250000 2.535659e-02
-43.000000 2.124272e-02
-42.750000 1.683059e-02
-42.500000 1.310971e-02
-42.250000 1.178112e-02
-42.000000 1.379580e-02
-41.750000 1.777232e-02
-41.500000 2.213333e-02
-41.250000 2.601825e-02
-41.000000 2.895937e-02
-40.750000 3.068130e-02
-40.500000 3.103367e-02
-40.250000 2.997153e-02
-40.000000 2.755381e-02
-39.750000 2.395574e-02
-39.500000 1.951340e-02
-39.250000 1.487525e-02
-39.000000 1.145816e-02
-38.750000 1.156622e-02
-38.500000 1.528523e-02
-38.250000 2.039873e-02
-38.000000 2.547670e-02
-37.750000 2.981441e-02
-37.500000 3.299912e-02
-37.250000 3.476730e-02
-37.000000 3.496584e-02
-36.750000 3.354379e-02
-36.500000 3.055492e-02
-36.250000 2.617095e-02
-36.000000 2.072718e-02
-35.750000 1.490504e-02
-35.500000 1.050650e-02
-35.250000 1.121453e-02
-35.000000 1.662813e-02
-34.750000 2.334252e-02
-34.500000 2.982673e-02
-34.250000 3.539714e-02
-34.000000 3.963549e-02
-33.750000 4.225892e-02
-33.500000 4.309275e-02
-33.250000 4.206806e-02
-33.000000 3.922683e-02
-32.750000 3.473347e-02
-32.500000 2.890557e-02
-32.250000 2.231527e-02
-32.000000 1.616208e-02
-31.750000 1.324074e-02
-31.500000 1.621293e-02
-31.250000 2.266841e-02
-31.000000 2.977949e-02
-30.750000 3.627512e-02
-30.500000 4.150739e-02
-30.250000 4.507734e-02
-30.000000 4.673837e-02
-29.750000 4.637343e-02
-29.500000 4.399367e-02
-29.250000 3.974750e-02
-29.000000 3.394733e-02
-28.750000 2.715234e-02
-28.500000 2.044405e-02
-28.250000 1.616563e-02
-28.000000 1.743116e-02
-27.750000 2.332009e-02
-27.500000 3.067226e-02
-27.250000 3.771504e-02
-27.000000 4.356657e-02
-26.750000 4.770762e-02
-26.500000 4.981869e-02
-26.250000 4.973690e-02
-26.000000 4.744976e-02
-25.750000 4.310599e-02
-25.500000 3.705070e-02
-25.250000 2.993033e-02
-25.000000 2.301864e-02
-24.750000 1.894648e-02
-24.500000 2.076827e-02
-24.250000 2.735087e-02
-24.000000 3.551417e-02
-23.750000 4.337526e-02
-23.500000 4.993761e-02
-23.250000 5.459089e-02
-23.000000 5.694430e-02
-22.750000 5.678041e-02
-22.500000 5.404761e-02
-22.250000 4.886951e-02
-22.000000 4.157721e-02
-21.750000 3.281416e-02
-21.500000 2.392648e-02
-21.250000 1.826634e-02
-21.000000 2.077184e-02
-20.750000 2.955900e-02
-20.500000 4.000118e-02
-20.250000 4.990443e-02
-20.000000 5.818720e-02
-19.750000 6.416869e-02
-19.500000 6.739083e-02
-19.250000 6.757987e-02
-19.000000 6.464635e-02
-18.750000 5.870157e-02
-18.500000 5.009908e-02
-18.250000 3.956166e-02
-18.000000 2.866071e-02
-17.750000 2.155379e-02
-17.500000 2.485878e-02
-17.250000 3.625755e-02
-17.000000 4.984773e-02
-16.750000 6.295300e-02
-16.500000 7.425868e-02
-16.250000 8.291561e-02
-16.000000 8.832959e-02
-15.750000 9.012046e-02
-15.500000 8.812715e-02
-15.250000 8.243133e-02
-15.000000 7.340447e-02
-14.750000 6.181931e-02
-14.500000 4.916463e-02
-14.250000 3.851846e-02
-14.000000 3.543914e-02
-13.750000 4.294537e-02
-13.500000 5.661707e-02
-13.250000 7.170396e-02
-13.000000 8.560727e-02
-12.750000 9.681748e-02
-12.500000 1.043407e-01
-12.250000 1.075220e-01
-12.000000 1.060071e-01
-11.750000 9.975700e-02
-11.500000 8.910391e-02
-11.250000 7.489774e-02
-11.000000 5.894555e-02
-10.750000 4.536867e-02
-10.500000 4.234186e-02
-10.250000 5.406637e-02
-10.000000 7.376205e-02
-9.750000 9.518884e-02
-9.500000 1.151158e-01
-9.250000 1.315901e-01
-9.000000 1.432294e-01
-8.750000 1.490361e-01
-8.500000 1.483800e-01
-8.250000 1.410517e-01
-8.000000 1.273894e-01
-7.750000 1.085832e-01
-7.500000 8.752934e-02
-7.250000 7.112690e-02
-7.000000 7.160793e-02
-6.750000 9.333294e-02
-6.500000 1.270778e-01
-6.250000 1.647344e-01
-6.000000 2.017135e-01
-5.750000 2.349549e-01
-5.500000 2.620571e-01
-5.250000 2.810292e-01
-5.000000 2.902591e-01
-4.750000 2.885681e-01
-4.500000 2.753261e-01
-4.250000 2.506720e-01
-4.000000 2.160213e-01
-3.750000 1.754978e-01
-3.500000 1.402419e-01
-3.250000 1.347380e-01
-3.000000 1.760950e-01
-2.750000 2.494071e-01
-2.500000 3.380971e-01
-2.250000 4.335813e-01
-2.000000 5.307490e-01
-1.750000 6.257454e-01
-1.500000 7.152768e-01
-1.250000 7.964184e-01
-1.000000 8.665885e-01
-0.750000 9.235803e-01
-0.500000 9.656099e-01
-0.250000 9.913644e-01
0.000000 1.000040e+00
0.250000 9.913644e-01
0.500000 9.656099e-01
0.750000 9.235803e-01
1.000000 8.665885e-01
1.250000 7.964184e-01
1.500000 7.152768e-01
1.750000 6.257454e-01
2.000000 5.307490e-01
2.250000 4.335813e-01
2.500000 3.380971e-01
2.750000 2.494071e-01
3.000000 1.760950e-01
3.250000 1.347380e-01
3.500000 1.402419e-01
3.750000 1.754978e-01
4.000000 2.160213e-01
4.250000 2.506720e-01
4.500000 2.753261e-01
4.750000 2.885681e-01
5.000000 2.902591e-01
5.250000 2.810292e-01
5.500000 2.620571e-01
5.750000 2.349549e-01
6.000000 2.017135e-01
6.250000 1.647344e-01
6.500000 1.270778e-01
6.750000 9.333294e-02
7.000000 7.160793e-02
7.250000 7.112690e-02
7.500000 8.752934e-02
7.750000 1.085832e-01
8.000000 1.273894e-01
8.250000 1.410517e-01
8.500000 1.483800e-01
8.750000 1.490361e-01
9.000000 1.432294e-01
9.250000 1.315901e-01
9.500000 1.151158e-01
9.750000 9.518884e-02
10.000000 7.376205e-02
10.250000 5.406637e-02
10.500000 4.234186e-02
10.750000 4.536867e-02
11.000000 5.894555e-02
11.250000 7.489774e-02
11.500000 8.910391e-02
11.750000 9.975700e-02
12.000000 1.060071e-01
12.250000 1.075220e-01
12.500000 1.043407e-01
12.750000 9.681748e-02
13.000000 8.560727e-02
13.250000 7.170396e-02
13.500000 5.661707e-02
13.750000 4.294537e-02
14.000000 3.543914e-02
14.250000 3.851846e-02
14.500000 4.916463e-02
14.750000 6.181931e-02
15.000000 7.340447e-02
15.250000 8.243133e-02
15.500000 8.812715e-02
15.750000 9.012046e-02
16.000000 8.832959e-02
16.250000 8.291561e-02
16.500000 7.425868e-02
16.750000 6.295300e-02
17.000000 4.984773e-02
17.250000 3.625755e-02
17.500000 2.485878e-02
17.750000 2.155379e-02
18.000000 2.866071e-02
18.250000 3.956166e-02
18.500000 5.009908e-02
18.750000 5.870157e-02
19.000000 6.464635e-02
19.250000 6.757987e-02
19.500000 6.739083e-02
19.750000 6.416869e-02
20.000000 5.818720e-02
20.250000 4.990443e-02
20.500000 4.000118e-02
20.750000 2.955900e-02
21.000000 2.077184e-02
21.250000 1.826634e-02
21.500000 2.392648e-02
21.750000 3.281416e-02
22.000000 4.157721e-02
22.250000 4.886951e-02
22.500000 5.404761e-02
22.750000 5.678041e-02
23.000000 5.694430e-02
23.250000 5.459089e-02
23.500000 4.993761e-02
23.750000 4.337526e-02
24.000000 3.551417e-02
24.250000 2.735087e-02
24.500000 2.076827e-02
24.750000 1.894648e-02
25.000000 2.301864e-02
25.250000 2.993033e-02
25.500000 3.705070e-02
25.750000 4.310599e-02
26.000000 4.744976e-02
26.250000 4.973690e-02
26.500000 4.981869e-02
26.750000 4.770762e-02
27.000000 4.356657e-02
27.250000 3.771504e-02
27.500000 3.067226e-02
27.750000 2.332009e-02
28.000000 1.743116e-02
28.250000 1.616563e-02
28.500000 2.044405e-02
28.750000 2.715234e-02
29.000000 3.394733e-02
29.250000 3.974750e-02
29.500000 4.399367e-02
29.750000 4.637343e-02
30.000000 4.673837e-02
30.250000 4.507734e-02
30.500000 4.150739e-02
30.750000 3.627512e-02
31.000000 2.977949e-02
31.250000 2.266841e-02
31.500000 1.621293e-02
31.750000 1.324074e-02
32.000000 1.616208e-02
32.250000 2.231527e-02
32.500000 2.890557e-02
32.750000 3.473347e-02
33.000000 3.922683e-02
33.250000 4.206806e-02
33.500000 4.309275e-02
33.750000 4.225892e-02
34.000000 3.963549e-02
34.250000 3.539714e-02
34.500000 2.982673e-02
34.750000 2.334252e-02
35.000000 1.662813e-02
35.250000 1.121453e-02
35.500000 1.050650e-02
35.750000 1.490504e-02
36.000000 2.072718e-02
36.250000 2.617095e-02
36.500000 3.055492e-02
36.750000 3.354379e-02
37.000000 3.496584e-02
37.250000 3.476730e-02
37.500000 3.299912e-02
37.750000 2.981441e-02
38.000000 2.547670e-02
38.250000 2.039873e-02
38.500000 1.528523e-02
38.750000 1.156622e-02
39.000000 1.145816e-02
39.250000 1.487525e-02
39.500000 1.951340e-02
39.750000 2.395574e-02
40.000000 2.755381e-02
40.250000 2.997153e-02
40.500000 3.103367e-02
40.750000 3.068130e-02
41.000000 2.895937e-02
41.250000 2.601825e-02
41.500000 2.213333e-02
41.750000 1.777232e-02
42.000000 1.379580e-02
42.250000 1.178112e-02
42.500000 1.310971e-02
42.750000 1.683059e-02
43.000000 2.124272e-02
43.250000 2.535659e-02
43.500000 2.865146e-02
43.750000 3.082748e-02
44.000000 3.171572e-02
44.250000 3.124813e-02
44.500000 2.944726e-02
44.750000 2.642402e-02
45.000000 2.238466e-02
45.250000 1.766511e-02
45.500000 1.286899e-02
45.750000 9.365510e-03
46.000000 9.543356e-03
46.250000 1.315047e-02
46.500000 1.777078e-02
46.750000 2.215822e-02
47.000000 2.577212e-02
47.250000 2.832141e-02
47.500000 2.964020e-02
47.750000 2.965391e-02
48.000000 2.836851e-02
48.250000 2.586667e-02
48.500000 2.230798e-02
48.750000 1.794064e-02
49.000000 1.315936e-02
49.250000 8.779821e-03
49.500000 6.971971e-03
49.750000 9.468362e-03
50.000000 1.374923e-02
