-50.000000 1.050028e-02
-49.750000 1.051648e-02
-49.500000 1.053256e-02
-49.250000 1.054853e-02
-49.000000 1.056439e-02
-48.750000 1.058013e-02
-48.500000 1.059578e-02
-48.250000 1.061131e-02
-48.000000 1.062674e-02
-47.750000 1.064207e-02
-47.500000 1.065729e-02
-47.250000 1.067241e-02
-47.000000 1.068744e-02
-46.750000 1.070237e-02
-46.500000 1.071720e-02
-46.250000 1.073194e-02
-46.000000 1.074658e-02
-45.750000 1.076114e-02
-45.500000 1.077560e-02
-45.250000 1.078997e-02
-45.000000 1.080425e-02
-44.750000 1.081845e-02
-44.500000 1.083256e-02
-44.250000 1.084659e-02
-44.000000 1.086053e-02
-43.750000 1.087440e-02
-43.500000 1.088818e-02
-43.250000 1.090188e-02
-43.000000 1.091550e-02
-42.750000 1.092904e-02
-42.500000 1.094251e-02
-42.250000 1.095590e-02
-42.000000 1.096922e-02
-41.750000 1.098246e-02
-41.500000 1.099563e-02
-41.250000 1.100872e-02
-41.000000 1.102175e-02
-40.750000 1.103470e-02
-40.500000 1.104758e-02
-40.250000 1.106040e-02
-40.000000 1.107314e-02
-39.750000 1.108582e-02
-39.500000 1.109843e-02
-39.250000 1.111097e-02
-39.000000 1.112344e-02
-38.750000 1.113585e-02
-38.500000 1.114820e-02
-38.250000 1.116048e-02
-38.000000 1.117269e-02
-37.750000 1.118484e-02
-37.500000 1.119693e-02
-37.250000 1.120895e-02
-37.000000 1.122091e-02
-36.750000 1.123280e-02
-36.500000 1.124463e-02
-36.250000 1.125640e-02
-36.000000 1.126811e-02
-35.750000 1.127975e-02
-35.500000 1.129133e-02
-35.250000 1.130284e-02
-35.000000 1.131430e-02
-34.750000 1.132569e-02
-34.500000 1.133702e-02
-34.250000 1.134828e-02
-34.000000 1.135948e-02
-33.750000 1.137062e-02
-33.500000 1.138169e-02
-33.250000 1.139269e-02
-33.000000 1.140364e-02
-32.750000 1.141451e-02
-32.500000 1.142532e-02
-32.250000 1.143607e-02
-32.000000 1.144675e-02
-31.750000 1.145736e-02
-31.500000 1.146790e-02
-31.250000 1.147837e-02
-31.000000 1.148878e-02
-30.750000 1.149911e-02
-30.500000 1.150938e-02
-30.250000 1.151957e-02
-30.000000 1.152969e-02
-29.750000 1.153974e-02
-29.500000 1.154971e-02
-29.250000 1.155961e-02
-29.000000 1.156943e-02
-28.750000 1.157917e-02
-28.500000 1.158884e-02
-28.250000 1.159843e-02
-28.000000 1.160794e-02
-27.750000 1.161736e-02
-27.500000 1.162671e-02
-27.250000 1.163597e-02
-27.000000 1.164515e-02
-26.750000 1.165424e-02
-26.500000 1.166324e-02
-26.250000 1.167215e-02
-26.000000 1.168098e-02
-25.750000 1.168971e-02
-25.500000 1.169835e-02
-25.250000 1.170690e-02
-25.000000 1.171535e-02
-24.750000 1.172371e-02
-24.500000 1.173196e-02
-24.250000 1.174012e-02
-24.000000 1.174817e-02
-23.750000 1.175612e-02
-23.500000 1.176397e-02
-23.250000 1.177171e-02
-23.000000 1.177934e-02
-22.750000 1.178686e-02
-22.500000 1.179428e-02
-22.250000 1.180157e-02
-22.000000 1.180876e-02
-21.750000 1.181582e-02
-21.500000 1.182277e-02
-21.250000 1.182960e-02
-21.000000 1.183631e-02
-20.750000 1.184289e-02
-20.500000 1.184935e-02
-20.250000 1.185568e-02
-20.000000 1.186188e-02
-19.750000 1.186795e-02
-19.500000 1.187389e-02
-19.250000 1.187969e-02
-19.000000 1.188536e-02
-18.750000 1.189088e-02
-18.500000 1.189627e-02
-18.250000 1.190151e-02
-18.000000 1.190661e-02
-17.750000 1.191157e-02
-17.500000 1.191637e-02
-17.250000 1.192102e-02
-17.000000 1.192552e-02
-16.750000 1.192987e-02
-16.500000 1.193406e-02
-16.250000 1.193809e-02
-16.000000 1.194196e-02
-15.750000 1.194567e-02
-15.500000 1.194921e-02
-15.250000 1.195259e-02
-15.000000 1.195580e-02
-14.750000 1.195884e-02
-14.500000 1.196170e-02
-14.250000 1.196440e-02
-14.000000 1.196691e-02
-13.750000 1.196925e-02
-13.500000 1.197140e-02
-13.250000 1.197337e-02
-13.000000 1.197516e-02
-12.750000 1.197676e-02
-12.500000 1.197817e-02
-12.250000 1.197939e-02
-12.000000 1.198042e-02
-11.750000 1.198126e-02
-11.500000 1.198190e-02
-11.250000 1.198233e-02
-11.000000 1.198257e-02
-10.750000 1.198261e-02
-10.500000 1.198244e-02
-10.250000 1.198207e-02
-10.000000 1.198148e-02
-9.750000 1.198069e-02
-9.500000 1.197968e-02
-9.250000 1.197847e-02
-9.000000 1.197703e-02
-8.750000 1.197538e-02
-8.500000 1.197351e-02
-8.250000 1.197141e-02
-8.000000 1.196910e-02
-7.750000 1.196656e-02
-7.500000 1.196379e-02
-7.250000 1.196079e-02
-7.000000 1.195757e-02
-6.750000 1.195411e-02
-6.500000 1.195042e-02
-6.250000 1.194650e-02
-6.000000 1.194234e-02
-5.750000 1.193793e-02
-5.500000 1.193329e-02
-5.250000 1.192841e-02
-5.000000 1.192329e-02
-4.750000 1.191792e-02
-4.500000 1.191230e-02
-4.250000 1.190644e-02
-4.000000 1.190033e-02
-3.750000 1.189397e-02
-3.500000 1.188735e-02
-3.250000 1.188049e-02
-3.000000 1.187337e-02
-2.750000 1.186599e-02
-2.500000 1.185835e-02
-2.250000 1.185046e-02
-2.000000 1.184231e-02
-1.750000 1.183389e-02
-1.500000 1.182522e-02
-1.250000 1.181628e-02
-1.000000 1.180708e-02
-0.750000 1.179761e-02
-0.500000 1.178787e-02
-0.250000 1.177787e-02
0.000000 1.176760e-02
0.250000 1.175706e-02
0.500000 1.174625e-02
0.750000 1.173516e-02
1.000000 1.172381e-02
1.250000 1.171218e-02
1.500000 1.170028e-02
1.750000 1.168810e-02
2.000000 1.167565e-02
2.250000 1.166292e-02
2.500000 1.164992e-02
2.750000 1.163663e-02
3.000000 1.162307e-02
3.250000 1.160923e-02
3.500000 1.159511e-02
3.750000 1.158071e-02
4.000000 1.156604e-02
4.250000 1.155108e-02
4.500000 1.153584e-02
4.750000 1.152031e-02
5.000000 1.150451e-02
5.250000 1.148842e-02
5.500000 1.147206e-02
5.750000 1.145541e-02
6.000000 1.143847e-02
6.250000 1.142126e-02
6.500000 1.140376e-02
6.750000 1.138598e-02
7.000000 1.136791e-02
7.250000 1.134956e-02
7.500000 1.133093e-02
7.750000 1.131202e-02
8.000000 1.129282e-02
8.250000 1.127334e-02
8.500000 1.125358e-02
8.750000 1.123354e-02
9.000000 1.121321e-02
9.250000 1.119261e-02
9.500000 1.117172e-02
9.750000 1.115055e-02
10.000000 1.112910e-02
10.250000 1.110737e-02
10.500000 1.108536e-02
10.750000 1.106308e-02
11.000000 1.104051e-02
11.250000 1.101767e-02
11.500000 1.099455e-02
11.750000 1.097115e-02
12.000000 1.094748e-02
12.250000 1.092353e-02
12.500000 1.089931e-02
12.750000 1.087481e-02
13.000000 1.085005e-02
13.250000 1.082501e-02
13.500000 1.079970e-02
13.750000 1.077412e-02
14.000000 1.074828e-02
14.250000 1.072216e-02
14.500000 1.069579e-02
14.750000 1.066914e-02
15.000000 1.064223e-02
15.250000 1.061506e-02
15.500000 1.058763e-02
15.750000 1.055994e-02
16.000000 1.053199e-02
16.250000 1.050379e-02
16.500000 1.047532e-02
16.750000 1.044661e-02
17.000000 1.041764e-02
17.250000 1.038842e-02
17.500000 1.035895e-02
17.750000 1.032923e-02
18.000000 1.029927e-02
18.250000 1.026906e-02
18.500000 1.023861e-02
18.750000 1.020792e-02
19.000000 1.017698e-02
19.250000 1.014582e-02
19.500000 1.011441e-02
19.750000 1.008277e-02
20.000000 1.005090e-02
20.250000 1.001880e-02
20.500000 9.986478e-03
20.750000 9.953925e-03
21.000000 9.921149e-03
21.250000 9.888152e-03
21.500000 9.854936e-03
21.750000 9.821502e-03
22.000000 9.787854e-03
22.250000 9.753993e-03
22.500000 9.719923e-03
22.750000 9.685644e-03
23.000000 9.651160e-03
23.250000 9.616473e-03
23.500000 9.581585e-03
23.750000 9.546499e-03
24.000000 9.511217e-03
24.250000 9.475743e-03
24.500000 9.440078e-03
24.750000 9.404225e-03
25.000000 9.368186e-03
25.250000 9.331965e-03
25.500000 9.295564e-03
25.750000 9.258986e-03
26.000000 9.222234e-03
26.250000 9.185310e-03
26.500000 9.148217e-03
26.750000 9.110958e-03
27.000000 9.073535e-03
27.250000 9.035953e-03
27.500000 8.998214e-03
27.750000 8.960320e-03
28.000000 8.922275e-03
28.250000 8.884082e-03
28.500000 8.845743e-03
28.750000 8.807262e-03
29.000000 8.768643e-03
29.250000 8.729887e-03
29.500000 8.690999e-03
29.750000 8.651981e-03
30.000000 8.612837e-03
30.250000 8.573569e-03
30.500000 8.534182e-03
30.750000 8.494679e-03
31.000000 8.455062e-03
31.250000 8.415335e-03
31.500000 8.375502e-03
31.750000 8.335565e-03
32.000000 8.295529e-03
32.250000 8.255397e-03
32.500000 8.215171e-03
32.750000 8.174857e-03
33.000000 8.134456e-03
33.250000 8.093973e-03
33.500000 8.053411e-03
33.750000 8.012774e-03
34.000000 7.972065e-03
34.250000 7.931289e-03
34.500000 7.890447e-03
34.750000 7.849545e-03
35.000000 7.808586e-03
35.250000 7.767573e-03
35.500000 7.726510e-03
35.750000 7.685401e-03
36.000000 7.644250e-03
36.250000 7.603060e-03
36.500000 7.561835e-03
36.750000 7.520579e-03
37.000000 7.479295e-03
37.250000 7.437988e-03
37.500000 7.396661e-03
37.750000 7.355318e-03
38.000000 7.313963e-03
38.250000 7.272600e-03
38.500000 7.231233e-03
38.750000 7.189864e-03
39.000000 7.148500e-03
39.250000 7.107142e-03
39.500000 7.065795e-03
39.750000 7.024464e-03
40.000000 6.983151e-03
40.250000 6.941862e-03
40.500000 6.900599e-03
40.750000 6.859366e-03
41.000000 6.818169e-03
41.250000 6.777010e-03
41.500000 6.735893e-03
41.750000 6.694823e-03
42.000000 6.653803e-03
42.250000 6.612838e-03
42.500000 6.571931e-03
42.750000 6.531086e-03
43.000000 6.490307e-03
43.250000 6.449599e-03
43.500000 6.408965e-03
43.750000 6.368409e-03
44.000000 6.327934e-03
44.250000 6.287546e-03
44.500000 6.247248e-03
44.750000 6.207043e-03
45.000000 6.166936e-03
45.250000 6.126931e-03
45.500000 6.087031e-03
45.750000 6.047241e-03
46.000000 6.007564e-03
46.250000 5.968004e-03
46.500000 5.928565e-03
46.750000 5.889251e-03
47.000000 5.850066e-03
47.250000 5.811013e-03
47.500000 5.772096e-03
47.750000 5.733320e-03
48.000000 5.694687e-03
48.250000 5.656201e-03
48.500000 5.617867e-03
48.750000 5.579688e-03
49.000000 5.541667e-03
49.250000 5.503809e-03
49.500000 5.466116e-03
49.750000 5.428593e-03
50.000000 5.391242e-03
