-50.000000 4.261143e-03
-49.750000 4.359824e-03
-49.500000 4.451745e-03
-49.250000 4.536560e-03
-49.000000 4.613955e-03
-48.750000 4.683651e-03
-48.500000 4.745401e-03
-48.250000 4.798998e-03
-48.000000 4.844272e-03
-47.750000 4.881090e-03
-47.500000 4.909361e-03
-47.250000 4.929030e-03
-47.000000 4.940086e-03
-46.750000 4.942553e-03
-46.500000 4.936499e-03
-46.250000 4.922027e-03
-46.000000 4.899279e-03
-45.750000 4.868436e-03
-45.500000 4.829711e-03
-45.250000 4.783355e-03
-45.000000 4.729649e-03
-44.750000 4.668906e-03
-44.500000 4.601468e-03
-44.250000 4.527703e-03
-44.000000 4.448006e-03
-43.750000 4.362792e-03
-43.500000 4.272496e-03
-43.250000 4.177571e-03
-43.000000 4.078485e-03
-42.750000 3.975717e-03
-42.500000 3.869755e-03
-42.250000 3.761096e-03
-42.000000 3.650237e-03
-41.750000 3.537680e-03
-41.500000 3.423923e-03
-41.250000 3.309459e-03
-41.000000 3.194777e-03
-40.750000 3.080355e-03
-40.500000 2.966659e-03
-40.250000 2.854142e-03
-40.000000 2.743239e-03
-39.750000 2.634370e-03
-39.500000 2.527930e-03
-39.250000 2.424298e-03
-39.000000 2.323824e-03
-38.750000 2.226837e-03
-38.500000 2.133638e-03
-38.250000 2.044501e-03
-38.000000 1.959672e-03
-37.750000 1.879369e-03
-37.500000 1.803780e-03
-37.250000 1.733064e-03
-37.000000 1.667351e-03
-36.750000 1.606741e-03
-36.500000 1.551306e-03
-36.250000 1.501089e-03
-36.000000 1.456107e-03
-35.750000 1.416351e-03
-35.500000 1.381788e-03
-35.250000 1.352359e-03
-35.000000 1.327989e-03
-34.750000 1.308579e-03
-34.500000 1.294016e-03
-34.250000 1.284170e-03
-34.000000 1.278900e-03
-33.750000 1.278053e-03
-33.500000 1.281467e-03
-33.250000 1.288975e-03
-33.000000 1.300405e-03
-32.750000 1.315584e-03
-32.500000 1.334338e-03
-32.250000 1.356498e-03
-32.000000 1.381896e-03
-31.750000 1.410376e-03
-31.500000 1.441786e-03
-31.250000 1.475989e-03
-31.000000 1.512859e-03
-30.750000 1.552286e-03
-30.500000 1.594174e-03
-30.250000 1.638448e-03
-30.000000 1.685049e-03
-29.750000 1.733937e-03
-29.500000 1.785093e-03
-29.250000 1.838518e-03
-29.000000 1.894228e-03
-28.750000 1.952261e-03
-28.500000 2.012670e-03
-28.250000 2.075521e-03
-28.000000 2.140896e-03
-27.750000 2.208884e-03
-27.500000 2.279581e-03
-27.250000 2.353090e-03
-27.000000 2.429512e-03
-26.750000 2.508945e-03
-26.500000 2.591484e-03
-26.250000 2.677212e-03
-26.000000 2.766201e-03
-25.750000 2.858509e-03
-25.500000 2.954175e-03
-25.250000 3.053219e-03
-25.000000 3.155641e-03
-24.750000 3.261416e-03
-24.500000 3.370498e-03
-24.250000 3.482816e-03
-24.000000 3.598277e-03
-23.750000 3.716762e-03
-23.500000 3.838133e-03
-23.250000 3.962227e-03
-23.000000 4.088864e-03
-22.750000 4.217842e-03
-22.500000 4.348946e-03
-22.250000 4.481943e-03
-22.000000 4.616590e-03
-21.750000 4.752631e-03
-21.500000 4.889804e-03
-21.250000 5.027838e-03
-21.000000 5.166461e-03
-20.750000 5.305398e-03
-20.500000 5.444374e-03
-20.250000 5.583120e-03
-20.000000 5.721368e-03
-19.750000 5.858861e-03
-19.500000 5.995349e-03
-19.250000 6.130593e-03
-19.000000 6.264369e-03
-18.750000 6.396467e-03
-18.500000 6.526692e-03
-18.250000 6.654868e-03
-18.000000 6.780837e-03
-17.750000 6.904463e-03
-17.500000 7.025629e-03
-17.250000 7.144242e-03
-17.000000 7.260227e-03
-16.750000 7.373537e-03
-16.500000 7.484142e-03
-16.250000 7.592039e-03
-16.000000 7.697243e-03
-15.750000 7.799791e-03
-15.500000 7.899740e-03
-15.250000 7.997167e-03
-15.000000 8.092162e-03
-14.750000 8.184834e-03
-14.500000 8.275303e-03
-14.250000 8.363698e-03
-14.000000 8.450158e-03
-13.750000 8.534827e-03
-13.500000 8.617849e-03
-13.250000 8.699370e-03
-13.000000 8.779528e-03
-12.750000 8.858458e-03
-12.500000 8.936282e-03
-12.250000 9.013108e-03
-12.000000 9.089031e-03
-11.750000 9.164122e-03
-11.500000 9.238435e-03
-11.250000 9.311999e-03
-11.000000 9.384815e-03
-10.750000 9.456861e-03
-10.500000 9.528085e-03
-10.250000 9.598406e-03
-10.000000 9.667715e-03
-9.750000 9.735876e-03
-9.500000 9.802723e-03
-9.250000 9.868066e-03
-9.000000 9.931688e-03
-8.750000 9.993352e-03
-8.500000 1.005280e-02
-8.250000 1.010975e-02
-8.000000 1.016392e-02
-7.750000 1.021499e-02
-7.500000 1.026267e-02
-7.250000 1.030663e-02
-7.000000 1.034656e-02
-6.750000 1.038214e-02
-6.500000 1.041305e-02
-6.250000 1.043901e-02
-6.000000 1.045972e-02
-5.750000 1.047491e-02
-5.500000 1.048434e-02
-5.250000 1.048776e-02
-5.000000 1.048498e-02
-4.750000 1.047582e-02
-4.500000 1.046013e-02
-4.250000 1.043782e-02
-4.000000 1.040880e-02
-3.750000 1.037303e-02
-3.500000 1.033052e-02
-3.250000 1.028131e-02
-3.000000 1.022549e-02
-2.750000 1.016319e-02
-2.500000 1.009458e-02
-2.250000 1.001989e-02
-2.000000 9.939363e-03
-1.750000 9.853324e-03
-1.500000 9.762123e-03
-1.250000 9.666157e-03
-1.000000 9.565868e-03
-0.750000 9.461737e-03
-0.500000 9.354286e-03
-0.250000 9.244075e-03
0.000000 9.131695e-03
0.250000 9.017769e-03
0.500000 8.902948e-03
0.750000 8.787901e-03
1.000000 8.673315e-03
1.250000 8.559887e-03
1.500000 8.448313e-03
1.750000 8.339286e-03
2.000000 8.233484e-03
2.250000 8.131561e-03
2.500000 8.034139e-03
2.750000 7.941797e-03
3.000000 7.855059e-03
3.250000 7.774390e-03
3.500000 7.700182e-03
3.750000 7.632749e-03
4.000000 7.572316e-03
4.250000 7.519022e-03
4.500000 7.472908e-03
4.750000 7.433921e-03
5.000000 7.401915e-03
5.250000 7.376654e-03
5.500000 7.357815e-03
5.750000 7.345000e-03
6.000000 7.337741e-03
6.250000 7.335510e-03
6.500000 7.337734e-03
6.750000 7.343801e-03
7.000000 7.353074e-03
7.250000 7.364904e-03
7.500000 7.378635e-03
7.750000 7.393618e-03
8.000000 7.409219e-03
8.250000 7.424824e-03
8.500000 7.439850e-03
8.750000 7.453747e-03
9.000000 7.466003e-03
9.250000 7.476150e-03
9.500000 7.483764e-03
9.750000 7.488466e-03
10.000000 7.489928e-03
10.250000 7.487868e-03
10.500000 7.482055e-03
10.750000 7.472303e-03
11.000000 7.458474e-03
11.250000 7.440477e-03
11.500000 7.418263e-03
11.750000 7.391826e-03
12.000000 7.361202e-03
12.250000 7.326461e-03
12.500000 7.287712e-03
12.750000 7.245097e-03
13.000000 7.198785e-03
13.250000 7.148977e-03
13.500000 7.095896e-03
13.750000 7.039789e-03
14.000000 6.980922e-03
14.250000 6.919578e-03
14.500000 6.856053e-03
14.750000 6.790655e-03
15.000000 6.723699e-03
15.250000 6.655507e-03
15.500000 6.586403e-03
15.750000 6.516710e-03
16.000000 6.446749e-03
16.250000 6.376837e-03
16.500000 6.307282e-03
16.750000 6.238382e-03
17.000000 6.170421e-03
17.250000 6.103670e-03
17.500000 6.038381e-03
17.750000 5.974788e-03
18.000000 5.913102e-03
18.250000 5.853511e-03
18.500000 5.796180e-03
18.750000 5.741244e-03
19.000000 5.688811e-03
19.250000 5.638960e-03
19.500000 5.591741e-03
19.750000 5.547169e-03
20.000000 5.505231e-03
20.250000 5.465880e-03
20.500000 5.429039e-03
20.750000 5.394600e-03
21.000000 5.362421e-03
21.250000 5.332336e-03
21.500000 5.304147e-03
21.750000 5.277632e-03
22.000000 5.252543e-03
22.250000 5.228612e-03
22.500000 5.205553e-03
22.750000 5.183060e-03
23.000000 5.160817e-03
23.250000 5.138498e-03
23.500000 5.115770e-03
23.750000 5.092298e-03
24.000000 5.067747e-03
24.250000 5.041790e-03
24.500000 5.014106e-03
24.750000 4.984390e-03
25.000000 4.952353e-03
25.250000 4.917729e-03
25.500000 4.880278e-03
25.750000 4.839791e-03
26.000000 4.796094e-03
26.250000 4.749053e-03
26.500000 4.698580e-03
26.750000 4.644636e-03
27.000000 4.587236e-03
27.250000 4.526455e-03
27.500000 4.462435e-03
27.750000 4.395386e-03
28.000000 4.325594e-03
28.250000 4.253427e-03
28.500000 4.179337e-03
28.750000 4.103868e-03
29.000000 4.027658e-03
29.250000 3.951438e-03
29.500000 3.876039e-03
29.750000 3.802385e-03
30.000000 3.731489e-03
30.250000 3.664440e-03
30.500000 3.602387e-03
30.750000 3.546517e-03
31.000000 3.498021e-03
31.250000 3.458057e-03
31.500000 3.427703e-03
31.750000 3.407910e-03
32.000000 3.399455e-03
32.250000 3.402894e-03
32.500000 3.418532e-03
32.750000 3.446403e-03
33.000000 3.486266e-03
33.250000 3.537617e-03
33.500000 3.599719e-03
33.750000 3.671635e-03
34.000000 3.752273e-03
34.250000 3.840430e-03
34.500000 3.934832e-03
34.750000 4.034171e-03
35.000000 4.137134e-03
35.250000 4.242431e-03
35.500000 4.348809e-03
35.750000 4.455068e-03
36.000000 4.560069e-03
36.250000 4.662740e-03
36.500000 4.762080e-03
36.750000 4.857164e-03
37.000000 4.947138e-03
37.250000 5.031223e-03
37.500000 5.108713e-03
37.750000 5.178977e-03
38.000000 5.241454e-03
38.250000 5.295655e-03
38.500000 5.341163e-03
38.750000 5.377627e-03
39.000000 5.404769e-03
39.250000 5.422377e-03
39.500000 5.430304e-03
39.750000 5.428471e-03
40.000000 5.416867e-03
40.250000 5.395540e-03
40.500000 5.364607e-03
40.750000 5.324245e-03
41.000000 5.274693e-03
41.250000 5.216252e-03
41.500000 5.149285e-03
41.750000 5.074210e-03
42.000000 4.991508e-03
42.250000 4.901715e-03
42.500000 4.805424e-03
42.750000 4.703287e-03
43.000000 4.596007e-03
43.250000 4.484343e-03
43.500000 4.369107e-03
43.750000 4.251163e-03
44.000000 4.131421e-03
44.250000 4.010841e-03
44.500000 3.890421e-03
44.750000 3.771199e-03
45.000000 3.654237e-03
45.250000 3.540615e-03
45.500000 3.431416e-03
45.750000 3.327703e-03
46.000000 3.230497e-03
46.250000 3.140751e-03
46.500000 3.059313e-03
46.750000 2.986890e-03
47.000000 2.924019e-03
47.250000 2.871029e-03
47.500000 2.828017e-03
47.750000 2.794840e-03
48.000000 2.771107e-03
48.250000 2.756199e-03
48.500000 2.749292e-03
48.750000 2.749399e-03
49.000000 2.755406e-03
49.250000 2.766120e-03
49.500000 2.780315e-03
49.750000 2.796760e-03
50.000000 2.814259e-03
