-50.000000 5.442914e-03
-49.750000 5.407964e-03
-49.500000 5.363471e-03
-49.250000 5.310103e-03
-49.000000 5.248624e-03
-48.750000 5.179899e-03
-48.500000 5.104897e-03
-48.250000 5.024690e-03
-48.000000 4.940457e-03
-47.750000 4.853481e-03
-47.500000 4.765150e-03
-47.250000 4.676945e-03
-47.000000 4.590432e-03
-46.750000 4.507244e-03
-46.500000 4.429058e-03
-46.250000 4.357561e-03
-46.000000 4.294408e-03
-45.750000 4.241173e-03
-45.500000 4.199292e-03
-45.250000 4.170007e-03
-45.000000 4.154305e-03
-44.750000 4.152871e-03
-44.500000 4.166058e-03
-44.250000 4.193865e-03
-44.000000 4.235946e-03
-43.750000 4.291637e-03
-43.500000 4.359991e-03
-43.250000 4.439839e-03
-43.000000 4.529841e-03
-42.750000 4.628543e-03
-42.500000 4.734435e-03
-42.250000 4.845989e-03
-42.000000 4.961698e-03
-41.750000 5.080102e-03
-41.500000 5.199812e-03
-41.250000 5.319518e-03
-41.000000 5.438001e-03
-40.750000 5.554134e-03
-40.500000 5.666886e-03
-40.250000 5.775322e-03
-40.000000 5.878595e-03
-39.750000 5.975949e-03
-39.500000 6.066712e-03
-39.250000 6.150295e-03
-39.000000 6.226183e-03
-38.750000 6.293935e-03
-38.500000 6.353179e-03
-38.250000 6.403608e-03
-38.000000 6.444972e-03
-37.750000 6.477084e-03
-37.500000 6.499804e-03
-37.250000 6.513045e-03
-37.000000 6.516765e-03
-36.750000 6.510964e-03
-36.500000 6.495681e-03
-36.250000 6.470991e-03
-36.000000 6.437002e-03
-35.750000 6.393851e-03
-35.500000 6.341701e-03
-35.250000 6.280740e-03
-35.000000 6.211175e-03
-34.750000 6.133236e-03
-34.500000 6.047165e-03
-34.250000 5.953221e-03
-34.000000 5.851678e-03
-33.750000 5.742819e-03
-33.500000 5.626942e-03
-33.250000 5.504353e-03
-33.000000 5.375373e-03
-32.750000 5.240334e-03
-32.500000 5.099583e-03
-32.250000 4.953487e-03
-32.000000 4.802434e-03
-31.750000 4.646837e-03
-31.500000 4.487147e-03
-31.250000 4.323858e-03
-31.000000 4.157517e-03
-30.750000 3.988743e-03
-30.500000 3.818243e-03
-30.250000 3.646837e-03
-30.000000 3.475483e-03
-29.750000 3.305316e-03
-29.500000 3.137693e-03
-29.250000 2.974236e-03
-29.000000 2.816895e-03
-28.750000 2.668001e-03
-28.500000 2.530306e-03
-28.250000 2.406993e-03
-28.000000 2.301613e-03
-27.750000 2.217915e-03
-27.500000 2.159536e-03
-27.250000 2.129560e-03
-27.000000 2.130047e-03
-26.750000 2.161667e-03
-26.500000 2.223597e-03
-26.250000 2.313713e-03
-26.000000 2.428992e-03
-25.750000 2.565970e-03
-25.500000 2.721113e-03
-25.250000 2.891073e-03
-25.000000 3.072814e-03
-24.750000 3.263647e-03
-24.500000 3.461223e-03
-24.250000 3.663491e-03
-24.000000 3.868654e-03
-23.750000 4.075131e-03
-23.500000 4.281510e-03
-23.250000 4.486523e-03
-23.000000 4.689021e-03
-22.750000 4.887950e-03
-22.500000 5.082340e-03
-22.250000 5.271295e-03
-22.000000 5.453980e-03
-21.750000 5.629624e-03
-21.500000 5.797511e-03
-21.250000 5.956981e-03
-21.000000 6.107429e-03
-20.750000 6.248310e-03
-20.500000 6.379134e-03
-20.250000 6.499477e-03
-20.000000 6.608980e-03
-19.750000 6.707353e-03
-19.500000 6.794383e-03
-19.250000 6.869937e-03
-19.000000 6.933968e-03
-18.750000 6.986520e-03
-18.500000 7.027740e-03
-18.250000 7.057878e-03
-18.000000 7.077298e-03
-17.750000 7.086487e-03
-17.500000 7.086058e-03
-17.250000 7.076763e-03
-17.000000 7.059494e-03
-16.750000 7.035294e-03
-16.500000 7.005363e-03
-16.250000 6.971053e-03
-16.000000 6.933877e-03
-15.750000 6.895501e-03
-15.500000 6.857735e-03
-15.250000 6.822515e-03
-15.000000 6.791885e-03
-14.750000 6.767959e-03
-14.500000 6.752882e-03
-14.250000 6.748777e-03
-14.000000 6.757690e-03
-13.750000 6.781518e-03
-13.500000 6.821952e-03
-13.250000 6.880410e-03
-13.000000 6.957982e-03
-12.750000 7.055396e-03
-12.500000 7.172992e-03
-12.250000 7.310716e-03
-12.000000 7.468139e-03
-11.750000 7.644484e-03
-11.500000 7.838666e-03
-11.250000 8.049345e-03
-11.000000 8.274975e-03
-10.750000 8.513855e-03
-10.500000 8.764176e-03
-10.250000 9.024065e-03
-10.000000 9.291616e-03
-9.750000 9.564925e-03
-9.500000 9.842110e-03
-9.250000 1.012133e-02
-9.000000 1.040080e-02
-8.750000 1.067880e-02
-8.500000 1.095370e-02
-8.250000 1.122392e-02
-8.000000 1.148800e-02
-7.750000 1.174454e-02
-7.500000 1.199226e-02
-7.250000 1.222994e-02
-7.000000 1.245650e-02
-6.750000 1.267091e-02
-6.500000 1.287226e-02
-6.250000 1.305975e-02
-6.000000 1.323265e-02
-5.750000 1.339036e-02
-5.500000 1.353237e-02
-5.250000 1.365825e-02
-5.000000 1.376771e-02
-4.750000 1.386053e-02
-4.500000 1.393661e-02
-4.250000 1.399593e-02
-4.000000 1.403859e-02
-3.750000 1.406478e-02
-3.500000 1.407479e-02
-3.250000 1.406899e-02
-3.000000 1.404787e-02
-2.750000 1.401198e-02
-2.500000 1.396198e-02
-2.250000 1.389860e-02
-2.000000 1.382265e-02
-1.750000 1.373502e-02
-1.500000 1.363665e-02
-1.250000 1.352855e-02
-1.000000 1.341179e-02
-0.750000 1.328748e-02
-0.500000 1.315674e-02
-0.250000 1.302074e-02
0.000000 1.288067e-02
0.250000 1.273769e-02
0.500000 1.259297e-02
0.750000 1.244764e-02
1.000000 1.230280e-02
1.250000 1.215949e-02
1.500000 1.201868e-02
1.750000 1.188125e-02
2.000000 1.174799e-02
2.250000 1.161958e-02
2.500000 1.149657e-02
2.750000 1.137938e-02
3.000000 1.126830e-02
3.250000 1.116347e-02
3.500000 1.106489e-02
3.750000 1.097243e-02
4.000000 1.088580e-02
4.250000 1.080463e-02
4.500000 1.072838e-02
4.750000 1.065645e-02
5.000000 1.058813e-02
5.250000 1.052265e-02
5.500000 1.045918e-02
5.750000 1.039688e-02
6.000000 1.033485e-02
6.250000 1.027222e-02
6.500000 1.020812e-02
6.750000 1.014171e-02
7.000000 1.007220e-02
7.250000 9.998828e-03
7.500000 9.920919e-03
7.750000 9.837852e-03
8.000000 9.749082e-03
8.250000 9.654146e-03
8.500000 9.552663e-03
8.750000 9.444336e-03
9.000000 9.328954e-03
9.250000 9.206393e-03
9.500000 9.076613e-03
9.750000 8.939654e-03
10.000000 8.795641e-03
10.250000 8.644773e-03
10.500000 8.487324e-03
10.750000 8.323637e-03
11.000000 8.154120e-03
11.250000 7.979242e-03
11.500000 7.799527e-03
11.750000 7.615552e-03
12.000000 7.427936e-03
12.250000 7.237339e-03
12.500000 7.044457e-03
12.750000 6.850012e-03
13.000000 6.654752e-03
13.250000 6.459443e-03
13.500000 6.264863e-03
13.750000 6.071797e-03
14.000000 5.881032e-03
14.250000 5.693352e-03
14.500000 5.509533e-03
14.750000 5.330335e-03
15.000000 5.156502e-03
15.250000 4.988751e-03
15.500000 4.827770e-03
15.750000 4.674212e-03
16.000000 4.528690e-03
16.250000 4.391770e-03
16.500000 4.263966e-03
16.750000 4.145735e-03
17.000000 4.037473e-03
17.250000 3.939506e-03
17.500000 3.852089e-03
17.750000 3.775403e-03
18.000000 3.709551e-03
18.250000 3.654556e-03
18.500000 3.610364e-03
18.750000 3.576845e-03
19.000000 3.553795e-03
19.250000 3.540943e-03
19.500000 3.537954e-03
19.750000 3.544438e-03
20.000000 3.559955e-03
20.250000 3.584019e-03
20.500000 3.616108e-03
20.750000 3.655665e-03
21.000000 3.702106e-03
21.250000 3.754822e-03
21.500000 3.813181e-03
21.750000 3.876532e-03
22.000000 3.944208e-03
22.250000 4.015527e-03
22.500000 4.089794e-03
22.750000 4.166304e-03
23.000000 4.244342e-03
23.250000 4.323192e-03
23.500000 4.402132e-03
23.750000 4.480440e-03
24.000000 4.557403e-03
24.250000 4.632311e-03
24.500000 4.704469e-03
24.750000 4.773196e-03
25.000000 4.837833e-03
25.250000 4.897743e-03
25.500000 4.952322e-03
25.750000 5.000994e-03
26.000000 5.043224e-03
26.250000 5.078518e-03
26.500000 5.106428e-03
26.750000 5.126555e-03
27.000000 5.138557e-03
27.250000 5.142148e-03
27.500000 5.137106e-03
27.750000 5.123276e-03
28.000000 5.100573e-03
28.250000 5.068987e-03
28.500000 5.028588e-03
28.750000 4.979526e-03
29.000000 4.922044e-03
29.250000 4.856473e-03
29.500000 4.783243e-03
29.750000 4.702889e-03
30.000000 4.616051e-03
30.250000 4.523484e-03
30.500000 4.426064e-03
30.750000 4.324792e-03
31.000000 4.220798e-03
31.250000 4.115348e-03
31.500000 4.009842e-03
31.750000 3.905809e-03
32.000000 3.804902e-03
32.250000 3.708876e-03
32.500000 3.619559e-03
32.750000 3.538808e-03
33.000000 3.468447e-03
33.250000 3.410192e-03
33.500000 3.365569e-03
33.750000 3.335814e-03
34.000000 3.321795e-03
34.250000 3.323946e-03
34.500000 3.342230e-03
34.750000 3.376141e-03
35.000000 3.424745e-03
35.250000 3.486742e-03
35.500000 3.560554e-03
35.750000 3.644413e-03
36.000000 3.736447e-03
36.250000 3.834751e-03
36.500000 3.937449e-03
36.750000 4.042729e-03
37.000000 4.148878e-03
37.250000 4.254295e-03
37.500000 4.357504e-03
37.750000 4.457150e-03
38.000000 4.552008e-03
38.250000 4.640971e-03
38.500000 4.723051e-03
38.750000 4.797371e-03
39.000000 4.863160e-03
39.250000 4.919750e-03
39.500000 4.966567e-03
39.750000 5.003133e-03
40.000000 5.029055e-03
40.250000 5.044024e-03
40.500000 5.047813e-03
40.750000 5.040272e-03
41.000000 5.021324e-03
41.250000 4.990965e-03
41.500000 4.949258e-03
41.750000 4.896332e-03
42.000000 4.832380e-03
42.250000 4.757655e-03
42.500000 4.672469e-03
42.750000 4.577190e-03
43.000000 4.472241e-03
43.250000 4.358096e-03
43.500000 4.235281e-03
43.750000 4.104373e-03
44.000000 3.965995e-03
44.250000 3.820821e-03
44.500000 3.669576e-03
44.750000 3.513035e-03
45.000000 3.352029e-03
45.250000 3.187451e-03
45.500000 3.020263e-03
45.750000 2.851508e-03
46.000000 2.682326e-03
46.250000 2.513978e-03
46.500000 2.347872e-03
46.750000 2.185602e-03
47.000000 2.028994e-03
47.250000 1.880157e-03
47.500000 1.741528e-03
47.750000 1.615893e-03
48.000000 1.506343e-03
48.250000 1.416108e-03
48.500000 1.348211e-03
48.750000 1.304943e-03
49.000000 1.287294e-03
49.250000 1.294582e-03
49.500000 1.324506e-03
49.750000 1.373604e-03
50.000000 1.437905e-03
