-50.00     1.212238
-49.75     1.217813
-49.50     1.223619
-49.25     1.229505
-49.00     1.235514
-48.75     1.241715
-48.50     1.248163
-48.25     1.255020
-48.00     1.262426
-47.75     1.270100
-47.50     1.278138
-47.25     1.286796
-47.00     1.295871
-46.75     1.304810
-46.50     1.313716
-46.25     1.322494
-46.00     1.331099
-45.75     1.340356
-45.50     1.351172
-45.25     1.363276
-45.00     1.375228
-44.75     1.386633
-44.50     1.397732
-44.25     1.408589
-44.00     1.418908
-43.75     1.428847
-43.50     1.438241
-43.25     1.447761
-43.00     1.457790
-42.75     1.469069
-42.50     1.481401
-42.25     1.492318
-42.00     1.501355
-41.75     1.509500
-41.50     1.517122
-41.25     1.524790
-41.00     1.532639
-40.75     1.539850
-40.50     1.546046
-40.25     1.551595
-40.00     1.556620
-39.75     1.562594
-39.50     1.569559
-39.25     1.577282
-39.00     1.585883
-38.75     1.595356
-38.50     1.605346
-38.25     1.615486
-38.00     1.625624
-37.75     1.635995
-37.50     1.646815
-37.25     1.658581
-37.00     1.671531
-36.75     1.685105
-36.50     1.698861
-36.25     1.712397
-36.00     1.726393
-35.75     1.740663
-35.50     1.754576
-35.25     1.767194
-35.00     1.778660
-34.75     1.790592
-34.50     1.802462
-34.25     1.813766
-34.00     1.823809
-33.75     1.835121
-33.50     1.848150
-33.25     1.860277
-33.00     1.870778
-32.75     1.879829
-32.50     1.887837
-32.25     1.896140
-32.00     1.905465
-31.75     1.916706
-31.50     1.931362
-31.25     1.947426
-31.00     1.964275
-30.75     1.981566
-30.50     1.996733
-30.25     2.011230
-30.00     2.023584
-29.75     2.033932
-29.50     2.043122
-29.25     2.051146
-29.00     2.057075
-28.75     2.061399
-28.50     2.064363
-28.25     2.066792
-28.00     2.070612
-27.75     2.076040
-27.50     2.083506
-27.25     2.093303
-27.00     2.104396
-26.75     2.116394
-26.50     2.130164
-26.25     2.144606
-26.00     2.158423
-25.75     2.171213
-25.50     2.182754
-25.25     2.193120
-25.00     2.202619
-24.75     2.211896
-24.50     2.222108
-24.25     2.233954
-24.00     2.246991
-23.75     2.261209
-23.50     2.276830
-23.25     2.293930
-23.00     2.312306
-22.75     2.331580
-22.50     2.351370
-22.25     2.371504
-22.00     2.392259
-21.75     2.413688
-21.50     2.436836
-21.25     2.461152
-21.00     2.486625
-20.75     2.513521
-20.50     2.542222
-20.25     2.572897
-20.00     2.605554
-19.75     2.639585
-19.50     2.674467
-19.25     2.709528
-19.00     2.745483
-18.75     2.781544
-18.50     2.817570
-18.25     2.854226
-18.00     2.892320
-17.75     2.931279
-17.50     2.971891
-17.25     3.016454
-17.00     3.063969
-16.75     3.115643
-16.50     3.173830
-16.25     3.237104
-16.00     3.305367
-15.75     3.375567
-15.50     3.446131
-15.25     3.517577
-15.00     3.587444
-14.75     3.656285
-14.50     3.721590
-14.25     3.785079
-14.00     3.844127
-13.75     3.898104
-13.50     3.948171
-13.25     3.993842
-13.00     4.036298
-12.75     4.073970
-12.50     4.109663
-12.25     4.143397
-12.00     4.178185
-11.75     4.216849
-11.50     4.261172
-11.25     4.311982
-11.00     4.370416
-10.75     4.438122
-10.50     4.514548
-10.25     4.598267
-10.00     4.688023
 -9.75     4.782913
 -9.50     4.882960
 -9.25     4.988317
 -9.00     5.100344
 -8.75     5.222243
 -8.50     5.352777
 -8.25     5.493107
 -8.00     5.643534
 -7.75     5.803138
 -7.50     5.970579
 -7.25     6.144284
 -7.00     6.322845
 -6.75     6.506307
 -6.50     6.695096
 -6.25     6.896367
 -6.00     7.112654
 -5.75     7.338094
 -5.50     7.568628
 -5.25     7.801734
 -5.00     8.036766
 -4.75     8.276102
 -4.50     8.524707
 -4.25     8.791041
 -4.00     9.088425
 -3.75     9.434839
 -3.50     9.822615
 -3.25     10.234538
 -3.00     10.660699
 -2.75     11.092436
 -2.50     11.523543
 -2.25     11.951570
 -2.00     12.382686
 -1.75     12.823210
 -1.50     13.253095
 -1.25     13.647382
 -1.00     13.988612
 -0.75     14.262646
 -0.50     14.458101
 -0.25     14.566846
  0.00     14.584500
  0.25     14.510714
  0.50     14.349172
  0.75     14.107320
  1.00     13.795865
  1.25     13.428183
  1.50     13.019931
  1.75     12.588769
  2.00     12.151015
  2.25     11.712917
  2.50     11.272960
  2.75     10.830104
  3.00     10.384836
  3.25     9.938798
  3.50     9.495086
  3.75     9.058657
  4.00     8.637218
  4.25     8.250469
  4.50     7.918633
  4.75     7.632084
  5.00     7.377850
  5.25     7.149355
  5.50     6.943165
  5.75     6.751809
  6.00     6.579215
  6.25     6.421498
  6.50     6.272897
  6.75     6.131450
  7.00     5.995755
  7.25     5.864889
  7.50     5.738177
  7.75     5.615129
  8.00     5.495627
  8.25     5.380027
  8.50     5.269403
  8.75     5.164344
  9.00     5.065469
  9.25     4.973971
  9.50     4.886966
  9.75     4.800967
 10.00     4.716124
 10.25     4.630309
 10.50     4.541105
 10.75     4.448766
 11.00     4.354259
 11.25     4.261682
 11.50     4.172891
 11.75     4.088356
 12.00     4.011712
 12.25     3.943328
 12.50     3.881056
 12.75     3.823117
 13.00     3.769846
 13.25     3.720809
 13.50     3.673128
 13.75     3.626605
 14.00     3.579769
 14.25     3.532662
 14.50     3.485278
 14.75     3.439056
 15.00     3.394678
 15.25     3.353353
 15.50     3.316005
 15.75     3.282727
 16.00     3.253121
 16.25     3.225967
 16.50     3.200664
 16.75     3.176049
 17.00     3.151288
 17.25     3.125182
 17.50     3.097328
 17.75     3.067930
 18.00     3.035830
 18.25     3.000608
 18.50     2.964225
 18.75     2.927882
 19.00     2.891861
 19.25     2.857558
 19.50     2.826711
 19.75     2.798633
 20.00     2.773509
 20.25     2.751512
 20.50     2.732455
 20.75     2.714639
 21.00     2.696030
 21.25     2.675818
 21.50     2.653384
 21.75     2.629989
 22.00     2.606613
 22.25     2.581742
 22.50     2.554345
 22.75     2.525234
 23.00     2.497336
 23.25     2.469150
 23.50     2.440432
 23.75     2.413489
 24.00     2.388044
 24.25     2.362576
 24.50     2.335891
 24.75     2.309674
 25.00     2.284126
 25.25     2.259425
 25.50     2.236494
 25.75     2.214623
 26.00     2.193458
 26.25     2.173132
 26.50     2.153583
 26.75     2.134407
 27.00     2.115341
 27.25     2.096325
 27.50     2.077390
 27.75     2.058774
 28.00     2.041164
 28.25     2.024669
 28.50     2.008610
 28.75     1.992636
 29.00     1.976699
 29.25     1.960967
 29.50     1.945894
 29.75     1.931810
 30.00     1.918010
 30.25     1.904349
 30.50     1.890447
 30.75     1.875749
 31.00     1.860283
 31.25     1.844451
 31.50     1.828368
 31.75     1.812377
 32.00     1.796814
 32.25     1.781844
 32.50     1.766734
 32.75     1.751622
 33.00     1.736674
 33.25     1.722138
 33.50     1.708364
 33.75     1.695451
 34.00     1.683057
 34.25     1.670899
 34.50     1.658700
 34.75     1.646271
 35.00     1.633727
 35.25     1.621565
 35.50     1.610361
 35.75     1.599776
 36.00     1.589228
 36.25     1.578451
 36.50     1.567525
 36.75     1.556757
 37.00     1.546341
 37.25     1.536093
 37.50     1.526076
 37.75     1.516365
 38.00     1.507005
 38.25     1.497925
 38.50     1.489124
 38.75     1.480526
 39.00     1.472028
 39.25     1.463638
 39.50     1.455503
 39.75     1.447764
 40.00     1.440553
 40.25     1.433847
 40.50     1.427369
 40.75     1.420973
 41.00     1.414437
 41.25     1.407639
 41.50     1.400759
 41.75     1.393930
 42.00     1.387156
 42.25     1.380724
 42.50     1.374711
 42.75     1.369149
 43.00     1.364041
 43.25     1.359403
 43.50     1.355273
 43.75     1.351668
 44.00     1.348600
 44.25     1.346186
 44.50     1.344796
 44.75     1.343554
 45.00     1.342308
 45.25     1.341152
 45.50     1.339496
 45.75     1.337663
 46.00     1.336455
 46.25     1.334495
 46.50     1.331585
 46.75     1.328892
 47.00     1.326543
 47.25     1.324370
 47.50     1.322214
 47.75     1.319474
 48.00     1.316189
 48.25     1.313122
 48.50     1.308868
 48.75     1.304268
 49.00     1.299875
 49.25     1.295979
 49.50     1.291615
 49.75     1.286034
 50.00     1.279481
