-50.000000 2.006413e-02
-49.750000 1.624033e-02
-49.500000 1.276840e-02
-49.250000 1.033299e-02
-49.000000 9.960037e-03
-48.750000 1.192478e-02
-48.500000 1.533405e-02
-48.250000 1.936099e-02
-48.000000 2.357503e-02
-47.750000 2.775235e-02
-47.500000 3.175702e-02
-47.250000 3.549321e-02
-47.000000 3.888637e-02
-46.750000 4.187537e-02
-46.500000 4.440910e-02
-46.250000 4.644502e-02
-46.000000 4.794864e-02
-45.750000 4.889332e-02
-45.500000 4.926039e-02
-45.250000 4.903925e-02
-45.000000 4.822764e-02
-44.750000 4.683181e-02
-44.500000 4.486692e-02
-44.250000 4.235747e-02
-44.000000 3.933815e-02
-43.750000 3.585547e-02
-43.500000 3.197087e-02
-43.250000 2.776768e-02
-43.000000 2.336678e-02
-42.750000 1.896518e-02
-42.500000 1.493451e-02
-42.250000 1.203350e-02
-42.000000 1.144259e-02
-41.750000 1.357431e-02
-41.500000 1.744416e-02
-41.250000 2.207180e-02
-41.000000 2.693908e-02
-40.750000 3.177768e-02
-40.500000 3.642552e-02
-40.250000 4.076863e-02
-40.000000 4.471820e-02
-39.750000 4.820110e-02
-39.500000 5.115576e-02
-39.250000 5.353046e-02
-39.000000 5.528263e-02
-38.750000 5.637875e-02
-38.500000 5.679440e-02
-38.250000 5.651446e-02
-38.000000 5.553336e-02
-37.750000 5.385538e-02
-37.500000 5.149496e-02
-37.250000 4.847727e-02
-37.000000 4.483899e-02
-36.750000 4.063006e-02
-36.500000 3.591706e-02
-36.250000 3.079121e-02
-36.000000 2.538782e-02
-35.750000 1.994013e-02
-35.500000 1.494272e-02
-35.250000 1.159397e-02
-35.000000 1.183187e-02
-34.750000 1.563783e-02
-34.500000 2.116131e-02
-34.250000 2.728680e-02
-34.000000 3.353830e-02
-33.750000 3.967422e-02
-33.500000 4.553962e-02
-33.250000 5.101746e-02
-33.000000 5.601097e-02
-32.750000 6.043686e-02
-32.500000 6.422266e-02
-32.250000 6.730582e-02
-32.000000 6.963356e-02
-31.750000 7.116312e-02
-31.500000 7.186214e-02
-31.250000 7.170910e-02
-31.000000 7.069381e-02
-30.750000 6.881789e-02
-30.500000 6.609535e-02
-30.250000 6.255331e-02
-30.000000 5.823319e-02
-29.750000 5.319278e-02
-29.500000 4.751030e-02
-29.250000 4.129319e-02
-29.000000 3.469845e-02
-28.750000 2.798458e-02
-28.500000 2.165534e-02
-28.250000 1.683456e-02
-28.000000 1.558239e-02
-27.750000 1.889076e-02
-27.500000 2.505741e-02
-27.250000 3.241049e-02
-27.000000 4.014242e-02
-26.750000 4.785710e-02
-26.500000 5.531745e-02
-26.250000 6.235390e-02
-26.000000 6.883075e-02
-25.750000 7.463277e-02
-25.500000 7.965986e-02
-25.250000 8.382495e-02
-25.000000 8.705337e-02
-24.750000 8.928298e-02
-24.500000 9.046464e-02
-24.250000 9.056281e-02
-24.000000 8.955633e-02
-23.750000 8.743919e-02
-23.500000 8.422157e-02
-23.250000 7.993116e-02
-23.000000 7.461526e-02
-22.750000 6.834430e-02
-22.500000 6.121874e-02
-22.250000 5.338340e-02
-22.000000 4.506016e-02
-21.750000 3.662898e-02
-21.500000 2.883984e-02
-21.250000 2.328642e-02
-21.000000 2.249603e-02
-20.750000 2.729658e-02
-20.500000 3.561975e-02
-20.250000 4.552904e-02
-20.000000 5.602924e-02
-19.750000 6.660242e-02
-19.500000 7.692691e-02
-19.250000 8.676734e-02
-19.000000 9.593178e-02
-18.750000 1.042543e-01
-18.500000 1.115878e-01
-18.250000 1.178008e-01
-18.000000 1.227773e-01
-17.750000 1.264166e-01
-17.500000 1.286340e-01
-17.250000 1.293625e-01
-17.000000 1.285535e-01
-16.750000 1.261789e-01
-16.500000 1.222326e-01
-16.250000 1.167332e-01
-16.000000 1.097280e-01
-15.750000 1.012989e-01
-15.500000 9.157399e-02
-15.250000 8.075088e-02
-15.000000 6.914628e-02
-14.750000 5.731356e-02
-14.500000 4.632683e-02
-14.250000 3.835457e-02
-14.000000 3.675665e-02
-13.750000 4.310312e-02
-13.500000 5.512507e-02
-13.250000 7.008851e-02
-13.000000 8.640566e-02
-12.750000 1.032153e-01
-12.500000 1.199809e-01
-12.250000 1.363101e-01
-12.000000 1.518806e-01
-11.750000 1.664082e-01
-11.500000 1.796327e-01
-11.250000 1.913125e-01
-11.000000 2.012220e-01
-10.750000 2.091520e-01
-10.500000 2.149105e-01
-10.250000 2.183245e-01
-10.000000 2.192421e-01
-9.750000 2.175355e-01
-9.500000 2.131040e-01
-9.250000 2.058788e-01
-9.000000 1.958299e-01
-8.750000 1.829768e-01
-8.500000 1.674086e-01
-8.250000 1.493233e-01
-8.000000 1.291159e-01
-7.750000 1.075915e-01
-7.500000 8.653169e-02
-7.250000 7.010621e-02
-7.000000 6.622126e-02
-6.750000 8.018953e-02
-6.500000 1.075566e-01
-6.250000 1.424316e-01
-6.000000 1.817253e-01
-5.750000 2.239490e-01
-5.500000 2.682618e-01
-5.250000 3.140883e-01
-5.000000 3.609690e-01
-4.750000 4.084982e-01
-4.500000 4.562971e-01
-4.250000 5.040012e-01
-4.000000 5.512552e-01
-3.750000 5.977111e-01
-3.500000 6.430284e-01
-3.250000 6.868751e-01
-3.000000 7.289299e-01
-2.750000 7.688835e-01
-2.500000 8.064414e-01
-2.250000 8.413257e-01
-2.000000 8.732775e-01
-1.750000 9.020589e-01
-1.500000 9.274551e-01
-1.250000 9.492759e-01
-1.000000 9.673576e-01
-0.750000 9.815644e-01
-0.500000 9.917893e-01
-0.250000 9.979553e-01
0.000000 1.000016e+00
0.250000 9.979553e-01
0.500000 9.917893e-01
0.750000 9.815644e-01
1.000000 9.673576e-01
1.250000 9.492759e-01
1.500000 9.274551e-01
1.750000 9.020589e-01
2.000000 8.732775e-01
2.250000 8.413257e-01
2.500000 8.064414e-01
2.750000 7.688835e-01
3.000000 7.289299e-01
3.250000 6.868751e-01
3.500000 6.430284e-01
3.750000 5.977111e-01
4.000000 5.512552e-01
4.250000 5.040012e-01
4.500000 4.562971e-01
4.750000 4.084982e-01
5.000000 3.609690e-01
5.250000 3.140883e-01
5.500000 2.682618e-01
5.750000 2.239490e-01
6.000000 1.817253e-01
6.250000 1.424316e-01
6.500000 1.075566e-01
6.750000 8.018953e-02
7.000000 6.622126e-02
7.250000 7.010621e-02
7.500000 8.653169e-02
7.750000 1.075915e-01
8.000000 1.291159e-01
8.250000 1.493233e-01
8.500000 1.674086e-01
8.750000 1.829768e-01
9.000000 1.958299e-01
9.250000 2.058788e-01
9.500000 2.131040e-01
9.750000 2.175355e-01
10.000000 2.192421e-01
10.250000 2.183245e-01
10.500000 2.149105e-01
10.750000 2.091520e-01
11.000000 2.012220e-01
11.250000 1.913125e-01
11.500000 1.796327e-01
11.750000 1.664082e-01
12.000000 1.518806e-01
12.250000 1.363101e-01
12.500000 1.199809e-01
12.750000 1.032153e-01
13.000000 8.640566e-02
13.250000 7.008851e-02
13.500000 5.512507e-02
13.750000 4.310312e-02
14.000000 3.675665e-02
14.250000 3.835457e-02
14.500000 4.632683e-02
14.750000 5.731356e-02
15.000000 6.914628e-02
15.250000 8.075088e-02
15.500000 9.157399e-02
15.750000 1.012989e-01
16.000000 1.097280e-01
16.250000 1.167332e-01
16.500000 1.222326e-01
16.750000 1.261789e-01
17.000000 1.285535e-01
17.250000 1.293625e-01
17.500000 1.286340e-01
17.750000 1.264166e-01
18.000000 1.227773e-01
18.250000 1.178008e-01
18.500000 1.115878e-01
18.750000 1.042543e-01
19.000000 9.593178e-02
19.250000 8.676734e-02
19.500000 7.692691e-02
19.750000 6.660242e-02
20.000000 5.602924e-02
20.250000 4.552904e-02
20.500000 3.561975e-02
20.750000 2.729658e-02
21.000000 2.249603e-02
21.250000 2.328642e-02
21.500000 2.883984e-02
21.750000 3.662898e-02
22.000000 4.506016e-02
22.250000 5.338340e-02
22.500000 6.121874e-02
22.750000 6.834430e-02
23.000000 7.461526e-02
23.250000 7.993116e-02
23.500000 8.422157e-02
23.750000 8.743919e-02
24.000000 8.955633e-02
24.250000 9.056281e-02
24.500000 9.046464e-02
24.750000 8.928298e-02
25.000000 8.705337e-02
25.250000 8.382495e-02
25.500000 7.965986e-02
25.750000 7.463277e-02
26.000000 6.883075e-02
26.250000 6.235390e-02
26.500000 5.531745e-02
26.750000 4.785710e-02
27.000000 4.014242e-02
27.250000 3.241049e-02
27.500000 2.505741e-02
27.750000 1.889076e-02
28.000000 1.558239e-02
28.250000 1.683456e-02
28.500000 2.165534e-02
28.750000 2.798458e-02
29.000000 3.469845e-02
29.250000 4.129319e-02
29.500000 4.751030e-02
29.750000 5.319278e-02
30.000000 5.823319e-02
30.250000 6.255331e-02
30.500000 6.609535e-02
30.750000 6.881789e-02
31.000000 7.069381e-02
31.250000 7.170910e-02
31.500000 7.186214e-02
31.750000 7.116312e-02
32.000000 6.963356e-02
32.250000 6.730582e-02
32.500000 6.422266e-02
32.750000 6.043686e-02
33.000000 5.601097e-02
33.250000 5.101746e-02
33.500000 4.553962e-02
33.750000 3.967422e-02
34.000000 3.353830e-02
34.250000 2.728680e-02
34.500000 2.116131e-02
34.750000 1.563783e-02
35.000000 1.183187e-02
35.250000 1.159397e-02
35.500000 1.494272e-02
35.750000 1.994013e-02
36.000000 2.538782e-02
36.250000 3.079121e-02
36.500000 3.591706e-02
36.750000 4.063006e-02
37.000000 4.483899e-02
37.250000 4.847727e-02
37.500000 5.149496e-02
37.750000 5.385538e-02
38.000000 5.553336e-02
38.250000 5.651446e-02
38.500000 5.679440e-02
38.750000 5.637875e-02
39.000000 5.528263e-02
39.250000 5.353046e-02
39.500000 5.115576e-02
39.750000 4.820110e-02
40.000000 4.471820e-02
40.250000 4.076863e-02
40.500000 3.642552e-02
40.750000 3.177768e-02
41.000000 2.693908e-02
41.250000 2.207180e-02
41.500000 1.744416e-02
41.750000 1.357431e-02
42.000000 1.144259e-02
42.250000 1.203350e-02
42.500000 1.493451e-02
42.750000 1.896518e-02
43.000000 2.336678e-02
43.250000 2.776768e-02
43.500000 3.197087e-02
43.750000 3.585547e-02
44.000000 3.933815e-02
44.250000 4.235747e-02
44.500000 4.486692e-02
44.750000 4.683181e-02
45.000000 4.822764e-02
45.250000 4.903925e-02
45.500000 4.926039e-02
45.750000 4.889332e-02
46.000000 4.794864e-02
46.250000 4.644502e-02
46.500000 4.440910e-02
46.750000 4.187537e-02
47.000000 3.888637e-02
47.250000 3.549321e-02
47.500000 3.175702e-02
47.750000 2.775235e-02
48.000000 2.357503e-02
48.250000 1.936099e-02
48.500000 1.533405e-02
48.750000 1.192478e-02
49.000000 9.960037e-03
49.250000 1.033299e-02
49.500000 1.276840e-02
49.750000 1.624033e-02
50.000000 2.006413e-02
