-50.000000 8.756025e-04
-49.750000 8.832272e-04
-49.500000 8.899733e-04
-49.250000 8.964768e-04
-49.000000 9.032002e-04
-48.750000 9.103827e-04
-48.500000 9.180122e-04
-48.250000 9.258208e-04
-48.000000 9.333070e-04
-47.750000 9.397796e-04
-47.500000 9.444156e-04
-47.250000 9.463268e-04
-47.000000 9.446252e-04
-46.750000 9.384862e-04
-46.500000 9.272040e-04
-46.250000 9.102413e-04
-46.000000 8.872749e-04
-45.750000 8.582385e-04
-45.500000 8.233702e-04
-45.250000 7.832678e-04
-45.000000 7.389629e-04
-44.750000 6.920209e-04
-44.500000 6.446718e-04
-44.250000 5.999541e-04
-44.000000 5.617932e-04
-43.750000 5.348170e-04
-43.500000 5.236290e-04
-43.250000 5.315017e-04
-43.000000 5.591784e-04
-42.750000 6.047780e-04
-42.500000 6.648471e-04
-42.250000 7.356151e-04
-42.000000 8.137547e-04
-41.750000 8.966290e-04
-41.500000 9.822704e-04
-41.250000 1.069271e-03
-41.000000 1.156666e-03
-40.750000 1.243832e-03
-40.500000 1.330399e-03
-40.250000 1.416173e-03
-40.000000 1.501066e-03
-39.750000 1.585034e-03
-39.500000 1.668013e-03
-39.250000 1.749869e-03
-39.000000 1.830350e-03
-38.750000 1.909060e-03
-38.500000 1.985438e-03
-38.250000 2.058749e-03
-38.000000 2.128103e-03
-37.750000 2.192466e-03
-37.500000 2.250704e-03
-37.250000 2.301613e-03
-37.000000 2.343976e-03
-36.750000 2.376605e-03
-36.500000 2.398394e-03
-36.250000 2.408372e-03
-36.000000 2.405745e-03
-35.750000 2.389946e-03
-35.500000 2.360670e-03
-35.250000 2.317913e-03
-35.000000 2.261996e-03
-34.750000 2.193590e-03
-34.500000 2.113729e-03
-34.250000 2.023821e-03
-34.000000 1.925637e-03
-33.750000 1.821303e-03
-33.500000 1.713257e-03
-33.250000 1.604190e-03
-33.000000 1.496939e-03
-32.750000 1.394332e-03
-32.500000 1.298951e-03
-32.250000 1.212834e-03
-32.000000 1.137132e-03
-31.750000 1.071809e-03
-31.500000 1.015491e-03
-31.250000 9.655641e-04
-31.000000 9.185353e-04
-30.750000 8.705821e-04
-30.500000 8.181795e-04
-30.250000 7.587701e-04
-30.000000 6.915778e-04
-29.750000 6.188905e-04
-29.500000 5.484211e-04
-29.250000 4.970159e-04
-29.000000 4.914426e-04
-28.750000 5.542252e-04
-28.500000 6.846380e-04
-28.250000 8.666362e-04
-28.000000 1.084950e-03
-27.750000 1.328858e-03
-27.500000 1.590649e-03
-27.250000 1.864094e-03
-27.000000 2.143626e-03
-26.750000 2.423944e-03
-26.500000 2.699858e-03
-26.250000 2.966242e-03
-26.000000 3.218052e-03
-25.750000 3.450379e-03
-25.500000 3.658520e-03
-25.250000 3.838063e-03
-25.000000 3.984985e-03
-24.750000 4.095751e-03
-24.500000 4.167426e-03
-24.250000 4.197793e-03
-24.000000 4.185490e-03
-23.750000 4.130164e-03
-23.500000 4.032665e-03
-23.250000 3.895303e-03
-23.000000 3.722193e-03
-22.750000 3.519754e-03
-22.500000 3.297421e-03
-22.250000 3.068602e-03
-22.000000 2.851778e-03
-21.750000 2.671118e-03
-21.500000 2.555013e-03
-21.250000 2.530347e-03
-21.000000 2.612990e-03
-20.750000 2.800978e-03
-20.500000 3.076791e-03
-20.250000 3.415754e-03
-20.000000 3.793167e-03
-19.750000 4.187411e-03
-19.500000 4.580376e-03
-19.250000 4.956923e-03
-19.000000 5.304236e-03
-18.750000 5.611317e-03
-18.500000 5.868672e-03
-18.250000 6.068129e-03
-18.000000 6.202757e-03
-17.750000 6.266866e-03
-17.500000 6.256047e-03
-17.250000 6.167272e-03
-17.000000 5.999054e-03
-16.750000 5.751691e-03
-16.500000 5.427677e-03
-16.250000 5.032414e-03
-16.000000 4.575531e-03
-15.750000 4.073443e-03
-15.500000 3.554489e-03
-15.250000 3.068860e-03
-15.000000 2.703275e-03
-14.750000 2.580321e-03
-14.500000 2.792282e-03
-14.250000 3.318041e-03
-14.000000 4.064938e-03
-13.750000 4.949497e-03
-13.500000 5.916743e-03
-13.250000 6.931373e-03
-13.000000 7.968912e-03
-12.750000 9.010724e-03
-12.500000 1.004150e-02
-12.250000 1.104803e-02
-12.000000 1.201856e-02
-11.750000 1.294253e-02
-11.500000 1.381040e-02
-11.250000 1.461367e-02
-11.000000 1.534482e-02
-10.750000 1.599738e-02
-10.500000 1.656594e-02
-10.250000 1.704616e-02
-10.000000 1.743482e-02
-9.750000 1.772985e-02
-9.500000 1.793029e-02
-9.250000 1.803632e-02
-9.000000 1.804921e-02
-8.750000 1.797133e-02
-8.500000 1.780606e-02
-8.250000 1.755780e-02
-8.000000 1.723183e-02
-7.750000 1.683431e-02
-7.500000 1.637218e-02
-7.250000 1.585307e-02
-7.000000 1.528524e-02
-6.750000 1.467747e-02
-6.500000 1.403902e-02
-6.250000 1.337951e-02
-6.000000 1.270882e-02
-5.750000 1.203704e-02
-5.500000 1.137435e-02
-5.250000 1.073085e-02
-5.000000 1.011643e-02
-4.750000 9.540502e-03
-4.500000 9.011680e-03
-4.250000 8.537390e-03
-4.000000 8.123366e-03
-3.750000 7.773155e-03
-3.500000 7.487681e-03
-3.250000 7.265023e-03
-3.000000 7.100479e-03
-2.750000 6.986967e-03
-2.500000 6.915695e-03
-2.250000 6.876943e-03
-2.000000 6.860833e-03
-1.750000 6.857938e-03
-1.500000 6.859703e-03
-1.250000 6.858681e-03
-1.000000 6.848607e-03
-0.750000 6.824374e-03
-0.500000 6.781960e-03
-0.250000 6.718314e-03
0.000000 6.631248e-03
0.250000 6.519339e-03
0.500000 6.381840e-03
0.750000 6.218619e-03
1.000000 6.030108e-03
1.250000 5.817277e-03
1.500000 5.581618e-03
1.750000 5.325150e-03
2.000000 5.050440e-03
2.250000 4.760632e-03
2.500000 4.459503e-03
2.750000 4.151532e-03
3.000000 3.841995e-03
3.250000 3.537068e-03
3.500000 3.243932e-03
3.750000 2.970800e-03
4.000000 2.726759e-03
4.250000 2.521196e-03
4.500000 2.362552e-03
4.750000 2.256402e-03
5.000000 2.203415e-03
5.250000 2.198368e-03
5.500000 2.231016e-03
5.750000 2.288382e-03
6.000000 2.357175e-03
6.250000 2.425414e-03
6.500000 2.483128e-03
6.750000 2.522452e-03
7.000000 2.537446e-03
7.250000 2.523853e-03
7.500000 2.478876e-03
7.750000 2.401017e-03
8.000000 2.289972e-03
8.250000 2.146611e-03
8.500000 1.973045e-03
8.750000 1.772882e-03
9.000000 1.551827e-03
9.250000 1.319097e-03
9.500000 1.090725e-03
9.750000 8.966699e-04
10.000000 7.891090e-04
10.250000 8.219095e-04
10.500000 9.901657e-04
10.750000 1.241728e-03
11.000000 1.533100e-03
11.250000 1.839171e-03
11.500000 2.145228e-03
11.750000 2.441553e-03
12.000000 2.720960e-03
12.250000 2.977732e-03
12.500000 3.207143e-03
12.750000 3.405249e-03
13.000000 3.568790e-03
13.250000 3.695150e-03
13.500000 3.782339e-03
13.750000 3.828988e-03
14.000000 3.834342e-03
14.250000 3.798253e-03
14.500000 3.721165e-03
14.750000 3.604093e-03
15.000000 3.448601e-03
15.250000 3.256766e-03
15.500000 3.031140e-03
15.750000 2.774706e-03
16.000000 2.490835e-03
16.250000 2.183239e-03
16.500000 1.855934e-03
16.750000 1.513237e-03
17.000000 1.159869e-03
17.250000 8.015007e-04
17.500000 4.482002e-04
17.750000 1.671421e-04
18.000000 3.441544e-04
18.250000 6.750674e-04
18.500000 1.006375e-03
18.750000 1.324438e-03
19.000000 1.624097e-03
19.250000 1.901873e-03
19.500000 2.155021e-03
19.750000 2.381319e-03
20.000000 2.578998e-03
20.250000 2.746726e-03
20.500000 2.883582e-03
20.750000 2.989053e-03
21.000000 3.063012e-03
21.250000 3.105700e-03
21.500000 3.117704e-03
21.750000 3.099932e-03
22.000000 3.053587e-03
22.250000 2.980141e-03
22.500000 2.881308e-03
22.750000 2.759027e-03
23.000000 2.615447e-03
23.250000 2.452926e-03
23.500000 2.274049e-03
23.750000 2.081680e-03
24.000000 1.879072e-03
24.250000 1.670080e-03
24.500000 1.459568e-03
24.750000 1.254185e-03
25.000000 1.063799e-03
25.250000 9.037504e-04
25.500000 7.964348e-04
25.750000 7.655130e-04
26.000000 8.181342e-04
26.250000 9.368681e-04
26.500000 1.095790e-03
26.750000 1.274596e-03
27.000000 1.460253e-03
27.250000 1.644543e-03
27.500000 1.822002e-03
27.750000 1.988724e-03
28.000000 2.141734e-03
28.250000 2.278654e-03
28.500000 2.397531e-03
28.750000 2.496744e-03
29.000000 2.574955e-03
29.250000 2.631091e-03
29.500000 2.664332e-03
29.750000 2.674116e-03
30.000000 2.660140e-03
30.250000 2.622367e-03
30.500000 2.561028e-03
30.750000 2.476626e-03
31.000000 2.369935e-03
31.250000 2.241999e-03
31.500000 2.094125e-03
31.750000 1.927874e-03
32.000000 1.745050e-03
32.250000 1.547696e-03
32.500000 1.338089e-03
32.750000 1.118769e-03
33.000000 8.926458e-04
33.250000 6.633863e-04
33.500000 4.370984e-04
33.750000 2.335094e-04
34.000000 1.741509e-04
34.250000 3.368142e-04
34.500000 5.425366e-04
34.750000 7.480294e-04
35.000000 9.446325e-04
35.250000 1.128542e-03
35.500000 1.297260e-03
35.750000 1.448877e-03
36.000000 1.581880e-03
36.250000 1.695086e-03
36.500000 1.787620e-03
36.750000 1.858905e-03
37.000000 1.908654e-03
37.250000 1.936862e-03
37.500000 1.943794e-03
37.750000 1.929973e-03
38.000000 1.896159e-03
38.250000 1.843333e-03
38.500000 1.772669e-03
38.750000 1.685509e-03
39.000000 1.583337e-03
39.250000 1.467751e-03
39.500000 1.340434e-03
39.750000 1.203129e-03
40.000000 1.057617e-03
40.250000 9.057019e-04
40.500000 7.492228e-04
40.750000 5.901152e-04
41.000000 4.306728e-04
41.250000 2.747483e-04
41.500000 1.368870e-04
41.750000 1.180923e-04
42.000000 2.414060e-04
42.250000 3.841867e-04
42.500000 5.260589e-04
42.750000 6.631153e-04
43.000000 7.937361e-04
43.250000 9.169153e-04
43.500000 1.031895e-03
43.750000 1.138050e-03
44.000000 1.234834e-03
44.250000 1.321759e-03
44.500000 1.398375e-03
44.750000 1.464270e-03
45.000000 1.519062e-03
45.250000 1.562400e-03
45.500000 1.593977e-03
45.750000 1.613534e-03
46.000000 1.620871e-03
46.250000 1.615867e-03
46.500000 1.598492e-03
46.750000 1.568828e-03
47.000000 1.527082e-03
47.250000 1.473612e-03
47.500000 1.408944e-03
47.750000 1.333797e-03
48.000000 1.249115e-03
48.250000 1.156105e-03
48.500000 1.056304e-03
48.750000 9.516803e-04
49.000000 8.448165e-04
49.250000 7.392179e-04
49.500000 6.398359e-04
49.750000 5.537960e-04
50.000000 4.908014e-04
