-50.000000 3.700164e-05
-49.750000 1.006948e-04
-49.500000 1.721016e-04
-49.250000 2.444007e-04
-49.000000 3.151573e-04
-48.750000 3.823863e-04
-48.500000 4.442903e-04
-48.250000 4.992663e-04
-48.000000 5.459609e-04
-47.750000 5.833428e-04
-47.500000 6.107837e-04
-47.250000 6.281497e-04
-47.000000 6.359031e-04
-46.750000 6.352166e-04
-46.500000 6.280924e-04
-46.250000 6.174574e-04
-46.000000 6.071613e-04
-45.750000 6.017385e-04
-45.500000 6.057807e-04
-45.250000 6.229264e-04
-45.000000 6.548520e-04
-44.750000 7.008598e-04
-44.500000 7.582854e-04
-44.250000 8.233540e-04
-44.000000 8.919785e-04
-43.750000 9.602764e-04
-43.500000 1.024839e-03
-43.250000 1.082861e-03
-43.000000 1.132214e-03
-42.750000 1.171508e-03
-42.500000 1.200155e-03
-42.250000 1.218439e-03
-42.000000 1.227582e-03
-41.750000 1.229789e-03
-41.500000 1.228233e-03
-41.250000 1.226923e-03
-41.000000 1.230387e-03
-40.750000 1.243118e-03
-40.500000 1.268846e-03
-40.250000 1.309790e-03
-40.000000 1.366185e-03
-39.750000 1.436242e-03
-39.500000 1.516524e-03
-39.250000 1.602535e-03
-39.000000 1.689293e-03
-38.750000 1.771788e-03
-38.500000 1.845298e-03
-38.250000 1.905586e-03
-38.000000 1.949033e-03
-37.750000 1.972731e-03
-37.500000 1.974544e-03
-37.250000 1.953171e-03
-37.000000 1.908194e-03
-36.750000 1.840142e-03
-36.500000 1.750548e-03
-36.250000 1.642047e-03
-36.000000 1.518511e-03
-35.750000 1.385247e-03
-35.500000 1.249302e-03
-35.250000 1.119794e-03
-35.000000 1.008001e-03
-34.750000 9.263570e-04
-34.500000 8.851187e-04
-34.250000 8.872243e-04
-34.000000 9.256860e-04
-33.750000 9.867892e-04
-33.500000 1.055633e-03
-33.250000 1.119491e-03
-33.000000 1.168611e-03
-32.750000 1.195890e-03
-32.500000 1.196376e-03
-32.250000 1.166874e-03
-32.000000 1.105701e-03
-31.750000 1.012553e-03
-31.500000 8.884802e-04
-31.250000 7.360373e-04
-31.000000 5.600185e-04
-30.750000 3.710207e-04
-30.500000 2.106279e-04
-30.250000 2.421121e-04
-30.000000 4.433363e-04
-29.750000 6.805418e-04
-29.500000 9.224145e-04
-29.250000 1.157342e-03
-29.000000 1.377353e-03
-28.750000 1.575702e-03
-28.500000 1.746413e-03
-28.250000 1.884239e-03
-28.000000 1.984744e-03
-27.750000 2.044411e-03
-27.500000 2.060764e-03
-27.250000 2.032487e-03
-27.000000 1.959550e-03
-26.750000 1.843360e-03
-26.500000 1.686990e-03
-26.250000 1.495612e-03
-26.000000 1.277471e-03
-25.750000 1.046325e-03
-25.500000 8.278575e-04
-25.250000 6.735669e-04
-25.000000 6.593503e-04
-24.750000 8.025729e-04
-24.500000 1.037227e-03
-24.250000 1.304631e-03
-24.000000 1.573266e-03
-23.750000 1.825359e-03
-23.500000 2.049295e-03
-23.250000 2.236799e-03
-23.000000 2.381985e-03
-22.750000 2.481119e-03
-22.500000 2.532713e-03
-22.250000 2.537796e-03
-22.000000 2.500337e-03
-21.750000 2.427833e-03
-21.500000 2.332018e-03
-21.250000 2.229520e-03
-21.000000 2.141833e-03
-20.750000 2.093279e-03
-20.500000 2.105619e-03
-20.250000 2.190447e-03
-20.000000 2.344453e-03
-19.750000 2.551497e-03
-19.500000 2.788896e-03
-19.250000 3.032906e-03
-19.000000 3.261514e-03
-18.750000 3.455310e-03
-18.500000 3.597595e-03
-18.250000 3.674316e-03
-18.000000 3.674108e-03
-17.750000 3.588518e-03
-17.500000 3.412529e-03
-17.250000 3.145617e-03
-17.000000 2.794091e-03
-16.750000 2.376797e-03
-16.500000 1.940560e-03
-16.250000 1.599474e-03
-16.000000 1.567928e-03
-15.750000 1.973243e-03
-15.500000 2.692480e-03
-15.250000 3.581675e-03
-15.000000 4.562032e-03
-14.750000 5.588178e-03
-14.500000 6.627427e-03
-14.250000 7.651939e-03
-14.000000 8.635899e-03
-13.750000 9.554571e-03
-13.500000 1.038410e-02
-13.250000 1.110165e-02
-13.000000 1.168568e-02
-12.750000 1.211635e-02
-12.500000 1.237587e-02
-12.250000 1.244900e-02
-12.000000 1.232345e-02
-11.750000 1.199038e-02
-11.500000 1.144504e-02
-11.250000 1.068756e-02
-11.000000 9.724324e-03
-10.750000 8.570754e-03
-10.500000 7.257725e-03
-10.250000 5.848956e-03
-10.000000 4.493953e-03
-9.750000 3.574549e-03
-9.500000 3.740572e-03
-9.250000 5.063101e-03
-9.000000 7.009867e-03
-8.750000 9.244352e-03
-8.500000 1.161836e-02
-8.250000 1.405306e-02
-8.000000 1.649471e-02
-7.750000 1.889998e-02
-7.500000 2.123083e-02
-7.250000 2.345261e-02
-7.000000 2.553352e-02
-6.750000 2.744445e-02
-6.500000 2.915925e-02
-6.250000 3.065488e-02
-6.000000 3.191177e-02
-5.750000 3.291402e-02
-5.500000 3.364963e-02
-5.250000 3.411070e-02
-5.000000 3.429349e-02
-4.750000 3.419846e-02
-4.500000 3.383028e-02
-4.250000 3.319768e-02
-4.000000 3.231334e-02
-3.750000 3.119359e-02
-3.500000 2.985817e-02
-3.250000 2.832987e-02
-3.000000 2.663418e-02
-2.750000 2.479881e-02
-2.500000 2.285334e-02
-2.250000 2.082878e-02
-2.000000 1.875716e-02
-1.750000 1.667121e-02
-1.500000 1.460425e-02
-1.250000 1.259016e-02
-1.000000 1.066393e-02
-0.750000 8.862864e-03
-0.500000 7.229074e-03
-0.250000 5.813717e-03
0.000000 4.681575e-03
0.250000 3.905760e-03
0.500000 3.527691e-03
0.750000 3.491880e-03
1.000000 3.654303e-03
1.250000 3.870175e-03
1.500000 4.043363e-03
1.750000 4.122059e-03
2.000000 4.082685e-03
2.250000 3.918531e-03
2.500000 3.633524e-03
2.750000 3.239279e-03
3.000000 2.754593e-03
3.250000 2.208556e-03
3.500000 1.653929e-03
3.750000 1.214942e-03
4.000000 1.151822e-03
4.250000 1.551683e-03
4.500000 2.173853e-03
4.750000 2.859542e-03
5.000000 3.544320e-03
5.250000 4.196102e-03
5.500000 4.794837e-03
5.750000 5.326503e-03
6.000000 5.781105e-03
6.250000 6.151919e-03
6.500000 6.435174e-03
6.750000 6.629868e-03
7.000000 6.737640e-03
7.250000 6.762637e-03
7.500000 6.711357e-03
7.750000 6.592473e-03
8.000000 6.416603e-03
8.250000 6.196030e-03
8.500000 5.944342e-03
8.750000 5.675941e-03
9.000000 5.405387e-03
9.250000 5.146506e-03
9.500000 4.911277e-03
9.750000 4.708571e-03
10.000000 4.543016e-03
10.250000 4.414321e-03
10.500000 4.317390e-03
10.750000 4.243287e-03
11.000000 4.180767e-03
11.250000 4.117938e-03
11.500000 4.043662e-03
11.750000 3.948520e-03
12.000000 3.825321e-03
12.250000 3.669287e-03
12.500000 3.478007e-03
12.750000 3.251268e-03
13.000000 2.990839e-03
13.250000 2.700247e-03
13.500000 2.384610e-03
13.750000 2.050609e-03
14.000000 1.706775e-03
14.250000 1.364631e-03
14.500000 1.042196e-03
14.750000 7.741055e-04
15.000000 6.297398e-04
15.250000 6.754565e-04
15.500000 8.617820e-04
15.750000 1.100441e-03
16.000000 1.345994e-03
16.250000 1.579698e-03
16.500000 1.793566e-03
16.750000 1.984397e-03
17.000000 2.151563e-03
17.250000 2.296030e-03
17.500000 2.419792e-03
17.750000 2.525447e-03
18.000000 2.615823e-03
18.250000 2.693625e-03
18.500000 2.761127e-03
18.750000 2.819926e-03
19.000000 2.870787e-03
19.250000 2.913608e-03
19.500000 2.947491e-03
19.750000 2.970920e-03
20.000000 2.982012e-03
20.250000 2.978795e-03
20.500000 2.959508e-03
20.750000 2.922877e-03
21.000000 2.868370e-03
21.250000 2.796410e-03
21.500000 2.708566e-03
21.750000 2.607692e-03
22.000000 2.498031e-03
22.250000 2.385227e-03
22.500000 2.276200e-03
22.750000 2.178753e-03
23.000000 2.100796e-03
23.250000 2.049128e-03
23.500000 2.027979e-03
23.750000 2.037842e-03
24.000000 2.075161e-03
24.250000 2.133085e-03
24.500000 2.202851e-03
24.750000 2.275188e-03
25.000000 2.341354e-03
25.250000 2.393725e-03
25.500000 2.426046e-03
25.750000 2.433503e-03
26.000000 2.412684e-03
26.250000 2.361510e-03
26.500000 2.279147e-03
26.750000 2.165913e-03
27.000000 2.023176e-03
27.250000 1.853248e-03
27.500000 1.659274e-03
27.750000 1.445113e-03
28.000000 1.215216e-03
28.250000 9.745086e-04
28.500000 7.283161e-04
28.750000 4.824758e-04
29.000000 2.449152e-04
29.250000 7.190890e-05
29.500000 2.290381e-04
29.750000 4.229861e-04
30.000000 5.976136e-04
30.250000 7.470946e-04
30.500000 8.685201e-04
30.750000 9.602729e-04
31.000000 1.021889e-03
31.250000 1.054135e-03
31.500000 1.059167e-03
31.750000 1.040775e-03
32.000000 1.004731e-03
32.250000 9.592119e-04
32.500000 9.151110e-04
32.750000 8.855799e-04
33.000000 8.837481e-04
33.250000 9.184071e-04
33.500000 9.903595e-04
33.750000 1.092882e-03
34.000000 1.215451e-03
34.250000 1.347172e-03
34.500000 1.478409e-03
34.750000 1.601156e-03
35.000000 1.708939e-03
35.250000 1.796641e-03
35.500000 1.860367e-03
35.750000 1.897361e-03
36.000000 1.905978e-03
36.250000 1.885678e-03
36.500000 1.837062e-03
36.750000 1.761940e-03
37.000000 1.663456e-03
37.250000 1.546317e-03
37.500000 1.417159e-03
37.750000 1.285119e-03
38.000000 1.162511e-03
38.250000 1.064996e-03
38.500000 1.009577e-03
38.750000 1.008674e-03
39.000000 1.063148e-03
39.250000 1.161843e-03
39.500000 1.288204e-03
39.750000 1.426514e-03
40.000000 1.564234e-03
40.250000 1.691959e-03
40.500000 1.802762e-03
40.750000 1.891591e-03
41.000000 1.954869e-03
41.250000 1.990228e-03
41.500000 1.996344e-03
41.750000 1.972820e-03
42.000000 1.920094e-03
42.250000 1.839359e-03
42.500000 1.732488e-03
42.750000 1.601952e-03
43.000000 1.450744e-03
43.250000 1.282300e-03
43.500000 1.100426e-03
43.750000 9.092605e-04
44.000000 7.133276e-04
44.250000 5.179152e-04
44.500000 3.310022e-04
44.750000 1.763932e-04
45.000000 1.597665e-04
45.250000 2.842850e-04
45.500000 4.263346e-04
45.750000 5.580185e-04
46.000000 6.726912e-04
46.250000 7.675854e-04
46.500000 8.413382e-04
46.750000 8.934330e-04
47.000000 9.240199e-04
47.250000 9.338319e-04
47.500000 9.241300e-04
47.750000 8.966551e-04
48.000000 8.535853e-04
48.250000 7.974980e-04
48.500000 7.313457e-04
48.750000 6.584566e-04
49.000000 5.825766e-04
49.250000 5.079674e-04
49.500000 4.395406e-04
49.750000 3.828542e-04
50.000000 3.434464e-04
