-50.000000 1.313566e-03
-49.750000 1.419096e-03
-49.500000 1.517016e-03
-49.250000 1.606330e-03
-49.000000 1.686142e-03
-48.750000 1.755658e-03
-48.500000 1.814205e-03
-48.250000 1.861233e-03
-48.000000 1.896330e-03
-47.750000 1.919228e-03
-47.500000 1.929810e-03
-47.250000 1.928118e-03
-47.000000 1.914357e-03
-46.750000 1.888902e-03
-46.500000 1.852305e-03
-46.250000 1.805295e-03
-46.000000 1.748790e-03
-45.750000 1.683906e-03
-45.500000 1.611967e-03
-45.250000 1.534522e-03
-45.000000 1.453369e-03
-44.750000 1.370578e-03
-44.500000 1.288521e-03
-44.250000 1.209885e-03
-44.000000 1.137656e-03
-43.750000 1.075028e-03
-43.500000 1.025190e-03
-43.250000 9.909566e-04
-43.000000 9.742983e-04
-42.750000 9.759181e-04
-42.500000 9.951019e-04
-42.250000 1.029943e-03
-42.000000 1.077834e-03
-41.750000 1.135999e-03
-41.500000 1.201895e-03
-41.250000 1.273422e-03
-41.000000 1.348998e-03
-40.750000 1.427537e-03
-40.500000 1.508381e-03
-40.250000 1.591224e-03
-40.000000 1.676019e-03
-39.750000 1.762897e-03
-39.500000 1.852077e-03
-39.250000 1.943801e-03
-39.000000 2.038256e-03
-38.750000 2.135523e-03
-38.500000 2.235533e-03
-38.250000 2.338034e-03
-38.000000 2.442580e-03
-37.750000 2.548530e-03
-37.500000 2.655056e-03
-37.250000 2.761170e-03
-37.000000 2.865750e-03
-36.750000 2.967579e-03
-36.500000 3.065382e-03
-36.250000 3.157870e-03
-36.000000 3.243782e-03
-35.750000 3.321929e-03
-35.500000 3.391237e-03
-35.250000 3.450791e-03
-35.000000 3.499875e-03
-34.750000 3.538021e-03
-34.500000 3.565043e-03
-34.250000 3.581085e-03
-34.000000 3.586652e-03
-33.750000 3.582656e-03
-33.500000 3.570435e-03
-33.250000 3.551780e-03
-33.000000 3.528931e-03
-32.750000 3.504562e-03
-32.500000 3.481718e-03
-32.250000 3.463715e-03
-32.000000 3.453981e-03
-31.750000 3.455849e-03
-31.500000 3.472301e-03
-31.250000 3.505707e-03
-31.000000 3.557585e-03
-30.750000 3.628435e-03
-30.500000 3.717669e-03
-30.250000 3.823657e-03
-30.000000 3.943858e-03
-29.750000 4.075010e-03
-29.500000 4.213343e-03
-29.250000 4.354774e-03
-29.000000 4.495086e-03
-28.750000 4.630059e-03
-28.500000 4.755582e-03
-28.250000 4.867728e-03
-28.000000 4.962814e-03
-27.750000 5.037445e-03
-27.500000 5.088547e-03
-27.250000 5.113398e-03
-27.000000 5.109650e-03
-26.750000 5.075351e-03
-26.500000 5.008970e-03
-26.250000 4.909414e-03
-26.000000 4.776053e-03
-25.750000 4.608746e-03
-25.500000 4.407874e-03
-25.250000 4.174382e-03
-25.000000 3.909850e-03
-24.750000 3.616593e-03
-24.500000 3.297848e-03
-24.250000 2.958101e-03
-24.000000 2.603714e-03
-23.750000 2.244174e-03
-23.500000 1.894638e-03
-23.250000 1.580952e-03
-23.000000 1.347085e-03
-22.750000 1.253343e-03
-22.500000 1.337169e-03
-22.250000 1.571253e-03
-22.000000 1.896816e-03
-21.750000 2.267469e-03
-21.500000 2.654720e-03
-21.250000 3.040999e-03
-21.000000 3.414440e-03
-20.750000 3.766182e-03
-20.500000 4.089061e-03
-20.250000 4.376977e-03
-20.000000 4.624571e-03
-19.750000 4.827077e-03
-19.500000 4.980249e-03
-19.250000 5.080331e-03
-19.000000 5.124059e-03
-18.750000 5.108673e-03
-18.500000 5.031935e-03
-18.250000 4.892164e-03
-18.000000 4.688270e-03
-17.750000 4.419807e-03
-17.500000 4.087059e-03
-17.250000 3.691189e-03
-17.000000 3.234552e-03
-16.750000 2.721463e-03
-16.500000 2.160348e-03
-16.250000 1.571427e-03
-16.000000 1.022912e-03
-15.750000 7.953001e-04
-15.500000 1.206752e-03
-15.250000 1.931908e-03
-15.000000 2.766565e-03
-14.750000 3.658652e-03
-14.500000 4.588788e-03
-14.250000 5.545743e-03
-14.000000 6.520867e-03
-13.750000 7.506466e-03
-13.500000 8.495241e-03
-13.250000 9.480084e-03
-13.000000 1.045401e-02
-12.750000 1.141017e-02
-12.500000 1.234183e-02
-12.250000 1.324245e-02
-12.000000 1.410574e-02
-11.750000 1.492566e-02
-11.500000 1.569649e-02
-11.250000 1.641291e-02
-11.000000 1.706999e-02
-10.750000 1.766328e-02
-10.500000 1.818885e-02
-10.250000 1.864331e-02
-10.000000 1.902384e-02
-9.750000 1.932824e-02
-9.500000 1.955497e-02
-9.250000 1.970314e-02
-9.000000 1.977253e-02
-8.750000 1.976366e-02
-8.500000 1.967772e-02
-8.250000 1.951664e-02
-8.000000 1.928307e-02
-7.750000 1.898040e-02
-7.500000 1.861272e-02
-7.250000 1.818485e-02
-7.000000 1.770234e-02
-6.750000 1.717145e-02
-6.500000 1.659916e-02
-6.250000 1.599315e-02
-6.000000 1.536180e-02
-5.750000 1.471418e-02
-5.500000 1.406000e-02
-5.250000 1.340959e-02
-5.000000 1.277374e-02
-4.750000 1.216359e-02
-4.500000 1.159032e-02
-4.250000 1.106477e-02
-4.000000 1.059684e-02
-3.750000 1.019484e-02
-3.500000 9.864712e-03
-3.250000 9.609272e-03
-3.000000 9.427766e-03
-2.750000 9.315747e-03
-2.500000 9.265421e-03
-2.250000 9.266386e-03
-2.000000 9.306598e-03
-1.750000 9.373356e-03
-1.500000 9.454157e-03
-1.250000 9.537328e-03
-1.000000 9.612438e-03
-0.750000 9.670506e-03
-0.500000 9.704076e-03
-0.250000 9.707197e-03
0.000000 9.675351e-03
0.250000 9.605360e-03
0.500000 9.495277e-03
0.750000 9.344293e-03
1.000000 9.152635e-03
1.250000 8.921492e-03
1.500000 8.652936e-03
1.750000 8.349869e-03
2.000000 8.015976e-03
2.250000 7.655696e-03
2.500000 7.274204e-03
2.750000 6.877417e-03
3.000000 6.472007e-03
3.250000 6.065429e-03
3.500000 5.665946e-03
3.750000 5.282614e-03
4.000000 4.925173e-03
4.250000 4.603755e-03
4.500000 4.328265e-03
4.750000 4.107370e-03
5.000000 3.947126e-03
5.250000 3.849597e-03
5.500000 3.812013e-03
5.750000 3.826970e-03
6.000000 3.883657e-03
6.250000 3.969591e-03
6.500000 4.072231e-03
6.750000 4.180081e-03
7.000000 4.283252e-03
7.250000 4.373616e-03
7.500000 4.444736e-03
7.750000 4.491700e-03
8.000000 4.510926e-03
8.250000 4.499990e-03
8.500000 4.457471e-03
8.750000 4.382829e-03
9.000000 4.276314e-03
9.250000 4.138888e-03
9.500000 3.972186e-03
9.750000 3.778491e-03
10.000000 3.560745e-03
10.250000 3.322605e-03
10.500000 3.068563e-03
10.750000 2.804157e-03
11.000000 2.536345e-03
11.250000 2.274079e-03
11.500000 2.029125e-03
11.750000 1.816898e-03
12.000000 1.656384e-03
12.250000 1.567062e-03
12.500000 1.561442e-03
12.750000 1.637620e-03
13.000000 1.780040e-03
13.250000 1.967710e-03
13.500000 2.181383e-03
13.750000 2.406095e-03
14.000000 2.630908e-03
14.250000 2.847908e-03
14.500000 3.051311e-03
14.750000 3.236827e-03
15.000000 3.401248e-03
15.250000 3.542192e-03
15.500000 3.657925e-03
15.750000 3.747257e-03
16.000000 3.809460e-03
16.250000 3.844216e-03
16.500000 3.851580e-03
16.750000 3.831937e-03
17.000000 3.785985e-03
17.250000 3.714707e-03
17.500000 3.619348e-03
17.750000 3.501403e-03
18.000000 3.362603e-03
18.250000 3.204906e-03
18.500000 3.030501e-03
18.750000 2.841823e-03
19.000000 2.641589e-03
19.250000 2.432867e-03
19.500000 2.219198e-03
19.750000 2.004799e-03
20.000000 1.794890e-03
20.250000 1.596188e-03
20.500000 1.417544e-03
20.750000 1.270441e-03
21.000000 1.168380e-03
21.250000 1.123588e-03
21.500000 1.141178e-03
21.750000 1.215641e-03
22.000000 1.333958e-03
22.250000 1.481750e-03
22.500000 1.647059e-03
22.750000 1.821115e-03
23.000000 1.997773e-03
23.250000 2.172757e-03
23.500000 2.343050e-03
23.750000 2.506490e-03
24.000000 2.661497e-03
24.250000 2.806899e-03
24.500000 2.941813e-03
24.750000 3.065564e-03
25.000000 3.177633e-03
25.250000 3.277610e-03
25.500000 3.365169e-03
25.750000 3.440043e-03
26.000000 3.502012e-03
26.250000 3.550887e-03
26.500000 3.586510e-03
26.750000 3.608742e-03
27.000000 3.617470e-03
27.250000 3.612606e-03
27.500000 3.594088e-03
27.750000 3.561891e-03
28.000000 3.516029e-03
28.250000 3.456562e-03
28.500000 3.383610e-03
28.750000 3.297354e-03
29.000000 3.198045e-03
29.250000 3.086014e-03
29.500000 2.961676e-03
29.750000 2.825538e-03
30.000000 2.678201e-03
30.250000 2.520366e-03
30.500000 2.352843e-03
30.750000 2.176552e-03
31.000000 1.992534e-03
31.250000 1.801970e-03
31.500000 1.606214e-03
31.750000 1.406851e-03
32.000000 1.205836e-03
32.250000 1.005782e-03
32.500000 8.106617e-04
32.750000 6.276371e-04
33.000000 4.720610e-04
33.250000 3.777440e-04
33.500000 3.874361e-04
33.750000 4.895836e-04
34.000000 6.357637e-04
34.250000 7.967078e-04
34.500000 9.597487e-04
34.750000 1.118959e-03
35.000000 1.271084e-03
35.250000 1.414070e-03
35.500000 1.546486e-03
35.750000 1.667279e-03
36.000000 1.775658e-03
36.250000 1.871036e-03
36.500000 1.952999e-03
36.750000 2.021287e-03
37.000000 2.075783e-03
37.250000 2.116502e-03
37.500000 2.143581e-03
37.750000 2.157276e-03
38.000000 2.157948e-03
38.250000 2.146059e-03
38.500000 2.122158e-03
38.750000 2.086875e-03
39.000000 2.040908e-03
39.250000 1.985015e-03
39.500000 1.919998e-03
39.750000 1.846701e-03
40.000000 1.765991e-03
40.250000 1.678760e-03
40.500000 1.585909e-03
40.750000 1.488353e-03
41.000000 1.387022e-03
41.250000 1.282867e-03
41.500000 1.176885e-03
41.750000 1.070157e-03
42.000000 9.639164e-04
42.250000 8.596637e-04
42.500000 7.593604e-04
42.750000 6.657380e-04
43.000000 5.827477e-04
43.250000 5.160150e-04
43.500000 4.726671e-04
43.750000 4.592843e-04
44.000000 4.780667e-04
44.250000 5.250857e-04
44.500000 5.930621e-04
44.750000 6.750071e-04
45.000000 7.656886e-04
45.250000 8.615209e-04
45.500000 9.600595e-04
45.750000 1.059572e-03
46.000000 1.158754e-03
46.250000 1.256555e-03
46.500000 1.352078e-03
46.750000 1.444513e-03
47.000000 1.533106e-03
47.250000 1.617138e-03
47.500000 1.695919e-03
47.750000 1.768780e-03
48.000000 1.835082e-03
48.250000 1.894213e-03
48.500000 1.945602e-03
48.750000 1.988719e-03
49.000000 2.023087e-03
49.250000 2.048290e-03
49.500000 2.063976e-03
49.750000 2.069869e-03
50.000000 2.065772e-03
