-50.000000 3.209922e-05
-49.750000 4.011330e-05
-49.500000 4.599244e-05
-49.250000 4.038918e-05
-49.000000 3.434168e-05
-48.750000 6.652258e-05
-48.500000 1.249240e-04
-48.250000 1.888224e-04
-48.000000 2.444321e-04
-47.750000 2.810688e-04
-47.500000 2.928056e-04
-47.250000 2.802549e-04
-47.000000 2.513183e-04
-46.750000 2.202419e-04
-46.500000 2.026312e-04
-46.250000 2.045922e-04
-46.000000 2.185532e-04
-45.750000 2.344344e-04
-45.500000 2.474189e-04
-45.250000 2.559852e-04
-45.000000 2.581490e-04
-44.750000 2.510661e-04
-44.500000 2.342527e-04
-44.250000 2.138213e-04
-44.000000 2.034273e-04
-43.750000 2.143264e-04
-43.500000 2.406965e-04
-43.250000 2.652604e-04
-43.000000 2.736480e-04
-42.750000 2.594326e-04
-42.500000 2.238491e-04
-42.250000 1.741667e-04
-42.000000 1.220431e-04
-41.750000 8.378445e-05
-41.500000 7.742570e-05
-41.250000 9.660096e-05
-41.000000 1.220758e-04
-40.750000 1.463977e-04
-40.500000 1.666928e-04
-40.250000 1.802626e-04
-40.000000 1.850251e-04
-39.750000 1.807892e-04
-39.500000 1.695956e-04
-39.250000 1.549480e-04
-39.000000 1.404970e-04
-38.750000 1.287596e-04
-38.500000 1.200173e-04
-38.250000 1.116043e-04
-38.000000 9.853742e-05
-37.750000 7.590510e-05
-37.500000 4.248692e-05
-37.250000 2.125367e-05
-37.000000 6.001003e-05
-36.750000 9.858004e-05
-36.500000 1.171208e-04
-36.250000 1.072697e-04
-36.000000 8.258561e-05
-35.750000 1.181666e-04
-35.500000 2.263737e-04
-35.250000 3.564582e-04
-35.000000 4.780418e-04
-34.750000 5.687383e-04
-34.500000 6.146824e-04
-34.250000 6.146386e-04
-34.000000 5.830098e-04
-33.750000 5.483079e-04
-33.500000 5.399002e-04
-33.250000 5.639549e-04
-33.000000 5.985009e-04
-32.750000 6.162275e-04
-32.500000 6.021843e-04
-32.250000 5.562343e-04
-32.000000 4.879696e-04
-31.750000 4.089357e-04
-31.500000 3.259492e-04
-31.250000 2.411493e-04
-31.000000 1.653917e-04
-30.750000 1.490034e-04
-30.500000 2.197186e-04
-30.250000 3.149347e-04
-30.000000 3.941367e-04
-29.750000 4.405026e-04
-29.500000 4.507570e-04
-29.250000 4.327064e-04
-29.000000 4.009548e-04
-28.750000 3.685396e-04
-28.500000 3.380797e-04
-28.250000 3.013900e-04
-28.000000 2.487426e-04
-27.750000 1.773969e-04
-27.500000 9.342793e-05
-27.250000 9.048587e-06
-27.000000 6.443079e-05
-26.750000 1.167851e-04
-26.500000 1.475542e-04
-26.250000 1.648553e-04
-26.000000 1.829603e-04
-25.750000 2.123989e-04
-25.500000 2.522595e-04
-25.250000 2.948700e-04
-25.000000 3.332181e-04
-24.750000 3.635274e-04
-24.500000 3.853271e-04
-24.250000 4.011822e-04
-24.000000 4.156845e-04
-23.750000 4.326809e-04
-23.500000 4.522518e-04
-23.250000 4.716095e-04
-23.000000 4.912231e-04
-22.750000 5.208803e-04
-22.500000 5.760150e-04
-22.250000 6.614728e-04
-22.000000 7.605612e-04
-21.750000 8.427850e-04
-21.500000 8.786195e-04
-21.250000 8.512857e-04
-21.000000 7.655227e-04
-20.750000 6.551650e-04
-20.500000 5.840698e-04
-20.250000 6.048367e-04
-20.000000 6.901253e-04
-19.750000 7.718062e-04
-19.500000 8.072018e-04
-19.250000 7.876523e-04
-19.000000 7.296226e-04
-18.750000 6.652245e-04
-18.500000 6.332135e-04
-18.250000 6.676101e-04
-18.000000 7.813642e-04
-17.750000 9.587219e-04
-17.500000 1.163964e-03
-17.250000 1.353711e-03
-17.000000 1.489010e-03
-16.750000 1.548603e-03
-16.500000 1.540827e-03
-16.250000 1.507479e-03
-16.000000 1.506948e-03
-15.750000 1.571015e-03
-15.500000 1.674194e-03
-15.250000 1.757613e-03
-15.000000 1.772096e-03
-14.750000 1.698253e-03
-14.500000 1.543342e-03
-14.250000 1.325643e-03
-14.000000 1.057301e-03
-13.750000 7.402432e-04
-13.500000 4.000537e-04
-13.250000 3.376793e-04
-13.000000 7.311492e-04
-12.750000 1.169624e-03
-12.500000 1.521460e-03
-12.250000 1.715916e-03
-12.000000 1.717196e-03
-11.750000 1.533946e-03
-11.500000 1.227385e-03
-11.250000 9.242131e-04
-11.000000 8.223204e-04
-10.750000 1.008297e-03
-10.500000 1.359478e-03
-10.250000 1.813495e-03
-10.000000 2.370225e-03
-9.750000 3.003006e-03
-9.500000 3.639513e-03
-9.250000 4.190990e-03
-9.000000 4.591176e-03
-8.750000 4.825091e-03
-8.500000 4.936890e-03
-8.250000 5.006855e-03
-8.000000 5.098663e-03
-7.750000 5.210066e-03
-7.500000 5.274214e-03
-7.250000 5.211664e-03
-7.000000 4.988281e-03
-6.750000 4.647394e-03
-6.500000 4.307151e-03
-6.250000 4.112089e-03
-6.000000 4.140799e-03
-5.750000 4.350265e-03
-5.500000 4.632670e-03
-5.250000 4.901023e-03
-5.000000 5.113386e-03
-4.750000 5.249938e-03
-4.500000 5.285321e-03
-4.250000 5.181529e-03
-4.000000 4.903040e-03
-3.750000 4.439523e-03
-3.500000 3.820796e-03
-3.250000 3.117282e-03
-3.000000 2.426736e-03
-2.750000 1.849775e-03
-2.500000 1.453968e-03
-2.250000 1.239820e-03
-2.000000 1.164344e-03
-1.750000 1.213229e-03
-1.500000 1.396804e-03
-1.250000 1.687794e-03
-1.000000 2.022133e-03
-0.750000 2.335485e-03
-0.500000 2.578280e-03
-0.250000 2.714349e-03
0.000000 2.717682e-03
0.250000 2.573964e-03
0.500000 2.287399e-03
0.750000 1.889648e-03
1.000000 1.447432e-03
1.250000 1.065471e-03
1.500000 8.544911e-04
1.750000 7.985770e-04
2.000000 7.323754e-04
2.250000 5.307929e-04
2.500000 1.658029e-04
2.750000 3.384585e-04
3.000000 8.987859e-04
3.250000 1.440219e-03
3.500000 1.887197e-03
3.750000 2.187422e-03
4.000000 2.320235e-03
4.250000 2.297591e-03
4.500000 2.157649e-03
4.750000 1.952944e-03
5.000000 1.736080e-03
5.250000 1.546453e-03
5.500000 1.401973e-03
5.750000 1.299170e-03
6.000000 1.220820e-03
6.250000 1.145451e-03
6.500000 1.054371e-03
6.750000 9.357624e-04
7.000000 7.862068e-04
7.250000 6.097200e-04
7.500000 4.160243e-04
7.750000 2.268830e-04
8.000000 1.547755e-04
8.250000 2.986371e-04
8.500000 4.669707e-04
8.750000 5.928580e-04
9.000000 6.490468e-04
9.250000 6.269273e-04
9.500000 5.491488e-04
9.750000 4.903508e-04
10.000000 5.461685e-04
10.250000 6.949069e-04
10.500000 8.352335e-04
10.750000 8.951531e-04
11.000000 8.445822e-04
11.250000 6.931905e-04
11.500000 4.968672e-04
11.750000 3.826804e-04
12.000000 4.551468e-04
12.250000 5.888508e-04
12.500000 6.799521e-04
12.750000 7.294876e-04
13.000000 7.970983e-04
13.250000 9.321182e-04
13.500000 1.110838e-03
13.750000 1.264080e-03
14.000000 1.331193e-03
14.250000 1.283879e-03
14.500000 1.131934e-03
14.750000 9.211730e-04
15.000000 7.235958e-04
15.250000 6.045978e-04
15.500000 5.591737e-04
15.750000 5.229507e-04
16.000000 4.776700e-04
16.250000 5.002921e-04
16.500000 6.576111e-04
16.750000 8.859395e-04
17.000000 1.094273e-03
17.250000 1.224505e-03
17.500000 1.252873e-03
17.750000 1.187623e-03
18.000000 1.063915e-03
18.250000 9.315149e-04
18.500000 8.308054e-04
18.750000 7.651780e-04
19.000000 7.025254e-04
19.250000 6.089072e-04
19.500000 4.725000e-04
19.750000 3.046682e-04
20.000000 1.321136e-04
20.250000 5.000321e-05
20.500000 1.497281e-04
20.750000 2.117118e-04
21.000000 2.314343e-04
21.250000 2.325039e-04
21.500000 2.483176e-04
21.750000 2.933595e-04
22.000000 3.519140e-04
22.250000 4.024467e-04
22.500000 4.319765e-04
22.750000 4.364670e-04
23.000000 4.188116e-04
23.250000 3.876669e-04
23.500000 3.570945e-04
23.750000 3.441167e-04
24.000000 3.593013e-04
24.250000 3.968584e-04
24.500000 4.391824e-04
24.750000 4.678035e-04
25.000000 4.686056e-04
25.250000 4.331821e-04
25.500000 3.595221e-04
25.750000 2.525487e-04
26.000000 1.242085e-04
26.250000 1.949953e-05
26.500000 1.293540e-04
26.750000 2.117225e-04
27.000000 2.443959e-04
27.250000 2.206643e-04
27.500000 1.460083e-04
27.750000 6.371318e-05
28.000000 1.481020e-04
28.250000 2.837010e-04
28.500000 4.017637e-04
28.750000 4.846432e-04
29.000000 5.277271e-04
29.250000 5.369409e-04
29.500000 5.240184e-04
29.750000 4.985371e-04
30.000000 4.612392e-04
30.250000 4.047510e-04
30.500000 3.211615e-04
30.750000 2.094969e-04
31.000000 7.915089e-05
31.250000 6.339420e-05
31.500000 1.843582e-04
31.750000 2.794426e-04
32.000000 3.407923e-04
32.250000 3.721480e-04
32.500000 3.849114e-04
32.750000 3.899217e-04
33.000000 3.883503e-04
33.250000 3.708809e-04
33.500000 3.262954e-04
33.750000 2.515119e-04
34.000000 1.625471e-04
34.250000 1.296589e-04
34.500000 2.073771e-04
34.750000 3.066490e-04
35.000000 3.811243e-04
35.250000 4.158992e-04
35.500000 4.089436e-04
35.750000 3.670284e-04
36.000000 3.025019e-04
36.250000 2.295182e-04
36.500000 1.604269e-04
36.750000 1.041594e-04
37.000000 7.068893e-05
37.250000 7.465689e-05
37.500000 1.050246e-04
37.750000 1.396376e-04
38.000000 1.669441e-04
38.250000 1.810540e-04
38.500000 1.812281e-04
38.750000 1.738972e-04
39.000000 1.738077e-04
39.250000 1.962641e-04
39.500000 2.416310e-04
39.750000 2.977128e-04
40.000000 3.523206e-04
40.250000 3.975916e-04
40.500000 4.297214e-04
40.750000 4.477120e-04
41.000000 4.517666e-04
41.250000 4.418567e-04
41.500000 4.172198e-04
41.750000 3.771353e-04
42.000000 3.224972e-04
42.250000 2.572202e-04
42.500000 1.887675e-04
42.750000 1.277354e-04
43.000000 8.630632e-05
43.250000 7.032340e-05
43.500000 6.840656e-05
43.750000 7.085178e-05
44.000000 8.201588e-05
44.250000 1.042208e-04
44.500000 1.312309e-04
44.750000 1.581466e-04
45.000000 1.865861e-04
45.250000 2.215980e-04
45.500000 2.640171e-04
45.750000 3.065215e-04
46.000000 3.369725e-04
46.250000 3.441309e-04
46.500000 3.220758e-04
46.750000 2.729956e-04
47.000000 2.094065e-04
47.250000 1.578282e-04
47.500000 1.513301e-04
47.750000 1.803684e-04
48.000000 2.068051e-04
48.250000 2.115494e-04
48.500000 1.920242e-04
48.750000 1.545382e-04
49.000000 1.099021e-04
49.250000 7.173088e-05
49.500000 5.973521e-05
49.750000 8.190411e-05
50.000000 1.200660e-04
