-50.000000 5.324801e-04
-49.750000 4.822147e-04
-49.500000 4.240293e-04
-49.250000 3.675192e-04
-49.000000 3.270375e-04
-48.750000 3.184500e-04
-48.500000 3.473699e-04
-48.250000 4.034869e-04
-48.000000 4.712751e-04
-47.750000 5.385794e-04
-47.500000 5.974380e-04
-47.250000 6.428972e-04
-47.000000 6.721365e-04
-46.750000 6.839950e-04
-46.500000 6.786965e-04
-46.250000 6.576458e-04
-46.000000 6.232320e-04
-45.750000 5.786184e-04
-45.500000 5.275105e-04
-45.250000 4.739090e-04
-45.000000 4.218570e-04
-44.750000 3.751947e-04
-44.500000 3.373355e-04
-44.250000 3.110789e-04
-44.000000 2.984695e-04
-43.750000 3.007064e-04
-43.500000 3.180950e-04
-43.250000 3.500431e-04
-43.000000 3.951115e-04
-42.750000 4.511198e-04
-42.500000 5.152951e-04
-42.250000 5.844437e-04
-42.000000 6.551307e-04
-41.750000 7.238538e-04
-41.500000 7.872024e-04
-41.250000 8.419910e-04
-41.000000 8.853621e-04
-40.750000 9.148564e-04
-40.500000 9.284529e-04
-40.250000 9.245853e-04
-40.000000 9.021474e-04
-39.750000 8.604987e-04
-39.500000 7.994914e-04
-39.250000 7.195432e-04
-39.000000 6.218114e-04
-38.750000 5.086351e-04
-38.500000 3.848902e-04
-38.250000 2.634330e-04
-38.000000 1.890025e-04
-37.750000 2.398644e-04
-37.500000 3.752961e-04
-37.250000 5.347441e-04
-37.000000 6.976031e-04
-36.750000 8.545504e-04
-36.500000 9.992470e-04
-36.250000 1.126628e-03
-36.000000 1.232584e-03
-35.750000 1.313997e-03
-35.500000 1.368857e-03
-35.250000 1.396377e-03
-35.000000 1.397071e-03
-34.750000 1.372758e-03
-34.500000 1.326507e-03
-34.250000 1.262493e-03
-34.000000 1.185789e-03
-33.750000 1.102076e-03
-33.500000 1.017284e-03
-33.250000 9.371630e-04
-33.000000 8.667758e-04
-32.750000 8.099753e-04
-32.500000 7.689604e-04
-32.250000 7.440811e-04
-32.000000 7.339901e-04
-31.750000 7.360418e-04
-31.500000 7.466914e-04
-31.250000 7.617202e-04
-31.000000 7.763170e-04
-30.750000 7.851625e-04
-30.500000 7.826460e-04
-30.250000 7.632599e-04
-30.000000 7.221719e-04
-29.750000 6.560285e-04
-29.500000 5.642884e-04
-29.250000 4.523800e-04
-29.000000 3.420613e-04
-28.750000 2.991110e-04
-28.500000 3.960358e-04
-28.250000 5.899815e-04
-28.000000 8.241240e-04
-27.750000 1.071134e-03
-27.500000 1.314385e-03
-27.250000 1.540637e-03
-27.000000 1.738389e-03
-26.750000 1.897799e-03
-26.500000 2.011065e-03
-26.250000 2.072935e-03
-26.000000 2.081229e-03
-25.750000 2.037323e-03
-25.500000 1.946600e-03
-25.250000 1.818886e-03
-25.000000 1.668838e-03
-24.750000 1.516056e-03
-24.500000 1.383966e-03
-24.250000 1.295449e-03
-24.000000 1.264001e-03
-23.750000 1.285508e-03
-23.500000 1.339921e-03
-23.250000 1.401698e-03
-23.000000 1.448995e-03
-22.750000 1.467519e-03
-22.500000 1.451216e-03
-22.250000 1.402122e-03
-22.000000 1.330217e-03
-21.750000 1.253009e-03
-21.500000 1.193358e-03
-21.250000 1.173025e-03
-21.000000 1.202233e-03
-20.750000 1.273232e-03
-20.500000 1.365087e-03
-20.250000 1.454084e-03
-20.000000 1.521253e-03
-19.750000 1.555922e-03
-19.500000 1.557679e-03
-19.250000 1.538213e-03
-19.000000 1.522503e-03
-18.750000 1.545885e-03
-18.500000 1.641965e-03
-18.250000 1.824903e-03
-18.000000 2.082451e-03
-17.750000 2.385229e-03
-17.500000 2.699095e-03
-17.250000 2.991977e-03
-17.000000 3.236392e-03
-16.750000 3.410438e-03
-16.500000 3.498578e-03
-16.250000 3.492546e-03
-16.000000 3.392504e-03
-15.750000 3.208576e-03
-15.500000 2.963038e-03
-15.250000 2.693308e-03
-15.000000 2.454336e-03
-14.750000 2.313470e-03
-14.500000 2.325360e-03
-14.250000 2.495746e-03
-14.000000 2.778443e-03
-13.750000 3.109659e-03
-13.500000 3.435975e-03
-13.250000 3.722923e-03
-13.000000 3.955495e-03
-12.750000 4.137776e-03
-12.500000 4.292647e-03
-12.250000 4.459616e-03
-12.000000 4.687785e-03
-11.750000 5.022516e-03
-11.500000 5.490024e-03
-11.250000 6.088698e-03
-11.000000 6.791611e-03
-10.750000 7.555826e-03
-10.500000 8.331812e-03
-10.250000 9.069990e-03
-10.000000 9.724641e-03
-9.750000 1.025625e-02
-9.500000 1.063303e-02
-9.250000 1.083199e-02
-9.000000 1.083969e-02
-8.750000 1.065263e-02
-8.500000 1.027746e-02
-8.250000 9.730803e-03
-8.000000 9.039016e-03
-7.750000 8.237871e-03
-7.500000 7.372415e-03
-7.250000 6.497141e-03
-7.000000 5.676107e-03
-6.750000 4.980909e-03
-6.500000 4.480841e-03
-6.250000 4.219076e-03
-6.000000 4.185203e-03
-5.750000 4.315488e-03
-5.500000 4.526404e-03
-5.250000 4.746906e-03
-5.000000 4.929804e-03
-4.750000 5.049577e-03
-4.500000 5.096478e-03
-4.250000 5.070928e-03
-4.000000 4.978919e-03
-3.750000 4.828401e-03
-3.500000 4.626594e-03
-3.250000 4.378375e-03
-3.000000 4.085858e-03
-2.750000 3.749247e-03
-2.500000 3.368910e-03
-2.250000 2.948727e-03
-2.000000 2.501401e-03
-1.750000 2.058225e-03
-1.500000 1.688157e-03
-1.250000 1.515713e-03
-1.000000 1.649464e-03
-0.750000 2.041141e-03
-0.500000 2.560992e-03
-0.250000 3.113533e-03
0.000000 3.640815e-03
0.250000 4.104896e-03
0.500000 4.479085e-03
0.750000 4.744737e-03
1.000000 4.890221e-03
1.250000 4.910596e-03
1.500000 4.807402e-03
1.750000 4.588310e-03
2.000000 4.266557e-03
2.250000 3.860147e-03
2.500000 3.390846e-03
2.750000 2.883070e-03
3.000000 2.362799e-03
3.250000 1.856851e-03
3.500000 1.393204e-03
3.750000 1.004126e-03
4.000000 7.338456e-04
4.250000 6.324607e-04
4.500000 6.888016e-04
4.750000 8.257011e-04
5.000000 9.953096e-04
5.250000 1.188987e-03
5.500000 1.410774e-03
5.750000 1.661847e-03
6.000000 1.935458e-03
6.250000 2.217750e-03
6.500000 2.490692e-03
6.750000 2.735035e-03
7.000000 2.932621e-03
7.250000 3.068059e-03
7.500000 3.129940e-03
7.750000 3.111705e-03
8.000000 3.012268e-03
8.250000 2.836516e-03
8.500000 2.595866e-03
8.750000 2.309211e-03
9.000000 2.004773e-03
9.250000 1.723100e-03
9.500000 1.518066e-03
9.750000 1.442654e-03
10.000000 1.510966e-03
10.250000 1.681923e-03
10.500000 1.895042e-03
10.750000 2.102518e-03
11.000000 2.274283e-03
11.250000 2.393669e-03
11.500000 2.453384e-03
11.750000 2.452963e-03
12.000000 2.397069e-03
12.250000 2.294163e-03
12.500000 2.155240e-03
12.750000 1.992533e-03
13.000000 1.818129e-03
13.250000 1.642580e-03
13.500000 1.473696e-03
13.750000 1.315911e-03
14.000000 1.170666e-03
14.250000 1.038143e-03
14.500000 9.202685e-04
14.750000 8.242719e-04
15.000000 7.647308e-04
15.250000 7.592321e-04
15.500000 8.153877e-04
15.750000 9.223057e-04
16.000000 1.057779e-03
16.250000 1.198897e-03
16.500000 1.326336e-03
16.750000 1.424793e-03
17.000000 1.482757e-03
17.250000 1.492546e-03
17.500000 1.450734e-03
17.750000 1.359068e-03
18.000000 1.226342e-03
18.250000 1.072390e-03
18.500000 9.356483e-04
18.750000 8.780580e-04
19.000000 9.552822e-04
19.250000 1.160614e-03
19.500000 1.442964e-03
19.750000 1.755720e-03
20.000000 2.066977e-03
20.250000 2.354647e-03
20.500000 2.602626e-03
20.750000 2.799039e-03
21.000000 2.935534e-03
21.250000 3.006986e-03
21.500000 3.011324e-03
21.750000 2.949362e-03
22.000000 2.824572e-03
22.250000 2.642791e-03
22.500000 2.411867e-03
22.750000 2.141255e-03
23.000000 1.841600e-03
23.250000 1.524341e-03
23.500000 1.201449e-03
23.750000 8.855764e-04
24.000000 5.918239e-04
24.250000 3.477560e-04
24.500000 2.397980e-04
24.750000 3.334982e-04
25.000000 4.814702e-04
25.250000 6.122638e-04
25.500000 7.122147e-04
25.750000 7.810283e-04
26.000000 8.237640e-04
26.250000 8.489475e-04
26.500000 8.674242e-04
26.750000 8.906154e-04
27.000000 9.278666e-04
27.250000 9.837530e-04
27.500000 1.056981e-03
27.750000 1.141549e-03
28.000000 1.229074e-03
28.250000 1.310885e-03
28.500000 1.379314e-03
28.750000 1.428333e-03
29.000000 1.453810e-03
29.250000 1.453572e-03
29.500000 1.427370e-03
29.750000 1.376772e-03
30.000000 1.304984e-03
30.250000 1.216613e-03
30.500000 1.117337e-03
30.750000 1.013445e-03
31.000000 9.112216e-04
31.250000 8.160918e-04
31.500000 7.315978e-04
31.750000 6.584482e-04
32.000000 5.941612e-04
32.250000 5.337223e-04
32.500000 4.711020e-04
32.750000 4.009598e-04
33.000000 3.200320e-04
33.250000 2.286492e-04
33.500000 1.368684e-04
33.750000 1.051406e-04
34.000000 1.923585e-04
34.250000 3.172059e-04
34.500000 4.480448e-04
34.750000 5.749118e-04
35.000000 6.914235e-04
35.250000 7.925236e-04
35.500000 8.742262e-04
35.750000 9.336866e-04
36.000000 9.693112e-04
36.250000 9.808361e-04
36.500000 9.693534e-04
36.750000 9.372815e-04
37.000000 8.882799e-04
37.250000 8.271041e-04
37.500000 7.593803e-04
37.750000 6.912382e-04
38.000000 6.286861e-04
38.250000 5.766097e-04
38.500000 5.374918e-04
38.750000 5.104511e-04
39.000000 4.914312e-04
39.250000 4.746369e-04
39.500000 4.543114e-04
39.750000 4.259513e-04
40.000000 3.867866e-04
40.250000 3.358122e-04
40.500000 2.737243e-04
40.750000 2.032249e-04
41.000000 1.315329e-04
41.250000 8.647374e-05
41.500000 1.213167e-04
41.750000 1.994358e-04
42.000000 2.849374e-04
42.250000 3.682084e-04
42.500000 4.451956e-04
42.750000 5.135077e-04
43.000000 5.716798e-04
43.250000 6.189815e-04
43.500000 6.553302e-04
43.750000 6.812097e-04
44.000000 6.975625e-04
44.250000 7.056451e-04
44.500000 7.068476e-04
44.750000 7.024857e-04
45.000000 6.935925e-04
45.250000 6.807436e-04
45.500000 6.639582e-04
45.750000 6.427052e-04
46.000000 6.160250e-04
46.250000 5.827485e-04
46.500000 5.417852e-04
46.750000 4.924623e-04
47.000000 4.349405e-04
47.250000 3.708464e-04
47.500000 3.045410e-04
47.750000 2.460074e-04
48.000000 2.149841e-04
48.250000 2.321980e-04
48.500000 2.923712e-04
48.750000 3.740288e-04
49.000000 4.615043e-04
49.250000 5.455482e-04
49.500000 6.200594e-04
49.750000 6.805647e-04
50.000000 7.237008e-04
