-50.000000 1.348254e-03
-49.750000 1.358734e-03
-49.500000 1.366903e-03
-49.250000 1.372795e-03
-49.000000 1.376465e-03
-48.750000 1.377985e-03
-48.500000 1.377444e-03
-48.250000 1.374951e-03
-48.000000 1.370636e-03
-47.750000 1.364648e-03
-47.500000 1.357159e-03
-47.250000 1.348362e-03
-47.000000 1.338469e-03
-46.750000 1.327716e-03
-46.500000 1.316359e-03
-46.250000 1.304673e-03
-46.000000 1.292951e-03
-45.750000 1.281501e-03
-45.500000 1.270639e-03
-45.250000 1.260690e-03
-45.000000 1.251978e-03
-44.750000 1.244819e-03
-44.500000 1.239515e-03
-44.250000 1.236343e-03
-44.000000 1.235547e-03
-43.750000 1.237330e-03
-43.500000 1.241847e-03
-43.250000 1.249196e-03
-43.000000 1.259419e-03
-42.750000 1.272498e-03
-42.500000 1.288356e-03
-42.250000 1.306863e-03
-42.000000 1.327838e-03
-41.750000 1.351059e-03
-41.500000 1.376269e-03
-41.250000 1.403185e-03
-41.000000 1.431504e-03
-40.750000 1.460912e-03
-40.500000 1.491087e-03
-40.250000 1.521710e-03
-40.000000 1.552464e-03
-39.750000 1.583039e-03
-39.500000 1.613138e-03
-39.250000 1.642474e-03
-39.000000 1.670776e-03
-38.750000 1.697791e-03
-38.500000 1.723279e-03
-38.250000 1.747020e-03
-38.000000 1.768812e-03
-37.750000 1.788473e-03
-37.500000 1.805839e-03
-37.250000 1.820765e-03
-37.000000 1.833127e-03
-36.750000 1.842823e-03
-36.500000 1.849768e-03
-36.250000 1.853902e-03
-36.000000 1.855184e-03
-35.750000 1.853596e-03
-35.500000 1.849143e-03
-35.250000 1.841852e-03
-35.000000 1.831774e-03
-34.750000 1.818985e-03
-34.500000 1.803586e-03
-34.250000 1.785703e-03
-34.000000 1.765488e-03
-33.750000 1.743122e-03
-33.500000 1.718814e-03
-33.250000 1.692800e-03
-33.000000 1.665348e-03
-32.750000 1.636754e-03
-32.500000 1.607344e-03
-32.250000 1.577473e-03
-32.000000 1.547527e-03
-31.750000 1.517913e-03
-31.500000 1.489063e-03
-31.250000 1.461425e-03
-31.000000 1.435458e-03
-30.750000 1.411618e-03
-30.500000 1.390351e-03
-30.250000 1.372078e-03
-30.000000 1.357178e-03
-29.750000 1.345972e-03
-29.500000 1.338713e-03
-29.250000 1.335564e-03
-29.000000 1.336596e-03
-28.750000 1.341782e-03
-28.500000 1.350995e-03
-28.250000 1.364015e-03
-28.000000 1.380541e-03
-27.750000 1.400204e-03
-27.500000 1.422579e-03
-27.250000 1.447207e-03
-27.000000 1.473604e-03
-26.750000 1.501274e-03
-26.500000 1.529726e-03
-26.250000 1.558475e-03
-26.000000 1.587055e-03
-25.750000 1.615019e-03
-25.500000 1.641947e-03
-25.250000 1.667446e-03
-25.000000 1.691152e-03
-24.750000 1.712730e-03
-24.500000 1.731878e-03
-24.250000 1.748323e-03
-24.000000 1.761824e-03
-23.750000 1.772172e-03
-23.500000 1.779191e-03
-23.250000 1.782737e-03
-23.000000 1.782701e-03
-22.750000 1.779008e-03
-22.500000 1.771621e-03
-22.250000 1.760540e-03
-22.000000 1.745807e-03
-21.750000 1.727510e-03
-21.500000 1.705780e-03
-21.250000 1.680806e-03
-21.000000 1.652831e-03
-20.750000 1.622164e-03
-20.500000 1.589184e-03
-20.250000 1.554351e-03
-20.000000 1.518215e-03
-19.750000 1.481421e-03
-19.500000 1.444727e-03
-19.250000 1.409002e-03
-19.000000 1.375230e-03
-18.750000 1.344509e-03
-18.500000 1.318028e-03
-18.250000 1.297033e-03
-18.000000 1.282779e-03
-17.750000 1.276449e-03
-17.500000 1.279082e-03
-17.250000 1.291482e-03
-17.000000 1.314157e-03
-16.750000 1.347285e-03
-16.500000 1.390718e-03
-16.250000 1.444021e-03
-16.000000 1.506538e-03
-15.750000 1.577457e-03
-15.500000 1.655883e-03
-15.250000 1.740889e-03
-15.000000 1.831557e-03
-14.750000 1.927003e-03
-14.500000 2.026390e-03
-14.250000 2.128938e-03
-14.000000 2.233923e-03
-13.750000 2.340675e-03
-13.500000 2.448574e-03
-13.250000 2.557048e-03
-13.000000 2.665569e-03
-12.750000 2.773646e-03
-12.500000 2.880824e-03
-12.250000 2.986680e-03
-12.000000 3.090824e-03
-11.750000 3.192891e-03
-11.500000 3.292545e-03
-11.250000 3.389476e-03
-11.000000 3.483398e-03
-10.750000 3.574049e-03
-10.500000 3.661193e-03
-10.250000 3.744617e-03
-10.000000 3.824131e-03
-9.750000 3.899571e-03
-9.500000 3.970795e-03
-9.250000 4.037686e-03
-9.000000 4.100152e-03
-8.750000 4.158127e-03
-8.500000 4.211568e-03
-8.250000 4.260458e-03
-8.000000 4.304808e-03
-7.750000 4.344651e-03
-7.500000 4.380051e-03
-7.250000 4.411095e-03
-7.000000 4.437897e-03
-6.750000 4.460598e-03
-6.500000 4.479367e-03
-6.250000 4.494397e-03
-6.000000 4.505908e-03
-5.750000 4.514144e-03
-5.500000 4.519374e-03
-5.250000 4.521893e-03
-5.000000 4.522014e-03
-4.750000 4.520074e-03
-4.500000 4.516428e-03
-4.250000 4.511446e-03
-4.000000 4.505514e-03
-3.750000 4.499027e-03
-3.500000 4.492390e-03
-3.250000 4.486008e-03
-3.000000 4.480287e-03
-2.750000 4.475628e-03
-2.500000 4.472419e-03
-2.250000 4.471035e-03
-2.000000 4.471828e-03
-1.750000 4.475124e-03
-1.500000 4.481217e-03
-1.250000 4.490367e-03
-1.000000 4.502790e-03
-0.750000 4.518662e-03
-0.500000 4.538108e-03
-0.250000 4.561207e-03
0.000000 4.587989e-03
0.250000 4.618434e-03
0.500000 4.652472e-03
0.750000 4.689988e-03
1.000000 4.730826e-03
1.250000 4.774788e-03
1.500000 4.821640e-03
1.750000 4.871118e-03
2.000000 4.922931e-03
2.250000 4.976767e-03
2.500000 5.032298e-03
2.750000 5.089181e-03
3.000000 5.147068e-03
3.250000 5.205606e-03
3.500000 5.264442e-03
3.750000 5.323228e-03
4.000000 5.381621e-03
4.250000 5.439287e-03
4.500000 5.495904e-03
4.750000 5.551164e-03
5.000000 5.604772e-03
5.250000 5.656453e-03
5.500000 5.705945e-03
5.750000 5.753009e-03
6.000000 5.797423e-03
6.250000 5.838984e-03
6.500000 5.877511e-03
6.750000 5.912841e-03
7.000000 5.944832e-03
7.250000 5.973365e-03
7.500000 5.998337e-03
7.750000 6.019667e-03
8.000000 6.037295e-03
8.250000 6.051177e-03
8.500000 6.061289e-03
8.750000 6.067628e-03
9.000000 6.070205e-03
9.250000 6.069050e-03
9.500000 6.064210e-03
9.750000 6.055745e-03
10.000000 6.043734e-03
10.250000 6.028266e-03
10.500000 6.009446e-03
10.750000 5.987392e-03
11.000000 5.962231e-03
11.250000 5.934102e-03
11.500000 5.903154e-03
11.750000 5.869544e-03
12.000000 5.833436e-03
12.250000 5.795001e-03
12.500000 5.754415e-03
12.750000 5.711858e-03
13.000000 5.667514e-03
13.250000 5.621567e-03
13.500000 5.574203e-03
13.750000 5.525608e-03
14.000000 5.475964e-03
14.250000 5.425452e-03
14.500000 5.374248e-03
14.750000 5.322524e-03
15.000000 5.270444e-03
15.250000 5.218166e-03
15.500000 5.165840e-03
15.750000 5.113606e-03
16.000000 5.061594e-03
16.250000 5.009925e-03
16.500000 4.958705e-03
16.750000 4.908033e-03
17.000000 4.857992e-03
17.250000 4.808655e-03
17.500000 4.760081e-03
17.750000 4.712316e-03
18.000000 4.665396e-03
18.250000 4.619342e-03
18.500000 4.574166e-03
18.750000 4.529867e-03
19.000000 4.486434e-03
19.250000 4.443846e-03
19.500000 4.402075e-03
19.750000 4.361083e-03
20.000000 4.320825e-03
20.250000 4.281251e-03
20.500000 4.242308e-03
20.750000 4.203935e-03
21.000000 4.166073e-03
21.250000 4.128658e-03
21.500000 4.091626e-03
21.750000 4.054915e-03
22.000000 4.018464e-03
22.250000 3.982212e-03
22.500000 3.946103e-03
22.750000 3.910084e-03
23.000000 3.874106e-03
23.250000 3.838126e-03
23.500000 3.802103e-03
23.750000 3.766005e-03
24.000000 3.729803e-03
24.250000 3.693476e-03
24.500000 3.657006e-03
24.750000 3.620383e-03
25.000000 3.583603e-03
25.250000 3.546666e-03
25.500000 3.509578e-03
25.750000 3.472350e-03
26.000000 3.434998e-03
26.250000 3.397543e-03
26.500000 3.360008e-03
26.750000 3.322420e-03
27.000000 3.284810e-03
27.250000 3.247210e-03
27.500000 3.209655e-03
27.750000 3.172179e-03
28.000000 3.134820e-03
28.250000 3.097613e-03
28.500000 3.060594e-03
28.750000 3.023798e-03
29.000000 2.987257e-03
29.250000 2.951003e-03
29.500000 2.915065e-03
29.750000 2.879467e-03
30.000000 2.844231e-03
30.250000 2.809375e-03
30.500000 2.774913e-03
30.750000 2.740854e-03
31.000000 2.707204e-03
31.250000 2.673963e-03
31.500000 2.641125e-03
31.750000 2.608681e-03
32.000000 2.576617e-03
32.250000 2.544913e-03
32.500000 2.513548e-03
32.750000 2.482491e-03
33.000000 2.451713e-03
33.250000 2.421177e-03
33.500000 2.390846e-03
33.750000 2.360677e-03
34.000000 2.330627e-03
34.250000 2.300651e-03
34.500000 2.270701e-03
34.750000 2.240731e-03
35.000000 2.210691e-03
35.250000 2.180536e-03
35.500000 2.150217e-03
35.750000 2.119690e-03
36.000000 2.088910e-03
36.250000 2.057838e-03
36.500000 2.026436e-03
36.750000 1.994668e-03
37.000000 1.962505e-03
37.250000 1.929921e-03
37.500000 1.896896e-03
37.750000 1.863413e-03
38.000000 1.829465e-03
38.250000 1.795048e-03
38.500000 1.760166e-03
38.750000 1.724831e-03
39.000000 1.689062e-03
39.250000 1.652888e-03
39.500000 1.616345e-03
39.750000 1.579481e-03
40.000000 1.542350e-03
40.250000 1.505020e-03
40.500000 1.467571e-03
40.750000 1.430091e-03
41.000000 1.392685e-03
41.250000 1.355467e-03
41.500000 1.318569e-03
41.750000 1.282135e-03
42.000000 1.246323e-03
42.250000 1.211309e-03
42.500000 1.177280e-03
42.750000 1.144440e-03
43.000000 1.113004e-03
43.250000 1.083200e-03
43.500000 1.055261e-03
43.750000 1.029427e-03
44.000000 1.005932e-03
44.250000 9.850033e-04
44.500000 9.668517e-04
44.750000 9.516615e-04
45.000000 9.395827e-04
45.250000 9.307224e-04
45.500000 9.251375e-04
45.750000 9.228301e-04
46.000000 9.237457e-04
46.250000 9.277742e-04
46.500000 9.347544e-04
46.750000 9.444803e-04
47.000000 9.567095e-04
47.250000 9.711727e-04
47.500000 9.875824e-04
47.750000 1.005642e-03
48.000000 1.025051e-03
48.250000 1.045514e-03
48.500000 1.066745e-03
48.750000 1.088466e-03
49.000000 1.110415e-03
49.250000 1.132346e-03
49.500000 1.154027e-03
49.750000 1.175243e-03
50.000000 1.195795e-03
