-50.000000 1.039333e-03
-49.750000 1.128201e-03
-49.500000 1.213159e-03
-49.250000 1.293658e-03
-49.000000 1.369183e-03
-48.750000 1.439264e-03
-48.500000 1.503478e-03
-48.250000 1.561449e-03
-48.000000 1.612857e-03
-47.750000 1.657438e-03
-47.500000 1.694987e-03
-47.250000 1.725361e-03
-47.000000 1.748480e-03
-46.750000 1.764331e-03
-46.500000 1.772963e-03
-46.250000 1.774492e-03
-46.000000 1.769100e-03
-45.750000 1.757031e-03
-45.500000 1.738589e-03
-45.250000 1.714140e-03
-45.000000 1.684103e-03
-44.750000 1.648946e-03
-44.500000 1.609187e-03
-44.250000 1.565379e-03
-44.000000 1.518108e-03
-43.750000 1.467983e-03
-43.500000 1.415627e-03
-43.250000 1.361663e-03
-43.000000 1.306703e-03
-42.750000 1.251336e-03
-42.500000 1.196104e-03
-42.250000 1.141495e-03
-42.000000 1.087920e-03
-41.750000 1.035696e-03
-41.500000 9.850359e-04
-41.250000 9.360305e-04
-41.000000 8.886477e-04
-40.750000 8.427300e-04
-40.500000 7.980029e-04
-40.250000 7.540897e-04
-40.000000 7.105338e-04
-39.750000 6.668259e-04
-39.500000 6.224344e-04
-39.250000 5.768374e-04
-39.000000 5.295545e-04
-38.750000 4.801790e-04
-38.500000 4.284122e-04
-38.250000 3.741090e-04
-38.000000 3.173553e-04
-37.750000 2.586426e-04
-37.500000 1.993582e-04
-37.250000 1.434714e-04
-37.000000 1.036836e-04
-36.750000 1.072219e-04
-36.500000 1.546220e-04
-36.250000 2.209330e-04
-36.000000 2.944321e-04
-35.750000 3.709565e-04
-35.500000 4.484964e-04
-35.250000 5.257050e-04
-35.000000 6.014668e-04
-34.750000 6.747517e-04
-34.500000 7.445629e-04
-34.250000 8.099188e-04
-34.000000 8.698494e-04
-33.750000 9.234002e-04
-33.500000 9.696391e-04
-33.250000 1.007667e-03
-33.000000 1.036627e-03
-32.750000 1.055720e-03
-32.500000 1.064220e-03
-32.250000 1.061490e-03
-32.000000 1.047007e-03
-31.750000 1.020394e-03
-31.500000 9.814636e-04
-31.250000 9.302920e-04
-31.000000 8.673404e-04
-30.750000 7.936774e-04
-30.500000 7.114096e-04
-30.250000 6.245561e-04
-30.000000 5.408173e-04
-29.750000 4.745875e-04
-29.500000 4.485603e-04
-29.250000 4.837257e-04
-29.000000 5.809726e-04
-28.750000 7.250699e-04
-28.500000 9.011186e-04
-28.250000 1.099497e-03
-28.000000 1.314323e-03
-27.750000 1.541708e-03
-27.500000 1.778753e-03
-27.250000 2.023055e-03
-27.000000 2.272444e-03
-26.750000 2.524861e-03
-26.500000 2.778284e-03
-26.250000 3.030698e-03
-26.000000 3.280074e-03
-25.750000 3.524367e-03
-25.500000 3.761517e-03
-25.250000 3.989454e-03
-25.000000 4.206103e-03
-24.750000 4.409400e-03
-24.500000 4.597298e-03
-24.250000 4.767785e-03
-24.000000 4.918892e-03
-23.750000 5.048711e-03
-23.500000 5.155408e-03
-23.250000 5.237237e-03
-23.000000 5.292558e-03
-22.750000 5.319850e-03
-22.500000 5.317729e-03
-22.250000 5.284964e-03
-22.000000 5.220501e-03
-21.750000 5.123477e-03
-21.500000 4.993254e-03
-21.250000 4.829443e-03
-21.000000 4.631957e-03
-20.750000 4.401064e-03
-20.500000 4.137493e-03
-20.250000 3.842581e-03
-20.000000 3.518546e-03
-19.750000 3.168974e-03
-19.500000 2.799770e-03
-19.250000 2.421083e-03
-19.000000 2.051385e-03
-18.750000 1.725724e-03
-18.500000 1.507386e-03
-18.250000 1.479922e-03
-18.000000 1.681858e-03
-17.750000 2.068601e-03
-17.500000 2.574044e-03
-17.250000 3.153283e-03
-17.000000 3.780863e-03
-16.750000 4.441958e-03
-16.500000 5.127036e-03
-16.250000 5.829243e-03
-16.000000 6.543140e-03
-15.750000 7.264065e-03
-15.500000 7.987804e-03
-15.250000 8.710417e-03
-15.000000 9.428141e-03
-14.750000 1.013734e-02
-14.500000 1.083447e-02
-14.250000 1.151610e-02
-14.000000 1.217887e-02
-13.750000 1.281952e-02
-13.500000 1.343491e-02
-13.250000 1.402200e-02
-13.000000 1.457790e-02
-12.750000 1.509985e-02
-12.500000 1.558525e-02
-12.250000 1.603169e-02
-12.000000 1.643692e-02
-11.750000 1.679892e-02
-11.500000 1.711586e-02
-11.250000 1.738614e-02
-11.000000 1.760841e-02
-10.750000 1.778153e-02
-10.500000 1.790466e-02
-10.250000 1.797718e-02
-10.000000 1.799877e-02
-9.750000 1.796936e-02
-9.500000 1.788916e-02
-9.250000 1.775868e-02
-9.000000 1.757869e-02
-8.750000 1.735026e-02
-8.500000 1.707473e-02
-8.250000 1.675373e-02
-8.000000 1.638918e-02
-7.750000 1.598329e-02
-7.500000 1.553854e-02
-7.250000 1.505770e-02
-7.000000 1.454384e-02
-6.750000 1.400032e-02
-6.500000 1.343080e-02
-6.250000 1.283929e-02
-6.000000 1.223010e-02
-5.750000 1.160797e-02
-5.500000 1.097801e-02
-5.250000 1.034584e-02
-5.000000 9.717599e-03
-4.750000 9.100071e-03
-4.500000 8.500750e-03
-4.250000 7.927925e-03
-4.000000 7.390717e-03
-3.750000 6.898992e-03
-3.500000 6.463084e-03
-3.250000 6.093178e-03
-3.000000 5.798293e-03
-2.750000 5.584899e-03
-2.500000 5.455496e-03
-2.250000 5.407653e-03
-2.000000 5.433998e-03
-1.750000 5.523249e-03
-1.500000 5.661868e-03
-1.250000 5.835741e-03
-1.000000 6.031463e-03
-0.750000 6.237071e-03
-0.500000 6.442333e-03
-0.250000 6.638749e-03
0.000000 6.819405e-03
0.250000 6.978772e-03
0.500000 7.112507e-03
0.750000 7.217276e-03
1.000000 7.290604e-03
1.250000 7.330758e-03
1.500000 7.336648e-03
1.750000 7.307755e-03
2.000000 7.244076e-03
2.250000 7.146077e-03
2.500000 7.014664e-03
2.750000 6.851164e-03
3.000000 6.657314e-03
3.250000 6.435261e-03
3.500000 6.187582e-03
3.750000 5.917309e-03
4.000000 5.627989e-03
4.250000 5.323753e-03
4.500000 5.009441e-03
4.750000 4.690753e-03
5.000000 4.374450e-03
5.250000 4.068596e-03
5.500000 3.782764e-03
5.750000 3.528109e-03
6.000000 3.317028e-03
6.250000 3.162072e-03
6.500000 3.073909e-03
6.750000 3.058728e-03
7.000000 3.116286e-03
7.250000 3.239881e-03
7.500000 3.418290e-03
7.750000 3.638449e-03
8.000000 3.887605e-03
8.250000 4.154466e-03
8.500000 4.429554e-03
8.750000 4.705118e-03
9.000000 4.974881e-03
9.250000 5.233769e-03
9.500000 5.477675e-03
9.750000 5.703264e-03
10.000000 5.907838e-03
10.250000 6.089222e-03
10.500000 6.245690e-03
10.750000 6.375900e-03
11.000000 6.478852e-03
11.250000 6.553853e-03
11.500000 6.600488e-03
11.750000 6.618599e-03
12.000000 6.608263e-03
12.250000 6.569777e-03
12.500000 6.503643e-03
12.750000 6.410554e-03
13.000000 6.291380e-03
13.250000 6.147156e-03
13.500000 5.979070e-03
13.750000 5.788451e-03
14.000000 5.576761e-03
14.250000 5.345582e-03
14.500000 5.096612e-03
14.750000 4.831658e-03
15.000000 4.552637e-03
15.250000 4.261574e-03
15.500000 3.960625e-03
15.750000 3.652092e-03
16.000000 3.338483e-03
16.250000 3.022589e-03
16.500000 2.707634e-03
16.750000 2.397530e-03
17.000000 2.097317e-03
17.250000 1.813919e-03
17.500000 1.557374e-03
17.750000 1.342468e-03
18.000000 1.189432e-03
18.250000 1.119519e-03
18.500000 1.142365e-03
18.750000 1.246618e-03
19.000000 1.408020e-03
19.250000 1.603333e-03
19.500000 1.815930e-03
19.750000 2.035108e-03
20.000000 2.254110e-03
20.250000 2.468604e-03
20.500000 2.675746e-03
20.750000 2.873638e-03
21.000000 3.061000e-03
21.250000 3.236984e-03
21.500000 3.401053e-03
21.750000 3.552900e-03
22.000000 3.692396e-03
22.250000 3.819554e-03
22.500000 3.934493e-03
22.750000 4.037422e-03
23.000000 4.128613e-03
23.250000 4.208390e-03
23.500000 4.277109e-03
23.750000 4.335147e-03
24.000000 4.382891e-03
24.250000 4.420723e-03
24.500000 4.449016e-03
24.750000 4.468123e-03
25.000000 4.478367e-03
25.250000 4.480046e-03
25.500000 4.473418e-03
25.750000 4.458707e-03
26.000000 4.436099e-03
26.250000 4.405746e-03
26.500000 4.367766e-03
26.750000 4.322245e-03
27.000000 4.269248e-03
27.250000 4.208820e-03
27.500000 4.140992e-03
27.750000 4.065792e-03
28.000000 3.983249e-03
28.250000 3.893400e-03
28.500000 3.796300e-03
28.750000 3.692028e-03
29.000000 3.580691e-03
29.250000 3.462436e-03
29.500000 3.337451e-03
29.750000 3.205972e-03
30.000000 3.068290e-03
30.250000 2.924755e-03
30.500000 2.775780e-03
30.750000 2.621851e-03
31.000000 2.463533e-03
31.250000 2.301482e-03
31.500000 2.136458e-03
31.750000 1.969356e-03
32.000000 1.801238e-03
32.250000 1.633397e-03
32.500000 1.467452e-03
32.750000 1.305516e-03
33.000000 1.150453e-03
33.250000 1.006295e-03
33.500000 8.788185e-04
33.750000 7.760655e-04
34.000000 7.079139e-04
34.250000 6.830662e-04
34.500000 7.037954e-04
34.750000 7.637248e-04
35.000000 8.517934e-04
35.250000 9.574115e-04
35.500000 1.072604e-03
35.750000 1.191900e-03
36.000000 1.311624e-03
36.250000 1.429273e-03
36.500000 1.543103e-03
36.750000 1.651872e-03
37.000000 1.754681e-03
37.250000 1.850875e-03
37.500000 1.939987e-03
37.750000 2.021695e-03
38.000000 2.095798e-03
38.250000 2.162194e-03
38.500000 2.220871e-03
38.750000 2.271891e-03
39.000000 2.315387e-03
39.250000 2.351550e-03
39.500000 2.380624e-03
39.750000 2.402900e-03
40.000000 2.418705e-03
40.250000 2.428401e-03
40.500000 2.432373e-03
40.750000 2.431023e-03
41.000000 2.424763e-03
41.250000 2.414010e-03
41.500000 2.399173e-03
41.750000 2.380654e-03
42.000000 2.358835e-03
42.250000 2.334075e-03
42.500000 2.306707e-03
42.750000 2.277027e-03
43.000000 2.245300e-03
43.250000 2.211751e-03
43.500000 2.176567e-03
43.750000 2.139897e-03
44.000000 2.101857e-03
44.250000 2.062528e-03
44.500000 2.021966e-03
44.750000 1.980203e-03
45.000000 1.937258e-03
45.250000 1.893139e-03
45.500000 1.847857e-03
45.750000 1.801427e-03
46.000000 1.753880e-03
46.250000 1.705271e-03
46.500000 1.655683e-03
46.750000 1.605237e-03
47.000000 1.554095e-03
47.250000 1.502469e-03
47.500000 1.450622e-03
47.750000 1.398871e-03
48.000000 1.347591e-03
48.250000 1.297212e-03
48.500000 1.248216e-03
48.750000 1.201127e-03
49.000000 1.156505e-03
49.250000 1.114922e-03
49.500000 1.076937e-03
49.750000 1.043070e-03
50.000000 1.013760e-03
