-50.000000 3.286528e-03
-49.750000 3.288539e-03
-49.500000 3.282358e-03
-49.250000 3.267923e-03
-49.000000 3.245208e-03
-48.750000 3.214218e-03
-48.500000 3.174994e-03
-48.250000 3.127610e-03
-48.000000 3.072179e-03
-47.750000 3.008853e-03
-47.500000 2.937826e-03
-47.250000 2.859340e-03
-47.000000 2.773685e-03
-46.750000 2.681209e-03
-46.500000 2.582326e-03
-46.250000 2.477527e-03
-46.000000 2.367393e-03
-45.750000 2.252619e-03
-45.500000 2.134040e-03
-45.250000 2.012669e-03
-45.000000 1.889753e-03
-44.750000 1.766844e-03
-44.500000 1.645895e-03
-44.250000 1.529379e-03
-44.000000 1.420429e-03
-43.750000 1.322945e-03
-43.500000 1.241593e-03
-43.250000 1.181535e-03
-43.000000 1.147723e-03
-42.750000 1.143796e-03
-42.500000 1.171017e-03
-42.250000 1.227918e-03
-42.000000 1.310893e-03
-41.750000 1.415305e-03
-41.500000 1.536456e-03
-41.250000 1.670143e-03
-41.000000 1.812836e-03
-40.750000 1.961653e-03
-40.500000 2.114251e-03
-40.250000 2.268712e-03
-40.000000 2.423440e-03
-39.750000 2.577084e-03
-39.500000 2.728475e-03
-39.250000 2.876583e-03
-39.000000 3.020491e-03
-38.750000 3.159362e-03
-38.500000 3.292433e-03
-38.250000 3.418996e-03
-38.000000 3.538393e-03
-37.750000 3.650011e-03
-37.500000 3.753273e-03
-37.250000 3.847641e-03
-37.000000 3.932611e-03
-36.750000 4.007714e-03
-36.500000 4.072511e-03
-36.250000 4.126601e-03
-36.000000 4.169612e-03
-35.750000 4.201211e-03
-35.500000 4.221098e-03
-35.250000 4.229011e-03
-35.000000 4.224726e-03
-34.750000 4.208060e-03
-34.500000 4.178873e-03
-34.250000 4.137072e-03
-34.000000 4.082612e-03
-33.750000 4.015503e-03
-33.500000 3.935812e-03
-33.250000 3.843675e-03
-33.000000 3.739301e-03
-32.750000 3.622988e-03
-32.500000 3.495136e-03
-32.250000 3.356271e-03
-32.000000 3.207077e-03
-31.750000 3.048436e-03
-31.500000 2.881493e-03
-31.250000 2.707748e-03
-31.000000 2.529188e-03
-30.750000 2.348480e-03
-30.500000 2.169257e-03
-30.250000 1.996507e-03
-30.000000 1.837057e-03
-29.750000 1.700023e-03
-29.500000 1.596800e-03
-29.250000 1.539855e-03
-29.000000 1.539736e-03
-28.750000 1.601337e-03
-28.500000 1.722242e-03
-28.250000 1.894583e-03
-28.000000 2.108526e-03
-27.750000 2.354858e-03
-27.500000 2.626007e-03
-27.250000 2.916088e-03
-27.000000 3.220583e-03
-26.750000 3.535986e-03
-26.500000 3.859508e-03
-26.250000 4.188859e-03
-26.000000 4.522104e-03
-25.750000 4.857549e-03
-25.500000 5.193680e-03
-25.250000 5.529104e-03
-25.000000 5.862524e-03
-24.750000 6.192709e-03
-24.500000 6.518478e-03
-24.250000 6.838692e-03
-24.000000 7.152243e-03
-23.750000 7.458049e-03
-23.500000 7.755051e-03
-23.250000 8.042211e-03
-23.000000 8.318508e-03
-22.750000 8.582942e-03
-22.500000 8.834530e-03
-22.250000 9.072308e-03
-22.000000 9.295332e-03
-21.750000 9.502680e-03
-21.500000 9.693449e-03
-21.250000 9.866761e-03
-21.000000 1.002176e-02
-20.750000 1.015763e-02
-20.500000 1.027356e-02
-20.250000 1.036878e-02
-20.000000 1.044255e-02
-19.750000 1.049418e-02
-19.500000 1.052297e-02
-19.250000 1.052831e-02
-19.000000 1.050959e-02
-18.750000 1.046626e-02
-18.500000 1.039779e-02
-18.250000 1.030372e-02
-18.000000 1.018360e-02
-17.750000 1.003707e-02
-17.500000 9.863775e-03
-17.250000 9.663444e-03
-17.000000 9.435840e-03
-16.750000 9.180787e-03
-16.500000 8.898166e-03
-16.250000 8.587922e-03
-16.000000 8.250066e-03
-15.750000 7.884683e-03
-15.500000 7.491941e-03
-15.250000 7.072106e-03
-15.000000 6.625564e-03
-14.750000 6.152851e-03
-14.500000 5.654710e-03
-14.250000 5.132188e-03
-14.000000 4.586806e-03
-13.750000 4.020904e-03
-13.500000 3.438358e-03
-13.250000 2.846256e-03
-13.000000 2.259279e-03
-12.750000 1.712562e-03
-12.500000 1.299296e-03
-12.250000 1.213004e-03
-12.000000 1.543589e-03
-11.750000 2.126165e-03
-11.500000 2.825122e-03
-11.250000 3.585813e-03
-11.000000 4.386372e-03
-10.750000 5.216605e-03
-10.500000 6.070924e-03
-10.250000 6.945781e-03
-10.000000 7.838621e-03
-9.750000 8.747408e-03
-9.500000 9.670389e-03
-9.250000 1.060597e-02
-9.000000 1.155266e-02
-8.750000 1.250900e-02
-8.500000 1.347359e-02
-8.250000 1.444501e-02
-8.000000 1.542188e-02
-7.750000 1.640279e-02
-7.500000 1.738636e-02
-7.250000 1.837117e-02
-7.000000 1.935584e-02
-6.750000 2.033895e-02
-6.500000 2.131910e-02
-6.250000 2.229487e-02
-6.000000 2.326488e-02
-5.750000 2.422770e-02
-5.500000 2.518195e-02
-5.250000 2.612623e-02
-5.000000 2.705916e-02
-4.750000 2.797939e-02
-4.500000 2.888554e-02
-4.250000 2.977629e-02
-4.000000 3.065031e-02
-3.750000 3.150631e-02
-3.500000 3.234301e-02
-3.250000 3.315916e-02
-3.000000 3.395354e-02
-2.750000 3.472496e-02
-2.500000 3.547225e-02
-2.250000 3.619430e-02
-2.000000 3.689002e-02
-1.750000 3.755834e-02
-1.500000 3.819827e-02
-1.250000 3.880883e-02
-1.000000 3.938911e-02
-0.750000 3.993821e-02
-0.500000 4.045531e-02
-0.250000 4.093963e-02
0.000000 4.139044e-02
0.250000 4.180704e-02
0.500000 4.218883e-02
0.750000 4.253521e-02
1.000000 4.284568e-02
1.250000 4.311978e-02
1.500000 4.335708e-02
1.750000 4.355726e-02
2.000000 4.372002e-02
2.250000 4.384513e-02
2.500000 4.393242e-02
2.750000 4.398178e-02
3.000000 4.399316e-02
3.250000 4.396657e-02
3.500000 4.390208e-02
3.750000 4.379982e-02
4.000000 4.365997e-02
4.250000 4.348280e-02
4.500000 4.326861e-02
4.750000 4.301776e-02
5.000000 4.273068e-02
5.250000 4.240786e-02
5.500000 4.204982e-02
5.750000 4.165717e-02
6.000000 4.123054e-02
6.250000 4.077065e-02
6.500000 4.027825e-02
6.750000 3.975413e-02
7.000000 3.919914e-02
7.250000 3.861420e-02
7.500000 3.800024e-02
7.750000 3.735824e-02
8.000000 3.668926e-02
8.250000 3.599434e-02
8.500000 3.527462e-02
8.750000 3.453122e-02
9.000000 3.376534e-02
9.250000 3.297820e-02
9.500000 3.217103e-02
9.750000 3.134512e-02
10.000000 3.050176e-02
10.250000 2.964229e-02
10.500000 2.876805e-02
10.750000 2.788042e-02
11.000000 2.698078e-02
11.250000 2.607054e-02
11.500000 2.515114e-02
11.750000 2.422399e-02
12.000000 2.329057e-02
12.250000 2.235231e-02
12.500000 2.141072e-02
12.750000 2.046725e-02
13.000000 1.952342e-02
13.250000 1.858073e-02
13.500000 1.764071e-02
13.750000 1.670490e-02
14.000000 1.577486e-02
14.250000 1.485219e-02
14.500000 1.393853e-02
14.750000 1.303558e-02
15.000000 1.214512e-02
15.250000 1.126903e-02
15.500000 1.040936e-02
15.750000 9.568364e-03
16.000000 8.748611e-03
16.250000 7.953112e-03
16.500000 7.185516e-03
16.750000 6.450403e-03
17.000000 5.753719e-03
17.250000 5.103400e-03
17.500000 4.510225e-03
17.750000 3.988773e-03
18.000000 3.557979e-03
18.250000 3.239864e-03
18.500000 3.054388e-03
18.750000 3.010422e-03
19.000000 3.098771e-03
19.250000 3.294638e-03
19.500000 3.567446e-03
19.750000 3.889399e-03
20.000000 4.238879e-03
20.250000 4.600289e-03
20.500000 4.962689e-03
20.750000 5.318443e-03
21.000000 5.662176e-03
21.250000 5.990061e-03
21.500000 6.299339e-03
21.750000 6.588006e-03
22.000000 6.854600e-03
22.250000 7.098061e-03
22.500000 7.317632e-03
22.750000 7.512793e-03
23.000000 7.683214e-03
23.250000 7.828718e-03
23.500000 7.949257e-03
23.750000 8.044894e-03
24.000000 8.115786e-03
24.250000 8.162176e-03
24.500000 8.184382e-03
24.750000 8.182791e-03
25.000000 8.157850e-03
25.250000 8.110066e-03
25.500000 8.040001e-03
25.750000 7.948266e-03
26.000000 7.835517e-03
26.250000 7.702459e-03
26.500000 7.549837e-03
26.750000 7.378439e-03
27.000000 7.189091e-03
27.250000 6.982659e-03
27.500000 6.760048e-03
27.750000 6.522204e-03
28.000000 6.270113e-03
28.250000 6.004806e-03
28.500000 5.727365e-03
28.750000 5.438927e-03
29.000000 5.140702e-03
29.250000 4.833986e-03
29.500000 4.520190e-03
29.750000 4.200878e-03
30.000000 3.877830e-03
30.250000 3.553134e-03
30.500000 3.229336e-03
30.750000 2.909672e-03
31.000000 2.598442e-03
31.250000 2.301616e-03
31.500000 2.027732e-03
31.750000 1.789083e-03
32.000000 1.602544e-03
32.250000 1.488052e-03
32.500000 1.461925e-03
32.750000 1.527182e-03
33.000000 1.671037e-03
33.250000 1.872966e-03
33.500000 2.113655e-03
33.750000 2.378499e-03
34.000000 2.657370e-03
34.250000 2.943360e-03
34.500000 3.231691e-03
34.750000 3.518952e-03
35.000000 3.802625e-03
35.250000 4.080785e-03
35.500000 4.351912e-03
35.750000 4.614774e-03
36.000000 4.868350e-03
36.250000 5.111780e-03
36.500000 5.344331e-03
36.750000 5.565370e-03
37.000000 5.774355e-03
37.250000 5.970814e-03
37.500000 6.154346e-03
37.750000 6.324608e-03
38.000000 6.481313e-03
38.250000 6.624225e-03
38.500000 6.753160e-03
38.750000 6.867976e-03
39.000000 6.968581e-03
39.250000 7.054924e-03
39.500000 7.126995e-03
39.750000 7.184826e-03
40.000000 7.228489e-03
40.250000 7.258093e-03
40.500000 7.273784e-03
40.750000 7.275747e-03
41.000000 7.264199e-03
41.250000 7.239393e-03
41.500000 7.201613e-03
41.750000 7.151179e-03
42.000000 7.088438e-03
42.250000 7.013769e-03
42.500000 6.927579e-03
42.750000 6.830305e-03
43.000000 6.722408e-03
43.250000 6.604377e-03
43.500000 6.476726e-03
43.750000 6.339991e-03
44.000000 6.194733e-03
44.250000 6.041537e-03
44.500000 5.881006e-03
44.750000 5.713769e-03
45.000000 5.540474e-03
45.250000 5.361790e-03
45.500000 5.178408e-03
45.750000 4.991043e-03
46.000000 4.800430e-03
46.250000 4.607332e-03
46.500000 4.412536e-03
46.750000 4.216861e-03
47.000000 4.021158e-03
47.250000 3.826315e-03
47.500000 3.633264e-03
47.750000 3.442987e-03
48.000000 3.256523e-03
48.250000 3.074971e-03
48.500000 2.899506e-03
48.750000 2.731375e-03
49.000000 2.571904e-03
49.250000 2.422484e-03
49.500000 2.284556e-03
49.750000 2.159564e-03
50.000000 2.048893e-03
