-50.000000 1.549074e-02
-49.750000 1.932619e-02
-49.500000 2.316976e-02
-49.250000 2.680043e-02
-49.000000 3.007377e-02
-48.750000 3.288427e-02
-48.500000 3.515083e-02
-48.250000 3.681117e-02
-48.000000 3.781963e-02
-47.750000 3.814657e-02
-47.500000 3.777834e-02
-47.250000 3.671771e-02
-47.000000 3.498447e-02
-46.750000 3.261670e-02
-46.500000 2.967318e-02
-46.250000 2.623863e-02
-46.000000 2.243596e-02
-45.750000 1.845657e-02
-45.500000 1.463941e-02
-45.250000 1.165649e-02
-45.000000 1.064642e-02
-44.750000 1.227026e-02
-44.500000 1.570869e-02
-44.250000 1.991443e-02
-44.000000 2.429699e-02
-43.750000 2.854320e-02
-43.500000 3.246046e-02
-43.250000 3.591289e-02
-43.000000 3.879698e-02
-42.750000 4.103217e-02
-42.500000 4.255726e-02
-42.250000 4.332916e-02
-42.000000 4.332284e-02
-41.750000 4.253171e-02
-41.500000 4.096844e-02
-41.250000 3.866629e-02
-41.000000 3.568159e-02
-40.750000 3.209863e-02
-40.500000 2.804033e-02
-40.250000 2.369283e-02
-40.000000 1.936480e-02
-39.750000 1.562367e-02
-39.500000 1.347877e-02
-39.250000 1.399063e-02
-39.000000 1.698586e-02
-38.750000 2.135800e-02
-38.500000 2.624598e-02
-38.250000 3.116734e-02
-38.000000 3.583744e-02
-37.750000 4.006487e-02
-37.500000 4.370761e-02
-37.250000 4.665516e-02
-37.000000 4.882130e-02
-36.750000 5.014120e-02
-36.500000 5.057059e-02
-36.250000 5.008570e-02
-36.000000 4.868368e-02
-35.750000 4.638337e-02
-35.500000 4.322661e-02
-35.250000 3.928083e-02
-35.000000 3.464467e-02
-34.750000 2.946155e-02
-34.500000 2.395532e-02
-34.250000 1.853275e-02
-34.000000 1.407989e-02
-33.750000 1.239821e-02
-33.500000 1.476779e-02
-33.250000 1.978401e-02
-33.000000 2.579360e-02
-32.750000 3.199093e-02
-32.500000 3.797858e-02
-32.250000 4.351341e-02
-32.000000 4.841985e-02
-31.750000 5.256005e-02
-31.500000 5.582325e-02
-31.250000 5.812213e-02
-31.000000 5.939192e-02
-30.750000 5.959070e-02
-30.500000 5.870018e-02
-30.250000 5.672684e-02
-30.000000 5.370357e-02
-29.750000 4.969225e-02
-29.500000 4.478885e-02
-29.250000 3.913443e-02
-29.000000 3.294148e-02
-28.750000 2.656251e-02
-28.500000 2.067731e-02
-28.250000 1.670891e-02
-28.000000 1.671795e-02
-27.750000 2.089503e-02
-27.500000 2.732753e-02
-27.250000 3.455918e-02
-27.000000 4.186060e-02
-26.750000 4.882929e-02
-26.500000 5.519865e-02
-26.250000 6.076843e-02
-26.000000 6.537911e-02
-25.750000 6.890237e-02
-25.500000 7.123794e-02
-25.250000 7.231320e-02
-25.000000 7.208385e-02
-24.750000 7.053537e-02
-24.500000 6.768507e-02
-24.250000 6.358527e-02
-24.000000 5.832882e-02
-23.750000 5.206008e-02
-23.500000 4.499907e-02
-23.250000 3.749900e-02
-23.000000 3.019099e-02
-22.750000 2.431684e-02
-22.500000 2.201780e-02
-22.250000 2.482537e-02
-22.000000 3.151027e-02
-21.750000 4.003707e-02
-21.500000 4.915599e-02
-21.250000 5.818631e-02
-21.000000 6.670455e-02
-20.750000 7.440632e-02
-20.500000 8.105247e-02
-20.250000 8.644800e-02
-20.000000 9.043417e-02
-19.750000 9.288625e-02
-19.500000 9.371363e-02
-19.250000 9.286132e-02
-19.000000 9.031203e-02
-18.750000 8.608937e-02
-18.500000 8.026250e-02
-18.250000 7.295473e-02
-18.000000 6.436086e-02
-17.750000 5.478701e-02
-17.500000 4.475095e-02
-17.250000 3.525061e-02
-17.000000 2.838495e-02
-16.750000 2.749454e-02
-16.500000 3.363102e-02
-16.250000 4.402259e-02
-16.000000 5.613163e-02
-15.750000 6.863254e-02
-15.500000 8.079459e-02
-15.250000 9.213252e-02
-15.000000 1.022750e-01
-14.750000 1.109160e-01
-14.500000 1.177971e-01
-14.250000 1.227016e-01
-14.000000 1.254543e-01
-13.750000 1.259239e-01
-13.500000 1.240259e-01
-13.250000 1.197283e-01
-13.000000 1.130582e-01
-12.750000 1.041142e-01
-12.500000 9.308827e-02
-12.250000 8.031557e-02
-12.000000 6.639710e-02
-11.750000 5.253697e-02
-11.500000 4.144072e-02
-11.250000 3.829790e-02
-11.000000 4.640078e-02
-10.750000 6.216491e-02
-10.500000 8.137006e-02
-10.250000 1.018181e-01
-10.000000 1.223407e-01
-9.750000 1.421658e-01
-9.500000 1.606856e-01
-9.250000 1.773736e-01
-9.000000 1.917545e-01
-8.750000 2.033946e-01
-8.500000 2.119014e-01
-8.250000 2.169273e-01
-8.000000 2.181763e-01
-7.750000 2.154132e-01
-7.500000 2.084757e-01
-7.250000 1.972950e-01
-7.000000 1.819295e-01
-6.750000 1.626355e-01
-6.500000 1.400276e-01
-6.250000 1.154964e-01
-6.000000 9.236680e-02
-5.750000 7.844991e-02
-5.500000 8.497152e-02
-5.250000 1.128556e-01
-5.000000 1.537992e-01
-4.750000 2.020291e-01
-4.500000 2.547599e-01
-4.250000 3.104646e-01
-4.000000 3.680998e-01
-3.750000 4.268187e-01
-3.500000 4.858612e-01
-3.250000 5.445107e-01
-3.000000 6.020773e-01
-2.750000 6.578935e-01
-2.500000 7.113160e-01
-2.250000 7.617293e-01
-2.000000 8.085520e-01
-1.750000 8.512426e-01
-1.500000 8.893059e-01
-1.250000 9.222991e-01
-1.000000 9.498372e-01
-0.750000 9.715981e-01
-0.500000 9.873268e-01
-0.250000 9.968385e-01
0.000000 1.000022e+00
0.250000 9.968385e-01
0.500000 9.873268e-01
0.750000 9.715981e-01
1.000000 9.498372e-01
1.250000 9.222991e-01
1.500000 8.893059e-01
1.750000 8.512426e-01
2.000000 8.085520e-01
2.250000 7.617293e-01
2.500000 7.113160e-01
2.750000 6.578935e-01
3.000000 6.020773e-01
3.250000 5.445107e-01
3.500000 4.858612e-01
3.750000 4.268187e-01
4.000000 3.680998e-01
4.250000 3.104646e-01
4.500000 2.547599e-01
4.750000 2.020291e-01
5.000000 1.537992e-01
5.250000 1.128556e-01
5.500000 8.497152e-02
5.750000 7.844991e-02
6.000000 9.236680e-02
6.250000 1.154964e-01
6.500000 1.400276e-01
6.750000 1.626355e-01
7.000000 1.819295e-01
7.250000 1.972950e-01
7.500000 2.084757e-01
7.750000 2.154132e-01
8.000000 2.181763e-01
8.250000 2.169273e-01
8.500000 2.119014e-01
8.750000 2.033946e-01
9.000000 1.917545e-01
9.250000 1.773736e-01
9.500000 1.606856e-01
9.750000 1.421658e-01
10.000000 1.223407e-01
10.250000 1.018181e-01
10.500000 8.137006e-02
10.750000 6.216491e-02
11.000000 4.640078e-02
11.250000 3.829790e-02
11.500000 4.144072e-02
11.750000 5.253697e-02
12.000000 6.639710e-02
12.250000 8.031557e-02
12.500000 9.308827e-02
12.750000 1.041142e-01
13.000000 1.130582e-01
13.250000 1.197283e-01
13.500000 1.240259e-01
13.750000 1.259239e-01
14.000000 1.254543e-01
14.250000 1.227016e-01
14.500000 1.177971e-01
14.750000 1.109160e-01
15.000000 1.022750e-01
15.250000 9.213252e-02
15.500000 8.079459e-02
15.750000 6.863254e-02
16.000000 5.613163e-02
16.250000 4.402259e-02
16.500000 3.363102e-02
16.750000 2.749454e-02
17.000000 2.838495e-02
17.250000 3.525061e-02
17.500000 4.475095e-02
17.750000 5.478701e-02
18.000000 6.436086e-02
18.250000 7.295473e-02
18.500000 8.026250e-02
18.750000 8.608937e-02
19.000000 9.031203e-02
19.250000 9.286132e-02
19.500000 9.371363e-02
19.750000 9.288625e-02
20.000000 9.043417e-02
20.250000 8.644800e-02
20.500000 8.105247e-02
20.750000 7.440632e-02
21.000000 6.670455e-02
21.250000 5.818631e-02
21.500000 4.915599e-02
21.750000 4.003707e-02
22.000000 3.151027e-02
22.250000 2.482537e-02
22.500000 2.201780e-02
22.750000 2.431684e-02
23.000000 3.019099e-02
23.250000 3.749900e-02
23.500000 4.499907e-02
23.750000 5.206008e-02
24.000000 5.832882e-02
24.250000 6.358527e-02
24.500000 6.768507e-02
24.750000 7.053537e-02
25.000000 7.208385e-02
25.250000 7.231320e-02
25.500000 7.123794e-02
25.750000 6.890237e-02
26.000000 6.537911e-02
26.250000 6.076843e-02
26.500000 5.519865e-02
26.750000 4.882929e-02
27.000000 4.186060e-02
27.250000 3.455918e-02
27.500000 2.732753e-02
27.750000 2.089503e-02
28.000000 1.671795e-02
28.250000 1.670891e-02
28.500000 2.067731e-02
28.750000 2.656251e-02
29.000000 3.294148e-02
29.250000 3.913443e-02
29.500000 4.478885e-02
29.750000 4.969225e-02
30.000000 5.370357e-02
30.250000 5.672684e-02
30.500000 5.870018e-02
30.750000 5.959070e-02
31.000000 5.939192e-02
31.250000 5.812213e-02
31.500000 5.582325e-02
31.750000 5.256005e-02
32.000000 4.841985e-02
32.250000 4.351341e-02
32.500000 3.797858e-02
32.750000 3.199093e-02
33.000000 2.579360e-02
33.250000 1.978401e-02
33.500000 1.476779e-02
33.750000 1.239821e-02
34.000000 1.407989e-02
34.250000 1.853275e-02
34.500000 2.395532e-02
34.750000 2.946155e-02
35.000000 3.464467e-02
35.250000 3.928083e-02
35.500000 4.322661e-02
35.750000 4.638337e-02
36.000000 4.868368e-02
36.250000 5.008570e-02
36.500000 5.057059e-02
36.750000 5.014120e-02
37.000000 4.882130e-02
37.250000 4.665516e-02
37.500000 4.370761e-02
37.750000 4.006487e-02
38.000000 3.583744e-02
38.250000 3.116734e-02
38.500000 2.624598e-02
38.750000 2.135800e-02
39.000000 1.698586e-02
39.250000 1.399063e-02
39.500000 1.347877e-02
39.750000 1.562367e-02
40.000000 1.936480e-02
40.250000 2.369283e-02
40.500000 2.804033e-02
40.750000 3.209863e-02
41.000000 3.568159e-02
41.250000 3.866629e-02
41.500000 4.096844e-02
41.750000 4.253171e-02
42.000000 4.332284e-02
42.250000 4.332916e-02
42.500000 4.255726e-02
42.750000 4.103217e-02
43.000000 3.879698e-02
43.250000 3.591289e-02
43.500000 3.246046e-02
43.750000 2.854320e-02
44.000000 2.429699e-02
44.250000 1.991443e-02
44.500000 1.570869e-02
44.750000 1.227026e-02
45.000000 1.064642e-02
45.250000 1.165649e-02
45.500000 1.463941e-02
45.750000 1.845657e-02
46.000000 2.243596e-02
46.250000 2.623863e-02
46.500000 2.967318e-02
46.750000 3.261670e-02
47.000000 3.498447e-02
47.250000 3.671771e-02
47.500000 3.777834e-02
47.750000 3.814657e-02
48.000000 3.781963e-02
48.250000 3.681117e-02
48.500000 3.515083e-02
48.750000 3.288427e-02
49.000000 3.007377e-02
49.250000 2.680043e-02
49.500000 2.316976e-02
49.750000 1.932619e-02
50.000000 1.549074e-02
