-50.000000 1.425579e-03
-49.750000 1.327011e-03
-49.500000 1.227756e-03
-49.250000 1.133532e-03
-49.000000 1.051486e-03
-48.750000 9.898949e-04
-48.500000 9.569235e-04
-48.250000 9.582831e-04
-48.000000 9.949445e-04
-47.750000 1.062798e-03
-47.500000 1.154550e-03
-47.250000 1.262142e-03
-47.000000 1.378247e-03
-46.750000 1.496766e-03
-46.500000 1.612782e-03
-46.250000 1.722356e-03
-46.000000 1.822317e-03
-45.750000 1.910110e-03
-45.500000 1.983679e-03
-45.250000 2.041403e-03
-45.000000 2.082041e-03
-44.750000 2.104710e-03
-44.500000 2.108860e-03
-44.250000 2.094262e-03
-44.000000 2.061000e-03
-43.750000 2.009459e-03
-43.500000 1.940320e-03
-43.250000 1.854554e-03
-43.000000 1.753413e-03
-42.750000 1.638428e-03
-42.500000 1.511407e-03
-42.250000 1.374451e-03
-42.000000 1.229980e-03
-41.750000 1.080806e-03
-41.500000 9.302793e-04
-41.250000 7.826053e-04
-41.000000 6.434857e-04
-40.750000 5.213566e-04
-40.500000 4.290345e-04
-40.250000 3.823680e-04
-40.000000 3.884641e-04
-39.750000 4.343997e-04
-39.500000 4.986385e-04
-39.250000 5.648194e-04
-39.000000 6.230923e-04
-38.750000 6.675731e-04
-38.500000 6.945262e-04
-38.250000 7.014465e-04
-38.000000 6.866208e-04
-37.750000 6.489178e-04
-37.500000 5.876879e-04
-37.250000 5.027265e-04
-37.000000 3.943077e-04
-36.750000 2.634748e-04
-36.500000 1.151135e-04
-36.250000 8.803233e-05
-36.000000 2.734727e-04
-35.750000 4.860296e-04
-35.500000 7.160465e-04
-35.250000 9.604845e-04
-35.000000 1.216682e-03
-34.750000 1.481921e-03
-34.500000 1.753368e-03
-34.250000 2.028082e-03
-34.000000 2.303040e-03
-33.750000 2.575173e-03
-33.500000 2.841402e-03
-33.250000 3.098673e-03
-33.000000 3.344004e-03
-32.750000 3.574519e-03
-32.500000 3.787489e-03
-32.250000 3.980375e-03
-32.000000 4.150862e-03
-31.750000 4.296900e-03
-31.500000 4.416737e-03
-31.250000 4.508954e-03
-31.000000 4.572498e-03
-30.750000 4.606709e-03
-30.500000 4.611352e-03
-30.250000 4.586641e-03
-30.000000 4.533265e-03
-29.750000 4.452414e-03
-29.500000 4.345804e-03
-29.250000 4.215701e-03
-29.000000 4.064954e-03
-28.750000 3.897020e-03
-28.500000 3.715999e-03
-28.250000 3.526656e-03
-28.000000 3.334426e-03
-27.750000 3.145381e-03
-27.500000 2.966097e-03
-27.250000 2.803378e-03
-27.000000 2.663748e-03
-26.750000 2.552694e-03
-26.500000 2.473737e-03
-26.250000 2.427586e-03
-26.000000 2.411734e-03
-25.750000 2.420708e-03
-25.500000 2.446899e-03
-25.250000 2.481638e-03
-25.000000 2.516150e-03
-24.750000 2.542221e-03
-24.500000 2.552560e-03
-24.250000 2.540934e-03
-24.000000 2.502189e-03
-23.750000 2.432196e-03
-23.500000 2.327798e-03
-23.250000 2.186746e-03
-23.000000 2.007661e-03
-22.750000 1.790020e-03
-22.500000 1.534204e-03
-22.250000 1.241692e-03
-22.000000 9.158724e-04
-21.750000 5.662913e-04
-21.500000 2.546970e-04
-21.250000 3.827941e-04
-21.000000 7.964388e-04
-20.750000 1.259426e-03
-20.500000 1.745064e-03
-20.250000 2.244195e-03
-20.000000 2.750095e-03
-19.750000 3.256488e-03
-19.500000 3.757133e-03
-19.250000 4.245725e-03
-19.000000 4.715904e-03
-18.750000 5.161292e-03
-18.500000 5.575546e-03
-18.250000 5.952421e-03
-18.000000 6.285830e-03
-17.750000 6.569911e-03
-17.500000 6.799090e-03
-17.250000 6.968143e-03
-17.000000 7.072259e-03
-16.750000 7.107095e-03
-16.500000 7.068833e-03
-16.250000 6.954231e-03
-16.000000 6.760666e-03
-15.750000 6.486185e-03
-15.500000 6.129539e-03
-15.250000 5.690232e-03
-15.000000 5.168568e-03
-14.750000 4.565729e-03
-14.500000 3.883943e-03
-14.250000 3.126903e-03
-14.000000 2.301252e-03
-13.750000 1.424063e-03
-13.500000 6.054929e-04
-13.250000 8.343086e-04
-13.000000 1.838324e-03
-12.750000 2.957302e-03
-12.500000 4.132399e-03
-12.250000 5.347529e-03
-12.000000 6.592252e-03
-11.750000 7.857346e-03
-11.500000 9.133861e-03
-11.250000 1.041287e-02
-11.000000 1.168545e-02
-10.750000 1.294264e-02
-10.500000 1.417560e-02
-10.250000 1.537556e-02
-10.000000 1.653400e-02
-9.750000 1.764264e-02
-9.500000 1.869356e-02
-9.250000 1.967926e-02
-9.000000 2.059272e-02
-8.750000 2.142749e-02
-8.500000 2.217774e-02
-8.250000 2.283831e-02
-8.000000 2.340475e-02
-7.750000 2.387342e-02
-7.500000 2.424146e-02
-7.250000 2.450688e-02
-7.000000 2.466855e-02
-6.750000 2.472623e-02
-6.500000 2.468059e-02
-6.250000 2.453323e-02
-6.000000 2.428662e-02
-5.750000 2.394416e-02
-5.500000 2.351015e-02
-5.250000 2.298975e-02
-5.000000 2.238899e-02
-4.750000 2.171472e-02
-4.500000 2.097461e-02
-4.250000 2.017712e-02
-4.000000 1.933146e-02
-3.750000 1.844758e-02
-3.500000 1.753615e-02
-3.250000 1.660852e-02
-3.000000 1.567671e-02
-2.750000 1.475335e-02
-2.500000 1.385161e-02
-2.250000 1.298502e-02
-2.000000 1.216728e-02
-1.750000 1.141174e-02
-1.500000 1.073086e-02
-1.250000 1.013522e-02
-1.000000 9.632462e-03
-0.750000 9.226119e-03
-0.500000 8.914707e-03
-0.250000 8.691406e-03
0.000000 8.544529e-03
0.250000 8.458723e-03
0.500000 8.416596e-03
0.750000 8.400351e-03
1.000000 8.393119e-03
1.250000 8.379846e-03
1.500000 8.347767e-03
1.750000 8.286555e-03
2.000000 8.188273e-03
2.250000 8.047218e-03
2.500000 7.859722e-03
2.750000 7.623953e-03
3.000000 7.339736e-03
3.250000 7.008412e-03
3.500000 6.632739e-03
3.750000 6.216852e-03
4.000000 5.766311e-03
4.250000 5.288269e-03
4.500000 4.791838e-03
4.750000 4.288776e-03
5.000000 3.794689e-03
5.250000 3.330944e-03
5.500000 2.927136e-03
5.750000 2.622215e-03
6.000000 2.458513e-03
6.250000 2.462941e-03
6.500000 2.627407e-03
6.750000 2.913571e-03
7.000000 3.275766e-03
7.250000 3.676306e-03
7.500000 4.088219e-03
7.750000 4.492904e-03
8.000000 4.877432e-03
8.250000 5.232633e-03
8.500000 5.551916e-03
8.750000 5.830555e-03
9.000000 6.065267e-03
9.250000 6.253958e-03
9.500000 6.395553e-03
9.750000 6.489901e-03
10.000000 6.537704e-03
10.250000 6.540472e-03
10.500000 6.500484e-03
10.750000 6.420776e-03
11.000000 6.305114e-03
11.250000 6.157988e-03
11.500000 5.984602e-03
11.750000 5.790856e-03
12.000000 5.583324e-03
12.250000 5.369199e-03
12.500000 5.156190e-03
12.750000 4.952339e-03
13.000000 4.765716e-03
13.250000 4.603962e-03
13.500000 4.473694e-03
13.750000 4.379820e-03
14.000000 4.324919e-03
14.250000 4.308855e-03
14.500000 4.328781e-03
14.750000 4.379546e-03
15.000000 4.454385e-03
15.250000 4.545699e-03
15.500000 4.645758e-03
15.750000 4.747225e-03
16.000000 4.843482e-03
16.250000 4.928807e-03
16.500000 4.998430e-03
16.750000 5.048530e-03
17.000000 5.076178e-03
17.250000 5.079285e-03
17.500000 5.056523e-03
17.750000 5.007259e-03
18.000000 4.931492e-03
18.250000 4.829783e-03
18.500000 4.703201e-03
18.750000 4.553266e-03
19.000000 4.381891e-03
19.250000 4.191334e-03
19.500000 3.984143e-03
19.750000 3.763113e-03
20.000000 3.531233e-03
20.250000 3.291642e-03
20.500000 3.047585e-03
20.750000 2.802368e-03
21.000000 2.559314e-03
21.250000 2.321720e-03
21.500000 2.092804e-03
21.750000 1.875650e-03
22.000000 1.673121e-03
22.250000 1.487752e-03
22.500000 1.321586e-03
22.750000 1.175957e-03
23.000000 1.051238e-03
23.250000 9.466181e-04
23.500000 8.600368e-04
23.750000 7.884132e-04
24.000000 7.282116e-04
24.250000 6.762600e-04
24.500000 6.306579e-04
24.750000 5.916395e-04
25.000000 5.622604e-04
25.250000 5.485329e-04
25.500000 5.581927e-04
25.750000 5.976912e-04
26.000000 6.692039e-04
26.250000 7.703709e-04
26.500000 8.963921e-04
26.750000 1.042031e-03
27.000000 1.202506e-03
27.250000 1.373646e-03
27.500000 1.551782e-03
27.750000 1.733622e-03
28.000000 1.916147e-03
28.250000 2.096558e-03
28.500000 2.272247e-03
28.750000 2.440782e-03
29.000000 2.599913e-03
29.250000 2.747578e-03
29.500000 2.881915e-03
29.750000 3.001274e-03
30.000000 3.104226e-03
30.250000 3.189580e-03
30.500000 3.256383e-03
30.750000 3.303933e-03
31.000000 3.331779e-03
31.250000 3.339721e-03
31.500000 3.327808e-03
31.750000 3.296335e-03
32.000000 3.245830e-03
32.250000 3.177046e-03
32.500000 3.090945e-03
32.750000 2.988685e-03
33.000000 2.871595e-03
33.250000 2.741161e-03
33.500000 2.599000e-03
33.750000 2.446833e-03
34.000000 2.286465e-03
34.250000 2.119755e-03
34.500000 1.948589e-03
34.750000 1.774853e-03
35.000000 1.600406e-03
35.250000 1.427050e-03
35.500000 1.256507e-03
35.750000 1.090393e-03
36.000000 9.301981e-04
36.250000 7.772741e-04
36.500000 6.328397e-04
36.750000 4.980302e-04
37.000000 3.740733e-04
37.250000 2.628911e-04
37.500000 1.694877e-04
37.750000 1.117720e-04
38.000000 1.224198e-04
38.250000 1.784359e-04
38.500000 2.446555e-04
38.750000 3.115115e-04
39.000000 3.775250e-04
39.250000 4.432205e-04
39.500000 5.096235e-04
39.750000 5.777475e-04
40.000000 6.483595e-04
40.250000 7.218682e-04
40.500000 7.982880e-04
40.750000 8.772528e-04
41.000000 9.580628e-04
41.250000 1.039747e-03
41.500000 1.121130e-03
41.750000 1.200896e-03
42.000000 1.277647e-03
42.250000 1.349949e-03
42.500000 1.416379e-03
42.750000 1.475561e-03
43.000000 1.526192e-03
43.250000 1.567073e-03
43.500000 1.597127e-03
43.750000 1.615420e-03
44.000000 1.621173e-03
44.250000 1.613776e-03
44.500000 1.592797e-03
44.750000 1.557986e-03
45.000000 1.509280e-03
45.250000 1.446803e-03
45.500000 1.370867e-03
45.750000 1.281964e-03
46.000000 1.180760e-03
46.250000 1.068091e-03
46.500000 9.449465e-04
46.750000 8.124592e-04
47.000000 6.718927e-04
47.250000 5.246273e-04
47.500000 3.721518e-04
47.750000 2.160991e-04
48.000000 5.913689e-05
48.250000 1.027725e-04
48.500000 2.597828e-04
48.750000 4.144774e-04
49.000000 5.648158e-04
49.250000 7.091625e-04
49.500000 8.459868e-04
49.750000 9.738516e-04
50.000000 1.091423e-03
