-50.000000 6.849551e-03
-49.750000 6.864064e-03
-49.500000 6.875346e-03
-49.250000 6.883358e-03
-49.000000 6.888061e-03
-48.750000 6.889420e-03
-48.500000 6.887399e-03
-48.250000 6.881967e-03
-48.000000 6.873091e-03
-47.750000 6.860743e-03
-47.500000 6.844894e-03
-47.250000 6.825519e-03
-47.000000 6.802594e-03
-46.750000 6.776098e-03
-46.500000 6.746010e-03
-46.250000 6.712315e-03
-46.000000 6.674996e-03
-45.750000 6.634041e-03
-45.500000 6.589442e-03
-45.250000 6.541190e-03
-45.000000 6.489282e-03
-44.750000 6.433716e-03
-44.500000 6.374496e-03
-44.250000 6.311626e-03
-44.000000 6.245117e-03
-43.750000 6.174982e-03
-43.500000 6.101239e-03
-43.250000 6.023911e-03
-43.000000 5.943026e-03
-42.750000 5.858617e-03
-42.500000 5.770723e-03
-42.250000 5.679392e-03
-42.000000 5.584677e-03
-41.750000 5.486641e-03
-41.500000 5.385355e-03
-41.250000 5.280901e-03
-41.000000 5.173374e-03
-40.750000 5.062881e-03
-40.500000 4.949544e-03
-40.250000 4.833505e-03
-40.000000 4.714924e-03
-39.750000 4.593985e-03
-39.500000 4.470898e-03
-39.250000 4.345908e-03
-39.000000 4.219292e-03
-38.750000 4.091375e-03
-38.500000 3.962529e-03
-38.250000 3.833188e-03
-38.000000 3.703857e-03
-37.750000 3.575122e-03
-37.500000 3.447667e-03
-37.250000 3.322290e-03
-37.000000 3.199918e-03
-36.750000 3.081628e-03
-36.500000 2.968661e-03
-36.250000 2.862437e-03
-36.000000 2.764555e-03
-35.750000 2.676787e-03
-35.500000 2.601040e-03
-35.250000 2.539302e-03
-35.000000 2.493541e-03
-34.750000 2.465586e-03
-34.500000 2.456989e-03
-34.250000 2.468888e-03
-34.000000 2.501911e-03
-33.750000 2.556136e-03
-33.500000 2.631119e-03
-33.250000 2.725976e-03
-33.000000 2.839503e-03
-32.750000 2.970307e-03
-32.500000 3.116914e-03
-32.250000 3.277861e-03
-32.000000 3.451757e-03
-31.750000 3.637318e-03
-31.500000 3.833382e-03
-31.250000 4.038913e-03
-31.000000 4.252997e-03
-30.750000 4.474829e-03
-30.500000 4.703705e-03
-30.250000 4.939004e-03
-30.000000 5.180184e-03
-29.750000 5.426766e-03
-29.500000 5.678323e-03
-29.250000 5.934479e-03
-29.000000 6.194895e-03
-28.750000 6.459266e-03
-28.500000 6.727316e-03
-28.250000 6.998793e-03
-28.000000 7.273466e-03
-27.750000 7.551121e-03
-27.500000 7.831559e-03
-27.250000 8.114595e-03
-27.000000 8.400054e-03
-26.750000 8.687770e-03
-26.500000 8.977586e-03
-26.250000 9.269352e-03
-26.000000 9.562924e-03
-25.750000 9.858163e-03
-25.500000 1.015493e-02
-25.250000 1.045311e-02
-25.000000 1.075256e-02
-24.750000 1.105316e-02
-24.500000 1.135479e-02
-24.250000 1.165733e-02
-24.000000 1.196066e-02
-23.750000 1.226468e-02
-23.500000 1.256926e-02
-23.250000 1.287430e-02
-23.000000 1.317967e-02
-22.750000 1.348529e-02
-22.500000 1.379102e-02
-22.250000 1.409678e-02
-22.000000 1.440245e-02
-21.750000 1.470792e-02
-21.500000 1.501309e-02
-21.250000 1.531787e-02
-21.000000 1.562213e-02
-20.750000 1.592578e-02
-20.500000 1.622872e-02
-20.250000 1.653085e-02
-20.000000 1.683206e-02
-19.750000 1.713226e-02
-19.500000 1.743134e-02
-19.250000 1.772921e-02
-19.000000 1.802576e-02
-18.750000 1.832090e-02
-18.500000 1.861454e-02
-18.250000 1.890657e-02
-18.000000 1.919690e-02
-17.750000 1.948543e-02
-17.500000 1.977207e-02
-17.250000 2.005673e-02
-17.000000 2.033931e-02
-16.750000 2.061972e-02
-16.500000 2.089786e-02
-16.250000 2.117365e-02
-16.000000 2.144700e-02
-15.750000 2.171782e-02
-15.500000 2.198602e-02
-15.250000 2.225150e-02
-15.000000 2.251420e-02
-14.750000 2.277401e-02
-14.500000 2.303085e-02
-14.250000 2.328465e-02
-14.000000 2.353532e-02
-13.750000 2.378277e-02
-13.500000 2.402694e-02
-13.250000 2.426773e-02
-13.000000 2.450507e-02
-12.750000 2.473888e-02
-12.500000 2.496909e-02
-12.250000 2.519562e-02
-12.000000 2.541840e-02
-11.750000 2.563736e-02
-11.500000 2.585242e-02
-11.250000 2.606352e-02
-11.000000 2.627059e-02
-10.750000 2.647357e-02
-10.500000 2.667238e-02
-10.250000 2.686696e-02
-10.000000 2.705725e-02
-9.750000 2.724320e-02
-9.500000 2.742473e-02
-9.250000 2.760180e-02
-9.000000 2.777435e-02
-8.750000 2.794232e-02
-8.500000 2.810565e-02
-8.250000 2.826431e-02
-8.000000 2.841823e-02
-7.750000 2.856737e-02
-7.500000 2.871168e-02
-7.250000 2.885112e-02
-7.000000 2.898564e-02
-6.750000 2.911521e-02
-6.500000 2.923978e-02
-6.250000 2.935932e-02
-6.000000 2.947378e-02
-5.750000 2.958314e-02
-5.500000 2.968736e-02
-5.250000 2.978641e-02
-5.000000 2.988026e-02
-4.750000 2.996889e-02
-4.500000 3.005226e-02
-4.250000 3.013036e-02
-4.000000 3.020316e-02
-3.750000 3.027065e-02
-3.500000 3.033280e-02
-3.250000 3.038961e-02
-3.000000 3.044104e-02
-2.750000 3.048711e-02
-2.500000 3.052778e-02
-2.250000 3.056306e-02
-2.000000 3.059293e-02
-1.750000 3.061740e-02
-1.500000 3.063646e-02
-1.250000 3.065011e-02
-1.000000 3.065835e-02
-0.750000 3.066118e-02
-0.500000 3.065861e-02
-0.250000 3.065064e-02
0.000000 3.063729e-02
0.250000 3.061856e-02
0.500000 3.059447e-02
0.750000 3.056503e-02
1.000000 3.053026e-02
1.250000 3.049017e-02
1.500000 3.044479e-02
1.750000 3.039413e-02
2.000000 3.033823e-02
2.250000 3.027710e-02
2.500000 3.021078e-02
2.750000 3.013929e-02
3.000000 3.006267e-02
3.250000 2.998094e-02
3.500000 2.989415e-02
3.750000 2.980233e-02
4.000000 2.970551e-02
4.250000 2.960374e-02
4.500000 2.949706e-02
4.750000 2.938551e-02
5.000000 2.926914e-02
5.250000 2.914800e-02
5.500000 2.902212e-02
5.750000 2.889158e-02
6.000000 2.875640e-02
6.250000 2.861666e-02
6.500000 2.847240e-02
6.750000 2.832368e-02
7.000000 2.817057e-02
7.250000 2.801311e-02
7.500000 2.785137e-02
7.750000 2.768541e-02
8.000000 2.751531e-02
8.250000 2.734111e-02
8.500000 2.716290e-02
8.750000 2.698074e-02
9.000000 2.679469e-02
9.250000 2.660484e-02
9.500000 2.641125e-02
9.750000 2.621400e-02
10.000000 2.601316e-02
10.250000 2.580881e-02
10.500000 2.560102e-02
10.750000 2.538989e-02
11.000000 2.517548e-02
11.250000 2.495788e-02
11.500000 2.473716e-02
11.750000 2.451343e-02
12.000000 2.428675e-02
12.250000 2.405721e-02
12.500000 2.382491e-02
12.750000 2.358992e-02
13.000000 2.335234e-02
13.250000 2.311226e-02
13.500000 2.286977e-02
13.750000 2.262496e-02
14.000000 2.237792e-02
14.250000 2.212875e-02
14.500000 2.187753e-02
14.750000 2.162437e-02
15.000000 2.136936e-02
15.250000 2.111260e-02
15.500000 2.085418e-02
15.750000 2.059421e-02
16.000000 2.033278e-02
16.250000 2.006998e-02
16.500000 1.980593e-02
16.750000 1.954072e-02
17.000000 1.927445e-02
17.250000 1.900723e-02
17.500000 1.873916e-02
17.750000 1.847033e-02
18.000000 1.820086e-02
18.250000 1.793086e-02
18.500000 1.766041e-02
18.750000 1.738964e-02
19.000000 1.711865e-02
19.250000 1.684754e-02
19.500000 1.657642e-02
19.750000 1.630540e-02
20.000000 1.603459e-02
20.250000 1.576409e-02
20.500000 1.549403e-02
20.750000 1.522450e-02
21.000000 1.495563e-02
21.250000 1.468752e-02
21.500000 1.442028e-02
21.750000 1.415403e-02
22.000000 1.388889e-02
22.250000 1.362496e-02
22.500000 1.336238e-02
22.750000 1.310124e-02
23.000000 1.284167e-02
23.250000 1.258380e-02
23.500000 1.232773e-02
23.750000 1.207360e-02
24.000000 1.182153e-02
24.250000 1.157163e-02
24.500000 1.132404e-02
24.750000 1.107888e-02
25.000000 1.083629e-02
25.250000 1.059638e-02
25.500000 1.035930e-02
25.750000 1.012518e-02
26.000000 9.894158e-03
26.250000 9.666365e-03
26.500000 9.441943e-03
26.750000 9.221036e-03
27.000000 9.003786e-03
27.250000 8.790339e-03
27.500000 8.580843e-03
27.750000 8.375447e-03
28.000000 8.174303e-03
28.250000 7.977562e-03
28.500000 7.785378e-03
28.750000 7.597906e-03
29.000000 7.415301e-03
29.250000 7.237716e-03
29.500000 7.065306e-03
29.750000 6.898221e-03
30.000000 6.736612e-03
30.250000 6.580623e-03
30.500000 6.430396e-03
30.750000 6.286063e-03
31.000000 6.147751e-03
31.250000 6.015576e-03
31.500000 5.889643e-03
31.750000 5.770043e-03
32.000000 5.656853e-03
32.250000 5.550132e-03
32.500000 5.449917e-03
32.750000 5.356229e-03
33.000000 5.269062e-03
33.250000 5.188387e-03
33.500000 5.114149e-03
33.750000 5.046267e-03
34.000000 4.984635e-03
34.250000 4.929116e-03
34.500000 4.879550e-03
34.750000 4.835752e-03
35.000000 4.797512e-03
35.250000 4.764597e-03
35.500000 4.736758e-03
35.750000 4.713725e-03
36.000000 4.695215e-03
36.250000 4.680935e-03
36.500000 4.670581e-03
36.750000 4.663845e-03
37.000000 4.660414e-03
37.250000 4.659978e-03
37.500000 4.662225e-03
37.750000 4.666852e-03
38.000000 4.673557e-03
38.250000 4.682051e-03
38.500000 4.692050e-03
38.750000 4.703282e-03
39.000000 4.715488e-03
39.250000 4.728418e-03
39.500000 4.741837e-03
39.750000 4.755519e-03
40.000000 4.769254e-03
40.250000 4.782844e-03
40.500000 4.796103e-03
40.750000 4.808856e-03
41.000000 4.820943e-03
41.250000 4.832214e-03
41.500000 4.842530e-03
41.750000 4.851763e-03
42.000000 4.859797e-03
42.250000 4.866523e-03
42.500000 4.871845e-03
42.750000 4.875674e-03
43.000000 4.877930e-03
43.250000 4.878542e-03
43.500000 4.877447e-03
43.750000 4.874588e-03
44.000000 4.869916e-03
44.250000 4.863391e-03
44.500000 4.854976e-03
44.750000 4.844641e-03
45.000000 4.832365e-03
45.250000 4.818129e-03
45.500000 4.801920e-03
45.750000 4.783731e-03
46.000000 4.763561e-03
46.250000 4.741411e-03
46.500000 4.717288e-03
46.750000 4.691205e-03
47.000000 4.663176e-03
47.250000 4.633221e-03
47.500000 4.601365e-03
47.750000 4.567634e-03
48.000000 4.532059e-03
48.250000 4.494677e-03
48.500000 4.455525e-03
48.750000 4.414646e-03
49.000000 4.372086e-03
49.250000 4.327893e-03
49.500000 4.282122e-03
49.750000 4.234828e-03
50.000000 4.186071e-03
