-50.000000 3.310276e-03
-49.750000 3.315528e-03
-49.500000 3.321034e-03
-49.250000 3.326797e-03
-49.000000 3.332818e-03
-48.750000 3.339101e-03
-48.500000 3.345648e-03
-48.250000 3.352462e-03
-48.000000 3.359545e-03
-47.750000 3.366899e-03
-47.500000 3.374526e-03
-47.250000 3.382428e-03
-47.000000 3.390606e-03
-46.750000 3.399063e-03
-46.500000 3.407798e-03
-46.250000 3.416814e-03
-46.000000 3.426112e-03
-45.750000 3.435692e-03
-45.500000 3.445555e-03
-45.250000 3.455702e-03
-45.000000 3.466132e-03
-44.750000 3.476847e-03
-44.500000 3.487846e-03
-44.250000 3.499129e-03
-44.000000 3.510696e-03
-43.750000 3.522546e-03
-43.500000 3.534679e-03
-43.250000 3.547095e-03
-43.000000 3.559791e-03
-42.750000 3.572768e-03
-42.500000 3.586024e-03
-42.250000 3.599558e-03
-42.000000 3.613368e-03
-41.750000 3.627452e-03
-41.500000 3.641810e-03
-41.250000 3.656439e-03
-41.000000 3.671337e-03
-40.750000 3.686502e-03
-40.500000 3.701932e-03
-40.250000 3.717624e-03
-40.000000 3.733577e-03
-39.750000 3.749787e-03
-39.500000 3.766251e-03
-39.250000 3.782967e-03
-39.000000 3.799933e-03
-38.750000 3.817144e-03
-38.500000 3.834598e-03
-38.250000 3.852292e-03
-38.000000 3.870222e-03
-37.750000 3.888385e-03
-37.500000 3.906778e-03
-37.250000 3.925396e-03
-37.000000 3.944238e-03
-36.750000 3.963297e-03
-36.500000 3.982572e-03
-36.250000 4.002058e-03
-36.000000 4.021751e-03
-35.750000 4.041647e-03
-35.500000 4.061743e-03
-35.250000 4.082034e-03
-35.000000 4.102516e-03
-34.750000 4.123185e-03
-34.500000 4.144037e-03
-34.250000 4.165067e-03
-34.000000 4.186272e-03
-33.750000 4.207647e-03
-33.500000 4.229187e-03
-33.250000 4.250889e-03
-33.000000 4.272748e-03
-32.750000 4.294759e-03
-32.500000 4.316918e-03
-32.250000 4.339221e-03
-32.000000 4.361663e-03
-31.750000 4.384240e-03
-31.500000 4.406947e-03
-31.250000 4.429779e-03
-31.000000 4.452733e-03
-30.750000 4.475803e-03
-30.500000 4.498985e-03
-30.250000 4.522274e-03
-30.000000 4.545667e-03
-29.750000 4.569157e-03
-29.500000 4.592742e-03
-29.250000 4.616416e-03
-29.000000 4.640174e-03
-28.750000 4.664013e-03
-28.500000 4.687928e-03
-28.250000 4.711913e-03
-28.000000 4.735965e-03
-27.750000 4.760080e-03
-27.500000 4.784252e-03
-27.250000 4.808477e-03
-27.000000 4.832750e-03
-26.750000 4.857068e-03
-26.500000 4.881426e-03
-26.250000 4.905819e-03
-26.000000 4.930243e-03
-25.750000 4.954694e-03
-25.500000 4.979167e-03
-25.250000 5.003657e-03
-25.000000 5.028161e-03
-24.750000 5.052675e-03
-24.500000 5.077193e-03
-24.250000 5.101712e-03
-24.000000 5.126228e-03
-23.750000 5.150735e-03
-23.500000 5.175231e-03
-23.250000 5.199710e-03
-23.000000 5.224169e-03
-22.750000 5.248604e-03
-22.500000 5.273010e-03
-22.250000 5.297383e-03
-22.000000 5.321720e-03
-21.750000 5.346016e-03
-21.500000 5.370268e-03
-21.250000 5.394470e-03
-21.000000 5.418620e-03
-20.750000 5.442714e-03
-20.500000 5.466747e-03
-20.250000 5.490716e-03
-20.000000 5.514617e-03
-19.750000 5.538446e-03
-19.500000 5.562199e-03
-19.250000 5.585873e-03
-19.000000 5.609463e-03
-18.750000 5.632967e-03
-18.500000 5.656380e-03
-18.250000 5.679700e-03
-18.000000 5.702921e-03
-17.750000 5.726041e-03
-17.500000 5.749057e-03
-17.250000 5.771964e-03
-17.000000 5.794759e-03
-16.750000 5.817439e-03
-16.500000 5.840000e-03
-16.250000 5.862439e-03
-16.000000 5.884753e-03
-15.750000 5.906938e-03
-15.500000 5.928991e-03
-15.250000 5.950909e-03
-15.000000 5.972688e-03
-14.750000 5.994325e-03
-14.500000 6.015817e-03
-14.250000 6.037161e-03
-14.000000 6.058354e-03
-13.750000 6.079393e-03
-13.500000 6.100274e-03
-13.250000 6.120996e-03
-13.000000 6.141553e-03
-12.750000 6.161945e-03
-12.500000 6.182167e-03
-12.250000 6.202217e-03
-12.000000 6.222092e-03
-11.750000 6.241790e-03
-11.500000 6.261306e-03
-11.250000 6.280640e-03
-11.000000 6.299787e-03
-10.750000 6.318746e-03
-10.500000 6.337513e-03
-10.250000 6.356086e-03
-10.000000 6.374462e-03
-9.750000 6.392639e-03
-9.500000 6.410614e-03
-9.250000 6.428385e-03
-9.000000 6.445949e-03
-8.750000 6.463304e-03
-8.500000 6.480447e-03
-8.250000 6.497376e-03
-8.000000 6.514089e-03
-7.750000 6.530583e-03
-7.500000 6.546856e-03
-7.250000 6.562906e-03
-7.000000 6.578730e-03
-6.750000 6.594327e-03
-6.500000 6.609694e-03
-6.250000 6.624828e-03
-6.000000 6.639729e-03
-5.750000 6.654394e-03
-5.500000 6.668821e-03
-5.250000 6.683007e-03
-5.000000 6.696952e-03
-4.750000 6.710652e-03
-4.500000 6.724107e-03
-4.250000 6.737314e-03
-4.000000 6.750271e-03
-3.750000 6.762977e-03
-3.500000 6.775430e-03
-3.250000 6.787628e-03
-3.000000 6.799569e-03
-2.750000 6.811252e-03
-2.500000 6.822675e-03
-2.250000 6.833837e-03
-2.000000 6.844736e-03
-1.750000 6.855370e-03
-1.500000 6.865738e-03
-1.250000 6.875839e-03
-1.000000 6.885670e-03
-0.750000 6.895232e-03
-0.500000 6.904521e-03
-0.250000 6.913538e-03
0.000000 6.922280e-03
0.250000 6.930746e-03
0.500000 6.938936e-03
0.750000 6.946847e-03
1.000000 6.954479e-03
1.250000 6.961831e-03
1.500000 6.968901e-03
1.750000 6.975689e-03
2.000000 6.982193e-03
2.250000 6.988413e-03
2.500000 6.994347e-03
2.750000 6.999994e-03
3.000000 7.005354e-03
3.250000 7.010425e-03
3.500000 7.015208e-03
3.750000 7.019700e-03
4.000000 7.023902e-03
4.250000 7.027812e-03
4.500000 7.031430e-03
4.750000 7.034755e-03
5.000000 7.037786e-03
5.250000 7.040524e-03
5.500000 7.042966e-03
5.750000 7.045114e-03
6.000000 7.046965e-03
6.250000 7.048521e-03
6.500000 7.049779e-03
6.750000 7.050741e-03
7.000000 7.051405e-03
7.250000 7.051771e-03
7.500000 7.051839e-03
7.750000 7.051609e-03
8.000000 7.051080e-03
8.250000 7.050252e-03
8.500000 7.049125e-03
8.750000 7.047698e-03
9.000000 7.045972e-03
9.250000 7.043947e-03
9.500000 7.041622e-03
9.750000 7.038998e-03
10.000000 7.036074e-03
10.250000 7.032851e-03
10.500000 7.029328e-03
10.750000 7.025506e-03
11.000000 7.021384e-03
11.250000 7.016964e-03
11.500000 7.012245e-03
11.750000 7.007227e-03
12.000000 7.001911e-03
12.250000 6.996297e-03
12.500000 6.990385e-03
12.750000 6.984176e-03
13.000000 6.977669e-03
13.250000 6.970867e-03
13.500000 6.963768e-03
13.750000 6.956373e-03
14.000000 6.948684e-03
14.250000 6.940699e-03
14.500000 6.932421e-03
14.750000 6.923850e-03
15.000000 6.914986e-03
15.250000 6.905830e-03
15.500000 6.896382e-03
15.750000 6.886644e-03
16.000000 6.876616e-03
16.250000 6.866298e-03
16.500000 6.855693e-03
16.750000 6.844800e-03
17.000000 6.833621e-03
17.250000 6.822156e-03
17.500000 6.810406e-03
17.750000 6.798373e-03
18.000000 6.786057e-03
18.250000 6.773460e-03
18.500000 6.760581e-03
18.750000 6.747424e-03
19.000000 6.733988e-03
19.250000 6.720274e-03
19.500000 6.706285e-03
19.750000 6.692021e-03
20.000000 6.677483e-03
20.250000 6.662673e-03
20.500000 6.647591e-03
20.750000 6.632240e-03
21.000000 6.616621e-03
21.250000 6.600735e-03
21.500000 6.584583e-03
21.750000 6.568167e-03
22.000000 6.551488e-03
22.250000 6.534548e-03
22.500000 6.517348e-03
22.750000 6.499890e-03
23.000000 6.482176e-03
23.250000 6.464206e-03
23.500000 6.445984e-03
23.750000 6.427509e-03
24.000000 6.408785e-03
24.250000 6.389812e-03
24.500000 6.370593e-03
24.750000 6.351129e-03
25.000000 6.331422e-03
25.250000 6.311474e-03
25.500000 6.291286e-03
25.750000 6.270861e-03
26.000000 6.250201e-03
26.250000 6.229306e-03
26.500000 6.208180e-03
26.750000 6.186825e-03
27.000000 6.165241e-03
27.250000 6.143432e-03
27.500000 6.121399e-03
27.750000 6.099145e-03
28.000000 6.076671e-03
28.250000 6.053979e-03
28.500000 6.031072e-03
28.750000 6.007953e-03
29.000000 5.984622e-03
29.250000 5.961083e-03
29.500000 5.937337e-03
29.750000 5.913387e-03
30.000000 5.889235e-03
30.250000 5.864884e-03
30.500000 5.840335e-03
30.750000 5.815592e-03
31.000000 5.790656e-03
31.250000 5.765530e-03
31.500000 5.740217e-03
31.750000 5.714718e-03
32.000000 5.689036e-03
32.250000 5.663175e-03
32.500000 5.637136e-03
32.750000 5.610921e-03
33.000000 5.584534e-03
33.250000 5.557978e-03
33.500000 5.531253e-03
33.750000 5.504364e-03
34.000000 5.477314e-03
34.250000 5.450103e-03
34.500000 5.422736e-03
34.750000 5.395215e-03
35.000000 5.367543e-03
35.250000 5.339723e-03
35.500000 5.311757e-03
35.750000 5.283648e-03
36.000000 5.255399e-03
36.250000 5.227013e-03
36.500000 5.198493e-03
36.750000 5.169841e-03
37.000000 5.141061e-03
37.250000 5.112156e-03
37.500000 5.083128e-03
37.750000 5.053981e-03
38.000000 5.024717e-03
38.250000 4.995339e-03
38.500000 4.965852e-03
38.750000 4.936257e-03
39.000000 4.906557e-03
39.250000 4.876757e-03
39.500000 4.846858e-03
39.750000 4.816865e-03
40.000000 4.786780e-03
40.250000 4.756606e-03
40.500000 4.726348e-03
40.750000 4.696007e-03
41.000000 4.665588e-03
41.250000 4.635093e-03
41.500000 4.604526e-03
41.750000 4.573891e-03
42.000000 4.543190e-03
42.250000 4.512427e-03
42.500000 4.481606e-03
42.750000 4.450729e-03
43.000000 4.419801e-03
43.250000 4.388824e-03
43.500000 4.357803e-03
43.750000 4.326741e-03
44.000000 4.295641e-03
44.250000 4.264507e-03
44.500000 4.233342e-03
44.750000 4.202151e-03
45.000000 4.170936e-03
45.250000 4.139702e-03
45.500000 4.108452e-03
45.750000 4.077190e-03
46.000000 4.045920e-03
46.250000 4.014645e-03
46.500000 3.983369e-03
46.750000 3.952097e-03
47.000000 3.920831e-03
47.250000 3.889577e-03
47.500000 3.858337e-03
47.750000 3.827116e-03
48.000000 3.795918e-03
48.250000 3.764746e-03
48.500000 3.733605e-03
48.750000 3.702500e-03
49.000000 3.671433e-03
49.250000 3.640409e-03
49.500000 3.609433e-03
49.750000 3.578508e-03
50.000000 3.547639e-03
