-50.000000 2.940614e-03
-49.750000 2.884851e-03
-49.500000 2.752830e-03
-49.250000 2.553539e-03
-49.000000 2.301701e-03
-48.750000 2.020057e-03
-48.500000 1.743604e-03
-48.250000 1.524860e-03
-48.000000 1.428952e-03
-47.750000 1.496252e-03
-47.500000 1.702657e-03
-47.250000 1.985359e-03
-47.000000 2.287089e-03
-46.750000 2.567681e-03
-46.500000 2.799970e-03
-46.250000 2.965314e-03
-46.000000 3.051113e-03
-45.750000 3.049651e-03
-45.500000 2.957612e-03
-45.250000 2.775963e-03
-45.000000 2.510137e-03
-44.750000 2.170773e-03
-44.500000 1.776013e-03
-44.250000 1.359035e-03
-44.000000 9.941859e-04
-43.750000 8.527234e-04
-43.500000 1.068273e-03
-43.250000 1.491725e-03
-43.000000 1.971818e-03
-42.750000 2.441583e-03
-42.500000 2.866778e-03
-42.250000 3.225124e-03
-42.000000 3.500423e-03
-41.750000 3.680871e-03
-41.500000 3.758613e-03
-41.250000 3.729711e-03
-41.000000 3.594227e-03
-40.750000 3.356377e-03
-40.500000 3.024792e-03
-40.250000 2.613187e-03
-40.000000 2.142257e-03
-39.750000 1.645780e-03
-39.500000 1.191811e-03
-39.250000 9.400251e-04
-39.000000 1.077382e-03
-38.750000 1.486012e-03
-38.500000 1.969992e-03
-38.250000 2.439148e-03
-38.000000 2.851322e-03
-37.750000 3.181399e-03
-37.500000 3.412479e-03
-37.250000 3.533371e-03
-37.000000 3.537966e-03
-36.750000 3.425281e-03
-36.500000 3.199938e-03
-36.250000 2.873294e-03
-36.000000 2.466206e-03
-35.750000 2.016445e-03
-35.500000 1.598889e-03
-35.250000 1.362782e-03
-35.000000 1.477873e-03
-34.750000 1.905821e-03
-34.500000 2.481261e-03
-34.250000 3.093887e-03
-34.000000 3.683634e-03
-33.750000 4.212813e-03
-33.500000 4.654459e-03
-33.250000 4.988314e-03
-33.000000 5.199540e-03
-32.750000 5.278411e-03
-32.500000 5.220370e-03
-32.250000 5.026224e-03
-32.000000 4.702470e-03
-31.750000 4.261880e-03
-31.500000 3.724795e-03
-31.250000 3.122373e-03
-31.000000 2.505219e-03
-30.750000 1.965552e-03
-30.500000 1.669842e-03
-30.250000 1.777675e-03
-30.000000 2.214305e-03
-29.750000 2.786459e-03
-29.500000 3.367969e-03
-29.250000 3.891222e-03
-29.000000 4.315958e-03
-28.750000 4.615675e-03
-28.500000 4.772663e-03
-28.250000 4.776177e-03
-28.000000 4.621733e-03
-27.750000 4.310776e-03
-27.500000 3.850419e-03
-27.250000 3.253134e-03
-27.000000 2.536343e-03
-26.750000 1.721954e-03
-26.500000 8.362977e-04
-26.250000 1.231095e-04
-26.000000 1.046352e-03
-25.750000 1.972924e-03
-25.500000 2.851512e-03
-25.250000 3.651298e-03
-25.000000 4.344025e-03
-24.750000 4.904618e-03
-24.500000 5.312055e-03
-24.250000 5.550205e-03
-24.000000 5.608578e-03
-23.750000 5.483016e-03
-23.500000 5.176409e-03
-23.250000 4.699675e-03
-23.000000 4.073721e-03
-22.750000 3.334625e-03
-22.500000 2.550083e-03
-22.250000 1.875848e-03
-22.000000 1.663052e-03
-21.750000 2.139461e-03
-21.500000 2.993984e-03
-21.250000 3.949028e-03
-21.000000 4.880976e-03
-20.750000 5.723588e-03
-20.500000 6.431900e-03
-20.250000 6.972139e-03
-20.000000 7.318991e-03
-19.750000 7.455125e-03
-19.500000 7.371492e-03
-19.250000 7.067988e-03
-19.000000 6.554509e-03
-18.750000 5.852931e-03
-18.500000 5.001582e-03
-18.250000 4.067039e-03
-18.000000 3.177158e-03
-17.750000 2.593702e-03
-17.500000 2.669344e-03
-17.250000 3.390574e-03
-17.000000 4.417336e-03
-16.750000 5.507284e-03
-16.500000 6.532106e-03
-16.250000 7.413868e-03
-16.000000 8.097982e-03
-15.750000 8.544307e-03
-15.500000 8.724681e-03
-15.250000 8.622935e-03
-15.000000 8.236284e-03
-14.750000 7.578375e-03
-14.500000 6.685916e-03
-14.250000 5.634824e-03
-14.000000 4.582344e-03
-13.750000 3.856209e-03
-13.500000 3.934495e-03
-13.250000 4.929690e-03
-13.000000 6.473345e-03
-12.750000 8.232575e-03
-12.500000 1.001347e-02
-12.250000 1.169175e-02
-12.000000 1.317417e-02
-11.750000 1.438429e-02
-11.500000 1.525813e-02
-11.250000 1.574331e-02
-11.000000 1.579974e-02
-10.750000 1.540085e-02
-10.500000 1.453530e-02
-10.250000 1.320931e-02
-10.000000 1.145085e-02
-9.750000 9.320262e-03
-9.500000 6.945629e-03
-9.250000 4.679194e-03
-9.000000 3.715237e-03
-8.750000 5.334610e-03
-8.500000 8.254948e-03
-8.250000 1.150650e-02
-8.000000 1.475639e-02
-7.750000 1.782651e-02
-7.500000 2.058131e-02
-7.250000 2.290356e-02
-7.000000 2.468993e-02
-6.750000 2.585231e-02
-6.500000 2.632204e-02
-6.250000 2.605695e-02
-6.000000 2.505304e-02
-5.750000 2.336623e-02
-5.500000 2.115629e-02
-5.250000 1.877843e-02
-5.000000 1.694230e-02
-4.750000 1.676865e-02
-4.500000 1.918103e-02
-4.250000 2.408571e-02
-4.000000 3.079076e-02
-3.750000 3.868525e-02
-3.500000 4.735194e-02
-3.250000 5.649122e-02
-3.000000 6.586183e-02
-2.750000 7.525155e-02
-2.500000 8.446447e-02
-2.250000 9.331643e-02
-2.000000 1.016342e-01
-1.750000 1.092568e-01
-1.500000 1.160371e-01
-1.250000 1.218444e-01
-1.000000 1.265668e-01
-0.750000 1.301130e-01
-0.500000 1.324142e-01
-0.250000 1.334256e-01
0.000000 1.331273e-01
0.250000 1.315241e-01
0.500000 1.286463e-01
0.750000 1.245481e-01
1.000000 1.193068e-01
1.250000 1.130208e-01
1.500000 1.058078e-01
1.750000 9.780176e-02
2.000000 8.915053e-02
2.250000 8.001246e-02
2.500000 7.055356e-02
2.750000 6.094470e-02
3.000000 5.135954e-02
3.250000 4.197432e-02
3.500000 3.297208e-02
3.750000 2.455985e-02
4.000000 1.702936e-02
4.250000 1.098933e-02
4.500000 8.029601e-03
4.750000 9.417393e-03
5.000000 1.273154e-02
5.250000 1.602115e-02
5.500000 1.869169e-02
5.750000 2.056992e-02
6.000000 2.161521e-02
6.250000 2.184427e-02
6.500000 2.130643e-02
6.750000 2.007308e-02
7.000000 1.823173e-02
7.250000 1.588172e-02
7.500000 1.313102e-02
7.750000 1.009408e-02
8.000000 6.893715e-03
8.250000 3.689665e-03
8.500000 1.276365e-03
8.750000 3.215612e-03
9.000000 6.019995e-03
9.250000 8.612947e-03
9.500000 1.086922e-02
9.750000 1.272744e-02
10.000000 1.415013e-02
10.250000 1.511817e-02
10.500000 1.562948e-02
10.750000 1.569847e-02
11.000000 1.535584e-02
11.250000 1.464849e-02
11.500000 1.364023e-02
11.750000 1.241368e-02
12.000000 1.107436e-02
12.250000 9.757260e-03
12.500000 8.631863e-03
12.750000 7.887597e-03
13.000000 7.667965e-03
13.250000 7.974505e-03
13.500000 8.657759e-03
13.750000 9.515568e-03
14.000000 1.037566e-02
14.250000 1.111631e-02
14.500000 1.165851e-02
14.750000 1.195505e-02
15.000000 1.198266e-02
15.250000 1.173728e-02
15.500000 1.123126e-02
15.750000 1.049198e-02
16.000000 9.561801e-03
16.250000 8.499789e-03
16.500000 7.386487e-03
16.750000 6.332841e-03
17.000000 5.489290e-03
17.250000 5.028426e-03
17.500000 5.054934e-03
17.750000 5.505268e-03
18.000000 6.198472e-03
18.250000 6.958608e-03
18.500000 7.661701e-03
18.750000 8.228811e-03
19.000000 8.611630e-03
19.250000 8.782860e-03
19.500000 8.730819e-03
19.750000 8.456423e-03
20.000000 7.971424e-03
20.250000 7.297399e-03
20.500000 6.465530e-03
20.750000 5.517774e-03
21.000000 4.511464e-03
21.250000 3.532980e-03
21.500000 2.732285e-03
21.750000 2.356682e-03
22.000000 2.570026e-03
22.250000 3.181633e-03
22.500000 3.916611e-03
22.750000 4.618292e-03
23.000000 5.208354e-03
23.250000 5.644603e-03
23.500000 5.903719e-03
23.750000 5.974633e-03
24.000000 5.855715e-03
24.250000 5.553332e-03
24.500000 5.080942e-03
24.750000 4.458463e-03
25.000000 3.712057e-03
25.250000 2.875246e-03
25.500000 1.995752e-03
25.750000 1.177085e-03
26.000000 8.345190e-04
26.250000 1.371699e-03
26.500000 2.159855e-03
26.750000 2.928119e-03
27.000000 3.606597e-03
27.250000 4.161767e-03
27.500000 4.572490e-03
27.750000 4.825362e-03
28.000000 4.913569e-03
28.250000 4.836547e-03
28.500000 4.599863e-03
28.750000 4.215201e-03
29.000000 3.700681e-03
29.250000 3.082197e-03
29.500000 2.398367e-03
29.750000 1.719494e-03
30.000000 1.220460e-03
30.250000 1.245696e-03
30.500000 1.773815e-03
30.750000 2.466078e-03
31.000000 3.161928e-03
31.250000 3.796942e-03
31.500000 4.336287e-03
31.750000 4.757522e-03
32.000000 5.045967e-03
32.250000 5.193339e-03
32.500000 5.197370e-03
32.750000 5.061766e-03
33.000000 4.796391e-03
33.250000 4.417767e-03
33.500000 3.950290e-03
33.750000 3.429011e-03
34.000000 2.905583e-03
34.250000 2.458364e-03
34.500000 2.195819e-03
34.750000 2.209466e-03
35.000000 2.482928e-03
35.250000 2.908525e-03
35.500000 3.381011e-03
35.750000 3.829851e-03
36.000000 4.210908e-03
36.250000 4.496172e-03
36.500000 4.668076e-03
36.750000 4.716709e-03
37.000000 4.638416e-03
37.250000 4.434994e-03
37.500000 4.113125e-03
37.750000 3.683930e-03
38.000000 3.162621e-03
38.250000 2.568455e-03
38.500000 1.925863e-03
38.750000 1.271129e-03
39.000000 6.986356e-04
39.250000 6.103392e-04
39.500000 1.091102e-03
39.750000 1.659206e-03
40.000000 2.188182e-03
40.250000 2.641768e-03
40.500000 3.000780e-03
40.750000 3.252982e-03
41.000000 3.391022e-03
41.250000 3.411878e-03
41.500000 3.316641e-03
41.750000 3.110347e-03
42.000000 2.801787e-03
42.250000 2.403341e-03
42.500000 1.931070e-03
42.750000 1.405995e-03
43.000000 8.625126e-04
43.250000 4.282515e-04
43.500000 5.988691e-04
43.750000 1.112293e-03
44.000000 1.642231e-03
44.250000 2.131565e-03
44.500000 2.556776e-03
44.750000 2.902285e-03
45.000000 3.156921e-03
45.250000 3.313275e-03
45.500000 3.367598e-03
45.750000 3.319817e-03
46.000000 3.173532e-03
46.250000 2.936023e-03
46.500000 2.618353e-03
46.750000 2.235844e-03
47.000000 1.809758e-03
47.250000 1.373054e-03
47.500000 9.902357e-04
47.750000 8.032333e-04
48.000000 9.418407e-04
48.250000 1.280305e-03
48.500000 1.664439e-03
48.750000 2.025850e-03
49.000000 2.332956e-03
49.250000 2.567845e-03
49.500000 2.719466e-03
49.750000 2.781488e-03
50.000000 2.751528e-03
