-50.000000 4.113258e-05
-49.750000 3.924214e-05
-49.500000 3.895467e-05
-49.250000 3.562414e-05
-49.000000 4.426532e-05
-48.750000 7.605335e-05
-48.500000 1.224412e-04
-48.250000 1.754911e-04
-48.000000 2.293805e-04
-47.750000 2.791727e-04
-47.500000 3.208084e-04
-47.250000 3.514006e-04
-47.000000 3.695216e-04
-46.750000 3.753713e-04
-46.500000 3.707487e-04
-46.250000 3.587516e-04
-46.000000 3.431190e-04
-45.750000 3.272077e-04
-45.500000 3.128536e-04
-45.250000 2.997199e-04
-45.000000 2.856871e-04
-44.750000 2.681794e-04
-44.500000 2.457874e-04
-44.250000 2.197428e-04
-44.000000 1.951796e-04
-43.750000 1.812824e-04
-43.500000 1.866567e-04
-43.250000 2.106164e-04
-43.000000 2.435236e-04
-42.750000 2.747191e-04
-42.500000 2.962433e-04
-42.250000 3.030117e-04
-42.000000 2.924492e-04
-41.750000 2.642412e-04
-41.500000 2.201254e-04
-41.250000 1.636535e-04
-41.000000 1.000588e-04
-40.750000 3.877475e-05
-40.500000 4.210658e-05
-40.250000 9.246236e-05
-40.000000 1.336392e-04
-39.750000 1.603519e-04
-39.500000 1.724105e-04
-39.250000 1.733250e-04
-39.000000 1.708075e-04
-38.750000 1.755513e-04
-38.500000 1.951298e-04
-38.250000 2.276737e-04
-38.000000 2.644993e-04
-37.750000 2.961310e-04
-37.500000 3.149923e-04
-37.250000 3.159910e-04
-37.000000 2.967098e-04
-36.750000 2.577307e-04
-36.500000 2.036146e-04
-36.250000 1.468240e-04
-36.000000 1.200374e-04
-35.750000 1.558038e-04
-35.500000 2.241436e-04
-35.250000 2.933951e-04
-35.000000 3.491149e-04
-34.750000 3.833766e-04
-34.500000 3.915736e-04
-34.250000 3.718624e-04
-34.000000 3.253196e-04
-33.750000 2.569118e-04
-33.500000 1.801360e-04
-33.250000 1.378320e-04
-33.000000 1.899676e-04
-32.750000 2.967519e-04
-32.500000 4.147316e-04
-32.250000 5.275648e-04
-32.000000 6.267899e-04
-31.750000 7.069989e-04
-31.500000 7.648171e-04
-31.250000 7.986014e-04
-31.000000 8.082533e-04
-30.750000 7.950186e-04
-30.500000 7.612568e-04
-30.250000 7.101935e-04
-30.000000 6.456744e-04
-29.750000 5.719330e-04
-29.500000 4.933767e-04
-29.250000 4.143861e-04
-29.000000 3.391149e-04
-28.750000 2.712743e-04
-28.500000 2.138898e-04
-28.250000 1.690567e-04
-28.000000 1.378360e-04
-27.750000 1.205774e-04
-27.500000 1.175110e-04
-27.250000 1.284235e-04
-27.000000 1.514296e-04
-26.750000 1.828920e-04
-26.500000 2.183865e-04
-26.250000 2.534298e-04
-26.000000 2.838727e-04
-25.750000 3.062012e-04
-25.500000 3.178086e-04
-25.250000 3.172129e-04
-25.000000 3.041950e-04
-24.750000 2.798584e-04
-24.500000 2.466691e-04
-24.250000 2.086285e-04
-24.000000 1.718754e-04
-23.750000 1.456867e-04
-23.500000 1.405874e-04
-23.250000 1.587388e-04
-23.000000 1.911753e-04
-22.750000 2.279401e-04
-22.500000 2.621980e-04
-22.250000 2.890156e-04
-22.000000 3.042645e-04
-21.750000 3.044848e-04
-21.500000 2.876371e-04
-21.250000 2.551755e-04
-21.000000 2.174317e-04
-20.750000 2.042452e-04
-20.500000 2.534675e-04
-20.250000 3.608895e-04
-20.000000 4.995025e-04
-19.750000 6.489381e-04
-19.500000 7.938401e-04
-19.250000 9.208776e-04
-19.000000 1.018260e-03
-18.750000 1.076314e-03
-18.500000 1.088469e-03
-18.250000 1.052461e-03
-18.000000 9.718913e-04
-17.750000 8.587492e-04
-17.500000 7.381714e-04
-17.250000 6.547018e-04
-17.000000 6.619028e-04
-16.750000 7.730811e-04
-16.500000 9.487232e-04
-16.250000 1.144126e-03
-16.000000 1.330194e-03
-15.750000 1.490930e-03
-15.500000 1.619658e-03
-15.250000 1.716895e-03
-15.000000 1.788658e-03
-14.750000 1.844395e-03
-14.500000 1.894363e-03
-14.250000 1.946979e-03
-14.000000 2.007165e-03
-13.750000 2.076549e-03
-13.500000 2.155419e-03
-13.250000 2.245279e-03
-13.000000 2.350420e-03
-12.750000 2.477329e-03
-12.500000 2.631785e-03
-12.250000 2.814811e-03
-12.000000 3.019621e-03
-11.750000 3.231128e-03
-11.500000 3.428109e-03
-11.250000 3.586938e-03
-11.000000 3.685823e-03
-10.750000 3.709032e-03
-10.500000 3.651118e-03
-10.250000 3.521468e-03
-10.000000 3.349377e-03
-9.750000 3.188333e-03
-9.500000 3.113203e-03
-9.250000 3.198100e-03
-9.000000 3.477039e-03
-8.750000 3.925110e-03
-8.500000 4.480984e-03
-8.250000 5.078322e-03
-8.000000 5.661302e-03
-7.750000 6.188026e-03
-7.500000 6.629867e-03
-7.250000 6.970125e-03
-7.000000 7.202712e-03
-6.750000 7.330942e-03
-6.500000 7.366486e-03
-6.250000 7.328598e-03
-6.000000 7.243695e-03
-5.750000 7.145030e-03
-5.500000 7.071657e-03
-5.250000 7.065263e-03
-5.000000 7.163626e-03
-4.750000 7.391328e-03
-4.500000 7.751349e-03
-4.250000 8.222079e-03
-4.000000 8.761055e-03
-3.750000 9.312677e-03
-3.500000 9.816336e-03
-3.250000 1.021316e-02
-3.000000 1.045129e-02
-2.750000 1.049013e-02
-2.500000 1.030417e-02
-2.250000 9.886605e-03
-2.000000 9.253448e-03
-1.750000 8.449025e-03
-1.500000 7.554443e-03
-1.250000 6.699625e-03
-1.000000 6.069466e-03
-0.750000 5.864770e-03
-0.500000 6.183467e-03
-0.250000 6.938682e-03
0.000000 7.941981e-03
0.250000 9.018249e-03
0.500000 1.004254e-02
0.750000 1.093396e-02
1.000000 1.164374e-02
1.250000 1.214616e-02
1.500000 1.243231e-02
1.750000 1.250525e-02
2.000000 1.237594e-02
2.250000 1.206008e-02
2.500000 1.157569e-02
2.750000 1.094187e-02
3.000000 1.017880e-02
3.250000 9.309002e-03
3.500000 8.359758e-03
3.750000 7.366722e-03
4.000000 6.378733e-03
4.250000 5.463679e-03
4.500000 4.712210e-03
4.750000 4.225933e-03
5.000000 4.068615e-03
5.250000 4.205063e-03
5.500000 4.513430e-03
5.750000 4.859201e-03
6.000000 5.140573e-03
6.250000 5.293147e-03
6.500000 5.281946e-03
6.750000 5.094072e-03
7.000000 4.733829e-03
7.250000 4.219722e-03
7.500000 3.583186e-03
7.750000 2.870626e-03
8.000000 2.155351e-03
8.250000 1.579925e-03
8.500000 1.409883e-03
8.750000 1.750662e-03
9.000000 2.336098e-03
9.250000 2.957229e-03
9.500000 3.526199e-03
9.750000 4.003649e-03
10.000000 4.369925e-03
10.250000 4.615609e-03
10.500000 4.737836e-03
10.750000 4.738504e-03
11.000000 4.623277e-03
11.250000 4.400975e-03
11.500000 4.083172e-03
11.750000 3.683894e-03
12.000000 3.219318e-03
12.250000 2.707408e-03
12.500000 2.167443e-03
12.750000 1.619459e-03
13.000000 1.083787e-03
13.250000 5.819018e-04
13.500000 1.648185e-04
13.750000 3.204331e-04
14.000000 6.367797e-04
14.250000 8.843750e-04
14.500000 1.052944e-03
14.750000 1.142674e-03
15.000000 1.158622e-03
15.250000 1.109650e-03
15.500000 1.007714e-03
15.750000 8.672501e-04
16.000000 7.048338e-04
16.250000 5.397152e-04
16.500000 3.965697e-04
16.750000 3.095362e-04
17.000000 3.033287e-04
17.250000 3.496938e-04
17.500000 4.028260e-04
17.750000 4.393754e-04
18.000000 4.523744e-04
18.250000 4.430400e-04
18.500000 4.173608e-04
18.750000 3.845355e-04
19.000000 3.554399e-04
19.250000 3.396454e-04
19.500000 3.410174e-04
19.750000 3.558724e-04
20.000000 3.765937e-04
20.250000 3.966456e-04
20.500000 4.130175e-04
20.750000 4.263822e-04
21.000000 4.400812e-04
21.250000 4.583225e-04
21.500000 4.839709e-04
21.750000 5.169169e-04
22.000000 5.539466e-04
22.250000 5.899198e-04
22.500000 6.192786e-04
22.750000 6.371899e-04
23.000000 6.401973e-04
23.250000 6.265045e-04
23.500000 5.960201e-04
23.750000 5.502470e-04
24.000000 4.920705e-04
24.250000 4.254975e-04
24.500000 3.554134e-04
24.750000 2.874430e-04
25.000000 2.279762e-04
25.250000 1.839989e-04
25.500000 1.609453e-04
25.750000 1.574914e-04
26.000000 1.648021e-04
26.250000 1.735094e-04
26.500000 1.777701e-04
26.750000 1.745968e-04
27.000000 1.624437e-04
27.250000 1.403683e-04
27.500000 1.077437e-04
27.750000 6.454750e-05
28.000000 1.904697e-05
28.250000 6.292297e-05
28.500000 1.380527e-04
28.750000 2.222391e-04
29.000000 3.121476e-04
29.250000 4.044800e-04
29.500000 4.956683e-04
29.750000 5.820596e-04
30.000000 6.601665e-04
30.250000 7.269098e-04
30.500000 7.798198e-04
30.750000 8.171730e-04
31.000000 8.380551e-04
31.250000 8.423477e-04
31.500000 8.306477e-04
31.750000 8.041366e-04
32.000000 7.644239e-04
32.250000 7.133887e-04
32.500000 6.530445e-04
32.750000 5.854436e-04
33.000000 5.126258e-04
33.250000 4.366092e-04
33.500000 3.594084e-04
33.750000 2.830691e-04
34.000000 2.097346e-04
34.250000 1.418722e-04
34.500000 8.346630e-05
34.750000 4.761184e-05
35.000000 5.928420e-05
35.250000 9.131615e-05
35.500000 1.219718e-04
35.750000 1.483458e-04
36.000000 1.713914e-04
36.250000 1.929643e-04
36.500000 2.147677e-04
36.750000 2.376835e-04
37.000000 2.614922e-04
37.250000 2.850127e-04
37.500000 3.064991e-04
37.750000 3.240777e-04
38.000000 3.360931e-04
38.250000 3.413310e-04
38.500000 3.391296e-04
38.750000 3.294034e-04
39.000000 3.125988e-04
39.250000 2.896015e-04
39.500000 2.616104e-04
39.750000 2.299970e-04
40.000000 1.961665e-04
40.250000 1.614433e-04
40.500000 1.270132e-04
40.750000 9.400571e-05
41.000000 6.403859e-05
41.250000 4.174163e-05
41.500000 3.978204e-05
41.750000 5.928594e-05
42.000000 8.673883e-05
42.250000 1.168493e-04
42.500000 1.481020e-04
42.750000 1.796439e-04
43.000000 2.105650e-04
43.250000 2.397338e-04
43.500000 2.658003e-04
43.750000 2.872699e-04
44.000000 3.026191e-04
44.250000 3.104356e-04
44.500000 3.095696e-04
44.750000 2.992860e-04
45.000000 2.794119e-04
45.250000 2.504855e-04
45.500000 2.139471e-04
45.750000 1.725190e-04
46.000000 1.312615e-04
46.250000 1.003899e-04
46.500000 9.573387e-05
46.750000 1.186634e-04
47.000000 1.523918e-04
47.250000 1.848155e-04
47.500000 2.102128e-04
47.750000 2.258767e-04
48.000000 2.308575e-04
48.250000 2.256578e-04
48.500000 2.122626e-04
48.750000 1.943256e-04
49.000000 1.773150e-04
49.250000 1.678191e-04
49.500000 1.706465e-04
49.750000 1.852232e-04
50.000000 2.062681e-04
