-50.000000 1.828930e-03
-49.750000 1.853811e-03
-49.500000 1.871793e-03
-49.250000 1.882505e-03
-49.000000 1.885630e-03
-48.750000 1.880911e-03
-48.500000 1.868146e-03
-48.250000 1.847192e-03
-48.000000 1.817967e-03
-47.750000 1.780448e-03
-47.500000 1.734676e-03
-47.250000 1.680752e-03
-47.000000 1.618845e-03
-46.750000 1.549185e-03
-46.500000 1.472075e-03
-46.250000 1.387885e-03
-46.000000 1.297068e-03
-45.750000 1.200162e-03
-45.500000 1.097814e-03
-45.250000 9.908112e-04
-45.000000 8.801419e-04
-44.750000 7.671164e-04
-44.500000 6.536123e-04
-44.250000 5.426128e-04
-44.000000 4.394242e-04
-43.750000 3.542655e-04
-43.500000 3.053308e-04
-43.250000 3.115219e-04
-43.000000 3.700395e-04
-42.750000 4.604518e-04
-42.500000 5.662344e-04
-42.250000 6.784275e-04
-42.000000 7.922808e-04
-41.750000 9.050050e-04
-41.500000 1.014747e-03
-41.250000 1.120136e-03
-41.000000 1.220074e-03
-40.750000 1.313636e-03
-40.500000 1.400013e-03
-40.250000 1.478490e-03
-40.000000 1.548428e-03
-39.750000 1.609258e-03
-39.500000 1.660476e-03
-39.250000 1.701645e-03
-39.000000 1.732389e-03
-38.750000 1.752401e-03
-38.500000 1.761436e-03
-38.250000 1.759318e-03
-38.000000 1.745939e-03
-37.750000 1.721258e-03
-37.500000 1.685303e-03
-37.250000 1.638172e-03
-37.000000 1.580032e-03
-36.750000 1.511117e-03
-36.500000 1.431732e-03
-36.250000 1.342249e-03
-36.000000 1.243108e-03
-35.750000 1.134820e-03
-35.500000 1.017967e-03
-35.250000 8.932120e-04
-35.000000 7.613235e-04
-34.750000 6.232308e-04
-34.500000 4.802018e-04
-34.250000 3.345079e-04
-34.000000 1.931805e-04
-33.750000 1.047567e-04
-33.500000 1.896628e-04
-33.250000 3.381295e-04
-33.000000 4.969028e-04
-32.750000 6.583113e-04
-32.500000 8.198545e-04
-32.250000 9.800625e-04
-32.000000 1.137783e-03
-31.750000 1.291995e-03
-31.500000 1.441755e-03
-31.250000 1.586167e-03
-31.000000 1.724386e-03
-30.750000 1.855613e-03
-30.500000 1.979097e-03
-30.250000 2.094141e-03
-30.000000 2.200105e-03
-29.750000 2.296410e-03
-29.500000 2.382545e-03
-29.250000 2.458072e-03
-29.000000 2.522626e-03
-28.750000 2.575926e-03
-28.500000 2.617776e-03
-28.250000 2.648070e-03
-28.000000 2.666798e-03
-27.750000 2.674051e-03
-27.500000 2.670024e-03
-27.250000 2.655025e-03
-27.000000 2.629477e-03
-26.750000 2.593931e-03
-26.500000 2.549065e-03
-26.250000 2.495703e-03
-26.000000 2.434818e-03
-25.750000 2.367546e-03
-25.500000 2.295198e-03
-25.250000 2.219271e-03
-25.000000 2.141459e-03
-24.750000 2.063654e-03
-24.500000 1.987938e-03
-24.250000 1.916552e-03
-24.000000 1.851837e-03
-23.750000 1.796127e-03
-23.500000 1.751601e-03
-23.250000 1.720088e-03
-23.000000 1.702873e-03
-22.750000 1.700518e-03
-22.500000 1.712776e-03
-22.250000 1.738605e-03
-22.000000 1.776295e-03
-21.750000 1.823655e-03
-21.500000 1.878214e-03
-21.250000 1.937407e-03
-21.000000 1.998711e-03
-20.750000 2.059732e-03
-20.500000 2.118261e-03
-20.250000 2.172287e-03
-20.000000 2.220009e-03
-19.750000 2.259830e-03
-19.500000 2.290344e-03
-19.250000 2.310331e-03
-19.000000 2.318746e-03
-18.750000 2.314716e-03
-18.500000 2.297532e-03
-18.250000 2.266660e-03
-18.000000 2.221736e-03
-17.750000 2.162589e-03
-17.500000 2.089258e-03
-17.250000 2.002030e-03
-17.000000 1.901503e-03
-16.750000 1.788680e-03
-16.500000 1.665133e-03
-16.250000 1.533267e-03
-16.000000 1.396776e-03
-15.750000 1.261387e-03
-15.500000 1.135998e-03
-15.250000 1.033995e-03
-15.000000 9.733757e-04
-14.750000 9.725861e-04
-14.500000 1.041527e-03
-14.250000 1.176306e-03
-14.000000 1.364351e-03
-13.750000 1.592368e-03
-13.500000 1.849964e-03
-13.250000 2.129804e-03
-13.000000 2.426779e-03
-12.750000 2.737222e-03
-12.500000 3.058389e-03
-12.250000 3.388123e-03
-12.000000 3.724661e-03
-11.750000 4.066511e-03
-11.500000 4.412384e-03
-11.250000 4.761144e-03
-11.000000 5.111787e-03
-10.750000 5.463421e-03
-10.500000 5.815258e-03
-10.250000 6.166610e-03
-10.000000 6.516882e-03
-9.750000 6.865576e-03
-9.500000 7.212284e-03
-9.250000 7.556690e-03
-9.000000 7.898568e-03
-8.750000 8.237776e-03
-8.500000 8.574259e-03
-8.250000 8.908036e-03
-8.000000 9.239203e-03
-7.750000 9.567917e-03
-7.500000 9.894394e-03
-7.250000 1.021890e-02
-7.000000 1.054172e-02
-6.750000 1.086319e-02
-6.500000 1.118363e-02
-6.250000 1.150337e-02
-6.000000 1.182273e-02
-5.750000 1.214199e-02
-5.500000 1.246137e-02
-5.250000 1.278107e-02
-5.000000 1.310120e-02
-4.750000 1.342177e-02
-4.500000 1.374272e-02
-4.250000 1.406391e-02
-4.000000 1.438505e-02
-3.750000 1.470578e-02
-3.500000 1.502561e-02
-3.250000 1.534395e-02
-3.000000 1.566008e-02
-2.750000 1.597320e-02
-2.500000 1.628240e-02
-2.250000 1.658666e-02
-2.000000 1.688489e-02
-1.750000 1.717593e-02
-1.500000 1.745854e-02
-1.250000 1.773143e-02
-1.000000 1.799327e-02
-0.750000 1.824270e-02
-0.500000 1.847834e-02
-0.250000 1.869879e-02
0.000000 1.890269e-02
0.250000 1.908865e-02
0.500000 1.925535e-02
0.750000 1.940149e-02
1.000000 1.952583e-02
1.250000 1.962719e-02
1.500000 1.970446e-02
1.750000 1.975662e-02
2.000000 1.978271e-02
2.250000 1.978191e-02
2.500000 1.975346e-02
2.750000 1.969674e-02
3.000000 1.961123e-02
3.250000 1.949654e-02
3.500000 1.935238e-02
3.750000 1.917861e-02
4.000000 1.897522e-02
4.250000 1.874230e-02
4.500000 1.848009e-02
4.750000 1.818897e-02
5.000000 1.786943e-02
5.250000 1.752209e-02
5.500000 1.714771e-02
5.750000 1.674715e-02
6.000000 1.632141e-02
6.250000 1.587158e-02
6.500000 1.539889e-02
6.750000 1.490465e-02
7.000000 1.439027e-02
7.250000 1.385726e-02
7.500000 1.330722e-02
7.750000 1.274182e-02
8.000000 1.216281e-02
8.250000 1.157199e-02
8.500000 1.097124e-02
8.750000 1.036249e-02
9.000000 9.747685e-03
9.250000 9.128853e-03
9.500000 8.508038e-03
9.750000 7.887328e-03
10.000000 7.268849e-03
10.250000 6.654779e-03
10.500000 6.047361e-03
10.750000 5.448941e-03
11.000000 4.862020e-03
11.250000 4.289367e-03
11.500000 3.734200e-03
11.750000 3.200531e-03
12.000000 2.693841e-03
12.250000 2.222405e-03
12.500000 1.799988e-03
12.750000 1.450842e-03
13.000000 1.215093e-03
13.250000 1.137867e-03
13.500000 1.224293e-03
13.750000 1.423993e-03
14.000000 1.679545e-03
14.250000 1.954309e-03
14.500000 2.228574e-03
14.750000 2.491791e-03
15.000000 2.738057e-03
15.250000 2.963914e-03
15.500000 3.167275e-03
15.750000 3.346886e-03
16.000000 3.502035e-03
16.250000 3.632389e-03
16.500000 3.737900e-03
16.750000 3.818744e-03
17.000000 3.875281e-03
17.250000 3.908028e-03
17.500000 3.917638e-03
17.750000 3.904884e-03
18.000000 3.870650e-03
18.250000 3.815913e-03
18.500000 3.741740e-03
18.750000 3.649273e-03
19.000000 3.539725e-03
19.250000 3.414369e-03
19.500000 3.274531e-03
19.750000 3.121583e-03
20.000000 2.956936e-03
20.250000 2.782034e-03
20.500000 2.598350e-03
20.750000 2.407383e-03
21.000000 2.210656e-03
21.250000 2.009726e-03
21.500000 1.806192e-03
21.750000 1.601723e-03
22.000000 1.398122e-03
22.250000 1.197429e-03
22.500000 1.002167e-03
22.750000 8.158601e-04
23.000000 6.442592e-04
23.250000 4.982098e-04
23.500000 3.987656e-04
23.750000 3.742853e-04
24.000000 4.277635e-04
24.250000 5.276698e-04
24.500000 6.455056e-04
24.750000 7.666098e-04
25.000000 8.840129e-04
25.250000 9.941400e-04
25.500000 1.094973e-03
25.750000 1.185282e-03
26.000000 1.264291e-03
26.250000 1.331508e-03
26.500000 1.386647e-03
26.750000 1.429577e-03
27.000000 1.460296e-03
27.250000 1.478913e-03
27.500000 1.485636e-03
27.750000 1.480760e-03
28.000000 1.464664e-03
28.250000 1.437801e-03
28.500000 1.400695e-03
28.750000 1.353932e-03
29.000000 1.298161e-03
29.250000 1.234084e-03
29.500000 1.162458e-03
29.750000 1.084092e-03
30.000000 9.998457e-04
30.250000 9.106403e-04
30.500000 8.174685e-04
30.750000 7.214279e-04
31.000000 6.237856e-04
31.250000 5.261195e-04
31.500000 4.306393e-04
31.750000 3.409635e-04
32.000000 2.640223e-04
32.250000 2.135323e-04
32.500000 2.074869e-04
32.750000 2.461605e-04
33.000000 3.101840e-04
33.250000 3.839781e-04
33.500000 4.598259e-04
33.750000 5.339706e-04
34.000000 6.043553e-04
34.250000 6.697037e-04
34.500000 7.291447e-04
34.750000 7.820476e-04
35.000000 8.279446e-04
35.250000 8.664926e-04
35.500000 8.974526e-04
35.750000 9.206800e-04
36.000000 9.361189e-04
36.250000 9.438012e-04
36.500000 9.438472e-04
36.750000 9.364692e-04
37.000000 9.219773e-04
37.250000 9.007889e-04
37.500000 8.734430e-04
37.750000 8.406208e-04
38.000000 8.031754e-04
38.250000 7.621745e-04
38.500000 7.189583e-04
38.750000 6.752143e-04
39.000000 6.330599e-04
39.250000 5.951051e-04
39.500000 5.644196e-04
39.750000 5.442911e-04
40.000000 5.376750e-04
40.250000 5.464420e-04
40.500000 5.708208e-04
40.750000 6.094355e-04
41.000000 6.598820e-04
41.250000 7.194187e-04
41.500000 7.854390e-04
41.750000 8.556754e-04
42.000000 9.282308e-04
42.250000 1.001536e-03
42.500000 1.074288e-03
42.750000 1.145395e-03
43.000000 1.213931e-03
43.250000 1.279106e-03
43.500000 1.340237e-03
43.750000 1.396740e-03
44.000000 1.448112e-03
44.250000 1.493925e-03
44.500000 1.533822e-03
44.750000 1.567512e-03
45.000000 1.594768e-03
45.250000 1.615423e-03
45.500000 1.629372e-03
45.750000 1.636568e-03
46.000000 1.637024e-03
46.250000 1.630811e-03
46.500000 1.618054e-03
46.750000 1.598938e-03
47.000000 1.573704e-03
47.250000 1.542651e-03
47.500000 1.506134e-03
47.750000 1.464567e-03
48.000000 1.418424e-03
48.250000 1.368242e-03
48.500000 1.314625e-03
48.750000 1.258248e-03
49.000000 1.199864e-03
49.250000 1.140312e-03
49.500000 1.080524e-03
49.750000 1.021538e-03
50.000000 9.645008e-04
