-50.000000 2.246538e-04
-49.750000 2.552309e-04
-49.500000 2.608270e-04
-49.250000 2.418235e-04
-49.000000 2.037015e-04
-48.750000 1.595689e-04
-48.500000 1.345603e-04
-48.250000 1.504904e-04
-48.000000 1.900582e-04
-47.750000 2.254402e-04
-47.500000 2.413004e-04
-47.250000 2.311815e-04
-47.000000 1.947168e-04
-46.750000 1.372918e-04
-46.500000 7.552250e-05
-46.250000 7.383239e-05
-46.000000 1.383361e-04
-45.750000 2.037552e-04
-45.500000 2.528454e-04
-45.250000 2.807574e-04
-45.000000 2.888146e-04
-44.750000 2.837364e-04
-44.500000 2.758361e-04
-44.250000 2.740966e-04
-44.000000 2.796227e-04
-43.750000 2.843846e-04
-43.500000 2.769821e-04
-43.250000 2.487602e-04
-43.000000 1.972287e-04
-42.750000 1.304126e-04
-42.500000 9.135434e-05
-42.250000 1.472949e-04
-42.000000 2.387598e-04
-41.750000 3.222469e-04
-41.500000 3.808553e-04
-41.250000 4.052064e-04
-41.000000 3.914300e-04
-40.750000 3.412738e-04
-40.500000 2.623655e-04
-40.250000 1.698178e-04
-40.000000 1.000155e-04
-39.750000 1.220249e-04
-39.500000 1.863693e-04
-39.250000 2.340444e-04
-39.000000 2.497693e-04
-38.750000 2.314958e-04
-38.500000 1.860799e-04
-38.250000 1.332326e-04
-38.000000 1.175902e-04
-37.750000 1.608560e-04
-37.500000 2.174535e-04
-37.250000 2.564264e-04
-37.000000 2.658804e-04
-36.750000 2.446621e-04
-36.500000 2.030625e-04
-36.250000 1.696126e-04
-36.000000 1.848467e-04
-35.750000 2.434975e-04
-35.500000 3.060995e-04
-35.250000 3.453580e-04
-35.000000 3.463477e-04
-34.750000 3.026251e-04
-34.500000 2.153198e-04
-34.250000 9.529391e-05
-34.000000 7.899555e-05
-33.750000 2.307578e-04
-33.500000 3.820803e-04
-33.250000 5.110012e-04
-33.000000 6.044127e-04
-32.750000 6.549360e-04
-32.500000 6.617045e-04
-32.250000 6.306126e-04
-32.000000 5.735962e-04
-31.750000 5.065115e-04
-31.500000 4.447525e-04
-31.250000 3.964211e-04
-31.000000 3.572582e-04
-30.750000 3.140867e-04
-30.500000 2.542222e-04
-30.250000 1.719320e-04
-30.000000 6.977567e-05
-29.750000 4.552928e-05
-29.500000 1.573211e-04
-29.250000 2.543391e-04
-29.000000 3.236139e-04
-28.750000 3.562563e-04
-28.500000 3.487712e-04
-28.250000 3.044277e-04
-28.000000 2.357866e-04
-27.750000 1.745676e-04
-27.500000 1.816943e-04
-27.250000 2.622537e-04
-27.000000 3.649022e-04
-26.750000 4.648847e-04
-26.500000 5.550690e-04
-26.250000 6.347550e-04
-26.000000 7.042485e-04
-25.750000 7.613021e-04
-25.500000 7.997600e-04
-25.250000 8.107323e-04
-25.000000 7.854272e-04
-24.750000 7.182805e-04
-24.500000 6.093898e-04
-24.250000 4.658303e-04
-24.000000 3.020356e-04
-23.750000 1.420837e-04
-23.500000 7.319836e-05
-23.250000 1.525555e-04
-23.000000 1.988900e-04
-22.750000 1.772170e-04
-22.500000 8.319311e-05
-22.250000 9.801682e-05
-22.000000 3.205840e-04
-21.750000 5.820615e-04
-21.500000 8.526561e-04
-21.250000 1.103053e-03
-21.000000 1.306047e-03
-20.750000 1.440114e-03
-20.500000 1.492590e-03
-20.250000 1.462046e-03
-20.000000 1.359681e-03
-19.750000 1.209826e-03
-19.500000 1.049317e-03
-19.250000 9.227548e-04
-19.000000 8.652806e-04
-18.750000 8.760743e-04
-18.500000 9.194449e-04
-18.250000 9.566432e-04
-18.000000 9.651675e-04
-17.750000 9.383683e-04
-17.500000 8.785651e-04
-17.250000 7.899342e-04
-17.000000 6.735761e-04
-16.750000 5.266616e-04
-16.500000 3.466703e-04
-16.250000 1.496915e-04
-16.000000 1.787150e-04
-15.750000 4.255526e-04
-15.500000 6.770634e-04
-15.250000 8.910503e-04
-15.000000 1.036174e-03
-14.750000 1.087830e-03
-14.500000 1.032078e-03
-14.250000 8.691418e-04
-14.000000 6.152884e-04
-13.750000 3.031874e-04
-13.500000 5.961824e-05
-13.250000 3.291864e-04
-13.000000 5.331722e-04
-12.750000 6.039066e-04
-12.500000 5.107288e-04
-12.250000 2.666205e-04
-12.000000 3.268083e-04
-11.750000 8.910474e-04
-11.500000 1.571637e-03
-11.250000 2.271207e-03
-11.000000 2.904210e-03
-10.750000 3.387775e-03
-10.500000 3.650221e-03
-10.250000 3.640770e-03
-10.000000 3.338612e-03
-9.750000 2.762279e-03
-9.500000 1.989805e-03
-9.250000 1.262123e-03
-9.000000 1.287127e-03
-8.750000 2.120944e-03
-8.500000 3.088775e-03
-8.250000 3.938501e-03
-8.000000 4.579772e-03
-7.750000 4.992193e-03
-7.500000 5.213370e-03
-7.250000 5.329818e-03
-7.000000 5.449527e-03
-6.750000 5.650971e-03
-6.500000 5.934336e-03
-6.250000 6.217011e-03
-6.000000 6.374569e-03
-5.750000 6.289467e-03
-5.500000 5.883734e-03
-5.250000 5.136835e-03
-5.000000 4.099742e-03
-4.750000 2.931601e-03
-4.500000 2.056227e-03
-4.250000 2.231089e-03
-4.000000 3.220848e-03
-3.750000 4.289911e-03
-3.500000 5.136179e-03
-3.250000 5.669618e-03
-3.000000 5.922042e-03
-2.750000 6.035103e-03
-2.500000 6.232989e-03
-2.250000 6.722281e-03
-2.000000 7.552556e-03
-1.750000 8.587325e-03
-1.500000 9.601878e-03
-1.250000 1.037894e-02
-1.000000 1.075437e-02
-0.750000 1.063584e-02
-0.500000 1.001493e-02
-0.250000 8.983150e-03
0.000000 7.763370e-03
0.250000 6.758438e-03
0.500000 6.501157e-03
0.750000 7.242830e-03
1.000000 8.663354e-03
1.250000 1.027670e-02
1.500000 1.173627e-02
1.750000 1.283835e-02
2.000000 1.347639e-02
2.250000 1.361193e-02
2.500000 1.325648e-02
2.750000 1.245779e-02
3.000000 1.128815e-02
3.250000 9.835406e-03
3.500000 8.198064e-03
3.750000 6.488050e-03
4.000000 4.849579e-03
4.250000 3.516473e-03
4.500000 2.884424e-03
4.750000 3.164362e-03
5.000000 3.911767e-03
5.250000 4.655815e-03
5.500000 5.173936e-03
5.750000 5.372781e-03
6.000000 5.223674e-03
6.250000 4.743538e-03
6.500000 3.991875e-03
6.750000 3.080978e-03
7.000000 2.224448e-03
7.250000 1.844546e-03
7.500000 2.229812e-03
7.750000 2.968751e-03
8.000000 3.667442e-03
8.250000 4.156906e-03
8.500000 4.368139e-03
8.750000 4.283648e-03
9.000000 3.922057e-03
9.250000 3.331100e-03
9.500000 2.585281e-03
9.750000 1.797926e-03
10.000000 1.196698e-03
10.250000 1.201836e-03
10.500000 1.717628e-03
10.750000 2.307111e-03
11.000000 2.802141e-03
11.250000 3.153326e-03
11.500000 3.352549e-03
11.750000 3.412904e-03
12.000000 3.360322e-03
12.250000 3.227579e-03
12.500000 3.048696e-03
12.750000 2.853386e-03
13.000000 2.662149e-03
13.250000 2.483439e-03
13.500000 2.314402e-03
13.750000 2.145293e-03
14.000000 1.965603e-03
14.250000 1.769354e-03
14.500000 1.558087e-03
14.750000 1.341491e-03
15.000000 1.136038e-03
15.250000 9.613746e-04
15.500000 8.331798e-04
15.750000 7.533262e-04
16.000000 7.061491e-04
16.250000 6.684767e-04
16.500000 6.237669e-04
16.750000 5.686609e-04
17.000000 5.124288e-04
17.250000 4.719291e-04
17.500000 4.609135e-04
17.750000 4.783499e-04
18.000000 5.104460e-04
18.250000 5.439222e-04
18.500000 5.742045e-04
18.750000 6.052132e-04
19.000000 6.441819e-04
19.250000 6.947810e-04
19.500000 7.530561e-04
19.750000 8.088210e-04
20.000000 8.501582e-04
20.250000 8.674216e-04
20.500000 8.553514e-04
20.750000 8.134644e-04
21.000000 7.451732e-04
21.250000 6.560565e-04
21.500000 5.517973e-04
21.750000 4.365079e-04
22.000000 3.123088e-04
22.250000 1.814718e-04
22.500000 6.871257e-05
22.750000 1.432253e-04
23.000000 2.889836e-04
23.250000 4.333281e-04
23.500000 5.623544e-04
23.750000 6.662994e-04
24.000000 7.389173e-04
24.250000 7.790010e-04
24.500000 7.914066e-04
24.750000 7.866790e-04
25.000000 7.783222e-04
25.250000 7.773700e-04
25.500000 7.865541e-04
25.750000 7.987629e-04
26.000000 8.013462e-04
26.250000 7.823945e-04
26.500000 7.350776e-04
26.750000 6.592416e-04
27.000000 5.609802e-04
27.250000 4.508828e-04
27.500000 3.414966e-04
27.750000 2.451151e-04
28.000000 1.758545e-04
28.250000 1.604664e-04
28.500000 2.180861e-04
28.750000 3.271419e-04
29.000000 4.646007e-04
29.250000 6.126057e-04
29.500000 7.524331e-04
29.750000 8.646388e-04
30.000000 9.314149e-04
30.250000 9.391803e-04
30.500000 8.807041e-04
30.750000 7.564424e-04
31.000000 5.750155e-04
31.250000 3.534986e-04
31.500000 1.292765e-04
31.750000 1.769956e-04
32.000000 3.856911e-04
32.250000 5.591291e-04
32.500000 6.736777e-04
32.750000 7.198918e-04
33.000000 6.973442e-04
33.250000 6.138833e-04
33.500000 4.845065e-04
33.750000 3.300268e-04
34.000000 1.789572e-04
34.250000 1.024900e-04
34.500000 1.685356e-04
34.750000 2.476171e-04
35.000000 3.033121e-04
35.250000 3.453491e-04
35.500000 3.947290e-04
35.750000 4.657846e-04
36.000000 5.542051e-04
36.250000 6.419865e-04
36.500000 7.083881e-04
36.750000 7.365739e-04
37.000000 7.165485e-04
37.250000 6.465849e-04
37.500000 5.344222e-04
37.750000 4.005191e-04
38.000000 2.907608e-04
38.250000 2.844565e-04
38.500000 3.803468e-04
38.750000 4.960348e-04
39.000000 5.859064e-04
39.250000 6.318748e-04
39.500000 6.285380e-04
39.750000 5.788019e-04
40.000000 4.922902e-04
40.250000 3.851036e-04
40.500000 2.827500e-04
40.750000 2.272640e-04
41.000000 2.504283e-04
41.250000 3.174169e-04
41.500000 3.849335e-04
41.750000 4.343201e-04
42.000000 4.595935e-04
42.250000 4.601866e-04
42.500000 4.381128e-04
42.750000 3.967555e-04
43.000000 3.404995e-04
43.250000 2.749985e-04
43.500000 2.081312e-04
43.750000 1.520623e-04
44.000000 1.240023e-04
44.250000 1.293218e-04
44.500000 1.469316e-04
44.750000 1.571572e-04
45.000000 1.535893e-04
45.250000 1.406765e-04
45.500000 1.337436e-04
45.750000 1.509805e-04
46.000000 1.912430e-04
46.250000 2.378697e-04
46.500000 2.759268e-04
46.750000 2.958653e-04
47.000000 2.931975e-04
47.250000 2.685691e-04
47.500000 2.282836e-04
47.750000 1.853227e-04
48.000000 1.588332e-04
48.250000 1.607104e-04
48.500000 1.775139e-04
48.750000 1.867769e-04
49.000000 1.746167e-04
49.250000 1.364001e-04
49.500000 7.652706e-05
49.750000 4.486802e-05
50.000000 1.202335e-04
