-50.000000 2.040944e-03
-49.750000 2.147410e-03
-49.500000 2.250862e-03
-49.250000 2.351048e-03
-49.000000 2.447722e-03
-48.750000 2.540644e-03
-48.500000 2.629584e-03
-48.250000 2.714313e-03
-48.000000 2.794613e-03
-47.750000 2.870270e-03
-47.500000 2.941081e-03
-47.250000 3.006847e-03
-47.000000 3.067380e-03
-46.750000 3.122497e-03
-46.500000 3.172029e-03
-46.250000 3.215811e-03
-46.000000 3.253693e-03
-45.750000 3.285531e-03
-45.500000 3.311193e-03
-45.250000 3.330560e-03
-45.000000 3.343524e-03
-44.750000 3.349986e-03
-44.500000 3.349864e-03
-44.250000 3.343088e-03
-44.000000 3.329599e-03
-43.750000 3.309357e-03
-43.500000 3.282332e-03
-43.250000 3.248515e-03
-43.000000 3.207909e-03
-42.750000 3.160538e-03
-42.500000 3.106443e-03
-42.250000 3.045684e-03
-42.000000 2.978346e-03
-41.750000 2.904535e-03
-41.500000 2.824383e-03
-41.250000 2.738055e-03
-41.000000 2.645747e-03
-40.750000 2.547696e-03
-40.500000 2.444186e-03
-40.250000 2.335559e-03
-40.000000 2.222230e-03
-39.750000 2.104707e-03
-39.500000 1.983617e-03
-39.250000 1.859751e-03
-39.000000 1.734120e-03
-38.750000 1.608044e-03
-38.500000 1.483272e-03
-38.250000 1.362162e-03
-38.000000 1.247910e-03
-37.750000 1.144820e-03
-37.500000 1.058491e-03
-37.250000 9.956400e-04
-37.000000 9.631450e-04
-36.750000 9.661516e-04
-36.500000 1.006137e-03
-36.250000 1.080470e-03
-36.000000 1.183842e-03
-35.750000 1.310239e-03
-35.500000 1.454247e-03
-35.250000 1.611501e-03
-35.000000 1.778642e-03
-34.750000 1.953116e-03
-34.500000 2.132962e-03
-34.250000 2.316640e-03
-34.000000 2.502909e-03
-33.750000 2.690741e-03
-33.500000 2.879257e-03
-33.250000 3.067684e-03
-33.000000 3.255333e-03
-32.750000 3.441569e-03
-32.500000 3.625805e-03
-32.250000 3.807485e-03
-32.000000 3.986083e-03
-31.750000 4.161090e-03
-31.500000 4.332019e-03
-31.250000 4.498395e-03
-31.000000 4.659757e-03
-30.750000 4.815655e-03
-30.500000 4.965652e-03
-30.250000 5.109318e-03
-30.000000 5.246237e-03
-29.750000 5.376000e-03
-29.500000 5.498210e-03
-29.250000 5.612479e-03
-29.000000 5.718433e-03
-28.750000 5.815707e-03
-28.500000 5.903949e-03
-28.250000 5.982818e-03
-28.000000 6.051990e-03
-27.750000 6.111152e-03
-27.500000 6.160009e-03
-27.250000 6.198279e-03
-27.000000 6.225699e-03
-26.750000 6.242026e-03
-26.500000 6.247033e-03
-26.250000 6.240519e-03
-26.000000 6.222301e-03
-25.750000 6.192225e-03
-25.500000 6.150162e-03
-25.250000 6.096012e-03
-25.000000 6.029710e-03
-24.750000 5.951227e-03
-24.500000 5.860574e-03
-24.250000 5.757811e-03
-24.000000 5.643048e-03
-23.750000 5.516462e-03
-23.500000 5.378302e-03
-23.250000 5.228903e-03
-23.000000 5.068710e-03
-22.750000 4.898297e-03
-22.500000 4.718402e-03
-22.250000 4.529967e-03
-22.000000 4.334200e-03
-21.750000 4.132644e-03
-21.500000 3.927284e-03
-21.250000 3.720682e-03
-21.000000 3.516146e-03
-20.750000 3.317942e-03
-20.500000 3.131534e-03
-20.250000 2.963782e-03
-20.000000 2.823000e-03
-19.750000 2.718663e-03
-19.500000 2.660540e-03
-19.250000 2.657206e-03
-19.000000 2.714311e-03
-18.750000 2.833418e-03
-18.500000 3.012064e-03
-18.250000 3.244918e-03
-18.000000 3.525329e-03
-17.750000 3.846570e-03
-17.500000 4.202558e-03
-17.250000 4.588112e-03
-17.000000 4.998958e-03
-16.750000 5.431611e-03
-16.500000 5.883229e-03
-16.250000 6.351474e-03
-16.000000 6.834401e-03
-15.750000 7.330358e-03
-15.500000 7.837925e-03
-15.250000 8.355850e-03
-15.000000 8.883017e-03
-14.750000 9.418411e-03
-14.500000 9.961094e-03
-14.250000 1.051019e-02
-14.000000 1.106487e-02
-13.750000 1.162434e-02
-13.500000 1.218784e-02
-13.250000 1.275463e-02
-13.000000 1.332399e-02
-12.750000 1.389521e-02
-12.500000 1.446759e-02
-12.250000 1.504047e-02
-12.000000 1.561315e-02
-11.750000 1.618497e-02
-11.500000 1.675528e-02
-11.250000 1.732342e-02
-11.000000 1.788875e-02
-10.750000 1.845063e-02
-10.500000 1.900841e-02
-10.250000 1.956148e-02
-10.000000 2.010922e-02
-9.750000 2.065101e-02
-9.500000 2.118625e-02
-9.250000 2.171435e-02
-9.000000 2.223471e-02
-8.750000 2.274675e-02
-8.500000 2.324991e-02
-8.250000 2.374363e-02
-8.000000 2.422736e-02
-7.750000 2.470056e-02
-7.500000 2.516271e-02
-7.250000 2.561330e-02
-7.000000 2.605182e-02
-6.750000 2.647780e-02
-6.500000 2.689076e-02
-6.250000 2.729025e-02
-6.000000 2.767583e-02
-5.750000 2.804707e-02
-5.500000 2.840357e-02
-5.250000 2.874494e-02
-5.000000 2.907079e-02
-4.750000 2.938079e-02
-4.500000 2.967458e-02
-4.250000 2.995186e-02
-4.000000 3.021233e-02
-3.750000 3.045570e-02
-3.500000 3.068173e-02
-3.250000 3.089016e-02
-3.000000 3.108078e-02
-2.750000 3.125340e-02
-2.500000 3.140783e-02
-2.250000 3.154393e-02
-2.000000 3.166156e-02
-1.750000 3.176061e-02
-1.500000 3.184099e-02
-1.250000 3.190263e-02
-1.000000 3.194548e-02
-0.750000 3.196952e-02
-0.500000 3.197475e-02
-0.250000 3.196119e-02
0.000000 3.192887e-02
0.250000 3.187787e-02
0.500000 3.180826e-02
0.750000 3.172015e-02
1.000000 3.161367e-02
1.250000 3.148897e-02
1.500000 3.134621e-02
1.750000 3.118559e-02
2.000000 3.100732e-02
2.250000 3.081161e-02
2.500000 3.059874e-02
2.750000 3.036895e-02
3.000000 3.012255e-02
3.250000 2.985983e-02
3.500000 2.958112e-02
3.750000 2.928676e-02
4.000000 2.897711e-02
4.250000 2.865254e-02
4.500000 2.831344e-02
4.750000 2.796022e-02
5.000000 2.759329e-02
5.250000 2.721310e-02
5.500000 2.682009e-02
5.750000 2.641471e-02
6.000000 2.599745e-02
6.250000 2.556879e-02
6.500000 2.512921e-02
6.750000 2.467924e-02
7.000000 2.421937e-02
7.250000 2.375014e-02
7.500000 2.327208e-02
7.750000 2.278572e-02
8.000000 2.229162e-02
8.250000 2.179031e-02
8.500000 2.128237e-02
8.750000 2.076834e-02
9.000000 2.024880e-02
9.250000 1.972432e-02
9.500000 1.919545e-02
9.750000 1.866279e-02
10.000000 1.812688e-02
10.250000 1.758832e-02
10.500000 1.704768e-02
10.750000 1.650552e-02
11.000000 1.596241e-02
11.250000 1.541893e-02
11.500000 1.487564e-02
11.750000 1.433310e-02
12.000000 1.379187e-02
12.250000 1.325251e-02
12.500000 1.271557e-02
12.750000 1.218160e-02
13.000000 1.165113e-02
13.250000 1.112472e-02
13.500000 1.060289e-02
13.750000 1.008618e-02
14.000000 9.575122e-03
14.250000 9.070250e-03
14.500000 8.572097e-03
14.750000 8.081199e-03
15.000000 7.598105e-03
15.250000 7.123375e-03
15.500000 6.657589e-03
15.750000 6.201359e-03
16.000000 5.755338e-03
16.250000 5.320241e-03
16.500000 4.896870e-03
16.750000 4.486148e-03
17.000000 4.089171e-03
17.250000 3.707283e-03
17.500000 3.342180e-03
17.750000 2.996065e-03
18.000000 2.671869e-03
18.250000 2.373546e-03
18.500000 2.106431e-03
18.750000 1.877537e-03
19.000000 1.695432e-03
19.250000 1.569045e-03
19.500000 1.504868e-03
19.750000 1.503467e-03
20.000000 1.558077e-03
20.250000 1.656866e-03
20.500000 1.786886e-03
20.750000 1.936858e-03
21.000000 2.098088e-03
21.250000 2.264272e-03
21.500000 2.430954e-03
21.750000 2.595000e-03
22.000000 2.754204e-03
22.250000 2.907002e-03
22.500000 3.052279e-03
22.750000 3.189242e-03
23.000000 3.317329e-03
23.250000 3.436152e-03
23.500000 3.545449e-03
23.750000 3.645060e-03
24.000000 3.734904e-03
24.250000 3.814960e-03
24.500000 3.885261e-03
24.750000 3.945881e-03
25.000000 3.996930e-03
25.250000 4.038550e-03
25.500000 4.070909e-03
25.750000 4.094197e-03
26.000000 4.108628e-03
26.250000 4.114432e-03
26.500000 4.111857e-03
26.750000 4.101166e-03
27.000000 4.082636e-03
27.250000 4.056557e-03
27.500000 4.023231e-03
27.750000 3.982970e-03
28.000000 3.936097e-03
28.250000 3.882944e-03
28.500000 3.823852e-03
28.750000 3.759171e-03
29.000000 3.689259e-03
29.250000 3.614481e-03
29.500000 3.535211e-03
29.750000 3.451827e-03
30.000000 3.364720e-03
30.250000 3.274283e-03
30.500000 3.180921e-03
30.750000 3.085045e-03
31.000000 2.987075e-03
31.250000 2.887442e-03
31.500000 2.786588e-03
31.750000 2.684965e-03
32.000000 2.583039e-03
32.250000 2.481292e-03
32.500000 2.380222e-03
32.750000 2.280345e-03
33.000000 2.182200e-03
33.250000 2.086344e-03
33.500000 1.993358e-03
33.750000 1.903846e-03
34.000000 1.818431e-03
34.250000 1.737747e-03
34.500000 1.662436e-03
34.750000 1.593128e-03
35.000000 1.530423e-03
35.250000 1.474863e-03
35.500000 1.426901e-03
35.750000 1.386865e-03
36.000000 1.354927e-03
36.250000 1.331074e-03
36.500000 1.315100e-03
36.750000 1.306603e-03
37.000000 1.305008e-03
37.250000 1.309600e-03
37.500000 1.319567e-03
37.750000 1.334044e-03
38.000000 1.352152e-03
38.250000 1.373034e-03
38.500000 1.395880e-03
38.750000 1.419939e-03
39.000000 1.444533e-03
39.250000 1.469058e-03
39.500000 1.492984e-03
39.750000 1.515849e-03
40.000000 1.537259e-03
40.250000 1.556880e-03
40.500000 1.574432e-03
40.750000 1.589684e-03
41.000000 1.602454e-03
41.250000 1.612597e-03
41.500000 1.620008e-03
41.750000 1.624614e-03
42.000000 1.626375e-03
42.250000 1.625279e-03
42.500000 1.621343e-03
42.750000 1.614608e-03
43.000000 1.605139e-03
43.250000 1.593027e-03
43.500000 1.578383e-03
43.750000 1.561343e-03
44.000000 1.542062e-03
44.250000 1.520721e-03
44.500000 1.497520e-03
44.750000 1.472683e-03
45.000000 1.446455e-03
45.250000 1.419108e-03
45.500000 1.390933e-03
45.750000 1.362247e-03
46.000000 1.333389e-03
46.250000 1.304720e-03
46.500000 1.276621e-03
46.750000 1.249493e-03
47.000000 1.223745e-03
47.250000 1.199798e-03
47.500000 1.178066e-03
47.750000 1.158953e-03
48.000000 1.142840e-03
48.250000 1.130065e-03
48.500000 1.120917e-03
48.750000 1.115615e-03
49.000000 1.114304e-03
49.250000 1.117039e-03
49.500000 1.123792e-03
49.750000 1.134446e-03
50.000000 1.148809e-03
