-50.000000 4.909789e-03
-49.750000 4.938907e-03
-49.500000 4.952885e-03
-49.250000 4.951591e-03
-49.000000 4.934958e-03
-48.750000 4.902977e-03
-48.500000 4.855706e-03
-48.250000 4.793268e-03
-48.000000 4.715858e-03
-47.750000 4.623748e-03
-47.500000 4.517286e-03
-47.250000 4.396913e-03
-47.000000 4.263161e-03
-46.750000 4.116674e-03
-46.500000 3.958218e-03
-46.250000 3.788707e-03
-46.000000 3.609230e-03
-45.750000 3.421094e-03
-45.500000 3.225884e-03
-45.250000 3.025547e-03
-45.000000 2.822509e-03
-44.750000 2.619845e-03
-44.500000 2.421501e-03
-44.250000 2.232585e-03
-44.000000 2.059679e-03
-43.750000 1.911037e-03
-43.500000 1.796365e-03
-43.250000 1.725705e-03
-43.000000 1.707189e-03
-42.750000 1.744410e-03
-42.500000 1.835142e-03
-42.250000 1.972444e-03
-42.000000 2.147183e-03
-41.750000 2.350249e-03
-41.500000 2.573714e-03
-41.250000 2.811110e-03
-41.000000 3.057284e-03
-40.750000 3.308127e-03
-40.500000 3.560315e-03
-40.250000 3.811102e-03
-40.000000 4.058168e-03
-39.750000 4.299504e-03
-39.500000 4.533344e-03
-39.250000 4.758101e-03
-39.000000 4.972337e-03
-38.750000 5.174731e-03
-38.500000 5.364067e-03
-38.250000 5.539213e-03
-38.000000 5.699121e-03
-37.750000 5.842815e-03
-37.500000 5.969390e-03
-37.250000 6.078010e-03
-37.000000 6.167908e-03
-36.750000 6.238381e-03
-36.500000 6.288797e-03
-36.250000 6.318592e-03
-36.000000 6.327272e-03
-35.750000 6.314413e-03
-35.500000 6.279668e-03
-35.250000 6.222763e-03
-35.000000 6.143504e-03
-34.750000 6.041777e-03
-34.500000 5.917551e-03
-34.250000 5.770885e-03
-34.000000 5.601930e-03
-33.750000 5.410936e-03
-33.500000 5.198263e-03
-33.250000 4.964389e-03
-33.000000 4.709931e-03
-32.750000 4.435670e-03
-32.500000 4.142591e-03
-32.250000 3.831950e-03
-32.000000 3.505382e-03
-31.750000 3.165093e-03
-31.500000 2.814204e-03
-31.250000 2.457421e-03
-31.000000 2.102380e-03
-30.750000 1.762474e-03
-30.500000 1.462602e-03
-30.250000 1.247975e-03
-30.000000 1.181784e-03
-29.750000 1.299439e-03
-29.500000 1.568667e-03
-29.250000 1.932815e-03
-29.000000 2.351807e-03
-28.750000 2.803189e-03
-28.500000 3.274403e-03
-28.250000 3.757835e-03
-28.000000 4.248380e-03
-27.750000 4.742259e-03
-27.500000 5.236430e-03
-27.250000 5.728280e-03
-27.000000 6.215458e-03
-26.750000 6.695775e-03
-26.500000 7.167152e-03
-26.250000 7.627584e-03
-26.000000 8.075123e-03
-25.750000 8.507862e-03
-25.500000 8.923937e-03
-25.250000 9.321517e-03
-25.000000 9.698806e-03
-24.750000 1.005405e-02
-24.500000 1.038553e-02
-24.250000 1.069158e-02
-24.000000 1.097056e-02
-23.750000 1.122093e-02
-23.500000 1.144116e-02
-23.250000 1.162983e-02
-23.000000 1.178555e-02
-22.750000 1.190707e-02
-22.500000 1.199317e-02
-22.250000 1.204280e-02
-22.000000 1.205496e-02
-21.750000 1.202884e-02
-21.500000 1.196373e-02
-21.250000 1.185913e-02
-21.000000 1.171472e-02
-20.750000 1.153040e-02
-20.500000 1.130636e-02
-20.250000 1.104312e-02
-20.000000 1.074161e-02
-19.750000 1.040325e-02
-19.500000 1.003015e-02
-19.250000 9.625225e-03
-19.000000 9.192520e-03
-18.750000 8.737573e-03
-18.500000 8.267934e-03
-18.250000 7.793891e-03
-18.000000 7.329407e-03
-17.750000 6.893219e-03
-17.500000 6.509851e-03
-17.250000 6.209818e-03
-17.000000 6.027822e-03
-16.750000 5.997715e-03
-16.500000 6.144827e-03
-16.250000 6.479363e-03
-16.000000 6.995298e-03
-15.750000 7.675165e-03
-15.500000 8.496835e-03
-15.250000 9.438603e-03
-15.000000 1.048163e-02
-14.750000 1.161050e-02
-14.500000 1.281287e-02
-14.250000 1.407887e-02
-14.000000 1.540051e-02
-13.750000 1.677119e-02
-13.500000 1.818530e-02
-13.250000 1.963800e-02
-13.000000 2.112494e-02
-12.750000 2.264219e-02
-12.500000 2.418609e-02
-12.250000 2.575317e-02
-12.000000 2.734015e-02
-11.750000 2.894381e-02
-11.500000 3.056104e-02
-11.250000 3.218878e-02
-11.000000 3.382402e-02
-10.750000 3.546378e-02
-10.500000 3.710509e-02
-10.250000 3.874504e-02
-10.000000 4.038071e-02
-9.750000 4.200921e-02
-9.500000 4.362767e-02
-9.250000 4.523325e-02
-9.000000 4.682313e-02
-8.750000 4.839451e-02
-8.500000 4.994463e-02
-8.250000 5.147077e-02
-8.000000 5.297024e-02
-7.750000 5.444040e-02
-7.500000 5.587865e-02
-7.250000 5.728246e-02
-7.000000 5.864933e-02
-6.750000 5.997685e-02
-6.500000 6.126266e-02
-6.250000 6.250447e-02
-6.000000 6.370008e-02
-5.750000 6.484736e-02
-5.500000 6.594426e-02
-5.250000 6.698883e-02
-5.000000 6.797920e-02
-4.750000 6.891360e-02
-4.500000 6.979037e-02
-4.250000 7.060795e-02
-4.000000 7.136487e-02
-3.750000 7.205978e-02
-3.500000 7.269146e-02
-3.250000 7.325877e-02
-3.000000 7.376072e-02
-2.750000 7.419642e-02
-2.500000 7.456512e-02
-2.250000 7.486617e-02
-2.000000 7.509905e-02
-1.750000 7.526339e-02
-1.500000 7.535891e-02
-1.250000 7.538548e-02
-1.000000 7.534309e-02
-0.750000 7.523187e-02
-0.500000 7.505205e-02
-0.250000 7.480401e-02
0.000000 7.448824e-02
0.250000 7.410538e-02
0.500000 7.365616e-02
0.750000 7.314144e-02
1.000000 7.256223e-02
1.250000 7.191961e-02
1.500000 7.121481e-02
1.750000 7.044917e-02
2.000000 6.962411e-02
2.250000 6.874119e-02
2.500000 6.780205e-02
2.750000 6.680846e-02
3.000000 6.576226e-02
3.250000 6.466538e-02
3.500000 6.351985e-02
3.750000 6.232779e-02
4.000000 6.109139e-02
4.250000 5.981291e-02
4.500000 5.849470e-02
4.750000 5.713916e-02
5.000000 5.574876e-02
5.250000 5.432602e-02
5.500000 5.287353e-02
5.750000 5.139392e-02
6.000000 4.988984e-02
6.250000 4.836402e-02
6.500000 4.681920e-02
6.750000 4.525815e-02
7.000000 4.368370e-02
7.250000 4.209866e-02
7.500000 4.050589e-02
7.750000 3.890826e-02
8.000000 3.730867e-02
8.250000 3.571002e-02
8.500000 3.411525e-02
8.750000 3.252730e-02
9.000000 3.094915e-02
9.250000 2.938380e-02
9.500000 2.783431e-02
9.750000 2.630377e-02
10.000000 2.479536e-02
10.250000 2.331235e-02
10.500000 2.185813e-02
10.750000 2.043627e-02
11.000000 1.905056e-02
11.250000 1.770509e-02
11.500000 1.640433e-02
11.750000 1.515327e-02
12.000000 1.395755e-02
12.250000 1.282361e-02
12.500000 1.175895e-02
12.750000 1.077225e-02
13.000000 9.873528e-03
13.250000 9.074032e-03
13.500000 8.385801e-03
13.750000 7.820569e-03
14.000000 7.387906e-03
14.250000 7.092797e-03
14.500000 6.933392e-03
14.750000 6.900036e-03
15.000000 6.976252e-03
15.250000 7.141337e-03
15.500000 7.373394e-03
15.750000 7.651765e-03
16.000000 7.958401e-03
16.250000 8.278323e-03
16.500000 8.599509e-03
16.750000 8.912515e-03
17.000000 9.210030e-03
17.250000 9.486454e-03
17.500000 9.737544e-03
17.750000 9.960130e-03
18.000000 1.015189e-02
18.250000 1.031119e-02
18.500000 1.043692e-02
18.750000 1.052844e-02
19.000000 1.058545e-02
19.250000 1.060797e-02
19.500000 1.059627e-02
19.750000 1.055085e-02
20.000000 1.047239e-02
20.250000 1.036173e-02
20.500000 1.021985e-02
20.750000 1.004789e-02
21.000000 9.847052e-03
21.250000 9.618686e-03
21.500000 9.364215e-03
21.750000 9.085150e-03
22.000000 8.783086e-03
22.250000 8.459695e-03
22.500000 8.116724e-03
22.750000 7.756001e-03
23.000000 7.379435e-03
23.250000 6.989030e-03
23.500000 6.586897e-03
23.750000 6.175286e-03
24.000000 5.756619e-03
24.250000 5.333555e-03
24.500000 4.909078e-03
24.750000 4.486637e-03
25.000000 4.070354e-03
25.250000 3.665352e-03
25.500000 3.278232e-03
25.750000 2.917762e-03
26.000000 2.595729e-03
26.250000 2.327589e-03
26.500000 2.131820e-03
26.750000 2.026110e-03
27.000000 2.019998e-03
27.250000 2.108840e-03
27.500000 2.275562e-03
27.750000 2.498457e-03
28.000000 2.757790e-03
28.250000 3.038231e-03
28.500000 3.328653e-03
28.750000 3.621125e-03
29.000000 3.909949e-03
29.250000 4.190955e-03
29.500000 4.461017e-03
29.750000 4.717741e-03
30.000000 4.959257e-03
30.250000 5.184083e-03
30.500000 5.391036e-03
30.750000 5.579169e-03
31.000000 5.747726e-03
31.250000 5.896114e-03
31.500000 6.023881e-03
31.750000 6.130700e-03
32.000000 6.216356e-03
32.250000 6.280735e-03
32.500000 6.323820e-03
32.750000 6.345683e-03
33.000000 6.346481e-03
33.250000 6.326448e-03
33.500000 6.285895e-03
33.750000 6.225205e-03
34.000000 6.144830e-03
34.250000 6.045287e-03
34.500000 5.927157e-03
34.750000 5.791079e-03
35.000000 5.637750e-03
35.250000 5.467925e-03
35.500000 5.282409e-03
35.750000 5.082061e-03
36.000000 4.867790e-03
36.250000 4.640557e-03
36.500000 4.401375e-03
36.750000 4.151313e-03
37.000000 3.891503e-03
37.250000 3.623150e-03
37.500000 3.347554e-03
37.750000 3.066136e-03
38.000000 2.780498e-03
38.250000 2.492513e-03
38.500000 2.204486e-03
38.750000 1.919465e-03
39.000000 1.641817e-03
39.250000 1.378394e-03
39.500000 1.140824e-03
39.750000 9.493905e-04
40.000000 8.355923e-04
40.250000 8.295881e-04
40.500000 9.300767e-04
40.750000 1.104580e-03
41.000000 1.320094e-03
41.250000 1.555641e-03
41.500000 1.799387e-03
41.750000 2.044513e-03
42.000000 2.286814e-03
42.250000 2.523491e-03
42.500000 2.752540e-03
42.750000 2.972440e-03
43.000000 3.181981e-03
43.250000 3.380167e-03
43.500000 3.566160e-03
43.750000 3.739245e-03
44.000000 3.898805e-03
44.250000 4.044313e-03
44.500000 4.175317e-03
44.750000 4.291437e-03
45.000000 4.392360e-03
45.250000 4.477836e-03
45.500000 4.547674e-03
45.750000 4.601746e-03
46.000000 4.639976e-03
46.250000 4.662349e-03
46.500000 4.668903e-03
46.750000 4.659727e-03
47.000000 4.634966e-03
47.250000 4.594812e-03
47.500000 4.539510e-03
47.750000 4.469350e-03
48.000000 4.384670e-03
48.250000 4.285853e-03
48.500000 4.173323e-03
48.750000 4.047547e-03
49.000000 3.909032e-03
49.250000 3.758320e-03
49.500000 3.595992e-03
49.750000 3.422659e-03
50.000000 3.238966e-03
