-50.000000 2.793001e-03
-49.750000 2.773664e-03
-49.500000 2.753760e-03
-49.250000 2.733311e-03
-49.000000 2.712343e-03
-48.750000 2.690884e-03
-48.500000 2.668959e-03
-48.250000 2.646598e-03
-48.000000 2.623830e-03
-47.750000 2.600685e-03
-47.500000 2.577198e-03
-47.250000 2.553400e-03
-47.000000 2.529328e-03
-46.750000 2.505018e-03
-46.500000 2.480511e-03
-46.250000 2.455845e-03
-46.000000 2.431066e-03
-45.750000 2.406217e-03
-45.500000 2.381346e-03
-45.250000 2.356504e-03
-45.000000 2.331743e-03
-44.750000 2.307120e-03
-44.500000 2.282692e-03
-44.250000 2.258522e-03
-44.000000 2.234675e-03
-43.750000 2.211220e-03
-43.500000 2.188230e-03
-43.250000 2.165779e-03
-43.000000 2.143949e-03
-42.750000 2.122823e-03
-42.500000 2.102489e-03
-42.250000 2.083038e-03
-42.000000 2.064564e-03
-41.750000 2.047168e-03
-41.500000 2.030949e-03
-41.250000 2.016014e-03
-41.000000 2.002468e-03
-40.750000 1.990422e-03
-40.500000 1.979984e-03
-40.250000 1.971265e-03
-40.000000 1.964376e-03
-39.750000 1.959425e-03
-39.500000 1.956519e-03
-39.250000 1.955760e-03
-39.000000 1.957247e-03
-38.750000 1.961073e-03
-38.500000 1.967324e-03
-38.250000 1.976080e-03
-38.000000 1.987412e-03
-37.750000 2.001380e-03
-37.500000 2.018038e-03
-37.250000 2.037428e-03
-37.000000 2.059582e-03
-36.750000 2.084524e-03
-36.500000 2.112266e-03
-36.250000 2.142813e-03
-36.000000 2.176158e-03
-35.750000 2.212289e-03
-35.500000 2.251186e-03
-35.250000 2.292821e-03
-35.000000 2.337161e-03
-34.750000 2.384170e-03
-34.500000 2.433804e-03
-34.250000 2.486018e-03
-34.000000 2.540765e-03
-33.750000 2.597994e-03
-33.500000 2.657654e-03
-33.250000 2.719694e-03
-33.000000 2.784059e-03
-32.750000 2.850698e-03
-32.500000 2.919558e-03
-32.250000 2.990586e-03
-32.000000 3.063732e-03
-31.750000 3.138945e-03
-31.500000 3.216175e-03
-31.250000 3.295374e-03
-31.000000 3.376493e-03
-30.750000 3.459488e-03
-30.500000 3.544311e-03
-30.250000 3.630918e-03
-30.000000 3.719266e-03
-29.750000 3.809312e-03
-29.500000 3.901014e-03
-29.250000 3.994331e-03
-29.000000 4.089223e-03
-28.750000 4.185649e-03
-28.500000 4.283570e-03
-28.250000 4.382948e-03
-28.000000 4.483743e-03
-27.750000 4.585918e-03
-27.500000 4.689435e-03
-27.250000 4.794255e-03
-27.000000 4.900342e-03
-26.750000 5.007657e-03
-26.500000 5.116162e-03
-26.250000 5.225821e-03
-26.000000 5.336594e-03
-25.750000 5.448445e-03
-25.500000 5.561334e-03
-25.250000 5.675224e-03
-25.000000 5.790076e-03
-24.750000 5.905849e-03
-24.500000 6.022506e-03
-24.250000 6.140007e-03
-24.000000 6.258310e-03
-23.750000 6.377377e-03
-23.500000 6.497165e-03
-23.250000 6.617634e-03
-23.000000 6.738741e-03
-22.750000 6.860444e-03
-22.500000 6.982702e-03
-22.250000 7.105469e-03
-22.000000 7.228704e-03
-21.750000 7.352361e-03
-21.500000 7.476397e-03
-21.250000 7.600765e-03
-21.000000 7.725422e-03
-20.750000 7.850320e-03
-20.500000 7.975415e-03
-20.250000 8.100658e-03
-20.000000 8.226003e-03
-19.750000 8.351402e-03
-19.500000 8.476807e-03
-19.250000 8.602171e-03
-19.000000 8.727444e-03
-18.750000 8.852578e-03
-18.500000 8.977523e-03
-18.250000 9.102229e-03
-18.000000 9.226648e-03
-17.750000 9.350729e-03
-17.500000 9.474421e-03
-17.250000 9.597674e-03
-17.000000 9.720438e-03
-16.750000 9.842661e-03
-16.500000 9.964293e-03
-16.250000 1.008528e-02
-16.000000 1.020558e-02
-15.750000 1.032513e-02
-15.500000 1.044389e-02
-15.250000 1.056179e-02
-15.000000 1.067881e-02
-14.750000 1.079487e-02
-14.500000 1.090993e-02
-14.250000 1.102393e-02
-14.000000 1.113684e-02
-13.750000 1.124859e-02
-13.500000 1.135915e-02
-13.250000 1.146844e-02
-13.000000 1.157644e-02
-12.750000 1.168308e-02
-12.500000 1.178832e-02
-12.250000 1.189210e-02
-12.000000 1.199439e-02
-11.750000 1.209513e-02
-11.500000 1.219427e-02
-11.250000 1.229177e-02
-11.000000 1.238758e-02
-10.750000 1.248166e-02
-10.500000 1.257395e-02
-10.250000 1.266441e-02
-10.000000 1.275301e-02
-9.750000 1.283969e-02
-9.500000 1.292440e-02
-9.250000 1.300712e-02
-9.000000 1.308780e-02
-8.750000 1.316639e-02
-8.500000 1.324285e-02
-8.250000 1.331716e-02
-8.000000 1.338926e-02
-7.750000 1.345912e-02
-7.500000 1.352670e-02
-7.250000 1.359197e-02
-7.000000 1.365489e-02
-6.750000 1.371542e-02
-6.500000 1.377355e-02
-6.250000 1.382922e-02
-6.000000 1.388241e-02
-5.750000 1.393310e-02
-5.500000 1.398124e-02
-5.250000 1.402682e-02
-5.000000 1.406981e-02
-4.750000 1.411018e-02
-4.500000 1.414790e-02
-4.250000 1.418295e-02
-4.000000 1.421532e-02
-3.750000 1.424498e-02
-3.500000 1.427190e-02
-3.250000 1.429608e-02
-3.000000 1.431748e-02
-2.750000 1.433611e-02
-2.500000 1.435194e-02
-2.250000 1.436495e-02
-2.000000 1.437515e-02
-1.750000 1.438250e-02
-1.500000 1.438702e-02
-1.250000 1.438868e-02
-1.000000 1.438748e-02
-0.750000 1.438341e-02
-0.500000 1.437647e-02
-0.250000 1.436667e-02
0.000000 1.435398e-02
0.250000 1.433842e-02
0.500000 1.431999e-02
0.750000 1.429868e-02
1.000000 1.427451e-02
1.250000 1.424748e-02
1.500000 1.421759e-02
1.750000 1.418485e-02
2.000000 1.414927e-02
2.250000 1.411087e-02
2.500000 1.406965e-02
2.750000 1.402563e-02
3.000000 1.397882e-02
3.250000 1.392924e-02
3.500000 1.387691e-02
3.750000 1.382185e-02
4.000000 1.376407e-02
4.250000 1.370360e-02
4.500000 1.364046e-02
4.750000 1.357468e-02
5.000000 1.350628e-02
5.250000 1.343530e-02
5.500000 1.336175e-02
5.750000 1.328566e-02
6.000000 1.320708e-02
6.250000 1.312603e-02
6.500000 1.304254e-02
6.750000 1.295666e-02
7.000000 1.286841e-02
7.250000 1.277783e-02
7.500000 1.268497e-02
7.750000 1.258986e-02
8.000000 1.249255e-02
8.250000 1.239307e-02
8.500000 1.229148e-02
8.750000 1.218780e-02
9.000000 1.208210e-02
9.250000 1.197442e-02
9.500000 1.186480e-02
9.750000 1.175330e-02
10.000000 1.163997e-02
10.250000 1.152485e-02
10.500000 1.140801e-02
10.750000 1.128948e-02
11.000000 1.116934e-02
11.250000 1.104763e-02
11.500000 1.092441e-02
11.750000 1.079974e-02
12.000000 1.067368e-02
12.250000 1.054629e-02
12.500000 1.041762e-02
12.750000 1.028774e-02
13.000000 1.015672e-02
13.250000 1.002461e-02
13.500000 9.891479e-03
13.750000 9.757395e-03
14.000000 9.622423e-03
14.250000 9.486630e-03
14.500000 9.350084e-03
14.750000 9.212855e-03
15.000000 9.075012e-03
15.250000 8.936626e-03
15.500000 8.797769e-03
15.750000 8.658514e-03
16.000000 8.518934e-03
16.250000 8.379105e-03
16.500000 8.239101e-03
16.750000 8.099000e-03
17.000000 7.958879e-03
17.250000 7.818817e-03
17.500000 7.678894e-03
17.750000 7.539190e-03
18.000000 7.399787e-03
18.250000 7.260769e-03
18.500000 7.122220e-03
18.750000 6.984226e-03
19.000000 6.846873e-03
19.250000 6.710251e-03
19.500000 6.574447e-03
19.750000 6.439555e-03
20.000000 6.305666e-03
20.250000 6.172874e-03
20.500000 6.041277e-03
20.750000 5.910970e-03
21.000000 5.782054e-03
21.250000 5.654630e-03
21.500000 5.528801e-03
21.750000 5.404671e-03
22.000000 5.282348e-03
22.250000 5.161939e-03
22.500000 5.043556e-03
22.750000 4.927310e-03
23.000000 4.813316e-03
23.250000 4.701689e-03
23.500000 4.592546e-03
23.750000 4.486004e-03
24.000000 4.382183e-03
24.250000 4.281202e-03
24.500000 4.183178e-03
24.750000 4.088232e-03
25.000000 3.996480e-03
25.250000 3.908036e-03
25.500000 3.823012e-03
25.750000 3.741516e-03
26.000000 3.663649e-03
26.250000 3.589508e-03
26.500000 3.519178e-03
26.750000 3.452738e-03
27.000000 3.390255e-03
27.250000 3.331783e-03
27.500000 3.277362e-03
27.750000 3.227018e-03
28.000000 3.180759e-03
28.250000 3.138575e-03
28.500000 3.100439e-03
28.750000 3.066303e-03
29.000000 3.036104e-03
29.250000 3.009755e-03
29.500000 2.987154e-03
29.750000 2.968180e-03
30.000000 2.952697e-03
30.250000 2.940552e-03
30.500000 2.931582e-03
30.750000 2.925611e-03
31.000000 2.922453e-03
31.250000 2.921918e-03
31.500000 2.923808e-03
31.750000 2.927924e-03
32.000000 2.934066e-03
32.250000 2.942034e-03
32.500000 2.951631e-03
32.750000 2.962662e-03
33.000000 2.974939e-03
33.250000 2.988279e-03
33.500000 3.002506e-03
33.750000 3.017452e-03
34.000000 3.032954e-03
34.250000 3.048860e-03
34.500000 3.065026e-03
34.750000 3.081315e-03
35.000000 3.097599e-03
35.250000 3.113760e-03
35.500000 3.129685e-03
35.750000 3.145271e-03
36.000000 3.160422e-03
36.250000 3.175051e-03
36.500000 3.189077e-03
36.750000 3.202425e-03
37.000000 3.215029e-03
37.250000 3.226827e-03
37.500000 3.237765e-03
37.750000 3.247793e-03
38.000000 3.256869e-03
38.250000 3.264953e-03
38.500000 3.272013e-03
38.750000 3.278021e-03
39.000000 3.282951e-03
39.250000 3.286786e-03
39.500000 3.289510e-03
39.750000 3.291110e-03
40.000000 3.291580e-03
40.250000 3.290915e-03
40.500000 3.289116e-03
40.750000 3.286183e-03
41.000000 3.282124e-03
41.250000 3.276946e-03
41.500000 3.270662e-03
41.750000 3.263287e-03
42.000000 3.254836e-03
42.250000 3.245330e-03
42.500000 3.234791e-03
42.750000 3.223244e-03
43.000000 3.210714e-03
43.250000 3.197232e-03
43.500000 3.182828e-03
43.750000 3.167536e-03
44.000000 3.151390e-03
44.250000 3.134429e-03
44.500000 3.116689e-03
44.750000 3.098213e-03
45.000000 3.079043e-03
45.250000 3.059222e-03
45.500000 3.038797e-03
45.750000 3.017815e-03
46.000000 2.996323e-03
46.250000 2.974373e-03
46.500000 2.952015e-03
46.750000 2.929302e-03
47.000000 2.906287e-03
47.250000 2.883026e-03
47.500000 2.859573e-03
47.750000 2.835986e-03
48.000000 2.812321e-03
48.250000 2.788636e-03
48.500000 2.764989e-03
48.750000 2.741440e-03
49.000000 2.718047e-03
49.250000 2.694867e-03
49.500000 2.671962e-03
49.750000 2.649387e-03
50.000000 2.627202e-03
