-50.000000 1.047361e-03
-49.750000 9.128864e-04
-49.500000 7.579749e-04
-49.250000 5.903280e-04
-49.000000 4.213715e-04
-48.750000 2.742443e-04
-48.500000 2.103798e-04
-48.250000 2.766969e-04
-48.000000 3.930145e-04
-47.750000 5.037721e-04
-47.500000 5.899302e-04
-47.250000 6.426669e-04
-47.000000 6.569870e-04
-46.750000 6.303412e-04
-46.500000 5.624429e-04
-46.250000 4.557720e-04
-46.000000 3.182541e-04
-45.750000 1.828940e-04
-45.500000 2.042288e-04
-45.250000 3.978933e-04
-45.000000 6.358327e-04
-44.750000 8.857674e-04
-44.500000 1.133808e-03
-44.250000 1.369210e-03
-44.000000 1.582444e-03
-43.750000 1.765049e-03
-43.500000 1.909851e-03
-43.250000 2.011271e-03
-43.000000 2.065645e-03
-42.750000 2.071536e-03
-42.500000 2.030046e-03
-42.250000 1.945135e-03
-42.000000 1.824025e-03
-41.750000 1.677708e-03
-41.500000 1.521584e-03
-41.250000 1.375837e-03
-41.000000 1.264108e-03
-40.750000 1.207684e-03
-40.500000 1.214954e-03
-40.250000 1.274903e-03
-40.000000 1.362978e-03
-39.750000 1.452293e-03
-39.500000 1.520210e-03
-39.250000 1.549809e-03
-39.000000 1.529349e-03
-38.750000 1.451486e-03
-38.500000 1.312674e-03
-38.250000 1.112743e-03
-38.000000 8.545808e-04
-37.750000 5.438845e-04
-37.500000 1.896525e-04
-37.250000 2.051487e-04
-37.000000 6.173474e-04
-36.750000 1.041101e-03
-36.500000 1.462112e-03
-36.250000 1.866810e-03
-36.000000 2.242102e-03
-35.750000 2.575808e-03
-35.500000 2.857103e-03
-35.250000 3.076926e-03
-35.000000 3.228307e-03
-34.750000 3.306622e-03
-34.500000 3.309760e-03
-34.250000 3.238182e-03
-34.000000 3.094892e-03
-33.750000 2.885311e-03
-33.500000 2.617064e-03
-33.250000 2.299700e-03
-33.000000 1.944371e-03
-32.750000 1.563545e-03
-32.500000 1.170956e-03
-32.250000 7.826902e-04
-32.000000 4.258501e-04
-31.750000 2.277583e-04
-31.500000 4.100214e-04
-31.250000 6.737677e-04
-31.000000 9.084903e-04
-30.750000 1.096451e-03
-30.500000 1.232247e-03
-30.250000 1.314881e-03
-30.000000 1.346330e-03
-29.750000 1.331109e-03
-29.500000 1.276069e-03
-29.250000 1.190295e-03
-29.000000 1.085138e-03
-28.750000 9.743565e-04
-28.500000 8.741078e-04
-28.250000 8.017605e-04
-28.000000 7.717140e-04
-27.750000 7.889806e-04
-27.500000 8.472290e-04
-27.250000 9.348564e-04
-27.000000 1.042221e-03
-26.750000 1.164448e-03
-26.500000 1.300767e-03
-26.250000 1.452608e-03
-26.000000 1.621606e-03
-25.750000 1.808047e-03
-25.500000 2.009983e-03
-25.250000 2.223028e-03
-25.000000 2.440655e-03
-24.750000 2.654774e-03
-24.500000 2.856385e-03
-24.250000 3.036209e-03
-24.000000 3.185251e-03
-23.750000 3.295289e-03
-23.500000 3.359273e-03
-23.250000 3.371655e-03
-23.000000 3.328639e-03
-22.750000 3.228358e-03
-22.500000 3.070965e-03
-22.250000 2.858656e-03
-22.000000 2.595614e-03
-21.750000 2.287868e-03
-21.500000 1.943103e-03
-21.250000 1.570407e-03
-21.000000 1.180021e-03
-20.750000 7.833012e-04
-20.500000 3.946443e-04
-20.250000 1.056406e-04
-20.000000 3.755873e-04
-19.750000 6.949168e-04
-19.500000 9.799531e-04
-19.250000 1.222472e-03
-19.000000 1.419546e-03
-18.750000 1.571577e-03
-18.500000 1.682122e-03
-18.250000 1.757742e-03
-18.000000 1.807513e-03
-17.750000 1.841978e-03
-17.500000 1.871401e-03
-17.250000 1.903518e-03
-17.000000 1.941369e-03
-16.750000 1.982114e-03
-16.500000 2.017368e-03
-16.250000 2.034829e-03
-16.000000 2.020544e-03
-15.750000 1.961212e-03
-15.500000 1.846472e-03
-15.250000 1.671804e-03
-15.000000 1.444038e-03
-14.750000 1.195532e-03
-14.500000 1.019545e-03
-14.250000 1.085147e-03
-14.000000 1.459284e-03
-13.750000 2.042399e-03
-13.500000 2.744026e-03
-13.250000 3.513036e-03
-13.000000 4.315055e-03
-12.750000 5.121540e-03
-12.500000 5.906209e-03
-12.250000 6.644202e-03
-12.000000 7.312249e-03
-11.750000 7.889237e-03
-11.500000 8.356933e-03
-11.250000 8.700720e-03
-11.000000 8.910292e-03
-10.750000 8.980249e-03
-10.500000 8.910558e-03
-10.250000 8.706854e-03
-10.000000 8.380556e-03
-9.750000 7.948774e-03
-9.500000 7.433968e-03
-9.250000 6.863268e-03
-9.000000 6.267309e-03
-8.750000 5.678277e-03
-8.500000 5.126742e-03
-8.250000 4.636983e-03
-8.000000 4.221282e-03
-7.750000 3.875287e-03
-7.500000 3.577743e-03
-7.250000 3.296409e-03
-7.000000 2.998538e-03
-6.750000 2.663234e-03
-6.500000 2.296985e-03
-6.250000 1.961203e-03
-6.000000 1.812436e-03
-5.750000 2.047205e-03
-5.500000 2.682060e-03
-5.250000 3.584054e-03
-5.000000 4.638695e-03
-4.750000 5.770944e-03
-4.500000 6.925203e-03
-4.250000 8.054366e-03
-4.000000 9.115980e-03
-3.750000 1.007143e-02
-3.500000 1.088631e-02
-3.250000 1.153123e-02
-3.000000 1.198271e-02
-2.750000 1.222400e-02
-2.500000 1.224576e-02
-2.250000 1.204646e-02
-2.000000 1.163252e-02
-1.750000 1.101826e-02
-1.500000 1.022543e-02
-1.250000 9.282633e-03
-1.000000 8.224435e-03
-0.750000 7.090368e-03
-0.500000 5.923930e-03
-0.250000 4.771811e-03
0.000000 3.683888e-03
0.250000 2.715120e-03
0.500000 1.931102e-03
0.750000 1.411645e-03
1.000000 1.202215e-03
1.250000 1.202457e-03
1.500000 1.247066e-03
1.750000 1.273963e-03
2.000000 1.350528e-03
2.250000 1.623218e-03
2.500000 2.180992e-03
2.750000 2.998712e-03
3.000000 4.012098e-03
3.250000 5.160045e-03
3.500000 6.387609e-03
3.750000 7.643243e-03
4.000000 8.877623e-03
4.250000 1.004387e-02
4.500000 1.109845e-02
4.750000 1.200230e-02
5.000000 1.272208e-02
5.250000 1.323119e-02
5.500000 1.351077e-02
5.750000 1.355042e-02
6.000000 1.334867e-02
6.250000 1.291341e-02
6.500000 1.226201e-02
6.750000 1.142163e-02
7.000000 1.042968e-02
7.250000 9.334998e-03
7.500000 8.200304e-03
7.750000 7.106416e-03
8.000000 6.156960e-03
8.250000 5.474298e-03
8.500000 5.164256e-03
8.750000 5.247050e-03
9.000000 5.629871e-03
9.250000 6.168906e-03
9.500000 6.738346e-03
9.750000 7.251510e-03
10.000000 7.655249e-03
10.250000 7.920471e-03
10.500000 8.035165e-03
10.750000 7.999902e-03
11.000000 7.824842e-03
11.250000 7.527513e-03
11.500000 7.130944e-03
11.750000 6.661912e-03
12.000000 6.149153e-03
12.250000 5.621394e-03
12.500000 5.105132e-03
12.750000 4.622110e-03
13.000000 4.186740e-03
13.250000 3.804097e-03
13.500000 3.469460e-03
13.750000 3.170169e-03
14.000000 2.889570e-03
14.250000 2.611814e-03
14.500000 2.326119e-03
14.750000 2.029980e-03
15.000000 1.731882e-03
15.250000 1.454809e-03
15.500000 1.240239e-03
15.750000 1.141924e-03
16.000000 1.187589e-03
16.250000 1.343443e-03
16.500000 1.546190e-03
16.750000 1.743971e-03
17.000000 1.903057e-03
17.250000 2.002598e-03
17.500000 2.030447e-03
17.750000 1.981079e-03
18.000000 1.854712e-03
18.250000 1.657180e-03
18.500000 1.400833e-03
18.750000 1.108202e-03
19.000000 8.252080e-04
19.250000 6.577299e-04
19.500000 7.417452e-04
19.750000 1.022168e-03
20.000000 1.367240e-03
20.250000 1.710364e-03
20.500000 2.019509e-03
20.750000 2.275679e-03
21.000000 2.466487e-03
21.250000 2.584244e-03
21.500000 2.625323e-03
21.750000 2.589867e-03
22.000000 2.481554e-03
22.250000 2.307293e-03
22.500000 2.076847e-03
22.750000 1.802363e-03
23.000000 1.497835e-03
23.250000 1.178532e-03
23.500000 8.604774e-04
23.750000 5.602545e-04
24.000000 2.968555e-04
24.250000 1.177162e-04
24.500000 1.656272e-04
24.750000 2.580176e-04
25.000000 2.920846e-04
25.250000 2.557654e-04
25.500000 1.490702e-04
25.750000 6.203769e-05
26.000000 2.894592e-04
26.250000 5.899749e-04
26.500000 9.376136e-04
26.750000 1.318682e-03
27.000000 1.718830e-03
27.250000 2.123046e-03
27.500000 2.516152e-03
27.750000 2.883393e-03
28.000000 3.211010e-03
28.250000 3.486790e-03
28.500000 3.700562e-03
28.750000 3.844612e-03
29.000000 3.914029e-03
29.250000 3.906958e-03
29.500000 3.824776e-03
29.750000 3.672199e-03
30.000000 3.457348e-03
30.250000 3.191835e-03
30.500000 2.890921e-03
30.750000 2.573823e-03
31.000000 2.264118e-03
31.250000 1.989656e-03
31.500000 1.780006e-03
31.750000 1.658185e-03
32.000000 1.627682e-03
32.250000 1.666995e-03
32.500000 1.740340e-03
32.750000 1.812911e-03
33.000000 1.858446e-03
33.250000 1.859912e-03
33.500000 1.807886e-03
33.750000 1.698869e-03
34.000000 1.534009e-03
34.250000 1.318155e-03
34.500000 1.059107e-03
34.750000 7.669774e-04
35.000000 4.536719e-04
35.250000 1.338570e-04
35.500000 1.901241e-04
35.750000 4.886533e-04
36.000000 7.582301e-04
36.250000 9.865869e-04
36.500000 1.163973e-03
36.750000 1.282759e-03
37.000000 1.337664e-03
37.250000 1.325949e-03
37.500000 1.247518e-03
37.750000 1.104917e-03
38.000000 9.032369e-04
38.250000 6.499202e-04
38.500000 3.545580e-04
38.750000 3.428202e-05
39.000000 3.189997e-04
39.250000 6.698135e-04
39.500000 1.013221e-03
39.750000 1.336012e-03
40.000000 1.625949e-03
40.250000 1.872116e-03
40.500000 2.065348e-03
40.750000 2.198601e-03
41.000000 2.267265e-03
41.250000 2.269399e-03
41.500000 2.205912e-03
41.750000 2.080716e-03
42.000000 1.900925e-03
42.250000 1.677303e-03
42.500000 1.425378e-03
42.750000 1.168274e-03
43.000000 9.429892e-04
43.250000 8.069480e-04
43.500000 8.133012e-04
43.750000 9.460910e-04
44.000000 1.138530e-03
44.250000 1.337070e-03
44.500000 1.511059e-03
44.750000 1.643364e-03
45.000000 1.724469e-03
45.250000 1.749928e-03
45.500000 1.719341e-03
45.750000 1.636002e-03
46.000000 1.506953e-03
46.250000 1.343553e-03
46.500000 1.162937e-03
46.750000 9.909234e-04
47.000000 8.650068e-04
47.250000 8.267058e-04
47.500000 8.904852e-04
47.750000 1.027400e-03
48.000000 1.194714e-03
48.250000 1.359842e-03
48.500000 1.501967e-03
48.750000 1.608182e-03
49.000000 1.670790e-03
49.250000 1.685896e-03
49.500000 1.652650e-03
49.750000 1.572779e-03
50.000000 1.450228e-03
