-50.000000 5.110651e-03
-49.750000 5.048842e-03
-49.500000 5.008513e-03
-49.250000 4.993260e-03
-49.000000 5.006298e-03
-48.750000 5.050256e-03
-48.500000 5.126998e-03
-48.250000 5.237510e-03
-48.000000 5.381879e-03
-47.750000 5.559343e-03
-47.500000 5.768417e-03
-47.250000 6.007056e-03
-47.000000 6.272828e-03
-46.750000 6.563067e-03
-46.500000 6.875005e-03
-46.250000 7.205870e-03
-46.000000 7.552948e-03
-45.750000 7.913628e-03
-45.500000 8.285420e-03
-45.250000 8.665964e-03
-45.000000 9.053031e-03
-44.750000 9.444514e-03
-44.500000 9.838420e-03
-44.250000 1.023286e-02
-44.000000 1.062606e-02
-43.750000 1.101630e-02
-43.500000 1.140196e-02
-43.250000 1.178149e-02
-43.000000 1.215341e-02
-42.750000 1.251631e-02
-42.500000 1.286881e-02
-42.250000 1.320961e-02
-42.000000 1.353747e-02
-41.750000 1.385117e-02
-41.500000 1.414959e-02
-41.250000 1.443161e-02
-41.000000 1.469619e-02
-40.750000 1.494234e-02
-40.500000 1.516911e-02
-40.250000 1.537561e-02
-40.000000 1.556100e-02
-39.750000 1.572449e-02
-39.500000 1.586535e-02
-39.250000 1.598290e-02
-39.000000 1.607651e-02
-38.750000 1.614563e-02
-38.500000 1.618974e-02
-38.250000 1.620840e-02
-38.000000 1.620121e-02
-37.750000 1.616785e-02
-37.500000 1.610805e-02
-37.250000 1.602161e-02
-37.000000 1.590837e-02
-36.750000 1.576827e-02
-36.500000 1.560127e-02
-36.250000 1.540744e-02
-36.000000 1.518688e-02
-35.750000 1.493977e-02
-35.500000 1.466634e-02
-35.250000 1.436690e-02
-35.000000 1.404181e-02
-34.750000 1.369151e-02
-34.500000 1.331649e-02
-34.250000 1.291731e-02
-34.000000 1.249458e-02
-33.750000 1.204899e-02
-33.500000 1.158128e-02
-33.250000 1.109227e-02
-33.000000 1.058282e-02
-32.750000 1.005386e-02
-32.500000 9.506400e-03
-32.250000 8.941516e-03
-32.000000 8.360359e-03
-31.750000 7.764173e-03
-31.500000 7.154313e-03
-31.250000 6.532278e-03
-31.000000 5.899768e-03
-30.750000 5.258786e-03
-30.500000 4.611833e-03
-30.250000 3.962290e-03
-30.000000 3.315260e-03
-29.750000 2.679564e-03
-29.500000 2.073105e-03
-29.250000 1.538745e-03
-29.000000 1.185944e-03
-28.750000 1.192956e-03
-28.500000 1.555518e-03
-28.250000 2.095354e-03
-28.000000 2.706130e-03
-27.750000 3.346329e-03
-27.500000 3.998561e-03
-27.250000 4.654258e-03
-27.000000 5.308493e-03
-26.750000 5.958039e-03
-26.500000 6.600559e-03
-26.250000 7.234233e-03
-26.000000 7.857569e-03
-25.750000 8.469312e-03
-25.500000 9.068388e-03
-25.250000 9.653880e-03
-25.000000 1.022501e-02
-24.750000 1.078113e-02
-24.500000 1.132174e-02
-24.250000 1.184646e-02
-24.000000 1.235507e-02
-23.750000 1.284747e-02
-23.500000 1.332374e-02
-23.250000 1.378411e-02
-23.000000 1.422897e-02
-22.750000 1.465891e-02
-22.500000 1.507467e-02
-22.250000 1.547722e-02
-22.000000 1.586769e-02
-21.750000 1.624745e-02
-21.500000 1.661803e-02
-21.250000 1.698120e-02
-21.000000 1.733891e-02
-20.750000 1.769333e-02
-20.500000 1.804680e-02
-20.250000 1.840185e-02
-20.000000 1.876114e-02
-19.750000 1.912749e-02
-19.500000 1.950384e-02
-19.250000 1.989316e-02
-19.000000 2.029851e-02
-18.750000 2.072292e-02
-18.500000 2.116937e-02
-18.250000 2.164078e-02
-18.000000 2.213992e-02
-17.750000 2.266939e-02
-17.500000 2.323158e-02
-17.250000 2.382863e-02
-17.000000 2.446240e-02
-16.750000 2.513445e-02
-16.500000 2.584603e-02
-16.250000 2.659806e-02
-16.000000 2.739113e-02
-15.750000 2.822553e-02
-15.500000 2.910120e-02
-15.250000 3.001782e-02
-15.000000 3.097477e-02
-14.750000 3.197117e-02
-14.500000 3.300591e-02
-14.250000 3.407765e-02
-14.000000 3.518486e-02
-13.750000 3.632586e-02
-13.500000 3.749877e-02
-13.250000 3.870162e-02
-13.000000 3.993228e-02
-12.750000 4.118857e-02
-12.500000 4.246817e-02
-12.250000 4.376873e-02
-12.000000 4.508781e-02
-11.750000 4.642292e-02
-11.500000 4.777155e-02
-11.250000 4.913113e-02
-11.000000 5.049908e-02
-10.750000 5.187280e-02
-10.500000 5.324967e-02
-10.250000 5.462707e-02
-10.000000 5.600238e-02
-9.750000 5.737298e-02
-9.500000 5.873626e-02
-9.250000 6.008963e-02
-9.000000 6.143051e-02
-8.750000 6.275635e-02
-8.500000 6.406462e-02
-8.250000 6.535281e-02
-8.000000 6.661848e-02
-7.750000 6.785919e-02
-7.500000 6.907256e-02
-7.250000 7.025626e-02
-7.000000 7.140799e-02
-6.750000 7.252553e-02
-6.500000 7.360668e-02
-6.250000 7.464934e-02
-6.000000 7.565144e-02
-5.750000 7.661099e-02
-5.500000 7.752608e-02
-5.250000 7.839484e-02
-5.000000 7.921550e-02
-4.750000 7.998636e-02
-4.500000 8.070581e-02
-4.250000 8.137231e-02
-4.000000 8.198441e-02
-3.750000 8.254074e-02
-3.500000 8.304003e-02
-3.250000 8.348110e-02
-3.000000 8.386286e-02
-2.750000 8.418432e-02
-2.500000 8.444458e-02
-2.250000 8.464284e-02
-2.000000 8.477841e-02
-1.750000 8.485070e-02
-1.500000 8.485920e-02
-1.250000 8.480352e-02
-1.000000 8.468337e-02
-0.750000 8.449858e-02
-0.500000 8.424906e-02
-0.250000 8.393482e-02
0.000000 8.355601e-02
0.250000 8.311284e-02
0.500000 8.260566e-02
0.750000 8.203490e-02
1.000000 8.140110e-02
1.250000 8.070490e-02
1.500000 7.994704e-02
1.750000 7.912837e-02
2.000000 7.824982e-02
2.250000 7.731242e-02
2.500000 7.631730e-02
2.750000 7.526568e-02
3.000000 7.415887e-02
3.250000 7.299828e-02
3.500000 7.178538e-02
3.750000 7.052175e-02
4.000000 6.920904e-02
4.250000 6.784898e-02
4.500000 6.644337e-02
4.750000 6.499410e-02
5.000000 6.350312e-02
5.250000 6.197245e-02
5.500000 6.040418e-02
5.750000 5.880046e-02
6.000000 5.716351e-02
6.250000 5.549560e-02
6.500000 5.379905e-02
6.750000 5.207626e-02
7.000000 5.032967e-02
7.250000 4.856176e-02
7.500000 4.677510e-02
7.750000 4.497228e-02
8.000000 4.315597e-02
8.250000 4.132889e-02
8.500000 3.949381e-02
8.750000 3.765362e-02
9.000000 3.581125e-02
9.250000 3.396976e-02
9.500000 3.213233e-02
9.750000 3.030228e-02
10.000000 2.848316e-02
10.250000 2.667874e-02
10.500000 2.489317e-02
10.750000 2.313103e-02
11.000000 2.139752e-02
11.250000 1.969870e-02
11.500000 1.804179e-02
11.750000 1.643570e-02
12.000000 1.489165e-02
12.250000 1.342421e-02
12.500000 1.205264e-02
12.750000 1.080255e-02
13.000000 9.707542e-03
13.250000 8.809634e-03
13.500000 8.155680e-03
13.750000 7.786927e-03
14.000000 7.722815e-03
14.250000 7.949130e-03
14.500000 8.421600e-03
14.750000 9.082124e-03
15.000000 9.874579e-03
15.250000 1.075272e-02
15.500000 1.168145e-02
15.750000 1.263504e-02
16.000000 1.359485e-02
16.250000 1.454729e-02
16.500000 1.548237e-02
16.750000 1.639260e-02
17.000000 1.727232e-02
17.250000 1.811718e-02
17.500000 1.892380e-02
17.750000 1.968956e-02
18.000000 2.041238e-02
18.250000 2.109066e-02
18.500000 2.172315e-02
18.750000 2.230892e-02
19.000000 2.284728e-02
19.250000 2.333778e-02
19.500000 2.378013e-02
19.750000 2.417425e-02
20.000000 2.452018e-02
20.250000 2.481813e-02
20.500000 2.506842e-02
20.750000 2.527150e-02
21.000000 2.542792e-02
21.250000 2.553835e-02
21.500000 2.560355e-02
21.750000 2.562437e-02
22.000000 2.560177e-02
22.250000 2.553677e-02
22.500000 2.543049e-02
22.750000 2.528410e-02
23.000000 2.509888e-02
23.250000 2.487614e-02
23.500000 2.461730e-02
23.750000 2.432380e-02
24.000000 2.399717e-02
24.250000 2.363899e-02
24.500000 2.325088e-02
24.750000 2.283453e-02
25.000000 2.239167e-02
25.250000 2.192410e-02
25.500000 2.143363e-02
25.750000 2.092214e-02
26.000000 2.039155e-02
26.250000 1.984382e-02
26.500000 1.928095e-02
26.750000 1.870499e-02
27.000000 1.811803e-02
27.250000 1.752221e-02
27.500000 1.691971e-02
27.750000 1.631277e-02
28.000000 1.570369e-02
28.250000 1.509482e-02
28.500000 1.448857e-02
28.750000 1.388744e-02
29.000000 1.329399e-02
29.250000 1.271090e-02
29.500000 1.214089e-02
29.750000 1.158681e-02
30.000000 1.105160e-02
30.250000 1.053827e-02
30.500000 1.004990e-02
30.750000 9.589584e-03
31.000000 9.160413e-03
31.250000 8.765356e-03
31.500000 8.407175e-03
31.750000 8.088281e-03
32.000000 7.810585e-03
32.250000 7.575335e-03
32.500000 7.382964e-03
32.750000 7.232988e-03
33.000000 7.123951e-03
33.250000 7.053463e-03
33.500000 7.018306e-03
33.750000 7.014607e-03
34.000000 7.038052e-03
34.250000 7.084103e-03
34.500000 7.148198e-03
34.750000 7.225921e-03
35.000000 7.313124e-03
35.250000 7.406008e-03
35.500000 7.501171e-03
35.750000 7.595626e-03
36.000000 7.686798e-03
36.250000 7.772508e-03
36.500000 7.850955e-03
36.750000 7.920686e-03
37.000000 7.980575e-03
37.250000 8.029794e-03
37.500000 8.067791e-03
37.750000 8.094275e-03
38.000000 8.109192e-03
38.250000 8.112715e-03
38.500000 8.105230e-03
38.750000 8.087325e-03
39.000000 8.059782e-03
39.250000 8.023573e-03
39.500000 7.979843e-03
39.750000 7.929915e-03
40.000000 7.875270e-03
40.250000 7.817546e-03
40.500000 7.758517e-03
40.750000 7.700083e-03
41.000000 7.644240e-03
41.250000 7.593060e-03
41.500000 7.548648e-03
41.750000 7.513107e-03
42.000000 7.488484e-03
42.250000 7.476723e-03
42.500000 7.479601e-03
42.750000 7.498682e-03
43.000000 7.535256e-03
43.250000 7.590303e-03
43.500000 7.664461e-03
43.750000 7.758005e-03
44.000000 7.870854e-03
44.250000 8.002579e-03
44.500000 8.152436e-03
44.750000 8.319400e-03
45.000000 8.502212e-03
45.250000 8.699426e-03
45.500000 8.909455e-03
45.750000 9.130616e-03
46.000000 9.361166e-03
46.250000 9.599339e-03
46.500000 9.843372e-03
46.750000 1.009153e-02
47.000000 1.034211e-02
47.250000 1.059347e-02
47.500000 1.084404e-02
47.750000 1.109231e-02
48.000000 1.133686e-02
48.250000 1.157632e-02
48.500000 1.180942e-02
48.750000 1.203496e-02
49.000000 1.225184e-02
49.250000 1.245899e-02
49.500000 1.265547e-02
49.750000 1.284038e-02
50.000000 1.301291e-02
