-50.000000 3.561630e-03
-49.750000 3.566039e-03
-49.500000 3.588817e-03
-49.250000 3.623588e-03
-49.000000 3.662789e-03
-48.750000 3.698356e-03
-48.500000 3.722319e-03
-48.250000 3.727241e-03
-48.000000 3.706522e-03
-47.750000 3.654601e-03
-47.500000 3.567096e-03
-47.250000 3.440916e-03
-47.000000 3.274401e-03
-46.750000 3.067517e-03
-46.500000 2.822215e-03
-46.250000 2.543119e-03
-46.000000 2.238928e-03
-45.750000 1.925369e-03
-45.500000 1.631312e-03
-45.250000 1.408730e-03
-45.000000 1.333350e-03
-44.750000 1.458228e-03
-44.500000 1.758943e-03
-44.250000 2.171727e-03
-44.000000 2.645501e-03
-43.750000 3.148213e-03
-43.500000 3.659201e-03
-43.250000 4.163674e-03
-43.000000 4.649970e-03
-42.750000 5.108281e-03
-42.500000 5.530086e-03
-42.250000 5.907913e-03
-42.000000 6.235281e-03
-41.750000 6.506716e-03
-41.500000 6.717828e-03
-41.250000 6.865414e-03
-41.000000 6.947593e-03
-40.750000 6.963957e-03
-40.500000 6.915761e-03
-40.250000 6.806162e-03
-40.000000 6.640501e-03
-39.750000 6.426683e-03
-39.500000 6.175641e-03
-39.250000 5.901878e-03
-39.000000 5.624003e-03
-38.750000 5.364983e-03
-38.500000 5.151564e-03
-38.250000 5.012040e-03
-38.000000 4.971800e-03
-37.750000 5.047445e-03
-37.500000 5.242232e-03
-37.250000 5.545656e-03
-37.000000 5.937250e-03
-36.750000 6.391877e-03
-36.500000 6.883953e-03
-36.250000 7.389753e-03
-36.000000 7.888269e-03
-35.750000 8.361279e-03
-35.500000 8.793124e-03
-35.250000 9.170431e-03
-35.000000 9.481881e-03
-34.750000 9.718035e-03
-34.500000 9.871225e-03
-34.250000 9.935480e-03
-34.000000 9.906491e-03
-33.750000 9.781594e-03
-33.500000 9.559767e-03
-33.250000 9.241647e-03
-33.000000 8.829555e-03
-32.750000 8.327570e-03
-32.500000 7.741655e-03
-32.250000 7.079917e-03
-32.000000 6.353141e-03
-31.750000 5.575881e-03
-31.500000 4.768836e-03
-31.250000 3.964203e-03
-31.000000 3.217919e-03
-30.750000 2.633871e-03
-30.500000 2.377679e-03
-30.250000 2.569400e-03
-30.000000 3.127807e-03
-29.750000 3.885842e-03
-29.500000 4.728668e-03
-29.250000 5.593668e-03
-29.000000 6.445114e-03
-28.750000 7.260190e-03
-28.500000 8.022819e-03
-28.250000 8.720952e-03
-28.000000 9.345340e-03
-27.750000 9.888959e-03
-27.500000 1.034675e-02
-27.250000 1.071549e-02
-27.000000 1.099377e-02
-26.750000 1.118197e-02
-26.500000 1.128228e-02
-26.250000 1.129876e-02
-26.000000 1.123732e-02
-25.750000 1.110580e-02
-25.500000 1.091397e-02
-25.250000 1.067359e-02
-25.000000 1.039836e-02
-24.750000 1.010386e-02
-24.500000 9.807278e-03
-24.250000 9.527038e-03
-24.000000 9.281965e-03
-23.750000 9.090141e-03
-23.500000 8.967388e-03
-23.250000 8.925596e-03
-23.000000 8.971334e-03
-22.750000 9.105151e-03
-22.500000 9.321866e-03
-22.250000 9.611713e-03
-22.000000 9.961983e-03
-21.750000 1.035867e-02
-21.500000 1.078781e-02
-21.250000 1.123639e-02
-21.000000 1.169282e-02
-20.750000 1.214708e-02
-20.500000 1.259073e-02
-20.250000 1.301668e-02
-20.000000 1.341895e-02
-19.750000 1.379244e-02
-19.500000 1.413264e-02
-19.250000 1.443535e-02
-19.000000 1.469650e-02
-18.750000 1.491195e-02
-18.500000 1.507735e-02
-18.250000 1.518804e-02
-18.000000 1.523905e-02
-17.750000 1.522510e-02
-17.500000 1.514066e-02
-17.250000 1.498006e-02
-17.000000 1.473770e-02
-16.750000 1.440813e-02
-16.500000 1.398633e-02
-16.250000 1.346789e-02
-16.000000 1.284922e-02
-15.750000 1.212776e-02
-15.500000 1.130219e-02
-15.250000 1.037259e-02
-15.000000 9.340607e-03
-14.750000 8.209590e-03
-14.500000 6.984709e-03
-14.250000 5.673093e-03
-14.000000 4.284098e-03
-13.750000 2.830353e-03
-13.500000 1.336223e-03
-13.250000 4.234500e-04
-13.000000 1.878744e-03
-12.750000 3.460826e-03
-12.500000 5.044090e-03
-12.250000 6.604121e-03
-12.000000 8.120885e-03
-11.750000 9.575371e-03
-11.500000 1.094948e-02
-11.250000 1.222649e-02
-11.000000 1.339175e-02
-10.750000 1.443354e-02
-10.500000 1.534421e-02
-10.250000 1.612151e-02
-10.000000 1.677024e-02
-9.750000 1.730423e-02
-9.500000 1.774863e-02
-9.250000 1.814218e-02
-9.000000 1.853904e-02
-8.750000 1.900916e-02
-8.500000 1.963572e-02
-8.250000 2.050864e-02
-8.000000 2.171420e-02
-7.750000 2.332340e-02
-7.500000 2.538326e-02
-7.250000 2.791391e-02
-7.000000 3.091163e-02
-6.750000 3.435489e-02
-6.500000 3.821066e-02
-6.250000 4.243931e-02
-6.000000 4.699766e-02
-5.750000 5.184080e-02
-5.500000 5.692292e-02
-5.250000 6.219768e-02
-5.000000 6.761843e-02
-4.750000 7.313826e-02
-4.500000 7.871016e-02
-4.250000 8.428719e-02
-4.000000 8.982264e-02
-3.750000 9.527033e-02
-3.500000 1.005849e-01
-3.250000 1.057220e-01
-3.000000 1.106391e-01
-2.750000 1.152950e-01
-2.500000 1.196511e-01
-2.250000 1.236713e-01
-2.000000 1.273222e-01
-1.750000 1.305738e-01
-1.500000 1.333997e-01
-1.250000 1.357772e-01
-1.000000 1.376876e-01
-0.750000 1.391168e-01
-0.500000 1.400548e-01
-0.250000 1.404964e-01
0.000000 1.404411e-01
0.250000 1.398930e-01
0.500000 1.388608e-01
0.750000 1.373583e-01
1.000000 1.354035e-01
1.250000 1.330190e-01
1.500000 1.302315e-01
1.750000 1.270720e-01
2.000000 1.235751e-01
2.250000 1.197789e-01
2.500000 1.157245e-01
2.750000 1.114559e-01
3.000000 1.070192e-01
3.250000 1.024625e-01
3.500000 9.783506e-02
3.750000 9.318658e-02
4.000000 8.856678e-02
4.250000 8.402437e-02
4.500000 7.960604e-02
4.750000 7.535537e-02
5.000000 7.131148e-02
5.250000 6.750754e-02
5.500000 6.396929e-02
5.750000 6.071351e-02
6.000000 5.774683e-02
6.250000 5.506496e-02
6.500000 5.265266e-02
6.750000 5.048449e-02
7.000000 4.852646e-02
7.250000 4.673833e-02
7.500000 4.507638e-02
7.750000 4.349621e-02
8.000000 4.195526e-02
8.250000 4.041500e-02
8.500000 3.884242e-02
8.750000 3.721103e-02
9.000000 3.550138e-02
9.250000 3.370115e-02
9.500000 3.180503e-02
9.750000 2.981443e-02
10.000000 2.773720e-02
10.250000 2.558732e-02
10.500000 2.338489e-02
10.750000 2.115635e-02
11.000000 1.893532e-02
11.250000 1.676432e-02
11.500000 1.469760e-02
11.750000 1.280550e-02
12.000000 1.117881e-02
12.250000 9.927170e-03
12.500000 9.157848e-03
12.750000 8.925641e-03
13.000000 9.185908e-03
13.250000 9.808217e-03
13.500000 1.063849e-02
13.750000 1.154610e-02
14.000000 1.243605e-02
14.250000 1.324358e-02
14.500000 1.392559e-02
14.750000 1.445410e-02
15.000000 1.481179e-02
15.250000 1.498927e-02
15.500000 1.498339e-02
15.750000 1.479608e-02
16.000000 1.443377e-02
16.250000 1.390691e-02
16.500000 1.322986e-02
16.750000 1.242094e-02
17.000000 1.150288e-02
17.250000 1.050376e-02
17.500000 9.458797e-03
17.750000 8.413442e-03
18.000000 7.428120e-03
18.250000 6.583508e-03
18.500000 5.979844e-03
18.750000 5.714839e-03
19.000000 5.834049e-03
19.250000 6.296575e-03
19.500000 7.002800e-03
19.750000 7.847479e-03
20.000000 8.747015e-03
20.250000 9.641664e-03
20.500000 1.048972e-02
20.750000 1.126187e-02
21.000000 1.193736e-02
21.250000 1.250165e-02
21.500000 1.294492e-02
21.750000 1.326127e-02
22.000000 1.344810e-02
22.250000 1.350578e-02
22.500000 1.343738e-02
22.750000 1.324847e-02
23.000000 1.294699e-02
23.250000 1.254314e-02
23.500000 1.204932e-02
23.750000 1.148010e-02
24.000000 1.085226e-02
24.250000 1.018487e-02
24.500000 9.499404e-03
24.750000 8.819850e-03
25.000000 8.172606e-03
25.250000 7.585871e-03
25.500000 7.087999e-03
25.750000 6.704264e-03
26.000000 6.452110e-03
26.250000 6.336302e-03
26.500000 6.346632e-03
26.750000 6.459971e-03
27.000000 6.645715e-03
27.250000 6.871758e-03
27.500000 7.108745e-03
27.750000 7.332133e-03
28.000000 7.522677e-03
28.250000 7.666110e-03
28.500000 7.752549e-03
28.750000 7.775886e-03
29.000000 7.733263e-03
29.250000 7.624661e-03
29.500000 7.452590e-03
29.750000 7.221870e-03
30.000000 6.939501e-03
30.250000 6.614605e-03
30.500000 6.258443e-03
30.750000 5.884492e-03
31.000000 5.508528e-03
31.250000 5.148591e-03
31.500000 4.824561e-03
31.750000 4.556945e-03
32.000000 4.364432e-03
32.250000 4.260313e-03
32.500000 4.248941e-03
32.750000 4.324227e-03
33.000000 4.471313e-03
33.250000 4.670457e-03
33.500000 4.901035e-03
33.750000 5.144235e-03
34.000000 5.384296e-03
34.250000 5.608757e-03
34.500000 5.808227e-03
34.750000 5.975998e-03
35.000000 6.107654e-03
35.250000 6.200716e-03
35.500000 6.254348e-03
35.750000 6.269106e-03
36.000000 6.246719e-03
36.250000 6.189894e-03
36.500000 6.102130e-03
36.750000 5.987542e-03
37.000000 5.850691e-03
37.250000 5.696412e-03
37.500000 5.529643e-03
37.750000 5.355267e-03
38.000000 5.177959e-03
38.250000 5.002047e-03
38.500000 4.831411e-03
38.750000 4.669414e-03
39.000000 4.518881e-03
39.250000 4.382132e-03
39.500000 4.261072e-03
39.750000 4.157308e-03
40.000000 4.072293e-03
40.250000 4.007450e-03
40.500000 3.964246e-03
40.750000 3.944187e-03
41.000000 3.948719e-03
41.250000 3.979039e-03
41.500000 4.035851e-03
41.750000 4.119106e-03
42.000000 4.227806e-03
42.250000 4.359886e-03
42.500000 4.512216e-03
42.750000 4.680697e-03
43.000000 4.860434e-03
43.250000 5.045940e-03
43.500000 5.231348e-03
43.750000 5.410612e-03
44.000000 5.577688e-03
44.250000 5.726681e-03
44.500000 5.851985e-03
44.750000 5.948387e-03
45.000000 6.011166e-03
45.250000 6.036174e-03
45.500000 6.019903e-03
45.750000 5.959548e-03
46.000000 5.853048e-03
46.250000 5.699130e-03
46.500000 5.497342e-03
46.750000 5.248075e-03
47.000000 4.952586e-03
47.250000 4.613038e-03
47.500000 4.232543e-03
47.750000 3.815270e-03
48.000000 3.366670e-03
48.250000 2.893982e-03
48.500000 2.407427e-03
48.750000 1.923305e-03
49.000000 1.472570e-03
49.250000 1.123776e-03
49.500000 1.007061e-03
49.750000 1.193784e-03
50.000000 1.571311e-03
