-50.000000 1.032999e-02
-49.750000 8.647691e-03
-49.500000 7.949618e-03
-49.250000 8.911774e-03
-49.000000 1.080446e-02
-48.750000 1.254130e-02
-48.500000 1.345135e-02
-48.250000 1.325244e-02
-48.000000 1.199173e-02
-47.750000 1.008143e-02
-47.500000 8.434713e-03
-47.250000 8.311665e-03
-47.000000 9.910523e-03
-46.750000 1.206259e-02
-46.500000 1.372242e-02
-46.250000 1.434022e-02
-46.000000 1.374486e-02
-45.750000 1.210724e-02
-45.500000 1.001093e-02
-45.250000 8.594814e-03
-45.000000 9.049642e-03
-44.750000 1.102137e-02
-44.500000 1.317976e-02
-44.250000 1.459348e-02
-44.000000 1.482664e-02
-43.750000 1.382341e-02
-43.500000 1.190458e-02
-43.250000 9.877447e-03
-43.000000 9.071918e-03
-42.750000 1.025947e-02
-42.500000 1.250269e-02
-42.250000 1.451431e-02
-42.000000 1.552965e-02
-41.750000 1.523937e-02
-41.500000 1.371395e-02
-41.250000 1.144535e-02
-41.000000 9.511851e-03
-40.750000 9.394031e-03
-40.500000 1.127259e-02
-40.250000 1.374475e-02
-40.000000 1.561217e-02
-39.750000 1.626470e-02
-39.500000 1.553059e-02
-39.250000 1.363640e-02
-39.000000 1.129445e-02
-38.750000 9.847330e-03
-38.500000 1.056036e-02
-38.250000 1.288074e-02
-38.000000 1.531437e-02
-37.750000 1.685919e-02
-37.500000 1.706560e-02
-37.250000 1.592095e-02
-37.000000 1.385805e-02
-36.750000 1.186144e-02
-36.500000 1.133983e-02
-36.250000 1.284745e-02
-36.000000 1.530296e-02
-35.750000 1.738866e-02
-35.500000 1.830892e-02
-35.250000 1.775746e-02
-35.000000 1.586921e-02
-34.750000 1.328902e-02
-34.500000 1.134291e-02
-34.250000 1.160044e-02
-34.000000 1.394959e-02
-33.750000 1.679152e-02
-33.500000 1.886295e-02
-33.250000 1.953360e-02
-33.000000 1.866424e-02
-32.750000 1.657570e-02
-32.500000 1.412533e-02
-32.250000 1.272816e-02
-32.000000 1.349117e-02
-31.750000 1.579832e-02
-31.500000 1.816726e-02
-31.250000 1.954315e-02
-31.000000 1.946114e-02
-30.750000 1.797672e-02
-30.500000 1.569440e-02
-30.250000 1.385109e-02
-30.000000 1.389682e-02
-29.750000 1.597053e-02
-29.500000 1.872351e-02
-29.250000 2.082658e-02
-29.000000 2.152881e-02
-28.750000 2.062707e-02
-28.500000 1.846054e-02
-28.250000 1.600605e-02
-28.000000 1.484589e-02
-27.750000 1.607317e-02
-27.500000 1.889128e-02
-27.250000 2.167775e-02
-27.000000 2.326472e-02
-26.750000 2.310095e-02
-26.500000 2.120328e-02
-26.250000 1.821693e-02
-26.000000 1.559991e-02
-25.750000 1.533388e-02
-25.500000 1.786482e-02
-25.250000 2.145136e-02
-25.000000 2.432454e-02
-24.750000 2.547810e-02
-24.500000 2.456706e-02
-24.250000 2.187301e-02
-24.000000 1.844665e-02
-23.750000 1.631764e-02
-23.500000 1.746123e-02
-23.250000 2.120320e-02
-23.000000 2.528556e-02
-22.750000 2.806569e-02
-22.500000 2.873194e-02
-22.250000 2.715381e-02
-22.000000 2.389297e-02
-21.750000 2.036903e-02
-21.500000 1.883505e-02
-21.250000 2.069308e-02
-21.000000 2.458072e-02
-20.750000 2.822996e-02
-20.500000 3.014881e-02
-20.250000 2.970885e-02
-20.000000 2.707124e-02
-19.750000 2.330960e-02
-19.500000 2.064209e-02
-19.250000 2.153427e-02
-19.000000 2.576048e-02
-18.750000 3.080193e-02
-18.500000 3.453022e-02
-18.250000 3.577966e-02
-18.000000 3.421417e-02
-17.750000 3.033131e-02
-17.500000 2.567058e-02
-17.250000 2.299834e-02
-17.000000 2.468454e-02
-16.750000 2.955896e-02
-16.500000 3.462175e-02
-16.250000 3.773595e-02
-16.000000 3.789601e-02
-15.750000 3.509090e-02
-15.500000 3.041942e-02
-15.250000 2.643898e-02
-15.000000 2.657798e-02
-14.750000 3.145459e-02
-14.500000 3.802685e-02
-14.250000 4.327559e-02
-14.000000 4.543850e-02
-13.750000 4.387739e-02
-13.500000 3.909940e-02
-13.250000 3.313467e-02
-13.000000 3.001251e-02
-12.750000 3.337807e-02
-12.500000 4.148817e-02
-12.250000 5.000993e-02
-12.000000 5.587031e-02
-11.750000 5.745140e-02
-11.500000 5.436442e-02
-11.250000 4.756551e-02
-11.000000 3.987330e-02
-10.750000 3.640103e-02
-10.500000 4.094313e-02
-10.250000 5.049453e-02
-10.000000 5.975054e-02
-9.750000 6.520035e-02
-9.500000 6.510240e-02
-9.250000 5.924400e-02
-9.000000 4.924251e-02
-8.750000 3.976560e-02
-8.500000 3.920543e-02
-8.250000 5.023061e-02
-8.000000 6.554397e-02
-7.750000 7.885687e-02
-7.500000 8.688316e-02
-7.250000 8.837973e-02
-7.000000 8.403430e-02
-6.750000 7.683332e-02
-6.500000 7.218061e-02
-6.250000 7.536265e-02
-6.000000 8.619127e-02
-5.750000 9.929681e-02
-5.500000 1.091137e-01
-5.250000 1.121934e-01
-5.000000 1.078080e-01
-4.750000 9.881748e-02
-4.500000 9.287210e-02
-4.250000 9.981032e-02
-4.000000 1.212731e-01
-3.750000 1.489970e-01
-3.500000 1.735551e-01
-3.250000 1.881151e-01
-3.000000 1.893925e-01
-2.750000 1.799119e-01
-2.500000 1.732018e-01
-2.250000 1.954228e-01
-2.000000 2.624520e-01
-1.750000 3.648801e-01
-1.500000 4.868955e-01
-1.250000 6.150983e-01
-1.000000 7.380104e-01
-0.750000 8.455149e-01
-0.500000 9.290227e-01
-0.250000 9.819218e-01
0.000000 1.000032e+00
0.250000 9.819218e-01
0.500000 9.290227e-01
0.750000 8.455149e-01
1.000000 7.380104e-01
1.250000 6.150983e-01
1.500000 4.868955e-01
1.750000 3.648801e-01
2.000000 2.624520e-01
2.250000 1.954228e-01
2.500000 1.732018e-01
2.750000 1.799119e-01
3.000000 1.893925e-01
3.250000 1.881151e-01
3.500000 1.735551e-01
3.750000 1.489970e-01
4.000000 1.212731e-01
4.250000 9.981032e-02
4.500000 9.287210e-02
4.750000 9.881748e-02
5.000000 1.078080e-01
5.250000 1.121934e-01
5.500000 1.091137e-01
5.750000 9.929681e-02
6.000000 8.619127e-02
6.250000 7.536265e-02
6.500000 7.218061e-02
6.750000 7.683332e-02
7.000000 8.403430e-02
7.250000 8.837973e-02
7.500000 8.688316e-02
7.750000 7.885687e-02
8.000000 6.554397e-02
8.250000 5.023061e-02
8.500000 3.920543e-02
8.750000 3.976560e-02
9.000000 4.924251e-02
9.250000 5.924400e-02
9.500000 6.510240e-02
9.750000 6.520035e-02
10.000000 5.975054e-02
10.250000 5.049453e-02
10.500000 4.094313e-02
10.750000 3.640103e-02
11.000000 3.987330e-02
11.250000 4.756551e-02
11.500000 5.436442e-02
11.750000 5.745140e-02
12.000000 5.587031e-02
12.250000 5.000993e-02
12.500000 4.148817e-02
12.750000 3.337807e-02
13.000000 3.001251e-02
13.250000 3.313467e-02
13.500000 3.909940e-02
13.750000 4.387739e-02
14.000000 4.543850e-02
14.250000 4.327559e-02
14.500000 3.802685e-02
14.750000 3.145459e-02
15.000000 2.657798e-02
15.250000 2.643898e-02
15.500000 3.041942e-02
15.750000 3.509090e-02
16.000000 3.789601e-02
16.250000 3.773595e-02
16.500000 3.462175e-02
16.750000 2.955896e-02
17.000000 2.468454e-02
17.250000 2.299834e-02
17.500000 2.567058e-02
17.750000 3.033131e-02
18.000000 3.421417e-02
18.250000 3.577966e-02
18.500000 3.453022e-02
18.750000 3.080193e-02
19.000000 2.576048e-02
19.250000 2.153427e-02
19.500000 2.064209e-02
19.750000 2.330960e-02
20.000000 2.707124e-02
20.250000 2.970885e-02
20.500000 3.014881e-02
20.750000 2.822996e-02
21.000000 2.458072e-02
21.250000 2.069308e-02
21.500000 1.883505e-02
21.750000 2.036903e-02
22.000000 2.389297e-02
22.250000 2.715381e-02
22.500000 2.873194e-02
22.750000 2.806569e-02
23.000000 2.528556e-02
23.250000 2.120320e-02
23.500000 1.746123e-02
23.750000 1.631764e-02
24.000000 1.844665e-02
24.250000 2.187301e-02
24.500000 2.456706e-02
24.750000 2.547810e-02
25.000000 2.432454e-02
25.250000 2.145136e-02
25.500000 1.786482e-02
25.750000 1.533388e-02
26.000000 1.559991e-02
26.250000 1.821693e-02
26.500000 2.120328e-02
26.750000 2.310095e-02
27.000000 2.326472e-02
27.250000 2.167775e-02
27.500000 1.889128e-02
27.750000 1.607317e-02
28.000000 1.484589e-02
28.250000 1.600605e-02
28.500000 1.846054e-02
28.750000 2.062707e-02
29.000000 2.152881e-02
29.250000 2.082658e-02
29.500000 1.872351e-02
29.750000 1.597053e-02
30.000000 1.389682e-02
30.250000 1.385109e-02
30.500000 1.569440e-02
30.750000 1.797672e-02
31.000000 1.946114e-02
31.250000 1.954315e-02
31.500000 1.816726e-02
31.750000 1.579832e-02
32.000000 1.349117e-02
32.250000 1.272816e-02
32.500000 1.412533e-02
32.750000 1.657570e-02
33.000000 1.866424e-02
33.250000 1.953360e-02
33.500000 1.886295e-02
33.750000 1.679152e-02
34.000000 1.394959e-02
34.250000 1.160044e-02
34.500000 1.134291e-02
34.750000 1.328902e-02
35.000000 1.586921e-02
35.250000 1.775746e-02
35.500000 1.830892e-02
35.750000 1.738866e-02
36.000000 1.530296e-02
36.250000 1.284745e-02
36.500000 1.133983e-02
36.750000 1.186144e-02
37.000000 1.385805e-02
37.250000 1.592095e-02
37.500000 1.706560e-02
37.750000 1.685919e-02
38.000000 1.531437e-02
38.250000 1.288074e-02
38.500000 1.056036e-02
38.750000 9.847330e-03
39.000000 1.129445e-02
39.250000 1.363640e-02
39.500000 1.553059e-02
39.750000 1.626470e-02
40.000000 1.561217e-02
40.250000 1.374475e-02
40.500000 1.127259e-02
40.750000 9.394031e-03
41.000000 9.511851e-03
41.250000 1.144535e-02
41.500000 1.371395e-02
41.750000 1.523937e-02
42.000000 1.552965e-02
42.250000 1.451431e-02
42.500000 1.250269e-02
42.750000 1.025947e-02
43.000000 9.071918e-03
43.250000 9.877447e-03
43.500000 1.190458e-02
43.750000 1.382341e-02
44.000000 1.482664e-02
44.250000 1.459348e-02
44.500000 1.317976e-02
44.750000 1.102137e-02
45.000000 9.049642e-03
45.250000 8.594814e-03
45.500000 1.001093e-02
45.750000 1.210724e-02
46.000000 1.374486e-02
46.250000 1.434022e-02
46.500000 1.372242e-02
46.750000 1.206259e-02
47.000000 9.910523e-03
47.250000 8.311665e-03
47.500000 8.434713e-03
47.750000 1.008143e-02
48.000000 1.199173e-02
48.250000 1.325244e-02
48.500000 1.345135e-02
48.750000 1.254130e-02
49.000000 1.080446e-02
49.250000 8.911774e-03
49.500000 7.949618e-03
49.750000 8.647691e-03
50.000000 1.032999e-02
