-50.000000 1.367017e-02
-49.750000 1.503188e-02
-49.500000 1.792669e-02
-49.250000 2.176234e-02
-49.000000 2.612071e-02
-48.750000 3.076041e-02
-48.500000 3.554176e-02
-48.250000 4.037768e-02
-48.000000 4.520856e-02
-47.750000 4.998986e-02
-47.500000 5.468580e-02
-47.250000 5.926598e-02
-47.000000 6.370357e-02
-46.750000 6.797426e-02
-46.500000 7.205562e-02
-46.250000 7.592679e-02
-46.000000 7.956825e-02
-45.750000 8.296172e-02
-45.500000 8.609007e-02
-45.250000 8.893735e-02
-45.000000 9.148875e-02
-44.750000 9.373065e-02
-44.500000 9.565062e-02
-44.250000 9.723747e-02
-44.000000 9.848130e-02
-43.750000 9.937349e-02
-43.500000 9.990680e-02
-43.250000 1.000754e-01
-43.000000 9.987476e-02
-42.750000 9.930198e-02
-42.500000 9.835557e-02
-42.250000 9.703556e-02
-42.000000 9.534359e-02
-41.750000 9.328289e-02
-41.500000 9.085833e-02
-41.250000 8.807652e-02
-41.000000 8.494581e-02
-40.750000 8.147644e-02
-40.500000 7.768069e-02
-40.250000 7.357301e-02
-40.000000 6.917041e-02
-39.750000 6.449291e-02
-39.500000 5.956434e-02
-39.250000 5.441370e-02
-39.000000 4.907744e-02
-38.750000 4.360372e-02
-38.500000 3.806042e-02
-38.250000 3.255126e-02
-38.000000 2.724942e-02
-37.750000 2.246768e-02
-37.500000 1.877999e-02
-37.250000 1.706864e-02
-37.000000 1.801666e-02
-36.750000 2.132966e-02
-36.500000 2.614279e-02
-36.250000 3.177461e-02
-36.000000 3.783558e-02
-35.750000 4.410982e-02
-35.500000 5.046847e-02
-35.250000 5.682646e-02
-35.000000 6.312178e-02
-34.750000 6.930538e-02
-34.500000 7.533597e-02
-34.250000 8.117717e-02
-34.000000 8.679603e-02
-33.750000 9.216209e-02
-33.500000 9.724690e-02
-33.250000 1.020237e-01
-33.000000 1.064673e-01
-32.750000 1.105539e-01
-32.500000 1.142613e-01
-32.250000 1.175686e-01
-32.000000 1.204565e-01
-31.750000 1.229071e-01
-31.500000 1.249043e-01
-31.250000 1.264335e-01
-31.000000 1.274818e-01
-30.750000 1.280383e-01
-30.500000 1.280938e-01
-30.250000 1.276411e-01
-30.000000 1.266750e-01
-29.750000 1.251925e-01
-29.500000 1.231930e-01
-29.250000 1.206779e-01
-29.000000 1.176515e-01
-28.750000 1.141205e-01
-28.500000 1.100948e-01
-28.250000 1.055876e-01
-28.000000 1.006157e-01
-27.750000 9.520083e-02
-27.500000 8.937007e-02
-27.250000 8.315814e-02
-27.000000 7.661000e-02
-26.750000 6.978563e-02
-26.500000 6.276833e-02
-26.250000 5.567935e-02
-26.000000 4.870467e-02
-25.750000 4.214312e-02
-25.500000 3.648343e-02
-25.250000 3.247785e-02
-25.000000 3.103564e-02
-24.750000 3.271058e-02
-24.500000 3.723514e-02
-24.250000 4.383254e-02
-24.000000 5.177108e-02
-23.750000 6.054719e-02
-23.500000 6.984140e-02
-23.250000 7.944688e-02
-23.000000 8.922128e-02
-22.750000 9.905921e-02
-22.500000 1.088771e-01
-22.250000 1.186046e-01
-22.000000 1.281798e-01
-21.750000 1.375463e-01
-21.500000 1.466517e-01
-21.250000 1.554461e-01
-21.000000 1.638821e-01
-20.750000 1.719139e-01
-20.500000 1.794971e-01
-20.250000 1.865890e-01
-20.000000 1.931483e-01
-19.750000 1.991349e-01
-19.500000 2.045104e-01
-19.250000 2.092379e-01
-19.000000 2.132819e-01
-18.750000 2.166088e-01
-18.500000 2.191867e-01
-18.250000 2.209857e-01
-18.000000 2.219780e-01
-17.750000 2.221377e-01
-17.500000 2.214414e-01
-17.250000 2.198682e-01
-17.000000 2.173995e-01
-16.750000 2.140198e-01
-16.500000 2.097163e-01
-16.250000 2.044797e-01
-16.000000 1.983041e-01
-15.750000 1.911877e-01
-15.500000 1.831331e-01
-15.250000 1.741488e-01
-15.000000 1.642497e-01
-14.750000 1.534599e-01
-14.500000 1.418160e-01
-14.250000 1.293730e-01
-14.000000 1.162153e-01
-13.750000 1.024783e-01
-13.500000 8.839149e-02
-13.250000 7.437395e-02
-13.000000 6.124920e-02
-12.750000 5.068699e-02
-12.500000 4.562537e-02
-12.250000 4.884667e-02
-12.000000 5.981744e-02
-11.750000 7.584200e-02
-11.500000 9.486058e-02
-11.250000 1.157777e-01
-11.000000 1.380272e-01
-10.750000 1.612922e-01
-10.500000 1.853751e-01
-10.250000 2.101383e-01
-10.000000 2.354766e-01
-9.750000 2.613022e-01
-9.500000 2.875381e-01
-9.250000 3.141130e-01
-9.000000 3.409595e-01
-8.750000 3.680123e-01
-8.500000 3.952075e-01
-8.250000 4.224821e-01
-8.000000 4.497734e-01
-7.750000 4.770193e-01
-7.500000 5.041581e-01
-7.250000 5.311282e-01
-7.000000 5.578685e-01
-6.750000 5.843184e-01
-6.500000 6.104177e-01
-6.250000 6.361069e-01
-6.000000 6.613275e-01
-5.750000 6.860216e-01
-5.500000 7.101325e-01
-5.250000 7.336047e-01
-5.000000 7.563839e-01
-4.750000 7.784174e-01
-4.500000 7.996540e-01
-4.250000 8.200442e-01
-4.000000 8.395405e-01
-3.750000 8.580972e-01
-3.500000 8.756708e-01
-3.250000 8.922200e-01
-3.000000 9.077058e-01
-2.750000 9.220917e-01
-2.500000 9.353437e-01
-2.250000 9.474305e-01
-2.000000 9.583234e-01
-1.750000 9.679966e-01
-1.500000 9.764270e-01
-1.250000 9.835947e-01
-1.000000 9.894827e-01
-0.750000 9.940768e-01
-0.500000 9.973661e-01
-0.250000 9.993429e-01
0.000000 1.000002e+00
0.250000 9.993429e-01
0.500000 9.973661e-01
0.750000 9.940768e-01
1.000000 9.894827e-01
1.250000 9.835947e-01
1.500000 9.764270e-01
1.750000 9.679966e-01
2.000000 9.583234e-01
2.250000 9.474305e-01
2.500000 9.353437e-01
2.750000 9.220917e-01
3.000000 9.077058e-01
3.250000 8.922200e-01
3.500000 8.756708e-01
3.750000 8.580972e-01
4.000000 8.395405e-01
4.250000 8.200442e-01
4.500000 7.996540e-01
4.750000 7.784174e-01
5.000000 7.563839e-01
5.250000 7.336047e-01
5.500000 7.101325e-01
5.750000 6.860216e-01
6.000000 6.613275e-01
6.250000 6.361069e-01
6.500000 6.104177e-01
6.750000 5.843184e-01
7.000000 5.578685e-01
7.250000 5.311282e-01
7.500000 5.041581e-01
7.750000 4.770193e-01
8.000000 4.497734e-01
8.250000 4.224821e-01
8.500000 3.952075e-01
8.750000 3.680123e-01
9.000000 3.409595e-01
9.250000 3.141130e-01
9.500000 2.875381e-01
9.750000 2.613022e-01
10.000000 2.354766e-01
10.250000 2.101383e-01
10.500000 1.853751e-01
10.750000 1.612922e-01
11.000000 1.380272e-01
11.250000 1.157777e-01
11.500000 9.486058e-02
11.750000 7.584200e-02
12.000000 5.981744e-02
12.250000 4.884667e-02
12.500000 4.562537e-02
12.750000 5.068699e-02
13.000000 6.124920e-02
13.250000 7.437395e-02
13.500000 8.839149e-02
13.750000 1.024783e-01
14.000000 1.162153e-01
14.250000 1.293730e-01
14.500000 1.418160e-01
14.750000 1.534599e-01
15.000000 1.642497e-01
15.250000 1.741488e-01
15.500000 1.831331e-01
15.750000 1.911877e-01
16.000000 1.983041e-01
16.250000 2.044797e-01
16.500000 2.097163e-01
16.750000 2.140198e-01
17.000000 2.173995e-01
17.250000 2.198682e-01
17.500000 2.214414e-01
17.750000 2.221377e-01
18.000000 2.219780e-01
18.250000 2.209857e-01
18.500000 2.191867e-01
18.750000 2.166088e-01
19.000000 2.132819e-01
19.250000 2.092379e-01
19.500000 2.045104e-01
19.750000 1.991349e-01
20.000000 1.931483e-01
20.250000 1.865890e-01
20.500000 1.794971e-01
20.750000 1.719139e-01
21.000000 1.638821e-01
21.250000 1.554461e-01
21.500000 1.466517e-01
21.750000 1.375463e-01
22.000000 1.281798e-01
22.250000 1.186046e-01
22.500000 1.088771e-01
22.750000 9.905921e-02
23.000000 8.922128e-02
23.250000 7.944688e-02
23.500000 6.984140e-02
23.750000 6.054719e-02
24.000000 5.177108e-02
24.250000 4.383254e-02
24.500000 3.723514e-02
24.750000 3.271058e-02
25.000000 3.103564e-02
25.250000 3.247785e-02
25.500000 3.648343e-02
25.750000 4.214312e-02
26.000000 4.870467e-02
26.250000 5.567935e-02
26.500000 6.276833e-02
26.750000 6.978563e-02
27.000000 7.661000e-02
27.250000 8.315814e-02
27.500000 8.937007e-02
27.750000 9.520083e-02
28.000000 1.006157e-01
28.250000 1.055876e-01
28.500000 1.100948e-01
28.750000 1.141205e-01
29.000000 1.176515e-01
29.250000 1.206779e-01
29.500000 1.231930e-01
29.750000 1.251925e-01
30.000000 1.266750e-01
30.250000 1.276411e-01
30.500000 1.280938e-01
30.750000 1.280383e-01
31.000000 1.274818e-01
31.250000 1.264335e-01
31.500000 1.249043e-01
31.750000 1.229071e-01
32.000000 1.204565e-01
32.250000 1.175686e-01
32.500000 1.142613e-01
32.750000 1.105539e-01
33.000000 1.064673e-01
33.250000 1.020237e-01
33.500000 9.724690e-02
33.750000 9.216209e-02
34.000000 8.679603e-02
34.250000 8.117717e-02
34.500000 7.533597e-02
34.750000 6.930538e-02
35.000000 6.312178e-02
35.250000 5.682646e-02
35.500000 5.046847e-02
35.750000 4.410982e-02
36.000000 3.783558e-02
36.250000 3.177461e-02
36.500000 2.614279e-02
36.750000 2.132966e-02
37.000000 1.801666e-02
37.250000 1.706864e-02
37.500000 1.877999e-02
37.750000 2.246768e-02
38.000000 2.724942e-02
38.250000 3.255126e-02
38.500000 3.806042e-02
38.750000 4.360372e-02
39.000000 4.907744e-02
39.250000 5.441370e-02
39.500000 5.956434e-02
39.750000 6.449291e-02
40.000000 6.917041e-02
40.250000 7.357301e-02
40.500000 7.768069e-02
40.750000 8.147644e-02
41.000000 8.494581e-02
41.250000 8.807652e-02
41.500000 9.085833e-02
41.750000 9.328289e-02
42.000000 9.534359e-02
42.250000 9.703556e-02
42.500000 9.835557e-02
42.750000 9.930198e-02
43.000000 9.987476e-02
43.250000 1.000754e-01
43.500000 9.990680e-02
43.750000 9.937349e-02
44.000000 9.848130e-02
44.250000 9.723747e-02
44.500000 9.565062e-02
44.750000 9.373065e-02
45.000000 9.148875e-02
45.250000 8.893735e-02
45.500000 8.609007e-02
45.750000 8.296172e-02
46.000000 7.956825e-02
46.250000 7.592679e-02
46.500000 7.205562e-02
46.750000 6.797426e-02
47.000000 6.370357e-02
47.250000 5.926598e-02
47.500000 5.468580e-02
47.750000 4.998986e-02
48.000000 4.520856e-02
48.250000 4.037768e-02
48.500000 3.554176e-02
48.750000 3.076041e-02
49.000000 2.612071e-02
49.250000 2.176234e-02
49.500000 1.792669e-02
49.750000 1.503188e-02
50.000000 1.367017e-02
