-50.000000 6.935729e-03
-49.750000 5.539801e-03
-49.500000 5.493673e-03
-49.250000 6.938900e-03
-49.000000 8.155677e-03
-48.750000 8.141187e-03
-48.500000 6.912888e-03
-48.250000 5.565915e-03
-48.000000 5.893104e-03
-47.750000 7.527801e-03
-47.500000 8.657527e-03
-47.250000 8.412311e-03
-47.000000 6.950501e-03
-46.750000 5.570924e-03
-46.500000 6.121742e-03
-46.250000 7.851395e-03
-46.000000 8.877199e-03
-45.750000 8.431935e-03
-45.500000 6.815295e-03
-45.250000 5.540392e-03
-45.000000 6.381800e-03
-44.750000 8.160485e-03
-44.500000 9.035532e-03
-44.250000 8.393629e-03
-44.000000 6.735886e-03
-43.750000 5.821599e-03
-43.500000 7.050643e-03
-43.250000 8.822999e-03
-43.000000 9.480575e-03
-42.750000 8.595484e-03
-42.500000 6.890380e-03
-42.250000 6.310066e-03
-42.000000 7.796249e-03
-41.750000 9.478187e-03
-41.500000 9.844156e-03
-41.250000 8.602951e-03
-41.000000 6.663624e-03
-40.750000 6.244413e-03
-40.500000 8.006176e-03
-40.250000 9.716625e-03
-40.000000 9.956450e-03
-39.750000 8.625473e-03
-39.500000 6.922464e-03
-39.250000 7.088628e-03
-39.000000 9.075127e-03
-38.750000 1.066254e-02
-38.500000 1.065036e-02
-38.250000 9.098098e-03
-38.000000 7.365200e-03
-37.750000 7.627908e-03
-37.500000 9.547117e-03
-37.250000 1.092967e-02
-37.000000 1.070545e-02
-36.750000 9.136023e-03
-36.500000 7.823966e-03
-36.250000 8.596025e-03
-36.000000 1.048771e-02
-35.750000 1.147539e-02
-35.500000 1.071184e-02
-35.250000 8.678144e-03
-35.000000 7.379676e-03
-34.750000 8.695570e-03
-34.500000 1.091497e-02
-34.250000 1.189684e-02
-34.000000 1.096580e-02
-33.750000 8.809511e-03
-33.500000 7.640310e-03
-33.250000 9.142855e-03
-33.000000 1.134264e-02
-32.750000 1.219712e-02
-32.500000 1.120106e-02
-32.250000 9.246912e-03
-32.000000 8.503428e-03
-31.750000 9.998211e-03
-31.500000 1.177369e-02
-31.250000 1.211950e-02
-31.000000 1.080815e-02
-30.750000 9.118754e-03
-30.500000 9.280172e-03
-30.250000 1.128129e-02
-30.000000 1.288919e-02
-29.750000 1.275652e-02
-29.500000 1.100663e-02
-29.250000 9.321971e-03
-29.000000 9.961493e-03
-28.750000 1.218399e-02
-28.500000 1.359364e-02
-28.250000 1.308089e-02
-28.000000 1.113044e-02
-27.750000 9.865979e-03
-27.500000 1.120596e-02
-27.250000 1.356245e-02
-27.000000 1.458604e-02
-26.750000 1.344631e-02
-26.500000 1.102504e-02
-26.250000 1.005088e-02
-26.000000 1.217876e-02
-25.750000 1.489712e-02
-25.500000 1.581492e-02
-25.250000 1.435736e-02
-25.000000 1.179173e-02
-24.750000 1.117065e-02
-24.500000 1.363522e-02
-24.250000 1.626807e-02
-24.000000 1.675736e-02
-23.750000 1.473394e-02
-23.500000 1.189765e-02
-23.250000 1.183284e-02
-23.000000 1.502532e-02
-22.750000 1.793201e-02
-22.500000 1.834278e-02
-22.250000 1.613067e-02
-22.000000 1.327253e-02
-21.750000 1.327813e-02
-21.500000 1.627660e-02
-21.250000 1.878442e-02
-21.000000 1.873538e-02
-20.750000 1.631710e-02
-20.500000 1.401785e-02
-20.250000 1.506206e-02
-20.000000 1.830776e-02
-19.750000 2.026046e-02
-19.500000 1.924555e-02
-19.250000 1.595961e-02
-19.000000 1.384604e-02
-18.750000 1.628314e-02
-18.500000 2.048555e-02
-18.250000 2.257285e-02
-18.000000 2.115185e-02
-17.750000 1.731482e-02
-17.500000 1.498268e-02
-17.250000 1.755270e-02
-17.000000 2.174223e-02
-16.750000 2.353993e-02
-16.500000 2.180516e-02
-16.250000 1.826119e-02
-16.000000 1.730780e-02
-15.750000 2.083131e-02
-15.500000 2.472440e-02
-15.250000 2.543193e-02
-15.000000 2.230479e-02
-14.750000 1.796605e-02
-14.500000 1.804910e-02
-14.250000 2.309564e-02
-14.000000 2.742675e-02
-13.750000 2.764086e-02
-13.500000 2.380597e-02
-13.250000 1.996340e-02
-13.000000 2.229955e-02
-12.750000 2.887376e-02
-12.500000 3.331639e-02
-12.250000 3.245903e-02
-12.000000 2.678356e-02
-11.750000 2.145361e-02
-11.500000 2.442487e-02
-11.250000 3.253726e-02
-11.000000 3.790952e-02
-10.750000 3.728255e-02
-10.500000 3.184622e-02
-10.250000 2.783315e-02
-10.000000 3.203604e-02
-9.750000 4.010044e-02
-9.500000 4.427890e-02
-9.250000 4.121103e-02
-9.000000 3.265109e-02
-8.750000 2.777755e-02
-8.500000 3.601536e-02
-8.250000 4.860636e-02
-8.000000 5.588728e-02
-7.750000 5.448343e-02
-7.500000 4.626717e-02
-7.250000 3.902676e-02
-7.000000 4.197440e-02
-6.750000 5.109771e-02
-6.500000 5.665305e-02
-6.250000 5.516275e-02
-6.000000 5.064759e-02
-5.750000 5.236114e-02
-5.500000 6.258461e-02
-5.250000 7.246918e-02
-5.000000 7.424944e-02
-4.750000 6.739091e-02
-4.500000 6.150692e-02
-4.250000 7.071564e-02
-4.000000 9.075920e-02
-3.750000 1.061793e-01
-3.500000 1.081389e-01
-3.250000 9.945495e-02
-3.000000 9.842431e-02
-2.750000 1.219661e-01
-2.500000 1.557182e-01
-2.250000 1.750437e-01
-2.000000 1.660901e-01
-1.750000 1.433874e-01
-1.500000 1.832000e-01
-1.250000 3.195425e-01
-1.000000 5.022761e-01
-0.750000 6.907388e-01
-0.500000 8.526843e-01
-0.250000 9.617335e-01
0.000000 1.000171e+00
0.250000 9.617335e-01
0.500000 8.526843e-01
0.750000 6.907388e-01
1.000000 5.022761e-01
1.250000 3.195425e-01
1.500000 1.832000e-01
1.750000 1.433874e-01
2.000000 1.660901e-01
2.250000 1.750437e-01
2.500000 1.557182e-01
2.750000 1.219661e-01
3.000000 9.842431e-02
3.250000 9.945495e-02
3.500000 1.081389e-01
3.750000 1.061793e-01
4.000000 9.075920e-02
4.250000 7.071564e-02
4.500000 6.150692e-02
4.750000 6.739091e-02
5.000000 7.424944e-02
5.250000 7.246918e-02
5.500000 6.258461e-02
5.750000 5.236114e-02
6.000000 5.064759e-02
6.250000 5.516275e-02
6.500000 5.665305e-02
6.750000 5.109771e-02
7.000000 4.197440e-02
7.250000 3.902676e-02
7.500000 4.626717e-02
7.750000 5.448343e-02
8.000000 5.588728e-02
8.250000 4.860636e-02
8.500000 3.601536e-02
8.750000 2.777755e-02
9.000000 3.265109e-02
9.250000 4.121103e-02
9.500000 4.427890e-02
9.750000 4.010044e-02
10.000000 3.203604e-02
10.250000 2.783315e-02
10.500000 3.184622e-02
10.750000 3.728255e-02
11.000000 3.790952e-02
11.250000 3.253726e-02
11.500000 2.442487e-02
11.750000 2.145361e-02
12.000000 2.678356e-02
12.250000 3.245903e-02
12.500000 3.331639e-02
12.750000 2.887376e-02
13.000000 2.229955e-02
13.250000 1.996340e-02
13.500000 2.380597e-02
13.750000 2.764086e-02
14.000000 2.742675e-02
14.250000 2.309564e-02
14.500000 1.804910e-02
14.750000 1.796605e-02
15.000000 2.230479e-02
15.250000 2.543193e-02
15.500000 2.472440e-02
15.750000 2.083131e-02
16.000000 1.730780e-02
16.250000 1.826119e-02
16.500000 2.180516e-02
16.750000 2.353993e-02
17.000000 2.174223e-02
17.250000 1.755270e-02
17.500000 1.498268e-02
17.750000 1.731482e-02
18.000000 2.115185e-02
18.250000 2.257285e-02
18.500000 2.048555e-02
18.750000 1.628314e-02
19.000000 1.384604e-02
19.250000 1.595961e-02
19.500000 1.924555e-02
19.750000 2.026046e-02
20.000000 1.830776e-02
20.250000 1.506206e-02
20.500000 1.401785e-02
20.750000 1.631710e-02
21.000000 1.873538e-02
21.250000 1.878442e-02
21.500000 1.627660e-02
21.750000 1.327813e-02
22.000000 1.327253e-02
22.250000 1.613067e-02
22.500000 1.834278e-02
22.750000 1.793201e-02
23.000000 1.502532e-02
23.250000 1.183284e-02
23.500000 1.189765e-02
23.750000 1.473394e-02
24.000000 1.675736e-02
24.250000 1.626807e-02
24.500000 1.363522e-02
24.750000 1.117065e-02
25.000000 1.179173e-02
25.250000 1.435736e-02
25.500000 1.581492e-02
25.750000 1.489712e-02
26.000000 1.217876e-02
26.250000 1.005088e-02
26.500000 1.102504e-02
26.750000 1.344631e-02
27.000000 1.458604e-02
27.250000 1.356245e-02
27.500000 1.120596e-02
27.750000 9.865979e-03
28.000000 1.113044e-02
28.250000 1.308089e-02
28.500000 1.359364e-02
28.750000 1.218399e-02
29.000000 9.961493e-03
29.250000 9.321971e-03
29.500000 1.100663e-02
29.750000 1.275652e-02
30.000000 1.288919e-02
30.250000 1.128129e-02
30.500000 9.280172e-03
30.750000 9.118754e-03
31.000000 1.080815e-02
31.250000 1.211950e-02
31.500000 1.177369e-02
31.750000 9.998211e-03
32.000000 8.503428e-03
32.250000 9.246912e-03
32.500000 1.120106e-02
32.750000 1.219712e-02
33.000000 1.134264e-02
33.250000 9.142855e-03
33.500000 7.640310e-03
33.750000 8.809511e-03
34.000000 1.096580e-02
34.250000 1.189684e-02
34.500000 1.091497e-02
34.750000 8.695570e-03
35.000000 7.379676e-03
35.250000 8.678144e-03
35.500000 1.071184e-02
35.750000 1.147539e-02
36.000000 1.048771e-02
36.250000 8.596025e-03
36.500000 7.823966e-03
36.750000 9.136023e-03
37.000000 1.070545e-02
37.250000 1.092967e-02
37.500000 9.547117e-03
37.750000 7.627908e-03
38.000000 7.365200e-03
38.250000 9.098098e-03
38.500000 1.065036e-02
38.750000 1.066254e-02
39.000000 9.075127e-03
39.250000 7.088628e-03
39.500000 6.922464e-03
39.750000 8.625473e-03
40.000000 9.956450e-03
40.250000 9.716625e-03
40.500000 8.006176e-03
40.750000 6.244413e-03
41.000000 6.663624e-03
41.250000 8.602951e-03
41.500000 9.844156e-03
41.750000 9.478187e-03
42.000000 7.796249e-03
42.250000 6.310066e-03
42.500000 6.890380e-03
42.750000 8.595484e-03
43.000000 9.480575e-03
43.250000 8.822999e-03
43.500000 7.050643e-03
43.750000 5.821599e-03
44.000000 6.735886e-03
44.250000 8.393629e-03
44.500000 9.035532e-03
44.750000 8.160485e-03
45.000000 6.381800e-03
45.250000 5.540392e-03
45.500000 6.815295e-03
45.750000 8.431935e-03
46.000000 8.877199e-03
46.250000 7.851395e-03
46.500000 6.121742e-03
46.750000 5.570924e-03
47.000000 6.950501e-03
47.250000 8.412311e-03
47.500000 8.657527e-03
47.750000 7.527801e-03
48.000000 5.893104e-03
48.250000 5.565915e-03
48.500000 6.912888e-03
48.750000 8.141187e-03
49.000000 8.155677e-03
49.250000 6.938900e-03
49.500000 5.493673e-03
49.750000 5.539801e-03
50.000000 6.935729e-03
