-50.000000 3.743859e-03
-49.750000 3.696800e-03
-49.500000 3.662094e-03
-49.250000 3.643137e-03
-49.000000 3.640291e-03
-48.750000 3.650648e-03
-48.500000 3.668311e-03
-48.250000 3.685135e-03
-48.000000 3.691676e-03
-47.750000 3.678174e-03
-47.500000 3.635387e-03
-47.250000 3.555265e-03
-47.000000 3.431454e-03
-46.750000 3.259721e-03
-46.500000 3.038370e-03
-46.250000 2.768814e-03
-46.000000 2.456611e-03
-45.750000 2.113657e-03
-45.500000 1.763278e-03
-45.250000 1.451717e-03
-45.000000 1.264698e-03
-44.750000 1.302879e-03
-44.500000 1.573853e-03
-44.250000 1.991611e-03
-44.000000 2.478138e-03
-43.750000 2.986789e-03
-43.500000 3.489036e-03
-43.250000 3.965066e-03
-43.000000 4.399668e-03
-42.750000 4.780586e-03
-42.500000 5.097927e-03
-42.250000 5.344005e-03
-42.000000 5.513388e-03
-41.750000 5.603043e-03
-41.500000 5.612528e-03
-41.250000 5.544223e-03
-41.000000 5.403606e-03
-40.750000 5.199588e-03
-40.500000 4.944938e-03
-40.250000 4.656780e-03
-40.000000 4.357054e-03
-39.750000 4.072571e-03
-39.500000 3.833764e-03
-39.250000 3.670777e-03
-39.000000 3.606221e-03
-38.750000 3.647075e-03
-38.500000 3.781322e-03
-38.250000 3.982268e-03
-38.000000 4.216932e-03
-37.750000 4.453004e-03
-37.500000 4.662366e-03
-37.250000 4.822093e-03
-37.000000 4.914296e-03
-36.750000 4.925667e-03
-36.500000 4.847039e-03
-36.250000 4.673069e-03
-36.000000 4.402048e-03
-35.750000 4.035848e-03
-35.500000 3.580105e-03
-35.250000 3.044947e-03
-35.000000 2.447336e-03
-34.750000 1.819309e-03
-34.500000 1.242313e-03
-34.250000 9.703190e-04
-34.000000 1.293110e-03
-33.750000 1.949387e-03
-33.500000 2.697630e-03
-33.250000 3.455605e-03
-33.000000 4.186288e-03
-32.750000 4.865707e-03
-32.500000 5.475218e-03
-32.250000 5.999376e-03
-32.000000 6.425342e-03
-31.750000 6.742785e-03
-31.500000 6.943937e-03
-31.250000 7.023698e-03
-31.000000 6.979725e-03
-30.750000 6.812503e-03
-30.500000 6.525390e-03
-30.250000 6.124655e-03
-30.000000 5.619546e-03
-29.750000 5.022499e-03
-29.500000 4.349737e-03
-29.250000 3.622916e-03
-29.000000 2.873875e-03
-28.750000 2.159198e-03
-28.500000 1.604095e-03
-28.250000 1.453104e-03
-28.000000 1.808477e-03
-27.750000 2.433340e-03
-27.500000 3.134499e-03
-27.250000 3.828531e-03
-27.000000 4.476180e-03
-26.750000 5.054982e-03
-26.500000 5.550521e-03
-26.250000 5.953451e-03
-26.000000 6.258398e-03
-25.750000 6.463542e-03
-25.500000 6.570467e-03
-25.250000 6.584126e-03
-25.000000 6.512855e-03
-24.750000 6.368423e-03
-24.500000 6.166079e-03
-24.250000 5.924548e-03
-24.000000 5.665849e-03
-23.750000 5.414667e-03
-23.500000 5.196882e-03
-23.250000 5.036849e-03
-23.000000 4.953463e-03
-22.750000 4.956093e-03
-22.500000 5.042295e-03
-22.250000 5.198746e-03
-22.000000 5.404851e-03
-21.750000 5.637102e-03
-21.500000 5.872472e-03
-21.250000 6.090335e-03
-21.000000 6.273176e-03
-20.750000 6.406600e-03
-20.500000 6.478995e-03
-20.250000 6.481111e-03
-20.000000 6.405619e-03
-19.750000 6.246740e-03
-19.500000 5.999934e-03
-19.250000 5.661684e-03
-19.000000 5.229384e-03
-18.750000 4.701358e-03
-18.500000 4.077099e-03
-18.250000 3.357981e-03
-18.000000 2.549488e-03
-17.750000 1.671087e-03
-17.500000 8.376429e-04
-17.250000 8.982317e-04
-17.000000 1.922307e-03
-16.750000 3.151308e-03
-16.500000 4.473969e-03
-16.250000 5.861161e-03
-16.000000 7.293589e-03
-15.750000 8.752927e-03
-15.500000 1.022001e-02
-15.250000 1.167450e-02
-15.000000 1.309500e-02
-14.750000 1.445942e-02
-14.500000 1.574546e-02
-14.250000 1.693116e-02
-14.000000 1.799554e-02
-13.750000 1.891936e-02
-13.500000 1.968582e-02
-13.250000 2.028133e-02
-13.000000 2.069637e-02
-12.750000 2.092626e-02
-12.500000 2.097200e-02
-12.250000 2.084104e-02
-12.000000 2.054803e-02
-11.750000 2.011546e-02
-11.500000 1.957399e-02
-11.250000 1.896236e-02
-11.000000 1.832638e-02
-10.750000 1.771649e-02
-10.500000 1.718337e-02
-10.250000 1.677122e-02
-10.000000 1.650972e-02
-9.750000 1.640660e-02
-9.500000 1.644371e-02
-9.250000 1.657835e-02
-9.000000 1.674919e-02
-8.750000 1.688447e-02
-8.500000 1.690999e-02
-8.250000 1.675557e-02
-8.000000 1.636029e-02
-7.750000 1.567767e-02
-7.500000 1.468285e-02
-7.250000 1.338592e-02
-7.000000 1.186122e-02
-6.750000 1.031343e-02
-6.500000 9.202748e-03
-6.250000 9.286552e-03
-6.000000 1.111038e-02
-5.750000 1.449590e-02
-5.500000 1.899940e-02
-5.250000 2.430530e-02
-5.000000 3.022393e-02
-4.750000 3.662815e-02
-4.500000 4.341737e-02
-4.250000 5.050115e-02
-4.000000 5.779204e-02
-3.750000 6.520273e-02
-3.500000 7.264507e-02
-3.250000 8.003028e-02
-3.000000 8.726963e-02
-2.750000 9.427539e-02
-2.500000 1.009620e-01
-2.250000 1.072475e-01
-2.000000 1.130543e-01
-1.750000 1.183109e-01
-1.500000 1.229528e-01
-1.250000 1.269237e-01
-1.000000 1.301763e-01
-0.750000 1.326730e-01
-0.500000 1.343869e-01
-0.250000 1.353018e-01
0.000000 1.354127e-01
0.250000 1.347261e-01
0.500000 1.332595e-01
0.750000 1.310409e-01
1.000000 1.281091e-01
1.250000 1.245123e-01
1.500000 1.203073e-01
1.750000 1.155589e-01
2.000000 1.103382e-01
2.250000 1.047218e-01
2.500000 9.879012e-02
2.750000 9.262601e-02
3.000000 8.631323e-02
3.250000 7.993487e-02
3.500000 7.357167e-02
3.750000 6.730043e-02
4.000000 6.119230e-02
4.250000 5.531106e-02
4.500000 4.971146e-02
4.750000 4.443750e-02
5.000000 3.952085e-02
5.250000 3.497942e-02
5.500000 3.081643e-02
5.750000 2.702007e-02
6.000000 2.356430e-02
6.250000 2.041094e-02
6.500000 1.751313e-02
6.750000 1.482019e-02
7.000000 1.228313e-02
7.250000 9.860957e-03
7.500000 7.528530e-03
7.750000 5.293294e-03
8.000000 3.264492e-03
8.250000 2.065547e-03
8.500000 2.919707e-03
8.750000 4.784147e-03
9.000000 6.814339e-03
9.250000 8.819555e-03
9.500000 1.072794e-02
9.750000 1.249401e-02
10.000000 1.408177e-02
10.250000 1.546106e-02
10.500000 1.660702e-02
10.750000 1.750036e-02
11.000000 1.812783e-02
11.250000 1.848268e-02
11.500000 1.856502e-02
11.750000 1.838209e-02
12.000000 1.794854e-02
12.250000 1.728664e-02
12.500000 1.642659e-02
12.750000 1.540705e-02
13.000000 1.427598e-02
13.250000 1.309181e-02
13.500000 1.192480e-02
13.750000 1.085727e-02
14.000000 9.979682e-03
14.250000 9.377377e-03
14.500000 9.105594e-03
14.750000 9.164037e-03
15.000000 9.493071e-03
15.250000 9.997289e-03
15.500000 1.057616e-02
15.750000 1.114299e-02
16.000000 1.163077e-02
16.250000 1.199118e-02
16.500000 1.219168e-02
16.750000 1.221273e-02
17.000000 1.204575e-02
17.250000 1.169162e-02
17.500000 1.115986e-02
17.750000 1.046826e-02
18.000000 9.643186e-03
18.250000 8.720837e-03
18.500000 7.749999e-03
18.750000 6.797089e-03
19.000000 5.952998e-03
19.250000 5.334958e-03
19.500000 5.061998e-03
19.750000 5.189064e-03
20.000000 5.659895e-03
20.250000 6.349590e-03
20.500000 7.135378e-03
20.750000 7.925423e-03
21.000000 8.656941e-03
21.250000 9.287865e-03
21.500000 9.790378e-03
21.750000 1.014696e-02
22.000000 1.034806e-02
22.250000 1.039074e-02
22.500000 1.027778e-02
22.750000 1.001710e-02
23.000000 9.621286e-03
23.250000 9.107332e-03
23.500000 8.496435e-03
23.750000 7.814016e-03
24.000000 7.089973e-03
24.250000 6.359224e-03
24.500000 5.662353e-03
24.750000 5.045524e-03
25.000000 4.557339e-03
25.250000 4.239013e-03
25.500000 4.107749e-03
25.750000 4.144402e-03
26.000000 4.299666e-03
26.250000 4.514215e-03
26.500000 4.735538e-03
26.750000 4.924382e-03
27.000000 5.054563e-03
27.250000 5.110734e-03
27.500000 5.086247e-03
27.750000 4.981631e-03
28.000000 4.803693e-03
28.250000 4.565140e-03
28.500000 4.284626e-03
28.750000 3.987071e-03
29.000000 3.703770e-03
29.250000 3.471033e-03
29.500000 3.325188e-03
29.750000 3.292720e-03
30.000000 3.379642e-03
30.250000 3.568922e-03
30.500000 3.828667e-03
30.750000 4.123469e-03
31.000000 4.421743e-03
31.250000 4.698276e-03
31.500000 4.934236e-03
31.750000 5.116376e-03
32.000000 5.236215e-03
32.250000 5.289384e-03
32.500000 5.275152e-03
32.750000 5.196099e-03
33.000000 5.057871e-03
33.250000 4.869034e-03
33.500000 4.640965e-03
33.750000 4.387776e-03
34.000000 4.126163e-03
34.250000 3.875010e-03
34.500000 3.654378e-03
34.750000 3.483457e-03
35.000000 3.377318e-03
35.250000 3.343277e-03
35.500000 3.378744e-03
35.750000 3.472132e-03
36.000000 3.606403e-03
36.250000 3.763165e-03
36.500000 3.925640e-03
36.750000 4.080115e-03
37.000000 4.216288e-03
37.250000 4.327048e-03
37.500000 4.408046e-03
37.750000 4.457212e-03
38.000000 4.474298e-03
38.250000 4.460468e-03
38.500000 4.417920e-03
38.750000 4.349574e-03
39.000000 4.258806e-03
39.250000 4.149249e-03
39.500000 4.024675e-03
39.750000 3.888966e-03
40.000000 3.746170e-03
40.250000 3.600649e-03
40.500000 3.457286e-03
40.750000 3.321690e-03
41.000000 3.200326e-03
41.250000 3.100426e-03
41.500000 3.029528e-03
41.750000 2.994575e-03
42.000000 3.000654e-03
42.250000 3.049741e-03
42.500000 3.139958e-03
42.750000 3.265639e-03
43.000000 3.418134e-03
43.250000 3.586935e-03
43.500000 3.760745e-03
43.750000 3.928287e-03
44.000000 4.078839e-03
44.250000 4.202567e-03
44.500000 4.290736e-03
44.750000 4.335858e-03
45.000000 4.331802e-03
45.250000 4.273896e-03
45.500000 4.159015e-03
45.750000 3.985656e-03
46.000000 3.754023e-03
46.250000 3.466124e-03
46.500000 3.125928e-03
46.750000 2.739708e-03
47.000000 2.316836e-03
47.250000 1.871952e-03
47.500000 1.431388e-03
47.750000 1.053578e-03
48.000000 8.725890e-04
48.250000 1.017533e-03
48.500000 1.385342e-03
48.750000 1.831641e-03
49.000000 2.289782e-03
49.250000 2.729419e-03
49.500000 3.133080e-03
49.750000 3.488749e-03
50.000000 3.787457e-03
