-50.000000 1.027762e-03
-49.750000 1.151245e-03
-49.500000 1.268218e-03
-49.250000 1.377418e-03
-49.000000 1.478218e-03
-48.750000 1.570469e-03
-48.500000 1.654387e-03
-48.250000 1.730472e-03
-48.000000 1.799444e-03
-47.750000 1.862163e-03
-47.500000 1.919569e-03
-47.250000 1.972609e-03
-47.000000 2.022168e-03
-46.750000 2.069012e-03
-46.500000 2.113732e-03
-46.250000 2.156708e-03
-46.000000 2.198090e-03
-45.750000 2.237792e-03
-45.500000 2.275504e-03
-45.250000 2.310723e-03
-45.000000 2.342787e-03
-44.750000 2.370919e-03
-44.500000 2.394275e-03
-44.250000 2.411985e-03
-44.000000 2.423191e-03
-43.750000 2.427081e-03
-43.500000 2.422917e-03
-43.250000 2.410051e-03
-43.000000 2.387939e-03
-42.750000 2.356147e-03
-42.500000 2.314355e-03
-42.250000 2.262358e-03
-42.000000 2.200062e-03
-41.750000 2.127485e-03
-41.500000 2.044756e-03
-41.250000 1.952123e-03
-41.000000 1.849960e-03
-40.750000 1.738794e-03
-40.500000 1.619339e-03
-40.250000 1.492564e-03
-40.000000 1.359795e-03
-39.750000 1.222898e-03
-39.500000 1.084602e-03
-39.250000 9.490526e-04
-39.000000 8.227819e-04
-38.750000 7.161039e-04
-38.500000 6.439725e-04
-38.250000 6.226583e-04
-38.000000 6.596315e-04
-37.750000 7.471444e-04
-37.500000 8.695494e-04
-37.250000 1.012683e-03
-37.000000 1.166543e-03
-36.750000 1.324423e-03
-36.500000 1.481678e-03
-36.250000 1.634917e-03
-36.000000 1.781549e-03
-35.750000 1.919550e-03
-35.500000 2.047351e-03
-35.250000 2.163794e-03
-35.000000 2.268121e-03
-34.750000 2.359984e-03
-34.500000 2.439467e-03
-34.250000 2.507096e-03
-34.000000 2.563859e-03
-33.750000 2.611195e-03
-33.500000 2.650974e-03
-33.250000 2.685441e-03
-33.000000 2.717128e-03
-32.750000 2.748718e-03
-32.500000 2.782883e-03
-32.250000 2.822078e-03
-32.000000 2.868338e-03
-31.750000 2.923091e-03
-31.500000 2.987018e-03
-31.250000 3.059997e-03
-31.000000 3.141116e-03
-30.750000 3.228782e-03
-30.500000 3.320872e-03
-30.250000 3.414924e-03
-30.000000 3.508337e-03
-29.750000 3.598559e-03
-29.500000 3.683255e-03
-29.250000 3.760452e-03
-29.000000 3.828660e-03
-28.750000 3.886958e-03
-28.500000 3.935065e-03
-28.250000 3.973370e-03
-28.000000 4.002942e-03
-27.750000 4.025484e-03
-27.500000 4.043254e-03
-27.250000 4.058922e-03
-27.000000 4.075373e-03
-26.750000 4.095457e-03
-26.500000 4.121692e-03
-26.250000 4.155966e-03
-26.000000 4.199263e-03
-25.750000 4.251456e-03
-25.500000 4.311205e-03
-25.250000 4.375966e-03
-25.000000 4.442111e-03
-24.750000 4.505130e-03
-24.500000 4.559881e-03
-24.250000 4.600856e-03
-24.000000 4.622442e-03
-23.750000 4.619160e-03
-23.500000 4.585880e-03
-23.250000 4.518011e-03
-23.000000 4.411681e-03
-22.750000 4.263914e-03
-22.500000 4.072828e-03
-22.250000 3.837897e-03
-22.000000 3.560335e-03
-21.750000 3.243754e-03
-21.500000 2.895399e-03
-21.250000 2.528600e-03
-21.000000 2.167785e-03
-20.750000 1.857784e-03
-20.500000 1.673266e-03
-20.250000 1.698422e-03
-20.000000 1.956485e-03
-19.750000 2.392858e-03
-19.500000 2.939770e-03
-19.250000 3.550064e-03
-19.000000 4.194237e-03
-18.750000 4.852647e-03
-18.500000 5.510824e-03
-18.250000 6.157149e-03
-18.000000 6.781764e-03
-17.750000 7.376065e-03
-17.500000 7.932490e-03
-17.250000 8.444454e-03
-17.000000 8.906354e-03
-16.750000 9.313621e-03
-16.500000 9.662769e-03
-16.250000 9.951470e-03
-16.000000 1.017860e-02
-15.750000 1.034430e-02
-15.500000 1.045000e-02
-15.250000 1.049839e-02
-15.000000 1.049348e-02
-14.750000 1.044046e-02
-14.500000 1.034569e-02
-14.250000 1.021649e-02
-14.000000 1.006099e-02
-13.750000 9.887868e-03
-13.500000 9.706006e-03
-13.250000 9.524148e-03
-13.000000 9.350452e-03
-12.750000 9.192076e-03
-12.500000 9.054799e-03
-12.250000 8.942752e-03
-12.000000 8.858329e-03
-11.750000 8.802309e-03
-11.500000 8.774207e-03
-11.250000 8.772806e-03
-11.000000 8.796810e-03
-10.750000 8.845526e-03
-10.500000 8.919469e-03
-10.250000 9.020826e-03
-10.000000 9.153671e-03
-9.750000 9.323903e-03
-9.500000 9.538850e-03
-9.250000 9.806573e-03
-9.000000 1.013491e-02
-8.750000 1.053042e-02
-8.500000 1.099739e-02
-8.250000 1.153707e-02
-8.000000 1.214727e-02
-7.750000 1.282230e-02
-7.500000 1.355320e-02
-7.250000 1.432826e-02
-7.000000 1.513351e-02
-6.750000 1.595331e-02
-6.500000 1.677084e-02
-6.250000 1.756862e-02
-6.000000 1.832887e-02
-5.750000 1.903388e-02
-5.500000 1.966637e-02
-5.250000 2.020972e-02
-5.000000 2.064834e-02
-4.750000 2.096786e-02
-4.500000 2.115545e-02
-4.250000 2.120010e-02
-4.000000 2.109288e-02
-3.750000 2.082726e-02
-3.500000 2.039953e-02
-3.250000 1.980919e-02
-3.000000 1.905959e-02
-2.750000 1.815878e-02
-2.500000 1.712074e-02
-2.250000 1.596744e-02
-2.000000 1.473187e-02
-1.750000 1.346308e-02
-1.500000 1.223355e-02
-1.250000 1.114824e-02
-1.000000 1.034918e-02
-0.750000 9.998340e-03
-0.500000 1.022199e-02
-0.250000 1.104549e-02
0.000000 1.238883e-02
0.250000 1.412428e-02
0.500000 1.612942e-02
0.750000 1.830627e-02
1.000000 2.058042e-02
1.250000 2.289480e-02
1.500000 2.520425e-02
1.750000 2.747177e-02
2.000000 2.966615e-02
2.250000 3.176054e-02
2.500000 3.373160e-02
2.750000 3.555909e-02
3.000000 3.722548e-02
3.250000 3.871593e-02
3.500000 4.001810e-02
3.750000 4.112219e-02
4.000000 4.202087e-02
4.250000 4.270923e-02
4.500000 4.318480e-02
4.750000 4.344742e-02
5.000000 4.349920e-02
5.250000 4.334445e-02
5.500000 4.298948e-02
5.750000 4.244253e-02
6.000000 4.171356e-02
6.250000 4.081412e-02
6.500000 3.975708e-02
6.750000 3.855649e-02
7.000000 3.722731e-02
7.250000 3.578520e-02
7.500000 3.424632e-02
7.750000 3.262704e-02
8.000000 3.094378e-02
8.250000 2.921274e-02
8.500000 2.744979e-02
8.750000 2.567020e-02
9.000000 2.388858e-02
9.250000 2.211874e-02
9.500000 2.037361e-02
9.750000 1.866529e-02
10.000000 1.700506e-02
10.250000 1.540357e-02
10.500000 1.387107e-02
10.750000 1.241785e-02
11.000000 1.105483e-02
11.250000 9.794291e-03
11.500000 8.650954e-03
11.750000 7.642927e-03
12.000000 6.792214e-03
12.250000 6.123383e-03
12.500000 5.658624e-03
12.750000 5.408695e-03
13.000000 5.363946e-03
13.250000 5.493083e-03
13.500000 5.751875e-03
13.750000 6.094890e-03
14.000000 6.483045e-03
14.250000 6.885795e-03
14.500000 7.280302e-03
14.750000 7.649703e-03
15.000000 7.981515e-03
15.250000 8.266443e-03
15.500000 8.497570e-03
15.750000 8.669854e-03
16.000000 8.779812e-03
16.250000 8.825358e-03
16.500000 8.805707e-03
16.750000 8.721350e-03
17.000000 8.574054e-03
17.250000 8.366888e-03
17.500000 8.104274e-03
17.750000 7.792047e-03
18.000000 7.437549e-03
18.250000 7.049743e-03
18.500000 6.639367e-03
18.750000 6.219100e-03
19.000000 5.803706e-03
19.250000 5.410041e-03
19.500000 5.056664e-03
19.750000 4.762703e-03
20.000000 4.545573e-03
20.250000 4.417624e-03
20.500000 4.382770e-03
20.750000 4.434911e-03
21.000000 4.559308e-03
21.250000 4.736174e-03
21.500000 4.944568e-03
21.750000 5.165164e-03
22.000000 5.381609e-03
22.250000 5.580897e-03
22.500000 5.753211e-03
22.750000 5.891595e-03
23.000000 5.991594e-03
23.250000 6.050948e-03
23.500000 6.069315e-03
23.750000 6.048058e-03
24.000000 5.990044e-03
24.250000 5.899460e-03
24.500000 5.781623e-03
24.750000 5.642767e-03
25.000000 5.489784e-03
25.250000 5.329914e-03
25.500000 5.170356e-03
25.750000 5.017810e-03
26.000000 4.877969e-03
26.250000 4.755006e-03
26.500000 4.651152e-03
26.750000 4.566450e-03
27.000000 4.498758e-03
27.250000 4.444022e-03
27.500000 4.396763e-03
27.750000 4.350682e-03
28.000000 4.299277e-03
28.250000 4.236387e-03
28.500000 4.156624e-03
28.750000 4.055694e-03
29.000000 3.930617e-03
29.250000 3.779897e-03
29.500000 3.603660e-03
29.750000 3.403824e-03
30.000000 3.184325e-03
30.250000 2.951485e-03
30.500000 2.714531e-03
30.750000 2.486286e-03
31.000000 2.283751e-03
31.250000 2.127727e-03
31.500000 2.039838e-03
31.750000 2.035929e-03
32.000000 2.118883e-03
32.250000 2.277275e-03
32.500000 2.491178e-03
32.750000 2.739328e-03
33.000000 3.003130e-03
33.250000 3.267654e-03
33.500000 3.521260e-03
33.750000 3.754927e-03
34.000000 3.961682e-03
34.250000 4.136185e-03
34.500000 4.274460e-03
34.750000 4.373711e-03
35.000000 4.432203e-03
35.250000 4.449174e-03
35.500000 4.424773e-03
35.750000 4.360007e-03
36.000000 4.256693e-03
36.250000 4.117415e-03
36.500000 3.945492e-03
36.750000 3.744946e-03
37.000000 3.520489e-03
37.250000 3.277526e-03
37.500000 3.022196e-03
37.750000 2.761444e-03
38.000000 2.503145e-03
38.250000 2.256244e-03
38.500000 2.030816e-03
38.750000 1.837797e-03
39.000000 1.687892e-03
39.250000 1.589252e-03
39.500000 1.544353e-03
39.750000 1.548088e-03
40.000000 1.588979e-03
40.250000 1.652786e-03
40.500000 1.725919e-03
40.750000 1.797220e-03
41.000000 1.858308e-03
41.250000 1.903276e-03
41.500000 1.928209e-03
41.750000 1.930750e-03
42.000000 1.909769e-03
42.250000 1.865101e-03
42.500000 1.797353e-03
42.750000 1.707758e-03
43.000000 1.598048e-03
43.250000 1.470357e-03
43.500000 1.327131e-03
43.750000 1.171057e-03
44.000000 1.005010e-03
44.250000 8.320304e-04
44.500000 6.553918e-04
44.750000 4.789531e-04
45.000000 3.088259e-04
45.250000 1.646651e-04
45.500000 1.440869e-04
45.750000 2.636424e-04
46.000000 4.053109e-04
46.250000 5.426406e-04
46.500000 6.698120e-04
46.750000 7.844380e-04
47.000000 8.851872e-04
47.250000 9.712457e-04
47.500000 1.042137e-03
47.750000 1.097638e-03
48.000000 1.137726e-03
48.250000 1.162535e-03
48.500000 1.172326e-03
48.750000 1.167452e-03
49.000000 1.148340e-03
49.250000 1.115476e-03
49.500000 1.069403e-03
49.750000 1.010744e-03
50.000000 9.402382e-04
