-50.000000 7.530798e-04
-49.750000 6.074158e-04
-49.500000 4.656628e-04
-49.250000 3.398080e-04
-49.000000 2.579518e-04
-48.750000 2.720185e-04
-48.500000 3.803010e-04
-48.250000 5.321083e-04
-48.000000 6.954586e-04
-47.750000 8.498234e-04
-47.500000 9.771555e-04
-47.250000 1.060620e-03
-47.000000 1.085763e-03
-46.750000 1.042238e-03
-46.500000 9.255599e-04
-46.250000 7.389963e-04
-46.000000 4.979354e-04
-45.750000 2.615973e-04
-45.500000 3.058449e-04
-45.250000 5.974893e-04
-45.000000 9.063405e-04
-44.750000 1.175201e-03
-44.500000 1.373865e-03
-44.250000 1.480793e-03
-44.000000 1.482208e-03
-43.750000 1.372865e-03
-43.500000 1.156602e-03
-43.250000 8.463762e-04
-43.000000 4.644575e-04
-42.750000 8.622254e-05
-42.500000 4.311600e-04
-42.250000 8.581733e-04
-42.000000 1.239501e-03
-41.750000 1.545649e-03
-41.500000 1.755369e-03
-41.250000 1.856231e-03
-41.000000 1.845764e-03
-40.750000 1.732059e-03
-40.500000 1.533844e-03
-40.250000 1.280498e-03
-40.000000 1.013001e-03
-39.750000 7.863329e-04
-39.500000 6.619598e-04
-39.250000 6.558856e-04
-39.000000 7.033946e-04
-38.750000 7.317627e-04
-38.500000 7.076303e-04
-38.250000 6.357429e-04
-38.000000 5.619256e-04
-37.750000 5.724285e-04
-37.500000 7.130547e-04
-37.250000 9.297488e-04
-37.000000 1.151104e-03
-36.750000 1.326485e-03
-36.500000 1.421718e-03
-36.250000 1.415443e-03
-36.000000 1.298572e-03
-35.750000 1.074921e-03
-35.500000 7.637636e-04
-35.250000 4.196469e-04
-35.000000 3.223190e-04
-34.750000 6.617970e-04
-34.500000 1.057403e-03
-34.250000 1.401221e-03
-34.000000 1.650996e-03
-33.750000 1.780176e-03
-33.500000 1.774231e-03
-33.250000 1.630812e-03
-33.000000 1.359739e-03
-32.750000 9.821309e-04
-32.500000 5.286523e-04
-32.250000 4.272491e-05
-32.000000 4.553695e-04
-31.750000 9.030548e-04
-31.500000 1.272100e-03
-31.250000 1.533583e-03
-31.000000 1.669519e-03
-30.750000 1.675534e-03
-30.500000 1.563718e-03
-30.250000 1.367131e-03
-30.000000 1.149110e-03
-29.750000 1.013057e-03
-29.500000 1.056442e-03
-29.250000 1.254546e-03
-29.000000 1.497377e-03
-28.750000 1.696036e-03
-28.500000 1.798255e-03
-28.250000 1.777987e-03
-28.000000 1.630521e-03
-27.750000 1.373874e-03
-27.500000 1.061513e-03
-27.250000 8.281058e-04
-27.000000 8.969418e-04
-26.750000 1.254429e-03
-26.500000 1.702686e-03
-26.250000 2.127131e-03
-26.000000 2.470322e-03
-25.750000 2.700224e-03
-25.500000 2.801664e-03
-25.250000 2.774130e-03
-25.000000 2.630838e-03
-24.750000 2.397793e-03
-24.500000 2.112562e-03
-24.250000 1.822228e-03
-24.000000 1.577934e-03
-23.750000 1.419903e-03
-23.500000 1.353378e-03
-23.250000 1.341363e-03
-23.000000 1.330860e-03
-22.750000 1.281470e-03
-22.500000 1.174695e-03
-22.250000 1.012471e-03
-22.000000 8.150399e-04
-21.750000 6.231815e-04
-21.500000 5.030376e-04
-21.250000 5.064104e-04
-21.000000 5.842022e-04
-20.750000 6.488056e-04
-20.500000 6.478425e-04
-20.250000 5.591833e-04
-20.000000 3.883007e-04
-19.750000 2.445700e-04
-19.500000 4.595415e-04
-19.250000 8.770891e-04
-19.000000 1.352458e-03
-18.750000 1.833505e-03
-18.500000 2.277175e-03
-18.250000 2.641610e-03
-18.000000 2.886874e-03
-17.750000 2.977111e-03
-17.500000 2.883023e-03
-17.250000 2.584302e-03
-17.000000 2.071756e-03
-16.750000 1.348930e-03
-16.500000 4.330213e-04
-16.250000 6.451904e-04
-16.000000 1.842075e-03
-15.750000 3.103514e-03
-15.500000 4.367723e-03
-15.250000 5.569221e-03
-15.000000 6.643366e-03
-14.750000 7.531202e-03
-14.500000 8.184244e-03
-14.250000 8.568804e-03
-14.000000 8.669467e-03
-13.750000 8.491389e-03
-13.500000 8.061187e-03
-13.250000 7.426276e-03
-13.000000 6.652568e-03
-12.750000 5.820271e-03
-12.500000 5.016781e-03
-12.250000 4.324193e-03
-12.000000 3.798914e-03
-11.750000 3.449682e-03
-11.500000 3.236495e-03
-11.250000 3.103930e-03
-11.000000 3.023728e-03
-10.750000 3.012999e-03
-10.500000 3.116919e-03
-10.250000 3.366033e-03
-10.000000 3.744411e-03
-9.750000 4.199198e-03
-9.500000 4.673771e-03
-9.250000 5.134531e-03
-9.000000 5.583048e-03
-8.750000 6.053900e-03
-8.500000 6.596824e-03
-8.250000 7.246262e-03
-8.000000 7.992622e-03
-7.750000 8.772019e-03
-7.500000 9.477111e-03
-7.250000 9.978646e-03
-7.000000 1.014785e-02
-6.750000 9.876184e-03
-6.500000 9.093386e-03
-6.250000 7.787549e-03
-6.000000 6.042202e-03
-5.750000 4.167218e-03
-5.500000 3.230758e-03
-5.250000 4.544434e-03
-5.000000 6.954427e-03
-4.750000 9.384684e-03
-4.500000 1.135191e-02
-4.250000 1.252927e-02
-4.000000 1.265969e-02
-3.750000 1.156257e-02
-3.500000 9.196083e-03
-3.250000 5.987852e-03
-3.000000 5.116380e-03
-2.750000 1.028279e-02
-2.500000 1.811754e-02
-2.250000 2.720442e-02
-2.000000 3.699558e-02
-1.750000 4.703929e-02
-1.500000 5.688996e-02
-1.250000 6.610855e-02
-1.000000 7.428068e-02
-0.750000 8.103828e-02
-0.500000 8.608037e-02
-0.250000 8.919032e-02
0.000000 9.024834e-02
0.250000 8.923797e-02
0.500000 8.624629e-02
0.750000 8.145780e-02
1.000000 7.514261e-02
1.250000 6.763989e-02
1.500000 5.933806e-02
1.750000 5.065351e-02
2.000000 4.200999e-02
2.250000 3.382097e-02
2.500000 2.647640e-02
2.750000 2.033053e-02
3.000000 1.566928e-02
3.250000 1.260120e-02
3.500000 1.087279e-02
3.750000 9.873901e-03
4.000000 8.978439e-03
4.250000 7.810946e-03
4.500000 6.246246e-03
4.750000 4.317283e-03
5.000000 2.158091e-03
5.250000 7.522779e-04
5.500000 2.758954e-03
5.750000 4.976801e-03
6.000000 7.022079e-03
6.250000 8.809080e-03
6.500000 1.028651e-02
6.750000 1.142063e-02
7.000000 1.218795e-02
7.250000 1.257117e-02
7.500000 1.255839e-02
7.750000 1.214538e-02
8.000000 1.134002e-02
8.250000 1.016801e-02
8.500000 8.678878e-03
8.750000 6.953636e-03
9.000000 5.122661e-03
9.250000 3.434291e-03
9.500000 2.498848e-03
9.750000 2.996211e-03
10.000000 4.207586e-03
10.250000 5.390070e-03
10.500000 6.279956e-03
10.750000 6.778986e-03
11.000000 6.860161e-03
11.250000 6.546532e-03
11.500000 5.906559e-03
11.750000 5.056744e-03
12.000000 4.173619e-03
12.250000 3.507997e-03
12.500000 3.314932e-03
12.750000 3.606890e-03
13.000000 4.119792e-03
13.250000 4.590888e-03
13.500000 4.869595e-03
13.750000 4.893050e-03
14.000000 4.658013e-03
14.250000 4.206180e-03
14.500000 3.617246e-03
14.750000 3.006283e-03
15.000000 2.516874e-03
15.250000 2.274021e-03
15.500000 2.275981e-03
15.750000 2.377579e-03
16.000000 2.420851e-03
16.250000 2.312518e-03
16.500000 2.023530e-03
16.750000 1.579792e-03
17.000000 1.084335e-03
17.250000 8.497344e-04
17.500000 1.199047e-03
17.750000 1.791554e-03
18.000000 2.353229e-03
18.250000 2.776877e-03
18.500000 3.010784e-03
18.750000 3.036578e-03
19.000000 2.867989e-03
19.250000 2.556415e-03
19.500000 2.203986e-03
19.750000 1.975137e-03
20.000000 2.031653e-03
20.250000 2.363742e-03
20.500000 2.810015e-03
20.750000 3.218587e-03
21.000000 3.492325e-03
21.250000 3.576727e-03
21.500000 3.448796e-03
21.750000 3.111027e-03
22.000000 2.587126e-03
22.250000 1.917749e-03
22.500000 1.155837e-03
22.750000 3.643165e-04
23.000000 4.209032e-04
23.250000 1.105779e-03
23.500000 1.665967e-03
23.750000 2.065562e-03
24.000000 2.286927e-03
24.250000 2.329827e-03
24.500000 2.211451e-03
24.750000 1.966006e-03
25.000000 1.645023e-03
25.250000 1.320362e-03
25.500000 1.086341e-03
25.750000 1.023635e-03
26.000000 1.107524e-03
26.250000 1.231067e-03
26.500000 1.311724e-03
26.750000 1.314131e-03
27.000000 1.236988e-03
27.250000 1.104904e-03
27.500000 9.659684e-04
27.750000 8.839022e-04
28.000000 9.003718e-04
28.250000 9.904576e-04
28.500000 1.089514e-03
28.750000 1.142712e-03
29.000000 1.118201e-03
29.250000 1.004306e-03
29.500000 8.071612e-04
29.750000 5.553275e-04
30.000000 3.451795e-04
30.250000 4.259140e-04
30.500000 7.159687e-04
30.750000 1.020231e-03
31.000000 1.275682e-03
31.250000 1.453253e-03
31.500000 1.537987e-03
31.750000 1.526467e-03
32.000000 1.426697e-03
32.250000 1.258625e-03
32.500000 1.055879e-03
32.750000 8.694788e-04
33.000000 7.651288e-04
33.250000 7.813624e-04
33.500000 8.791265e-04
33.750000 9.871764e-04
34.000000 1.056153e-03
34.250000 1.062281e-03
34.500000 9.999100e-04
34.750000 8.777448e-04
35.000000 7.195907e-04
35.250000 5.720164e-04
35.500000 5.119605e-04
35.750000 5.865520e-04
36.000000 7.399957e-04
36.250000 9.004992e-04
36.500000 1.028084e-03
36.750000 1.103576e-03
37.000000 1.119926e-03
37.250000 1.078876e-03
37.500000 9.896714e-04
37.750000 8.687517e-04
38.000000 7.404199e-04
38.250000 6.373353e-04
38.500000 5.930838e-04
38.750000 6.176223e-04
39.000000 6.851954e-04
39.250000 7.595849e-04
39.500000 8.144984e-04
39.750000 8.350039e-04
40.000000 8.142556e-04
40.250000 7.511756e-04
40.500000 6.493357e-04
40.750000 5.168909e-04
41.000000 3.687795e-04
41.250000 2.390449e-04
41.500000 2.137588e-04
41.750000 3.134193e-04
42.000000 4.395506e-04
42.250000 5.447268e-04
42.500000 6.106125e-04
42.750000 6.290413e-04
43.000000 5.998419e-04
43.250000 5.337878e-04
43.500000 4.610950e-04
43.750000 4.411445e-04
44.000000 5.250890e-04
44.250000 6.900448e-04
44.500000 8.829772e-04
44.750000 1.063987e-03
45.000000 1.205320e-03
45.250000 1.287037e-03
45.500000 1.295832e-03
45.750000 1.225133e-03
46.000000 1.075391e-03
46.250000 8.541572e-04
46.500000 5.760582e-04
46.750000 2.660135e-04
47.000000 1.320440e-04
47.250000 4.287001e-04
47.500000 7.192248e-04
47.750000 9.568626e-04
48.000000 1.121180e-03
48.250000 1.199101e-03
48.500000 1.184875e-03
48.750000 1.080475e-03
49.000000 8.955843e-04
49.250000 6.473351e-04
49.500000 3.619780e-04
49.750000 1.275051e-04
50.000000 3.070726e-04
