-50.000000 4.158032e-02
-49.750000 3.821220e-02
-49.500000 3.461951e-02
-49.250000 3.090557e-02
-49.000000 2.721938e-02
-48.750000 2.378392e-02
-48.500000 2.093289e-02
-48.250000 1.911827e-02
-48.000000 1.878296e-02
-47.750000 2.007629e-02
-47.500000 2.273655e-02
-47.250000 2.632004e-02
-47.000000 3.043531e-02
-46.750000 3.480260e-02
-46.500000 3.922958e-02
-46.250000 4.357961e-02
-46.000000 4.775008e-02
-45.750000 5.165998e-02
-45.500000 5.524280e-02
-45.250000 5.844276e-02
-45.000000 6.121261e-02
-44.750000 6.351249e-02
-44.500000 6.530938e-02
-44.250000 6.657679e-02
-44.000000 6.729473e-02
-43.750000 6.744977e-02
-43.500000 6.703515e-02
-43.250000 6.605104e-02
-43.000000 6.450485e-02
-42.750000 6.241168e-02
-42.500000 5.979495e-02
-42.250000 5.668750e-02
-42.000000 5.313313e-02
-41.750000 4.918945e-02
-41.500000 4.493244e-02
-41.250000 4.046469e-02
-41.000000 3.592976e-02
-40.750000 3.153689e-02
-40.500000 2.759910e-02
-40.250000 2.457028e-02
-40.000000 2.300705e-02
-39.750000 2.333284e-02
-39.500000 2.552619e-02
-39.250000 2.915495e-02
-39.000000 3.369627e-02
-38.750000 3.873304e-02
-38.500000 4.397352e-02
-38.250000 4.921508e-02
-38.000000 5.431088e-02
-37.750000 5.914872e-02
-37.500000 6.363888e-02
-37.250000 6.770737e-02
-37.000000 7.129213e-02
-36.750000 7.434099e-02
-36.500000 7.681058e-02
-36.250000 7.866581e-02
-36.000000 7.987968e-02
-35.750000 8.043334e-02
-35.500000 8.031627e-02
-35.250000 7.952664e-02
-35.000000 7.807175e-02
-34.750000 7.596874e-02
-34.500000 7.324554e-02
-34.250000 6.994231e-02
-34.000000 6.611367e-02
-33.750000 6.183211e-02
-33.500000 5.719354e-02
-33.250000 5.232616e-02
-33.000000 4.740442e-02
-32.750000 4.266982e-02
-32.500000 3.845601e-02
-32.250000 3.520114e-02
-32.000000 3.339864e-02
-31.750000 3.343306e-02
-31.500000 3.537312e-02
-31.250000 3.893861e-02
-31.000000 4.367867e-02
-30.750000 4.915505e-02
-30.500000 5.501550e-02
-30.250000 6.099358e-02
-30.000000 6.688732e-02
-29.750000 7.253944e-02
-29.500000 7.782345e-02
-29.250000 8.263491e-02
-29.000000 8.688613e-02
-28.750000 9.050305e-02
-28.500000 9.342351e-02
-28.250000 9.559627e-02
-28.000000 9.698068e-02
-27.750000 9.754660e-02
-27.500000 9.727467e-02
-27.250000 9.615679e-02
-27.000000 9.419682e-02
-26.750000 9.141168e-02
-26.500000 8.783296e-02
-26.250000 8.350933e-02
-26.000000 7.851041e-02
-25.750000 7.293296e-02
-25.500000 6.691120e-02
-25.250000 6.063399e-02
-25.000000 5.437309e-02
-24.750000 4.852568e-02
-24.500000 4.366175e-02
-24.250000 4.052033e-02
-24.000000 3.982930e-02
-23.750000 4.192731e-02
-23.500000 4.654835e-02
-23.250000 5.305293e-02
-23.000000 6.077959e-02
-22.750000 6.920199e-02
-22.500000 7.793271e-02
-22.250000 8.668458e-02
-22.000000 9.523609e-02
-21.750000 1.034083e-01
-21.500000 1.110512e-01
-21.250000 1.180353e-01
-21.000000 1.242476e-01
-20.750000 1.295887e-01
-20.500000 1.339718e-01
-20.250000 1.373225e-01
-20.000000 1.395785e-01
-19.750000 1.406905e-01
-19.500000 1.406226e-01
-19.250000 1.393538e-01
-19.000000 1.368793e-01
-18.750000 1.332125e-01
-18.500000 1.283881e-01
-18.250000 1.224664e-01
-18.000000 1.155400e-01
-17.750000 1.077445e-01
-17.500000 9.927615e-02
-17.250000 9.042061e-02
-17.000000 8.159930e-02
-16.750000 7.343690e-02
-16.500000 6.682932e-02
-16.250000 6.291640e-02
-16.000000 6.277685e-02
-15.750000 6.687243e-02
-15.500000 7.479515e-02
-15.250000 8.563279e-02
-15.000000 9.845165e-02
-14.750000 1.125030e-01
-14.500000 1.272269e-01
-14.250000 1.422001e-01
-14.000000 1.570882e-01
-13.750000 1.716144e-01
-13.500000 1.855395e-01
-13.250000 1.986502e-01
-13.000000 2.107528e-01
-12.750000 2.216697e-01
-12.500000 2.312371e-01
-12.250000 2.393049e-01
-12.000000 2.457368e-01
-11.750000 2.504107e-01
-11.500000 2.532202e-01
-11.250000 2.540765e-01
-11.000000 2.529098e-01
-10.750000 2.496733e-01
-10.500000 2.443462e-01
-10.250000 2.369400e-01
-10.000000 2.275068e-01
-9.750000 2.161519e-01
-9.500000 2.030550e-01
-9.250000 1.885037e-01
-9.000000 1.729509e-01
-8.750000 1.571096e-01
-8.500000 1.421004e-01
-8.250000 1.296337e-01
-8.000000 1.220614e-01
-7.750000 1.218914e-01
-7.500000 1.306068e-01
-7.250000 1.478639e-01
-7.000000 1.720827e-01
-6.750000 2.015144e-01
-6.500000 2.347559e-01
-6.250000 2.707884e-01
-6.000000 3.088726e-01
-5.750000 3.484488e-01
-5.500000 3.890687e-01
-5.250000 4.303526e-01
-5.000000 4.719649e-01
-4.750000 5.135985e-01
-4.500000 5.549665e-01
-4.250000 5.957968e-01
-4.000000 6.358293e-01
-3.750000 6.748147e-01
-3.500000 7.125136e-01
-3.250000 7.486972e-01
-3.000000 7.831472e-01
-2.750000 8.156568e-01
-2.500000 8.460313e-01
-2.250000 8.740892e-01
-2.000000 8.996630e-01
-1.750000 9.226000e-01
-1.500000 9.427635e-01
-1.250000 9.600330e-01
-1.000000 9.743055e-01
-0.750000 9.854957e-01
-0.500000 9.935368e-01
-0.250000 9.983807e-01
0.000000 9.999986e-01
0.250000 9.983807e-01
0.500000 9.935368e-01
0.750000 9.854957e-01
1.000000 9.743055e-01
1.250000 9.600330e-01
1.500000 9.427635e-01
1.750000 9.226000e-01
2.000000 8.996630e-01
2.250000 8.740892e-01
2.500000 8.460313e-01
2.750000 8.156568e-01
3.000000 7.831472e-01
3.250000 7.486972e-01
3.500000 7.125136e-01
3.750000 6.748147e-01
4.000000 6.358293e-01
4.250000 5.957968e-01
4.500000 5.549665e-01
4.750000 5.135985e-01
5.000000 4.719649e-01
5.250000 4.303526e-01
5.500000 3.890687e-01
5.750000 3.484488e-01
6.000000 3.088726e-01
6.250000 2.707884e-01
6.500000 2.347559e-01
6.750000 2.015144e-01
7.000000 1.720827e-01
7.250000 1.478639e-01
7.500000 1.306068e-01
7.750000 1.218914e-01
8.000000 1.220614e-01
8.250000 1.296337e-01
8.500000 1.421004e-01
8.750000 1.571096e-01
9.000000 1.729509e-01
9.250000 1.885037e-01
9.500000 2.030550e-01
9.750000 2.161519e-01
10.000000 2.275068e-01
10.250000 2.369400e-01
10.500000 2.443462e-01
10.750000 2.496733e-01
11.000000 2.529098e-01
11.250000 2.540765e-01
11.500000 2.532202e-01
11.750000 2.504107e-01
12.000000 2.457368e-01
12.250000 2.393049e-01
12.500000 2.312371e-01
12.750000 2.216697e-01
13.000000 2.107528e-01
13.250000 1.986502e-01
13.500000 1.855395e-01
13.750000 1.716144e-01
14.000000 1.570882e-01
14.250000 1.422001e-01
14.500000 1.272269e-01
14.750000 1.125030e-01
15.000000 9.845165e-02
15.250000 8.563279e-02
15.500000 7.479515e-02
15.750000 6.687243e-02
16.000000 6.277685e-02
16.250000 6.291640e-02
16.500000 6.682932e-02
16.750000 7.343690e-02
17.000000 8.159930e-02
17.250000 9.042061e-02
17.500000 9.927615e-02
17.750000 1.077445e-01
18.000000 1.155400e-01
18.250000 1.224664e-01
18.500000 1.283881e-01
18.750000 1.332125e-01
19.000000 1.368793e-01
19.250000 1.393538e-01
19.500000 1.406226e-01
19.750000 1.406905e-01
20.000000 1.395785e-01
20.250000 1.373225e-01
20.500000 1.339718e-01
20.750000 1.295887e-01
21.000000 1.242476e-01
21.250000 1.180353e-01
21.500000 1.110512e-01
21.750000 1.034083e-01
22.000000 9.523609e-02
22.250000 8.668458e-02
22.500000 7.793271e-02
22.750000 6.920199e-02
23.000000 6.077959e-02
23.250000 5.305293e-02
23.500000 4.654835e-02
23.750000 4.192731e-02
24.000000 3.982930e-02
24.250000 4.052033e-02
24.500000 4.366175e-02
24.750000 4.852568e-02
25.000000 5.437309e-02
25.250000 6.063399e-02
25.500000 6.691120e-02
25.750000 7.293296e-02
26.000000 7.851041e-02
26.250000 8.350933e-02
26.500000 8.783296e-02
26.750000 9.141168e-02
27.000000 9.419682e-02
27.250000 9.615679e-02
27.500000 9.727467e-02
27.750000 9.754660e-02
28.000000 9.698068e-02
28.250000 9.559627e-02
28.500000 9.342351e-02
28.750000 9.050305e-02
29.000000 8.688613e-02
29.250000 8.263491e-02
29.500000 7.782345e-02
29.750000 7.253944e-02
30.000000 6.688732e-02
30.250000 6.099358e-02
30.500000 5.501550e-02
30.750000 4.915505e-02
31.000000 4.367867e-02
31.250000 3.893861e-02
31.500000 3.537312e-02
31.750000 3.343306e-02
32.000000 3.339864e-02
32.250000 3.520114e-02
32.500000 3.845601e-02
32.750000 4.266982e-02
33.000000 4.740442e-02
33.250000 5.232616e-02
33.500000 5.719354e-02
33.750000 6.183211e-02
34.000000 6.611367e-02
34.250000 6.994231e-02
34.500000 7.324554e-02
34.750000 7.596874e-02
35.000000 7.807175e-02
35.250000 7.952664e-02
35.500000 8.031627e-02
35.750000 8.043334e-02
36.000000 7.987968e-02
36.250000 7.866581e-02
36.500000 7.681058e-02
36.750000 7.434099e-02
37.000000 7.129213e-02
37.250000 6.770737e-02
37.500000 6.363888e-02
37.750000 5.914872e-02
38.000000 5.431088e-02
38.250000 4.921508e-02
38.500000 4.397352e-02
38.750000 3.873304e-02
39.000000 3.369627e-02
39.250000 2.915495e-02
39.500000 2.552619e-02
39.750000 2.333284e-02
40.000000 2.300705e-02
40.250000 2.457028e-02
40.500000 2.759910e-02
40.750000 3.153689e-02
41.000000 3.592976e-02
41.250000 4.046469e-02
41.500000 4.493244e-02
41.750000 4.918945e-02
42.000000 5.313313e-02
42.250000 5.668750e-02
42.500000 5.979495e-02
42.750000 6.241168e-02
43.000000 6.450485e-02
43.250000 6.605104e-02
43.500000 6.703515e-02
43.750000 6.744977e-02
44.000000 6.729473e-02
44.250000 6.657679e-02
44.500000 6.530938e-02
44.750000 6.351249e-02
45.000000 6.121261e-02
45.250000 5.844276e-02
45.500000 5.524280e-02
45.750000 5.165998e-02
46.000000 4.775008e-02
46.250000 4.357961e-02
46.500000 3.922958e-02
46.750000 3.480260e-02
47.000000 3.043531e-02
47.250000 2.632004e-02
47.500000 2.273655e-02
47.750000 2.007629e-02
48.000000 1.878296e-02
48.250000 1.911827e-02
48.500000 2.093289e-02
48.750000 2.378392e-02
49.000000 2.721938e-02
49.250000 3.090557e-02
49.500000 3.461951e-02
49.750000 3.821220e-02
50.000000 4.158032e-02
