-50.000000 2.814314e-04
-49.750000 2.566592e-04
-49.500000 2.132828e-04
-49.250000 1.593821e-04
-49.000000 1.154758e-04
-48.750000 1.132503e-04
-48.500000 1.447319e-04
-48.250000 1.735252e-04
-48.000000 1.822358e-04
-47.750000 1.700670e-04
-47.500000 1.532358e-04
-47.250000 1.648796e-04
-47.000000 2.176836e-04
-46.750000 2.869385e-04
-46.500000 3.467870e-04
-46.250000 3.808310e-04
-46.000000 3.812691e-04
-45.750000 3.491614e-04
-45.500000 2.955416e-04
-45.250000 2.427095e-04
-45.000000 2.191035e-04
-44.750000 2.318778e-04
-44.500000 2.556976e-04
-44.250000 2.687198e-04
-44.000000 2.737658e-04
-43.750000 2.991188e-04
-43.500000 3.729540e-04
-43.250000 4.883919e-04
-43.000000 6.158385e-04
-42.750000 7.257097e-04
-42.500000 7.955354e-04
-42.250000 8.123990e-04
-42.000000 7.749773e-04
-41.750000 6.952743e-04
-41.500000 5.996797e-04
-41.250000 5.260674e-04
-41.000000 5.048071e-04
-40.750000 5.276049e-04
-40.500000 5.553632e-04
-40.250000 5.542715e-04
-40.000000 5.100689e-04
-39.750000 4.273867e-04
-39.500000 3.289694e-04
-39.250000 2.583041e-04
-39.000000 2.580928e-04
-38.750000 3.033289e-04
-38.500000 3.394192e-04
-38.250000 3.395425e-04
-38.000000 3.003732e-04
-37.750000 2.348193e-04
-37.500000 1.719653e-04
-37.250000 1.550775e-04
-37.000000 1.906826e-04
-36.750000 2.452170e-04
-36.500000 3.139004e-04
-36.250000 4.136638e-04
-36.000000 5.529976e-04
-35.750000 7.201115e-04
-35.500000 8.906169e-04
-35.250000 1.037338e-03
-35.000000 1.136908e-03
-34.750000 1.174327e-03
-34.500000 1.146057e-03
-34.250000 1.061517e-03
-34.000000 9.426339e-04
-33.750000 8.203051e-04
-33.500000 7.246385e-04
-33.250000 6.675645e-04
-33.000000 6.323593e-04
-32.750000 5.878528e-04
-32.500000 5.107583e-04
-32.250000 3.953114e-04
-32.000000 2.544658e-04
-31.750000 1.345972e-04
-31.500000 1.588823e-04
-31.250000 2.569113e-04
-31.000000 3.224013e-04
-30.750000 3.302724e-04
-30.500000 2.761733e-04
-30.250000 1.673457e-04
-30.000000 2.196644e-05
-29.750000 1.483125e-04
-29.500000 3.108792e-04
-29.250000 4.499695e-04
-29.000000 5.513444e-04
-28.750000 6.088303e-04
-28.500000 6.249740e-04
-28.250000 6.098646e-04
-28.000000 5.776833e-04
-27.750000 5.412360e-04
-27.500000 5.070630e-04
-27.250000 4.763619e-04
-27.000000 4.545277e-04
-26.750000 4.630318e-04
-26.500000 5.334770e-04
-26.250000 6.758108e-04
-26.000000 8.688498e-04
-25.750000 1.079979e-03
-25.500000 1.276817e-03
-25.250000 1.430124e-03
-25.000000 1.515452e-03
-24.750000 1.515042e-03
-24.500000 1.419660e-03
-24.250000 1.229985e-03
-24.000000 9.574494e-04
-23.750000 6.255299e-04
-23.500000 2.850428e-04
-23.250000 2.444652e-04
-23.000000 5.485858e-04
-22.750000 8.302787e-04
-22.500000 1.031730e-03
-22.250000 1.132507e-03
-22.000000 1.127159e-03
-21.750000 1.023774e-03
-21.500000 8.432448e-04
-21.250000 6.187393e-04
-21.000000 3.998640e-04
-20.750000 2.743131e-04
-20.500000 3.098995e-04
-20.250000 3.905815e-04
-20.000000 4.253629e-04
-19.750000 3.952556e-04
-19.500000 3.160569e-04
-19.250000 2.469106e-04
-19.000000 2.905023e-04
-18.750000 4.305470e-04
-18.500000 5.854763e-04
-18.250000 7.157306e-04
-18.000000 8.052453e-04
-17.750000 8.498859e-04
-17.500000 8.523103e-04
-17.250000 8.178360e-04
-17.000000 7.515709e-04
-16.750000 6.584914e-04
-16.500000 5.479010e-04
-16.250000 4.432412e-04
-16.000000 3.917347e-04
-15.750000 4.302822e-04
-15.500000 5.224208e-04
-15.250000 6.040861e-04
-15.000000 6.309930e-04
-14.750000 5.809116e-04
-14.500000 4.595812e-04
-14.250000 3.473359e-04
-14.000000 4.592140e-04
-13.750000 7.826883e-04
-13.500000 1.174954e-03
-13.250000 1.567854e-03
-13.000000 1.919631e-03
-12.750000 2.199965e-03
-12.500000 2.387349e-03
-12.250000 2.467702e-03
-12.000000 2.433250e-03
-11.750000 2.283417e-03
-11.500000 2.031091e-03
-11.250000 1.721017e-03
-11.000000 1.471565e-03
-10.750000 1.494102e-03
-10.500000 1.887237e-03
-10.250000 2.504189e-03
-10.000000 3.171342e-03
-9.750000 3.767340e-03
-9.500000 4.206556e-03
-9.250000 4.431349e-03
-9.000000 4.412981e-03
-8.750000 4.153483e-03
-8.500000 3.684923e-03
-8.250000 3.064923e-03
-8.000000 2.368846e-03
-7.750000 1.680763e-03
-7.500000 1.088782e-03
-7.250000 6.965557e-04
-7.000000 6.034256e-04
-6.750000 7.116166e-04
-6.500000 8.521374e-04
-6.250000 9.653965e-04
-6.000000 1.023582e-03
-5.750000 9.953935e-04
-5.500000 8.692705e-04
-5.250000 7.415920e-04
-5.000000 9.290713e-04
-4.750000 1.535469e-03
-4.500000 2.361020e-03
-4.250000 3.251693e-03
-4.000000 4.087416e-03
-3.750000 4.763130e-03
-3.500000 5.194026e-03
-3.250000 5.325253e-03
-3.000000 5.139712e-03
-2.750000 4.662089e-03
-2.500000 3.960019e-03
-2.250000 3.147256e-03
-2.000000 2.400273e-03
-1.750000 1.978453e-03
-1.500000 2.061415e-03
-1.250000 2.465394e-03
-1.000000 2.914465e-03
-0.750000 3.272208e-03
-0.500000 3.498600e-03
-0.250000 3.600356e-03
0.000000 3.607984e-03
0.250000 3.564588e-03
0.500000 3.517770e-03
0.750000 3.508883e-03
1.000000 3.558663e-03
1.250000 3.657268e-03
1.500000 3.769149e-03
1.750000 3.852022e-03
2.000000 3.879515e-03
2.250000 3.858804e-03
2.500000 3.837453e-03
2.750000 3.890626e-03
3.000000 4.082149e-03
3.250000 4.420571e-03
3.500000 4.853291e-03
3.750000 5.301269e-03
4.000000 5.696241e-03
4.250000 5.999027e-03
4.500000 6.200396e-03
4.750000 6.310224e-03
5.000000 6.340555e-03
5.250000 6.290042e-03
5.500000 6.137795e-03
5.750000 5.849928e-03
6.000000 5.394788e-03
6.250000 4.759091e-03
6.500000 3.959165e-03
6.750000 3.046280e-03
7.000000 2.112361e-03
7.250000 1.325166e-03
7.500000 1.032855e-03
7.750000 1.335573e-03
8.000000 1.762041e-03
8.250000 2.096548e-03
8.500000 2.324836e-03
8.750000 2.499737e-03
9.000000 2.684102e-03
9.250000 2.907683e-03
9.500000 3.150731e-03
9.750000 3.362614e-03
10.000000 3.492038e-03
10.250000 3.507193e-03
10.500000 3.402660e-03
10.750000 3.197266e-03
11.000000 2.926437e-03
11.250000 2.631344e-03
11.500000 2.347135e-03
11.750000 2.093767e-03
12.000000 1.873822e-03
12.250000 1.678779e-03
12.500000 1.499041e-03
12.750000 1.330500e-03
13.000000 1.174666e-03
13.250000 1.034963e-03
13.500000 9.140279e-04
13.750000 8.151524e-04
14.000000 7.460742e-04
14.250000 7.180439e-04
14.500000 7.350785e-04
14.750000 7.837441e-04
15.000000 8.382490e-04
15.250000 8.731930e-04
15.500000 8.710959e-04
15.750000 8.240917e-04
16.000000 7.328806e-04
16.250000 6.045974e-04
16.500000 4.504206e-04
16.750000 2.835498e-04
17.000000 1.181562e-04
17.250000 3.786654e-05
17.500000 1.579865e-04
17.750000 2.398568e-04
18.000000 2.713317e-04
18.250000 2.484806e-04
18.500000 1.834509e-04
18.750000 1.531192e-04
19.000000 2.702103e-04
19.250000 4.562063e-04
19.500000 6.457642e-04
19.750000 8.033458e-04
20.000000 9.025168e-04
20.250000 9.256048e-04
20.500000 8.658003e-04
20.750000 7.283411e-04
21.000000 5.300372e-04
21.250000 2.977043e-04
21.500000 8.271401e-05
21.750000 1.840306e-04
22.000000 3.498575e-04
22.250000 4.600778e-04
22.500000 5.119671e-04
22.750000 5.218392e-04
23.000000 5.200244e-04
23.250000 5.369862e-04
23.500000 5.807693e-04
23.750000 6.326437e-04
24.000000 6.668957e-04
24.250000 6.674199e-04
24.500000 6.326013e-04
24.750000 5.740813e-04
25.000000 5.118938e-04
25.250000 4.653797e-04
25.500000 4.427318e-04
25.750000 4.411803e-04
26.000000 4.611440e-04
26.250000 5.137089e-04
26.500000 6.069904e-04
26.750000 7.303021e-04
27.000000 8.576728e-04
27.250000 9.603265e-04
27.500000 1.016017e-03
27.750000 1.015209e-03
28.000000 9.659555e-04
28.250000 8.973119e-04
28.500000 8.556609e-04
28.750000 8.798725e-04
29.000000 9.653646e-04
29.250000 1.068918e-03
29.500000 1.144196e-03
29.750000 1.160925e-03
30.000000 1.107530e-03
30.250000 9.888251e-04
30.500000 8.223500e-04
30.750000 6.339336e-04
31.000000 4.530472e-04
31.250000 3.090073e-04
31.500000 2.273018e-04
31.750000 2.159318e-04
32.000000 2.564950e-04
32.250000 3.318179e-04
32.500000 4.293175e-04
32.750000 5.308563e-04
33.000000 6.152841e-04
33.250000 6.643567e-04
33.500000 6.668695e-04
33.750000 6.205940e-04
34.000000 5.321679e-04
34.250000 4.151419e-04
34.500000 2.866157e-04
34.750000 1.635891e-04
35.000000 6.721113e-05
35.250000 8.189823e-05
35.500000 1.651049e-04
35.750000 2.560231e-04
36.000000 3.475518e-04
36.250000 4.287108e-04
36.500000 4.841945e-04
36.750000 4.994325e-04
37.000000 4.653091e-04
37.250000 3.816624e-04
37.500000 2.609008e-04
37.750000 1.457031e-04
38.000000 1.678414e-04
38.250000 2.889706e-04
38.500000 3.947653e-04
38.750000 4.538856e-04
39.000000 4.586292e-04
39.250000 4.177104e-04
39.500000 3.592152e-04
39.750000 3.310097e-04
40.000000 3.657029e-04
40.250000 4.361321e-04
40.500000 4.965002e-04
40.750000 5.204102e-04
41.000000 5.035972e-04
41.250000 4.635562e-04
41.500000 4.383325e-04
41.750000 4.649082e-04
42.000000 5.383766e-04
42.250000 6.194756e-04
42.500000 6.715534e-04
42.750000 6.733737e-04
43.000000 6.191751e-04
43.250000 5.179082e-04
43.500000 3.949902e-04
43.750000 3.008833e-04
44.000000 3.004734e-04
44.250000 3.772337e-04
44.500000 4.609447e-04
44.750000 5.146157e-04
45.000000 5.276892e-04
45.250000 5.034508e-04
45.500000 4.530394e-04
45.750000 3.907752e-04
46.000000 3.292019e-04
46.250000 2.745725e-04
46.500000 2.258743e-04
46.750000 1.800713e-04
47.000000 1.417463e-04
47.250000 1.306208e-04
47.500000 1.600566e-04
47.750000 2.111931e-04
48.000000 2.636839e-04
48.250000 3.084599e-04
48.500000 3.438318e-04
48.750000 3.719625e-04
49.000000 3.955685e-04
49.250000 4.152070e-04
49.500000 4.285371e-04
49.750000 4.317858e-04
50.000000 4.220394e-04
