-50.000000 3.839807e-04
-49.750000 4.031450e-04
-49.500000 4.018676e-04
-49.250000 3.761060e-04
-49.000000 3.277317e-04
-48.750000 2.646033e-04
-48.500000 2.038757e-04
-48.250000 1.777230e-04
-48.000000 2.086543e-04
-47.750000 2.713843e-04
-47.500000 3.349714e-04
-47.250000 3.831018e-04
-47.000000 4.077043e-04
-46.750000 4.053366e-04
-46.500000 3.759894e-04
-46.250000 3.225461e-04
-46.000000 2.503406e-04
-45.750000 1.667511e-04
-45.500000 8.162559e-05
-45.250000 3.152059e-05
-45.000000 8.364172e-05
-44.750000 1.315746e-04
-44.500000 1.562251e-04
-44.250000 1.553084e-04
-44.000000 1.345495e-04
-43.750000 1.190082e-04
-43.500000 1.557722e-04
-43.250000 2.463570e-04
-43.000000 3.626606e-04
-42.750000 4.867178e-04
-42.500000 6.060734e-04
-42.250000 7.104968e-04
-42.000000 7.915355e-04
-41.750000 8.428005e-04
-41.500000 8.603725e-04
-41.250000 8.431511e-04
-41.000000 7.931105e-04
-40.750000 7.155150e-04
-40.500000 6.192576e-04
-40.250000 5.176260e-04
-40.000000 4.295015e-04
-39.750000 3.778214e-04
-39.500000 3.759432e-04
-39.250000 4.111104e-04
-39.000000 4.566850e-04
-38.750000 4.917344e-04
-38.500000 5.044893e-04
-38.250000 4.897550e-04
-38.000000 4.467984e-04
-37.750000 3.781360e-04
-37.500000 2.888890e-04
-37.250000 1.871540e-04
-37.000000 9.248862e-05
-36.750000 9.695092e-05
-36.500000 1.917439e-04
-36.250000 2.910262e-04
-36.000000 3.797579e-04
-35.750000 4.537115e-04
-35.500000 5.116581e-04
-35.250000 5.541942e-04
-35.000000 5.831639e-04
-34.750000 6.010995e-04
-34.500000 6.106684e-04
-34.250000 6.142335e-04
-34.000000 6.136545e-04
-33.750000 6.103929e-04
-33.500000 6.058493e-04
-33.250000 6.017312e-04
-33.000000 6.001724e-04
-32.750000 6.033702e-04
-32.500000 6.127213e-04
-32.250000 6.277964e-04
-32.000000 6.457229e-04
-31.750000 6.613316e-04
-31.500000 6.679325e-04
-31.250000 6.583084e-04
-31.000000 6.256191e-04
-30.750000 5.641133e-04
-30.500000 4.696723e-04
-30.250000 3.402730e-04
-30.000000 1.768571e-04
-29.750000 4.205307e-05
-29.500000 2.522078e-04
-29.250000 4.972938e-04
-29.000000 7.545463e-04
-28.750000 1.012496e-03
-28.500000 1.258957e-03
-28.250000 1.481335e-03
-28.000000 1.667322e-03
-27.750000 1.805721e-03
-27.500000 1.887300e-03
-27.250000 1.905660e-03
-27.000000 1.858089e-03
-26.750000 1.746415e-03
-26.500000 1.578019e-03
-26.250000 1.367413e-03
-26.000000 1.139419e-03
-25.750000 9.354140e-04
-25.500000 8.174616e-04
-25.250000 8.365683e-04
-25.000000 9.698824e-04
-24.750000 1.148322e-03
-24.500000 1.318403e-03
-24.250000 1.451424e-03
-24.000000 1.536504e-03
-23.750000 1.576892e-03
-23.500000 1.588894e-03
-23.250000 1.600125e-03
-23.000000 1.643102e-03
-22.750000 1.742238e-03
-22.500000 1.901063e-03
-22.250000 2.101016e-03
-22.000000 2.311310e-03
-21.750000 2.499728e-03
-21.500000 2.639264e-03
-21.250000 2.711679e-03
-21.000000 2.709940e-03
-20.750000 2.640685e-03
-20.500000 2.527044e-03
-20.250000 2.410732e-03
-20.000000 2.348721e-03
-19.750000 2.395890e-03
-19.500000 2.575705e-03
-19.250000 2.866431e-03
-19.000000 3.218180e-03
-18.750000 3.577256e-03
-18.500000 3.898883e-03
-18.250000 4.150626e-03
-18.000000 4.312498e-03
-17.750000 4.376333e-03
-17.500000 4.344887e-03
-17.250000 4.230534e-03
-17.000000 4.053309e-03
-16.750000 3.838109e-03
-16.500000 3.610951e-03
-16.250000 3.394571e-03
-16.000000 3.204333e-03
-15.750000 3.046117e-03
-15.500000 2.917641e-03
-15.250000 2.812925e-03
-15.000000 2.727555e-03
-14.750000 2.661802e-03
-14.500000 2.619800e-03
-14.250000 2.604989e-03
-14.000000 2.614343e-03
-13.750000 2.635218e-03
-13.500000 2.647303e-03
-13.250000 2.629068e-03
-13.000000 2.566514e-03
-12.750000 2.463115e-03
-12.500000 2.350878e-03
-12.250000 2.298415e-03
-12.000000 2.397251e-03
-11.750000 2.708537e-03
-11.500000 3.219100e-03
-11.250000 3.864203e-03
-11.000000 4.570492e-03
-10.750000 5.275809e-03
-10.500000 5.934195e-03
-10.250000 6.517932e-03
-10.000000 7.019567e-03
-9.750000 7.453066e-03
-9.500000 7.852047e-03
-9.250000 8.262831e-03
-9.000000 8.731431e-03
-8.750000 9.287237e-03
-8.500000 9.930024e-03
-8.250000 1.062643e-02
-8.000000 1.131657e-02
-7.750000 1.192633e-02
-7.500000 1.238051e-02
-7.250000 1.261427e-02
-7.000000 1.258280e-02
-6.750000 1.226992e-02
-6.500000 1.169692e-02
-6.250000 1.093285e-02
-6.000000 1.010630e-02
-5.750000 9.411327e-03
-5.500000 9.080890e-03
-5.250000 9.293251e-03
-5.000000 1.005763e-02
-4.750000 1.121284e-02
-4.500000 1.253288e-02
-4.250000 1.381175e-02
-4.000000 1.489073e-02
-3.750000 1.565866e-02
-3.500000 1.604705e-02
-3.250000 1.602584e-02
-3.000000 1.560017e-02
-2.750000 1.480740e-02
-2.500000 1.371387e-02
-2.250000 1.241127e-02
-2.000000 1.101259e-02
-1.750000 9.646594e-03
-1.500000 8.447733e-03
-1.250000 7.534027e-03
-1.000000 6.968927e-03
-0.750000 6.727201e-03
-0.500000 6.706203e-03
-0.250000 6.781922e-03
0.000000 6.858524e-03
0.250000 6.883500e-03
0.500000 6.838771e-03
0.750000 6.723385e-03
1.000000 6.536403e-03
1.250000 6.264761e-03
1.500000 5.879111e-03
1.750000 5.338229e-03
2.000000 4.600112e-03
2.250000 3.639101e-03
2.500000 2.484985e-03
2.750000 1.453735e-03
3.000000 1.915329e-03
3.250000 3.662307e-03
3.500000 5.766380e-03
3.750000 7.987871e-03
4.000000 1.019638e-02
4.250000 1.227781e-02
4.500000 1.412503e-02
4.750000 1.564065e-02
5.000000 1.674189e-02
5.250000 1.736549e-02
5.500000 1.747159e-02
5.750000 1.704645e-02
6.000000 1.610370e-02
6.250000 1.468423e-02
6.500000 1.285518e-02
6.750000 1.070904e-02
7.000000 8.366354e-03
7.250000 5.994403e-03
7.500000 3.900043e-03
7.750000 2.869778e-03
8.000000 3.640010e-03
8.250000 5.180547e-03
8.500000 6.684796e-03
8.750000 7.900491e-03
9.000000 8.737624e-03
9.250000 9.166068e-03
9.500000 9.189965e-03
9.750000 8.838310e-03
10.000000 8.159441e-03
10.250000 7.216685e-03
10.500000 6.084938e-03
10.750000 4.849456e-03
11.000000 3.611441e-03
11.250000 2.516398e-03
11.500000 1.837947e-03
11.750000 1.893722e-03
12.000000 2.450788e-03
12.250000 3.094448e-03
12.500000 3.650551e-03
12.750000 4.065382e-03
13.000000 4.329285e-03
13.250000 4.452369e-03
13.500000 4.454997e-03
13.750000 4.362600e-03
14.000000 4.202090e-03
14.250000 3.999185e-03
14.500000 3.776479e-03
14.750000 3.552232e-03
15.000000 3.339801e-03
15.250000 3.147577e-03
15.500000 2.979219e-03
15.750000 2.834059e-03
16.000000 2.707688e-03
16.250000 2.592895e-03
16.500000 2.481100e-03
16.750000 2.364318e-03
17.000000 2.237511e-03
17.250000 2.101163e-03
17.500000 1.963780e-03
17.750000 1.843587e-03
18.000000 1.767154e-03
18.250000 1.761300e-03
18.500000 1.838666e-03
18.750000 1.988199e-03
19.000000 2.180347e-03
19.250000 2.379533e-03
19.500000 2.552928e-03
19.750000 2.673976e-03
20.000000 2.723430e-03
20.250000 2.689766e-03
20.500000 2.569643e-03
20.750000 2.368673e-03
21.000000 2.102902e-03
21.250000 1.801979e-03
21.500000 1.515360e-03
21.750000 1.317931e-03
22.000000 1.286529e-03
22.250000 1.426809e-03
22.500000 1.662615e-03
22.750000 1.910816e-03
23.000000 2.115181e-03
23.250000 2.242019e-03
23.500000 2.272902e-03
23.750000 2.200884e-03
24.000000 2.028869e-03
24.250000 1.769119e-03
24.500000 1.444190e-03
24.750000 1.092088e-03
25.000000 7.861638e-04
25.250000 6.710091e-04
25.500000 8.250184e-04
25.750000 1.099737e-03
26.000000 1.368563e-03
26.250000 1.576660e-03
26.500000 1.698930e-03
26.750000 1.724572e-03
27.000000 1.652576e-03
27.250000 1.490000e-03
27.500000 1.250921e-03
27.750000 9.558288e-04
28.000000 6.330920e-04
28.250000 3.368635e-04
28.500000 2.705164e-04
28.750000 4.861824e-04
29.000000 7.158494e-04
29.250000 8.907008e-04
29.500000 9.930298e-04
29.750000 1.019205e-03
30.000000 9.762042e-04
30.250000 8.831535e-04
30.500000 7.759980e-04
30.750000 7.114200e-04
31.000000 7.448684e-04
31.250000 8.763098e-04
31.500000 1.055849e-03
31.750000 1.234009e-03
32.000000 1.377312e-03
32.250000 1.465159e-03
32.500000 1.486509e-03
32.750000 1.438238e-03
33.000000 1.324267e-03
33.250000 1.154998e-03
33.500000 9.471577e-04
33.750000 7.251013e-04
34.000000 5.267505e-04
34.250000 4.148090e-04
34.500000 4.369649e-04
34.750000 5.354539e-04
35.000000 6.325741e-04
35.250000 6.918741e-04
35.500000 7.007678e-04
35.750000 6.588710e-04
36.000000 5.745854e-04
36.250000 4.656705e-04
36.500000 3.646982e-04
36.750000 3.242843e-04
37.000000 3.731330e-04
37.250000 4.684612e-04
37.500000 5.609275e-04
37.750000 6.238426e-04
38.000000 6.443075e-04
38.250000 6.174794e-04
38.500000 5.444002e-04
38.750000 4.308877e-04
39.000000 2.866180e-04
39.250000 1.243891e-04
39.500000 4.750635e-05
39.750000 2.024499e-04
40.000000 3.361935e-04
40.250000 4.351491e-04
40.500000 4.906171e-04
40.750000 4.977501e-04
41.000000 4.560805e-04
41.250000 3.702922e-04
41.500000 2.533055e-04
41.750000 1.497527e-04
42.000000 1.961690e-04
42.250000 3.509134e-04
42.500000 5.167493e-04
42.750000 6.650447e-04
43.000000 7.809234e-04
43.250000 8.545090e-04
43.500000 8.799605e-04
43.750000 8.554525e-04
44.000000 7.831392e-04
44.250000 6.689346e-04
44.500000 5.221625e-04
44.750000 3.555246e-04
45.000000 1.887906e-04
45.250000 1.019934e-04
45.500000 2.063890e-04
45.750000 3.316936e-04
46.000000 4.289686e-04
46.250000 4.881699e-04
46.500000 5.063518e-04
46.750000 4.850615e-04
47.000000 4.300140e-04
47.250000 3.515357e-04
47.500000 2.669370e-04
47.750000 2.072746e-04
48.000000 2.104539e-04
48.250000 2.652738e-04
48.500000 3.291840e-04
48.750000 3.774030e-04
49.000000 3.992743e-04
49.250000 3.914882e-04
49.500000 3.560538e-04
49.750000 3.004266e-04
50.000000 2.398887e-04
