-50.000000 5.213179e-03
-49.750000 5.128048e-03
-49.500000 5.035427e-03
-49.250000 4.935424e-03
-49.000000 4.828165e-03
-48.750000 4.713792e-03
-48.500000 4.592465e-03
-48.250000 4.464361e-03
-48.000000 4.329672e-03
-47.750000 4.188608e-03
-47.500000 4.041391e-03
-47.250000 3.888263e-03
-47.000000 3.729477e-03
-46.750000 3.565302e-03
-46.500000 3.396021e-03
-46.250000 3.221929e-03
-46.000000 3.043336e-03
-45.750000 2.860564e-03
-45.500000 2.673946e-03
-45.250000 2.483829e-03
-45.000000 2.290573e-03
-44.750000 2.094553e-03
-44.500000 1.896161e-03
-44.250000 1.695811e-03
-44.000000 1.493953e-03
-43.750000 1.291091e-03
-43.500000 1.087834e-03
-43.250000 8.850111e-04
-43.000000 6.839842e-04
-42.750000 4.877237e-04
-42.500000 3.057333e-04
-42.250000 1.847477e-04
-42.000000 2.424049e-04
-41.750000 4.070540e-04
-41.500000 5.938983e-04
-41.250000 7.855519e-04
-41.000000 9.775492e-04
-40.750000 1.168153e-03
-40.500000 1.356452e-03
-40.250000 1.541859e-03
-40.000000 1.723937e-03
-39.750000 1.902337e-03
-39.500000 2.076768e-03
-39.250000 2.246979e-03
-39.000000 2.412756e-03
-38.750000 2.573918e-03
-38.500000 2.730312e-03
-38.250000 2.881819e-03
-38.000000 3.028350e-03
-37.750000 3.169847e-03
-37.500000 3.306284e-03
-37.250000 3.437668e-03
-37.000000 3.564041e-03
-36.750000 3.685478e-03
-36.500000 3.802091e-03
-36.250000 3.914026e-03
-36.000000 4.021467e-03
-35.750000 4.124630e-03
-35.500000 4.223772e-03
-35.250000 4.319181e-03
-35.000000 4.411181e-03
-34.750000 4.500129e-03
-34.500000 4.586411e-03
-34.250000 4.670441e-03
-34.000000 4.752660e-03
-33.750000 4.833528e-03
-33.500000 4.913524e-03
-33.250000 4.993136e-03
-33.000000 5.072861e-03
-32.750000 5.153195e-03
-32.500000 5.234628e-03
-32.250000 5.317639e-03
-32.000000 5.402685e-03
-31.750000 5.490198e-03
-31.500000 5.580575e-03
-31.250000 5.674175e-03
-31.000000 5.771313e-03
-30.750000 5.872250e-03
-30.500000 5.977196e-03
-30.250000 6.086302e-03
-30.000000 6.199659e-03
-29.750000 6.317298e-03
-29.500000 6.439189e-03
-29.250000 6.565242e-03
-29.000000 6.695309e-03
-28.750000 6.829188e-03
-28.500000 6.966624e-03
-28.250000 7.107315e-03
-28.000000 7.250916e-03
-27.750000 7.397044e-03
-27.500000 7.545282e-03
-27.250000 7.695186e-03
-27.000000 7.846286e-03
-26.750000 7.998097e-03
-26.500000 8.150119e-03
-26.250000 8.301844e-03
-26.000000 8.452761e-03
-25.750000 8.602357e-03
-25.500000 8.750129e-03
-25.250000 8.895578e-03
-25.000000 9.038223e-03
-24.750000 9.177597e-03
-24.500000 9.313258e-03
-24.250000 9.444785e-03
-24.000000 9.571791e-03
-23.750000 9.693917e-03
-23.500000 9.810844e-03
-23.250000 9.922293e-03
-23.000000 1.002803e-02
-22.750000 1.012786e-02
-22.500000 1.022165e-02
-22.250000 1.030934e-02
-22.000000 1.039088e-02
-21.750000 1.046634e-02
-21.500000 1.053582e-02
-21.250000 1.059952e-02
-21.000000 1.065769e-02
-20.750000 1.071068e-02
-20.500000 1.075892e-02
-20.250000 1.080293e-02
-20.000000 1.084331e-02
-19.750000 1.088076e-02
-19.500000 1.091609e-02
-19.250000 1.095019e-02
-19.000000 1.098404e-02
-18.750000 1.101874e-02
-18.500000 1.105544e-02
-18.250000 1.109542e-02
-18.000000 1.114000e-02
-17.750000 1.119058e-02
-17.500000 1.124862e-02
-17.250000 1.131558e-02
-17.000000 1.139299e-02
-16.750000 1.148233e-02
-16.500000 1.158507e-02
-16.250000 1.170264e-02
-16.000000 1.183636e-02
-15.750000 1.198748e-02
-15.500000 1.215711e-02
-15.250000 1.234624e-02
-15.000000 1.255567e-02
-14.750000 1.278605e-02
-14.500000 1.303785e-02
-14.250000 1.331134e-02
-14.000000 1.360663e-02
-13.750000 1.392364e-02
-13.500000 1.426212e-02
-13.250000 1.462169e-02
-13.000000 1.500180e-02
-12.750000 1.540177e-02
-12.500000 1.582082e-02
-12.250000 1.625809e-02
-12.000000 1.671259e-02
-11.750000 1.718331e-02
-11.500000 1.766915e-02
-11.250000 1.816897e-02
-11.000000 1.868162e-02
-10.750000 1.920588e-02
-10.500000 1.974056e-02
-10.250000 2.028443e-02
-10.000000 2.083624e-02
-9.750000 2.139478e-02
-9.500000 2.195881e-02
-9.250000 2.252712e-02
-9.000000 2.309848e-02
-8.750000 2.367169e-02
-8.500000 2.424558e-02
-8.250000 2.481897e-02
-8.000000 2.539070e-02
-7.750000 2.595965e-02
-7.500000 2.652470e-02
-7.250000 2.708475e-02
-7.000000 2.763875e-02
-6.750000 2.818565e-02
-6.500000 2.872442e-02
-6.250000 2.925408e-02
-6.000000 2.977367e-02
-5.750000 3.028224e-02
-5.500000 3.077889e-02
-5.250000 3.126275e-02
-5.000000 3.173296e-02
-4.750000 3.218871e-02
-4.500000 3.262923e-02
-4.250000 3.305376e-02
-4.000000 3.346159e-02
-3.750000 3.385204e-02
-3.500000 3.422448e-02
-3.250000 3.457829e-02
-3.000000 3.491292e-02
-2.750000 3.522782e-02
-2.500000 3.552251e-02
-2.250000 3.579654e-02
-2.000000 3.604949e-02
-1.750000 3.628100e-02
-1.500000 3.649072e-02
-1.250000 3.667837e-02
-1.000000 3.684370e-02
-0.750000 3.698650e-02
-0.500000 3.710659e-02
-0.250000 3.720386e-02
0.000000 3.727821e-02
0.250000 3.732959e-02
0.500000 3.735801e-02
0.750000 3.736350e-02
1.000000 3.734613e-02
1.250000 3.730602e-02
1.500000 3.724333e-02
1.750000 3.715824e-02
2.000000 3.705100e-02
2.250000 3.692186e-02
2.500000 3.677114e-02
2.750000 3.659918e-02
3.000000 3.640635e-02
3.250000 3.619307e-02
3.500000 3.595978e-02
3.750000 3.570695e-02
4.000000 3.543511e-02
4.250000 3.514477e-02
4.500000 3.483651e-02
4.750000 3.451093e-02
5.000000 3.416864e-02
5.250000 3.381028e-02
5.500000 3.343652e-02
5.750000 3.304805e-02
6.000000 3.264559e-02
6.250000 3.222984e-02
6.500000 3.180157e-02
6.750000 3.136153e-02
7.000000 3.091049e-02
7.250000 3.044924e-02
7.500000 2.997857e-02
7.750000 2.949929e-02
8.000000 2.901221e-02
8.250000 2.851815e-02
8.500000 2.801793e-02
8.750000 2.751236e-02
9.000000 2.700228e-02
9.250000 2.648850e-02
9.500000 2.597184e-02
9.750000 2.545311e-02
10.000000 2.493312e-02
10.250000 2.441267e-02
10.500000 2.389253e-02
10.750000 2.337349e-02
11.000000 2.285632e-02
11.250000 2.234174e-02
11.500000 2.183051e-02
11.750000 2.132333e-02
12.000000 2.082089e-02
12.250000 2.032387e-02
12.500000 1.983293e-02
12.750000 1.934868e-02
13.000000 1.887174e-02
13.250000 1.840268e-02
13.500000 1.794206e-02
13.750000 1.749041e-02
14.000000 1.704822e-02
14.250000 1.661595e-02
14.500000 1.619407e-02
14.750000 1.578296e-02
15.000000 1.538302e-02
15.250000 1.499460e-02
15.500000 1.461801e-02
15.750000 1.425355e-02
16.000000 1.390147e-02
16.250000 1.356201e-02
16.500000 1.323536e-02
16.750000 1.292170e-02
17.000000 1.262116e-02
17.250000 1.233387e-02
17.500000 1.205991e-02
17.750000 1.179933e-02
18.000000 1.155219e-02
18.250000 1.131848e-02
18.500000 1.109819e-02
18.750000 1.089129e-02
19.000000 1.069771e-02
19.250000 1.051737e-02
19.500000 1.035017e-02
19.750000 1.019598e-02
20.000000 1.005465e-02
20.250000 9.926022e-03
20.500000 9.809892e-03
20.750000 9.706050e-03
21.000000 9.614263e-03
21.250000 9.534272e-03
21.500000 9.465796e-03
21.750000 9.408532e-03
22.000000 9.362151e-03
22.250000 9.326304e-03
22.500000 9.300615e-03
22.750000 9.284687e-03
23.000000 9.278099e-03
23.250000 9.280408e-03
23.500000 9.291150e-03
23.750000 9.309841e-03
24.000000 9.335976e-03
24.250000 9.369034e-03
24.500000 9.408479e-03
24.750000 9.453759e-03
25.000000 9.504310e-03
25.250000 9.559558e-03
25.500000 9.618922e-03
25.750000 9.681813e-03
26.000000 9.747638e-03
26.250000 9.815802e-03
26.500000 9.885712e-03
26.750000 9.956773e-03
27.000000 1.002840e-02
27.250000 1.010000e-02
27.500000 1.017100e-02
27.750000 1.024084e-02
28.000000 1.030895e-02
28.250000 1.037480e-02
28.500000 1.043784e-02
28.750000 1.049756e-02
29.000000 1.055346e-02
29.250000 1.060506e-02
29.500000 1.065188e-02
29.750000 1.069349e-02
30.000000 1.072944e-02
30.250000 1.075935e-02
30.500000 1.078281e-02
30.750000 1.079947e-02
31.000000 1.080898e-02
31.250000 1.081104e-02
31.500000 1.080535e-02
31.750000 1.079164e-02
32.000000 1.076967e-02
32.250000 1.073923e-02
32.500000 1.070012e-02
32.750000 1.065217e-02
33.000000 1.059526e-02
33.250000 1.052926e-02
33.500000 1.045408e-02
33.750000 1.036968e-02
34.000000 1.027602e-02
34.250000 1.017307e-02
34.500000 1.006088e-02
34.750000 9.939472e-03
35.000000 9.808924e-03
35.250000 9.669328e-03
35.500000 9.520806e-03
35.750000 9.363502e-03
36.000000 9.197585e-03
36.250000 9.023247e-03
36.500000 8.840705e-03
36.750000 8.650199e-03
37.000000 8.451991e-03
37.250000 8.246366e-03
37.500000 8.033631e-03
37.750000 7.814115e-03
38.000000 7.588168e-03
38.250000 7.356162e-03
38.500000 7.118490e-03
38.750000 6.875568e-03
39.000000 6.627835e-03
39.250000 6.375750e-03
39.500000 6.119800e-03
39.750000 5.860497e-03
40.000000 5.598383e-03
40.250000 5.334033e-03
40.500000 5.068060e-03
40.750000 4.801123e-03
41.000000 4.533935e-03
41.250000 4.267280e-03
41.500000 4.002028e-03
41.750000 3.739158e-03
42.000000 3.479799e-03
42.250000 3.225271e-03
42.500000 2.977154e-03
42.750000 2.737372e-03
43.000000 2.508310e-03
43.250000 2.292960e-03
43.500000 2.095075e-03
43.750000 1.919295e-03
44.000000 1.771128e-03
44.250000 1.656574e-03
44.500000 1.581212e-03
44.750000 1.548750e-03
45.000000 1.559645e-03
45.250000 1.610676e-03
45.500000 1.695841e-03
45.750000 1.807957e-03
46.000000 1.940047e-03
46.250000 2.086091e-03
46.500000 2.241228e-03
46.750000 2.401668e-03
47.000000 2.564492e-03
47.250000 2.727460e-03
47.500000 2.888842e-03
47.750000 3.047291e-03
48.000000 3.201750e-03
48.250000 3.351380e-03
48.500000 3.495510e-03
48.750000 3.633607e-03
49.000000 3.765238e-03
49.250000 3.890062e-03
49.500000 4.007807e-03
49.750000 4.118264e-03
50.000000 4.221276e-03
