-50.000000 8.701626e-03
-49.750000 8.660742e-03
-49.500000 8.597450e-03
-49.250000 8.511884e-03
-49.000000 8.404555e-03
-48.750000 8.276386e-03
-48.500000 8.128765e-03
-48.250000 7.963594e-03
-48.000000 7.783359e-03
-47.750000 7.591192e-03
-47.500000 7.390957e-03
-47.250000 7.187318e-03
-47.000000 6.985807e-03
-46.750000 6.792852e-03
-46.500000 6.615744e-03
-46.250000 6.462497e-03
-46.000000 6.341563e-03
-45.750000 6.261363e-03
-45.500000 6.229651e-03
-45.250000 6.252782e-03
-45.000000 6.335035e-03
-44.750000 6.478158e-03
-44.500000 6.681259e-03
-44.250000 6.941060e-03
-44.000000 7.252415e-03
-43.750000 7.608925e-03
-43.500000 8.003522e-03
-43.250000 8.428936e-03
-43.000000 8.878011e-03
-42.750000 9.343897e-03
-42.500000 9.820148e-03
-42.250000 1.030075e-02
-42.000000 1.078012e-02
-41.750000 1.125309e-02
-41.500000 1.171485e-02
-41.250000 1.216094e-02
-41.000000 1.258725e-02
-40.750000 1.298991e-02
-40.500000 1.336538e-02
-40.250000 1.371035e-02
-40.000000 1.402179e-02
-39.750000 1.429690e-02
-39.500000 1.453314e-02
-39.250000 1.472821e-02
-39.000000 1.488008e-02
-38.750000 1.498695e-02
-38.500000 1.504729e-02
-38.250000 1.505983e-02
-38.000000 1.502358e-02
-37.750000 1.493784e-02
-37.500000 1.480217e-02
-37.250000 1.461647e-02
-37.000000 1.438094e-02
-36.750000 1.409614e-02
-36.500000 1.376295e-02
-36.250000 1.338268e-02
-36.000000 1.295706e-02
-35.750000 1.248831e-02
-35.500000 1.197920e-02
-35.250000 1.143317e-02
-35.000000 1.085447e-02
-34.750000 1.024835e-02
-34.500000 9.621399e-03
-34.250000 8.981907e-03
-34.000000 8.340508e-03
-33.750000 7.710977e-03
-33.500000 7.111283e-03
-33.250000 6.564700e-03
-33.000000 6.100473e-03
-32.750000 5.752791e-03
-32.500000 5.556331e-03
-32.250000 5.537797e-03
-32.000000 5.706861e-03
-31.750000 6.052977e-03
-31.500000 6.550675e-03
-31.250000 7.168687e-03
-31.000000 7.877048e-03
-30.750000 8.650319e-03
-30.500000 9.468077e-03
-30.250000 1.031423e-02
-30.000000 1.117606e-02
-29.750000 1.204339e-02
-29.500000 1.290792e-02
-29.250000 1.376276e-02
-29.000000 1.460210e-02
-28.750000 1.542097e-02
-28.500000 1.621511e-02
-28.250000 1.698082e-02
-28.000000 1.771492e-02
-27.750000 1.841471e-02
-27.500000 1.907787e-02
-27.250000 1.970253e-02
-27.000000 2.028716e-02
-26.750000 2.083065e-02
-26.500000 2.133224e-02
-26.250000 2.179152e-02
-26.000000 2.220848e-02
-25.750000 2.258343e-02
-25.500000 2.291703e-02
-25.250000 2.321030e-02
-25.000000 2.346459e-02
-24.750000 2.368153e-02
-24.500000 2.386308e-02
-24.250000 2.401147e-02
-24.000000 2.412916e-02
-23.750000 2.421884e-02
-23.500000 2.428338e-02
-23.250000 2.432576e-02
-23.000000 2.434906e-02
-22.750000 2.435640e-02
-22.500000 2.435083e-02
-22.250000 2.433535e-02
-22.000000 2.431276e-02
-21.750000 2.428566e-02
-21.500000 2.425634e-02
-21.250000 2.422675e-02
-21.000000 2.419842e-02
-20.750000 2.417244e-02
-20.500000 2.414942e-02
-20.250000 2.412943e-02
-20.000000 2.411209e-02
-19.750000 2.409648e-02
-19.500000 2.408125e-02
-19.250000 2.406460e-02
-19.000000 2.404441e-02
-18.750000 2.401824e-02
-18.500000 2.398350e-02
-18.250000 2.393746e-02
-18.000000 2.387745e-02
-17.750000 2.380088e-02
-17.500000 2.370544e-02
-17.250000 2.358921e-02
-17.000000 2.345078e-02
-16.750000 2.328942e-02
-16.500000 2.310525e-02
-16.250000 2.289941e-02
-16.000000 2.267423e-02
-15.750000 2.243348e-02
-15.500000 2.218254e-02
-15.250000 2.192863e-02
-15.000000 2.168102e-02
-14.750000 2.145119e-02
-14.500000 2.125288e-02
-14.250000 2.110210e-02
-14.000000 2.101682e-02
-13.750000 2.101653e-02
-13.500000 2.112145e-02
-13.250000 2.135145e-02
-13.000000 2.172492e-02
-12.750000 2.225747e-02
-12.500000 2.296096e-02
-12.250000 2.384284e-02
-12.000000 2.490604e-02
-11.750000 2.614926e-02
-11.500000 2.756761e-02
-11.250000 2.915339e-02
-11.000000 3.089694e-02
-10.750000 3.278734e-02
-10.500000 3.481295e-02
-10.250000 3.696183e-02
-10.000000 3.922202e-02
-9.750000 4.158169e-02
-9.500000 4.402924e-02
-9.250000 4.655333e-02
-9.000000 4.914288e-02
-8.750000 5.178704e-02
-8.500000 5.447522e-02
-8.250000 5.719701e-02
-8.000000 5.994220e-02
-7.750000 6.270075e-02
-7.500000 6.546278e-02
-7.250000 6.821855e-02
-7.000000 7.095848e-02
-6.750000 7.367314e-02
-6.500000 7.635327e-02
-6.250000 7.898977e-02
-6.000000 8.157371e-02
-5.750000 8.409639e-02
-5.500000 8.654928e-02
-5.250000 8.892413e-02
-5.000000 9.121291e-02
-4.750000 9.340787e-02
-4.500000 9.550158e-02
-4.250000 9.748688e-02
-4.000000 9.935700e-02
-3.750000 1.011055e-01
-3.500000 1.027263e-01
-3.250000 1.042137e-01
-3.000000 1.055626e-01
-2.750000 1.067681e-01
-2.500000 1.078258e-01
-2.250000 1.087320e-01
-2.000000 1.094831e-01
-1.750000 1.100764e-01
-1.500000 1.105094e-01
-1.250000 1.107804e-01
-1.000000 1.108879e-01
-0.750000 1.108313e-01
-0.500000 1.106103e-01
-0.250000 1.102253e-01
0.000000 1.096772e-01
0.250000 1.089674e-01
0.500000 1.080979e-01
0.750000 1.070714e-01
1.000000 1.058911e-01
1.250000 1.045606e-01
1.500000 1.030842e-01
1.750000 1.014668e-01
2.000000 9.971373e-02
2.250000 9.783098e-02
2.500000 9.582501e-02
2.750000 9.370287e-02
3.000000 9.147210e-02
3.250000 8.914083e-02
3.500000 8.671771e-02
3.750000 8.421194e-02
4.000000 8.163326e-02
4.250000 7.899200e-02
4.500000 7.629905e-02
4.750000 7.356592e-02
5.000000 7.080475e-02
5.250000 6.802834e-02
5.500000 6.525021e-02
5.750000 6.248462e-02
6.000000 5.974665e-02
6.250000 5.705223e-02
6.500000 5.441816e-02
6.750000 5.186215e-02
7.000000 4.940275e-02
7.250000 4.705930e-02
7.500000 4.485165e-02
7.750000 4.279984e-02
8.000000 4.092352e-02
8.250000 3.924117e-02
8.500000 3.776908e-02
8.750000 3.652015e-02
9.000000 3.550268e-02
9.250000 3.471923e-02
9.500000 3.416593e-02
9.750000 3.383226e-02
10.000000 3.370158e-02
10.250000 3.375212e-02
10.500000 3.395843e-02
10.750000 3.429302e-02
11.000000 3.472778e-02
11.250000 3.523526e-02
11.500000 3.578953e-02
11.750000 3.636682e-02
12.000000 3.694574e-02
12.250000 3.750747e-02
12.500000 3.803566e-02
12.750000 3.851632e-02
13.000000 3.893762e-02
13.250000 3.928974e-02
13.500000 3.956467e-02
13.750000 3.975599e-02
14.000000 3.985877e-02
14.250000 3.986937e-02
14.500000 3.978532e-02
14.750000 3.960525e-02
15.000000 3.932870e-02
15.250000 3.895615e-02
15.500000 3.848882e-02
15.750000 3.792872e-02
16.000000 3.727850e-02
16.250000 3.654145e-02
16.500000 3.572143e-02
16.750000 3.482288e-02
17.000000 3.385073e-02
17.250000 3.281040e-02
17.500000 3.170780e-02
17.750000 3.054932e-02
18.000000 2.934179e-02
18.250000 2.809257e-02
18.500000 2.680949e-02
18.750000 2.550099e-02
19.000000 2.417610e-02
19.250000 2.284461e-02
19.500000 2.151713e-02
19.750000 2.020532e-02
20.000000 1.892201e-02
20.250000 1.768147e-02
20.500000 1.649959e-02
20.750000 1.539401e-02
21.000000 1.438406e-02
21.250000 1.349031e-02
21.500000 1.273347e-02
21.750000 1.213249e-02
22.000000 1.170184e-02
22.250000 1.144861e-02
22.500000 1.137032e-02
22.750000 1.145458e-02
23.000000 1.168079e-02
23.250000 1.202333e-02
23.500000 1.245489e-02
23.750000 1.294917e-02
24.000000 1.348250e-02
24.250000 1.403448e-02
24.500000 1.458807e-02
24.750000 1.512932e-02
25.000000 1.564695e-02
25.250000 1.613196e-02
25.500000 1.657726e-02
25.750000 1.697732e-02
26.000000 1.732799e-02
26.250000 1.762620e-02
26.500000 1.786985e-02
26.750000 1.805770e-02
27.000000 1.818920e-02
27.250000 1.826446e-02
27.500000 1.828415e-02
27.750000 1.824949e-02
28.000000 1.816214e-02
28.250000 1.802421e-02
28.500000 1.783820e-02
28.750000 1.760699e-02
29.000000 1.733381e-02
29.250000 1.702221e-02
29.500000 1.667604e-02
29.750000 1.629945e-02
30.000000 1.589687e-02
30.250000 1.547295e-02
30.500000 1.503262e-02
30.750000 1.458100e-02
31.000000 1.412340e-02
31.250000 1.366531e-02
31.500000 1.321230e-02
31.750000 1.277003e-02
32.000000 1.234411e-02
32.250000 1.194001e-02
32.500000 1.156296e-02
32.750000 1.121774e-02
33.000000 1.090856e-02
33.250000 1.063882e-02
33.500000 1.041095e-02
33.750000 1.022627e-02
34.000000 1.008487e-02
34.250000 9.985640e-03
34.500000 9.926304e-03
34.750000 9.903584e-03
35.000000 9.913414e-03
35.250000 9.951189e-03
35.500000 1.001202e-02
35.750000 1.009099e-02
36.000000 1.018331e-02
36.250000 1.028454e-02
36.500000 1.039067e-02
36.750000 1.049819e-02
37.000000 1.060417e-02
37.250000 1.070623e-02
37.500000 1.080255e-02
37.750000 1.089190e-02
38.000000 1.097352e-02
38.250000 1.104717e-02
38.500000 1.111305e-02
38.750000 1.117175e-02
39.000000 1.122421e-02
39.250000 1.127168e-02
39.500000 1.131562e-02
39.750000 1.135771e-02
40.000000 1.139971e-02
40.250000 1.144343e-02
40.500000 1.149066e-02
40.750000 1.154311e-02
41.000000 1.160230e-02
41.250000 1.166955e-02
41.500000 1.174589e-02
41.750000 1.183204e-02
42.000000 1.192834e-02
42.250000 1.203478e-02
42.500000 1.215096e-02
42.750000 1.227609e-02
43.000000 1.240904e-02
43.250000 1.254837e-02
43.500000 1.269233e-02
43.750000 1.283897e-02
44.000000 1.298612e-02
44.250000 1.313150e-02
44.500000 1.327272e-02
44.750000 1.340735e-02
45.000000 1.353297e-02
45.250000 1.364719e-02
45.500000 1.374770e-02
45.750000 1.383227e-02
46.000000 1.389882e-02
46.250000 1.394540e-02
46.500000 1.397024e-02
46.750000 1.397174e-02
47.000000 1.394848e-02
47.250000 1.389927e-02
47.500000 1.382311e-02
47.750000 1.371921e-02
48.000000 1.358700e-02
48.250000 1.342614e-02
48.500000 1.323650e-02
48.750000 1.301819e-02
49.000000 1.277152e-02
49.250000 1.249706e-02
49.500000 1.219558e-02
49.750000 1.186809e-02
50.000000 1.151583e-02
