-50.000000 5.230080e-04
-49.750000 4.654351e-04
-49.500000 3.913274e-04
-49.250000 3.326208e-04
-49.000000 3.067429e-04
-48.750000 3.000577e-04
-48.500000 2.867980e-04
-48.250000 2.550428e-04
-48.000000 2.123892e-04
-47.750000 1.831460e-04
-47.500000 1.905666e-04
-47.250000 2.242898e-04
-47.000000 2.570000e-04
-46.750000 2.713063e-04
-46.500000 2.601385e-04
-46.250000 2.242946e-04
-46.000000 1.762668e-04
-45.750000 1.541639e-04
-45.500000 1.983310e-04
-45.250000 2.778631e-04
-45.000000 3.482401e-04
-44.750000 3.823908e-04
-44.500000 3.652030e-04
-44.250000 2.930474e-04
-44.000000 1.746033e-04
-43.750000 3.484394e-05
-43.500000 1.223834e-04
-43.250000 2.411225e-04
-43.000000 3.104871e-04
-42.750000 3.192843e-04
-42.500000 2.757945e-04
-42.250000 2.180359e-04
-42.000000 2.163261e-04
-41.750000 2.788310e-04
-41.500000 3.361090e-04
-41.250000 3.441837e-04
-41.000000 2.952815e-04
-40.750000 2.245154e-04
-40.500000 2.309936e-04
-40.250000 3.374728e-04
-40.000000 4.476387e-04
-39.750000 5.016445e-04
-39.500000 4.749465e-04
-39.250000 3.692885e-04
-39.000000 2.172458e-04
-38.750000 1.472555e-04
-38.500000 2.715658e-04
-38.250000 3.970378e-04
-38.000000 4.547488e-04
-37.750000 4.340473e-04
-37.500000 3.569552e-04
-37.250000 2.844356e-04
-37.000000 2.939823e-04
-36.750000 3.609174e-04
-36.500000 4.027856e-04
-36.250000 3.774984e-04
-36.000000 2.795815e-04
-35.750000 1.340303e-04
-35.500000 1.046144e-04
-35.250000 2.562075e-04
-35.000000 3.794002e-04
-34.750000 4.385333e-04
-34.500000 4.265566e-04
-34.250000 3.539665e-04
-34.000000 2.440586e-04
-33.750000 1.267020e-04
-33.500000 3.963458e-05
-33.250000 5.622992e-05
-33.000000 7.498028e-05
-32.750000 6.135984e-05
-32.500000 3.585312e-05
-32.250000 5.038029e-05
-32.000000 8.943476e-05
-31.750000 1.294666e-04
-31.500000 1.747211e-04
-31.250000 2.300193e-04
-31.000000 2.908918e-04
-30.750000 3.467154e-04
-30.500000 3.871261e-04
-30.250000 4.047894e-04
-30.000000 3.945094e-04
-29.750000 3.513539e-04
-29.500000 2.707993e-04
-29.250000 1.519707e-04
-29.000000 1.448808e-05
-28.750000 1.660963e-04
-28.500000 3.213353e-04
-28.250000 4.385541e-04
-28.000000 4.958493e-04
-27.750000 4.882031e-04
-27.500000 4.390818e-04
-27.250000 4.072473e-04
-27.000000 4.453518e-04
-26.750000 5.226965e-04
-26.500000 5.691715e-04
-26.250000 5.421957e-04
-26.000000 4.427384e-04
-25.750000 3.339929e-04
-25.500000 3.470806e-04
-25.250000 4.695653e-04
-25.000000 5.626783e-04
-24.750000 5.512468e-04
-24.500000 4.208791e-04
-24.250000 2.492599e-04
-24.000000 3.484538e-04
-23.750000 6.347220e-04
-23.500000 8.745833e-04
-23.250000 9.806942e-04
-23.000000 9.144415e-04
-22.750000 6.799509e-04
-22.500000 3.296680e-04
-22.250000 1.922429e-04
-22.000000 5.434517e-04
-21.750000 8.236508e-04
-21.500000 9.438466e-04
-21.250000 8.839727e-04
-21.000000 6.737499e-04
-20.750000 4.093142e-04
-20.500000 3.407564e-04
-20.250000 5.254966e-04
-20.000000 6.683490e-04
-19.750000 6.618006e-04
-19.500000 4.911259e-04
-19.250000 1.899928e-04
-19.000000 1.927165e-04
-18.750000 5.609560e-04
-18.500000 8.604154e-04
-18.250000 1.046175e-03
-18.000000 1.113488e-03
-17.750000 1.104697e-03
-17.500000 1.103156e-03
-17.250000 1.186809e-03
-17.000000 1.360101e-03
-16.750000 1.565003e-03
-16.500000 1.744188e-03
-16.250000 1.869210e-03
-16.000000 1.938734e-03
-15.750000 1.967922e-03
-15.500000 1.977467e-03
-15.250000 1.988104e-03
-15.000000 2.024638e-03
-14.750000 2.124883e-03
-14.500000 2.336677e-03
-14.250000 2.690506e-03
-14.000000 3.169469e-03
-13.750000 3.708251e-03
-13.500000 4.214769e-03
-13.250000 4.594378e-03
-13.000000 4.770722e-03
-12.750000 4.703454e-03
-12.500000 4.401942e-03
-12.250000 3.933161e-03
-12.000000 3.420405e-03
-11.750000 3.019301e-03
-11.500000 2.842320e-03
-11.250000 2.864996e-03
-11.000000 2.954864e-03
-10.750000 2.993201e-03
-10.500000 2.934399e-03
-10.250000 2.800148e-03
-10.000000 2.657003e-03
-9.750000 2.592631e-03
-9.500000 2.684402e-03
-9.250000 2.960109e-03
-9.000000 3.380677e-03
-8.750000 3.859167e-03
-8.500000 4.288579e-03
-8.250000 4.562767e-03
-8.000000 4.594698e-03
-7.750000 4.336238e-03
-7.500000 3.803225e-03
-7.250000 3.120246e-03
-7.000000 2.611828e-03
-6.750000 2.755012e-03
-6.500000 3.558959e-03
-6.250000 4.580821e-03
-6.000000 5.486217e-03
-5.750000 6.097963e-03
-5.500000 6.344472e-03
-5.250000 6.239694e-03
-5.000000 5.868541e-03
-4.750000 5.363620e-03
-4.500000 4.872824e-03
-4.250000 4.528011e-03
-4.000000 4.426494e-03
-3.750000 4.615081e-03
-3.500000 5.056202e-03
-3.250000 5.605554e-03
-3.000000 6.042706e-03
-2.750000 6.139033e-03
-2.500000 5.738481e-03
-2.250000 4.863623e-03
-2.000000 3.928195e-03
-1.750000 3.973005e-03
-1.500000 5.445412e-03
-1.250000 7.426657e-03
-1.000000 9.105000e-03
-0.750000 1.000687e-02
-0.500000 9.890061e-03
-0.250000 8.730550e-03
0.000000 6.733904e-03
0.250000 4.391431e-03
0.500000 2.858154e-03
0.750000 3.568265e-03
1.000000 5.002782e-03
1.250000 5.878677e-03
1.500000 5.954427e-03
1.750000 5.457129e-03
2.000000 4.998419e-03
2.250000 5.263869e-03
2.500000 6.210787e-03
2.750000 7.183433e-03
3.000000 7.642230e-03
3.250000 7.343165e-03
3.500000 6.296763e-03
3.750000 4.725850e-03
4.000000 3.073771e-03
4.250000 2.178670e-03
4.500000 2.602725e-03
4.750000 3.291596e-03
5.000000 3.543834e-03
5.250000 3.236427e-03
5.500000 2.474735e-03
5.750000 1.484015e-03
6.000000 6.436915e-04
6.250000 7.636600e-04
6.500000 1.147820e-03
6.750000 1.181454e-03
7.000000 8.351266e-04
7.250000 3.045255e-04
7.500000 7.632708e-04
7.750000 1.567710e-03
8.000000 2.253955e-03
8.250000 2.707704e-03
8.500000 2.881894e-03
8.750000 2.784917e-03
9.000000 2.467452e-03
9.250000 2.004297e-03
9.500000 1.475994e-03
9.750000 9.554040e-04
10.000000 5.046113e-04
10.250000 2.087260e-04
10.500000 2.334755e-04
10.750000 3.171460e-04
11.000000 3.183842e-04
11.250000 3.320555e-04
11.500000 5.311744e-04
11.750000 8.817669e-04
12.000000 1.281532e-03
12.250000 1.654086e-03
12.500000 1.939979e-03
12.750000 2.098636e-03
13.000000 2.113024e-03
13.250000 1.991454e-03
13.500000 1.765430e-03
13.750000 1.484668e-03
14.000000 1.211467e-03
14.250000 1.013556e-03
14.500000 9.421662e-04
14.750000 9.942875e-04
15.000000 1.122072e-03
15.250000 1.281674e-03
15.500000 1.446455e-03
15.750000 1.596791e-03
16.000000 1.713267e-03
16.250000 1.777129e-03
16.500000 1.775137e-03
16.750000 1.706081e-03
17.000000 1.586521e-03
17.250000 1.451794e-03
17.500000 1.344624e-03
17.750000 1.286460e-03
18.000000 1.253347e-03
18.250000 1.190932e-03
18.500000 1.053211e-03
18.750000 8.299183e-04
19.000000 5.657654e-04
19.250000 4.101792e-04
19.500000 5.158035e-04
19.750000 6.883476e-04
20.000000 7.604944e-04
20.250000 6.801709e-04
20.500000 4.575147e-04
20.750000 2.097415e-04
21.000000 3.906805e-04
21.250000 7.194655e-04
21.500000 9.545400e-04
21.750000 1.029839e-03
22.000000 9.261654e-04
22.250000 6.657036e-04
22.500000 3.082894e-04
22.750000 1.207767e-04
23.000000 4.253221e-04
23.250000 6.247247e-04
23.500000 6.625978e-04
23.750000 5.409306e-04
24.000000 3.196675e-04
24.250000 2.519455e-04
24.500000 4.941146e-04
24.750000 7.252926e-04
25.000000 8.391841e-04
25.250000 8.075369e-04
25.500000 6.430630e-04
25.750000 3.912168e-04
26.000000 1.341811e-04
26.250000 1.799373e-04
26.500000 3.226304e-04
26.750000 3.536655e-04
27.000000 2.643374e-04
27.250000 1.052538e-04
27.500000 2.203410e-04
27.750000 4.691681e-04
28.000000 6.839877e-04
28.250000 8.243002e-04
28.500000 8.738725e-04
28.750000 8.363790e-04
29.000000 7.300127e-04
29.250000 5.796654e-04
29.500000 4.092079e-04
29.750000 2.366283e-04
30.000000 7.347544e-05
30.250000 7.454034e-05
30.500000 2.009077e-04
30.750000 3.051057e-04
31.000000 3.895997e-04
31.250000 4.607068e-04
31.500000 5.239531e-04
31.750000 5.794418e-04
32.000000 6.234210e-04
32.250000 6.563867e-04
32.500000 6.902207e-04
32.750000 7.436845e-04
33.000000 8.236511e-04
33.250000 9.116687e-04
33.500000 9.730306e-04
33.750000 9.759849e-04
34.000000 9.068428e-04
34.250000 7.800228e-04
34.500000 6.454338e-04
34.750000 5.796971e-04
35.000000 6.121749e-04
35.250000 6.728560e-04
35.500000 6.806098e-04
35.750000 5.973227e-04
36.000000 4.276206e-04
36.250000 2.348019e-04
36.500000 2.581274e-04
36.750000 4.684286e-04
37.000000 6.495442e-04
37.250000 7.439433e-04
37.500000 7.388246e-04
37.750000 6.495619e-04
38.000000 5.176893e-04
38.250000 4.096010e-04
38.500000 3.861423e-04
38.750000 4.228565e-04
39.000000 4.474158e-04
39.250000 4.222212e-04
39.500000 3.449190e-04
39.750000 2.329607e-04
40.000000 1.123882e-04
40.250000 9.077886e-06
40.500000 5.801798e-05
40.750000 8.074811e-05
41.000000 6.309483e-05
41.250000 2.422820e-05
41.500000 4.938155e-05
41.750000 9.785971e-05
42.000000 1.311067e-04
42.250000 1.497731e-04
42.500000 1.692511e-04
42.750000 2.051661e-04
43.000000 2.534877e-04
43.250000 2.956178e-04
43.500000 3.134719e-04
43.750000 2.961406e-04
44.000000 2.414604e-04
44.250000 1.554884e-04
44.500000 5.196368e-05
44.750000 6.639966e-05
45.000000 1.665732e-04
45.250000 2.475399e-04
45.500000 3.010797e-04
45.750000 3.246162e-04
46.000000 3.194317e-04
46.250000 2.894015e-04
46.500000 2.400841e-04
46.750000 1.783916e-04
47.000000 1.126876e-04
47.250000 5.376111e-05
47.500000 2.747843e-05
47.750000 4.527778e-05
48.000000 5.490816e-05
48.250000 5.185047e-05
48.500000 5.071644e-05
48.750000 6.340548e-05
49.000000 7.770728e-05
49.250000 7.767729e-05
49.500000 5.623503e-05
49.750000 2.940967e-05
50.000000 7.233979e-05
