-50.000000 6.392839e-03
-49.750000 6.275086e-03
-49.500000 6.144423e-03
-49.250000 6.000818e-03
-49.000000 5.844268e-03
-48.750000 5.674805e-03
-48.500000 5.492501e-03
-48.250000 5.297470e-03
-48.000000 5.089878e-03
-47.750000 4.869948e-03
-47.500000 4.637976e-03
-47.250000 4.394350e-03
-47.000000 4.139578e-03
-46.750000 3.874325e-03
-46.500000 3.599487e-03
-46.250000 3.316285e-03
-46.000000 3.026436e-03
-45.750000 2.732437e-03
-45.500000 2.438056e-03
-45.250000 2.149201e-03
-45.000000 1.875450e-03
-44.750000 1.632554e-03
-44.500000 1.445395e-03
-44.250000 1.347327e-03
-44.000000 1.367289e-03
-43.750000 1.509028e-03
-43.500000 1.750199e-03
-43.250000 2.061964e-03
-43.000000 2.421967e-03
-42.750000 2.815692e-03
-42.500000 3.234099e-03
-42.250000 3.671452e-03
-42.000000 4.123958e-03
-41.750000 4.588971e-03
-41.500000 5.064547e-03
-41.250000 5.549177e-03
-41.000000 6.041635e-03
-40.750000 6.540878e-03
-40.500000 7.045988e-03
-40.250000 7.556134e-03
-40.000000 8.070541e-03
-39.750000 8.588478e-03
-39.500000 9.109241e-03
-39.250000 9.632150e-03
-39.000000 1.015654e-02
-38.750000 1.068176e-02
-38.500000 1.120716e-02
-38.250000 1.173210e-02
-38.000000 1.225596e-02
-37.750000 1.277810e-02
-37.500000 1.329791e-02
-37.250000 1.381476e-02
-37.000000 1.432806e-02
-36.750000 1.483718e-02
-36.500000 1.534153e-02
-36.250000 1.584051e-02
-36.000000 1.633355e-02
-35.750000 1.682005e-02
-35.500000 1.729944e-02
-35.250000 1.777118e-02
-35.000000 1.823470e-02
-34.750000 1.868947e-02
-34.500000 1.913496e-02
-34.250000 1.957066e-02
-34.000000 1.999607e-02
-33.750000 2.041071e-02
-33.500000 2.081412e-02
-33.250000 2.120585e-02
-33.000000 2.158548e-02
-32.750000 2.195261e-02
-32.500000 2.230684e-02
-32.250000 2.264783e-02
-32.000000 2.297524e-02
-31.750000 2.328877e-02
-31.500000 2.358814e-02
-31.250000 2.387311e-02
-31.000000 2.414347e-02
-30.750000 2.439903e-02
-30.500000 2.463966e-02
-30.250000 2.486524e-02
-30.000000 2.507571e-02
-29.750000 2.527105e-02
-29.500000 2.545127e-02
-29.250000 2.561645e-02
-29.000000 2.576669e-02
-28.750000 2.590216e-02
-28.500000 2.602307e-02
-28.250000 2.612971e-02
-28.000000 2.622240e-02
-27.750000 2.630153e-02
-27.500000 2.636756e-02
-27.250000 2.642101e-02
-27.000000 2.646248e-02
-26.750000 2.649262e-02
-26.500000 2.651217e-02
-26.250000 2.652196e-02
-26.000000 2.652286e-02
-25.750000 2.651585e-02
-25.500000 2.650200e-02
-25.250000 2.648243e-02
-25.000000 2.645838e-02
-24.750000 2.643116e-02
-24.500000 2.640216e-02
-24.250000 2.637286e-02
-24.000000 2.634482e-02
-23.750000 2.631967e-02
-23.500000 2.629911e-02
-23.250000 2.628491e-02
-23.000000 2.627889e-02
-22.750000 2.628292e-02
-22.500000 2.629889e-02
-22.250000 2.632872e-02
-22.000000 2.637432e-02
-21.750000 2.643759e-02
-21.500000 2.652040e-02
-21.250000 2.662456e-02
-21.000000 2.675180e-02
-20.750000 2.690376e-02
-20.500000 2.708196e-02
-20.250000 2.728780e-02
-20.000000 2.752251e-02
-19.750000 2.778717e-02
-19.500000 2.808267e-02
-19.250000 2.840973e-02
-19.000000 2.876886e-02
-18.750000 2.916038e-02
-18.500000 2.958444e-02
-18.250000 3.004097e-02
-18.000000 3.052974e-02
-17.750000 3.105033e-02
-17.500000 3.160219e-02
-17.250000 3.218459e-02
-17.000000 3.279668e-02
-16.750000 3.343749e-02
-16.500000 3.410596e-02
-16.250000 3.480091e-02
-16.000000 3.552110e-02
-15.750000 3.626523e-02
-15.500000 3.703194e-02
-15.250000 3.781981e-02
-15.000000 3.862743e-02
-14.750000 3.945333e-02
-14.500000 4.029604e-02
-14.250000 4.115407e-02
-14.000000 4.202594e-02
-13.750000 4.291017e-02
-13.500000 4.380528e-02
-13.250000 4.470979e-02
-13.000000 4.562226e-02
-12.750000 4.654123e-02
-12.500000 4.746529e-02
-12.250000 4.839302e-02
-12.000000 4.932304e-02
-11.750000 5.025398e-02
-11.500000 5.118449e-02
-11.250000 5.211326e-02
-11.000000 5.303898e-02
-10.750000 5.396037e-02
-10.500000 5.487618e-02
-10.250000 5.578518e-02
-10.000000 5.668617e-02
-9.750000 5.757796e-02
-9.500000 5.845941e-02
-9.250000 5.932938e-02
-9.000000 6.018676e-02
-8.750000 6.103048e-02
-8.500000 6.185949e-02
-8.250000 6.267275e-02
-8.000000 6.346926e-02
-7.750000 6.424805e-02
-7.500000 6.500817e-02
-7.250000 6.574870e-02
-7.000000 6.646875e-02
-6.750000 6.716744e-02
-6.500000 6.784394e-02
-6.250000 6.849744e-02
-6.000000 6.912716e-02
-5.750000 6.973233e-02
-5.500000 7.031224e-02
-5.250000 7.086619e-02
-5.000000 7.139351e-02
-4.750000 7.189356e-02
-4.500000 7.236575e-02
-4.250000 7.280948e-02
-4.000000 7.322422e-02
-3.750000 7.360945e-02
-3.500000 7.396468e-02
-3.250000 7.428946e-02
-3.000000 7.458337e-02
-2.750000 7.484602e-02
-2.500000 7.507704e-02
-2.250000 7.527611e-02
-2.000000 7.544293e-02
-1.750000 7.557724e-02
-1.500000 7.567881e-02
-1.250000 7.574743e-02
-1.000000 7.578295e-02
-0.750000 7.578521e-02
-0.500000 7.575413e-02
-0.250000 7.568962e-02
0.000000 7.559165e-02
0.250000 7.546020e-02
0.500000 7.529531e-02
0.750000 7.509703e-02
1.000000 7.486544e-02
1.250000 7.460067e-02
1.500000 7.430285e-02
1.750000 7.397218e-02
2.000000 7.360886e-02
2.250000 7.321312e-02
2.500000 7.278525e-02
2.750000 7.232554e-02
3.000000 7.183431e-02
3.250000 7.131193e-02
3.500000 7.075877e-02
3.750000 7.017526e-02
4.000000 6.956182e-02
4.250000 6.891894e-02
4.500000 6.824709e-02
4.750000 6.754680e-02
5.000000 6.681861e-02
5.250000 6.606308e-02
5.500000 6.528082e-02
5.750000 6.447243e-02
6.000000 6.363854e-02
6.250000 6.277983e-02
6.500000 6.189695e-02
6.750000 6.099063e-02
7.000000 6.006156e-02
7.250000 5.911050e-02
7.500000 5.813819e-02
7.750000 5.714542e-02
8.000000 5.613295e-02
8.250000 5.510161e-02
8.500000 5.405221e-02
8.750000 5.298558e-02
9.000000 5.190257e-02
9.250000 5.080402e-02
9.500000 4.969082e-02
9.750000 4.856384e-02
10.000000 4.742397e-02
10.250000 4.627210e-02
10.500000 4.510913e-02
10.750000 4.393598e-02
11.000000 4.275355e-02
11.250000 4.156278e-02
11.500000 4.036457e-02
11.750000 3.915986e-02
12.000000 3.794958e-02
12.250000 3.673465e-02
12.500000 3.551600e-02
12.750000 3.429456e-02
13.000000 3.307125e-02
13.250000 3.184700e-02
13.500000 3.062272e-02
13.750000 2.939932e-02
14.000000 2.817771e-02
14.250000 2.695880e-02
14.500000 2.574347e-02
14.750000 2.453262e-02
15.000000 2.332711e-02
15.250000 2.212782e-02
15.500000 2.093559e-02
15.750000 1.975127e-02
16.000000 1.857568e-02
16.250000 1.740966e-02
16.500000 1.625399e-02
16.750000 1.510946e-02
17.000000 1.397685e-02
17.250000 1.285691e-02
17.500000 1.175038e-02
17.750000 1.065798e-02
18.000000 9.580404e-03
18.250000 8.518342e-03
18.500000 7.472455e-03
18.750000 6.443386e-03
19.000000 5.431758e-03
19.250000 4.438175e-03
19.500000 3.463227e-03
19.750000 2.507499e-03
20.000000 1.571625e-03
20.250000 6.567913e-04
20.500000 2.458429e-04
20.750000 1.115842e-03
21.000000 1.967948e-03
21.250000 2.798389e-03
21.500000 3.606568e-03
21.750000 4.392077e-03
22.000000 5.154569e-03
22.250000 5.893735e-03
22.500000 6.609294e-03
22.750000 7.300996e-03
23.000000 7.968621e-03
23.250000 8.611974e-03
23.500000 9.230890e-03
23.750000 9.825233e-03
24.000000 1.039489e-02
24.250000 1.093979e-02
24.500000 1.145986e-02
24.750000 1.195510e-02
25.000000 1.242550e-02
25.250000 1.287110e-02
25.500000 1.329195e-02
25.750000 1.368815e-02
26.000000 1.405981e-02
26.250000 1.440708e-02
26.500000 1.473013e-02
26.750000 1.502917e-02
27.000000 1.530443e-02
27.250000 1.555615e-02
27.500000 1.578464e-02
27.750000 1.599021e-02
28.000000 1.617319e-02
28.250000 1.633395e-02
28.500000 1.647291e-02
28.750000 1.659047e-02
29.000000 1.668709e-02
29.250000 1.676325e-02
29.500000 1.681946e-02
29.750000 1.685626e-02
30.000000 1.687420e-02
30.250000 1.687387e-02
30.500000 1.685590e-02
30.750000 1.682093e-02
31.000000 1.676962e-02
31.250000 1.670268e-02
31.500000 1.662083e-02
31.750000 1.652483e-02
32.000000 1.641546e-02
32.250000 1.629353e-02
32.500000 1.615988e-02
32.750000 1.601538e-02
33.000000 1.586091e-02
33.250000 1.569741e-02
33.500000 1.552581e-02
33.750000 1.534711e-02
34.000000 1.516229e-02
34.250000 1.497240e-02
34.500000 1.477848e-02
34.750000 1.458161e-02
35.000000 1.438289e-02
35.250000 1.418343e-02
35.500000 1.398437e-02
35.750000 1.378686e-02
36.000000 1.359203e-02
36.250000 1.340105e-02
36.500000 1.321504e-02
36.750000 1.303514e-02
37.000000 1.286246e-02
37.250000 1.269806e-02
37.500000 1.254297e-02
37.750000 1.239816e-02
38.000000 1.226451e-02
38.250000 1.214284e-02
38.500000 1.203388e-02
38.750000 1.193822e-02
39.000000 1.185636e-02
39.250000 1.178866e-02
39.500000 1.173535e-02
39.750000 1.169651e-02
40.000000 1.167209e-02
40.250000 1.166190e-02
40.500000 1.166559e-02
40.750000 1.168272e-02
41.000000 1.171271e-02
41.250000 1.175487e-02
41.500000 1.180842e-02
41.750000 1.187250e-02
42.000000 1.194619e-02
42.250000 1.202851e-02
42.500000 1.211845e-02
42.750000 1.221499e-02
43.000000 1.231706e-02
43.250000 1.242364e-02
43.500000 1.253368e-02
43.750000 1.264617e-02
44.000000 1.276012e-02
44.250000 1.287457e-02
44.500000 1.298859e-02
44.750000 1.310129e-02
45.000000 1.321184e-02
45.250000 1.331943e-02
45.500000 1.342329e-02
45.750000 1.352272e-02
46.000000 1.361705e-02
46.250000 1.370565e-02
46.500000 1.378795e-02
46.750000 1.386340e-02
47.000000 1.393151e-02
47.250000 1.399183e-02
47.500000 1.404394e-02
47.750000 1.408748e-02
48.000000 1.412210e-02
48.250000 1.414751e-02
48.500000 1.416344e-02
48.750000 1.416967e-02
49.000000 1.416600e-02
49.250000 1.415228e-02
49.500000 1.412836e-02
49.750000 1.409415e-02
50.000000 1.404958e-02
