-50.000000 1.156886e-03
-49.750000 1.113369e-03
-49.500000 1.038475e-03
-49.250000 9.338212e-04
-49.000000 8.039429e-04
-48.750000 6.585581e-04
-48.500000 5.194032e-04
-48.250000 4.358202e-04
-48.000000 4.750726e-04
-47.750000 6.335588e-04
-47.500000 8.552915e-04
-47.250000 1.103998e-03
-47.000000 1.361402e-03
-46.750000 1.616526e-03
-46.500000 1.861410e-03
-46.250000 2.089624e-03
-46.000000 2.295751e-03
-45.750000 2.475205e-03
-45.500000 2.624179e-03
-45.250000 2.739633e-03
-45.000000 2.819303e-03
-44.750000 2.861700e-03
-44.500000 2.866098e-03
-44.250000 2.832516e-03
-44.000000 2.761684e-03
-43.750000 2.654992e-03
-43.500000 2.514438e-03
-43.250000 2.342566e-03
-43.000000 2.142398e-03
-42.750000 1.917369e-03
-42.500000 1.671271e-03
-42.250000 1.408211e-03
-42.000000 1.132624e-03
-41.750000 8.494464e-04
-41.500000 5.649723e-04
-41.250000 2.928903e-04
-41.000000 1.454306e-04
-40.750000 3.392840e-04
-40.500000 5.901158e-04
-40.250000 8.324747e-04
-40.000000 1.056171e-03
-39.750000 1.255903e-03
-39.500000 1.427541e-03
-39.250000 1.567524e-03
-39.000000 1.672740e-03
-38.750000 1.740529e-03
-38.500000 1.768724e-03
-38.250000 1.755715e-03
-38.000000 1.700509e-03
-37.750000 1.602805e-03
-37.500000 1.463050e-03
-37.250000 1.282496e-03
-37.000000 1.063247e-03
-36.750000 8.082997e-04
-36.500000 5.216386e-04
-36.250000 2.091451e-04
-36.000000 1.352391e-04
-35.750000 4.834460e-04
-35.500000 8.433889e-04
-35.250000 1.204979e-03
-35.000000 1.560164e-03
-34.750000 1.900833e-03
-34.500000 2.218851e-03
-34.250000 2.506232e-03
-34.000000 2.755330e-03
-33.750000 2.959049e-03
-33.500000 3.111059e-03
-33.250000 3.206009e-03
-33.000000 3.239747e-03
-32.750000 3.209543e-03
-32.500000 3.114340e-03
-32.250000 2.955056e-03
-32.000000 2.735030e-03
-31.750000 2.460809e-03
-31.500000 2.143746e-03
-31.250000 1.803655e-03
-31.000000 1.477455e-03
-30.750000 1.235970e-03
-30.500000 1.185094e-03
-30.250000 1.375442e-03
-30.000000 1.737709e-03
-29.750000 2.182343e-03
-29.500000 2.653073e-03
-29.250000 3.116513e-03
-29.000000 3.550169e-03
-28.750000 3.936956e-03
-28.500000 4.263017e-03
-28.250000 4.516893e-03
-28.000000 4.689262e-03
-27.750000 4.772910e-03
-27.500000 4.762798e-03
-27.250000 4.656171e-03
-27.000000 4.452667e-03
-26.750000 4.154440e-03
-26.500000 3.766323e-03
-26.250000 3.296154e-03
-26.000000 2.755581e-03
-25.750000 2.162539e-03
-25.500000 1.550398e-03
-25.250000 1.010406e-03
-25.000000 8.414273e-04
-24.750000 1.249019e-03
-24.500000 1.891023e-03
-24.250000 2.579835e-03
-24.000000 3.256622e-03
-23.750000 3.892937e-03
-23.500000 4.469630e-03
-23.250000 4.972079e-03
-23.000000 5.389052e-03
-22.750000 5.712613e-03
-22.500000 5.938420e-03
-22.250000 6.066221e-03
-22.000000 6.100523e-03
-21.750000 6.051432e-03
-21.500000 5.935668e-03
-21.250000 5.777651e-03
-21.000000 5.610252e-03
-20.750000 5.474226e-03
-20.500000 5.414638e-03
-20.250000 5.472927e-03
-20.000000 5.676142e-03
-19.750000 6.029072e-03
-19.500000 6.514567e-03
-19.250000 7.100951e-03
-19.000000 7.750788e-03
-18.750000 8.426983e-03
-18.500000 9.095743e-03
-18.250000 9.727572e-03
-18.000000 1.029739e-02
-17.750000 1.078436e-02
-17.500000 1.117171e-02
-17.250000 1.144658e-02
-17.000000 1.159989e-02
-16.750000 1.162624e-02
-16.500000 1.152380e-02
-16.250000 1.129411e-02
-16.000000 1.094190e-02
-15.750000 1.047479e-02
-15.500000 9.902928e-03
-15.250000 9.238599e-03
-15.000000 8.495679e-03
-14.750000 7.689093e-03
-14.500000 6.834174e-03
-14.250000 5.946003e-03
-14.000000 5.038733e-03
-13.750000 4.125021e-03
-13.500000 3.215766e-03
-13.250000 2.320975e-03
-13.000000 1.456042e-03
-12.750000 6.965882e-04
-12.500000 6.619919e-04
-12.250000 1.405470e-03
-12.000000 2.270405e-03
-11.750000 3.179068e-03
-11.500000 4.126625e-03
-11.250000 5.115826e-03
-11.000000 6.148456e-03
-10.750000 7.223013e-03
-10.500000 8.333908e-03
-10.250000 9.471349e-03
-10.000000 1.062162e-02
-9.750000 1.176763e-02
-9.500000 1.288955e-02
-9.250000 1.396566e-02
-9.000000 1.497305e-02
-8.750000 1.588855e-02
-8.500000 1.668944e-02
-8.250000 1.735426e-02
-8.000000 1.786352e-02
-7.750000 1.820042e-02
-7.500000 1.835142e-02
-7.250000 1.830685e-02
-7.000000 1.806140e-02
-6.750000 1.761459e-02
-6.500000 1.697119e-02
-6.250000 1.614166e-02
-6.000000 1.514271e-02
-5.750000 1.399799e-02
-5.500000 1.273933e-02
-5.250000 1.140870e-02
-5.000000 1.006168e-02
-4.750000 8.772899e-03
-4.500000 7.642642e-03
-4.250000 6.797075e-03
-4.000000 6.360891e-03
-3.750000 6.388353e-03
-3.500000 6.811379e-03
-3.250000 7.480395e-03
-3.000000 8.243177e-03
-2.750000 8.982292e-03
-2.500000 9.615981e-03
-2.250000 1.008950e-02
-2.000000 1.036822e-02
-1.750000 1.043410e-02
-1.500000 1.028514e-02
-1.250000 9.937615e-03
-1.000000 9.431604e-03
-0.750000 8.841049e-03
-0.500000 8.287907e-03
-0.250000 7.951221e-03
0.000000 8.041181e-03
0.250000 8.712559e-03
0.500000 9.982864e-03
0.750000 1.175472e-02
1.000000 1.389612e-02
1.250000 1.628825e-02
1.500000 1.883488e-02
1.750000 2.145790e-02
2.000000 2.409172e-02
2.250000 2.667948e-02
2.500000 2.917084e-02
2.750000 3.152086e-02
3.000000 3.368962e-02
3.250000 3.564206e-02
3.500000 3.734804e-02
3.750000 3.878255e-02
4.000000 3.992578e-02
4.250000 4.076324e-02
4.500000 4.128583e-02
4.750000 4.148978e-02
5.000000 4.137655e-02
5.250000 4.095262e-02
5.500000 4.022920e-02
5.750000 3.922189e-02
6.000000 3.795022e-02
6.250000 3.643722e-02
6.500000 3.470882e-02
6.750000 3.279335e-02
7.000000 3.072094e-02
7.250000 2.852299e-02
7.500000 2.623164e-02
7.750000 2.387929e-02
8.000000 2.149830e-02
8.250000 1.912078e-02
8.500000 1.677870e-02
8.750000 1.450449e-02
9.000000 1.233238e-02
9.250000 1.030130e-02
9.500000 8.460334e-03
9.750000 6.878387e-03
10.000000 5.655885e-03
10.250000 4.917790e-03
10.500000 4.739178e-03
10.750000 5.041878e-03
11.000000 5.636090e-03
11.250000 6.349753e-03
11.500000 7.074821e-03
11.750000 7.751999e-03
12.000000 8.350071e-03
12.250000 8.853109e-03
12.500000 9.253628e-03
12.750000 9.548997e-03
13.000000 9.739508e-03
13.250000 9.827327e-03
13.500000 9.815930e-03
13.750000 9.709809e-03
14.000000 9.514348e-03
14.250000 9.235793e-03
14.500000 8.881271e-03
14.750000 8.458833e-03
15.000000 7.977501e-03
15.250000 7.447303e-03
15.500000 6.879299e-03
15.750000 6.285596e-03
16.000000 5.679359e-03
16.250000 5.074828e-03
16.500000 4.487341e-03
16.750000 3.933315e-03
17.000000 3.430034e-03
17.250000 2.994860e-03
17.500000 2.643124e-03
17.750000 2.384088e-03
18.000000 2.215886e-03
18.250000 2.123146e-03
18.500000 2.080778e-03
18.750000 2.062026e-03
19.000000 2.045474e-03
19.250000 2.018411e-03
19.500000 1.977590e-03
19.750000 1.928982e-03
20.000000 1.887092e-03
20.250000 1.873027e-03
20.500000 1.909719e-03
20.750000 2.014185e-03
21.000000 2.190850e-03
21.250000 2.430988e-03
21.500000 2.717667e-03
21.750000 3.031344e-03
22.000000 3.353225e-03
22.250000 3.666605e-03
22.500000 3.957202e-03
22.750000 4.213158e-03
23.000000 4.425004e-03
23.250000 4.585660e-03
23.500000 4.690477e-03
23.750000 4.737311e-03
24.000000 4.726622e-03
24.250000 4.661580e-03
24.500000 4.548180e-03
24.750000 4.395353e-03
25.000000 4.215023e-03
25.250000 4.022033e-03
25.500000 3.833713e-03
25.750000 3.668777e-03
26.000000 3.545176e-03
26.250000 3.476906e-03
26.500000 3.470595e-03
26.750000 3.523540e-03
27.000000 3.624445e-03
27.250000 3.756431e-03
27.500000 3.900678e-03
27.750000 4.039271e-03
28.000000 4.156850e-03
28.250000 4.241334e-03
28.500000 4.284118e-03
28.750000 4.280050e-03
29.000000 4.227355e-03
29.250000 4.127582e-03
29.500000 3.985602e-03
29.750000 3.809664e-03
30.000000 3.611475e-03
30.250000 3.406192e-03
30.500000 3.212038e-03
30.750000 3.049037e-03
31.000000 2.936232e-03
31.250000 2.887335e-03
31.500000 2.906341e-03
31.750000 2.985827e-03
32.000000 3.109264e-03
32.250000 3.255670e-03
32.500000 3.403857e-03
32.750000 3.534945e-03
33.000000 3.633353e-03
33.250000 3.686937e-03
33.500000 3.686796e-03
33.750000 3.626986e-03
34.000000 3.504262e-03
34.250000 3.317844e-03
34.500000 3.069228e-03
34.750000 2.762042e-03
35.000000 2.401989e-03
35.250000 1.997000e-03
35.500000 1.558098e-03
35.750000 1.103111e-03
36.000000 6.763789e-04
36.250000 4.649319e-04
36.500000 7.199829e-04
36.750000 1.160344e-03
37.000000 1.625080e-03
37.250000 2.075097e-03
37.500000 2.493538e-03
37.750000 2.869503e-03
38.000000 3.194813e-03
38.250000 3.463189e-03
38.500000 3.670024e-03
38.750000 3.812316e-03
39.000000 3.888655e-03
39.250000 3.899206e-03
39.500000 3.845681e-03
39.750000 3.731296e-03
40.000000 3.560721e-03
40.250000 3.340044e-03
40.500000 3.076759e-03
40.750000 2.779853e-03
41.000000 2.460070e-03
41.250000 2.130557e-03
41.500000 1.808198e-03
41.750000 1.516051e-03
42.000000 1.286242e-03
42.250000 1.157273e-03
42.500000 1.153171e-03
42.750000 1.257729e-03
43.000000 1.426819e-03
43.250000 1.619390e-03
43.500000 1.808156e-03
43.750000 1.976724e-03
44.000000 2.115459e-03
44.250000 2.218896e-03
44.500000 2.284318e-03
44.750000 2.310980e-03
45.000000 2.299656e-03
45.250000 2.252340e-03
45.500000 2.172047e-03
45.750000 2.062663e-03
46.000000 1.928848e-03
46.250000 1.776004e-03
46.500000 1.610313e-03
46.750000 1.438921e-03
47.000000 1.270268e-03
47.250000 1.114603e-03
47.500000 9.843317e-04
47.750000 8.931381e-04
48.000000 8.520538e-04
48.250000 8.631262e-04
48.500000 9.170426e-04
48.750000 9.983478e-04
49.000000 1.092131e-03
49.250000 1.186915e-03
49.500000 1.274605e-03
49.750000 1.349590e-03
50.000000 1.407938e-03
