-50.000000 1.312616e-01
-49.750000 1.309338e-01
-49.500000 1.304133e-01
-49.250000 1.296992e-01
-49.000000 1.287906e-01
-48.750000 1.276869e-01
-48.500000 1.263877e-01
-48.250000 1.248932e-01
-48.000000 1.232034e-01
-47.750000 1.213190e-01
-47.500000 1.192407e-01
-47.250000 1.169696e-01
-47.000000 1.145069e-01
-46.750000 1.118545e-01
-46.500000 1.090140e-01
-46.250000 1.059878e-01
-46.000000 1.027784e-01
-45.750000 9.938850e-02
-45.500000 9.582121e-02
-45.250000 9.207992e-02
-45.000000 8.816832e-02
-44.750000 8.409043e-02
-44.500000 7.985062e-02
-44.250000 7.545359e-02
-44.000000 7.090446e-02
-43.750000 6.620880e-02
-43.500000 6.137270e-02
-43.250000 5.640292e-02
-43.000000 5.130712e-02
-42.750000 4.609423e-02
-42.500000 4.077520e-02
-42.250000 3.536443e-02
-42.000000 2.988282e-02
-41.750000 2.436515e-02
-41.500000 1.888032e-02
-41.250000 1.359908e-02
-41.000000 9.072886e-03
-40.750000 7.180402e-03
-40.500000 9.760763e-03
-40.250000 1.468753e-02
-40.000000 2.036671e-02
-39.750000 2.634410e-02
-39.500000 3.247218e-02
-39.250000 3.868806e-02
-39.000000 4.495793e-02
-38.750000 5.125991e-02
-38.500000 5.757764e-02
-38.250000 6.389756e-02
-38.000000 7.020769e-02
-37.750000 7.649690e-02
-37.500000 8.275460e-02
-37.250000 8.897053e-02
-37.000000 9.513464e-02
-36.750000 1.012370e-01
-36.500000 1.072678e-01
-36.250000 1.132173e-01
-36.000000 1.190759e-01
-35.750000 1.248338e-01
-35.500000 1.304814e-01
-35.250000 1.360093e-01
-35.000000 1.414080e-01
-34.750000 1.466680e-01
-34.500000 1.517800e-01
-34.250000 1.567348e-01
-34.000000 1.615230e-01
-33.750000 1.661358e-01
-33.500000 1.705640e-01
-33.250000 1.747988e-01
-33.000000 1.788315e-01
-32.750000 1.826535e-01
-32.500000 1.862563e-01
-32.250000 1.896316e-01
-32.000000 1.927714e-01
-31.750000 1.956676e-01
-31.500000 1.983125e-01
-31.250000 2.006986e-01
-31.000000 2.028184e-01
-30.750000 2.046649e-01
-30.500000 2.062312e-01
-30.250000 2.075106e-01
-30.000000 2.084968e-01
-29.750000 2.091835e-01
-29.500000 2.095649e-01
-29.250000 2.096354e-01
-29.000000 2.093897e-01
-28.750000 2.088228e-01
-28.500000 2.079300e-01
-28.250000 2.067071e-01
-28.000000 2.051498e-01
-27.750000 2.032546e-01
-27.500000 2.010181e-01
-27.250000 1.984374e-01
-27.000000 1.955100e-01
-26.750000 1.922335e-01
-26.500000 1.886063e-01
-26.250000 1.846272e-01
-26.000000 1.802952e-01
-25.750000 1.756100e-01
-25.500000 1.705719e-01
-25.250000 1.651816e-01
-25.000000 1.594407e-01
-24.750000 1.533513e-01
-24.500000 1.469165e-01
-24.250000 1.401406e-01
-24.000000 1.330289e-01
-23.750000 1.255885e-01
-23.500000 1.178288e-01
-23.250000 1.097620e-01
-23.000000 1.014046e-01
-22.750000 9.277969e-02
-22.500000 8.392011e-02
-22.250000 7.487535e-02
-22.000000 6.572345e-02
-21.750000 5.659522e-02
-21.500000 4.772447e-02
-21.250000 3.955485e-02
-21.000000 3.294313e-02
-20.750000 2.934349e-02
-20.500000 3.022224e-02
-20.250000 3.554749e-02
-20.000000 4.396524e-02
-19.750000 5.424276e-02
-19.500000 6.566765e-02
-19.250000 7.786545e-02
-19.000000 9.063302e-02
-18.750000 1.038524e-01
-18.500000 1.174495e-01
-18.250000 1.313746e-01
-18.000000 1.455915e-01
-17.750000 1.600723e-01
-17.500000 1.747943e-01
-17.250000 1.897380e-01
-17.000000 2.048861e-01
-16.750000 2.202226e-01
-16.500000 2.357326e-01
-16.250000 2.514017e-01
-16.000000 2.672159e-01
-15.750000 2.831616e-01
-15.500000 2.992254e-01
-15.250000 3.153938e-01
-15.000000 3.316536e-01
-14.750000 3.479915e-01
-14.500000 3.643941e-01
-14.250000 3.808483e-01
-14.000000 3.973405e-01
-13.750000 4.138576e-01
-13.500000 4.303861e-01
-13.250000 4.469126e-01
-13.000000 4.634238e-01
-12.750000 4.799060e-01
-12.500000 4.963460e-01
-12.250000 5.127303e-01
-12.000000 5.290455e-01
-11.750000 5.452781e-01
-11.500000 5.614148e-01
-11.250000 5.774422e-01
-11.000000 5.933470e-01
-10.750000 6.091162e-01
-10.500000 6.247364e-01
-10.250000 6.401947e-01
-10.000000 6.554782e-01
-9.750000 6.705740e-01
-9.500000 6.854694e-01
-9.250000 7.001518e-01
-9.000000 7.146089e-01
-8.750000 7.288284e-01
-8.500000 7.427982e-01
-8.250000 7.565065e-01
-8.000000 7.699415e-01
-7.750000 7.830917e-01
-7.500000 7.959460e-01
-7.250000 8.084933e-01
-7.000000 8.207229e-01
-6.750000 8.326241e-01
-6.500000 8.441867e-01
-6.250000 8.554009e-01
-6.000000 8.662568e-01
-5.750000 8.767451e-01
-5.500000 8.868566e-01
-5.250000 8.965827e-01
-5.000000 9.059148e-01
-4.750000 9.148449e-01
-4.500000 9.233651e-01
-4.250000 9.314680e-01
-4.000000 9.391466e-01
-3.750000 9.463942e-01
-3.500000 9.532043e-01
-3.250000 9.595712e-01
-3.000000 9.654890e-01
-2.750000 9.709528e-01
-2.500000 9.759577e-01
-2.250000 9.804993e-01
-2.000000 9.845736e-01
-1.750000 9.881770e-01
-1.500000 9.913065e-01
-1.250000 9.939591e-01
-1.000000 9.961326e-01
-0.750000 9.978251e-01
-0.500000 9.990351e-01
-0.250000 9.997616e-01
0.000000 1.000004e+00
0.250000 9.997616e-01
0.500000 9.990351e-01
0.750000 9.978251e-01
1.000000 9.961326e-01
1.250000 9.939591e-01
1.500000 9.913065e-01
1.750000 9.881770e-01
2.000000 9.845736e-01
2.250000 9.804993e-01
2.500000 9.759577e-01
2.750000 9.709528e-01
3.000000 9.654890e-01
3.250000 9.595712e-01
3.500000 9.532043e-01
3.750000 9.463942e-01
4.000000 9.391466e-01
4.250000 9.314680e-01
4.500000 9.233651e-01
4.750000 9.148449e-01
5.000000 9.059148e-01
5.250000 8.965827e-01
5.500000 8.868566e-01
5.750000 8.767451e-01
6.000000 8.662568e-01
6.250000 8.554009e-01
6.500000 8.441867e-01
6.750000 8.326241e-01
7.000000 8.207229e-01
7.250000 8.084933e-01
7.500000 7.959460e-01
7.750000 7.830917e-01
8.000000 7.699415e-01
8.250000 7.565065e-01
8.500000 7.427982e-01
8.750000 7.288284e-01
9.000000 7.146089e-01
9.250000 7.001518e-01
9.500000 6.854694e-01
9.750000 6.705740e-01
10.000000 6.554782e-01
10.250000 6.401947e-01
10.500000 6.247364e-01
10.750000 6.091162e-01
11.000000 5.933470e-01
11.250000 5.774422e-01
11.500000 5.614148e-01
11.750000 5.452781e-01
12.000000 5.290455e-01
12.250000 5.127303e-01
12.500000 4.963460e-01
12.750000 4.799060e-01
13.000000 4.634238e-01
13.250000 4.469126e-01
13.500000 4.303861e-01
13.750000 4.138576e-01
14.000000 3.973405e-01
14.250000 3.808483e-01
14.500000 3.643941e-01
14.750000 3.479915e-01
15.000000 3.316536e-01
15.250000 3.153938e-01
15.500000 2.992254e-01
15.750000 2.831616e-01
16.000000 2.672159e-01
16.250000 2.514017e-01
16.500000 2.357326e-01
16.750000 2.202226e-01
17.000000 2.048861e-01
17.250000 1.897380e-01
17.500000 1.747943e-01
17.750000 1.600723e-01
18.000000 1.455915e-01
18.250000 1.313746e-01
18.500000 1.174495e-01
18.750000 1.038524e-01
19.000000 9.063302e-02
19.250000 7.786545e-02
19.500000 6.566765e-02
19.750000 5.424276e-02
20.000000 4.396524e-02
20.250000 3.554749e-02
20.500000 3.022224e-02
20.750000 2.934349e-02
21.000000 3.294313e-02
21.250000 3.955485e-02
21.500000 4.772447e-02
21.750000 5.659522e-02
22.000000 6.572345e-02
22.250000 7.487535e-02
22.500000 8.392011e-02
22.750000 9.277969e-02
23.000000 1.014046e-01
23.250000 1.097620e-01
23.500000 1.178288e-01
23.750000 1.255885e-01
24.000000 1.330289e-01
24.250000 1.401406e-01
24.500000 1.469165e-01
24.750000 1.533513e-01
25.000000 1.594407e-01
25.250000 1.651816e-01
25.500000 1.705719e-01
25.750000 1.756100e-01
26.000000 1.802952e-01
26.250000 1.846272e-01
26.500000 1.886063e-01
26.750000 1.922335e-01
27.000000 1.955100e-01
27.250000 1.984374e-01
27.500000 2.010181e-01
27.750000 2.032546e-01
28.000000 2.051498e-01
28.250000 2.067071e-01
28.500000 2.079300e-01
28.750000 2.088228e-01
29.000000 2.093897e-01
29.250000 2.096354e-01
29.500000 2.095649e-01
29.750000 2.091835e-01
30.000000 2.084968e-01
30.250000 2.075106e-01
30.500000 2.062312e-01
30.750000 2.046649e-01
31.000000 2.028184e-01
31.250000 2.006986e-01
31.500000 1.983125e-01
31.750000 1.956676e-01
32.000000 1.927714e-01
32.250000 1.896316e-01
32.500000 1.862563e-01
32.750000 1.826535e-01
33.000000 1.788315e-01
33.250000 1.747988e-01
33.500000 1.705640e-01
33.750000 1.661358e-01
34.000000 1.615230e-01
34.250000 1.567348e-01
34.500000 1.517800e-01
34.750000 1.466680e-01
35.000000 1.414080e-01
35.250000 1.360093e-01
35.500000 1.304814e-01
35.750000 1.248338e-01
36.000000 1.190759e-01
36.250000 1.132173e-01
36.500000 1.072678e-01
36.750000 1.012370e-01
37.000000 9.513464e-02
37.250000 8.897053e-02
37.500000 8.275460e-02
37.750000 7.649690e-02
38.000000 7.020769e-02
38.250000 6.389756e-02
38.500000 5.757764e-02
38.750000 5.125991e-02
39.000000 4.495793e-02
39.250000 3.868806e-02
39.500000 3.247218e-02
39.750000 2.634410e-02
40.000000 2.036671e-02
40.250000 1.468753e-02
40.500000 9.760763e-03
40.750000 7.180402e-03
41.000000 9.072886e-03
41.250000 1.359908e-02
41.500000 1.888032e-02
41.750000 2.436515e-02
42.000000 2.988282e-02
42.250000 3.536443e-02
42.500000 4.077520e-02
42.750000 4.609423e-02
43.000000 5.130712e-02
43.250000 5.640292e-02
43.500000 6.137270e-02
43.750000 6.620880e-02
44.000000 7.090446e-02
44.250000 7.545359e-02
44.500000 7.985062e-02
44.750000 8.409043e-02
45.000000 8.816832e-02
45.250000 9.207992e-02
45.500000 9.582121e-02
45.750000 9.938850e-02
46.000000 1.027784e-01
46.250000 1.059878e-01
46.500000 1.090140e-01
46.750000 1.118545e-01
47.000000 1.145069e-01
47.250000 1.169696e-01
47.500000 1.192407e-01
47.750000 1.213190e-01
48.000000 1.232034e-01
48.250000 1.248932e-01
48.500000 1.263877e-01
48.750000 1.276869e-01
49.000000 1.287906e-01
49.250000 1.296992e-01
49.500000 1.304133e-01
49.750000 1.309338e-01
50.000000 1.312616e-01
