-50.000000 2.446735e-02
-49.750000 2.938481e-02
-49.500000 3.443064e-02
-49.250000 3.957282e-02
-49.000000 4.479315e-02
-48.750000 5.008046e-02
-48.500000 5.542743e-02
-48.250000 6.082904e-02
-48.000000 6.628164e-02
-47.750000 7.178246e-02
-47.500000 7.732933e-02
-47.250000 8.292046e-02
-47.000000 8.855434e-02
-46.750000 9.422969e-02
-46.500000 9.994534e-02
-46.250000 1.057002e-01
-46.000000 1.114934e-01
-45.750000 1.173239e-01
-45.500000 1.231909e-01
-45.250000 1.290935e-01
-45.000000 1.350309e-01
-44.750000 1.410024e-01
-44.500000 1.470071e-01
-44.250000 1.530443e-01
-44.000000 1.591132e-01
-43.750000 1.652130e-01
-43.500000 1.713431e-01
-43.250000 1.775026e-01
-43.000000 1.836909e-01
-42.750000 1.899070e-01
-42.500000 1.961505e-01
-42.250000 2.024203e-01
-42.000000 2.087159e-01
-41.750000 2.150365e-01
-41.500000 2.213812e-01
-41.250000 2.277494e-01
-41.000000 2.341403e-01
-40.750000 2.405530e-01
-40.500000 2.469870e-01
-40.250000 2.534413e-01
-40.000000 2.599152e-01
-39.750000 2.664079e-01
-39.500000 2.729187e-01
-39.250000 2.794467e-01
-39.000000 2.859912e-01
-38.750000 2.925513e-01
-38.500000 2.991264e-01
-38.250000 3.057155e-01
-38.000000 3.123179e-01
-37.750000 3.189328e-01
-37.500000 3.255594e-01
-37.250000 3.321968e-01
-37.000000 3.388443e-01
-36.750000 3.455010e-01
-36.500000 3.521661e-01
-36.250000 3.588389e-01
-36.000000 3.655183e-01
-35.750000 3.722038e-01
-35.500000 3.788943e-01
-35.250000 3.855892e-01
-35.000000 3.922874e-01
-34.750000 3.989883e-01
-34.500000 4.056910e-01
-34.250000 4.123947e-01
-34.000000 4.190984e-01
-33.750000 4.258014e-01
-33.500000 4.325028e-01
-33.250000 4.392018e-01
-33.000000 4.458976e-01
-32.750000 4.525892e-01
-32.500000 4.592758e-01
-32.250000 4.659567e-01
-32.000000 4.726309e-01
-31.750000 4.792976e-01
-31.500000 4.859559e-01
-31.250000 4.926051e-01
-31.000000 4.992442e-01
-30.750000 5.058724e-01
-30.500000 5.124888e-01
-30.250000 5.190927e-01
-30.000000 5.256831e-01
-29.750000 5.322592e-01
-29.500000 5.388201e-01
-29.250000 5.453651e-01
-29.000000 5.518933e-01
-28.750000 5.584037e-01
-28.500000 5.648957e-01
-28.250000 5.713683e-01
-28.000000 5.778206e-01
-27.750000 5.842520e-01
-27.500000 5.906615e-01
-27.250000 5.970482e-01
-27.000000 6.034114e-01
-26.750000 6.097502e-01
-26.500000 6.160638e-01
-26.250000 6.223514e-01
-26.000000 6.286121e-01
-25.750000 6.348451e-01
-25.500000 6.410497e-01
-25.250000 6.472249e-01
-25.000000 6.533699e-01
-24.750000 6.594841e-01
-24.500000 6.655665e-01
-24.250000 6.716163e-01
-24.000000 6.776328e-01
-23.750000 6.836151e-01
-23.500000 6.895625e-01
-23.250000 6.954742e-01
-23.000000 7.013493e-01
-22.750000 7.071872e-01
-22.500000 7.129870e-01
-22.250000 7.187479e-01
-22.000000 7.244693e-01
-21.750000 7.301502e-01
-21.500000 7.357901e-01
-21.250000 7.413880e-01
-21.000000 7.469433e-01
-20.750000 7.524552e-01
-20.500000 7.579231e-01
-20.250000 7.633460e-01
-20.000000 7.687234e-01
-19.750000 7.740545e-01
-19.500000 7.793386e-01
-19.250000 7.845750e-01
-19.000000 7.897629e-01
-18.750000 7.949017e-01
-18.500000 7.999907e-01
-18.250000 8.050292e-01
-18.000000 8.100165e-01
-17.750000 8.149519e-01
-17.500000 8.198348e-01
-17.250000 8.246646e-01
-17.000000 8.294405e-01
-16.750000 8.341619e-01
-16.500000 8.388282e-01
-16.250000 8.434387e-01
-16.000000 8.479929e-01
-15.750000 8.524900e-01
-15.500000 8.569296e-01
-15.250000 8.613109e-01
-15.000000 8.656335e-01
-14.750000 8.698966e-01
-14.500000 8.740998e-01
-14.250000 8.782424e-01
-14.000000 8.823239e-01
-13.750000 8.863438e-01
-13.500000 8.903014e-01
-13.250000 8.941963e-01
-13.000000 8.980279e-01
-12.750000 9.017956e-01
-12.500000 9.054991e-01
-12.250000 9.091378e-01
-12.000000 9.127111e-01
-11.750000 9.162186e-01
-11.500000 9.196598e-01
-11.250000 9.230342e-01
-11.000000 9.263414e-01
-10.750000 9.295810e-01
-10.500000 9.327524e-01
-10.250000 9.358552e-01
-10.000000 9.388891e-01
-9.750000 9.418536e-01
-9.500000 9.447482e-01
-9.250000 9.475727e-01
-9.000000 9.503266e-01
-8.750000 9.530095e-01
-8.500000 9.556211e-01
-8.250000 9.581609e-01
-8.000000 9.606288e-01
-7.750000 9.630242e-01
-7.500000 9.653470e-01
-7.250000 9.675967e-01
-7.000000 9.697730e-01
-6.750000 9.718757e-01
-6.500000 9.739045e-01
-6.250000 9.758591e-01
-6.000000 9.777392e-01
-5.750000 9.795446e-01
-5.500000 9.812749e-01
-5.250000 9.829301e-01
-5.000000 9.845098e-01
-4.750000 9.860138e-01
-4.500000 9.874419e-01
-4.250000 9.887940e-01
-4.000000 9.900698e-01
-3.750000 9.912692e-01
-3.500000 9.923920e-01
-3.250000 9.934380e-01
-3.000000 9.944071e-01
-2.750000 9.952992e-01
-2.500000 9.961141e-01
-2.250000 9.968517e-01
-2.000000 9.975120e-01
-1.750000 9.980948e-01
-1.500000 9.986000e-01
-1.250000 9.990277e-01
-1.000000 9.993777e-01
-0.750000 9.996499e-01
-0.500000 9.998444e-01
-0.250000 9.999611e-01
0.000000 1.000000e+00
0.250000 9.999611e-01
0.500000 9.998444e-01
0.750000 9.996499e-01
1.000000 9.993777e-01
1.250000 9.990277e-01
1.500000 9.986000e-01
1.750000 9.980948e-01
2.000000 9.975120e-01
2.250000 9.968517e-01
2.500000 9.961141e-01
2.750000 9.952992e-01
3.000000 9.944071e-01
3.250000 9.934380e-01
3.500000 9.923920e-01
3.750000 9.912692e-01
4.000000 9.900698e-01
4.250000 9.887940e-01
4.500000 9.874419e-01
4.750000 9.860138e-01
5.000000 9.845098e-01
5.250000 9.829301e-01
5.500000 9.812749e-01
5.750000 9.795446e-01
6.000000 9.777392e-01
6.250000 9.758591e-01
6.500000 9.739045e-01
6.750000 9.718757e-01
7.000000 9.697730e-01
7.250000 9.675967e-01
7.500000 9.653470e-01
7.750000 9.630242e-01
8.000000 9.606288e-01
8.250000 9.581609e-01
8.500000 9.556211e-01
8.750000 9.530095e-01
9.000000 9.503266e-01
9.250000 9.475727e-01
9.500000 9.447482e-01
9.750000 9.418536e-01
10.000000 9.388891e-01
10.250000 9.358552e-01
10.500000 9.327524e-01
10.750000 9.295810e-01
11.000000 9.263414e-01
11.250000 9.230342e-01
11.500000 9.196598e-01
11.750000 9.162186e-01
12.000000 9.127111e-01
12.250000 9.091378e-01
12.500000 9.054991e-01
12.750000 9.017956e-01
13.000000 8.980279e-01
13.250000 8.941963e-01
13.500000 8.903014e-01
13.750000 8.863438e-01
14.000000 8.823239e-01
14.250000 8.782424e-01
14.500000 8.740998e-01
14.750000 8.698966e-01
15.000000 8.656335e-01
15.250000 8.613109e-01
15.500000 8.569296e-01
15.750000 8.524900e-01
16.000000 8.479929e-01
16.250000 8.434387e-01
16.500000 8.388282e-01
16.750000 8.341619e-01
17.000000 8.294405e-01
17.250000 8.246646e-01
17.500000 8.198348e-01
17.750000 8.149519e-01
18.000000 8.100165e-01
18.250000 8.050292e-01
18.500000 7.999907e-01
18.750000 7.949017e-01
19.000000 7.897629e-01
19.250000 7.845750e-01
19.500000 7.793386e-01
19.750000 7.740545e-01
20.000000 7.687234e-01
20.250000 7.633460e-01
20.500000 7.579231e-01
20.750000 7.524552e-01
21.000000 7.469433e-01
21.250000 7.413880e-01
21.500000 7.357901e-01
21.750000 7.301502e-01
22.000000 7.244693e-01
22.250000 7.187479e-01
22.500000 7.129870e-01
22.750000 7.071872e-01
23.000000 7.013493e-01
23.250000 6.954742e-01
23.500000 6.895625e-01
23.750000 6.836151e-01
24.000000 6.776328e-01
24.250000 6.716163e-01
24.500000 6.655665e-01
24.750000 6.594841e-01
25.000000 6.533699e-01
25.250000 6.472249e-01
25.500000 6.410497e-01
25.750000 6.348451e-01
26.000000 6.286121e-01
26.250000 6.223514e-01
26.500000 6.160638e-01
26.750000 6.097502e-01
27.000000 6.034114e-01
27.250000 5.970482e-01
27.500000 5.906615e-01
27.750000 5.842520e-01
28.000000 5.778206e-01
28.250000 5.713683e-01
28.500000 5.648957e-01
28.750000 5.584037e-01
29.000000 5.518933e-01
29.250000 5.453651e-01
29.500000 5.388201e-01
29.750000 5.322592e-01
30.000000 5.256831e-01
30.250000 5.190927e-01
30.500000 5.124888e-01
30.750000 5.058724e-01
31.000000 4.992442e-01
31.250000 4.926051e-01
31.500000 4.859559e-01
31.750000 4.792976e-01
32.000000 4.726309e-01
32.250000 4.659567e-01
32.500000 4.592758e-01
32.750000 4.525892e-01
33.000000 4.458976e-01
33.250000 4.392018e-01
33.500000 4.325028e-01
33.750000 4.258014e-01
34.000000 4.190984e-01
34.250000 4.123947e-01
34.500000 4.056910e-01
34.750000 3.989883e-01
35.000000 3.922874e-01
35.250000 3.855892e-01
35.500000 3.788943e-01
35.750000 3.722038e-01
36.000000 3.655183e-01
36.250000 3.588389e-01
36.500000 3.521661e-01
36.750000 3.455010e-01
37.000000 3.388443e-01
37.250000 3.321968e-01
37.500000 3.255594e-01
37.750000 3.189328e-01
38.000000 3.123179e-01
38.250000 3.057155e-01
38.500000 2.991264e-01
38.750000 2.925513e-01
39.000000 2.859912e-01
39.250000 2.794467e-01
39.500000 2.729187e-01
39.750000 2.664079e-01
40.000000 2.599152e-01
40.250000 2.534413e-01
40.500000 2.469870e-01
40.750000 2.405530e-01
41.000000 2.341403e-01
41.250000 2.277494e-01
41.500000 2.213812e-01
41.750000 2.150365e-01
42.000000 2.087159e-01
42.250000 2.024203e-01
42.500000 1.961505e-01
42.750000 1.899070e-01
43.000000 1.836909e-01
43.250000 1.775026e-01
43.500000 1.713431e-01
43.750000 1.652130e-01
44.000000 1.591132e-01
44.250000 1.530443e-01
44.500000 1.470071e-01
44.750000 1.410024e-01
45.000000 1.350309e-01
45.250000 1.290935e-01
45.500000 1.231909e-01
45.750000 1.173239e-01
46.000000 1.114934e-01
46.250000 1.057002e-01
46.500000 9.994534e-02
46.750000 9.422969e-02
47.000000 8.855434e-02
47.250000 8.292046e-02
47.500000 7.732933e-02
47.750000 7.178246e-02
48.000000 6.628164e-02
48.250000 6.082904e-02
48.500000 5.542743e-02
48.750000 5.008046e-02
49.000000 4.479315e-02
49.250000 3.957282e-02
49.500000 3.443064e-02
49.750000 2.938481e-02
50.000000 2.446735e-02
