-50.000000 2.539644e-04
-49.750000 1.767523e-04
-49.500000 3.283605e-04
-49.250000 5.408400e-04
-49.000000 7.634495e-04
-48.750000 9.877915e-04
-48.500000 1.211351e-03
-48.250000 1.432976e-03
-48.000000 1.651970e-03
-47.750000 1.867830e-03
-47.500000 2.080157e-03
-47.250000 2.288615e-03
-47.000000 2.492922e-03
-46.750000 2.692833e-03
-46.500000 2.888145e-03
-46.250000 3.078695e-03
-46.000000 3.264357e-03
-45.750000 3.445046e-03
-45.500000 3.620722e-03
-45.250000 3.791387e-03
-45.000000 3.957092e-03
-44.750000 4.117937e-03
-44.500000 4.274072e-03
-44.250000 4.425703e-03
-44.000000 4.573088e-03
-43.750000 4.716544e-03
-43.500000 4.856447e-03
-43.250000 4.993229e-03
-43.000000 5.127383e-03
-42.750000 5.259459e-03
-42.500000 5.390063e-03
-42.250000 5.519855e-03
-42.000000 5.649545e-03
-41.750000 5.779890e-03
-41.500000 5.911684e-03
-41.250000 6.045752e-03
-41.000000 6.182945e-03
-40.750000 6.324123e-03
-40.500000 6.470153e-03
-40.250000 6.621891e-03
-40.000000 6.780170e-03
-39.750000 6.945794e-03
-39.500000 7.119520e-03
-39.250000 7.302049e-03
-39.000000 7.494018e-03
-38.750000 7.695986e-03
-38.500000 7.908432e-03
-38.250000 8.131748e-03
-38.000000 8.366232e-03
-37.750000 8.612089e-03
-37.500000 8.869430e-03
-37.250000 9.138275e-03
-37.000000 9.418551e-03
-36.750000 9.710099e-03
-36.500000 1.001268e-02
-36.250000 1.032597e-02
-36.000000 1.064958e-02
-35.750000 1.098306e-02
-35.500000 1.132588e-02
-35.250000 1.167747e-02
-35.000000 1.203722e-02
-34.750000 1.240445e-02
-34.500000 1.277845e-02
-34.250000 1.315849e-02
-34.000000 1.354378e-02
-33.750000 1.393353e-02
-33.500000 1.432690e-02
-33.250000 1.472306e-02
-33.000000 1.512113e-02
-32.750000 1.552023e-02
-32.500000 1.591947e-02
-32.250000 1.631794e-02
-32.000000 1.671474e-02
-31.750000 1.710893e-02
-31.500000 1.749960e-02
-31.250000 1.788582e-02
-31.000000 1.826666e-02
-30.750000 1.864119e-02
-30.500000 1.900849e-02
-30.250000 1.936763e-02
-30.000000 1.971770e-02
-29.750000 2.005780e-02
-29.500000 2.038702e-02
-29.250000 2.070447e-02
-29.000000 2.100927e-02
-28.750000 2.130057e-02
-28.500000 2.157751e-02
-28.250000 2.183925e-02
-28.000000 2.208498e-02
-27.750000 2.231391e-02
-27.500000 2.252526e-02
-27.250000 2.271827e-02
-27.000000 2.289223e-02
-26.750000 2.304641e-02
-26.500000 2.318015e-02
-26.250000 2.329280e-02
-26.000000 2.338373e-02
-25.750000 2.345237e-02
-25.500000 2.349817e-02
-25.250000 2.352059e-02
-25.000000 2.351916e-02
-24.750000 2.349344e-02
-24.500000 2.344303e-02
-24.250000 2.336757e-02
-24.000000 2.326674e-02
-23.750000 2.314027e-02
-23.500000 2.298794e-02
-23.250000 2.280960e-02
-23.000000 2.260511e-02
-22.750000 2.237443e-02
-22.500000 2.211756e-02
-22.250000 2.183457e-02
-22.000000 2.152560e-02
-21.750000 2.119087e-02
-21.500000 2.083067e-02
-21.250000 2.044538e-02
-21.000000 2.003549e-02
-20.750000 1.960159e-02
-20.500000 1.914438e-02
-20.250000 1.866472e-02
-20.000000 1.816360e-02
-19.750000 1.764221e-02
-19.500000 1.710192e-02
-19.250000 1.654438e-02
-19.000000 1.597149e-02
-18.750000 1.538552e-02
-18.500000 1.478916e-02
-18.250000 1.418559e-02
-18.000000 1.357860e-02
-17.750000 1.297274e-02
-17.500000 1.237348e-02
-17.250000 1.178737e-02
-17.000000 1.122226e-02
-16.750000 1.068752e-02
-16.500000 1.019414e-02
-16.250000 9.754751e-03
-16.000000 9.383377e-03
-15.750000 9.094764e-03
-15.500000 8.903254e-03
-15.250000 8.821215e-03
-15.000000 8.857370e-03
-14.750000 9.015513e-03
-14.500000 9.294090e-03
-14.250000 9.686801e-03
-14.000000 1.018393e-02
-13.750000 1.077392e-02
-13.500000 1.144473e-02
-13.250000 1.218480e-02
-13.000000 1.298359e-02
-12.750000 1.383175e-02
-12.500000 1.472117e-02
-12.250000 1.564488e-02
-12.000000 1.659686e-02
-11.750000 1.757192e-02
-11.500000 1.856556e-02
-11.250000 1.957384e-02
-11.000000 2.059328e-02
-10.750000 2.162076e-02
-10.500000 2.265348e-02
-10.250000 2.368889e-02
-10.000000 2.472464e-02
-9.750000 2.575856e-02
-9.500000 2.678863e-02
-9.250000 2.781292e-02
-9.000000 2.882966e-02
-8.750000 2.983712e-02
-8.500000 3.083369e-02
-8.250000 3.181781e-02
-8.000000 3.278798e-02
-7.750000 3.374278e-02
-7.500000 3.468084e-02
-7.250000 3.560083e-02
-7.000000 3.650147e-02
-6.750000 3.738154e-02
-6.500000 3.823987e-02
-6.250000 3.907531e-02
-6.000000 3.988677e-02
-5.750000 4.067321e-02
-5.500000 4.143363e-02
-5.250000 4.216707e-02
-5.000000 4.287261e-02
-4.750000 4.354939e-02
-4.500000 4.419658e-02
-4.250000 4.481340e-02
-4.000000 4.539912e-02
-3.750000 4.595305e-02
-3.500000 4.647456e-02
-3.250000 4.696305e-02
-3.000000 4.741798e-02
-2.750000 4.783886e-02
-2.500000 4.822523e-02
-2.250000 4.857671e-02
-2.000000 4.889295e-02
-1.750000 4.917365e-02
-1.500000 4.941856e-02
-1.250000 4.962751e-02
-1.000000 4.980034e-02
-0.750000 4.993697e-02
-0.500000 5.003737e-02
-0.250000 5.010154e-02
0.000000 5.012956e-02
0.250000 5.012156e-02
0.500000 5.007771e-02
0.750000 4.999823e-02
1.000000 4.988342e-02
1.250000 4.973360e-02
1.500000 4.954916e-02
1.750000 4.933056e-02
2.000000 4.907827e-02
2.250000 4.879285e-02
2.500000 4.847490e-02
2.750000 4.812507e-02
3.000000 4.774407e-02
3.250000 4.733265e-02
3.500000 4.689163e-02
3.750000 4.642186e-02
4.000000 4.592425e-02
4.250000 4.539978e-02
4.500000 4.484945e-02
4.750000 4.427434e-02
5.000000 4.367555e-02
5.250000 4.305427e-02
5.500000 4.241172e-02
5.750000 4.174916e-02
6.000000 4.106792e-02
6.250000 4.036938e-02
6.500000 3.965497e-02
6.750000 3.892618e-02
7.000000 3.818454e-02
7.250000 3.743164e-02
7.500000 3.666914e-02
7.750000 3.589874e-02
8.000000 3.512220e-02
8.250000 3.434135e-02
8.500000 3.355806e-02
8.750000 3.277427e-02
9.000000 3.199199e-02
9.250000 3.121329e-02
9.500000 3.044027e-02
9.750000 2.967512e-02
10.000000 2.892008e-02
10.250000 2.817744e-02
10.500000 2.744952e-02
10.750000 2.673871e-02
11.000000 2.604740e-02
11.250000 2.537801e-02
11.500000 2.473295e-02
11.750000 2.411460e-02
12.000000 2.352529e-02
12.250000 2.296725e-02
12.500000 2.244263e-02
12.750000 2.195336e-02
13.000000 2.150122e-02
13.250000 2.108770e-02
13.500000 2.071400e-02
13.750000 2.038100e-02
14.000000 2.008918e-02
14.250000 1.983863e-02
14.500000 1.962901e-02
14.750000 1.945954e-02
15.000000 1.932904e-02
15.250000 1.923591e-02
15.500000 1.917819e-02
15.750000 1.915359e-02
16.000000 1.915954e-02
16.250000 1.919329e-02
16.500000 1.925189e-02
16.750000 1.933232e-02
17.000000 1.943150e-02
17.250000 1.954635e-02
17.500000 1.967385e-02
17.750000 1.981105e-02
18.000000 1.995510e-02
18.250000 2.010329e-02
18.500000 2.025305e-02
18.750000 2.040196e-02
19.000000 2.054777e-02
19.250000 2.068838e-02
19.500000 2.082186e-02
19.750000 2.094644e-02
20.000000 2.106050e-02
20.250000 2.116258e-02
20.500000 2.125136e-02
20.750000 2.132564e-02
21.000000 2.138438e-02
21.250000 2.142665e-02
21.500000 2.145163e-02
21.750000 2.145862e-02
22.000000 2.144704e-02
22.250000 2.141638e-02
22.500000 2.136625e-02
22.750000 2.129632e-02
23.000000 2.120638e-02
23.250000 2.109627e-02
23.500000 2.096591e-02
23.750000 2.081531e-02
24.000000 2.064452e-02
24.250000 2.045367e-02
24.500000 2.024293e-02
24.750000 2.001256e-02
25.000000 1.976284e-02
25.250000 1.949412e-02
25.500000 1.920678e-02
25.750000 1.890125e-02
26.000000 1.857802e-02
26.250000 1.823759e-02
26.500000 1.788052e-02
26.750000 1.750739e-02
27.000000 1.711881e-02
27.250000 1.671544e-02
27.500000 1.629794e-02
27.750000 1.586701e-02
28.000000 1.542338e-02
28.250000 1.496779e-02
28.500000 1.450100e-02
28.750000 1.402379e-02
29.000000 1.353696e-02
29.250000 1.304132e-02
29.500000 1.253769e-02
29.750000 1.202693e-02
30.000000 1.150986e-02
30.250000 1.098736e-02
30.500000 1.046029e-02
30.750000 9.929530e-03
31.000000 9.395972e-03
31.250000 8.860518e-03
31.500000 8.324087e-03
31.750000 7.787617e-03
32.000000 7.252074e-03
32.250000 6.718462e-03
32.500000 6.187841e-03
32.750000 5.661352e-03
33.000000 5.140263e-03
33.250000 4.626032e-03
33.500000 4.120427e-03
33.750000 3.625718e-03
34.000000 3.145042e-03
34.250000 2.683076e-03
34.500000 2.247372e-03
34.750000 1.851020e-03
35.000000 1.517608e-03
35.250000 1.287145e-03
35.500000 1.208654e-03
35.750000 1.299098e-03
36.000000 1.519246e-03
36.250000 1.814407e-03
36.500000 2.146763e-03
36.750000 2.495218e-03
37.000000 2.848284e-03
37.250000 3.199431e-03
37.500000 3.544719e-03
37.750000 3.881630e-03
38.000000 4.208467e-03
38.250000 4.524040e-03
38.500000 4.827484e-03
38.750000 5.118160e-03
39.000000 5.395588e-03
39.250000 5.659408e-03
39.500000 5.909358e-03
39.750000 6.145253e-03
40.000000 6.366975e-03
40.250000 6.574466e-03
40.500000 6.767719e-03
40.750000 6.946777e-03
41.000000 7.111730e-03
41.250000 7.262709e-03
41.500000 7.399887e-03
41.750000 7.523479e-03
42.000000 7.633736e-03
42.250000 7.730948e-03
42.500000 7.815443e-03
42.750000 7.887583e-03
43.000000 7.947765e-03
43.250000 7.996422e-03
43.500000 8.034019e-03
43.750000 8.061055e-03
44.000000 8.078058e-03
44.250000 8.085590e-03
44.500000 8.084240e-03
44.750000 8.074626e-03
45.000000 8.057391e-03
45.250000 8.033205e-03
45.500000 8.002759e-03
45.750000 7.966765e-03
46.000000 7.925951e-03
46.250000 7.881061e-03
46.500000 7.832849e-03
46.750000 7.782074e-03
47.000000 7.729499e-03
47.250000 7.675882e-03
47.500000 7.621972e-03
47.750000 7.568503e-03
48.000000 7.516186e-03
48.250000 7.465702e-03
48.500000 7.417696e-03
48.750000 7.372767e-03
49.000000 7.331461e-03
49.250000 7.294267e-03
49.500000 7.261603e-03
49.750000 7.233820e-03
50.000000 7.211185e-03
