-50.000000 2.103718e-03
-49.750000 1.927048e-03
-49.500000 1.735423e-03
-49.250000 1.529909e-03
-49.000000 1.312192e-03
-48.750000 1.085160e-03
-48.500000 8.544569e-04
-48.250000 6.334450e-04
-48.000000 4.601789e-04
-47.750000 4.249575e-04
-47.500000 5.694208e-04
-47.250000 8.100184e-04
-47.000000 1.089008e-03
-46.750000 1.385296e-03
-46.500000 1.689982e-03
-46.250000 1.998084e-03
-46.000000 2.306063e-03
-45.750000 2.610988e-03
-45.500000 2.910204e-03
-45.250000 3.201204e-03
-45.000000 3.481573e-03
-44.750000 3.748966e-03
-44.500000 4.001110e-03
-44.250000 4.235813e-03
-44.000000 4.450974e-03
-43.750000 4.644605e-03
-43.500000 4.814846e-03
-43.250000 4.959988e-03
-43.000000 5.078492e-03
-42.750000 5.169008e-03
-42.500000 5.230399e-03
-42.250000 5.261759e-03
-42.000000 5.262438e-03
-41.750000 5.232059e-03
-41.500000 5.170545e-03
-41.250000 5.078144e-03
-41.000000 4.955460e-03
-40.750000 4.803489e-03
-40.500000 4.623670e-03
-40.250000 4.417952e-03
-40.000000 4.188891e-03
-39.750000 3.939788e-03
-39.500000 3.674907e-03
-39.250000 3.399784e-03
-39.000000 3.121701e-03
-38.750000 2.850348e-03
-38.500000 2.598640e-03
-38.250000 2.383374e-03
-38.000000 2.224801e-03
-37.750000 2.143454e-03
-37.500000 2.153583e-03
-37.250000 2.256699e-03
-37.000000 2.441177e-03
-36.750000 2.688225e-03
-36.500000 2.978433e-03
-36.250000 3.295180e-03
-36.000000 3.625285e-03
-35.750000 3.958504e-03
-35.500000 4.286798e-03
-35.250000 4.603730e-03
-35.000000 4.904029e-03
-34.750000 5.183301e-03
-34.500000 5.437838e-03
-34.250000 5.664502e-03
-34.000000 5.860648e-03
-33.750000 6.024072e-03
-33.500000 6.152989e-03
-33.250000 6.246012e-03
-33.000000 6.302145e-03
-32.750000 6.320784e-03
-32.500000 6.301713e-03
-32.250000 6.245118e-03
-32.000000 6.151590e-03
-31.750000 6.022149e-03
-31.500000 5.858266e-03
-31.250000 5.661898e-03
-31.000000 5.435551e-03
-30.750000 5.182356e-03
-30.500000 4.906198e-03
-30.250000 4.611897e-03
-30.000000 4.305478e-03
-29.750000 3.994556e-03
-29.500000 3.688854e-03
-29.250000 3.400826e-03
-29.000000 3.146162e-03
-28.750000 2.943642e-03
-28.500000 2.813315e-03
-28.250000 2.772213e-03
-28.000000 2.828737e-03
-27.750000 2.979463e-03
-27.500000 3.211108e-03
-27.250000 3.505800e-03
-27.000000 3.845757e-03
-26.750000 4.215626e-03
-26.500000 4.602985e-03
-26.250000 4.998005e-03
-26.000000 5.392902e-03
-25.750000 5.781431e-03
-25.500000 6.158508e-03
-25.250000 6.519926e-03
-25.000000 6.862164e-03
-24.750000 7.182252e-03
-24.500000 7.477674e-03
-24.250000 7.746312e-03
-24.000000 7.986394e-03
-23.750000 8.196471e-03
-23.500000 8.375392e-03
-23.250000 8.522300e-03
-23.000000 8.636622e-03
-22.750000 8.718074e-03
-22.500000 8.766672e-03
-22.250000 8.782740e-03
-22.000000 8.766936e-03
-21.750000 8.720277e-03
-21.500000 8.644173e-03
-21.250000 8.540475e-03
-21.000000 8.411524e-03
-20.750000 8.260221e-03
-20.500000 8.090089e-03
-20.250000 7.905366e-03
-20.000000 7.711074e-03
-19.750000 7.513098e-03
-19.500000 7.318228e-03
-19.250000 7.134143e-03
-19.000000 6.969302e-03
-18.750000 6.832692e-03
-18.500000 6.733387e-03
-18.250000 6.679933e-03
-18.000000 6.679582e-03
-17.750000 6.737540e-03
-17.500000 6.856371e-03
-17.250000 7.035736e-03
-17.000000 7.272524e-03
-16.750000 7.561306e-03
-16.500000 7.894969e-03
-16.250000 8.265371e-03
-16.000000 8.663903e-03
-15.750000 9.081901e-03
-15.500000 9.510926e-03
-15.250000 9.942920e-03
-15.000000 1.037029e-02
-14.750000 1.078595e-02
-14.500000 1.118332e-02
-14.250000 1.155630e-02
-14.000000 1.189934e-02
-13.750000 1.220733e-02
-13.500000 1.247571e-02
-13.250000 1.270040e-02
-13.000000 1.287786e-02
-12.750000 1.300511e-02
-12.500000 1.307973e-02
-12.250000 1.309994e-02
-12.000000 1.306460e-02
-11.750000 1.297328e-02
-11.500000 1.282633e-02
-11.250000 1.262493e-02
-11.000000 1.237115e-02
-10.750000 1.206813e-02
-10.500000 1.172012e-02
-10.250000 1.133269e-02
-10.000000 1.091289e-02
-9.750000 1.046949e-02
-9.500000 1.001324e-02
-9.250000 9.557084e-03
-9.000000 9.116413e-03
-8.750000 8.709017e-03
-8.500000 8.354695e-03
-8.250000 8.074179e-03
-8.000000 7.887184e-03
-7.750000 7.809690e-03
-7.500000 7.851100e-03
-7.250000 8.012335e-03
-7.000000 8.285724e-03
-6.750000 8.656700e-03
-6.500000 9.106462e-03
-6.250000 9.614562e-03
-6.000000 1.016081e-02
-5.750000 1.072636e-02
-5.500000 1.129418e-02
-5.250000 1.184914e-02
-5.000000 1.237788e-02
-4.750000 1.286868e-02
-4.500000 1.331124e-02
-4.250000 1.369656e-02
-4.000000 1.401679e-02
-3.750000 1.426516e-02
-3.500000 1.443589e-02
-3.250000 1.452417e-02
-3.000000 1.452612e-02
-2.750000 1.443874e-02
-2.500000 1.425996e-02
-2.250000 1.398860e-02
-2.000000 1.362439e-02
-1.750000 1.316800e-02
-1.500000 1.262106e-02
-1.250000 1.198624e-02
-1.000000 1.126736e-02
-0.750000 1.046954e-02
-0.500000 9.599605e-03
-0.250000 8.666614e-03
0.000000 7.683086e-03
0.250000 6.667341e-03
0.500000 5.648506e-03
0.750000 4.677476e-03
1.000000 3.849591e-03
1.250000 3.333907e-03
1.500000 3.329082e-03
1.750000 3.867827e-03
2.000000 4.784990e-03
2.250000 5.911587e-03
2.500000 7.146450e-03
2.750000 8.434050e-03
3.000000 9.741588e-03
3.250000 1.104737e-02
3.500000 1.233546e-02
3.750000 1.359318e-02
4.000000 1.480984e-02
4.250000 1.597616e-02
4.500000 1.708390e-02
4.750000 1.812572e-02
5.000000 1.909507e-02
5.250000 1.998613e-02
5.500000 2.079384e-02
5.750000 2.151385e-02
6.000000 2.214255e-02
6.250000 2.267707e-02
6.500000 2.311527e-02
6.750000 2.345576e-02
7.000000 2.369790e-02
7.250000 2.384178e-02
7.500000 2.388825e-02
7.750000 2.383887e-02
8.000000 2.369591e-02
8.250000 2.346236e-02
8.500000 2.314187e-02
8.750000 2.273873e-02
9.000000 2.225787e-02
9.250000 2.170483e-02
9.500000 2.108568e-02
9.750000 2.040707e-02
10.000000 1.967612e-02
10.250000 1.890048e-02
10.500000 1.808821e-02
10.750000 1.724784e-02
11.000000 1.638828e-02
11.250000 1.551887e-02
11.500000 1.464931e-02
11.750000 1.378963e-02
12.000000 1.295020e-02
12.250000 1.214158e-02
12.500000 1.137443e-02
12.750000 1.065922e-02
13.000000 1.000592e-02
13.250000 9.423390e-03
13.500000 8.918678e-03
13.750000 8.496213e-03
14.000000 8.157001e-03
14.250000 7.898115e-03
14.500000 7.712651e-03
14.750000 7.590257e-03
15.000000 7.518128e-03
15.250000 7.482231e-03
15.500000 7.468475e-03
15.750000 7.463625e-03
16.000000 7.455909e-03
16.250000 7.435308e-03
16.500000 7.393638e-03
16.750000 7.324489e-03
17.000000 7.223079e-03
17.250000 7.086089e-03
17.500000 6.911483e-03
17.750000 6.698351e-03
18.000000 6.446753e-03
18.250000 6.157598e-03
18.500000 5.832528e-03
18.750000 5.473827e-03
19.000000 5.084356e-03
19.250000 4.667501e-03
19.500000 4.227164e-03
19.750000 3.767811e-03
20.000000 3.294629e-03
20.250000 2.813907e-03
20.500000 2.333953e-03
20.750000 1.867371e-03
21.000000 1.437091e-03
21.250000 1.092088e-03
21.500000 9.291732e-04
21.750000 1.027287e-03
22.000000 1.315967e-03
22.250000 1.686107e-03
22.500000 2.080437e-03
22.750000 2.473519e-03
23.000000 2.852695e-03
23.250000 3.210624e-03
23.500000 3.542494e-03
23.750000 3.844884e-03
24.000000 4.115261e-03
24.250000 4.351730e-03
24.500000 4.552911e-03
24.750000 4.717858e-03
25.000000 4.846022e-03
25.250000 4.937211e-03
25.500000 4.991575e-03
25.750000 5.009578e-03
26.000000 4.991988e-03
26.250000 4.939856e-03
26.500000 4.854501e-03
26.750000 4.737494e-03
27.000000 4.590645e-03
27.250000 4.415988e-03
27.500000 4.215770e-03
27.750000 3.992447e-03
28.000000 3.748677e-03
28.250000 3.487334e-03
28.500000 3.211533e-03
28.750000 2.924681e-03
29.000000 2.630582e-03
29.250000 2.333623e-03
29.500000 2.039126e-03
29.750000 1.753985e-03
30.000000 1.487827e-03
30.250000 1.254911e-03
30.500000 1.076181e-03
30.750000 9.773417e-04
31.000000 9.753205e-04
31.250000 1.061267e-03
31.500000 1.206548e-03
31.750000 1.382595e-03
32.000000 1.569440e-03
32.250000 1.754569e-03
32.500000 1.930135e-03
32.750000 2.091026e-03
33.000000 2.233779e-03
33.250000 2.355981e-03
33.500000 2.455953e-03
33.750000 2.532569e-03
34.000000 2.585163e-03
34.250000 2.613470e-03
34.500000 2.617609e-03
34.750000 2.598075e-03
35.000000 2.555764e-03
35.250000 2.492002e-03
35.500000 2.408612e-03
35.750000 2.308008e-03
36.000000 2.193342e-03
36.250000 2.068712e-03
36.500000 1.939447e-03
36.750000 1.812463e-03
37.000000 1.696589e-03
37.250000 1.602601e-03
37.500000 1.542430e-03
37.750000 1.527009e-03
38.000000 1.563128e-03
38.250000 1.651150e-03
38.500000 1.785421e-03
38.750000 1.956866e-03
39.000000 2.155698e-03
39.250000 2.372994e-03
39.500000 2.601202e-03
39.750000 2.834086e-03
40.000000 3.066492e-03
40.250000 3.294114e-03
40.500000 3.513294e-03
40.750000 3.720890e-03
41.000000 3.914178e-03
41.250000 4.090786e-03
41.500000 4.248655e-03
41.750000 4.386008e-03
42.000000 4.501339e-03
42.250000 4.593395e-03
42.500000 4.661176e-03
42.750000 4.703925e-03
43.000000 4.721127e-03
43.250000 4.712505e-03
43.500000 4.678018e-03
43.750000 4.617853e-03
44.000000 4.532423e-03
44.250000 4.422359e-03
44.500000 4.288502e-03
44.750000 4.131894e-03
45.000000 3.953767e-03
45.250000 3.755530e-03
45.500000 3.538760e-03
45.750000 3.305181e-03
46.000000 3.056654e-03
46.250000 2.795160e-03
46.500000 2.522788e-03
46.750000 2.241714e-03
47.000000 1.954203e-03
47.250000 1.662603e-03
47.500000 1.369375e-03
47.750000 1.077205e-03
48.000000 7.893688e-04
48.250000 5.113395e-04
48.500000 2.618771e-04
48.750000 1.816625e-04
49.000000 3.732192e-04
49.250000 6.071803e-04
49.500000 8.365059e-04
49.750000 1.053249e-03
50.000000 1.254312e-03
