-50.000000 6.355189e-02
-49.750000 6.467695e-02
-49.500000 6.536418e-02
-49.250000 6.560224e-02
-49.000000 6.538396e-02
-48.750000 6.470637e-02
-48.500000 6.357084e-02
-48.250000 6.198320e-02
-48.000000 5.995396e-02
-47.750000 5.749864e-02
-47.500000 5.463822e-02
-47.250000 5.139993e-02
-47.000000 4.781853e-02
-46.750000 4.393841e-02
-46.500000 3.981741e-02
-46.250000 3.553358e-02
-46.000000 3.119778e-02
-45.750000 2.697712e-02
-45.500000 2.313635e-02
-45.250000 2.009383e-02
-45.000000 1.842333e-02
-44.750000 1.861804e-02
-44.500000 2.068163e-02
-44.250000 2.414309e-02
-44.000000 2.846185e-02
-43.750000 3.324258e-02
-43.500000 3.822992e-02
-43.250000 4.325668e-02
-43.000000 4.820622e-02
-42.750000 5.299105e-02
-42.500000 5.754147e-02
-42.250000 6.179938e-02
-42.000000 6.571497e-02
-41.750000 6.924486e-02
-41.500000 7.235115e-02
-41.250000 7.500084e-02
-41.000000 7.716560e-02
-40.750000 7.882170e-02
-40.500000 7.995001e-02
-40.250000 8.053605e-02
-40.000000 8.057015e-02
-39.750000 8.004758e-02
-39.500000 7.896874e-02
-39.250000 7.733936e-02
-39.000000 7.517088e-02
-38.750000 7.248079e-02
-38.500000 6.929327e-02
-38.250000 6.564010e-02
-38.000000 6.156208e-02
-37.750000 5.711140e-02
-37.500000 5.235545e-02
-37.250000 4.738349e-02
-37.000000 4.231807e-02
-36.750000 3.733492e-02
-36.500000 3.269524e-02
-36.250000 2.878843e-02
-36.000000 2.614791e-02
-35.750000 2.532956e-02
-35.500000 2.659400e-02
-35.250000 2.970465e-02
-35.000000 3.413750e-02
-34.750000 3.938705e-02
-34.500000 4.507912e-02
-34.250000 5.095590e-02
-34.000000 5.683692e-02
-33.750000 6.258946e-02
-33.500000 6.811045e-02
-33.250000 7.331604e-02
-33.000000 7.813565e-02
-32.750000 8.250860e-02
-32.500000 8.638220e-02
-32.250000 8.971067e-02
-32.000000 9.245463e-02
-31.750000 9.458078e-02
-31.500000 9.606197e-02
-31.250000 9.687721e-02
-31.000000 9.701192e-02
-30.750000 9.645820e-02
-30.500000 9.521522e-02
-30.250000 9.328979e-02
-30.000000 9.069701e-02
-29.750000 8.746133e-02
-29.500000 8.361798e-02
-29.250000 7.921517e-02
-29.000000 7.431750e-02
-28.750000 6.901127e-02
-28.500000 6.341308e-02
-28.250000 5.768358e-02
-28.000000 5.204887e-02
-27.750000 4.683059e-02
-27.500000 4.247620e-02
-27.250000 3.955190e-02
-27.000000 3.862294e-02
-26.750000 4.000341e-02
-26.500000 4.357703e-02
-26.250000 4.890171e-02
-26.000000 5.545644e-02
-25.750000 6.279409e-02
-25.500000 7.057330e-02
-25.250000 7.853917e-02
-25.000000 8.649706e-02
-24.750000 9.429242e-02
-24.500000 1.017976e-01
-24.250000 1.089036e-01
-24.000000 1.155151e-01
-23.750000 1.215476e-01
-23.500000 1.269255e-01
-23.250000 1.315813e-01
-23.000000 1.354551e-01
-22.750000 1.384943e-01
-22.500000 1.406541e-01
-22.250000 1.418972e-01
-22.000000 1.421948e-01
-21.750000 1.415264e-01
-21.500000 1.398811e-01
-21.250000 1.372582e-01
-21.000000 1.336680e-01
-20.750000 1.291339e-01
-20.500000 1.236944e-01
-20.250000 1.174063e-01
-20.000000 1.103499e-01
-19.750000 1.026371e-01
-19.500000 9.442464e-02
-19.250000 8.593506e-02
-19.000000 7.749160e-02
-18.750000 6.956959e-02
-18.500000 6.285667e-02
-18.250000 5.826634e-02
-18.000000 5.676909e-02
-17.750000 5.896716e-02
-17.500000 6.474148e-02
-17.250000 7.340301e-02
-17.000000 8.412341e-02
-16.750000 9.620010e-02
-16.500000 1.091055e-01
-16.250000 1.224504e-01
-16.000000 1.359389e-01
-15.750000 1.493346e-01
-15.500000 1.624399e-01
-15.250000 1.750825e-01
-15.000000 1.871081e-01
-14.750000 1.983753e-01
-14.500000 2.087529e-01
-14.250000 2.181188e-01
-14.000000 2.263592e-01
-13.750000 2.333680e-01
-13.500000 2.390475e-01
-13.250000 2.433080e-01
-13.000000 2.460693e-01
-12.750000 2.472606e-01
-12.500000 2.468219e-01
-12.250000 2.447052e-01
-12.000000 2.408756e-01
-11.750000 2.353139e-01
-11.500000 2.280189e-01
-11.250000 2.190117e-01
-11.000000 2.083418e-01
-10.750000 1.960969e-01
-10.500000 1.824189e-01
-10.250000 1.675309e-01
-10.000000 1.517854e-01
-9.750000 1.357488e-01
-9.500000 1.203494e-01
-9.250000 1.070984e-01
-9.000000 9.826477e-02
-8.750000 9.650948e-02
-8.500000 1.035085e-01
-8.250000 1.188154e-01
-8.000000 1.406088e-01
-7.750000 1.670427e-01
-7.500000 1.967679e-01
-7.250000 2.288820e-01
-7.000000 2.627729e-01
-6.750000 2.980004e-01
-6.500000 3.342255e-01
-6.250000 3.711685e-01
-6.000000 4.085864e-01
-5.750000 4.462589e-01
-5.500000 4.839807e-01
-5.250000 5.215567e-01
-5.000000 5.587994e-01
-4.750000 5.955275e-01
-4.500000 6.315651e-01
-4.250000 6.667414e-01
-4.000000 7.008910e-01
-3.750000 7.338541e-01
-3.500000 7.654765e-01
-3.250000 7.956110e-01
-3.000000 8.241170e-01
-2.750000 8.508617e-01
-2.500000 8.757202e-01
-2.250000 8.985767e-01
-2.000000 9.193243e-01
-1.750000 9.378661e-01
-1.500000 9.541152e-01
-1.250000 9.679956e-01
-1.000000 9.794422e-01
-0.750000 9.884014e-01
-0.500000 9.948310e-01
-0.250000 9.987008e-01
0.000000 9.999928e-01
0.250000 9.987008e-01
0.500000 9.948310e-01
0.750000 9.884014e-01
1.000000 9.794422e-01
1.250000 9.679956e-01
1.500000 9.541152e-01
1.750000 9.378661e-01
2.000000 9.193243e-01
2.250000 8.985767e-01
2.500000 8.757202e-01
2.750000 8.508617e-01
3.000000 8.241170e-01
3.250000 7.956110e-01
3.500000 7.654765e-01
3.750000 7.338541e-01
4.000000 7.008910e-01
4.250000 6.667414e-01
4.500000 6.315651e-01
4.750000 5.955275e-01
5.000000 5.587994e-01
5.250000 5.215567e-01
5.500000 4.839807e-01
5.750000 4.462589e-01
6.000000 4.085864e-01
6.250000 3.711685e-01
6.500000 3.342255e-01
6.750000 2.980004e-01
7.000000 2.627729e-01
7.250000 2.288820e-01
7.500000 1.967679e-01
7.750000 1.670427e-01
8.000000 1.406088e-01
8.250000 1.188154e-01
8.500000 1.035085e-01
8.750000 9.650948e-02
9.000000 9.826477e-02
9.250000 1.070984e-01
9.500000 1.203494e-01
9.750000 1.357488e-01
10.000000 1.517854e-01
10.250000 1.675309e-01
10.500000 1.824189e-01
10.750000 1.960969e-01
11.000000 2.083418e-01
11.250000 2.190117e-01
11.500000 2.280189e-01
11.750000 2.353139e-01
12.000000 2.408756e-01
12.250000 2.447052e-01
12.500000 2.468219e-01
12.750000 2.472606e-01
13.000000 2.460693e-01
13.250000 2.433080e-01
13.500000 2.390475e-01
13.750000 2.333680e-01
14.000000 2.263592e-01
14.250000 2.181188e-01
14.500000 2.087529e-01
14.750000 1.983753e-01
15.000000 1.871081e-01
15.250000 1.750825e-01
15.500000 1.624399e-01
15.750000 1.493346e-01
16.000000 1.359389e-01
16.250000 1.224504e-01
16.500000 1.091055e-01
16.750000 9.620010e-02
17.000000 8.412341e-02
17.250000 7.340301e-02
17.500000 6.474148e-02
17.750000 5.896716e-02
18.000000 5.676909e-02
18.250000 5.826634e-02
18.500000 6.285667e-02
18.750000 6.956959e-02
19.000000 7.749160e-02
19.250000 8.593506e-02
19.500000 9.442464e-02
19.750000 1.026371e-01
20.000000 1.103499e-01
20.250000 1.174063e-01
20.500000 1.236944e-01
20.750000 1.291339e-01
21.000000 1.336680e-01
21.250000 1.372582e-01
21.500000 1.398811e-01
21.750000 1.415264e-01
22.000000 1.421948e-01
22.250000 1.418972e-01
22.500000 1.406541e-01
22.750000 1.384943e-01
23.000000 1.354551e-01
23.250000 1.315813e-01
23.500000 1.269255e-01
23.750000 1.215476e-01
24.000000 1.155151e-01
24.250000 1.089036e-01
24.500000 1.017976e-01
24.750000 9.429242e-02
25.000000 8.649706e-02
25.250000 7.853917e-02
25.500000 7.057330e-02
25.750000 6.279409e-02
26.000000 5.545644e-02
26.250000 4.890171e-02
26.500000 4.357703e-02
26.750000 4.000341e-02
27.000000 3.862294e-02
27.250000 3.955190e-02
27.500000 4.247620e-02
27.750000 4.683059e-02
28.000000 5.204887e-02
28.250000 5.768358e-02
28.500000 6.341308e-02
28.750000 6.901127e-02
29.000000 7.431750e-02
29.250000 7.921517e-02
29.500000 8.361798e-02
29.750000 8.746133e-02
30.000000 9.069701e-02
30.250000 9.328979e-02
30.500000 9.521522e-02
30.750000 9.645820e-02
31.000000 9.701192e-02
31.250000 9.687721e-02
31.500000 9.606197e-02
31.750000 9.458078e-02
32.000000 9.245463e-02
32.250000 8.971067e-02
32.500000 8.638220e-02
32.750000 8.250860e-02
33.000000 7.813565e-02
33.250000 7.331604e-02
33.500000 6.811045e-02
33.750000 6.258946e-02
34.000000 5.683692e-02
34.250000 5.095590e-02
34.500000 4.507912e-02
34.750000 3.938705e-02
35.000000 3.413750e-02
35.250000 2.970465e-02
35.500000 2.659400e-02
35.750000 2.532956e-02
36.000000 2.614791e-02
36.250000 2.878843e-02
36.500000 3.269524e-02
36.750000 3.733492e-02
37.000000 4.231807e-02
37.250000 4.738349e-02
37.500000 5.235545e-02
37.750000 5.711140e-02
38.000000 6.156208e-02
38.250000 6.564010e-02
38.500000 6.929327e-02
38.750000 7.248079e-02
39.000000 7.517088e-02
39.250000 7.733936e-02
39.500000 7.896874e-02
39.750000 8.004758e-02
40.000000 8.057015e-02
40.250000 8.053605e-02
40.500000 7.995001e-02
40.750000 7.882170e-02
41.000000 7.716560e-02
41.250000 7.500084e-02
41.500000 7.235115e-02
41.750000 6.924486e-02
42.000000 6.571497e-02
42.250000 6.179938e-02
42.500000 5.754147e-02
42.750000 5.299105e-02
43.000000 4.820622e-02
43.250000 4.325668e-02
43.500000 3.822992e-02
43.750000 3.324258e-02
44.000000 2.846185e-02
44.250000 2.414309e-02
44.500000 2.068163e-02
44.750000 1.861804e-02
45.000000 1.842333e-02
45.250000 2.009383e-02
45.500000 2.313635e-02
45.750000 2.697712e-02
46.000000 3.119778e-02
46.250000 3.553358e-02
46.500000 3.981741e-02
46.750000 4.393841e-02
47.000000 4.781853e-02
47.250000 5.139993e-02
47.500000 5.463822e-02
47.750000 5.749864e-02
48.000000 5.995396e-02
48.250000 6.198320e-02
48.500000 6.357084e-02
48.750000 6.470637e-02
49.000000 6.538396e-02
49.250000 6.560224e-02
49.500000 6.536418e-02
49.750000 6.467695e-02
50.000000 6.355189e-02
