-50.000000 4.771507e-03
-49.750000 4.868227e-03
-49.500000 4.950397e-03
-49.250000 5.017757e-03
-49.000000 5.070100e-03
-48.750000 5.107268e-03
-48.500000 5.129145e-03
-48.250000 5.135657e-03
-48.000000 5.126768e-03
-47.750000 5.102476e-03
-47.500000 5.062816e-03
-47.250000 5.007855e-03
-47.000000 4.937696e-03
-46.750000 4.852479e-03
-46.500000 4.752389e-03
-46.250000 4.637654e-03
-46.000000 4.508562e-03
-45.750000 4.365462e-03
-45.500000 4.208786e-03
-45.250000 4.039056e-03
-45.000000 3.856913e-03
-44.750000 3.663138e-03
-44.500000 3.458691e-03
-44.250000 3.244761e-03
-44.000000 3.022833e-03
-43.750000 2.794793e-03
-43.500000 2.563079e-03
-43.250000 2.330914e-03
-43.000000 2.102665e-03
-42.750000 1.884371e-03
-42.500000 1.684464e-03
-42.250000 1.514488e-03
-42.000000 1.389039e-03
-41.750000 1.323305e-03
-41.500000 1.327224e-03
-41.250000 1.399754e-03
-41.000000 1.529379e-03
-40.750000 1.700226e-03
-40.500000 1.897491e-03
-40.250000 2.109447e-03
-40.000000 2.327306e-03
-39.750000 2.544476e-03
-39.500000 2.755875e-03
-39.250000 2.957440e-03
-39.000000 3.145810e-03
-38.750000 3.318125e-03
-38.500000 3.471903e-03
-38.250000 3.604972e-03
-38.000000 3.715422e-03
-37.750000 3.801582e-03
-37.500000 3.862013e-03
-37.250000 3.895501e-03
-37.000000 3.901060e-03
-36.750000 3.877938e-03
-36.500000 3.825623e-03
-36.250000 3.743853e-03
-36.000000 3.632622e-03
-35.750000 3.492194e-03
-35.500000 3.323117e-03
-35.250000 3.126236e-03
-35.000000 2.902727e-03
-34.750000 2.654140e-03
-34.500000 2.382487e-03
-34.250000 2.090412e-03
-34.000000 1.781577e-03
-33.750000 1.461589e-03
-33.500000 1.140572e-03
-33.250000 8.413185e-04
-33.000000 6.250678e-04
-32.750000 6.130675e-04
-32.500000 8.251460e-04
-32.250000 1.146200e-03
-32.000000 1.507420e-03
-31.750000 1.882439e-03
-31.500000 2.259194e-03
-31.250000 2.630493e-03
-31.000000 2.991073e-03
-30.750000 3.336574e-03
-30.500000 3.663131e-03
-30.250000 3.967206e-03
-30.000000 4.245521e-03
-29.750000 4.495033e-03
-29.500000 4.712934e-03
-29.250000 4.896663e-03
-29.000000 5.043923e-03
-28.750000 5.152702e-03
-28.500000 5.221292e-03
-28.250000 5.248322e-03
-28.000000 5.232777e-03
-27.750000 5.174030e-03
-27.500000 5.071881e-03
-27.250000 4.926591e-03
-27.000000 4.738946e-03
-26.750000 4.510334e-03
-26.500000 4.242872e-03
-26.250000 3.939612e-03
-26.000000 3.604890e-03
-25.750000 3.244966e-03
-25.500000 2.869216e-03
-25.250000 2.492450e-03
-25.000000 2.139267e-03
-24.750000 1.850926e-03
-24.500000 1.688904e-03
-24.250000 1.713125e-03
-24.000000 1.932926e-03
-23.750000 2.302402e-03
-23.500000 2.766388e-03
-23.250000 3.285214e-03
-23.000000 3.833719e-03
-22.750000 4.395475e-03
-22.500000 4.958849e-03
-22.250000 5.514866e-03
-22.000000 6.056100e-03
-21.750000 6.576091e-03
-21.500000 7.069048e-03
-21.250000 7.529681e-03
-21.000000 7.953119e-03
-20.750000 8.334877e-03
-20.500000 8.670836e-03
-20.250000 8.957247e-03
-20.000000 9.190744e-03
-19.750000 9.368352e-03
-19.500000 9.487509e-03
-19.250000 9.546078e-03
-19.000000 9.542364e-03
-18.750000 9.475127e-03
-18.500000 9.343594e-03
-18.250000 9.147468e-03
-18.000000 8.886933e-03
-17.750000 8.562654e-03
-17.500000 8.175781e-03
-17.250000 7.727944e-03
-17.000000 7.221244e-03
-16.750000 6.658251e-03
-16.500000 6.041993e-03
-16.250000 5.375962e-03
-16.000000 4.664134e-03
-15.750000 3.911045e-03
-15.500000 3.122052e-03
-15.250000 2.304216e-03
-15.000000 1.470485e-03
-14.750000 6.761977e-04
-14.500000 5.594896e-04
-14.250000 1.346383e-03
-14.000000 2.236373e-03
-13.750000 3.143977e-03
-13.500000 4.053268e-03
-13.250000 4.956132e-03
-13.000000 5.846441e-03
-12.750000 6.718917e-03
-12.500000 7.568858e-03
-12.250000 8.392072e-03
-12.000000 9.184901e-03
-11.750000 9.944264e-03
-11.500000 1.066772e-02
-11.250000 1.135352e-02
-11.000000 1.200071e-02
-10.750000 1.260915e-02
-10.500000 1.317963e-02
-10.250000 1.371387e-02
-10.000000 1.421463e-02
-9.750000 1.468566e-02
-9.500000 1.513177e-02
-9.250000 1.555877e-02
-9.000000 1.597342e-02
-8.750000 1.638328e-02
-8.500000 1.679658e-02
-8.250000 1.722200e-02
-8.000000 1.766836e-02
-7.750000 1.814433e-02
-7.500000 1.865806e-02
-7.250000 1.921688e-02
-7.000000 1.982691e-02
-6.750000 2.049290e-02
-6.500000 2.121793e-02
-6.250000 2.200339e-02
-6.000000 2.284895e-02
-5.750000 2.375263e-02
-5.500000 2.471094e-02
-5.250000 2.571906e-02
-5.000000 2.677104e-02
-4.750000 2.786005e-02
-4.500000 2.897851e-02
-4.250000 3.011839e-02
-4.000000 3.127127e-02
-3.750000 3.242857e-02
-3.500000 3.358166e-02
-3.250000 3.472194e-02
-3.000000 3.584099e-02
-2.750000 3.693061e-02
-2.500000 3.798291e-02
-2.250000 3.899036e-02
-2.000000 3.994583e-02
-1.750000 4.084267e-02
-1.500000 4.167472e-02
-1.250000 4.243634e-02
-1.000000 4.312243e-02
-0.750000 4.372851e-02
-0.500000 4.425066e-02
-0.250000 4.468557e-02
0.000000 4.503056e-02
0.250000 4.528356e-02
0.500000 4.544314e-02
0.750000 4.550847e-02
1.000000 4.547934e-02
1.250000 4.535615e-02
1.500000 4.513987e-02
1.750000 4.483205e-02
2.000000 4.443478e-02
2.250000 4.395068e-02
2.500000 4.338284e-02
2.750000 4.273483e-02
3.000000 4.201064e-02
3.250000 4.121464e-02
3.500000 4.035157e-02
3.750000 3.942645e-02
4.000000 3.844461e-02
4.250000 3.741156e-02
4.500000 3.633305e-02
4.750000 3.521492e-02
5.000000 3.406315e-02
5.250000 3.288376e-02
5.500000 3.168278e-02
5.750000 3.046626e-02
6.000000 2.924016e-02
6.250000 2.801039e-02
6.500000 2.678273e-02
6.750000 2.556284e-02
7.000000 2.435620e-02
7.250000 2.316816e-02
7.500000 2.200388e-02
7.750000 2.086834e-02
8.000000 1.976634e-02
8.250000 1.870253e-02
8.500000 1.768137e-02
8.750000 1.670719e-02
9.000000 1.578414e-02
9.250000 1.491625e-02
9.500000 1.410734e-02
9.750000 1.336101e-02
10.000000 1.268055e-02
10.250000 1.206884e-02
10.500000 1.152816e-02
10.750000 1.106002e-02
11.000000 1.066494e-02
11.250000 1.034228e-02
11.500000 1.009007e-02
11.750000 9.904974e-03
12.000000 9.782359e-03
12.250000 9.716451e-03
12.500000 9.700605e-03
12.750000 9.727606e-03
13.000000 9.789977e-03
13.250000 9.880253e-03
13.500000 9.991193e-03
13.750000 1.011593e-02
14.000000 1.024808e-02
14.250000 1.038174e-02
14.500000 1.051156e-02
14.750000 1.063270e-02
15.000000 1.074078e-02
15.250000 1.083192e-02
15.500000 1.090265e-02
15.750000 1.094994e-02
16.000000 1.097114e-02
16.250000 1.096396e-02
16.500000 1.092653e-02
16.750000 1.085729e-02
17.000000 1.075508e-02
17.250000 1.061907e-02
17.500000 1.044881e-02
17.750000 1.024419e-02
18.000000 1.000546e-02
18.250000 9.733256e-03
18.500000 9.428560e-03
18.750000 9.092740e-03
19.000000 8.727546e-03
19.250000 8.335131e-03
19.500000 7.918071e-03
19.750000 7.479406e-03
20.000000 7.022694e-03
20.250000 6.552097e-03
20.500000 6.072513e-03
20.750000 5.589771e-03
21.000000 5.110921e-03
21.250000 4.644651e-03
21.500000 4.201842e-03
21.750000 3.796208e-03
22.000000 3.444727e-03
22.250000 3.167133e-03
22.500000 2.983211e-03
22.750000 2.907193e-03
23.000000 2.941432e-03
23.250000 3.074331e-03
23.500000 3.284754e-03
23.750000 3.549035e-03
24.000000 3.845906e-03
24.250000 4.158276e-03
24.500000 4.473103e-03
24.750000 4.780621e-03
25.000000 5.073536e-03
25.250000 5.346396e-03
25.500000 5.595131e-03
25.750000 5.816741e-03
26.000000 6.009083e-03
26.250000 6.170721e-03
26.500000 6.300834e-03
26.750000 6.399141e-03
27.000000 6.465853e-03
27.250000 6.501639e-03
27.500000 6.507602e-03
27.750000 6.485255e-03
28.000000 6.436513e-03
28.250000 6.363671e-03
28.500000 6.269401e-03
28.750000 6.156736e-03
29.000000 6.029056e-03
29.250000 5.890063e-03
29.500000 5.743758e-03
29.750000 5.594384e-03
30.000000 5.446363e-03
30.250000 5.304193e-03
30.500000 5.172308e-03
30.750000 5.054907e-03
31.000000 4.955739e-03
31.250000 4.877879e-03
31.500000 4.823507e-03
31.750000 4.793738e-03
32.000000 4.788537e-03
32.250000 4.806733e-03
32.500000 4.846138e-03
32.750000 4.903752e-03
33.000000 4.976009e-03
33.250000 5.059024e-03
33.500000 5.148827e-03
33.750000 5.241539e-03
34.000000 5.333510e-03
34.250000 5.421407e-03
34.500000 5.502263e-03
34.750000 5.573502e-03
35.000000 5.632943e-03
35.250000 5.678787e-03
35.500000 5.709605e-03
35.750000 5.724308e-03
36.000000 5.722132e-03
36.250000 5.702603e-03
36.500000 5.665519e-03
36.750000 5.610920e-03
37.000000 5.539068e-03
37.250000 5.450417e-03
37.500000 5.345598e-03
37.750000 5.225392e-03
38.000000 5.090712e-03
38.250000 4.942582e-03
38.500000 4.782119e-03
38.750000 4.610520e-03
39.000000 4.429045e-03
39.250000 4.239003e-03
39.500000 4.041751e-03
39.750000 3.838680e-03
40.000000 3.631218e-03
40.250000 3.420839e-03
40.500000 3.209067e-03
40.750000 2.997503e-03
41.000000 2.787857e-03
41.250000 2.581993e-03
41.500000 2.382001e-03
41.750000 2.190275e-03
42.000000 2.009619e-03
42.250000 1.843355e-03
42.500000 1.695382e-03
42.750000 1.570125e-03
43.000000 1.472218e-03
43.250000 1.405816e-03
43.500000 1.373578e-03
43.750000 1.375723e-03
44.000000 1.409722e-03
44.250000 1.470890e-03
44.500000 1.553491e-03
44.750000 1.651774e-03
45.000000 1.760596e-03
45.250000 1.875638e-03
45.500000 1.993388e-03
45.750000 2.111015e-03
46.000000 2.226231e-03
46.250000 2.337161e-03
46.500000 2.442249e-03
46.750000 2.540183e-03
47.000000 2.629845e-03
47.250000 2.710273e-03
47.500000 2.780641e-03
47.750000 2.840241e-03
48.000000 2.888474e-03
48.250000 2.924849e-03
48.500000 2.948978e-03
48.750000 2.960576e-03
49.000000 2.959467e-03
49.250000 2.945584e-03
49.500000 2.918968e-03
49.750000 2.879779e-03
50.000000 2.828290e-03
