-50.000000 3.387115e-04
-49.750000 3.836577e-04
-49.500000 4.193288e-04
-49.250000 4.442844e-04
-49.000000 4.572889e-04
-48.750000 4.573087e-04
-48.500000 4.435782e-04
-48.250000 4.157561e-04
-48.000000 3.742535e-04
-47.750000 3.209807e-04
-47.500000 2.613394e-04
-47.250000 2.098569e-04
-47.000000 1.984611e-04
-46.750000 2.519528e-04
-46.500000 3.524966e-04
-46.250000 4.765430e-04
-46.000000 6.111933e-04
-45.750000 7.485841e-04
-45.500000 8.825854e-04
-45.250000 1.007732e-03
-45.000000 1.118955e-03
-44.750000 1.211586e-03
-44.500000 1.281485e-03
-44.250000 1.325187e-03
-44.000000 1.340072e-03
-43.750000 1.324521e-03
-43.500000 1.278061e-03
-43.250000 1.201511e-03
-43.000000 1.097147e-03
-42.750000 9.689880e-04
-42.500000 8.234096e-04
-42.250000 6.707000e-04
-42.000000 5.290916e-04
-41.750000 4.326057e-04
-41.500000 4.257049e-04
-41.250000 5.114131e-04
-41.000000 6.458645e-04
-40.750000 7.925284e-04
-40.500000 9.317118e-04
-40.250000 1.052456e-03
-40.000000 1.148022e-03
-39.750000 1.214140e-03
-39.500000 1.248313e-03
-39.250000 1.249515e-03
-39.000000 1.218005e-03
-38.750000 1.155184e-03
-38.500000 1.063453e-03
-38.250000 9.460776e-04
-38.000000 8.070694e-04
-37.750000 6.511622e-04
-37.500000 4.841372e-04
-37.250000 3.148368e-04
-37.000000 1.699056e-04
-36.750000 1.667217e-04
-36.500000 3.061751e-04
-36.250000 4.678624e-04
-36.000000 6.251784e-04
-35.750000 7.706453e-04
-35.500000 9.002331e-04
-35.250000 1.011103e-03
-35.000000 1.101116e-03
-34.750000 1.168727e-03
-34.500000 1.213019e-03
-34.250000 1.233808e-03
-34.000000 1.231830e-03
-33.750000 1.208973e-03
-33.500000 1.168590e-03
-33.250000 1.115850e-03
-33.000000 1.058066e-03
-32.750000 1.004728e-03
-32.500000 9.667083e-04
-32.250000 9.539618e-04
-32.000000 9.719807e-04
-31.750000 1.019181e-03
-31.500000 1.087477e-03
-31.250000 1.165341e-03
-31.000000 1.240822e-03
-30.750000 1.303262e-03
-30.500000 1.343982e-03
-30.250000 1.356525e-03
-30.000000 1.336819e-03
-29.750000 1.283459e-03
-29.500000 1.198257e-03
-29.250000 1.087356e-03
-29.000000 9.634384e-04
-28.750000 8.496246e-04
-28.500000 7.826497e-04
-28.250000 8.021504e-04
-28.000000 9.193208e-04
-27.750000 1.109212e-03
-27.500000 1.338188e-03
-27.250000 1.580063e-03
-27.000000 1.816359e-03
-26.750000 2.033632e-03
-26.500000 2.221768e-03
-26.250000 2.373178e-03
-26.000000 2.482454e-03
-25.750000 2.546227e-03
-25.500000 2.563079e-03
-25.250000 2.533450e-03
-25.000000 2.459511e-03
-24.750000 2.344986e-03
-24.500000 2.194927e-03
-24.250000 2.015459e-03
-24.000000 1.813491e-03
-23.750000 1.596441e-03
-23.500000 1.371997e-03
-23.250000 1.147990e-03
-23.000000 9.324738e-04
-22.750000 7.342742e-04
-22.500000 5.644170e-04
-22.250000 4.385167e-04
-22.000000 3.753521e-04
-21.750000 3.790252e-04
-21.500000 4.252942e-04
-21.250000 4.849687e-04
-21.000000 5.408158e-04
-20.750000 5.849652e-04
-20.500000 6.144402e-04
-20.250000 6.291086e-04
-20.000000 6.312366e-04
-19.750000 6.259199e-04
-19.500000 6.218439e-04
-19.250000 6.313307e-04
-19.000000 6.679062e-04
-18.750000 7.410211e-04
-18.500000 8.518744e-04
-18.250000 9.942176e-04
-18.000000 1.157965e-03
-17.750000 1.331905e-03
-17.500000 1.504831e-03
-17.250000 1.665897e-03
-17.000000 1.804791e-03
-16.750000 1.911941e-03
-16.500000 1.978789e-03
-16.250000 1.998104e-03
-16.000000 1.964311e-03
-15.750000 1.873811e-03
-15.500000 1.725273e-03
-15.250000 1.519945e-03
-15.000000 1.262100e-03
-14.750000 9.602315e-04
-14.500000 6.323659e-04
-14.250000 3.453364e-04
-14.000000 3.865025e-04
-13.750000 7.236811e-04
-13.500000 1.109881e-03
-13.250000 1.488984e-03
-13.000000 1.838643e-03
-12.750000 2.142894e-03
-12.500000 2.388517e-03
-12.250000 2.564548e-03
-12.000000 2.662408e-03
-11.750000 2.676144e-03
-11.500000 2.602662e-03
-11.250000 2.441884e-03
-11.000000 2.196834e-03
-10.750000 1.873681e-03
-10.500000 1.481884e-03
-10.250000 1.035177e-03
-10.000000 5.594449e-04
-9.750000 2.410750e-04
-9.500000 6.231889e-04
-9.250000 1.147246e-03
-9.000000 1.667756e-03
-8.750000 2.157979e-03
-8.500000 2.600459e-03
-8.250000 2.980891e-03
-8.000000 3.287493e-03
-7.750000 3.511105e-03
-7.500000 3.645400e-03
-7.250000 3.687066e-03
-7.000000 3.635939e-03
-6.750000 3.495073e-03
-6.500000 3.270808e-03
-6.250000 2.972893e-03
-6.000000 2.614882e-03
-5.750000 2.215256e-03
-5.500000 1.800505e-03
-5.250000 1.413282e-03
-5.000000 1.129258e-03
-4.750000 1.054150e-03
-4.500000 1.213840e-03
-4.250000 1.505796e-03
-4.000000 1.830084e-03
-3.750000 2.131470e-03
-3.500000 2.379901e-03
-3.250000 2.557196e-03
-3.000000 2.651725e-03
-2.750000 2.656398e-03
-2.500000 2.567988e-03
-2.250000 2.387144e-03
-2.000000 2.119176e-03
-1.750000 1.776635e-03
-1.500000 1.387872e-03
-1.250000 1.028428e-03
-1.000000 9.005257e-04
-0.750000 1.193183e-03
-0.500000 1.757002e-03
-0.250000 2.434110e-03
0.000000 3.158795e-03
0.250000 3.898085e-03
0.500000 4.629409e-03
0.750000 5.334372e-03
1.000000 5.996916e-03
1.250000 6.602824e-03
1.500000 7.139653e-03
1.750000 7.596843e-03
2.000000 7.965852e-03
2.250000 8.240295e-03
2.500000 8.416042e-03
2.750000 8.491268e-03
3.000000 8.466461e-03
3.250000 8.344367e-03
3.500000 8.129896e-03
3.750000 7.829987e-03
4.000000 7.453449e-03
4.250000 7.010809e-03
4.500000 6.514184e-03
4.750000 5.977239e-03
5.000000 5.415289e-03
5.250000 4.845647e-03
5.500000 4.288334e-03
5.750000 3.767208e-03
6.000000 3.311204e-03
6.250000 2.954192e-03
6.500000 2.729811e-03
6.750000 2.658342e-03
7.000000 2.732920e-03
7.250000 2.921056e-03
7.500000 3.181046e-03
7.750000 3.476172e-03
8.000000 3.779274e-03
8.250000 4.071656e-03
8.500000 4.340691e-03
8.750000 4.577809e-03
9.000000 4.777140e-03
9.250000 4.934655e-03
9.500000 5.047659e-03
9.750000 5.114511e-03
10.000000 5.134474e-03
10.250000 5.107665e-03
10.500000 5.035043e-03
10.750000 4.918430e-03
11.000000 4.760527e-03
11.250000 4.564929e-03
11.500000 4.336117e-03
11.750000 4.079426e-03
12.000000 3.800985e-03
12.250000 3.507620e-03
12.500000 3.206735e-03
12.750000 2.906134e-03
13.000000 2.613798e-03
13.250000 2.337568e-03
13.500000 2.084682e-03
13.750000 1.861131e-03
14.000000 1.670808e-03
14.250000 1.514631e-03
14.500000 1.390008e-03
14.750000 1.291136e-03
15.000000 1.210284e-03
15.250000 1.139648e-03
15.500000 1.073062e-03
15.750000 1.007132e-03
16.000000 9.417388e-04
16.250000 8.800559e-04
16.500000 8.280723e-04
16.750000 7.933087e-04
17.000000 7.823926e-04
17.250000 7.981050e-04
17.500000 8.378650e-04
17.750000 8.949388e-04
18.000000 9.611280e-04
18.250000 1.028951e-03
18.500000 1.092668e-03
18.750000 1.148504e-03
19.000000 1.194518e-03
19.250000 1.230323e-03
19.500000 1.256745e-03
19.750000 1.275422e-03
20.000000 1.288350e-03
20.250000 1.297417e-03
20.500000 1.303981e-03
20.750000 1.308572e-03
21.000000 1.310786e-03
21.250000 1.309392e-03
21.500000 1.302607e-03
21.750000 1.288467e-03
22.000000 1.265208e-03
22.250000 1.231573e-03
22.500000 1.187016e-03
22.750000 1.131786e-03
23.000000 1.066880e-03
23.250000 9.938828e-04
23.500000 9.147070e-04
23.750000 8.312699e-04
24.000000 7.451664e-04
24.250000 6.574460e-04
24.500000 5.686647e-04
24.750000 4.795074e-04
25.000000 3.926257e-04
25.250000 3.172953e-04
25.500000 2.780603e-04
25.750000 3.086210e-04
26.000000 4.100574e-04
26.250000 5.571341e-04
26.500000 7.310638e-04
26.750000 9.207556e-04
27.000000 1.118016e-03
27.250000 1.315420e-03
27.500000 1.505683e-03
27.750000 1.681605e-03
28.000000 1.836255e-03
28.250000 1.963242e-03
28.500000 2.057014e-03
28.750000 2.113152e-03
29.000000 2.128642e-03
29.250000 2.102111e-03
29.500000 2.034042e-03
29.750000 1.926963e-03
30.000000 1.785668e-03
30.250000 1.617536e-03
30.500000 1.433088e-03
30.750000 1.246949e-03
31.000000 1.079162e-03
31.250000 9.552774e-04
31.500000 8.999947e-04
31.750000 9.212956e-04
32.000000 1.001656e-03
32.250000 1.111126e-03
32.500000 1.223183e-03
32.750000 1.319370e-03
33.000000 1.388022e-03
33.250000 1.422344e-03
33.500000 1.419086e-03
33.750000 1.377738e-03
34.000000 1.299994e-03
34.250000 1.189339e-03
34.500000 1.050695e-03
34.750000 8.900869e-04
35.000000 7.143385e-04
35.250000 5.308825e-04
35.500000 3.480602e-04
35.750000 1.789752e-04
36.000000 9.351127e-05
36.250000 1.952134e-04
36.500000 3.201582e-04
36.750000 4.278703e-04
37.000000 5.124998e-04
37.250000 5.726566e-04
37.500000 6.087937e-04
37.750000 6.226132e-04
38.000000 6.167445e-04
38.250000 5.944620e-04
38.500000 5.594097e-04
38.750000 5.153587e-04
39.000000 4.660524e-04
39.250000 4.152337e-04
39.500000 3.669733e-04
39.750000 3.263578e-04
40.000000 3.001464e-04
40.250000 2.958574e-04
40.500000 3.178933e-04
40.750000 3.643035e-04
41.000000 4.287572e-04
41.250000 5.042039e-04
41.500000 5.843551e-04
41.750000 6.636898e-04
42.000000 7.372310e-04
42.250000 8.004780e-04
42.500000 8.494954e-04
42.750000 8.810991e-04
43.000000 8.930961e-04
43.250000 8.845597e-04
43.500000 8.561508e-04
43.750000 8.105195e-04
44.000000 7.528464e-04
44.250000 6.915279e-04
44.500000 6.386485e-04
44.750000 6.088212e-04
45.000000 6.141634e-04
45.250000 6.570950e-04
45.500000 7.288952e-04
45.750000 8.156488e-04
46.000000 9.039950e-04
46.250000 9.832107e-04
46.500000 1.045266e-03
46.750000 1.084432e-03
47.000000 1.096960e-03
47.250000 1.080859e-03
47.500000 1.035752e-03
47.750000 9.627357e-04
48.000000 8.642383e-04
48.250000 7.438483e-04
48.500000 6.061264e-04
48.750000 4.564275e-04
49.000000 3.008818e-04
49.250000 1.478185e-04
49.500000 5.371579e-05
49.750000 1.656398e-04
50.000000 2.897836e-04
