-50.000000 3.695134e-04
-49.750000 4.499023e-04
-49.500000 5.277629e-04
-49.250000 6.015398e-04
-49.000000 6.696311e-04
-48.750000 7.304413e-04
-48.500000 7.824632e-04
-48.250000 8.243801e-04
-48.000000 8.551826e-04
-47.750000 8.743023e-04
-47.500000 8.817633e-04
-47.250000 8.783556e-04
-47.000000 8.658342e-04
-46.750000 8.471305e-04
-46.500000 8.265276e-04
-46.250000 8.096641e-04
-46.000000 8.031215e-04
-45.750000 8.133456e-04
-45.500000 8.450205e-04
-45.250000 8.996766e-04
-45.000000 9.754434e-04
-44.750000 1.067984e-03
-44.500000 1.171810e-03
-44.250000 1.281280e-03
-44.000000 1.391133e-03
-43.750000 1.496689e-03
-43.500000 1.593904e-03
-43.250000 1.679356e-03
-43.000000 1.750226e-03
-42.750000 1.804270e-03
-42.500000 1.839798e-03
-42.250000 1.855643e-03
-42.000000 1.851132e-03
-41.750000 1.826046e-03
-41.500000 1.780581e-03
-41.250000 1.715302e-03
-41.000000 1.631096e-03
-40.750000 1.529135e-03
-40.500000 1.410843e-03
-40.250000 1.277899e-03
-40.000000 1.132266e-03
-39.750000 9.763160e-04
-39.500000 8.131522e-04
-39.250000 6.474570e-04
-39.000000 4.880034e-04
-38.750000 3.556243e-04
-38.500000 2.992063e-04
-38.250000 3.594413e-04
-38.000000 4.934983e-04
-37.750000 6.530932e-04
-37.500000 8.173186e-04
-37.250000 9.766549e-04
-37.000000 1.125365e-03
-36.750000 1.259152e-03
-36.500000 1.374411e-03
-36.250000 1.467998e-03
-36.000000 1.537180e-03
-35.750000 1.579664e-03
-35.500000 1.593659e-03
-35.250000 1.577954e-03
-35.000000 1.531992e-03
-34.750000 1.455961e-03
-34.500000 1.350882e-03
-34.250000 1.218748e-03
-34.000000 1.062770e-03
-33.750000 8.879529e-04
-33.500000 7.026887e-04
-33.250000 5.238471e-04
-33.000000 3.926626e-04
-32.750000 3.863583e-04
-32.500000 5.162337e-04
-32.250000 7.087319e-04
-32.000000 9.179854e-04
-31.750000 1.124357e-03
-31.500000 1.317401e-03
-31.250000 1.490127e-03
-31.000000 1.637276e-03
-30.750000 1.754757e-03
-30.500000 1.839469e-03
-30.250000 1.889253e-03
-30.000000 1.902884e-03
-29.750000 1.880076e-03
-29.500000 1.821486e-03
-29.250000 1.728718e-03
-29.000000 1.604342e-03
-28.750000 1.451968e-03
-28.500000 1.276434e-03
-28.250000 1.084349e-03
-28.000000 8.855018e-04
-27.750000 6.966700e-04
-27.500000 5.507129e-04
-27.250000 5.027253e-04
-27.000000 5.820544e-04
-26.750000 7.462206e-04
-26.500000 9.451709e-04
-26.250000 1.152006e-03
-26.000000 1.353192e-03
-25.750000 1.540950e-03
-25.500000 1.710182e-03
-25.250000 1.857262e-03
-25.000000 1.979511e-03
-24.750000 2.074940e-03
-24.500000 2.142108e-03
-24.250000 2.180042e-03
-24.000000 2.188186e-03
-23.750000 2.166369e-03
-23.500000 2.114807e-03
-23.250000 2.034122e-03
-23.000000 1.925386e-03
-22.750000 1.790216e-03
-22.500000 1.630923e-03
-22.250000 1.450795e-03
-22.000000 1.254658e-03
-21.750000 1.050093e-03
-21.500000 8.503282e-04
-21.250000 6.808943e-04
-21.000000 5.883746e-04
-20.750000 6.196692e-04
-20.500000 7.616148e-04
-20.250000 9.623886e-04
-20.000000 1.184376e-03
-19.750000 1.406866e-03
-19.500000 1.617441e-03
-19.250000 1.807457e-03
-19.000000 1.970224e-03
-18.750000 2.100290e-03
-18.500000 2.193175e-03
-18.250000 2.245285e-03
-18.000000 2.253898e-03
-17.750000 2.217184e-03
-17.500000 2.134225e-03
-17.250000 2.005042e-03
-17.000000 1.830620e-03
-16.750000 1.612968e-03
-16.500000 1.355303e-03
-16.250000 1.062672e-03
-16.000000 7.445687e-04
-15.750000 4.309937e-04
-15.500000 3.007813e-04
-15.250000 5.700124e-04
-15.000000 9.650419e-04
-14.750000 1.391078e-03
-14.500000 1.828494e-03
-14.250000 2.268117e-03
-14.000000 2.703261e-03
-13.750000 3.128176e-03
-13.500000 3.537628e-03
-13.250000 3.926756e-03
-13.000000 4.291021e-03
-12.750000 4.626167e-03
-12.500000 4.928209e-03
-12.250000 5.193414e-03
-12.000000 5.418298e-03
-11.750000 5.599628e-03
-11.500000 5.734435e-03
-11.250000 5.820045e-03
-11.000000 5.854119e-03
-10.750000 5.834703e-03
-10.500000 5.760297e-03
-10.250000 5.629926e-03
-10.000000 5.443213e-03
-9.750000 5.200457e-03
-9.500000 4.902704e-03
-9.250000 4.551807e-03
-9.000000 4.150480e-03
-8.750000 3.702338e-03
-8.500000 3.211941e-03
-8.250000 2.684865e-03
-8.000000 2.127900e-03
-7.750000 1.549801e-03
-7.500000 9.650388e-04
-7.250000 4.294672e-04
-7.000000 4.376663e-04
-6.750000 9.704766e-04
-6.500000 1.543642e-03
-6.250000 2.102986e-03
-6.000000 2.633257e-03
-5.750000 3.124489e-03
-5.500000 3.568460e-03
-5.250000 3.958044e-03
-5.000000 4.287106e-03
-4.750000 4.550534e-03
-4.500000 4.744314e-03
-4.250000 4.865602e-03
-4.000000 4.912805e-03
-3.750000 4.885659e-03
-3.500000 4.785319e-03
-3.250000 4.614477e-03
-3.000000 4.377553e-03
-2.750000 4.081021e-03
-2.500000 3.734023e-03
-2.250000 3.349529e-03
-2.000000 2.946604e-03
-1.750000 2.554657e-03
-1.500000 2.220196e-03
-1.250000 2.011132e-03
-1.000000 1.997947e-03
-0.750000 2.202220e-03
-0.500000 2.579374e-03
-0.250000 3.064362e-03
0.000000 3.606120e-03
0.250000 4.170760e-03
0.500000 4.735791e-03
0.750000 5.285466e-03
1.000000 5.808143e-03
1.250000 6.294906e-03
1.500000 6.738850e-03
1.750000 7.134707e-03
2.000000 7.478638e-03
2.250000 7.768119e-03
2.500000 8.001865e-03
2.750000 8.179764e-03
3.000000 8.302822e-03
3.250000 8.373094e-03
3.500000 8.393609e-03
3.750000 8.368280e-03
4.000000 8.301802e-03
4.250000 8.199541e-03
4.500000 8.067412e-03
4.750000 7.911741e-03
5.000000 7.739131e-03
5.250000 7.556314e-03
5.500000 7.369996e-03
5.750000 7.186696e-03
6.000000 7.012575e-03
6.250000 6.853259e-03
6.500000 6.713655e-03
6.750000 6.597763e-03
7.000000 6.508508e-03
7.250000 6.447604e-03
7.500000 6.415461e-03
7.750000 6.411166e-03
8.000000 6.432531e-03
8.250000 6.476216e-03
8.500000 6.537899e-03
8.750000 6.612493e-03
9.000000 6.694363e-03
9.250000 6.777557e-03
9.500000 6.856017e-03
9.750000 6.923774e-03
10.000000 6.975136e-03
10.250000 7.004841e-03
10.500000 7.008214e-03
10.750000 6.981290e-03
11.000000 6.920935e-03
11.250000 6.824940e-03
11.500000 6.692102e-03
11.750000 6.522282e-03
12.000000 6.316447e-03
12.250000 6.076693e-03
12.500000 5.806244e-03
12.750000 5.509437e-03
13.000000 5.191700e-03
13.250000 4.859499e-03
13.500000 4.520284e-03
13.750000 4.182385e-03
14.000000 3.854860e-03
14.250000 3.547210e-03
14.500000 3.268871e-03
14.750000 3.028390e-03
15.000000 2.832229e-03
15.250000 2.683383e-03
15.500000 2.580310e-03
15.750000 2.516784e-03
16.000000 2.482949e-03
16.250000 2.467157e-03
16.500000 2.457851e-03
16.750000 2.444908e-03
17.000000 2.420311e-03
17.250000 2.378308e-03
17.500000 2.315282e-03
17.750000 2.229494e-03
18.000000 2.120794e-03
18.250000 1.990360e-03
18.500000 1.840457e-03
18.750000 1.674250e-03
19.000000 1.495658e-03
19.250000 1.309287e-03
19.500000 1.120462e-03
19.750000 9.354655e-04
20.000000 7.621539e-04
20.250000 6.111846e-04
20.500000 4.975026e-04
20.750000 4.380190e-04
21.000000 4.379366e-04
21.250000 4.797776e-04
21.500000 5.378989e-04
21.750000 5.937168e-04
22.000000 6.366534e-04
22.250000 6.610225e-04
22.500000 6.638730e-04
22.750000 6.438850e-04
23.000000 6.008226e-04
23.250000 5.352441e-04
23.500000 4.483371e-04
23.750000 3.418200e-04
24.000000 2.179297e-04
24.250000 8.024198e-05
24.500000 7.684611e-05
24.750000 2.361432e-04
25.000000 4.032453e-04
25.250000 5.736615e-04
25.500000 7.440170e-04
25.750000 9.110760e-04
26.000000 1.071725e-03
26.250000 1.223017e-03
26.500000 1.362225e-03
26.750000 1.486894e-03
27.000000 1.594886e-03
27.250000 1.684424e-03
27.500000 1.754122e-03
27.750000 1.803013e-03
28.000000 1.830562e-03
28.250000 1.836675e-03
28.500000 1.821699e-03
28.750000 1.786407e-03
29.000000 1.731987e-03
29.250000 1.660012e-03
29.500000 1.572420e-03
29.750000 1.471487e-03
30.000000 1.359810e-03
30.250000 1.240300e-03
30.500000 1.116209e-03
30.750000 9.911944e-04
31.000000 8.694491e-04
31.250000 7.559053e-04
31.500000 6.564441e-04
31.750000 5.777988e-04
32.000000 5.264038e-04
32.250000 5.055977e-04
32.500000 5.128385e-04
32.750000 5.403559e-04
33.000000 5.788796e-04
33.250000 6.206268e-04
33.500000 6.601315e-04
33.750000 6.939219e-04
34.000000 7.199852e-04
34.250000 7.373386e-04
34.500000 7.457386e-04
34.750000 7.454884e-04
35.000000 7.373024e-04
35.250000 7.222030e-04
35.500000 7.014285e-04
35.750000 6.763411e-04
36.000000 6.483289e-04
36.250000 6.186986e-04
36.500000 5.885652e-04
36.750000 5.587532e-04
37.000000 5.297327e-04
37.250000 5.016213e-04
37.500000 4.742779e-04
37.750000 4.475056e-04
38.000000 4.213702e-04
38.250000 3.966305e-04
38.500000 3.752513e-04
38.750000 3.608447e-04
39.000000 3.585876e-04
39.250000 3.739401e-04
39.500000 4.103491e-04
39.750000 4.678211e-04
40.000000 5.436285e-04
40.250000 6.339168e-04
40.500000 7.347539e-04
40.750000 8.424739e-04
41.000000 9.536939e-04
41.250000 1.065258e-03
41.500000 1.174200e-03
41.750000 1.277740e-03
42.000000 1.373301e-03
42.250000 1.458555e-03
42.500000 1.531462e-03
42.750000 1.590320e-03
43.000000 1.633804e-03
43.250000 1.661010e-03
43.500000 1.671471e-03
43.750000 1.665180e-03
44.000000 1.642587e-03
44.250000 1.604587e-03
44.500000 1.552498e-03
44.750000 1.488021e-03
45.000000 1.413194e-03
45.250000 1.330328e-03
45.500000 1.241946e-03
45.750000 1.150700e-03
46.000000 1.059292e-03
46.250000 9.703752e-04
46.500000 8.864456e-04
46.750000 8.097151e-04
47.000000 7.419624e-04
47.250000 6.843760e-04
47.500000 6.374213e-04
47.750000 6.007856e-04
48.000000 5.734481e-04
48.250000 5.538778e-04
48.500000 5.402954e-04
48.750000 5.309080e-04
49.000000 5.240471e-04
49.250000 5.182014e-04
49.500000 5.119768e-04
49.750000 5.040334e-04
50.000000 4.930374e-04
