-50.000000 7.864838e-04
-49.750000 8.321708e-04
-49.500000 8.634242e-04
-49.250000 8.776661e-04
-49.000000 8.725707e-04
-48.750000 8.461657e-04
-48.500000 7.969444e-04
-48.250000 7.239749e-04
-48.000000 6.270007e-04
-47.750000 5.065355e-04
-47.500000 3.640087e-04
-47.250000 2.024469e-04
-47.000000 4.725865e-05
-46.750000 1.853597e-04
-46.500000 3.887373e-04
-46.250000 5.999231e-04
-46.000000 8.125802e-04
-45.750000 1.021383e-03
-45.500000 1.221169e-03
-45.250000 1.406962e-03
-45.000000 1.574105e-03
-44.750000 1.718401e-03
-44.500000 1.836242e-03
-44.250000 1.924719e-03
-44.000000 1.981709e-03
-43.750000 2.005933e-03
-43.500000 1.996976e-03
-43.250000 1.955288e-03
-43.000000 1.882139e-03
-42.750000 1.779564e-03
-42.500000 1.650274e-03
-42.250000 1.497552e-03
-42.000000 1.325146e-03
-41.750000 1.137150e-03
-41.500000 9.379103e-04
-41.250000 7.319767e-04
-41.000000 5.242120e-04
-40.750000 3.207186e-04
-40.500000 1.381517e-04
-40.250000 1.271865e-04
-40.000000 2.854097e-04
-39.750000 4.451857e-04
-39.500000 5.890913e-04
-39.250000 7.124420e-04
-39.000000 8.123511e-04
-38.750000 8.866324e-04
-38.500000 9.335968e-04
-38.250000 9.520230e-04
-38.000000 9.411832e-04
-37.750000 9.008917e-04
-37.500000 8.315625e-04
-37.250000 7.342696e-04
-37.000000 6.108037e-04
-36.750000 4.637371e-04
-36.500000 2.965843e-04
-36.250000 1.154673e-04
-36.000000 9.304646e-05
-35.750000 2.914009e-04
-35.500000 4.945370e-04
-35.250000 6.930974e-04
-35.000000 8.805328e-04
-34.750000 1.050585e-03
-34.500000 1.197309e-03
-34.250000 1.315262e-03
-34.000000 1.399725e-03
-33.750000 1.446950e-03
-33.500000 1.454403e-03
-33.250000 1.421062e-03
-33.000000 1.347793e-03
-32.750000 1.237966e-03
-32.500000 1.098638e-03
-32.250000 9.431426e-04
-32.000000 7.966627e-04
-31.750000 7.041506e-04
-31.500000 7.201749e-04
-31.250000 8.573715e-04
-31.000000 1.076361e-03
-30.750000 1.334550e-03
-30.500000 1.603873e-03
-30.250000 1.866127e-03
-30.000000 2.108283e-03
-29.750000 2.320278e-03
-29.500000 2.494119e-03
-29.250000 2.623551e-03
-29.000000 2.703953e-03
-28.750000 2.732327e-03
-28.500000 2.707300e-03
-28.250000 2.629145e-03
-28.000000 2.499788e-03
-27.750000 2.322851e-03
-27.500000 2.103792e-03
-27.250000 1.850277e-03
-27.000000 1.573183e-03
-26.750000 1.289200e-03
-26.500000 1.027423e-03
-26.250000 8.423397e-04
-26.000000 8.107288e-04
-25.750000 9.538384e-04
-25.500000 1.206461e-03
-25.250000 1.503992e-03
-25.000000 1.810711e-03
-24.750000 2.107421e-03
-24.500000 2.382452e-03
-24.250000 2.627849e-03
-24.000000 2.837806e-03
-23.750000 3.008013e-03
-23.500000 3.135379e-03
-23.250000 3.217959e-03
-23.000000 3.254982e-03
-22.750000 3.246978e-03
-22.500000 3.195988e-03
-22.250000 3.105874e-03
-22.000000 2.982735e-03
-21.750000 2.835462e-03
-21.500000 2.676378e-03
-21.250000 2.521777e-03
-21.000000 2.391790e-03
-20.750000 2.308458e-03
-20.500000 2.291004e-03
-20.250000 2.349302e-03
-20.000000 2.479811e-03
-19.750000 2.667357e-03
-19.500000 2.890842e-03
-19.250000 3.128487e-03
-19.000000 3.360638e-03
-18.750000 3.570674e-03
-18.500000 3.745061e-03
-18.250000 3.873181e-03
-18.000000 3.947189e-03
-17.750000 3.961970e-03
-17.500000 3.915207e-03
-17.250000 3.807568e-03
-17.000000 3.643074e-03
-16.750000 3.429715e-03
-16.500000 3.180511e-03
-16.250000 2.915197e-03
-16.000000 2.662496e-03
-15.750000 2.461683e-03
-15.500000 2.358960e-03
-15.250000 2.392604e-03
-15.000000 2.572641e-03
-14.750000 2.876895e-03
-14.500000 3.267524e-03
-14.250000 3.707549e-03
-14.000000 4.167033e-03
-13.750000 4.622985e-03
-13.500000 5.057683e-03
-13.250000 5.457184e-03
-13.000000 5.810317e-03
-12.750000 6.108050e-03
-12.500000 6.343105e-03
-12.250000 6.509725e-03
-12.000000 6.603544e-03
-11.750000 6.621516e-03
-11.500000 6.561886e-03
-11.250000 6.424205e-03
-11.000000 6.209347e-03
-10.750000 5.919544e-03
-10.500000 5.558426e-03
-10.250000 5.131032e-03
-10.000000 4.643822e-03
-9.750000 4.104645e-03
-9.500000 3.522683e-03
-9.250000 2.908385e-03
-9.000000 2.273414e-03
-8.750000 1.630857e-03
-8.500000 9.969350e-04
-8.250000 4.099862e-04
-8.000000 3.414186e-04
-7.750000 8.472032e-04
-7.500000 1.344123e-03
-7.250000 1.786481e-03
-7.000000 2.161701e-03
-6.750000 2.462503e-03
-6.500000 2.684769e-03
-6.250000 2.827367e-03
-6.000000 2.892321e-03
-5.750000 2.885066e-03
-5.500000 2.814771e-03
-5.250000 2.694710e-03
-5.000000 2.542631e-03
-4.750000 2.380861e-03
-4.500000 2.235386e-03
-4.250000 2.132483e-03
-4.000000 2.091874e-03
-3.750000 2.118780e-03
-3.500000 2.201087e-03
-3.250000 2.314569e-03
-3.000000 2.431367e-03
-2.750000 2.526096e-03
-2.500000 2.578484e-03
-2.250000 2.574084e-03
-2.000000 2.504503e-03
-1.750000 2.368025e-03
-1.500000 2.171397e-03
-1.250000 1.934172e-03
-1.000000 1.698028e-03
-0.750000 1.540426e-03
-0.500000 1.565743e-03
-0.250000 1.829196e-03
0.000000 2.289687e-03
0.250000 2.875046e-03
0.500000 3.530015e-03
0.750000 4.217291e-03
1.000000 4.910043e-03
1.250000 5.587338e-03
1.500000 6.232026e-03
1.750000 6.829870e-03
2.000000 7.369217e-03
2.250000 7.840902e-03
2.500000 8.238225e-03
2.750000 8.556935e-03
3.000000 8.795177e-03
3.250000 8.953389e-03
3.500000 9.034150e-03
3.750000 9.041963e-03
4.000000 8.983009e-03
4.250000 8.864845e-03
4.500000 8.696088e-03
4.750000 8.486067e-03
5.000000 8.244483e-03
5.250000 7.981062e-03
5.500000 7.705218e-03
5.750000 7.425739e-03
6.000000 7.150500e-03
6.250000 6.886201e-03
6.500000 6.638168e-03
6.750000 6.410200e-03
7.000000 6.204502e-03
7.250000 6.021703e-03
7.500000 5.860975e-03
7.750000 5.720245e-03
8.000000 5.596480e-03
8.250000 5.486025e-03
8.500000 5.384955e-03
8.750000 5.289409e-03
9.000000 5.195892e-03
9.250000 5.101513e-03
9.500000 5.004160e-03
9.750000 4.902593e-03
10.000000 4.796475e-03
10.250000 4.686304e-03
10.500000 4.573281e-03
10.750000 4.459093e-03
11.000000 4.345638e-03
11.250000 4.234714e-03
11.500000 4.127700e-03
11.750000 4.025295e-03
12.000000 3.927344e-03
12.250000 3.832814e-03
12.500000 3.739922e-03
12.750000 3.646410e-03
13.000000 3.549937e-03
13.250000 3.448523e-03
13.500000 3.341004e-03
13.750000 3.227437e-03
14.000000 3.109425e-03
14.250000 2.990311e-03
14.500000 2.875175e-03
14.750000 2.770563e-03
15.000000 2.683814e-03
15.250000 2.621956e-03
15.500000 2.590259e-03
15.750000 2.590830e-03
16.000000 2.621792e-03
16.250000 2.677416e-03
16.500000 2.749120e-03
16.750000 2.826860e-03
17.000000 2.900427e-03
17.250000 2.960390e-03
17.500000 2.998669e-03
17.750000 3.008822e-03
18.000000 2.986157e-03
18.250000 2.927742e-03
18.500000 2.832366e-03
18.750000 2.700468e-03
19.000000 2.534069e-03
19.250000 2.336712e-03
19.500000 2.113461e-03
19.750000 1.871003e-03
20.000000 1.617986e-03
20.250000 1.365844e-03
20.500000 1.130522e-03
20.750000 9.352612e-04
21.000000 8.113090e-04
21.250000 7.845283e-04
21.500000 8.481793e-04
21.750000 9.654603e-04
22.000000 1.099554e-03
22.250000 1.226141e-03
22.500000 1.330836e-03
22.750000 1.405248e-03
23.000000 1.444679e-03
23.250000 1.447029e-03
23.500000 1.412339e-03
23.750000 1.342724e-03
24.000000 1.242647e-03
24.250000 1.119714e-03
24.500000 9.863584e-04
24.750000 8.628795e-04
25.000000 7.803671e-04
25.250000 7.742121e-04
25.500000 8.593635e-04
25.750000 1.017657e-03
26.000000 1.218754e-03
26.250000 1.437877e-03
26.500000 1.657808e-03
26.750000 1.866385e-03
27.000000 2.054539e-03
27.250000 2.215266e-03
27.500000 2.343122e-03
27.750000 2.434007e-03
28.000000 2.485061e-03
28.250000 2.494617e-03
28.500000 2.462167e-03
28.750000 2.388326e-03
29.000000 2.274780e-03
29.250000 2.124229e-03
29.500000 1.940302e-03
29.750000 1.727484e-03
30.000000 1.491047e-03
30.250000 1.237064e-03
30.500000 9.726420e-04
30.750000 7.070118e-04
31.000000 4.565624e-04
31.250000 2.734808e-04
31.500000 2.979987e-04
31.750000 4.784575e-04
32.000000 6.816514e-04
32.250000 8.716215e-04
32.500000 1.037124e-03
32.750000 1.172641e-03
33.000000 1.274873e-03
33.250000 1.341867e-03
33.500000 1.372734e-03
33.750000 1.367542e-03
34.000000 1.327260e-03
34.250000 1.253732e-03
34.500000 1.149662e-03
34.750000 1.018632e-03
35.000000 8.652102e-04
35.250000 6.953304e-04
35.500000 5.176317e-04
35.750000 3.490180e-04
36.000000 2.389744e-04
36.250000 2.770146e-04
36.500000 4.173392e-04
36.750000 5.780280e-04
37.000000 7.308485e-04
37.250000 8.643809e-04
37.500000 9.718580e-04
37.750000 1.048511e-03
38.000000 1.090914e-03
38.250000 1.096829e-03
38.500000 1.065225e-03
38.750000 9.963455e-04
39.000000 8.918868e-04
39.250000 7.553933e-04
39.500000 5.934984e-04
39.750000 4.208234e-04
40.000000 2.835300e-04
40.250000 3.024774e-04
40.500000 4.796580e-04
40.750000 7.093722e-04
41.000000 9.506997e-04
41.250000 1.187729e-03
41.500000 1.410687e-03
41.750000 1.612021e-03
42.000000 1.785489e-03
42.250000 1.925973e-03
42.500000 2.029485e-03
42.750000 2.093219e-03
43.000000 2.115601e-03
43.250000 2.096317e-03
43.500000 2.036295e-03
43.750000 1.937663e-03
44.000000 1.803657e-03
44.250000 1.638509e-03
44.500000 1.447299e-03
44.750000 1.235812e-03
45.000000 1.010430e-03
45.250000 7.781879e-04
45.500000 5.475034e-04
45.750000 3.324457e-04
46.000000 1.838108e-04
46.250000 2.370619e-04
46.500000 3.971209e-04
46.750000 5.608675e-04
47.000000 7.087820e-04
47.250000 8.358071e-04
47.500000 9.404559e-04
47.750000 1.022837e-03
48.000000 1.084016e-03
48.250000 1.125654e-03
48.500000 1.149707e-03
48.750000 1.158161e-03
49.000000 1.152800e-03
49.250000 1.135042e-03
49.500000 1.105875e-03
49.750000 1.065901e-03
50.000000 1.015516e-03
