-50.000000 2.198241e-02
-49.750000 1.976130e-02
-49.500000 1.797675e-02
-49.250000 1.726762e-02
-49.000000 1.798033e-02
-48.750000 1.987768e-02
-48.500000 2.235239e-02
-48.250000 2.480186e-02
-48.000000 2.677811e-02
-47.750000 2.799132e-02
-47.500000 2.828842e-02
-47.250000 2.764182e-02
-47.000000 2.615124e-02
-46.750000 2.405850e-02
-46.500000 2.177342e-02
-46.250000 1.988523e-02
-46.000000 1.905714e-02
-45.750000 1.968553e-02
-45.500000 2.158481e-02
-45.250000 2.415156e-02
-45.000000 2.674528e-02
-44.750000 2.887047e-02
-44.500000 3.019555e-02
-44.250000 3.053421e-02
-44.000000 2.983353e-02
-43.750000 2.817521e-02
-43.500000 2.579157e-02
-43.250000 2.309925e-02
-43.000000 2.073555e-02
-42.750000 1.949350e-02
-42.500000 1.995047e-02
-42.250000 2.199072e-02
-42.000000 2.492410e-02
-41.750000 2.799013e-02
-41.500000 3.060739e-02
-41.250000 3.239025e-02
-41.000000 3.311756e-02
-40.750000 3.271311e-02
-40.500000 3.124286e-02
-40.250000 2.892722e-02
-40.000000 2.616892e-02
-39.750000 2.358519e-02
-39.500000 2.196618e-02
-39.250000 2.197933e-02
-39.000000 2.368567e-02
-38.750000 2.649121e-02
-38.500000 2.960357e-02
-38.250000 3.236523e-02
-38.000000 3.432267e-02
-37.750000 3.520582e-02
-37.500000 3.490751e-02
-37.250000 3.347906e-02
-37.000000 3.114249e-02
-36.750000 2.831975e-02
-36.500000 2.566527e-02
-36.250000 2.401897e-02
-36.000000 2.409406e-02
-35.750000 2.597136e-02
-35.500000 2.903796e-02
-35.250000 3.245405e-02
-35.000000 3.550800e-02
-34.750000 3.769856e-02
-34.500000 3.871834e-02
-34.250000 3.843424e-02
-34.000000 3.688407e-02
-33.750000 3.429113e-02
-33.500000 3.109924e-02
-33.250000 2.801935e-02
-33.000000 2.600502e-02
-32.750000 2.592901e-02
-32.500000 2.796638e-02
-32.250000 3.144792e-02
-32.000000 3.540458e-02
-31.750000 3.900950e-02
-31.500000 4.167802e-02
-31.250000 4.304398e-02
-31.000000 4.293359e-02
-30.750000 4.135923e-02
-30.500000 3.853410e-02
-30.250000 3.491131e-02
-30.000000 3.124632e-02
-29.750000 2.861386e-02
-29.500000 2.811930e-02
-29.250000 3.015733e-02
-29.000000 3.406084e-02
-28.750000 3.870103e-02
-28.500000 4.308603e-02
-28.250000 4.651028e-02
-28.000000 4.852385e-02
-27.750000 4.889502e-02
-27.500000 4.759748e-02
-27.250000 4.482060e-02
-27.000000 4.100367e-02
-26.750000 3.689383e-02
-26.500000 3.358055e-02
-26.250000 3.229473e-02
-26.000000 3.372729e-02
-25.750000 3.744695e-02
-25.500000 4.229923e-02
-25.250000 4.712965e-02
-25.000000 5.107270e-02
-24.750000 5.355885e-02
-24.500000 5.427583e-02
-24.250000 5.315090e-02
-24.000000 5.036010e-02
-23.750000 4.636556e-02
-23.500000 4.197990e-02
-23.250000 3.840649e-02
-23.000000 3.702881e-02
-22.750000 3.867403e-02
-22.500000 4.294026e-02
-22.250000 4.857759e-02
-22.000000 5.428627e-02
-21.750000 5.906653e-02
-21.500000 6.224393e-02
-21.250000 6.343254e-02
-21.000000 6.251785e-02
-20.750000 5.966843e-02
-20.500000 5.537709e-02
-20.250000 5.052914e-02
-20.000000 4.644517e-02
-19.750000 4.467469e-02
-19.500000 4.624451e-02
-19.250000 5.087223e-02
-19.000000 5.723340e-02
-18.750000 6.382572e-02
-18.500000 6.943274e-02
-18.250000 7.319722e-02
-18.000000 7.459240e-02
-17.750000 7.340547e-02
-17.500000 6.975427e-02
-17.250000 6.414650e-02
-17.000000 5.759787e-02
-16.750000 5.178721e-02
-16.500000 4.896107e-02
-16.250000 5.089155e-02
-16.000000 5.737295e-02
-15.750000 6.652218e-02
-15.500000 7.625581e-02
-15.250000 8.496696e-02
-15.000000 9.154516e-02
-14.750000 9.528947e-02
-14.500000 9.586660e-02
-14.250000 9.331786e-02
-14.000000 8.810718e-02
-13.750000 8.121177e-02
-13.500000 7.423627e-02
-13.250000 6.938981e-02
-13.000000 6.886963e-02
-12.750000 7.351393e-02
-12.500000 8.214610e-02
-12.250000 9.254475e-02
-12.000000 1.025811e-01
-11.750000 1.106266e-01
-11.500000 1.155741e-01
-11.250000 1.168064e-01
-11.000000 1.142065e-01
-10.750000 1.082284e-01
-10.500000 1.000436e-01
-10.250000 9.174882e-02
-10.000000 8.640631e-02
-9.750000 8.717526e-02
-9.500000 9.526997e-02
-9.250000 1.090370e-01
-9.000000 1.254550e-01
-8.750000 1.416800e-01
-8.500000 1.555087e-01
-8.250000 1.653691e-01
-8.000000 1.702760e-01
-7.750000 1.698547e-01
-7.500000 1.644407e-01
-7.250000 1.552697e-01
-7.000000 1.447527e-01
-6.750000 1.366629e-01
-6.500000 1.355330e-01
-6.250000 1.444642e-01
-6.000000 1.629455e-01
-5.750000 1.875525e-01
-5.500000 2.141680e-01
-5.250000 2.392064e-01
-5.000000 2.598725e-01
-4.750000 2.741726e-01
-4.500000 2.809803e-01
-4.250000 2.802399e-01
-4.000000 2.733528e-01
-3.750000 2.637735e-01
-3.500000 2.575902e-01
-3.250000 2.630478e-01
-3.000000 2.874535e-01
-2.750000 3.330509e-01
-2.500000 3.966945e-01
-2.250000 4.728856e-01
-2.000000 5.560671e-01
-1.750000 6.413027e-01
-1.500000 7.242844e-01
-1.250000 8.012450e-01
-1.000000 8.689164e-01
-0.750000 9.245398e-01
-0.500000 9.659020e-01
-0.250000 9.913808e-01
0.000000 9.999849e-01
0.250000 9.913808e-01
0.500000 9.659020e-01
0.750000 9.245398e-01
1.000000 8.689164e-01
1.250000 8.012450e-01
1.500000 7.242844e-01
1.750000 6.413027e-01
2.000000 5.560671e-01
2.250000 4.728856e-01
2.500000 3.966945e-01
2.750000 3.330509e-01
3.000000 2.874535e-01
3.250000 2.630478e-01
3.500000 2.575902e-01
3.750000 2.637735e-01
4.000000 2.733528e-01
4.250000 2.802399e-01
4.500000 2.809803e-01
4.750000 2.741726e-01
5.000000 2.598725e-01
5.250000 2.392064e-01
5.500000 2.141680e-01
5.750000 1.875525e-01
6.000000 1.629455e-01
6.250000 1.444642e-01
6.500000 1.355330e-01
6.750000 1.366629e-01
7.000000 1.447527e-01
7.250000 1.552697e-01
7.500000 1.644407e-01
7.750000 1.698547e-01
8.000000 1.702760e-01
8.250000 1.653691e-01
8.500000 1.555087e-01
8.750000 1.416800e-01
9.000000 1.254550e-01
9.250000 1.090370e-01
9.500000 9.526997e-02
9.750000 8.717526e-02
10.000000 8.640631e-02
10.250000 9.174882e-02
10.500000 1.000436e-01
10.750000 1.082284e-01
11.000000 1.142065e-01
11.250000 1.168064e-01
11.500000 1.155741e-01
11.750000 1.106266e-01
12.000000 1.025811e-01
12.250000 9.254475e-02
12.500000 8.214610e-02
12.750000 7.351393e-02
13.000000 6.886963e-02
13.250000 6.938981e-02
13.500000 7.423627e-02
13.750000 8.121177e-02
14.000000 8.810718e-02
14.250000 9.331786e-02
14.500000 9.586660e-02
14.750000 9.528947e-02
15.000000 9.154516e-02
15.250000 8.496696e-02
15.500000 7.625581e-02
15.750000 6.652218e-02
16.000000 5.737295e-02
16.250000 5.089155e-02
16.500000 4.896107e-02
16.750000 5.178721e-02
17.000000 5.759787e-02
17.250000 6.414650e-02
17.500000 6.975427e-02
17.750000 7.340547e-02
18.000000 7.459240e-02
18.250000 7.319722e-02
18.500000 6.943274e-02
18.750000 6.382572e-02
19.000000 5.723340e-02
19.250000 5.087223e-02
19.500000 4.624451e-02
19.750000 4.467469e-02
20.000000 4.644517e-02
20.250000 5.052914e-02
20.500000 5.537709e-02
20.750000 5.966843e-02
21.000000 6.251785e-02
21.250000 6.343254e-02
21.500000 6.224393e-02
21.750000 5.906653e-02
22.000000 5.428627e-02
22.250000 4.857759e-02
22.500000 4.294026e-02
22.750000 3.867403e-02
23.000000 3.702881e-02
23.250000 3.840649e-02
23.500000 4.197990e-02
23.750000 4.636556e-02
24.000000 5.036010e-02
24.250000 5.315090e-02
24.500000 5.427583e-02
24.750000 5.355885e-02
25.000000 5.107270e-02
25.250000 4.712965e-02
25.500000 4.229923e-02
25.750000 3.744695e-02
26.000000 3.372729e-02
26.250000 3.229473e-02
26.500000 3.358055e-02
26.750000 3.689383e-02
27.000000 4.100367e-02
27.250000 4.482060e-02
27.500000 4.759748e-02
27.750000 4.889502e-02
28.000000 4.852385e-02
28.250000 4.651028e-02
28.500000 4.308603e-02
28.750000 3.870103e-02
29.000000 3.406084e-02
29.250000 3.015733e-02
29.500000 2.811930e-02
29.750000 2.861386e-02
30.000000 3.124632e-02
30.250000 3.491131e-02
30.500000 3.853410e-02
30.750000 4.135923e-02
31.000000 4.293359e-02
31.250000 4.304398e-02
31.500000 4.167802e-02
31.750000 3.900950e-02
32.000000 3.540458e-02
32.250000 3.144792e-02
32.500000 2.796638e-02
32.750000 2.592901e-02
33.000000 2.600502e-02
33.250000 2.801935e-02
33.500000 3.109924e-02
33.750000 3.429113e-02
34.000000 3.688407e-02
34.250000 3.843424e-02
34.500000 3.871834e-02
34.750000 3.769856e-02
35.000000 3.550800e-02
35.250000 3.245405e-02
35.500000 2.903796e-02
35.750000 2.597136e-02
36.000000 2.409406e-02
36.250000 2.401897e-02
36.500000 2.566527e-02
36.750000 2.831975e-02
37.000000 3.114249e-02
37.250000 3.347906e-02
37.500000 3.490751e-02
37.750000 3.520582e-02
38.000000 3.432267e-02
38.250000 3.236523e-02
38.500000 2.960357e-02
38.750000 2.649121e-02
39.000000 2.368567e-02
39.250000 2.197933e-02
39.500000 2.196618e-02
39.750000 2.358519e-02
40.000000 2.616892e-02
40.250000 2.892722e-02
40.500000 3.124286e-02
40.750000 3.271311e-02
41.000000 3.311756e-02
41.250000 3.239025e-02
41.500000 3.060739e-02
41.750000 2.799013e-02
42.000000 2.492410e-02
42.250000 2.199072e-02
42.500000 1.995047e-02
42.750000 1.949350e-02
43.000000 2.073555e-02
43.250000 2.309925e-02
43.500000 2.579157e-02
43.750000 2.817521e-02
44.000000 2.983353e-02
44.250000 3.053421e-02
44.500000 3.019555e-02
44.750000 2.887047e-02
45.000000 2.674528e-02
45.250000 2.415156e-02
45.500000 2.158481e-02
45.750000 1.968553e-02
46.000000 1.905714e-02
46.250000 1.988523e-02
46.500000 2.177342e-02
46.750000 2.405850e-02
47.000000 2.615124e-02
47.250000 2.764182e-02
47.500000 2.828842e-02
47.750000 2.799132e-02
48.000000 2.677811e-02
48.250000 2.480186e-02
48.500000 2.235239e-02
48.750000 1.987768e-02
49.000000 1.798033e-02
49.250000 1.726762e-02
49.500000 1.797675e-02
49.750000 1.976130e-02
50.000000 2.198241e-02
