-50.000000 1.226660e-03
-49.750000 1.230095e-03
-49.500000 1.208671e-03
-49.250000 1.162397e-03
-49.000000 1.092465e-03
-48.750000 1.001327e-03
-48.500000 8.928240e-04
-48.250000 7.724713e-04
-48.000000 6.481142e-04
-47.750000 5.313751e-04
-47.500000 4.399242e-04
-47.250000 3.963329e-04
-47.000000 4.122303e-04
-46.750000 4.724397e-04
-46.500000 5.510662e-04
-46.250000 6.292115e-04
-46.000000 6.960295e-04
-45.750000 7.456548e-04
-45.500000 7.752278e-04
-45.250000 7.839293e-04
-45.000000 7.724886e-04
-44.750000 7.428878e-04
-44.500000 6.981387e-04
-44.250000 6.420845e-04
-44.000000 5.792073e-04
-43.750000 5.144333e-04
-43.500000 4.529087e-04
-43.250000 3.996773e-04
-43.000000 3.591279e-04
-42.750000 3.341664e-04
-42.500000 3.255098e-04
-42.250000 3.319091e-04
-42.000000 3.513667e-04
-41.750000 3.822260e-04
-41.500000 4.232813e-04
-41.250000 4.731847e-04
-41.000000 5.298366e-04
-40.750000 5.901332e-04
-40.500000 6.500659e-04
-40.250000 7.050125e-04
-40.000000 7.500878e-04
-39.750000 7.804875e-04
-39.500000 7.918028e-04
-39.250000 7.803020e-04
-39.000000 7.431836e-04
-38.750000 6.788165e-04
-38.500000 5.870217e-04
-38.250000 4.696141e-04
-38.000000 3.323098e-04
-37.750000 1.963099e-04
-37.500000 1.682107e-04
-37.250000 3.142356e-04
-37.000000 5.111415e-04
-36.750000 7.191385e-04
-36.500000 9.254956e-04
-36.250000 1.121974e-03
-36.000000 1.301858e-03
-35.750000 1.459549e-03
-35.500000 1.590660e-03
-35.250000 1.692204e-03
-35.000000 1.762809e-03
-34.750000 1.802876e-03
-34.500000 1.814692e-03
-34.250000 1.802427e-03
-34.000000 1.771987e-03
-33.750000 1.730632e-03
-33.500000 1.686260e-03
-33.250000 1.646311e-03
-33.000000 1.616375e-03
-32.750000 1.598880e-03
-32.500000 1.592395e-03
-32.250000 1.591939e-03
-32.000000 1.590165e-03
-31.750000 1.578947e-03
-31.500000 1.550852e-03
-31.250000 1.500306e-03
-31.000000 1.424501e-03
-30.750000 1.324307e-03
-30.500000 1.205532e-03
-30.250000 1.081032e-03
-30.000000 9.736691e-04
-29.750000 9.169522e-04
-29.500000 9.435192e-04
-29.250000 1.061589e-03
-29.000000 1.250529e-03
-28.750000 1.480769e-03
-28.500000 1.727470e-03
-28.250000 1.972304e-03
-28.000000 2.201778e-03
-27.750000 2.405790e-03
-27.500000 2.576818e-03
-27.250000 2.709507e-03
-27.000000 2.800425e-03
-26.750000 2.847889e-03
-26.500000 2.851777e-03
-26.250000 2.813308e-03
-26.000000 2.734780e-03
-25.750000 2.619280e-03
-25.500000 2.470375e-03
-25.250000 2.291834e-03
-25.000000 2.087418e-03
-24.750000 1.860823e-03
-24.500000 1.615910e-03
-24.250000 1.357526e-03
-24.000000 1.093789e-03
-23.750000 8.426051e-04
-23.500000 6.500225e-04
-23.250000 6.107839e-04
-23.000000 7.740729e-04
-22.750000 1.064938e-03
-22.500000 1.415047e-03
-22.250000 1.793139e-03
-22.000000 2.183306e-03
-21.750000 2.574813e-03
-21.500000 2.958786e-03
-21.250000 3.327204e-03
-21.000000 3.672693e-03
-20.750000 3.988622e-03
-20.500000 4.269310e-03
-20.250000 4.510261e-03
-20.000000 4.708370e-03
-19.750000 4.862090e-03
-19.500000 4.971514e-03
-19.250000 5.038384e-03
-19.000000 5.065996e-03
-18.750000 5.059000e-03
-18.500000 5.023105e-03
-18.250000 4.964670e-03
-18.000000 4.890232e-03
-17.750000 4.805981e-03
-17.500000 4.717263e-03
-17.250000 4.628166e-03
-17.000000 4.541276e-03
-16.750000 4.457663e-03
-16.500000 4.377095e-03
-16.250000 4.298475e-03
-16.000000 4.220390e-03
-15.750000 4.141701e-03
-15.500000 4.062059e-03
-15.250000 3.982274e-03
-15.000000 3.904481e-03
-14.750000 3.832049e-03
-14.500000 3.769232e-03
-14.250000 3.720554e-03
-14.000000 3.689998e-03
-13.750000 3.680135e-03
-13.500000 3.691398e-03
-13.250000 3.721680e-03
-13.000000 3.766380e-03
-12.750000 3.818853e-03
-12.500000 3.871120e-03
-12.250000 3.914657e-03
-12.000000 3.941142e-03
-11.750000 3.943079e-03
-11.500000 3.914322e-03
-11.250000 3.850530e-03
-11.000000 3.749618e-03
-10.750000 3.612261e-03
-10.500000 3.442542e-03
-10.250000 3.248808e-03
-10.000000 3.044764e-03
-9.750000 2.850564e-03
-9.500000 2.693025e-03
-9.250000 2.602916e-03
-9.000000 2.607156e-03
-8.750000 2.717933e-03
-8.500000 2.927014e-03
-8.250000 3.210421e-03
-8.000000 3.537993e-03
-7.750000 3.880372e-03
-7.500000 4.211837e-03
-7.250000 4.510772e-03
-7.000000 4.759389e-03
-6.750000 4.943415e-03
-6.500000 5.051934e-03
-6.250000 5.077371e-03
-6.000000 5.015584e-03
-5.750000 4.866014e-03
-5.500000 4.631896e-03
-5.250000 4.320547e-03
-5.000000 3.943848e-03
-4.750000 3.519094e-03
-4.500000 3.070626e-03
-4.250000 2.632753e-03
-4.000000 2.253751e-03
-3.750000 1.995643e-03
-3.500000 1.913226e-03
-3.250000 2.010009e-03
-3.000000 2.228503e-03
-2.750000 2.494128e-03
-2.500000 2.747972e-03
-2.250000 2.950470e-03
-2.000000 3.076136e-03
-1.750000 3.109190e-03
-1.500000 3.041141e-03
-1.250000 2.869705e-03
-1.000000 2.598666e-03
-0.750000 2.238925e-03
-0.500000 1.812570e-03
-0.250000 1.367335e-03
0.000000 1.026921e-03
0.250000 1.040698e-03
0.500000 1.455720e-03
0.750000 2.055376e-03
1.000000 2.710533e-03
1.250000 3.364649e-03
1.500000 3.985187e-03
1.750000 4.548796e-03
2.000000 5.037118e-03
2.250000 5.435572e-03
2.500000 5.733027e-03
2.750000 5.921773e-03
3.000000 5.997543e-03
3.250000 5.959540e-03
3.500000 5.810421e-03
3.750000 5.556287e-03
4.000000 5.206689e-03
4.250000 4.774796e-03
4.500000 4.277888e-03
4.750000 3.738623e-03
5.000000 3.187900e-03
5.250000 2.670728e-03
5.500000 2.255282e-03
5.750000 2.032710e-03
6.000000 2.069799e-03
6.250000 2.338177e-03
6.500000 2.743414e-03
6.750000 3.200818e-03
7.000000 3.655956e-03
7.250000 4.075821e-03
7.500000 4.439810e-03
7.750000 4.734739e-03
8.000000 4.952365e-03
8.250000 5.088169e-03
8.500000 5.140759e-03
8.750000 5.111598e-03
9.000000 5.004942e-03
9.250000 4.827931e-03
9.500000 4.590866e-03
9.750000 4.307683e-03
10.000000 3.996697e-03
10.250000 3.681531e-03
10.500000 3.391808e-03
10.750000 3.162253e-03
11.000000 3.027668e-03
11.250000 3.012407e-03
11.500000 3.119392e-03
11.750000 3.328687e-03
12.000000 3.607218e-03
12.250000 3.920248e-03
12.500000 4.237716e-03
12.750000 4.535836e-03
13.000000 4.796576e-03
13.250000 5.006661e-03
13.500000 5.156693e-03
13.750000 5.240498e-03
14.000000 5.254633e-03
14.250000 5.198015e-03
14.500000 5.071612e-03
14.750000 4.878172e-03
15.000000 4.621971e-03
15.250000 4.308581e-03
15.500000 3.944656e-03
15.750000 3.537749e-03
16.000000 3.096187e-03
16.250000 2.629055e-03
16.500000 2.146421e-03
16.750000 1.660266e-03
17.000000 1.187863e-03
17.250000 7.662701e-04
17.500000 5.175944e-04
17.750000 6.369651e-04
18.000000 9.629858e-04
18.250000 1.318987e-03
18.500000 1.654455e-03
18.750000 1.951740e-03
19.000000 2.201929e-03
19.250000 2.399615e-03
19.500000 2.541484e-03
19.750000 2.625889e-03
20.000000 2.652720e-03
20.250000 2.623369e-03
20.500000 2.540730e-03
20.750000 2.409202e-03
21.000000 2.234698e-03
21.250000 2.024690e-03
21.500000 1.788355e-03
21.750000 1.536966e-03
22.000000 1.284831e-03
22.250000 1.051269e-03
22.500000 8.636256e-04
22.750000 7.562041e-04
23.000000 7.501442e-04
23.250000 8.262785e-04
23.500000 9.415910e-04
23.750000 1.061066e-03
24.000000 1.164198e-03
24.250000 1.240398e-03
24.500000 1.285153e-03
24.750000 1.298065e-03
25.000000 1.281958e-03
25.250000 1.242510e-03
25.500000 1.188109e-03
25.750000 1.129656e-03
26.000000 1.079858e-03
26.250000 1.051343e-03
26.500000 1.053335e-03
26.750000 1.088329e-03
27.000000 1.151389e-03
27.250000 1.232722e-03
27.500000 1.321219e-03
27.750000 1.406828e-03
28.000000 1.481496e-03
28.250000 1.539279e-03
28.500000 1.576137e-03
28.750000 1.589665e-03
29.000000 1.578852e-03
29.250000 1.543878e-03
29.500000 1.485983e-03
29.750000 1.407413e-03
30.000000 1.311495e-03
30.250000 1.202893e-03
30.500000 1.088147e-03
30.750000 9.765699e-04
31.000000 8.813036e-04
31.250000 8.192501e-04
31.500000 8.069186e-04
31.750000 8.515872e-04
32.000000 9.463640e-04
32.250000 1.075711e-03
32.500000 1.223466e-03
32.750000 1.376274e-03
33.000000 1.523684e-03
33.250000 1.657418e-03
33.500000 1.770787e-03
33.750000 1.858372e-03
34.000000 1.915900e-03
34.250000 1.940232e-03
34.500000 1.929399e-03
34.750000 1.882645e-03
35.000000 1.800463e-03
35.250000 1.684595e-03
35.500000 1.538004e-03
35.750000 1.364807e-03
36.000000 1.170188e-03
36.250000 9.603224e-04
36.500000 7.424501e-04
36.750000 5.255442e-04
37.000000 3.241544e-04
37.250000 1.837627e-04
37.500000 2.178958e-04
37.750000 3.513399e-04
38.000000 4.843305e-04
38.250000 5.945957e-04
38.500000 6.756942e-04
38.750000 7.255874e-04
39.000000 7.447405e-04
39.250000 7.357796e-04
39.500000 7.035836e-04
39.750000 6.556302e-04
40.000000 6.025064e-04
40.250000 5.580309e-04
40.500000 5.371973e-04
40.750000 5.500346e-04
41.000000 5.953106e-04
41.250000 6.620956e-04
41.500000 7.368027e-04
41.750000 8.077991e-04
42.000000 8.664577e-04
42.250000 9.068307e-04
42.500000 9.251635e-04
42.750000 9.195261e-04
43.000000 8.895493e-04
43.250000 8.362149e-04
43.500000 7.616680e-04
43.750000 6.690421e-04
44.000000 5.623235e-04
44.250000 4.463498e-04
44.500000 3.273190e-04
44.750000 2.155895e-04
45.000000 1.397647e-04
45.250000 1.570736e-04
45.500000 2.392365e-04
45.750000 3.327688e-04
46.000000 4.220369e-04
46.250000 5.027905e-04
46.500000 5.739180e-04
46.750000 6.355124e-04
47.000000 6.881273e-04
47.250000 7.323186e-04
47.500000 7.683149e-04
47.750000 7.958087e-04
48.000000 8.138928e-04
48.250000 8.211412e-04
48.500000 8.158127e-04
48.750000 7.961397e-04
49.000000 7.606647e-04
49.250000 7.086151e-04
49.500000 6.403550e-04
49.750000 5.580739e-04
50.000000 4.671752e-04
