-50.000000 2.307317e-03
-49.750000 2.278347e-03
-49.500000 2.252176e-03
-49.250000 2.235285e-03
-49.000000 2.234107e-03
-48.750000 2.254218e-03
-48.500000 2.299470e-03
-48.250000 2.371355e-03
-48.000000 2.468811e-03
-47.750000 2.588519e-03
-47.500000 2.725535e-03
-47.250000 2.874008e-03
-47.000000 3.027790e-03
-46.750000 3.180884e-03
-46.500000 3.327721e-03
-46.250000 3.463322e-03
-46.000000 3.583388e-03
-45.750000 3.684348e-03
-45.500000 3.763388e-03
-45.250000 3.818474e-03
-45.000000 3.848374e-03
-44.750000 3.852681e-03
-44.500000 3.831834e-03
-44.250000 3.787155e-03
-44.000000 3.720870e-03
-43.750000 3.636143e-03
-43.500000 3.537095e-03
-43.250000 3.428800e-03
-43.000000 3.317233e-03
-42.750000 3.209127e-03
-42.500000 3.111681e-03
-42.250000 3.032076e-03
-42.000000 2.976774e-03
-41.750000 2.950687e-03
-41.500000 2.956417e-03
-41.250000 2.993813e-03
-41.000000 3.060040e-03
-40.750000 3.150123e-03
-40.500000 3.257760e-03
-40.250000 3.376143e-03
-40.000000 3.498631e-03
-39.750000 3.619189e-03
-39.500000 3.732655e-03
-39.250000 3.834858e-03
-39.000000 3.922661e-03
-38.750000 3.993950e-03
-38.500000 4.047609e-03
-38.250000 4.083469e-03
-38.000000 4.102251e-03
-37.750000 4.105487e-03
-37.500000 4.095434e-03
-37.250000 4.074944e-03
-37.000000 4.047312e-03
-36.750000 4.016083e-03
-36.500000 3.984815e-03
-36.250000 3.956817e-03
-36.000000 3.934871e-03
-35.750000 3.920980e-03
-35.500000 3.916164e-03
-35.250000 3.920350e-03
-35.000000 3.932376e-03
-34.750000 3.950096e-03
-34.500000 3.970587e-03
-34.250000 3.990404e-03
-34.000000 4.005854e-03
-33.750000 4.013263e-03
-33.500000 4.009206e-03
-33.250000 3.990699e-03
-33.000000 3.955349e-03
-32.750000 3.901470e-03
-32.500000 3.828170e-03
-32.250000 3.735414e-03
-32.000000 3.624075e-03
-31.750000 3.495977e-03
-31.500000 3.353929e-03
-31.250000 3.201750e-03
-31.000000 3.044277e-03
-30.750000 2.887331e-03
-30.500000 2.737588e-03
-30.250000 2.602287e-03
-30.000000 2.488686e-03
-29.750000 2.403212e-03
-29.500000 2.350409e-03
-29.250000 2.331977e-03
-29.000000 2.346320e-03
-28.750000 2.388875e-03
-28.500000 2.453092e-03
-28.250000 2.531647e-03
-28.000000 2.617507e-03
-27.750000 2.704644e-03
-27.500000 2.788426e-03
-27.250000 2.865771e-03
-27.000000 2.935168e-03
-26.750000 2.996606e-03
-26.500000 3.051444e-03
-26.250000 3.102213e-03
-26.000000 3.152334e-03
-25.750000 3.205744e-03
-25.500000 3.266426e-03
-25.250000 3.337880e-03
-25.000000 3.422604e-03
-24.750000 3.521670e-03
-24.500000 3.634475e-03
-24.250000 3.758701e-03
-24.000000 3.890483e-03
-23.750000 4.024716e-03
-23.500000 4.155434e-03
-23.250000 4.276204e-03
-23.000000 4.380499e-03
-22.750000 4.462025e-03
-22.500000 4.515022e-03
-22.250000 4.534546e-03
-22.000000 4.516753e-03
-21.750000 4.459221e-03
-21.500000 4.361341e-03
-21.250000 4.224845e-03
-21.000000 4.054531e-03
-20.750000 3.859293e-03
-20.500000 3.653518e-03
-20.250000 3.458694e-03
-20.000000 3.304466e-03
-19.750000 3.227111e-03
-19.500000 3.262720e-03
-19.250000 3.435644e-03
-19.000000 3.749762e-03
-18.750000 4.190121e-03
-18.500000 4.731968e-03
-18.250000 5.348934e-03
-18.000000 6.016978e-03
-17.750000 6.715260e-03
-17.500000 7.425784e-03
-17.250000 8.132788e-03
-17.000000 8.822265e-03
-16.750000 9.481646e-03
-16.500000 1.009964e-02
-16.250000 1.066618e-02
-16.000000 1.117246e-02
-15.750000 1.161099e-02
-15.500000 1.197573e-02
-15.250000 1.226220e-02
-15.000000 1.246763e-02
-14.750000 1.259111e-02
-14.500000 1.263373e-02
-14.250000 1.259874e-02
-14.000000 1.249170e-02
-13.750000 1.232054e-02
-13.500000 1.209568e-02
-13.250000 1.183000e-02
-13.000000 1.153872e-02
-12.750000 1.123902e-02
-12.500000 1.094942e-02
-12.250000 1.068877e-02
-12.000000 1.047471e-02
-11.750000 1.032192e-02
-11.500000 1.024025e-02
-11.250000 1.023324e-02
-11.000000 1.029754e-02
-10.750000 1.042337e-02
-10.500000 1.059601e-02
-10.250000 1.079790e-02
-10.000000 1.101090e-02
-9.750000 1.121842e-02
-9.500000 1.140730e-02
-9.250000 1.156954e-02
-9.000000 1.170385e-02
-8.750000 1.181727e-02
-8.500000 1.192666e-02
-8.250000 1.205990e-02
-8.000000 1.225620e-02
-7.750000 1.256452e-02
-7.500000 1.303939e-02
-7.250000 1.373409e-02
-7.000000 1.469272e-02
-6.750000 1.594408e-02
-6.500000 1.749947e-02
-6.250000 1.935458e-02
-6.000000 2.149348e-02
-5.750000 2.389288e-02
-5.500000 2.652533e-02
-5.250000 2.936134e-02
-5.000000 3.237044e-02
-4.750000 3.552176e-02
-4.500000 3.878426e-02
-4.250000 4.212685e-02
-4.000000 4.551848e-02
-3.750000 4.892820e-02
-3.500000 5.232531e-02
-3.250000 5.567950e-02
-3.000000 5.896106e-02
-2.750000 6.214107e-02
-2.500000 6.519160e-02
-2.250000 6.808601e-02
-2.000000 7.079912e-02
-1.750000 7.330748e-02
-1.500000 7.558960e-02
-1.250000 7.762614e-02
-1.000000 7.940012e-02
-0.750000 8.089707e-02
-0.500000 8.210522e-02
-0.250000 8.301560e-02
0.000000 8.362211e-02
0.250000 8.392163e-02
0.500000 8.391401e-02
0.750000 8.360208e-02
1.000000 8.299160e-02
1.250000 8.209124e-02
1.500000 8.091239e-02
1.750000 7.946911e-02
2.000000 7.777788e-02
2.250000 7.585748e-02
2.500000 7.372870e-02
2.750000 7.141414e-02
3.000000 6.893786e-02
3.250000 6.632514e-02
3.500000 6.360213e-02
3.750000 6.079546e-02
4.000000 5.793194e-02
4.250000 5.503810e-02
4.500000 5.213983e-02
4.750000 4.926190e-02
5.000000 4.642755e-02
5.250000 4.365802e-02
5.500000 4.097207e-02
5.750000 3.838556e-02
6.000000 3.591102e-02
6.250000 3.355731e-02
6.500000 3.132936e-02
6.750000 2.922806e-02
7.000000 2.725039e-02
7.250000 2.538968e-02
7.500000 2.363618e-02
7.750000 2.197779e-02
8.000000 2.040107e-02
8.250000 1.889227e-02
8.500000 1.743849e-02
8.750000 1.602886e-02
9.000000 1.465567e-02
9.250000 1.331562e-02
9.500000 1.201118e-02
9.750000 1.075243e-02
10.000000 9.559442e-03
10.250000 8.465755e-03
10.500000 7.522056e-03
10.750000 6.797070e-03
11.000000 6.367270e-03
11.250000 6.287441e-03
11.500000 6.556111e-03
11.750000 7.112316e-03
12.000000 7.868086e-03
12.250000 8.740698e-03
12.500000 9.665215e-03
12.750000 1.059395e-02
13.000000 1.149226e-02
13.250000 1.233471e-02
13.500000 1.310240e-02
13.750000 1.378127e-02
14.000000 1.436108e-02
14.250000 1.483472e-02
14.500000 1.519779e-02
14.750000 1.544839e-02
15.000000 1.558684e-02
15.250000 1.561554e-02
15.500000 1.553886e-02
15.750000 1.536296e-02
16.000000 1.509565e-02
16.250000 1.474625e-02
16.500000 1.432539e-02
16.750000 1.384485e-02
17.000000 1.331731e-02
17.250000 1.275609e-02
17.500000 1.217487e-02
17.750000 1.158730e-02
18.000000 1.100657e-02
18.250000 1.044488e-02
18.500000 9.912872e-03
18.750000 9.418967e-03
19.000000 8.968799e-03
19.250000 8.564749e-03
19.500000 8.205749e-03
19.750000 7.887441e-03
20.000000 7.602720e-03
20.250000 7.342596e-03
20.500000 7.097240e-03
20.750000 6.857070e-03
21.000000 6.613728e-03
21.250000 6.360903e-03
21.500000 6.094981e-03
21.750000 5.815578e-03
22.000000 5.525997e-03
22.250000 5.233661e-03
22.500000 4.950473e-03
22.750000 4.692922e-03
23.000000 4.481482e-03
23.250000 4.338610e-03
23.500000 4.284833e-03
23.750000 4.333565e-03
24.000000 4.487000e-03
24.250000 4.735623e-03
24.500000 5.061451e-03
24.750000 5.442675e-03
25.000000 5.857362e-03
25.250000 6.285480e-03
25.500000 6.709632e-03
25.750000 7.115088e-03
26.000000 7.489569e-03
26.250000 7.822976e-03
26.500000 8.107153e-03
26.750000 8.335709e-03
27.000000 8.503878e-03
27.250000 8.608414e-03
27.500000 8.647516e-03
27.750000 8.620753e-03
28.000000 8.529010e-03
28.250000 8.374420e-03
28.500000 8.160315e-03
28.750000 7.891161e-03
29.000000 7.572504e-03
29.250000 7.210920e-03
29.500000 6.813972e-03
29.750000 6.390180e-03
30.000000 5.949008e-03
30.250000 5.500871e-03
30.500000 5.057134e-03
30.750000 4.630087e-03
31.000000 4.232775e-03
31.250000 3.878533e-03
31.500000 3.579960e-03
31.750000 3.347139e-03
32.000000 3.185306e-03
32.250000 3.092837e-03
32.500000 3.060859e-03
32.750000 3.075054e-03
33.000000 3.118787e-03
33.250000 3.176073e-03
33.500000 3.233455e-03
33.750000 3.280764e-03
34.000000 3.311172e-03
34.250000 3.320929e-03
34.500000 3.309028e-03
34.750000 3.276884e-03
35.000000 3.228058e-03
35.250000 3.167992e-03
35.500000 3.103683e-03
35.750000 3.043232e-03
36.000000 2.995162e-03
36.250000 2.967469e-03
36.500000 2.966503e-03
36.750000 2.995902e-03
37.000000 3.055932e-03
37.250000 3.143486e-03
37.500000 3.252691e-03
37.750000 3.375883e-03
38.000000 3.504589e-03
38.250000 3.630328e-03
38.500000 3.745146e-03
38.750000 3.841926e-03
39.000000 3.914543e-03
39.250000 3.957925e-03
39.500000 3.968053e-03
39.750000 3.941945e-03
40.000000 3.877619e-03
40.250000 3.774056e-03
40.500000 3.631157e-03
40.750000 3.449705e-03
41.000000 3.231326e-03
41.250000 2.978465e-03
41.500000 2.694385e-03
41.750000 2.383226e-03
42.000000 2.050200e-03
42.250000 1.702137e-03
42.500000 1.349032e-03
42.750000 1.008799e-03
43.000000 7.231899e-04
43.250000 5.937513e-04
43.500000 7.117720e-04
43.750000 9.846486e-04
44.000000 1.307946e-03
44.250000 1.639139e-03
44.500000 1.960634e-03
44.750000 2.263183e-03
45.000000 2.540923e-03
45.250000 2.789744e-03
45.500000 3.006700e-03
45.750000 3.189764e-03
46.000000 3.337721e-03
46.250000 3.450129e-03
46.500000 3.527289e-03
46.750000 3.570234e-03
47.000000 3.580713e-03
47.250000 3.561178e-03
47.500000 3.514761e-03
47.750000 3.445244e-03
48.000000 3.357017e-03
48.250000 3.255013e-03
48.500000 3.144607e-03
48.750000 3.031464e-03
49.000000 2.921309e-03
49.250000 2.819615e-03
49.500000 2.731183e-03
49.750000 2.659688e-03
50.000000 2.607236e-03
