-50.000000 2.524171e-02
-49.750000 2.225890e-02
-49.500000 1.937457e-02
-49.250000 1.711962e-02
-49.000000 1.613629e-02
-48.750000 1.682604e-02
-48.500000 1.898241e-02
-48.250000 2.200571e-02
-48.000000 2.532015e-02
-47.750000 2.850885e-02
-47.500000 3.128616e-02
-47.250000 3.345523e-02
-47.000000 3.488253e-02
-46.750000 3.548567e-02
-46.500000 3.522868e-02
-46.250000 3.412176e-02
-46.000000 3.222459e-02
-45.750000 2.965468e-02
-45.500000 2.660455e-02
-45.250000 2.337487e-02
-45.000000 2.042770e-02
-44.750000 1.841945e-02
-44.500000 1.803557e-02
-44.250000 1.951085e-02
-44.000000 2.241366e-02
-43.750000 2.605789e-02
-43.500000 2.986862e-02
-43.250000 3.344050e-02
-43.000000 3.649251e-02
-42.750000 3.882791e-02
-42.500000 4.031234e-02
-42.250000 4.086392e-02
-42.000000 4.044967e-02
-41.750000 3.908595e-02
-41.500000 3.684214e-02
-41.250000 3.384932e-02
-41.000000 3.031788e-02
-40.750000 2.657189e-02
-40.500000 2.310598e-02
-40.250000 2.062963e-02
-40.000000 1.991694e-02
-39.750000 2.128953e-02
-39.500000 2.430811e-02
-39.250000 2.819800e-02
-39.000000 3.229523e-02
-38.750000 3.613334e-02
-38.500000 3.939334e-02
-38.250000 4.185568e-02
-38.000000 4.337383e-02
-37.750000 4.386224e-02
-37.500000 4.329238e-02
-37.250000 4.169386e-02
-37.000000 3.916027e-02
-36.750000 3.586217e-02
-36.500000 3.207276e-02
-36.250000 2.821410e-02
-36.000000 2.491880e-02
-35.750000 2.301902e-02
-35.500000 2.322800e-02
-35.250000 2.558341e-02
-35.000000 2.943244e-02
-34.750000 3.396869e-02
-34.500000 3.855129e-02
-34.250000 4.272632e-02
-34.000000 4.617446e-02
-33.750000 4.867096e-02
-33.500000 5.006473e-02
-33.250000 5.026935e-02
-33.000000 4.926109e-02
-32.750000 4.708181e-02
-32.500000 4.384744e-02
-32.250000 3.976605e-02
-32.000000 3.517399e-02
-31.750000 3.060342e-02
-31.500000 2.687310e-02
-31.250000 2.505386e-02
-31.000000 2.594875e-02
-30.750000 2.937262e-02
-30.500000 3.438101e-02
-30.250000 4.001144e-02
-30.000000 4.555997e-02
-29.750000 5.054142e-02
-29.500000 5.461505e-02
-29.250000 5.754003e-02
-29.000000 5.915436e-02
-28.750000 5.936675e-02
-28.500000 5.815560e-02
-28.250000 5.557290e-02
-28.000000 5.175408e-02
-27.750000 4.693802e-02
-27.500000 4.150718e-02
-27.250000 3.606282e-02
-27.000000 3.153107e-02
-26.750000 2.914645e-02
-26.500000 2.989438e-02
-26.250000 3.363834e-02
-26.000000 3.929684e-02
-25.750000 4.572454e-02
-25.500000 5.207801e-02
-25.250000 5.777852e-02
-25.000000 6.242266e-02
-24.750000 6.572762e-02
-24.500000 6.750532e-02
-24.250000 6.765284e-02
-24.000000 6.615190e-02
-23.750000 6.307514e-02
-23.500000 5.860097e-02
-23.250000 5.304326e-02
-23.000000 4.690898e-02
-22.750000 4.099874e-02
-22.500000 3.651341e-02
-22.250000 3.489511e-02
-22.000000 3.698620e-02
-21.750000 4.226169e-02
-21.500000 4.939855e-02
-21.250000 5.716382e-02
-21.000000 6.466126e-02
-20.750000 7.126099e-02
-20.500000 7.651179e-02
-20.250000 8.009143e-02
-20.000000 8.178480e-02
-19.750000 8.147812e-02
-19.500000 7.916318e-02
-19.250000 7.495115e-02
-19.000000 6.910093e-02
-18.750000 6.207478e-02
-18.500000 5.464428e-02
-18.250000 4.805822e-02
-18.000000 4.412502e-02
-17.750000 4.462759e-02
-17.500000 4.993741e-02
-17.250000 5.875180e-02
-17.000000 6.934696e-02
-16.750000 8.035552e-02
-16.500000 9.080501e-02
-16.250000 9.999055e-02
-16.000000 1.073854e-01
-15.750000 1.125973e-01
-15.500000 1.153525e-01
-15.250000 1.154937e-01
-15.000000 1.129875e-01
-14.750000 1.079412e-01
-14.500000 1.006314e-01
-14.250000 9.155862e-02
-14.000000 8.154482e-02
-13.750000 7.189821e-02
-13.500000 6.457872e-02
-13.250000 6.194656e-02
-13.000000 6.547009e-02
-12.750000 7.447312e-02
-12.500000 8.688885e-02
-12.250000 1.006702e-01
-12.000000 1.142682e-01
-11.750000 1.265591e-01
-11.500000 1.367098e-01
-11.250000 1.440957e-01
-11.000000 1.482651e-01
-10.750000 1.489304e-01
-10.500000 1.459785e-01
-10.250000 1.394988e-01
-10.000000 1.298378e-01
-9.750000 1.177040e-01
-9.500000 1.043704e-01
-9.250000 9.202136e-02
-9.000000 8.406368e-02
-8.750000 8.434399e-02
-8.500000 9.440956e-02
-8.250000 1.122444e-01
-8.000000 1.345450e-01
-7.750000 1.585537e-01
-7.500000 1.822623e-01
-7.250000 2.041659e-01
-7.000000 2.230757e-01
-6.750000 2.380306e-01
-6.500000 2.482697e-01
-6.250000 2.532430e-01
-6.000000 2.526515e-01
-5.750000 2.465229e-01
-5.500000 2.353436e-01
-5.250000 2.202922e-01
-5.000000 2.036373e-01
-4.750000 1.892944e-01
-4.500000 1.830704e-01
-4.250000 1.911736e-01
-4.000000 2.166713e-01
-3.750000 2.579595e-01
-3.500000 3.111445e-01
-3.250000 3.724333e-01
-3.000000 4.387898e-01
-2.750000 5.078029e-01
-2.500000 5.774628e-01
-2.250000 6.460144e-01
-2.000000 7.118793e-01
-1.750000 7.736223e-01
-1.500000 8.299426e-01
-1.250000 8.796777e-01
-1.000000 9.218141e-01
-0.750000 9.554992e-01
-0.500000 9.800548e-01
-0.250000 9.949879e-01
0.000000 9.999991e-01
0.250000 9.949879e-01
0.500000 9.800548e-01
0.750000 9.554992e-01
1.000000 9.218141e-01
1.250000 8.796777e-01
1.500000 8.299426e-01
1.750000 7.736223e-01
2.000000 7.118793e-01
2.250000 6.460144e-01
2.500000 5.774628e-01
2.750000 5.078029e-01
3.000000 4.387898e-01
3.250000 3.724333e-01
3.500000 3.111445e-01
3.750000 2.579595e-01
4.000000 2.166713e-01
4.250000 1.911736e-01
4.500000 1.830704e-01
4.750000 1.892944e-01
5.000000 2.036373e-01
5.250000 2.202922e-01
5.500000 2.353436e-01
5.750000 2.465229e-01
6.000000 2.526515e-01
6.250000 2.532430e-01
6.500000 2.482697e-01
6.750000 2.380306e-01
7.000000 2.230757e-01
7.250000 2.041659e-01
7.500000 1.822623e-01
7.750000 1.585537e-01
8.000000 1.345450e-01
8.250000 1.122444e-01
8.500000 9.440956e-02
8.750000 8.434399e-02
9.000000 8.406368e-02
9.250000 9.202136e-02
9.500000 1.043704e-01
9.750000 1.177040e-01
10.000000 1.298378e-01
10.250000 1.394988e-01
10.500000 1.459785e-01
10.750000 1.489304e-01
11.000000 1.482651e-01
11.250000 1.440957e-01
11.500000 1.367098e-01
11.750000 1.265591e-01
12.000000 1.142682e-01
12.250000 1.006702e-01
12.500000 8.688885e-02
12.750000 7.447312e-02
13.000000 6.547009e-02
13.250000 6.194656e-02
13.500000 6.457872e-02
13.750000 7.189821e-02
14.000000 8.154482e-02
14.250000 9.155862e-02
14.500000 1.006314e-01
14.750000 1.079412e-01
15.000000 1.129875e-01
15.250000 1.154937e-01
15.500000 1.153525e-01
15.750000 1.125973e-01
16.000000 1.073854e-01
16.250000 9.999055e-02
16.500000 9.080501e-02
16.750000 8.035552e-02
17.000000 6.934696e-02
17.250000 5.875180e-02
17.500000 4.993741e-02
17.750000 4.462759e-02
18.000000 4.412502e-02
18.250000 4.805822e-02
18.500000 5.464428e-02
18.750000 6.207478e-02
19.000000 6.910093e-02
19.250000 7.495115e-02
19.500000 7.916318e-02
19.750000 8.147812e-02
20.000000 8.178480e-02
20.250000 8.009143e-02
20.500000 7.651179e-02
20.750000 7.126099e-02
21.000000 6.466126e-02
21.250000 5.716382e-02
21.500000 4.939855e-02
21.750000 4.226169e-02
22.000000 3.698620e-02
22.250000 3.489511e-02
22.500000 3.651341e-02
22.750000 4.099874e-02
23.000000 4.690898e-02
23.250000 5.304326e-02
23.500000 5.860097e-02
23.750000 6.307514e-02
24.000000 6.615190e-02
24.250000 6.765284e-02
24.500000 6.750532e-02
24.750000 6.572762e-02
25.000000 6.242266e-02
25.250000 5.777852e-02
25.500000 5.207801e-02
25.750000 4.572454e-02
26.000000 3.929684e-02
26.250000 3.363834e-02
26.500000 2.989438e-02
26.750000 2.914645e-02
27.000000 3.153107e-02
27.250000 3.606282e-02
27.500000 4.150718e-02
27.750000 4.693802e-02
28.000000 5.175408e-02
28.250000 5.557290e-02
28.500000 5.815560e-02
28.750000 5.936675e-02
29.000000 5.915436e-02
29.250000 5.754003e-02
29.500000 5.461505e-02
29.750000 5.054142e-02
30.000000 4.555997e-02
30.250000 4.001144e-02
30.500000 3.438101e-02
30.750000 2.937262e-02
31.000000 2.594875e-02
31.250000 2.505386e-02
31.500000 2.687310e-02
31.750000 3.060342e-02
32.000000 3.517399e-02
32.250000 3.976605e-02
32.500000 4.384744e-02
32.750000 4.708181e-02
33.000000 4.926109e-02
33.250000 5.026935e-02
33.500000 5.006473e-02
33.750000 4.867096e-02
34.000000 4.617446e-02
34.250000 4.272632e-02
34.500000 3.855129e-02
34.750000 3.396869e-02
35.000000 2.943244e-02
35.250000 2.558341e-02
35.500000 2.322800e-02
35.750000 2.301902e-02
36.000000 2.491880e-02
36.250000 2.821410e-02
36.500000 3.207276e-02
36.750000 3.586217e-02
37.000000 3.916027e-02
37.250000 4.169386e-02
37.500000 4.329238e-02
37.750000 4.386224e-02
38.000000 4.337383e-02
38.250000 4.185568e-02
38.500000 3.939334e-02
38.750000 3.613334e-02
39.000000 3.229523e-02
39.250000 2.819800e-02
39.500000 2.430811e-02
39.750000 2.128953e-02
40.000000 1.991694e-02
40.250000 2.062963e-02
40.500000 2.310598e-02
40.750000 2.657189e-02
41.000000 3.031788e-02
41.250000 3.384932e-02
41.500000 3.684214e-02
41.750000 3.908595e-02
42.000000 4.044967e-02
42.250000 4.086392e-02
42.500000 4.031234e-02
42.750000 3.882791e-02
43.000000 3.649251e-02
43.250000 3.344050e-02
43.500000 2.986862e-02
43.750000 2.605789e-02
44.000000 2.241366e-02
44.250000 1.951085e-02
44.500000 1.803557e-02
44.750000 1.841945e-02
45.000000 2.042770e-02
45.250000 2.337487e-02
45.500000 2.660455e-02
45.750000 2.965468e-02
46.000000 3.222459e-02
46.250000 3.412176e-02
46.500000 3.522868e-02
46.750000 3.548567e-02
47.000000 3.488253e-02
47.250000 3.345523e-02
47.500000 3.128616e-02
47.750000 2.850885e-02
48.000000 2.532015e-02
48.250000 2.200571e-02
48.500000 1.898241e-02
48.750000 1.682604e-02
49.000000 1.613629e-02
49.250000 1.711962e-02
49.500000 1.937457e-02
49.750000 2.225890e-02
50.000000 2.524171e-02
