-50.000000 2.244963e-03
-49.750000 2.192430e-03
-49.500000 2.135558e-03
-49.250000 2.074790e-03
-49.000000 2.010643e-03
-48.750000 1.943719e-03
-48.500000 1.874714e-03
-48.250000 1.804437e-03
-48.000000 1.733825e-03
-47.750000 1.663958e-03
-47.500000 1.596081e-03
-47.250000 1.531611e-03
-47.000000 1.472136e-03
-46.750000 1.419395e-03
-46.500000 1.375219e-03
-46.250000 1.341433e-03
-46.000000 1.319713e-03
-45.750000 1.311414e-03
-45.500000 1.317402e-03
-45.250000 1.337950e-03
-45.000000 1.372714e-03
-44.750000 1.420809e-03
-44.500000 1.480949e-03
-44.250000 1.551617e-03
-44.000000 1.631209e-03
-43.750000 1.718144e-03
-43.500000 1.810936e-03
-43.250000 1.908223e-03
-43.000000 2.008784e-03
-42.750000 2.111530e-03
-42.500000 2.215496e-03
-42.250000 2.319822e-03
-42.000000 2.423746e-03
-41.750000 2.526585e-03
-41.500000 2.627722e-03
-41.250000 2.726604e-03
-41.000000 2.822725e-03
-40.750000 2.915623e-03
-40.500000 3.004875e-03
-40.250000 3.090091e-03
-40.000000 3.170911e-03
-39.750000 3.247001e-03
-39.500000 3.318053e-03
-39.250000 3.383780e-03
-39.000000 3.443915e-03
-38.750000 3.498214e-03
-38.500000 3.546449e-03
-38.250000 3.588411e-03
-38.000000 3.623911e-03
-37.750000 3.652776e-03
-37.500000 3.674851e-03
-37.250000 3.690001e-03
-37.000000 3.698108e-03
-36.750000 3.699075e-03
-36.500000 3.692824e-03
-36.250000 3.679300e-03
-36.000000 3.658471e-03
-35.750000 3.630328e-03
-35.500000 3.594890e-03
-35.250000 3.552204e-03
-35.000000 3.502349e-03
-34.750000 3.445438e-03
-34.500000 3.381623e-03
-34.250000 3.311100e-03
-34.000000 3.234111e-03
-33.750000 3.150955e-03
-33.500000 3.061994e-03
-33.250000 2.967663e-03
-33.000000 2.868485e-03
-32.750000 2.765082e-03
-32.500000 2.658198e-03
-32.250000 2.548722e-03
-32.000000 2.437719e-03
-31.750000 2.326461e-03
-31.500000 2.216472e-03
-31.250000 2.109569e-03
-31.000000 2.007900e-03
-30.750000 1.913973e-03
-30.500000 1.830633e-03
-30.250000 1.760986e-03
-30.000000 1.708211e-03
-29.750000 1.675262e-03
-29.500000 1.664489e-03
-29.250000 1.677265e-03
-29.000000 1.713757e-03
-28.750000 1.772934e-03
-28.500000 1.852798e-03
-28.250000 1.950737e-03
-28.000000 2.063878e-03
-27.750000 2.189359e-03
-27.500000 2.324497e-03
-27.250000 2.466861e-03
-27.000000 2.614294e-03
-26.750000 2.764897e-03
-26.500000 2.917001e-03
-26.250000 3.069133e-03
-26.000000 3.219985e-03
-25.750000 3.368389e-03
-25.500000 3.513296e-03
-25.250000 3.653757e-03
-25.000000 3.788912e-03
-24.750000 3.917979e-03
-24.500000 4.040245e-03
-24.250000 4.155065e-03
-24.000000 4.261856e-03
-23.750000 4.360094e-03
-23.500000 4.449316e-03
-23.250000 4.529118e-03
-23.000000 4.599156e-03
-22.750000 4.659146e-03
-22.500000 4.708870e-03
-22.250000 4.748173e-03
-22.000000 4.776967e-03
-21.750000 4.795237e-03
-21.500000 4.803041e-03
-21.250000 4.800515e-03
-21.000000 4.787875e-03
-20.750000 4.765427e-03
-20.500000 4.733564e-03
-20.250000 4.692780e-03
-20.000000 4.643668e-03
-19.750000 4.586931e-03
-19.500000 4.523387e-03
-19.250000 4.453975e-03
-19.000000 4.379762e-03
-18.750000 4.301947e-03
-18.500000 4.221863e-03
-18.250000 4.140981e-03
-18.000000 4.060899e-03
-17.750000 3.983337e-03
-17.500000 3.910111e-03
-17.250000 3.843102e-03
-17.000000 3.784214e-03
-16.750000 3.735307e-03
-16.500000 3.698128e-03
-16.250000 3.674229e-03
-16.000000 3.664886e-03
-15.750000 3.671016e-03
-15.500000 3.693129e-03
-15.250000 3.731293e-03
-15.000000 3.785135e-03
-14.750000 3.853872e-03
-14.500000 3.936369e-03
-14.250000 4.031209e-03
-14.000000 4.136768e-03
-13.750000 4.251290e-03
-13.500000 4.372954e-03
-13.250000 4.499927e-03
-13.000000 4.630402e-03
-12.750000 4.762632e-03
-12.500000 4.894951e-03
-12.250000 5.025780e-03
-12.000000 5.153642e-03
-11.750000 5.277158e-03
-11.500000 5.395053e-03
-11.250000 5.506153e-03
-11.000000 5.609380e-03
-10.750000 5.703753e-03
-10.500000 5.788384e-03
-10.250000 5.862477e-03
-10.000000 5.925323e-03
-9.750000 5.976299e-03
-9.500000 6.014866e-03
-9.250000 6.040569e-03
-9.000000 6.053032e-03
-8.750000 6.051962e-03
-8.500000 6.037143e-03
-8.250000 6.008436e-03
-8.000000 5.965780e-03
-7.750000 5.909191e-03
-7.500000 5.838762e-03
-7.250000 5.754660e-03
-7.000000 5.657127e-03
-6.750000 5.546484e-03
-6.500000 5.423127e-03
-6.250000 5.287530e-03
-6.000000 5.140247e-03
-5.750000 4.981916e-03
-5.500000 4.813261e-03
-5.250000 4.635101e-03
-5.000000 4.448357e-03
-4.750000 4.254064e-03
-4.500000 4.053388e-03
-4.250000 3.847651e-03
-4.000000 3.638356e-03
-3.750000 3.427235e-03
-3.500000 3.216298e-03
-3.250000 3.007909e-03
-3.000000 2.804871e-03
-2.750000 2.610528e-03
-2.500000 2.428868e-03
-2.250000 2.264580e-03
-2.000000 2.122994e-03
-1.750000 2.009797e-03
-1.500000 1.930399e-03
-1.250000 1.888963e-03
-1.000000 1.887378e-03
-0.750000 1.924658e-03
-0.500000 1.997138e-03
-0.250000 2.099365e-03
0.000000 2.225189e-03
0.250000 2.368633e-03
0.500000 2.524367e-03
0.750000 2.687877e-03
1.000000 2.855440e-03
1.250000 3.024019e-03
1.500000 3.191144e-03
1.750000 3.354798e-03
2.000000 3.513330e-03
2.250000 3.665380e-03
2.500000 3.809819e-03
2.750000 3.945718e-03
3.000000 4.072304e-03
3.250000 4.188945e-03
3.500000 4.295130e-03
3.750000 4.390451e-03
4.000000 4.474598e-03
4.250000 4.547348e-03
4.500000 4.608556e-03
4.750000 4.658154e-03
5.000000 4.696145e-03
5.250000 4.722597e-03
5.500000 4.737642e-03
5.750000 4.741475e-03
6.000000 4.734346e-03
6.250000 4.716564e-03
6.500000 4.688491e-03
6.750000 4.650542e-03
7.000000 4.603182e-03
7.250000 4.546927e-03
7.500000 4.482341e-03
7.750000 4.410037e-03
8.000000 4.330673e-03
8.250000 4.244955e-03
8.500000 4.153636e-03
8.750000 4.057514e-03
9.000000 3.957436e-03
9.250000 3.854295e-03
9.500000 3.749029e-03
9.750000 3.642627e-03
10.000000 3.536120e-03
10.250000 3.430585e-03
10.500000 3.327137e-03
10.750000 3.226922e-03
11.000000 3.131109e-03
11.250000 3.040870e-03
11.500000 2.957361e-03
11.750000 2.881694e-03
12.000000 2.814898e-03
12.250000 2.757887e-03
12.500000 2.711413e-03
12.750000 2.676031e-03
13.000000 2.652062e-03
13.250000 2.639577e-03
13.500000 2.638393e-03
13.750000 2.648078e-03
14.000000 2.667989e-03
14.250000 2.697304e-03
14.500000 2.735074e-03
14.750000 2.780266e-03
15.000000 2.831813e-03
15.250000 2.888648e-03
15.500000 2.949737e-03
15.750000 3.014099e-03
16.000000 3.080821e-03
16.250000 3.149070e-03
16.500000 3.218088e-03
16.750000 3.287204e-03
17.000000 3.355818e-03
17.250000 3.423409e-03
17.500000 3.489521e-03
17.750000 3.553765e-03
18.000000 3.615808e-03
18.250000 3.675371e-03
18.500000 3.732221e-03
18.750000 3.786173e-03
19.000000 3.837078e-03
19.250000 3.884826e-03
19.500000 3.929337e-03
19.750000 3.970564e-03
20.000000 4.008487e-03
20.250000 4.043111e-03
20.500000 4.074466e-03
20.750000 4.102605e-03
21.000000 4.127599e-03
21.250000 4.149543e-03
21.500000 4.168549e-03
21.750000 4.184748e-03
22.000000 4.198288e-03
22.250000 4.209333e-03
22.500000 4.218063e-03
22.750000 4.224675e-03
23.000000 4.229377e-03
23.250000 4.232391e-03
23.500000 4.233949e-03
23.750000 4.234294e-03
24.000000 4.233676e-03
24.250000 4.232352e-03
24.500000 4.230579e-03
24.750000 4.228616e-03
25.000000 4.226720e-03
25.250000 4.225140e-03
25.500000 4.224116e-03
25.750000 4.223875e-03
26.000000 4.224625e-03
26.250000 4.226556e-03
26.500000 4.229830e-03
26.750000 4.234582e-03
27.000000 4.240915e-03
27.250000 4.248899e-03
27.500000 4.258566e-03
27.750000 4.269914e-03
28.000000 4.282897e-03
28.250000 4.297435e-03
28.500000 4.313409e-03
28.750000 4.330661e-03
29.000000 4.349002e-03
29.250000 4.368209e-03
29.500000 4.388032e-03
29.750000 4.408194e-03
30.000000 4.428399e-03
30.250000 4.448334e-03
30.500000 4.467673e-03
30.750000 4.486083e-03
31.000000 4.503227e-03
31.250000 4.518768e-03
31.500000 4.532376e-03
31.750000 4.543729e-03
32.000000 4.552518e-03
32.250000 4.558449e-03
32.500000 4.561249e-03
32.750000 4.560667e-03
33.000000 4.556477e-03
33.250000 4.548480e-03
33.500000 4.536509e-03
33.750000 4.520427e-03
34.000000 4.500131e-03
34.250000 4.475553e-03
34.500000 4.446661e-03
34.750000 4.413462e-03
35.000000 4.376000e-03
35.250000 4.334357e-03
35.500000 4.288657e-03
35.750000 4.239061e-03
36.000000 4.185771e-03
36.250000 4.129030e-03
36.500000 4.069116e-03
36.750000 4.006348e-03
37.000000 3.941083e-03
37.250000 3.873711e-03
37.500000 3.804657e-03
37.750000 3.734377e-03
38.000000 3.663355e-03
38.250000 3.592099e-03
38.500000 3.521134e-03
38.750000 3.451003e-03
39.000000 3.382249e-03
39.250000 3.315420e-03
39.500000 3.251047e-03
39.750000 3.189644e-03
40.000000 3.131690e-03
40.250000 3.077621e-03
40.500000 3.027814e-03
40.750000 2.982581e-03
41.000000 2.942153e-03
41.250000 2.906672e-03
41.500000 2.876189e-03
41.750000 2.850656e-03
42.000000 2.829929e-03
42.250000 2.813768e-03
42.500000 2.801851e-03
42.750000 2.793778e-03
43.000000 2.789083e-03
43.250000 2.787255e-03
43.500000 2.787742e-03
43.750000 2.789976e-03
44.000000 2.793376e-03
44.250000 2.797368e-03
44.500000 2.801394e-03
44.750000 2.804918e-03
45.000000 2.807435e-03
45.250000 2.808478e-03
45.500000 2.807622e-03
45.750000 2.804484e-03
46.000000 2.798728e-03
46.250000 2.790064e-03
46.500000 2.778251e-03
46.750000 2.763092e-03
47.000000 2.744438e-03
47.250000 2.722181e-03
47.500000 2.696258e-03
47.750000 2.666648e-03
48.000000 2.633364e-03
48.250000 2.596460e-03
48.500000 2.556022e-03
48.750000 2.512169e-03
49.000000 2.465047e-03
49.250000 2.414833e-03
49.500000 2.361724e-03
49.750000 2.305941e-03
50.000000 2.247723e-03
