-50.000000 1.452107e-03
-49.750000 1.489078e-03
-49.500000 1.528316e-03
-49.250000 1.569366e-03
-49.000000 1.611789e-03
-48.750000 1.655167e-03
-48.500000 1.699111e-03
-48.250000 1.743256e-03
-48.000000 1.787264e-03
-47.750000 1.830825e-03
-47.500000 1.873654e-03
-47.250000 1.915491e-03
-47.000000 1.956103e-03
-46.750000 1.995280e-03
-46.500000 2.032834e-03
-46.250000 2.068604e-03
-46.000000 2.102449e-03
-45.750000 2.134254e-03
-45.500000 2.163926e-03
-45.250000 2.191397e-03
-45.000000 2.216625e-03
-44.750000 2.239591e-03
-44.500000 2.260305e-03
-44.250000 2.278804e-03
-44.000000 2.295153e-03
-43.750000 2.309447e-03
-43.500000 2.321813e-03
-43.250000 2.332408e-03
-43.000000 2.341423e-03
-42.750000 2.349081e-03
-42.500000 2.355639e-03
-42.250000 2.361387e-03
-42.000000 2.366645e-03
-41.750000 2.371766e-03
-41.500000 2.377127e-03
-41.250000 2.383133e-03
-41.000000 2.390204e-03
-40.750000 2.398774e-03
-40.500000 2.409281e-03
-40.250000 2.422163e-03
-40.000000 2.437842e-03
-39.750000 2.456718e-03
-39.500000 2.479159e-03
-39.250000 2.505491e-03
-39.000000 2.535986e-03
-38.750000 2.570858e-03
-38.500000 2.610253e-03
-38.250000 2.654251e-03
-38.000000 2.702857e-03
-37.750000 2.756009e-03
-37.500000 2.813574e-03
-37.250000 2.875357e-03
-37.000000 2.941104e-03
-36.750000 3.010512e-03
-36.500000 3.083233e-03
-36.250000 3.158883e-03
-36.000000 3.237048e-03
-35.750000 3.317295e-03
-35.500000 3.399173e-03
-35.250000 3.482222e-03
-35.000000 3.565981e-03
-34.750000 3.649986e-03
-34.500000 3.733780e-03
-34.250000 3.816915e-03
-34.000000 3.898955e-03
-33.750000 3.979477e-03
-33.500000 4.058080e-03
-33.250000 4.134380e-03
-33.000000 4.208016e-03
-32.750000 4.278652e-03
-32.500000 4.345977e-03
-32.250000 4.409711e-03
-32.000000 4.469602e-03
-31.750000 4.525428e-03
-31.500000 4.577004e-03
-31.250000 4.624175e-03
-31.000000 4.666825e-03
-30.750000 4.704875e-03
-30.500000 4.738282e-03
-30.250000 4.767046e-03
-30.000000 4.791206e-03
-29.750000 4.810840e-03
-29.500000 4.826073e-03
-29.250000 4.837067e-03
-29.000000 4.844031e-03
-28.750000 4.847212e-03
-28.500000 4.846903e-03
-28.250000 4.843435e-03
-28.000000 4.837178e-03
-27.750000 4.828539e-03
-27.500000 4.817961e-03
-27.250000 4.805916e-03
-27.000000 4.792901e-03
-26.750000 4.779435e-03
-26.500000 4.766053e-03
-26.250000 4.753294e-03
-26.000000 4.741699e-03
-25.750000 4.731798e-03
-25.500000 4.724105e-03
-25.250000 4.719103e-03
-25.000000 4.717236e-03
-24.750000 4.718904e-03
-24.500000 4.724446e-03
-24.250000 4.734138e-03
-24.000000 4.748186e-03
-23.750000 4.766717e-03
-23.500000 4.789781e-03
-23.250000 4.817348e-03
-23.000000 4.849310e-03
-22.750000 4.885481e-03
-22.500000 4.925611e-03
-22.250000 4.969381e-03
-22.000000 5.016424e-03
-21.750000 5.066323e-03
-21.500000 5.118628e-03
-21.250000 5.172863e-03
-21.000000 5.228537e-03
-20.750000 5.285151e-03
-20.500000 5.342212e-03
-20.250000 5.399238e-03
-20.000000 5.455767e-03
-19.750000 5.511363e-03
-19.500000 5.565624e-03
-19.250000 5.618189e-03
-19.000000 5.668741e-03
-18.750000 5.717011e-03
-18.500000 5.762784e-03
-18.250000 5.805903e-03
-18.000000 5.846269e-03
-17.750000 5.883844e-03
-17.500000 5.918656e-03
-17.250000 5.950796e-03
-17.000000 5.980421e-03
-16.750000 6.007752e-03
-16.500000 6.033075e-03
-16.250000 6.056739e-03
-16.000000 6.079152e-03
-15.750000 6.100776e-03
-15.500000 6.122127e-03
-15.250000 6.143764e-03
-15.000000 6.166282e-03
-14.750000 6.190307e-03
-14.500000 6.216481e-03
-14.250000 6.245455e-03
-14.000000 6.277871e-03
-13.750000 6.314358e-03
-13.500000 6.355508e-03
-13.250000 6.401871e-03
-13.000000 6.453937e-03
-12.750000 6.512126e-03
-12.500000 6.576776e-03
-12.250000 6.648137e-03
-12.000000 6.726358e-03
-11.750000 6.811490e-03
-11.500000 6.903479e-03
-11.250000 7.002170e-03
-11.000000 7.107308e-03
-10.750000 7.218543e-03
-10.500000 7.335437e-03
-10.250000 7.457476e-03
-10.000000 7.584072e-03
-9.750000 7.714580e-03
-9.500000 7.848302e-03
-9.250000 7.984502e-03
-9.000000 8.122414e-03
-8.750000 8.261248e-03
-8.500000 8.400205e-03
-8.250000 8.538479e-03
-8.000000 8.675266e-03
-7.750000 8.809774e-03
-7.500000 8.941223e-03
-7.250000 9.068855e-03
-7.000000 9.191937e-03
-6.750000 9.309763e-03
-6.500000 9.421659e-03
-6.250000 9.526990e-03
-6.000000 9.625155e-03
-5.750000 9.715595e-03
-5.500000 9.797793e-03
-5.250000 9.871276e-03
-5.000000 9.935615e-03
-4.750000 9.990431e-03
-4.500000 1.003539e-02
-4.250000 1.007020e-02
-4.000000 1.009463e-02
-3.750000 1.010849e-02
-3.500000 1.011165e-02
-3.250000 1.010400e-02
-3.000000 1.008551e-02
-2.750000 1.005620e-02
-2.500000 1.001611e-02
-2.250000 9.965345e-03
-2.000000 9.904065e-03
-1.750000 9.832463e-03
-1.500000 9.750783e-03
-1.250000 9.659312e-03
-1.000000 9.558380e-03
-0.750000 9.448359e-03
-0.500000 9.329661e-03
-0.250000 9.202738e-03
0.000000 9.068076e-03
0.250000 8.926200e-03
0.500000 8.777666e-03
0.750000 8.623060e-03
1.000000 8.463002e-03
1.250000 8.298132e-03
1.500000 8.129121e-03
1.750000 7.956656e-03
2.000000 7.781446e-03
2.250000 7.604214e-03
2.500000 7.425696e-03
2.750000 7.246636e-03
3.000000 7.067782e-03
3.250000 6.889880e-03
3.500000 6.713674e-03
3.750000 6.539894e-03
4.000000 6.369254e-03
4.250000 6.202443e-03
4.500000 6.040120e-03
4.750000 5.882904e-03
5.000000 5.731368e-03
5.250000 5.586028e-03
5.500000 5.447335e-03
5.750000 5.315670e-03
6.000000 5.191331e-03
6.250000 5.074529e-03
6.500000 4.965386e-03
6.750000 4.863923e-03
7.000000 4.770067e-03
7.250000 4.683650e-03
7.500000 4.604409e-03
7.750000 4.531997e-03
8.000000 4.465990e-03
8.250000 4.405898e-03
8.500000 4.351175e-03
8.750000 4.301237e-03
9.000000 4.255470e-03
9.250000 4.213250e-03
9.500000 4.173949e-03
9.750000 4.136953e-03
10.000000 4.101667e-03
10.250000 4.067530e-03
10.500000 4.034015e-03
10.750000 4.000640e-03
11.000000 3.966972e-03
11.250000 3.932627e-03
11.500000 3.897272e-03
11.750000 3.860630e-03
12.000000 3.822471e-03
12.250000 3.782621e-03
12.500000 3.740952e-03
12.750000 3.697383e-03
13.000000 3.651880e-03
13.250000 3.604447e-03
13.500000 3.555130e-03
13.750000 3.504008e-03
14.000000 3.451195e-03
14.250000 3.396833e-03
14.500000 3.341089e-03
14.750000 3.284155e-03
15.000000 3.226243e-03
15.250000 3.167579e-03
15.500000 3.108407e-03
15.750000 3.048979e-03
16.000000 2.989556e-03
16.250000 2.930405e-03
16.500000 2.871794e-03
16.750000 2.813994e-03
17.000000 2.757270e-03
17.250000 2.701884e-03
17.500000 2.648091e-03
17.750000 2.596135e-03
18.000000 2.546248e-03
18.250000 2.498649e-03
18.500000 2.453540e-03
18.750000 2.411107e-03
19.000000 2.371514e-03
19.250000 2.334906e-03
19.500000 2.301407e-03
19.750000 2.271116e-03
20.000000 2.244111e-03
20.250000 2.220446e-03
20.500000 2.200154e-03
20.750000 2.183242e-03
21.000000 2.169698e-03
21.250000 2.159489e-03
21.500000 2.152564e-03
21.750000 2.148851e-03
22.000000 2.148264e-03
22.250000 2.150704e-03
22.500000 2.156055e-03
22.750000 2.164195e-03
23.000000 2.174988e-03
23.250000 2.188291e-03
23.500000 2.203954e-03
23.750000 2.221822e-03
24.000000 2.241735e-03
24.250000 2.263529e-03
24.500000 2.287037e-03
24.750000 2.312092e-03
25.000000 2.338526e-03
25.250000 2.366171e-03
25.500000 2.394859e-03
25.750000 2.424427e-03
26.000000 2.454714e-03
26.250000 2.485563e-03
26.500000 2.516825e-03
26.750000 2.548355e-03
27.000000 2.580018e-03
27.250000 2.611687e-03
27.500000 2.643245e-03
27.750000 2.674587e-03
28.000000 2.705621e-03
28.250000 2.736267e-03
28.500000 2.766460e-03
28.750000 2.796150e-03
29.000000 2.825301e-03
29.250000 2.853894e-03
29.500000 2.881927e-03
29.750000 2.909413e-03
30.000000 2.936379e-03
30.250000 2.962871e-03
30.500000 2.988947e-03
30.750000 3.014679e-03
31.000000 3.040151e-03
31.250000 3.065458e-03
31.500000 3.090701e-03
31.750000 3.115991e-03
32.000000 3.141440e-03
32.250000 3.167162e-03
32.500000 3.193268e-03
32.750000 3.219866e-03
33.000000 3.247054e-03
33.250000 3.274922e-03
33.500000 3.303543e-03
33.750000 3.332975e-03
34.000000 3.363258e-03
34.250000 3.394409e-03
34.500000 3.426422e-03
34.750000 3.459268e-03
35.000000 3.492889e-03
35.250000 3.527205e-03
35.500000 3.562107e-03
35.750000 3.597463e-03
36.000000 3.633113e-03
36.250000 3.668876e-03
36.500000 3.704549e-03
36.750000 3.739909e-03
37.000000 3.774714e-03
37.250000 3.808709e-03
37.500000 3.841626e-03
37.750000 3.873188e-03
38.000000 3.903109e-03
38.250000 3.931102e-03
38.500000 3.956875e-03
38.750000 3.980140e-03
39.000000 4.000613e-03
39.250000 4.018014e-03
39.500000 4.032075e-03
39.750000 4.042537e-03
40.000000 4.049156e-03
40.250000 4.051703e-03
40.500000 4.049965e-03
40.750000 4.043750e-03
41.000000 4.032886e-03
41.250000 4.017225e-03
41.500000 3.996640e-03
41.750000 3.971033e-03
42.000000 3.940329e-03
42.250000 3.904484e-03
42.500000 3.863482e-03
42.750000 3.817338e-03
43.000000 3.766097e-03
43.250000 3.709838e-03
43.500000 3.648674e-03
43.750000 3.582753e-03
44.000000 3.512260e-03
44.250000 3.437418e-03
44.500000 3.358491e-03
44.750000 3.275785e-03
45.000000 3.189650e-03
45.250000 3.100484e-03
45.500000 3.008737e-03
45.750000 2.914912e-03
46.000000 2.819569e-03
46.250000 2.723335e-03
46.500000 2.626902e-03
46.750000 2.531035e-03
47.000000 2.436574e-03
47.250000 2.344442e-03
47.500000 2.255636e-03
47.750000 2.171227e-03
48.000000 2.092347e-03
48.250000 2.020165e-03
48.500000 1.955851e-03
48.750000 1.900528e-03
49.000000 1.855208e-03
49.250000 1.820720e-03
49.500000 1.797641e-03
49.750000 1.786233e-03
50.000000 1.786413e-03
