-50.000000 3.991006e-04
-49.750000 3.847586e-04
-49.500000 3.737055e-04
-49.250000 3.662840e-04
-49.000000 3.627512e-04
-48.750000 3.632428e-04
-48.500000 3.677537e-04
-48.250000 3.761383e-04
-48.000000 3.881340e-04
-47.750000 4.033966e-04
-47.500000 4.215401e-04
-47.250000 4.421706e-04
-47.000000 4.649101e-04
-46.750000 4.894117e-04
-46.500000 5.153654e-04
-46.250000 5.424996e-04
-46.000000 5.705785e-04
-45.750000 5.993986e-04
-45.500000 6.287842e-04
-45.250000 6.585837e-04
-45.000000 6.886653e-04
-44.750000 7.189139e-04
-44.500000 7.492282e-04
-44.250000 7.795187e-04
-44.000000 8.097053e-04
-43.750000 8.397160e-04
-43.500000 8.694857e-04
-43.250000 8.989547e-04
-43.000000 9.280685e-04
-42.750000 9.567763e-04
-42.500000 9.850311e-04
-42.250000 1.012789e-03
-42.000000 1.040009e-03
-41.750000 1.066651e-03
-41.500000 1.092679e-03
-41.250000 1.118059e-03
-41.000000 1.142755e-03
-40.750000 1.166738e-03
-40.500000 1.189976e-03
-40.250000 1.212440e-03
-40.000000 1.234103e-03
-39.750000 1.254938e-03
-39.500000 1.274919e-03
-39.250000 1.294021e-03
-39.000000 1.312222e-03
-38.750000 1.329498e-03
-38.500000 1.345827e-03
-38.250000 1.361189e-03
-38.000000 1.375565e-03
-37.750000 1.388934e-03
-37.500000 1.401279e-03
-37.250000 1.412583e-03
-37.000000 1.422829e-03
-36.750000 1.432001e-03
-36.500000 1.440085e-03
-36.250000 1.447067e-03
-36.000000 1.452933e-03
-35.750000 1.457672e-03
-35.500000 1.461272e-03
-35.250000 1.463723e-03
-35.000000 1.465015e-03
-34.750000 1.465139e-03
-34.500000 1.464087e-03
-34.250000 1.461851e-03
-34.000000 1.458427e-03
-33.750000 1.453807e-03
-33.500000 1.447989e-03
-33.250000 1.440967e-03
-33.000000 1.432739e-03
-32.750000 1.423303e-03
-32.500000 1.412658e-03
-32.250000 1.400804e-03
-32.000000 1.387742e-03
-31.750000 1.373472e-03
-31.500000 1.357998e-03
-31.250000 1.341324e-03
-31.000000 1.323452e-03
-30.750000 1.304389e-03
-30.500000 1.284141e-03
-30.250000 1.262714e-03
-30.000000 1.240118e-03
-29.750000 1.216361e-03
-29.500000 1.191453e-03
-29.250000 1.165405e-03
-29.000000 1.138230e-03
-28.750000 1.109941e-03
-28.500000 1.080552e-03
-28.250000 1.050080e-03
-28.000000 1.018542e-03
-27.750000 9.859555e-04
-27.500000 9.523423e-04
-27.250000 9.177241e-04
-27.000000 8.821253e-04
-26.750000 8.455726e-04
-26.500000 8.080959e-04
-26.250000 7.697286e-04
-26.000000 7.305087e-04
-25.750000 6.904800e-04
-25.500000 6.496936e-04
-25.250000 6.082111e-04
-25.000000 5.661080e-04
-24.750000 5.234796e-04
-24.500000 4.804504e-04
-24.250000 4.371882e-04
-24.000000 3.939291e-04
-23.750000 3.510182e-04
-23.500000 3.089830e-04
-23.250000 2.686637e-04
-23.000000 2.314432e-04
-22.750000 1.996087e-04
-22.500000 1.766948e-04
-22.250000 1.670252e-04
-22.000000 1.733864e-04
-21.750000 1.946732e-04
-21.500000 2.270947e-04
-21.250000 2.669179e-04
-21.000000 3.115528e-04
-20.750000 3.593999e-04
-20.500000 4.094859e-04
-20.250000 4.612026e-04
-20.000000 5.141538e-04
-19.750000 5.680692e-04
-19.500000 6.227559e-04
-19.250000 6.780693e-04
-19.000000 7.338974e-04
-18.750000 7.901489e-04
-18.500000 8.467478e-04
-18.250000 9.036283e-04
-18.000000 9.607319e-04
-17.750000 1.018006e-03
-17.500000 1.075401e-03
-17.250000 1.132873e-03
-17.000000 1.190377e-03
-16.750000 1.247873e-03
-16.500000 1.305320e-03
-16.250000 1.362681e-03
-16.000000 1.419917e-03
-15.750000 1.476991e-03
-15.500000 1.533869e-03
-15.250000 1.590514e-03
-15.000000 1.646892e-03
-14.750000 1.702969e-03
-14.500000 1.758711e-03
-14.250000 1.814084e-03
-14.000000 1.869056e-03
-13.750000 1.923595e-03
-13.500000 1.977669e-03
-13.250000 2.031246e-03
-13.000000 2.084295e-03
-12.750000 2.136785e-03
-12.500000 2.188687e-03
-12.250000 2.239971e-03
-12.000000 2.290607e-03
-11.750000 2.340567e-03
-11.500000 2.389823e-03
-11.250000 2.438346e-03
-11.000000 2.486110e-03
-10.750000 2.533087e-03
-10.500000 2.579252e-03
-10.250000 2.624579e-03
-10.000000 2.669043e-03
-9.750000 2.712619e-03
-9.500000 2.755283e-03
-9.250000 2.797013e-03
-9.000000 2.837785e-03
-8.750000 2.877578e-03
-8.500000 2.916370e-03
-8.250000 2.954140e-03
-8.000000 2.990869e-03
-7.750000 3.026537e-03
-7.500000 3.061125e-03
-7.250000 3.094616e-03
-7.000000 3.126992e-03
-6.750000 3.158236e-03
-6.500000 3.188334e-03
-6.250000 3.217270e-03
-6.000000 3.245029e-03
-5.750000 3.271599e-03
-5.500000 3.296967e-03
-5.250000 3.321120e-03
-5.000000 3.344048e-03
-4.750000 3.365741e-03
-4.500000 3.386189e-03
-4.250000 3.405383e-03
-4.000000 3.423315e-03
-3.750000 3.439979e-03
-3.500000 3.455369e-03
-3.250000 3.469478e-03
-3.000000 3.482303e-03
-2.750000 3.493839e-03
-2.500000 3.504085e-03
-2.250000 3.513038e-03
-2.000000 3.520696e-03
-1.750000 3.527060e-03
-1.500000 3.532131e-03
-1.250000 3.535909e-03
-1.000000 3.538396e-03
-0.750000 3.539597e-03
-0.500000 3.539515e-03
-0.250000 3.538154e-03
0.000000 3.535521e-03
0.250000 3.531622e-03
0.500000 3.526463e-03
0.750000 3.520054e-03
1.000000 3.512403e-03
1.250000 3.503520e-03
1.500000 3.493415e-03
1.750000 3.482101e-03
2.000000 3.469588e-03
2.250000 3.455890e-03
2.500000 3.441021e-03
2.750000 3.424995e-03
3.000000 3.407827e-03
3.250000 3.389534e-03
3.500000 3.370132e-03
3.750000 3.349639e-03
4.000000 3.328072e-03
4.250000 3.305452e-03
4.500000 3.281797e-03
4.750000 3.257128e-03
5.000000 3.231465e-03
5.250000 3.204831e-03
5.500000 3.177248e-03
5.750000 3.148739e-03
6.000000 3.119326e-03
6.250000 3.089036e-03
6.500000 3.057892e-03
6.750000 3.025919e-03
7.000000 2.993145e-03
7.250000 2.959594e-03
7.500000 2.925296e-03
7.750000 2.890276e-03
8.000000 2.854563e-03
8.250000 2.818186e-03
8.500000 2.781174e-03
8.750000 2.743556e-03
9.000000 2.705364e-03
9.250000 2.666626e-03
9.500000 2.627375e-03
9.750000 2.587641e-03
10.000000 2.547456e-03
10.250000 2.506853e-03
10.500000 2.465865e-03
10.750000 2.424523e-03
11.000000 2.382862e-03
11.250000 2.340915e-03
11.500000 2.298716e-03
11.750000 2.256300e-03
12.000000 2.213701e-03
12.250000 2.170954e-03
12.500000 2.128094e-03
12.750000 2.085158e-03
13.000000 2.042180e-03
13.250000 1.999196e-03
13.500000 1.956244e-03
13.750000 1.913360e-03
14.000000 1.870581e-03
14.250000 1.827943e-03
14.500000 1.785484e-03
14.750000 1.743241e-03
15.000000 1.701253e-03
15.250000 1.659557e-03
15.500000 1.618191e-03
15.750000 1.577194e-03
16.000000 1.536605e-03
16.250000 1.496460e-03
16.500000 1.456800e-03
16.750000 1.417663e-03
17.000000 1.379089e-03
17.250000 1.341114e-03
17.500000 1.303779e-03
17.750000 1.267122e-03
18.000000 1.231182e-03
18.250000 1.195995e-03
18.500000 1.161600e-03
18.750000 1.128034e-03
19.000000 1.095333e-03
19.250000 1.063531e-03
19.500000 1.032663e-03
19.750000 1.002761e-03
20.000000 9.738561e-04
20.250000 9.459757e-04
20.500000 9.191459e-04
20.750000 8.933896e-04
21.000000 8.687263e-04
21.250000 8.451715e-04
21.500000 8.227364e-04
21.750000 8.014273e-04
22.000000 7.812456e-04
22.250000 7.621865e-04
22.500000 7.442396e-04
22.750000 7.273878e-04
23.000000 7.116080e-04
23.250000 6.968700e-04
23.500000 6.831376e-04
23.750000 6.703679e-04
24.000000 6.585124e-04
24.250000 6.475168e-04
24.500000 6.373221e-04
24.750000 6.278650e-04
25.000000 6.190787e-04
25.250000 6.108939e-04
25.500000 6.032394e-04
25.750000 5.960433e-04
26.000000 5.892332e-04
26.250000 5.827378e-04
26.500000 5.764870e-04
26.750000 5.704128e-04
27.000000 5.644499e-04
27.250000 5.585363e-04
27.500000 5.526135e-04
27.750000 5.466270e-04
28.000000 5.405268e-04
28.250000 5.342673e-04
28.500000 5.278079e-04
28.750000 5.211131e-04
29.000000 5.141528e-04
29.250000 5.069022e-04
29.500000 4.993425e-04
29.750000 4.914609e-04
30.000000 4.832510e-04
30.250000 4.747134e-04
30.500000 4.658557e-04
30.750000 4.566937e-04
31.000000 4.472518e-04
31.250000 4.375638e-04
31.500000 4.276742e-04
31.750000 4.176392e-04
32.000000 4.075280e-04
32.250000 3.974247e-04
32.500000 3.874292e-04
32.750000 3.776598e-04
33.000000 3.682537e-04
33.250000 3.593684e-04
33.500000 3.511821e-04
33.750000 3.438922e-04
34.000000 3.377126e-04
34.250000 3.328684e-04
34.500000 3.295880e-04
34.750000 3.280926e-04
35.000000 3.285839e-04
35.250000 3.312316e-04
35.500000 3.361627e-04
35.750000 3.434544e-04
36.000000 3.531317e-04
36.250000 3.651708e-04
36.500000 3.795060e-04
36.750000 3.960392e-04
37.000000 4.146505e-04
37.250000 4.352075e-04
37.500000 4.575735e-04
37.750000 4.816129e-04
38.000000 5.071953e-04
38.250000 5.341982e-04
38.500000 5.625076e-04
38.750000 5.920188e-04
39.000000 6.226356e-04
39.250000 6.542704e-04
39.500000 6.868429e-04
39.750000 7.202796e-04
40.000000 7.545129e-04
40.250000 7.894803e-04
40.500000 8.251240e-04
40.750000 8.613900e-04
41.000000 8.982277e-04
41.250000 9.355894e-04
41.500000 9.734299e-04
41.750000 1.011706e-03
42.000000 1.050378e-03
42.250000 1.089404e-03
42.500000 1.128748e-03
42.750000 1.168373e-03
43.000000 1.208242e-03
43.250000 1.248322e-03
43.500000 1.288578e-03
43.750000 1.328978e-03
44.000000 1.369489e-03
44.250000 1.410079e-03
44.500000 1.450718e-03
44.750000 1.491374e-03
45.000000 1.532018e-03
45.250000 1.572620e-03
45.500000 1.613151e-03
45.750000 1.653582e-03
46.000000 1.693885e-03
46.250000 1.734032e-03
46.500000 1.773996e-03
46.750000 1.813748e-03
47.000000 1.853264e-03
47.250000 1.892515e-03
47.500000 1.931477e-03
47.750000 1.970124e-03
48.000000 2.008430e-03
48.250000 2.046372e-03
48.500000 2.083924e-03
48.750000 2.121062e-03
49.000000 2.157764e-03
49.250000 2.194006e-03
49.500000 2.229765e-03
49.750000 2.265019e-03
50.000000 2.299747e-03
