-50.000000 4.153479e-04
-49.750000 4.590167e-04
-49.500000 4.985919e-04
-49.250000 5.340596e-04
-49.000000 5.654319e-04
-48.750000 5.927522e-04
-48.500000 6.161185e-04
-48.250000 6.357273e-04
-48.000000 6.519365e-04
-47.750000 6.653404e-04
-47.500000 6.768497e-04
-47.250000 6.877569e-04
-47.000000 6.997610e-04
-46.750000 7.149169e-04
-46.500000 7.354769e-04
-46.250000 7.636188e-04
-46.000000 8.011033e-04
-45.750000 8.489585e-04
-45.500000 9.072927e-04
-45.250000 9.752853e-04
-45.000000 1.051323e-03
-44.750000 1.133211e-03
-44.500000 1.218383e-03
-44.250000 1.304084e-03
-44.000000 1.387510e-03
-43.750000 1.465917e-03
-43.500000 1.536703e-03
-43.250000 1.597476e-03
-43.000000 1.646120e-03
-42.750000 1.680838e-03
-42.500000 1.700207e-03
-42.250000 1.703205e-03
-42.000000 1.689253e-03
-41.750000 1.658229e-03
-41.500000 1.610489e-03
-41.250000 1.546875e-03
-41.000000 1.468730e-03
-40.750000 1.377906e-03
-40.500000 1.276791e-03
-40.250000 1.168365e-03
-40.000000 1.056299e-03
-39.750000 9.451209e-04
-39.500000 8.404477e-04
-39.250000 7.491636e-04
-39.000000 6.791514e-04
-38.750000 6.378012e-04
-38.500000 6.290044e-04
-38.250000 6.506159e-04
-38.000000 6.953172e-04
-37.750000 7.540924e-04
-37.500000 8.190036e-04
-37.250000 8.840941e-04
-37.000000 9.452098e-04
-36.750000 9.995448e-04
-36.500000 1.045234e-03
-36.250000 1.081049e-03
-36.000000 1.106194e-03
-35.750000 1.120155e-03
-35.500000 1.122614e-03
-35.250000 1.113388e-03
-35.000000 1.092406e-03
-34.750000 1.059723e-03
-34.500000 1.015553e-03
-34.250000 9.603433e-04
-34.000000 8.948976e-04
-33.750000 8.205616e-04
-33.500000 7.395400e-04
-33.250000 6.554421e-04
-33.000000 5.742226e-04
-32.750000 5.055542e-04
-32.500000 4.635185e-04
-32.250000 4.626673e-04
-32.000000 5.080296e-04
-31.750000 5.913922e-04
-31.500000 6.996212e-04
-31.250000 8.217814e-04
-31.000000 9.503295e-04
-30.750000 1.080203e-03
-30.500000 1.207954e-03
-30.250000 1.331245e-03
-30.000000 1.448584e-03
-29.750000 1.559189e-03
-29.500000 1.662901e-03
-29.250000 1.760106e-03
-29.000000 1.851640e-03
-28.750000 1.938669e-03
-28.500000 2.022529e-03
-28.250000 2.104551e-03
-28.000000 2.185867e-03
-27.750000 2.267239e-03
-27.500000 2.348917e-03
-27.250000 2.430554e-03
-27.000000 2.511200e-03
-26.750000 2.589348e-03
-26.500000 2.663042e-03
-26.250000 2.730030e-03
-26.000000 2.787918e-03
-25.750000 2.834343e-03
-25.500000 2.867122e-03
-25.250000 2.884384e-03
-25.000000 2.884679e-03
-24.750000 2.867054e-03
-24.500000 2.831099e-03
-24.250000 2.776972e-03
-24.000000 2.705383e-03
-23.750000 2.617559e-03
-23.500000 2.515184e-03
-23.250000 2.400314e-03
-23.000000 2.275274e-03
-22.750000 2.142543e-03
-22.500000 2.004640e-03
-22.250000 1.864013e-03
-22.000000 1.722955e-03
-21.750000 1.583567e-03
-21.500000 1.447790e-03
-21.250000 1.317539e-03
-21.000000 1.194959e-03
-20.750000 1.082822e-03
-20.500000 9.850097e-04
-20.250000 9.068996e-04
-20.000000 8.551703e-04
-19.750000 8.363618e-04
-19.500000 8.542146e-04
-19.250000 9.075194e-04
-19.000000 9.904571e-04
-18.750000 1.094873e-03
-18.500000 1.212389e-03
-18.250000 1.335400e-03
-18.000000 1.457288e-03
-17.750000 1.572341e-03
-17.500000 1.675654e-03
-17.250000 1.763094e-03
-17.000000 1.831329e-03
-16.750000 1.877916e-03
-16.500000 1.901426e-03
-16.250000 1.901609e-03
-16.000000 1.879591e-03
-15.750000 1.838105e-03
-15.500000 1.781751e-03
-15.250000 1.717235e-03
-15.000000 1.653473e-03
-14.750000 1.601266e-03
-14.500000 1.572147e-03
-14.250000 1.576147e-03
-14.000000 1.619011e-03
-13.750000 1.700390e-03
-13.500000 1.814198e-03
-13.250000 1.950726e-03
-13.000000 2.099009e-03
-12.750000 2.248467e-03
-12.500000 2.389727e-03
-12.250000 2.514927e-03
-12.000000 2.617796e-03
-11.750000 2.693662e-03
-11.500000 2.739473e-03
-11.250000 2.753840e-03
-11.000000 2.737115e-03
-10.750000 2.691509e-03
-10.500000 2.621231e-03
-10.250000 2.532654e-03
-10.000000 2.434425e-03
-9.750000 2.337405e-03
-9.500000 2.254168e-03
-9.250000 2.197711e-03
-9.000000 2.179197e-03
-8.750000 2.205212e-03
-8.500000 2.275818e-03
-8.250000 2.384605e-03
-8.000000 2.520611e-03
-7.750000 2.670843e-03
-7.500000 2.822263e-03
-7.250000 2.962917e-03
-7.000000 3.082386e-03
-6.750000 3.171887e-03
-6.500000 3.224216e-03
-6.250000 3.233649e-03
-6.000000 3.195854e-03
-5.750000 3.107801e-03
-5.500000 2.967711e-03
-5.250000 2.775020e-03
-5.000000 2.530385e-03
-4.750000 2.235800e-03
-4.500000 1.894957e-03
-4.250000 1.514428e-03
-4.000000 1.107975e-03
-3.750000 7.172454e-04
-3.500000 5.188771e-04
-3.250000 7.714745e-04
-3.000000 1.256104e-03
-2.750000 1.811117e-03
-2.500000 2.395596e-03
-2.250000 2.993575e-03
-2.000000 3.595102e-03
-1.750000 4.192193e-03
-1.500000 4.777711e-03
-1.250000 5.345008e-03
-1.000000 5.887815e-03
-0.750000 6.400226e-03
-0.500000 6.876721e-03
-0.250000 7.312206e-03
0.000000 7.702065e-03
0.250000 8.042210e-03
0.500000 8.329130e-03
0.750000 8.559943e-03
1.000000 8.732430e-03
1.250000 8.845073e-03
1.500000 8.897079e-03
1.750000 8.888387e-03
2.000000 8.819676e-03
2.250000 8.692343e-03
2.500000 8.508483e-03
2.750000 8.270843e-03
3.000000 7.982769e-03
3.250000 7.648136e-03
3.500000 7.271273e-03
3.750000 6.856870e-03
4.000000 6.409885e-03
4.250000 5.935443e-03
4.500000 5.438735e-03
4.750000 4.924923e-03
5.000000 4.399050e-03
5.250000 3.865967e-03
5.500000 3.330299e-03
5.750000 2.796455e-03
6.000000 2.268782e-03
6.250000 1.752058e-03
6.500000 1.253211e-03
6.750000 7.889407e-04
7.000000 4.359735e-04
7.250000 4.826601e-04
7.500000 8.411823e-04
7.750000 1.252655e-03
8.000000 1.665121e-03
8.250000 2.067219e-03
8.500000 2.455042e-03
8.750000 2.826667e-03
9.000000 3.180774e-03
9.250000 3.516178e-03
9.500000 3.831636e-03
9.750000 4.125770e-03
10.000000 4.397046e-03
10.250000 4.643791e-03
10.500000 4.864226e-03
10.750000 5.056527e-03
11.000000 5.218890e-03
11.250000 5.349604e-03
11.500000 5.447131e-03
11.750000 5.510179e-03
12.000000 5.537781e-03
12.250000 5.529362e-03
12.500000 5.484800e-03
12.750000 5.404484e-03
13.000000 5.289353e-03
13.250000 5.140937e-03
13.500000 4.961379e-03
13.750000 4.753452e-03
14.000000 4.520569e-03
14.250000 4.266789e-03
14.500000 3.996810e-03
14.750000 3.715978e-03
15.000000 3.430279e-03
15.250000 3.146338e-03
15.500000 2.871389e-03
15.750000 2.613184e-03
16.000000 2.379749e-03
16.250000 2.178845e-03
16.500000 2.017008e-03
16.750000 1.898177e-03
17.000000 1.822363e-03
17.250000 1.785118e-03
17.500000 1.778379e-03
17.750000 1.792355e-03
18.000000 1.817515e-03
18.250000 1.845944e-03
18.500000 1.871926e-03
18.750000 1.891978e-03
19.000000 1.904610e-03
19.250000 1.909961e-03
19.500000 1.909409e-03
19.750000 1.905154e-03
20.000000 1.899787e-03
20.250000 1.895868e-03
20.500000 1.895513e-03
20.750000 1.900084e-03
21.000000 1.909991e-03
21.250000 1.924689e-03
21.500000 1.942821e-03
21.750000 1.962510e-03
22.000000 1.981690e-03
22.250000 1.998450e-03
22.500000 2.011320e-03
22.750000 2.019482e-03
23.000000 2.022893e-03
23.250000 2.022318e-03
23.500000 2.019266e-03
23.750000 2.015830e-03
24.000000 2.014424e-03
24.250000 2.017438e-03
24.500000 2.026852e-03
24.750000 2.043869e-03
25.000000 2.068638e-03
25.250000 2.100144e-03
25.500000 2.136280e-03
25.750000 2.174064e-03
26.000000 2.209953e-03
26.250000 2.240184e-03
26.500000 2.261076e-03
26.750000 2.269281e-03
27.000000 2.261975e-03
27.250000 2.236980e-03
27.500000 2.192841e-03
27.750000 2.128858e-03
28.000000 2.045092e-03
28.250000 1.942330e-03
28.500000 1.822049e-03
28.750000 1.686346e-03
29.000000 1.537875e-03
29.250000 1.379773e-03
29.500000 1.215607e-03
29.750000 1.049358e-03
30.000000 8.854838e-04
30.250000 7.291692e-04
30.500000 5.869152e-04
30.750000 4.676777e-04
31.000000 3.838994e-04
31.250000 3.479595e-04
31.500000 3.596137e-04
31.750000 4.020242e-04
32.000000 4.565653e-04
32.250000 5.118221e-04
32.500000 5.624980e-04
32.750000 6.068112e-04
33.000000 6.448613e-04
33.250000 6.777087e-04
33.500000 7.067909e-04
33.750000 7.334998e-04
34.000000 7.588680e-04
34.250000 7.833688e-04
34.500000 8.068442e-04
34.750000 8.285571e-04
35.000000 8.473361e-04
35.250000 8.617701e-04
35.500000 8.704089e-04
35.750000 8.719385e-04
36.000000 8.653171e-04
36.250000 8.498681e-04
36.500000 8.253310e-04
36.750000 7.918768e-04
37.000000 7.500930e-04
37.250000 7.009412e-04
37.500000 6.456936e-04
37.750000 5.858521e-04
38.000000 5.230539e-04
38.250000 4.589769e-04
38.500000 3.952611e-04
38.750000 3.334909e-04
39.000000 2.753323e-04
39.250000 2.230407e-04
39.500000 1.807386e-04
39.750000 1.563645e-04
40.000000 1.598220e-04
40.250000 1.927551e-04
40.500000 2.475963e-04
40.750000 3.173240e-04
41.000000 3.980119e-04
41.250000 4.873286e-04
41.500000 5.834030e-04
41.750000 6.843373e-04
42.000000 7.880495e-04
42.250000 8.922627e-04
42.500000 9.945590e-04
42.750000 1.092462e-03
43.000000 1.183533e-03
43.250000 1.265462e-03
43.500000 1.336165e-03
43.750000 1.393868e-03
44.000000 1.437183e-03
44.250000 1.465171e-03
44.500000 1.477394e-03
44.750000 1.473954e-03
45.000000 1.455508e-03
45.250000 1.423282e-03
45.500000 1.379045e-03
45.750000 1.325088e-03
46.000000 1.264148e-03
46.250000 1.199317e-03
46.500000 1.133885e-03
46.750000 1.071111e-03
47.000000 1.013923e-03
47.250000 9.645401e-04
47.500000 9.241146e-04
47.750000 8.924951e-04
48.000000 8.682352e-04
48.250000 8.488783e-04
48.500000 8.314280e-04
48.750000 8.128514e-04
49.000000 7.904879e-04
49.250000 7.623162e-04
49.500000 7.270911e-04
49.750000 6.843951e-04
50.000000 6.346474e-04
