-50.000000 1.178978e-03
-49.750000 1.151445e-03
-49.500000 1.122816e-03
-49.250000 1.093121e-03
-49.000000 1.062392e-03
-48.750000 1.030666e-03
-48.500000 9.979861e-04
-48.250000 9.643979e-04
-48.000000 9.299544e-04
-47.750000 8.947155e-04
-47.500000 8.587492e-04
-47.250000 8.221338e-04
-47.000000 7.849597e-04
-46.750000 7.473326e-04
-46.500000 7.093774e-04
-46.250000 6.712432e-04
-46.000000 6.331103e-04
-45.750000 5.951994e-04
-45.500000 5.577838e-04
-45.250000 5.212053e-04
-45.000000 4.858946e-04
-44.750000 4.523955e-04
-44.500000 4.213900e-04
-44.250000 3.937180e-04
-44.000000 3.703734e-04
-43.750000 3.524533e-04
-43.500000 3.410336e-04
-43.250000 3.369717e-04
-43.000000 3.406973e-04
-42.750000 3.520970e-04
-42.500000 3.705633e-04
-42.250000 3.951749e-04
-42.000000 4.249037e-04
-41.750000 4.587684e-04
-41.500000 4.959120e-04
-41.250000 5.356225e-04
-41.000000 5.773230e-04
-40.750000 6.205504e-04
-40.500000 6.649320e-04
-40.250000 7.101658e-04
-40.000000 7.560036e-04
-39.750000 8.022386e-04
-39.500000 8.486954e-04
-39.250000 8.952234e-04
-39.000000 9.416905e-04
-38.750000 9.879797e-04
-38.500000 1.033986e-03
-38.250000 1.079612e-03
-38.000000 1.124771e-03
-37.750000 1.169380e-03
-37.500000 1.213363e-03
-37.250000 1.256646e-03
-37.000000 1.299161e-03
-36.750000 1.340843e-03
-36.500000 1.381629e-03
-36.250000 1.421459e-03
-36.000000 1.460276e-03
-35.750000 1.498024e-03
-35.500000 1.534651e-03
-35.250000 1.570104e-03
-35.000000 1.604335e-03
-34.750000 1.637297e-03
-34.500000 1.668944e-03
-34.250000 1.699232e-03
-34.000000 1.728119e-03
-33.750000 1.755567e-03
-33.500000 1.781536e-03
-33.250000 1.805990e-03
-33.000000 1.828896e-03
-32.750000 1.850222e-03
-32.500000 1.869936e-03
-32.250000 1.888012e-03
-32.000000 1.904422e-03
-31.750000 1.919144e-03
-31.500000 1.932155e-03
-31.250000 1.943437e-03
-31.000000 1.952973e-03
-30.750000 1.960748e-03
-30.500000 1.966751e-03
-30.250000 1.970972e-03
-30.000000 1.973404e-03
-29.750000 1.974045e-03
-29.500000 1.972893e-03
-29.250000 1.969950e-03
-29.000000 1.965223e-03
-28.750000 1.958719e-03
-28.500000 1.950451e-03
-28.250000 1.940436e-03
-28.000000 1.928692e-03
-27.750000 1.915244e-03
-27.500000 1.900119e-03
-27.250000 1.883352e-03
-27.000000 1.864978e-03
-26.750000 1.845042e-03
-26.500000 1.823591e-03
-26.250000 1.800680e-03
-26.000000 1.776371e-03
-25.750000 1.750732e-03
-25.500000 1.723839e-03
-25.250000 1.695778e-03
-25.000000 1.666641e-03
-24.750000 1.636534e-03
-24.500000 1.605572e-03
-24.250000 1.573884e-03
-24.000000 1.541612e-03
-23.750000 1.508914e-03
-23.500000 1.475964e-03
-23.250000 1.442953e-03
-23.000000 1.410094e-03
-22.750000 1.377621e-03
-22.500000 1.345789e-03
-22.250000 1.314877e-03
-22.000000 1.285189e-03
-21.750000 1.257050e-03
-21.500000 1.230807e-03
-21.250000 1.206826e-03
-21.000000 1.185482e-03
-20.750000 1.167159e-03
-20.500000 1.152231e-03
-20.250000 1.141057e-03
-20.000000 1.133966e-03
-19.750000 1.131241e-03
-19.500000 1.133109e-03
-19.250000 1.139728e-03
-19.000000 1.151182e-03
-18.750000 1.167480e-03
-18.500000 1.188556e-03
-18.250000 1.214276e-03
-18.000000 1.244453e-03
-17.750000 1.278850e-03
-17.500000 1.317202e-03
-17.250000 1.359222e-03
-17.000000 1.404610e-03
-16.750000 1.453067e-03
-16.500000 1.504297e-03
-16.250000 1.558014e-03
-16.000000 1.613943e-03
-15.750000 1.671825e-03
-15.500000 1.731414e-03
-15.250000 1.792481e-03
-15.000000 1.854810e-03
-14.750000 1.918199e-03
-14.500000 1.982462e-03
-14.250000 2.047422e-03
-14.000000 2.112915e-03
-13.750000 2.178786e-03
-13.500000 2.244891e-03
-13.250000 2.311093e-03
-13.000000 2.377264e-03
-12.750000 2.443281e-03
-12.500000 2.509031e-03
-12.250000 2.574403e-03
-12.000000 2.639293e-03
-11.750000 2.703604e-03
-11.500000 2.767239e-03
-11.250000 2.830109e-03
-11.000000 2.892128e-03
-10.750000 2.953213e-03
-10.500000 3.013285e-03
-10.250000 3.072269e-03
-10.000000 3.130091e-03
-9.750000 3.186683e-03
-9.500000 3.241977e-03
-9.250000 3.295910e-03
-9.000000 3.348421e-03
-8.750000 3.399451e-03
-8.500000 3.448945e-03
-8.250000 3.496849e-03
-8.000000 3.543112e-03
-7.750000 3.587687e-03
-7.500000 3.630527e-03
-7.250000 3.671588e-03
-7.000000 3.710831e-03
-6.750000 3.748216e-03
-6.500000 3.783707e-03
-6.250000 3.817269e-03
-6.000000 3.848873e-03
-5.750000 3.878488e-03
-5.500000 3.906087e-03
-5.250000 3.931646e-03
-5.000000 3.955143e-03
-4.750000 3.976557e-03
-4.500000 3.995872e-03
-4.250000 4.013072e-03
-4.000000 4.028144e-03
-3.750000 4.041077e-03
-3.500000 4.051864e-03
-3.250000 4.060497e-03
-3.000000 4.066973e-03
-2.750000 4.071290e-03
-2.500000 4.073450e-03
-2.250000 4.073455e-03
-2.000000 4.071309e-03
-1.750000 4.067021e-03
-1.500000 4.060599e-03
-1.250000 4.052056e-03
-1.000000 4.041405e-03
-0.750000 4.028661e-03
-0.500000 4.013843e-03
-0.250000 3.996971e-03
0.000000 3.978066e-03
0.250000 3.957153e-03
0.500000 3.934257e-03
0.750000 3.909406e-03
1.000000 3.882630e-03
1.250000 3.853961e-03
1.500000 3.823432e-03
1.750000 3.791077e-03
2.000000 3.756934e-03
2.250000 3.721042e-03
2.500000 3.683441e-03
2.750000 3.644172e-03
3.000000 3.603279e-03
3.250000 3.560807e-03
3.500000 3.516802e-03
3.750000 3.471312e-03
4.000000 3.424386e-03
4.250000 3.376075e-03
4.500000 3.326430e-03
4.750000 3.275504e-03
5.000000 3.223352e-03
5.250000 3.170028e-03
5.500000 3.115589e-03
5.750000 3.060092e-03
6.000000 3.003596e-03
6.250000 2.946160e-03
6.500000 2.887843e-03
6.750000 2.828706e-03
7.000000 2.768812e-03
7.250000 2.708222e-03
7.500000 2.647000e-03
7.750000 2.585209e-03
8.000000 2.522914e-03
8.250000 2.460178e-03
8.500000 2.397069e-03
8.750000 2.333652e-03
9.000000 2.269993e-03
9.250000 2.206159e-03
9.500000 2.142218e-03
9.750000 2.078237e-03
10.000000 2.014286e-03
10.250000 1.950433e-03
10.500000 1.886749e-03
10.750000 1.823302e-03
11.000000 1.760165e-03
11.250000 1.697410e-03
11.500000 1.635109e-03
11.750000 1.573337e-03
12.000000 1.512169e-03
12.250000 1.451683e-03
12.500000 1.391957e-03
12.750000 1.333072e-03
13.000000 1.275114e-03
13.250000 1.218168e-03
13.500000 1.162325e-03
13.750000 1.107682e-03
14.000000 1.054338e-03
14.250000 1.002400e-03
14.500000 9.519814e-04
14.750000 9.032026e-04
15.000000 8.561940e-04
15.250000 8.110951e-04
15.500000 7.680559e-04
15.750000 7.272370e-04
16.000000 6.888088e-04
16.250000 6.529502e-04
16.500000 6.198452e-04
16.750000 5.896773e-04
17.000000 5.626219e-04
17.250000 5.388352e-04
17.500000 5.184416e-04
17.750000 5.015188e-04
18.000000 4.880848e-04
18.250000 4.780872e-04
18.500000 4.713983e-04
18.750000 4.678178e-04
19.000000 4.670824e-04
19.250000 4.688812e-04
19.500000 4.728742e-04
19.750000 4.787103e-04
20.000000 4.860438e-04
20.250000 4.945460e-04
20.500000 5.039141e-04
20.750000 5.138755e-04
21.000000 5.241897e-04
21.250000 5.346478e-04
21.500000 5.450715e-04
21.750000 5.553099e-04
22.000000 5.652378e-04
22.250000 5.747525e-04
22.500000 5.837717e-04
22.750000 5.922310e-04
23.000000 6.000820e-04
23.250000 6.072908e-04
23.500000 6.138363e-04
23.750000 6.197090e-04
24.000000 6.249102e-04
24.250000 6.294508e-04
24.500000 6.333508e-04
24.750000 6.366389e-04
25.000000 6.393516e-04
25.250000 6.415331e-04
25.500000 6.432346e-04
25.750000 6.445145e-04
26.000000 6.454373e-04
26.250000 6.460739e-04
26.500000 6.465010e-04
26.750000 6.468004e-04
27.000000 6.470586e-04
27.250000 6.473662e-04
27.500000 6.478173e-04
27.750000 6.485079e-04
28.000000 6.495357e-04
28.250000 6.509982e-04
28.500000 6.529918e-04
28.750000 6.556103e-04
29.000000 6.589430e-04
29.250000 6.630738e-04
29.500000 6.680793e-04
29.750000 6.740275e-04
30.000000 6.809769e-04
30.250000 6.889749e-04
30.500000 6.980579e-04
30.750000 7.082503e-04
31.000000 7.195645e-04
31.250000 7.320015e-04
31.500000 7.455511e-04
31.750000 7.601926e-04
32.000000 7.758960e-04
32.250000 7.926228e-04
32.500000 8.103273e-04
32.750000 8.289576e-04
33.000000 8.484568e-04
33.250000 8.687640e-04
33.500000 8.898155e-04
33.750000 9.115454e-04
34.000000 9.338865e-04
34.250000 9.567709e-04
34.500000 9.801308e-04
34.750000 1.003899e-03
35.000000 1.028008e-03
35.250000 1.052394e-03
35.500000 1.076991e-03
35.750000 1.101738e-03
36.000000 1.126573e-03
36.250000 1.151439e-03
36.500000 1.176278e-03
36.750000 1.201035e-03
37.000000 1.225658e-03
37.250000 1.250096e-03
37.500000 1.274300e-03
37.750000 1.298225e-03
38.000000 1.321826e-03
38.250000 1.345062e-03
38.500000 1.367891e-03
38.750000 1.390277e-03
39.000000 1.412184e-03
39.250000 1.433578e-03
39.500000 1.454428e-03
39.750000 1.474705e-03
40.000000 1.494381e-03
40.250000 1.513432e-03
40.500000 1.531835e-03
40.750000 1.549568e-03
41.000000 1.566614e-03
41.250000 1.582955e-03
41.500000 1.598578e-03
41.750000 1.613469e-03
42.000000 1.627618e-03
42.250000 1.641017e-03
42.500000 1.653661e-03
42.750000 1.665545e-03
43.000000 1.676668e-03
43.250000 1.687028e-03
43.500000 1.696630e-03
43.750000 1.705478e-03
44.000000 1.713577e-03
44.250000 1.720937e-03
44.500000 1.727568e-03
44.750000 1.733484e-03
45.000000 1.738698e-03
45.250000 1.743228e-03
45.500000 1.747093e-03
45.750000 1.750313e-03
46.000000 1.752912e-03
46.250000 1.754913e-03
46.500000 1.756345e-03
46.750000 1.757234e-03
47.000000 1.757611e-03
47.250000 1.757509e-03
47.500000 1.756961e-03
47.750000 1.756001e-03
48.000000 1.754666e-03
48.250000 1.752995e-03
48.500000 1.751027e-03
48.750000 1.748801e-03
49.000000 1.746360e-03
49.250000 1.743746e-03
49.500000 1.741001e-03
49.750000 1.738170e-03
50.000000 1.735295e-03
