-50.000000 6.160716e-03
-49.750000 6.266800e-03
-49.500000 6.385685e-03
-49.250000 6.515571e-03
-49.000000 6.654551e-03
-48.750000 6.800664e-03
-48.500000 6.951941e-03
-48.250000 7.106443e-03
-48.000000 7.262293e-03
-47.750000 7.417695e-03
-47.500000 7.570955e-03
-47.250000 7.720486e-03
-47.000000 7.864823e-03
-46.750000 8.002623e-03
-46.500000 8.132668e-03
-46.250000 8.253873e-03
-46.000000 8.365281e-03
-45.750000 8.466064e-03
-45.500000 8.555531e-03
-45.250000 8.633120e-03
-45.000000 8.698404e-03
-44.750000 8.751091e-03
-44.500000 8.791028e-03
-44.250000 8.818197e-03
-44.000000 8.832725e-03
-43.750000 8.834880e-03
-43.500000 8.825077e-03
-43.250000 8.803876e-03
-43.000000 8.771993e-03
-42.750000 8.730292e-03
-42.500000 8.679792e-03
-42.250000 8.621665e-03
-42.000000 8.557235e-03
-41.750000 8.487972e-03
-41.500000 8.415490e-03
-41.250000 8.341528e-03
-41.000000 8.267944e-03
-40.750000 8.196684e-03
-40.500000 8.129760e-03
-40.250000 8.069216e-03
-40.000000 8.017079e-03
-39.750000 7.975317e-03
-39.500000 7.945782e-03
-39.250000 7.930152e-03
-39.000000 7.929876e-03
-38.750000 7.946121e-03
-38.500000 7.979728e-03
-38.250000 8.031178e-03
-38.000000 8.100575e-03
-37.750000 8.187643e-03
-37.500000 8.291741e-03
-37.250000 8.411890e-03
-37.000000 8.546812e-03
-36.750000 8.694977e-03
-36.500000 8.854654e-03
-36.250000 9.023958e-03
-36.000000 9.200905e-03
-35.750000 9.383451e-03
-35.500000 9.569532e-03
-35.250000 9.757100e-03
-35.000000 9.944151e-03
-34.750000 1.012874e-02
-34.500000 1.030903e-02
-34.250000 1.048324e-02
-34.000000 1.064975e-02
-33.750000 1.080702e-02
-33.500000 1.095368e-02
-33.250000 1.108845e-02
-33.000000 1.121025e-02
-32.750000 1.131809e-02
-32.500000 1.141119e-02
-32.250000 1.148890e-02
-32.000000 1.155073e-02
-31.750000 1.159639e-02
-31.500000 1.162575e-02
-31.250000 1.163888e-02
-31.000000 1.163604e-02
-30.750000 1.161770e-02
-30.500000 1.158452e-02
-30.250000 1.153742e-02
-30.000000 1.147751e-02
-29.750000 1.140616e-02
-29.500000 1.132498e-02
-29.250000 1.123582e-02
-29.000000 1.114079e-02
-28.750000 1.104224e-02
-28.500000 1.094276e-02
-28.250000 1.084516e-02
-28.000000 1.075245e-02
-27.750000 1.066777e-02
-27.500000 1.059438e-02
-27.250000 1.053557e-02
-27.000000 1.049454e-02
-26.750000 1.047439e-02
-26.500000 1.047791e-02
-26.250000 1.050757e-02
-26.000000 1.056537e-02
-25.750000 1.065274e-02
-25.500000 1.077055e-02
-25.250000 1.091899e-02
-25.000000 1.109764e-02
-24.750000 1.130547e-02
-24.500000 1.154088e-02
-24.250000 1.180182e-02
-24.000000 1.208581e-02
-23.750000 1.239007e-02
-23.500000 1.271159e-02
-23.250000 1.304723e-02
-23.000000 1.339374e-02
-22.750000 1.374785e-02
-22.500000 1.410631e-02
-22.250000 1.446592e-02
-22.000000 1.482358e-02
-21.750000 1.517627e-02
-21.500000 1.552112e-02
-21.250000 1.585537e-02
-21.000000 1.617643e-02
-20.750000 1.648185e-02
-20.500000 1.676934e-02
-20.250000 1.703679e-02
-20.000000 1.728225e-02
-19.750000 1.750398e-02
-19.500000 1.770041e-02
-19.250000 1.787017e-02
-19.000000 1.801213e-02
-18.750000 1.812536e-02
-18.500000 1.820919e-02
-18.250000 1.826317e-02
-18.000000 1.828717e-02
-17.750000 1.828133e-02
-17.500000 1.824610e-02
-17.250000 1.818229e-02
-17.000000 1.809109e-02
-16.750000 1.797410e-02
-16.500000 1.783335e-02
-16.250000 1.767137e-02
-16.000000 1.749124e-02
-15.750000 1.729658e-02
-15.500000 1.709166e-02
-15.250000 1.688139e-02
-15.000000 1.667138e-02
-14.750000 1.646792e-02
-14.500000 1.627800e-02
-14.250000 1.610919e-02
-14.000000 1.596962e-02
-13.750000 1.586773e-02
-13.500000 1.581208e-02
-13.250000 1.581106e-02
-13.000000 1.587249e-02
-12.750000 1.600331e-02
-12.500000 1.620924e-02
-12.250000 1.649443e-02
-12.000000 1.686137e-02
-11.750000 1.731081e-02
-11.500000 1.784181e-02
-11.250000 1.845197e-02
-11.000000 1.913761e-02
-10.750000 1.989412e-02
-10.500000 2.071615e-02
-10.250000 2.159795e-02
-10.000000 2.253350e-02
-9.750000 2.351669e-02
-9.500000 2.454146e-02
-9.250000 2.560187e-02
-9.000000 2.669211e-02
-8.750000 2.780662e-02
-8.500000 2.894001e-02
-8.250000 3.008713e-02
-8.000000 3.124303e-02
-7.750000 3.240297e-02
-7.500000 3.356241e-02
-7.250000 3.471699e-02
-7.000000 3.586253e-02
-6.750000 3.699503e-02
-6.500000 3.811065e-02
-6.250000 3.920570e-02
-6.000000 4.027664e-02
-5.750000 4.132011e-02
-5.500000 4.233286e-02
-5.250000 4.331182e-02
-5.000000 4.425404e-02
-4.750000 4.515674e-02
-4.500000 4.601726e-02
-4.250000 4.683311e-02
-4.000000 4.760195e-02
-3.750000 4.832157e-02
-3.500000 4.898994e-02
-3.250000 4.960517e-02
-3.000000 5.016552e-02
-2.750000 5.066944e-02
-2.500000 5.111552e-02
-2.250000 5.150252e-02
-2.000000 5.182935e-02
-1.750000 5.209511e-02
-1.500000 5.229907e-02
-1.250000 5.244065e-02
-1.000000 5.251946e-02
-0.750000 5.253526e-02
-0.500000 5.248802e-02
-0.250000 5.237785e-02
0.000000 5.220504e-02
0.250000 5.197007e-02
0.500000 5.167356e-02
0.750000 5.131633e-02
1.000000 5.089937e-02
1.250000 5.042381e-02
1.500000 4.989099e-02
1.750000 4.930238e-02
2.000000 4.865964e-02
2.250000 4.796457e-02
2.500000 4.721916e-02
2.750000 4.642553e-02
3.000000 4.558598e-02
3.250000 4.470295e-02
3.500000 4.377905e-02
3.750000 4.281704e-02
4.000000 4.181982e-02
4.250000 4.079047e-02
4.500000 3.973220e-02
4.750000 3.864839e-02
5.000000 3.754258e-02
5.250000 3.641845e-02
5.500000 3.527988e-02
5.750000 3.413089e-02
6.000000 3.297569e-02
6.250000 3.181868e-02
6.500000 3.066445e-02
6.750000 2.951778e-02
7.000000 2.838367e-02
7.250000 2.726733e-02
7.500000 2.617418e-02
7.750000 2.510985e-02
8.000000 2.408018e-02
8.250000 2.309115e-02
8.500000 2.214885e-02
8.750000 2.125939e-02
9.000000 2.042881e-02
9.250000 1.966286e-02
9.500000 1.896688e-02
9.750000 1.834550e-02
10.000000 1.780238e-02
10.250000 1.733999e-02
10.500000 1.695931e-02
10.750000 1.665969e-02
11.000000 1.643875e-02
11.250000 1.629246e-02
11.500000 1.621523e-02
11.750000 1.620024e-02
12.000000 1.623974e-02
12.250000 1.632538e-02
12.500000 1.644858e-02
12.750000 1.660085e-02
13.000000 1.677395e-02
13.250000 1.696016e-02
13.500000 1.715234e-02
13.750000 1.734399e-02
14.000000 1.752931e-02
14.250000 1.770320e-02
14.500000 1.786117e-02
14.750000 1.799939e-02
15.000000 1.811462e-02
15.250000 1.820414e-02
15.500000 1.826574e-02
15.750000 1.829768e-02
16.000000 1.829864e-02
16.250000 1.826769e-02
16.500000 1.820428e-02
16.750000 1.810819e-02
17.000000 1.797950e-02
17.250000 1.781860e-02
17.500000 1.762618e-02
17.750000 1.740316e-02
18.000000 1.715074e-02
18.250000 1.687036e-02
18.500000 1.656370e-02
18.750000 1.623268e-02
19.000000 1.587946e-02
19.250000 1.550642e-02
19.500000 1.511620e-02
19.750000 1.471167e-02
20.000000 1.429594e-02
20.250000 1.387239e-02
20.500000 1.344465e-02
20.750000 1.301661e-02
21.000000 1.259244e-02
21.250000 1.217655e-02
21.500000 1.177355e-02
21.750000 1.138828e-02
22.000000 1.102567e-02
22.250000 1.069067e-02
22.500000 1.038809e-02
22.750000 1.012247e-02
23.000000 9.897813e-03
23.250000 9.717384e-03
23.500000 9.583489e-03
23.750000 9.497290e-03
24.000000 9.458686e-03
24.250000 9.466301e-03
24.500000 9.517557e-03
24.750000 9.608843e-03
25.000000 9.735743e-03
25.250000 9.893292e-03
25.500000 1.007622e-02
25.750000 1.027919e-02
26.000000 1.049695e-02
26.250000 1.072447e-02
26.500000 1.095707e-02
26.750000 1.119040e-02
27.000000 1.142052e-02
27.250000 1.164390e-02
27.500000 1.185739e-02
27.750000 1.205820e-02
28.000000 1.224392e-02
28.250000 1.241246e-02
28.500000 1.256202e-02
28.750000 1.269113e-02
29.000000 1.279856e-02
29.250000 1.288334e-02
29.500000 1.294475e-02
29.750000 1.298228e-02
30.000000 1.299564e-02
30.250000 1.298474e-02
30.500000 1.294969e-02
30.750000 1.289079e-02
31.000000 1.280851e-02
31.250000 1.270350e-02
31.500000 1.257661e-02
31.750000 1.242882e-02
32.000000 1.226130e-02
32.250000 1.207539e-02
32.500000 1.187259e-02
32.750000 1.165458e-02
33.000000 1.142320e-02
33.250000 1.118047e-02
33.500000 1.092857e-02
33.750000 1.066987e-02
34.000000 1.040690e-02
34.250000 1.014236e-02
34.500000 9.879122e-03
34.750000 9.620182e-03
35.000000 9.368672e-03
35.250000 9.127803e-03
35.500000 8.900820e-03
35.750000 8.690939e-03
36.000000 8.501256e-03
36.250000 8.334651e-03
36.500000 8.193674e-03
36.750000 8.080427e-03
37.000000 7.996451e-03
37.250000 7.942640e-03
37.500000 7.919177e-03
37.750000 7.925521e-03
38.000000 7.960429e-03
38.250000 8.022032e-03
38.500000 8.107933e-03
38.750000 8.215329e-03
39.000000 8.341143e-03
39.250000 8.482143e-03
39.500000 8.635050e-03
39.750000 8.796632e-03
40.000000 8.963765e-03
40.250000 9.133490e-03
40.500000 9.303041e-03
40.750000 9.469866e-03
41.000000 9.631639e-03
41.250000 9.786255e-03
41.500000 9.931834e-03
41.750000 1.006671e-02
42.000000 1.018943e-02
42.250000 1.029872e-02
42.500000 1.039352e-02
42.750000 1.047293e-02
43.000000 1.053623e-02
43.250000 1.058285e-02
43.500000 1.061239e-02
43.750000 1.062458e-02
44.000000 1.061931e-02
44.250000 1.059658e-02
44.500000 1.055654e-02
44.750000 1.049945e-02
45.000000 1.042570e-02
45.250000 1.033579e-02
45.500000 1.023033e-02
45.750000 1.011004e-02
46.000000 9.975765e-03
46.250000 9.828423e-03
46.500000 9.669052e-03
46.750000 9.498786e-03
47.000000 9.318854e-03
47.250000 9.130580e-03
47.500000 8.935380e-03
47.750000 8.734756e-03
48.000000 8.530297e-03
48.250000 8.323669e-03
48.500000 8.116609e-03
48.750000 7.910916e-03
49.000000 7.708437e-03
49.250000 7.511048e-03
49.500000 7.320636e-03
49.750000 7.139064e-03
50.000000 6.968142e-03
