-50.000000 2.556451e-02
-49.750000 2.307050e-02
-49.500000 2.048278e-02
-49.250000 1.833208e-02
-49.000000 1.725692e-02
-48.750000 1.769836e-02
-48.500000 1.953722e-02
-48.250000 2.221170e-02
-48.000000 2.511324e-02
-47.750000 2.777309e-02
-47.500000 2.986757e-02
-47.250000 3.118666e-02
-47.000000 3.161247e-02
-46.750000 3.111031e-02
-46.500000 2.972918e-02
-46.250000 2.761085e-02
-46.000000 2.501053e-02
-45.750000 2.233146e-02
-45.500000 2.015398e-02
-45.250000 1.915738e-02
-45.000000 1.978415e-02
-44.750000 2.188337e-02
-44.500000 2.485785e-02
-44.250000 2.806646e-02
-44.000000 3.100975e-02
-43.750000 3.333685e-02
-43.500000 3.481496e-02
-43.250000 3.530787e-02
-43.000000 3.476671e-02
-42.750000 3.322967e-02
-42.500000 3.083020e-02
-42.250000 2.781717e-02
-42.000000 2.459301e-02
-41.750000 2.176386e-02
-41.500000 2.011612e-02
-41.250000 2.029869e-02
-41.000000 2.230077e-02
-40.750000 2.547159e-02
-40.500000 2.903877e-02
-40.250000 3.239926e-02
-40.000000 3.513778e-02
-39.750000 3.698295e-02
-39.500000 3.777613e-02
-39.250000 3.745762e-02
-39.000000 3.606499e-02
-38.750000 3.374127e-02
-38.500000 3.075521e-02
-38.250000 2.753724e-02
-38.000000 2.471899e-02
-37.750000 2.308968e-02
-37.500000 2.328561e-02
-37.250000 2.531958e-02
-37.000000 2.858058e-02
-36.750000 3.229314e-02
-36.500000 3.581760e-02
-36.250000 3.869661e-02
-36.000000 4.062365e-02
-35.750000 4.141482e-02
-35.500000 4.099563e-02
-35.250000 3.940006e-02
-35.000000 3.678081e-02
-34.750000 3.343407e-02
-34.500000 2.984430e-02
-34.250000 2.673585e-02
-34.000000 2.502411e-02
-33.750000 2.543426e-02
-33.500000 2.793952e-02
-33.250000 3.180426e-02
-33.000000 3.614244e-02
-32.750000 4.024098e-02
-32.500000 4.359311e-02
-32.250000 4.585686e-02
-32.000000 4.682285e-02
-31.750000 4.640028e-02
-31.500000 4.461647e-02
-31.250000 4.162871e-02
-31.000000 3.775274e-02
-30.750000 3.351732e-02
-30.500000 2.973938e-02
-30.250000 2.751052e-02
-30.000000 2.778262e-02
-29.750000 3.062024e-02
-29.500000 3.516499e-02
-29.250000 4.034850e-02
-29.000000 4.531951e-02
-28.750000 4.947994e-02
-28.500000 5.242601e-02
-28.250000 5.390541e-02
-28.000000 5.379857e-02
-27.750000 5.211627e-02
-27.500000 4.901023e-02
-27.250000 4.479973e-02
-27.000000 4.002291e-02
-26.750000 3.551292e-02
-26.500000 3.241978e-02
-26.250000 3.189273e-02
-26.000000 3.429714e-02
-25.750000 3.889175e-02
-25.500000 4.448585e-02
-25.250000 5.004612e-02
-25.000000 5.482720e-02
-24.750000 5.832151e-02
-24.500000 6.020674e-02
-24.250000 6.031991e-02
-24.000000 5.865253e-02
-23.750000 5.536244e-02
-23.500000 5.080545e-02
-23.250000 4.559603e-02
-23.000000 4.069488e-02
-22.750000 3.742576e-02
-22.500000 3.709285e-02
-22.250000 4.009171e-02
-22.000000 4.557756e-02
-21.750000 5.220858e-02
-21.500000 5.881251e-02
-21.250000 6.453214e-02
-21.000000 6.877425e-02
-20.750000 7.115508e-02
-20.500000 7.147505e-02
-20.250000 6.971727e-02
-20.000000 6.606625e-02
-19.750000 6.095075e-02
-19.500000 5.512058e-02
-19.250000 4.974677e-02
-19.000000 4.640899e-02
-18.750000 4.659204e-02
-18.500000 5.067959e-02
-18.250000 5.766938e-02
-18.000000 6.601650e-02
-17.750000 7.434978e-02
-17.500000 8.163569e-02
-17.250000 8.713063e-02
-17.000000 9.032447e-02
-16.750000 9.091297e-02
-16.500000 8.879437e-02
-16.250000 8.408607e-02
-16.000000 7.716659e-02
-15.750000 6.876244e-02
-15.500000 6.011186e-02
-15.250000 5.317543e-02
-15.000000 5.046263e-02
-14.750000 5.358723e-02
-14.500000 6.171726e-02
-14.250000 7.254473e-02
-14.000000 8.393547e-02
-13.750000 9.436131e-02
-13.500000 1.027728e-01
-13.250000 1.084635e-01
-13.000000 1.110077e-01
-12.750000 1.102509e-01
-12.500000 1.063371e-01
-12.250000 9.977292e-02
-12.000000 9.154546e-02
-11.750000 8.329388e-02
-11.500000 7.740576e-02
-11.250000 7.653241e-02
-11.000000 8.210307e-02
-10.750000 9.324559e-02
-10.500000 1.076722e-01
-10.250000 1.230412e-01
-10.000000 1.374699e-01
-9.750000 1.495343e-01
-9.500000 1.581866e-01
-9.250000 1.627112e-01
-9.000000 1.627255e-01
-8.750000 1.582211e-01
-8.500000 1.496506e-01
-8.250000 1.380867e-01
-8.000000 1.254855e-01
-7.750000 1.149912e-01
-7.500000 1.107495e-01
-7.250000 1.161445e-01
-7.000000 1.312953e-01
-6.750000 1.532798e-01
-6.500000 1.784387e-01
-6.250000 2.036631e-01
-6.000000 2.265409e-01
-5.750000 2.452215e-01
-5.500000 2.583281e-01
-5.250000 2.649584e-01
-5.000000 2.647699e-01
-4.750000 2.581618e-01
-4.500000 2.466012e-01
-4.250000 2.331411e-01
-4.000000 2.230068e-01
-3.750000 2.234090e-01
-3.500000 2.410242e-01
-3.250000 2.781341e-01
-3.000000 3.321120e-01
-2.750000 3.982954e-01
-2.500000 4.721597e-01
-2.250000 5.498636e-01
-2.000000 6.281521e-01
-1.750000 7.041930e-01
-1.500000 7.754784e-01
-1.250000 8.397864e-01
-1.000000 8.951801e-01
-0.750000 9.400256e-01
-0.500000 9.730165e-01
-0.250000 9.931988e-01
0.000000 9.999913e-01
0.250000 9.931988e-01
0.500000 9.730165e-01
0.750000 9.400256e-01
1.000000 8.951801e-01
1.250000 8.397864e-01
1.500000 7.754784e-01
1.750000 7.041930e-01
2.000000 6.281521e-01
2.250000 5.498636e-01
2.500000 4.721597e-01
2.750000 3.982954e-01
3.000000 3.321120e-01
3.250000 2.781341e-01
3.500000 2.410242e-01
3.750000 2.234090e-01
4.000000 2.230068e-01
4.250000 2.331411e-01
4.500000 2.466012e-01
4.750000 2.581618e-01
5.000000 2.647699e-01
5.250000 2.649584e-01
5.500000 2.583281e-01
5.750000 2.452215e-01
6.000000 2.265409e-01
6.250000 2.036631e-01
6.500000 1.784387e-01
6.750000 1.532798e-01
7.000000 1.312953e-01
7.250000 1.161445e-01
7.500000 1.107495e-01
7.750000 1.149912e-01
8.000000 1.254855e-01
8.250000 1.380867e-01
8.500000 1.496506e-01
8.750000 1.582211e-01
9.000000 1.627255e-01
9.250000 1.627112e-01
9.500000 1.581866e-01
9.750000 1.495343e-01
10.000000 1.374699e-01
10.250000 1.230412e-01
10.500000 1.076722e-01
10.750000 9.324559e-02
11.000000 8.210307e-02
11.250000 7.653241e-02
11.500000 7.740576e-02
11.750000 8.329388e-02
12.000000 9.154546e-02
12.250000 9.977292e-02
12.500000 1.063371e-01
12.750000 1.102509e-01
13.000000 1.110077e-01
13.250000 1.084635e-01
13.500000 1.027728e-01
13.750000 9.436131e-02
14.000000 8.393547e-02
14.250000 7.254473e-02
14.500000 6.171726e-02
14.750000 5.358723e-02
15.000000 5.046263e-02
15.250000 5.317543e-02
15.500000 6.011186e-02
15.750000 6.876244e-02
16.000000 7.716659e-02
16.250000 8.408607e-02
16.500000 8.879437e-02
16.750000 9.091297e-02
17.000000 9.032447e-02
17.250000 8.713063e-02
17.500000 8.163569e-02
17.750000 7.434978e-02
18.000000 6.601650e-02
18.250000 5.766938e-02
18.500000 5.067959e-02
18.750000 4.659204e-02
19.000000 4.640899e-02
19.250000 4.974677e-02
19.500000 5.512058e-02
19.750000 6.095075e-02
20.000000 6.606625e-02
20.250000 6.971727e-02
20.500000 7.147505e-02
20.750000 7.115508e-02
21.000000 6.877425e-02
21.250000 6.453214e-02
21.500000 5.881251e-02
21.750000 5.220858e-02
22.000000 4.557756e-02
22.250000 4.009171e-02
22.500000 3.709285e-02
22.750000 3.742576e-02
23.000000 4.069488e-02
23.250000 4.559603e-02
23.500000 5.080545e-02
23.750000 5.536244e-02
24.000000 5.865253e-02
24.250000 6.031991e-02
24.500000 6.020674e-02
24.750000 5.832151e-02
25.000000 5.482720e-02
25.250000 5.004612e-02
25.500000 4.448585e-02
25.750000 3.889175e-02
26.000000 3.429714e-02
26.250000 3.189273e-02
26.500000 3.241978e-02
26.750000 3.551292e-02
27.000000 4.002291e-02
27.250000 4.479973e-02
27.500000 4.901023e-02
27.750000 5.211627e-02
28.000000 5.379857e-02
28.250000 5.390541e-02
28.500000 5.242601e-02
28.750000 4.947994e-02
29.000000 4.531951e-02
29.250000 4.034850e-02
29.500000 3.516499e-02
29.750000 3.062024e-02
30.000000 2.778262e-02
30.250000 2.751052e-02
30.500000 2.973938e-02
30.750000 3.351732e-02
31.000000 3.775274e-02
31.250000 4.162871e-02
31.500000 4.461647e-02
31.750000 4.640028e-02
32.000000 4.682285e-02
32.250000 4.585686e-02
32.500000 4.359311e-02
32.750000 4.024098e-02
33.000000 3.614244e-02
33.250000 3.180426e-02
33.500000 2.793952e-02
33.750000 2.543426e-02
34.000000 2.502411e-02
34.250000 2.673585e-02
34.500000 2.984430e-02
34.750000 3.343407e-02
35.000000 3.678081e-02
35.250000 3.940006e-02
35.500000 4.099563e-02
35.750000 4.141482e-02
36.000000 4.062365e-02
36.250000 3.869661e-02
36.500000 3.581760e-02
36.750000 3.229314e-02
37.000000 2.858058e-02
37.250000 2.531958e-02
37.500000 2.328561e-02
37.750000 2.308968e-02
38.000000 2.471899e-02
38.250000 2.753724e-02
38.500000 3.075521e-02
38.750000 3.374127e-02
39.000000 3.606499e-02
39.250000 3.745762e-02
39.500000 3.777613e-02
39.750000 3.698295e-02
40.000000 3.513778e-02
40.250000 3.239926e-02
40.500000 2.903877e-02
40.750000 2.547159e-02
41.000000 2.230077e-02
41.250000 2.029869e-02
41.500000 2.011612e-02
41.750000 2.176386e-02
42.000000 2.459301e-02
42.250000 2.781717e-02
42.500000 3.083020e-02
42.750000 3.322967e-02
43.000000 3.476671e-02
43.250000 3.530787e-02
43.500000 3.481496e-02
43.750000 3.333685e-02
44.000000 3.100975e-02
44.250000 2.806646e-02
44.500000 2.485785e-02
44.750000 2.188337e-02
45.000000 1.978415e-02
45.250000 1.915738e-02
45.500000 2.015398e-02
45.750000 2.233146e-02
46.000000 2.501053e-02
46.250000 2.761085e-02
46.500000 2.972918e-02
46.750000 3.111031e-02
47.000000 3.161247e-02
47.250000 3.118666e-02
47.500000 2.986757e-02
47.750000 2.777309e-02
48.000000 2.511324e-02
48.250000 2.221170e-02
48.500000 1.953722e-02
48.750000 1.769836e-02
49.000000 1.725692e-02
49.250000 1.833208e-02
49.500000 2.048278e-02
49.750000 2.307050e-02
50.000000 2.556451e-02
