-50.000000 1.521327e-03
-49.750000 1.528400e-03
-49.500000 1.534437e-03
-49.250000 1.539406e-03
-49.000000 1.543280e-03
-48.750000 1.546031e-03
-48.500000 1.547633e-03
-48.250000 1.548059e-03
-48.000000 1.547286e-03
-47.750000 1.545288e-03
-47.500000 1.542044e-03
-47.250000 1.537531e-03
-47.000000 1.531729e-03
-46.750000 1.524619e-03
-46.500000 1.516181e-03
-46.250000 1.506400e-03
-46.000000 1.495258e-03
-45.750000 1.482742e-03
-45.500000 1.468837e-03
-45.250000 1.453531e-03
-45.000000 1.436815e-03
-44.750000 1.418677e-03
-44.500000 1.399111e-03
-44.250000 1.378109e-03
-44.000000 1.355666e-03
-43.750000 1.331778e-03
-43.500000 1.306442e-03
-43.250000 1.279658e-03
-43.000000 1.251426e-03
-42.750000 1.221748e-03
-42.500000 1.190627e-03
-42.250000 1.158069e-03
-42.000000 1.124079e-03
-41.750000 1.088667e-03
-41.500000 1.051841e-03
-41.250000 1.013613e-03
-41.000000 9.739957e-04
-40.750000 9.330043e-04
-40.500000 8.906550e-04
-40.250000 8.469662e-04
-40.000000 8.019583e-04
-39.750000 7.556538e-04
-39.500000 7.080777e-04
-39.250000 6.592582e-04
-39.000000 6.092268e-04
-38.750000 5.580199e-04
-38.500000 5.056805e-04
-38.250000 4.522615e-04
-38.000000 3.978321e-04
-37.750000 3.424907e-04
-37.500000 2.863928e-04
-37.250000 2.298229e-04
-37.000000 1.734073e-04
-36.750000 1.189247e-04
-36.500000 7.344487e-05
-36.250000 6.455672e-05
-36.000000 1.038935e-04
-35.750000 1.599639e-04
-35.500000 2.210209e-04
-35.250000 2.843599e-04
-35.000000 3.491153e-04
-34.750000 4.149158e-04
-34.500000 4.815620e-04
-34.250000 5.489264e-04
-34.000000 6.169151e-04
-33.750000 6.854518e-04
-33.500000 7.544697e-04
-33.250000 8.239074e-04
-33.000000 8.937067e-04
-32.750000 9.638117e-04
-32.500000 1.034167e-03
-32.250000 1.104719e-03
-32.000000 1.175414e-03
-31.750000 1.246197e-03
-31.500000 1.317016e-03
-31.250000 1.387817e-03
-31.000000 1.458546e-03
-30.750000 1.529151e-03
-30.500000 1.599577e-03
-30.250000 1.669772e-03
-30.000000 1.739682e-03
-29.750000 1.809255e-03
-29.500000 1.878437e-03
-29.250000 1.947175e-03
-29.000000 2.015417e-03
-28.750000 2.083111e-03
-28.500000 2.150204e-03
-28.250000 2.216645e-03
-28.000000 2.282384e-03
-27.750000 2.347368e-03
-27.500000 2.411548e-03
-27.250000 2.474875e-03
-27.000000 2.537299e-03
-26.750000 2.598771e-03
-26.500000 2.659245e-03
-26.250000 2.718674e-03
-26.000000 2.777010e-03
-25.750000 2.834210e-03
-25.500000 2.890229e-03
-25.250000 2.945022e-03
-25.000000 2.998549e-03
-24.750000 3.050767e-03
-24.500000 3.101637e-03
-24.250000 3.151118e-03
-24.000000 3.199174e-03
-23.750000 3.245767e-03
-23.500000 3.290862e-03
-23.250000 3.334425e-03
-23.000000 3.376422e-03
-22.750000 3.416821e-03
-22.500000 3.455594e-03
-22.250000 3.492711e-03
-22.000000 3.528144e-03
-21.750000 3.561867e-03
-21.500000 3.593858e-03
-21.250000 3.624091e-03
-21.000000 3.652547e-03
-20.750000 3.679206e-03
-20.500000 3.704049e-03
-20.250000 3.727060e-03
-20.000000 3.748224e-03
-19.750000 3.767529e-03
-19.500000 3.784962e-03
-19.250000 3.800515e-03
-19.000000 3.814178e-03
-18.750000 3.825946e-03
-18.500000 3.835814e-03
-18.250000 3.843779e-03
-18.000000 3.849840e-03
-17.750000 3.853998e-03
-17.500000 3.856255e-03
-17.250000 3.856615e-03
-17.000000 3.855084e-03
-16.750000 3.851669e-03
-16.500000 3.846381e-03
-16.250000 3.839230e-03
-16.000000 3.830228e-03
-15.750000 3.819391e-03
-15.500000 3.806734e-03
-15.250000 3.792275e-03
-15.000000 3.776035e-03
-14.750000 3.758033e-03
-14.500000 3.738293e-03
-14.250000 3.716840e-03
-14.000000 3.693698e-03
-13.750000 3.668897e-03
-13.500000 3.642464e-03
-13.250000 3.614431e-03
-13.000000 3.584829e-03
-12.750000 3.553693e-03
-12.500000 3.521056e-03
-12.250000 3.486956e-03
-12.000000 3.451431e-03
-11.750000 3.414518e-03
-11.500000 3.376259e-03
-11.250000 3.336695e-03
-11.000000 3.295869e-03
-10.750000 3.253825e-03
-10.500000 3.210607e-03
-10.250000 3.166263e-03
-10.000000 3.120839e-03
-9.750000 3.074383e-03
-9.500000 3.026945e-03
-9.250000 2.978575e-03
-9.000000 2.929324e-03
-8.750000 2.879243e-03
-8.500000 2.828386e-03
-8.250000 2.776805e-03
-8.000000 2.724556e-03
-7.750000 2.671692e-03
-7.500000 2.618269e-03
-7.250000 2.564343e-03
-7.000000 2.509971e-03
-6.750000 2.455209e-03
-6.500000 2.400116e-03
-6.250000 2.344749e-03
-6.000000 2.289166e-03
-5.750000 2.233427e-03
-5.500000 2.177591e-03
-5.250000 2.121717e-03
-5.000000 2.065865e-03
-4.750000 2.010095e-03
-4.500000 1.954468e-03
-4.250000 1.899044e-03
-4.000000 1.843885e-03
-3.750000 1.789050e-03
-3.500000 1.734603e-03
-3.250000 1.680606e-03
-3.000000 1.627119e-03
-2.750000 1.574207e-03
-2.500000 1.521931e-03
-2.250000 1.470356e-03
-2.000000 1.419546e-03
-1.750000 1.369566e-03
-1.500000 1.320480e-03
-1.250000 1.272355e-03
-1.000000 1.225258e-03
-0.750000 1.179256e-03
-0.500000 1.134417e-03
-0.250000 1.090812e-03
0.000000 1.048511e-03
0.250000 1.007583e-03
0.500000 9.681022e-04
0.750000 9.301391e-04
1.000000 8.937659e-04
1.250000 8.590540e-04
1.500000 8.260734e-04
1.750000 7.948919e-04
2.000000 7.655736e-04
2.250000 7.381781e-04
2.500000 7.127580e-04
2.750000 6.893575e-04
3.000000 6.680104e-04
3.250000 6.487377e-04
3.500000 6.315460e-04
3.750000 6.164259e-04
4.000000 6.033505e-04
4.250000 5.922756e-04
4.500000 5.831396e-04
4.750000 5.758646e-04
5.000000 5.703590e-04
5.250000 5.665194e-04
5.500000 5.642343e-04
5.750000 5.633874e-04
6.000000 5.638611e-04
6.250000 5.655393e-04
6.500000 5.683111e-04
6.750000 5.720724e-04
7.000000 5.767283e-04
7.250000 5.821943e-04
7.500000 5.883972e-04
7.750000 5.952754e-04
8.000000 6.027790e-04
8.250000 6.108696e-04
8.500000 6.195195e-04
8.750000 6.287114e-04
9.000000 6.384372e-04
9.250000 6.486973e-04
9.500000 6.594992e-04
9.750000 6.708568e-04
10.000000 6.827890e-04
10.250000 6.953189e-04
10.500000 7.084726e-04
10.750000 7.222781e-04
11.000000 7.367641e-04
11.250000 7.519597e-04
11.500000 7.678927e-04
11.750000 7.845895e-04
12.000000 8.020742e-04
12.250000 8.203676e-04
12.500000 8.394873e-04
12.750000 8.594471e-04
13.000000 8.802565e-04
13.250000 9.019207e-04
13.500000 9.244404e-04
13.750000 9.478119e-04
14.000000 9.720270e-04
14.250000 9.970732e-04
14.500000 1.022934e-03
14.750000 1.049588e-03
15.000000 1.077012e-03
15.250000 1.105178e-03
15.500000 1.134054e-03
15.750000 1.163606e-03
16.000000 1.193798e-03
16.250000 1.224590e-03
16.500000 1.255941e-03
16.750000 1.287809e-03
17.000000 1.320147e-03
17.250000 1.352910e-03
17.500000 1.386050e-03
17.750000 1.419519e-03
18.000000 1.453267e-03
18.250000 1.487244e-03
18.500000 1.521400e-03
18.750000 1.555684e-03
19.000000 1.590044e-03
19.250000 1.624430e-03
19.500000 1.658789e-03
19.750000 1.693072e-03
20.000000 1.727227e-03
20.250000 1.761203e-03
20.500000 1.794951e-03
20.750000 1.828421e-03
21.000000 1.861563e-03
21.250000 1.894330e-03
21.500000 1.926674e-03
21.750000 1.958547e-03
22.000000 1.989904e-03
22.250000 2.020700e-03
22.500000 2.050890e-03
22.750000 2.080431e-03
23.000000 2.109281e-03
23.250000 2.137400e-03
23.500000 2.164747e-03
23.750000 2.191283e-03
24.000000 2.216973e-03
24.250000 2.241779e-03
24.500000 2.265667e-03
24.750000 2.288604e-03
25.000000 2.310559e-03
25.250000 2.331500e-03
25.500000 2.351399e-03
25.750000 2.370230e-03
26.000000 2.387966e-03
26.250000 2.404585e-03
26.500000 2.420062e-03
26.750000 2.434379e-03
27.000000 2.447516e-03
27.250000 2.459457e-03
27.500000 2.470186e-03
27.750000 2.479690e-03
28.000000 2.487958e-03
28.250000 2.494979e-03
28.500000 2.500748e-03
28.750000 2.505257e-03
29.000000 2.508503e-03
29.250000 2.510486e-03
29.500000 2.511204e-03
29.750000 2.510661e-03
30.000000 2.508862e-03
30.250000 2.505812e-03
30.500000 2.501522e-03
30.750000 2.496002e-03
31.000000 2.489265e-03
31.250000 2.481327e-03
31.500000 2.472206e-03
31.750000 2.461922e-03
32.000000 2.450497e-03
32.250000 2.437956e-03
32.500000 2.424327e-03
32.750000 2.409638e-03
33.000000 2.393923e-03
33.250000 2.377215e-03
33.500000 2.359551e-03
33.750000 2.340972e-03
34.000000 2.321519e-03
34.250000 2.301237e-03
34.500000 2.280173e-03
34.750000 2.258378e-03
35.000000 2.235904e-03
35.250000 2.212808e-03
35.500000 2.189146e-03
35.750000 2.164981e-03
36.000000 2.140375e-03
36.250000 2.115397e-03
36.500000 2.090114e-03
36.750000 2.064600e-03
37.000000 2.038928e-03
37.250000 2.013177e-03
37.500000 1.987425e-03
37.750000 1.961757e-03
38.000000 1.936255e-03
38.250000 1.911006e-03
38.500000 1.886099e-03
38.750000 1.861624e-03
39.000000 1.837670e-03
39.250000 1.814330e-03
39.500000 1.791696e-03
39.750000 1.769857e-03
40.000000 1.748905e-03
40.250000 1.728927e-03
40.500000 1.710009e-03
40.750000 1.692233e-03
41.000000 1.675678e-03
41.250000 1.660415e-03
41.500000 1.646511e-03
41.750000 1.634025e-03
42.000000 1.623009e-03
42.250000 1.613505e-03
42.500000 1.605546e-03
42.750000 1.599155e-03
43.000000 1.594345e-03
43.250000 1.591116e-03
43.500000 1.589460e-03
43.750000 1.589356e-03
44.000000 1.590774e-03
44.250000 1.593672e-03
44.500000 1.598001e-03
44.750000 1.603700e-03
45.000000 1.610703e-03
45.250000 1.618936e-03
45.500000 1.628317e-03
45.750000 1.638763e-03
46.000000 1.650182e-03
46.250000 1.662484e-03
46.500000 1.675572e-03
46.750000 1.689351e-03
47.000000 1.703725e-03
47.250000 1.718597e-03
47.500000 1.733871e-03
47.750000 1.749452e-03
48.000000 1.765249e-03
48.250000 1.781170e-03
48.500000 1.797129e-03
48.750000 1.813039e-03
49.000000 1.828819e-03
49.250000 1.844390e-03
49.500000 1.859675e-03
49.750000 1.874602e-03
50.000000 1.889103e-03
