-50.000000 1.210475e-04
-49.750000 7.391231e-05
-49.500000 6.610217e-05
-49.250000 1.004116e-04
-49.000000 1.407829e-04
-48.750000 1.734969e-04
-48.500000 1.941385e-04
-48.250000 2.010966e-04
-48.000000 1.945176e-04
-47.750000 1.763543e-04
-47.500000 1.510979e-04
-47.250000 1.276569e-04
-47.000000 1.206691e-04
-46.750000 1.402361e-04
-46.500000 1.791380e-04
-46.250000 2.249961e-04
-46.000000 2.696006e-04
-45.750000 3.082352e-04
-45.500000 3.384068e-04
-45.250000 3.593913e-04
-45.000000 3.721442e-04
-44.750000 3.792623e-04
-44.500000 3.847465e-04
-44.250000 3.932921e-04
-44.000000 4.089797e-04
-43.750000 4.337885e-04
-43.500000 4.668554e-04
-43.250000 5.049540e-04
-43.000000 5.436655e-04
-42.750000 5.784638e-04
-42.500000 6.053979e-04
-42.250000 6.214360e-04
-42.000000 6.246106e-04
-41.750000 6.140548e-04
-41.500000 5.899711e-04
-41.250000 5.535485e-04
-41.000000 5.068364e-04
-40.750000 4.525809e-04
-40.500000 3.940303e-04
-40.250000 3.347211e-04
-40.000000 2.782510e-04
-39.750000 2.280469e-04
-39.500000 1.871299e-04
-39.250000 1.578856e-04
-39.000000 1.419026e-04
-38.750000 1.400048e-04
-38.500000 1.524202e-04
-38.250000 1.787447e-04
-38.000000 2.177216e-04
-37.750000 2.672096e-04
-37.500000 3.243609e-04
-37.250000 3.858470e-04
-37.000000 4.480722e-04
-36.750000 5.073785e-04
-36.500000 5.602482e-04
-36.250000 6.035014e-04
-36.000000 6.344805e-04
-35.750000 6.512175e-04
-35.500000 6.525771e-04
-35.250000 6.383767e-04
-35.000000 6.094862e-04
-34.750000 5.679209e-04
-34.500000 5.169468e-04
-34.250000 4.612189e-04
-34.000000 4.069097e-04
-33.750000 3.615245e-04
-33.500000 3.325201e-04
-33.250000 3.239404e-04
-33.000000 3.333108e-04
-32.750000 3.530360e-04
-32.500000 3.748745e-04
-32.250000 3.928724e-04
-32.000000 4.040583e-04
-31.750000 4.082672e-04
-31.500000 4.078059e-04
-31.250000 4.069373e-04
-31.000000 4.108386e-04
-30.750000 4.238420e-04
-30.500000 4.475712e-04
-30.250000 4.802562e-04
-30.000000 5.177104e-04
-29.750000 5.550637e-04
-29.500000 5.882528e-04
-29.250000 6.150079e-04
-29.000000 6.354768e-04
-28.750000 6.525441e-04
-28.500000 6.716476e-04
-28.250000 6.996787e-04
-28.000000 7.427853e-04
-27.750000 8.038204e-04
-27.500000 8.809435e-04
-27.250000 9.681146e-04
-27.000000 1.056716e-03
-26.750000 1.137186e-03
-26.500000 1.200194e-03
-26.250000 1.237409e-03
-26.000000 1.242045e-03
-25.750000 1.209301e-03
-25.500000 1.136784e-03
-25.250000 1.025012e-03
-25.000000 8.782978e-04
-24.750000 7.069768e-04
-24.500000 5.345069e-04
-24.250000 4.183091e-04
-24.000000 4.485317e-04
-23.750000 6.151686e-04
-23.500000 8.352484e-04
-23.250000 1.061445e-03
-23.000000 1.270769e-03
-22.750000 1.449573e-03
-22.500000 1.589121e-03
-22.250000 1.684595e-03
-22.000000 1.735177e-03
-21.750000 1.744519e-03
-21.500000 1.721394e-03
-21.250000 1.680278e-03
-21.000000 1.641246e-03
-20.750000 1.627820e-03
-20.500000 1.661356e-03
-20.250000 1.753304e-03
-20.000000 1.900817e-03
-19.750000 2.089412e-03
-19.500000 2.299402e-03
-19.250000 2.511070e-03
-19.000000 2.707138e-03
-18.750000 2.873499e-03
-18.500000 2.999210e-03
-18.250000 3.076297e-03
-18.000000 3.099531e-03
-17.750000 3.066227e-03
-17.500000 2.976078e-03
-17.250000 2.831019e-03
-17.000000 2.635121e-03
-16.750000 2.394545e-03
-16.500000 2.117546e-03
-16.250000 1.814617e-03
-16.000000 1.498910e-03
-15.750000 1.187356e-03
-15.500000 9.034973e-04
-15.250000 6.831897e-04
-15.000000 5.737719e-04
-14.750000 5.882959e-04
-14.500000 6.679406e-04
-14.250000 7.487073e-04
-14.000000 8.003962e-04
-13.750000 8.208659e-04
-13.500000 8.334646e-04
-13.250000 8.872702e-04
-13.000000 1.037815e-03
-12.750000 1.308362e-03
-12.500000 1.683174e-03
-12.250000 2.131390e-03
-12.000000 2.621211e-03
-11.750000 3.122364e-03
-11.500000 3.605811e-03
-11.250000 4.043728e-03
-11.000000 4.410031e-03
-10.750000 4.681254e-03
-10.500000 4.837592e-03
-10.250000 4.863977e-03
-10.000000 4.751141e-03
-9.750000 4.496654e-03
-9.500000 4.106114e-03
-9.250000 3.595011e-03
-9.000000 2.992888e-03
-8.750000 2.355068e-03
-8.500000 1.797497e-03
-8.250000 1.555714e-03
-8.000000 1.823183e-03
-7.750000 2.431949e-03
-7.500000 3.150180e-03
-7.250000 3.857476e-03
-7.000000 4.491868e-03
-6.750000 5.016139e-03
-6.500000 5.406768e-03
-6.250000 5.650413e-03
-6.000000 5.742685e-03
-5.750000 5.687527e-03
-5.500000 5.496631e-03
-5.250000 5.188663e-03
-5.000000 4.788248e-03
-4.750000 4.324659e-03
-4.500000 3.830171e-03
-4.250000 3.337935e-03
-4.000000 2.879060e-03
-3.750000 2.478528e-03
-3.500000 2.150149e-03
-3.250000 1.892798e-03
-3.000000 1.692358e-03
-2.750000 1.532062e-03
-2.500000 1.407859e-03
-2.250000 1.341060e-03
-2.000000 1.375442e-03
-1.750000 1.545891e-03
-1.500000 1.845923e-03
-1.250000 2.236874e-03
-1.000000 2.673569e-03
-0.750000 3.115719e-03
-0.500000 3.529497e-03
-0.250000 3.887207e-03
0.000000 4.167261e-03
0.250000 4.354535e-03
0.500000 4.440834e-03
0.750000 4.425273e-03
1.000000 4.314479e-03
1.250000 4.122533e-03
1.500000 3.870591e-03
1.750000 3.585955e-03
2.000000 3.300114e-03
2.250000 3.044815e-03
2.500000 2.845387e-03
2.750000 2.712461e-03
3.000000 2.636815e-03
3.250000 2.592276e-03
3.500000 2.545294e-03
3.750000 2.464785e-03
4.000000 2.328108e-03
4.250000 2.123582e-03
4.500000 1.851887e-03
4.750000 1.529546e-03
5.000000 1.201135e-03
5.250000 9.726812e-04
5.500000 1.010162e-03
5.750000 1.329278e-03
6.000000 1.788035e-03
6.250000 2.286336e-03
6.500000 2.773247e-03
6.750000 3.218925e-03
7.000000 3.603519e-03
7.250000 3.913501e-03
7.500000 4.140306e-03
7.750000 4.279658e-03
8.000000 4.331058e-03
8.250000 4.297265e-03
8.500000 4.183747e-03
8.750000 3.998101e-03
9.000000 3.749498e-03
9.250000 3.448174e-03
9.500000 3.105014e-03
9.750000 2.731236e-03
10.000000 2.338212e-03
10.250000 1.937423e-03
10.500000 1.540635e-03
10.750000 1.160542e-03
11.000000 8.129110e-04
11.250000 5.245743e-04
11.500000 3.591514e-04
11.750000 3.863787e-04
12.000000 5.105334e-04
12.250000 6.282552e-04
12.500000 7.059967e-04
12.750000 7.346892e-04
13.000000 7.139574e-04
13.250000 6.484639e-04
13.500000 5.475092e-04
13.750000 4.271229e-04
14.000000 3.184296e-04
14.250000 2.814939e-04
14.500000 3.503122e-04
14.750000 4.703550e-04
15.000000 5.912452e-04
15.250000 6.886831e-04
15.500000 7.497773e-04
15.750000 7.673026e-04
16.000000 7.380982e-04
16.250000 6.625780e-04
16.500000 5.445302e-04
16.750000 3.911847e-04
17.000000 2.154011e-04
17.250000 8.583313e-05
17.500000 2.276845e-04
17.750000 4.202545e-04
18.000000 5.997189e-04
18.250000 7.516721e-04
18.500000 8.666603e-04
18.750000 9.384523e-04
19.000000 9.643361e-04
19.250000 9.457461e-04
19.500000 8.891897e-04
19.750000 8.077774e-04
20.000000 7.235427e-04
20.250000 6.683173e-04
20.500000 6.737701e-04
20.750000 7.474295e-04
21.000000 8.667674e-04
21.250000 1.000663e-03
21.500000 1.124051e-03
21.750000 1.219702e-03
22.000000 1.276766e-03
22.250000 1.289738e-03
22.500000 1.258114e-03
22.750000 1.186569e-03
23.000000 1.085653e-03
23.250000 9.731581e-04
23.500000 8.755106e-04
23.750000 8.250277e-04
24.000000 8.451796e-04
24.250000 9.320177e-04
24.500000 1.058858e-03
24.750000 1.196077e-03
25.000000 1.321067e-03
25.250000 1.418819e-03
25.500000 1.480348e-03
25.750000 1.501408e-03
26.000000 1.481640e-03
26.250000 1.423934e-03
26.500000 1.333851e-03
26.750000 1.219025e-03
27.000000 1.088510e-03
27.250000 9.520369e-04
27.500000 8.191359e-04
27.750000 6.980423e-04
28.000000 5.943360e-04
28.250000 5.096006e-04
28.500000 4.409827e-04
28.750000 3.826645e-04
29.000000 3.290673e-04
29.250000 2.784317e-04
29.500000 2.359432e-04
29.750000 2.149269e-04
30.000000 2.279733e-04
30.250000 2.703930e-04
30.500000 3.253660e-04
30.750000 3.780429e-04
31.000000 4.183400e-04
31.250000 4.396797e-04
31.500000 4.381175e-04
31.750000 4.119812e-04
32.000000 3.616922e-04
32.250000 2.895972e-04
32.500000 1.997604e-04
32.750000 9.787188e-05
33.000000 1.927972e-05
33.250000 1.208106e-04
33.500000 2.206652e-04
33.750000 3.066737e-04
34.000000 3.729798e-04
34.250000 4.151234e-04
34.500000 4.302177e-04
34.750000 4.171623e-04
35.000000 3.768319e-04
35.250000 3.123855e-04
35.500000 2.304256e-04
35.750000 1.474596e-04
36.000000 1.204282e-04
36.250000 1.936318e-04
36.500000 3.008053e-04
36.750000 4.084569e-04
37.000000 5.048643e-04
37.250000 5.834384e-04
37.500000 6.399287e-04
37.750000 6.719111e-04
38.000000 6.786650e-04
38.250000 6.610803e-04
38.500000 6.215093e-04
38.750000 5.635484e-04
39.000000 4.917558e-04
39.250000 4.113285e-04
39.500000 3.277791e-04
39.750000 2.466869e-04
40.000000 1.737243e-04
40.250000 1.155328e-04
40.500000 8.197146e-05
40.750000 8.026539e-05
41.000000 9.769739e-05
41.250000 1.204335e-04
41.500000 1.456601e-04
41.750000 1.745238e-04
42.000000 2.075588e-04
42.250000 2.433823e-04
42.500000 2.790936e-04
42.750000 3.111538e-04
43.000000 3.361288e-04
43.250000 3.511852e-04
43.500000 3.543970e-04
43.750000 3.449202e-04
44.000000 3.230675e-04
44.250000 2.903026e-04
44.500000 2.491809e-04
44.750000 2.032827e-04
45.000000 1.572344e-04
45.250000 1.169484e-04
45.500000 8.959929e-05
45.750000 7.963591e-05
46.000000 8.094074e-05
46.250000 8.225900e-05
46.500000 7.744373e-05
46.750000 6.753440e-05
47.000000 6.348622e-05
47.250000 8.205193e-05
47.500000 1.221648e-04
47.750000 1.729192e-04
48.000000 2.265222e-04
48.250000 2.773473e-04
48.500000 3.208279e-04
48.750000 3.533112e-04
49.000000 3.722547e-04
49.250000 3.765575e-04
49.500000 3.670066e-04
49.750000 3.469011e-04
50.000000 3.228850e-04
