-50.000000 3.696473e-02
-49.750000 3.533365e-02
-49.500000 3.311859e-02
-49.250000 3.036609e-02
-49.000000 2.714158e-02
-48.750000 2.353655e-02
-48.500000 1.968578e-02
-48.250000 1.581185e-02
-48.000000 1.234255e-02
-47.750000 1.014229e-02
-47.500000 1.033326e-02
-47.250000 1.286990e-02
-47.000000 1.664956e-02
-46.750000 2.086966e-02
-46.500000 2.512564e-02
-46.250000 2.919461e-02
-46.000000 3.293110e-02
-45.750000 3.622773e-02
-45.500000 3.900018e-02
-45.250000 4.118127e-02
-45.000000 4.271861e-02
-44.750000 4.357384e-02
-44.500000 4.372259e-02
-44.250000 4.315463e-02
-44.000000 4.187431e-02
-43.750000 3.990107e-02
-43.500000 3.727045e-02
-43.250000 3.403584e-02
-43.000000 3.027229e-02
-42.750000 2.608526e-02
-42.500000 2.163211e-02
-42.250000 1.717933e-02
-42.000000 1.325896e-02
-41.750000 1.097163e-02
-41.500000 1.162213e-02
-41.250000 1.487862e-02
-41.000000 1.938575e-02
-40.750000 2.429165e-02
-40.500000 2.918136e-02
-40.250000 3.382265e-02
-40.000000 3.806003e-02
-39.750000 4.177636e-02
-39.500000 4.487840e-02
-39.250000 4.729125e-02
-39.000000 4.895625e-02
-38.750000 4.983046e-02
-38.500000 4.988668e-02
-38.250000 4.911382e-02
-38.000000 4.751744e-02
-37.750000 4.512047e-02
-37.500000 4.196441e-02
-37.250000 3.811167e-02
-37.000000 3.365051e-02
-36.750000 2.870680e-02
-36.500000 2.347392e-02
-36.250000 1.829703e-02
-36.000000 1.391483e-02
-35.750000 1.188037e-02
-35.500000 1.360818e-02
-35.250000 1.808642e-02
-35.000000 2.369787e-02
-34.750000 2.960867e-02
-34.500000 3.541937e-02
-34.250000 4.089588e-02
-34.000000 4.587365e-02
-33.750000 5.022426e-02
-33.500000 5.384325e-02
-33.250000 5.664549e-02
-33.000000 5.856379e-02
-32.750000 5.954873e-02
-32.500000 5.956905e-02
-32.250000 5.861228e-02
-32.000000 5.668562e-02
-31.750000 5.381702e-02
-31.500000 5.005694e-02
-31.250000 4.548168e-02
-31.000000 4.020016e-02
-30.750000 3.436972e-02
-30.500000 2.823528e-02
-30.250000 2.223507e-02
-30.000000 1.727944e-02
-29.750000 1.513099e-02
-29.500000 1.721945e-02
-29.250000 2.242950e-02
-29.000000 2.899777e-02
-28.750000 3.595411e-02
-28.500000 4.281241e-02
-28.250000 4.928328e-02
-28.000000 5.516286e-02
-27.750000 6.029223e-02
-27.500000 6.454197e-02
-27.250000 6.780632e-02
-27.000000 7.000128e-02
-26.750000 7.106424e-02
-26.500000 7.095452e-02
-26.250000 6.965419e-02
-26.000000 6.716914e-02
-25.750000 6.353057e-02
-25.500000 5.879742e-02
-25.250000 5.306083e-02
-25.000000 4.645382e-02
-24.750000 3.917439e-02
-24.500000 3.154660e-02
-24.250000 2.419883e-02
-24.000000 1.856529e-02
-23.750000 1.735462e-02
-23.500000 2.170984e-02
-23.250000 2.927581e-02
-23.000000 3.801992e-02
-22.750000 4.700036e-02
-22.500000 5.573729e-02
-22.250000 6.392393e-02
-22.000000 7.132931e-02
-21.750000 7.776448e-02
-21.500000 8.307023e-02
-21.250000 8.711294e-02
-21.000000 8.978376e-02
-20.750000 9.099925e-02
-20.500000 9.070262e-02
-20.250000 8.886535e-02
-20.000000 8.548915e-02
-19.750000 8.060853e-02
-19.500000 7.429496e-02
-19.250000 6.666446e-02
-19.000000 5.789425e-02
-18.750000 4.826319e-02
-18.500000 3.826333e-02
-18.250000 2.893925e-02
-18.000000 2.279046e-02
-17.750000 2.371995e-02
-17.500000 3.159496e-02
-17.250000 4.280411e-02
-17.000000 5.516790e-02
-16.750000 6.770582e-02
-16.500000 7.987795e-02
-16.250000 9.130968e-02
-16.000000 1.017014e-01
-15.750000 1.107968e-01
-15.500000 1.183725e-01
-15.250000 1.242344e-01
-15.000000 1.282184e-01
-14.750000 1.301926e-01
-14.500000 1.300595e-01
-14.250000 1.277601e-01
-14.000000 1.232779e-01
-13.750000 1.166451e-01
-13.500000 1.079525e-01
-13.250000 9.736710e-02
-13.000000 8.516926e-02
-12.750000 7.183908e-02
-12.500000 5.827547e-02
-12.250000 4.635970e-02
-12.000000 3.990735e-02
-11.750000 4.321671e-02
-11.500000 5.543843e-02
-11.250000 7.249837e-02
-11.000000 9.165931e-02
-10.750000 1.114950e-01
-10.500000 1.311552e-01
-10.250000 1.500285e-01
-10.000000 1.676125e-01
-9.750000 1.834648e-01
-9.500000 1.971830e-01
-9.250000 2.083989e-01
-9.000000 2.167780e-01
-8.750000 2.220223e-01
-8.500000 2.238751e-01
-8.250000 2.221273e-01
-8.000000 2.166264e-01
-7.750000 2.072892e-01
-7.500000 1.941227e-01
-7.250000 1.772631e-01
-7.000000 1.570563e-01
-6.750000 1.342452e-01
-6.500000 1.104496e-01
-6.250000 8.941319e-02
-6.000000 7.912273e-02
-5.750000 8.871341e-02
-5.500000 1.169703e-01
-5.250000 1.565222e-01
-5.000000 2.025548e-01
-4.750000 2.526689e-01
-4.500000 3.055146e-01
-4.250000 3.601658e-01
-4.000000 4.158775e-01
-3.750000 4.719871e-01
-3.500000 5.278741e-01
-3.250000 5.829435e-01
-3.000000 6.366197e-01
-2.750000 6.883466e-01
-2.500000 7.375898e-01
-2.250000 7.838408e-01
-2.000000 8.266209e-01
-1.750000 8.654865e-01
-1.500000 9.000332e-01
-1.250000 9.299009e-01
-1.000000 9.547773e-01
-0.750000 9.744019e-01
-0.500000 9.885688e-01
-0.250000 9.971289e-01
0.000000 9.999923e-01
0.250000 9.971289e-01
0.500000 9.885688e-01
0.750000 9.744019e-01
1.000000 9.547773e-01
1.250000 9.299009e-01
1.500000 9.000332e-01
1.750000 8.654865e-01
2.000000 8.266209e-01
2.250000 7.838408e-01
2.500000 7.375898e-01
2.750000 6.883466e-01
3.000000 6.366197e-01
3.250000 5.829435e-01
3.500000 5.278741e-01
3.750000 4.719871e-01
4.000000 4.158775e-01
4.250000 3.601658e-01
4.500000 3.055146e-01
4.750000 2.526689e-01
5.000000 2.025548e-01
5.250000 1.565222e-01
5.500000 1.169703e-01
5.750000 8.871341e-02
6.000000 7.912273e-02
6.250000 8.941319e-02
6.500000 1.104496e-01
6.750000 1.342452e-01
7.000000 1.570563e-01
7.250000 1.772631e-01
7.500000 1.941227e-01
7.750000 2.072892e-01
8.000000 2.166264e-01
8.250000 2.221273e-01
8.500000 2.238751e-01
8.750000 2.220223e-01
9.000000 2.167780e-01
9.250000 2.083989e-01
9.500000 1.971830e-01
9.750000 1.834648e-01
10.000000 1.676125e-01
10.250000 1.500285e-01
10.500000 1.311552e-01
10.750000 1.114950e-01
11.000000 9.165931e-02
11.250000 7.249837e-02
11.500000 5.543843e-02
11.750000 4.321671e-02
12.000000 3.990735e-02
12.250000 4.635970e-02
12.500000 5.827547e-02
12.750000 7.183908e-02
13.000000 8.516926e-02
13.250000 9.736710e-02
13.500000 1.079525e-01
13.750000 1.166451e-01
14.000000 1.232779e-01
14.250000 1.277601e-01
14.500000 1.300595e-01
14.750000 1.301926e-01
15.000000 1.282184e-01
15.250000 1.242344e-01
15.500000 1.183725e-01
15.750000 1.107968e-01
16.000000 1.017014e-01
16.250000 9.130968e-02
16.500000 7.987795e-02
16.750000 6.770582e-02
17.000000 5.516790e-02
17.250000 4.280411e-02
17.500000 3.159496e-02
17.750000 2.371995e-02
18.000000 2.279046e-02
18.250000 2.893925e-02
18.500000 3.826333e-02
18.750000 4.826319e-02
19.000000 5.789425e-02
19.250000 6.666446e-02
19.500000 7.429496e-02
19.750000 8.060853e-02
20.000000 8.548915e-02
20.250000 8.886535e-02
20.500000 9.070262e-02
20.750000 9.099925e-02
21.000000 8.978376e-02
21.250000 8.711294e-02
21.500000 8.307023e-02
21.750000 7.776448e-02
22.000000 7.132931e-02
22.250000 6.392393e-02
22.500000 5.573729e-02
22.750000 4.700036e-02
23.000000 3.801992e-02
23.250000 2.927581e-02
23.500000 2.170984e-02
23.750000 1.735462e-02
24.000000 1.856529e-02
24.250000 2.419883e-02
24.500000 3.154660e-02
24.750000 3.917439e-02
25.000000 4.645382e-02
25.250000 5.306083e-02
25.500000 5.879742e-02
25.750000 6.353057e-02
26.000000 6.716914e-02
26.250000 6.965419e-02
26.500000 7.095452e-02
26.750000 7.106424e-02
27.000000 7.000128e-02
27.250000 6.780632e-02
27.500000 6.454197e-02
27.750000 6.029223e-02
28.000000 5.516286e-02
28.250000 4.928328e-02
28.500000 4.281241e-02
28.750000 3.595411e-02
29.000000 2.899777e-02
29.250000 2.242950e-02
29.500000 1.721945e-02
29.750000 1.513099e-02
30.000000 1.727944e-02
30.250000 2.223507e-02
30.500000 2.823528e-02
30.750000 3.436972e-02
31.000000 4.020016e-02
31.250000 4.548168e-02
31.500000 5.005694e-02
31.750000 5.381702e-02
32.000000 5.668562e-02
32.250000 5.861228e-02
32.500000 5.956905e-02
32.750000 5.954873e-02
33.000000 5.856379e-02
33.250000 5.664549e-02
33.500000 5.384325e-02
33.750000 5.022426e-02
34.000000 4.587365e-02
34.250000 4.089588e-02
34.500000 3.541937e-02
34.750000 2.960867e-02
35.000000 2.369787e-02
35.250000 1.808642e-02
35.500000 1.360818e-02
35.750000 1.188037e-02
36.000000 1.391483e-02
36.250000 1.829703e-02
36.500000 2.347392e-02
36.750000 2.870680e-02
37.000000 3.365051e-02
37.250000 3.811167e-02
37.500000 4.196441e-02
37.750000 4.512047e-02
38.000000 4.751744e-02
38.250000 4.911382e-02
38.500000 4.988668e-02
38.750000 4.983046e-02
39.000000 4.895625e-02
39.250000 4.729125e-02
39.500000 4.487840e-02
39.750000 4.177636e-02
40.000000 3.806003e-02
40.250000 3.382265e-02
40.500000 2.918136e-02
40.750000 2.429165e-02
41.000000 1.938575e-02
41.250000 1.487862e-02
41.500000 1.162213e-02
41.750000 1.097163e-02
42.000000 1.325896e-02
42.250000 1.717933e-02
42.500000 2.163211e-02
42.750000 2.608526e-02
43.000000 3.027229e-02
43.250000 3.403584e-02
43.500000 3.727045e-02
43.750000 3.990107e-02
44.000000 4.187431e-02
44.250000 4.315463e-02
44.500000 4.372259e-02
44.750000 4.357384e-02
45.000000 4.271861e-02
45.250000 4.118127e-02
45.500000 3.900018e-02
45.750000 3.622773e-02
46.000000 3.293110e-02
46.250000 2.919461e-02
46.500000 2.512564e-02
46.750000 2.086966e-02
47.000000 1.664956e-02
47.250000 1.286990e-02
47.500000 1.033326e-02
47.750000 1.014229e-02
48.000000 1.234255e-02
48.250000 1.581185e-02
48.500000 1.968578e-02
48.750000 2.353655e-02
49.000000 2.714158e-02
49.250000 3.036609e-02
49.500000 3.311859e-02
49.750000 3.533365e-02
50.000000 3.696473e-02
