-50.000000 2.321816e-03
-49.750000 2.561401e-03
-49.500000 2.813236e-03
-49.250000 3.069057e-03
-49.000000 3.322478e-03
-48.750000 3.568468e-03
-48.500000 3.802962e-03
-48.250000 4.022597e-03
-48.000000 4.224538e-03
-47.750000 4.406366e-03
-47.500000 4.566002e-03
-47.250000 4.701658e-03
-47.000000 4.811813e-03
-46.750000 4.895186e-03
-46.500000 4.950731e-03
-46.250000 4.977631e-03
-46.000000 4.975295e-03
-45.750000 4.943359e-03
-45.500000 4.881695e-03
-45.250000 4.790414e-03
-45.000000 4.669882e-03
-44.750000 4.520734e-03
-44.500000 4.343900e-03
-44.250000 4.140647e-03
-44.000000 3.912632e-03
-43.750000 3.662002e-03
-43.500000 3.391539e-03
-43.250000 3.104922e-03
-43.000000 2.807151e-03
-42.750000 2.505307e-03
-42.500000 2.209851e-03
-42.250000 1.936767e-03
-42.000000 1.710344e-03
-41.750000 1.564035e-03
-41.500000 1.532034e-03
-41.250000 1.628951e-03
-41.000000 1.839025e-03
-40.750000 2.130757e-03
-40.500000 2.474959e-03
-40.250000 2.850519e-03
-40.000000 3.243107e-03
-39.750000 3.642796e-03
-39.500000 4.042331e-03
-39.250000 4.436085e-03
-39.000000 4.819452e-03
-38.750000 5.188503e-03
-38.500000 5.539783e-03
-38.250000 5.870200e-03
-38.000000 6.176951e-03
-37.750000 6.457487e-03
-37.500000 6.709494e-03
-37.250000 6.930882e-03
-37.000000 7.119784e-03
-36.750000 7.274562e-03
-36.500000 7.393809e-03
-36.250000 7.476365e-03
-36.000000 7.521320e-03
-35.750000 7.528036e-03
-35.500000 7.496155e-03
-35.250000 7.425621e-03
-35.000000 7.316701e-03
-34.750000 7.170015e-03
-34.500000 6.986563e-03
-34.250000 6.767782e-03
-34.000000 6.515602e-03
-33.750000 6.232536e-03
-33.500000 5.921809e-03
-33.250000 5.587540e-03
-33.000000 5.235006e-03
-32.750000 4.871039e-03
-32.500000 4.504577e-03
-32.250000 4.147428e-03
-32.000000 3.815167e-03
-31.750000 3.527866e-03
-31.500000 3.309728e-03
-31.250000 3.186117e-03
-31.000000 3.177061e-03
-30.750000 3.289782e-03
-30.500000 3.516026e-03
-30.250000 3.836550e-03
-30.000000 4.228462e-03
-29.750000 4.670401e-03
-29.500000 5.144519e-03
-29.250000 5.636504e-03
-29.000000 6.134920e-03
-28.750000 6.630479e-03
-28.500000 7.115457e-03
-28.250000 7.583275e-03
-28.000000 8.028199e-03
-27.750000 8.445157e-03
-27.500000 8.829603e-03
-27.250000 9.177438e-03
-27.000000 9.484960e-03
-26.750000 9.748833e-03
-26.500000 9.966070e-03
-26.250000 1.013403e-02
-26.000000 1.025042e-02
-25.750000 1.031332e-02
-25.500000 1.032114e-02
-25.250000 1.027273e-02
-25.000000 1.016732e-02
-24.750000 1.000461e-02
-24.500000 9.784769e-03
-24.250000 9.508518e-03
-24.000000 9.177195e-03
-23.750000 8.792862e-03
-23.500000 8.358467e-03
-23.250000 7.878075e-03
-23.000000 7.357245e-03
-22.750000 6.803612e-03
-22.500000 6.227838e-03
-22.250000 5.645152e-03
-22.000000 5.077784e-03
-21.750000 4.558459e-03
-21.500000 4.133976e-03
-21.250000 3.864409e-03
-21.000000 3.809034e-03
-20.750000 3.998156e-03
-20.500000 4.415988e-03
-20.250000 5.015601e-03
-20.000000 5.745434e-03
-19.750000 6.563226e-03
-19.500000 7.437727e-03
-19.250000 8.346110e-03
-19.000000 9.271166e-03
-18.750000 1.019929e-02
-18.500000 1.111916e-02
-18.250000 1.202099e-02
-18.000000 1.289596e-02
-17.750000 1.373600e-02
-17.500000 1.453354e-02
-17.250000 1.528142e-02
-17.000000 1.597286e-02
-16.750000 1.660139e-02
-16.500000 1.716084e-02
-16.250000 1.764537e-02
-16.000000 1.804945e-02
-15.750000 1.836792e-02
-15.500000 1.859597e-02
-15.250000 1.872923e-02
-15.000000 1.876376e-02
-14.750000 1.869613e-02
-14.500000 1.852351e-02
-14.250000 1.824371e-02
-14.000000 1.785529e-02
-13.750000 1.735775e-02
-13.500000 1.675171e-02
-13.250000 1.603924e-02
-13.000000 1.522432e-02
-12.750000 1.431358e-02
-12.500000 1.331753e-02
-12.250000 1.225255e-02
-12.000000 1.114433e-02
-11.750000 1.003368e-02
-11.500000 8.986010e-03
-11.250000 8.103951e-03
-11.000000 7.534223e-03
-10.750000 7.441286e-03
-10.500000 7.929336e-03
-10.250000 8.980510e-03
-10.000000 1.049112e-02
-9.750000 1.234692e-02
-9.500000 1.445935e-02
-9.250000 1.676725e-02
-9.000000 1.922891e-02
-8.750000 2.181485e-02
-8.500000 2.450302e-02
-8.250000 2.727589e-02
-8.000000 3.011871e-02
-7.750000 3.301846e-02
-7.500000 3.596323e-02
-7.250000 3.894178e-02
-7.000000 4.194336e-02
-6.750000 4.495750e-02
-6.500000 4.797398e-02
-6.250000 5.098270e-02
-6.000000 5.397374e-02
-5.750000 5.693726e-02
-5.500000 5.986360e-02
-5.250000 6.274319e-02
-5.000000 6.556666e-02
-4.750000 6.832481e-02
-4.500000 7.100862e-02
-4.250000 7.360933e-02
-4.000000 7.611844e-02
-3.750000 7.852770e-02
-3.500000 8.082922e-02
-3.250000 8.301541e-02
-3.000000 8.507909e-02
-2.750000 8.701344e-02
-2.500000 8.881209e-02
-2.250000 9.046908e-02
-2.000000 9.197894e-02
-1.750000 9.333669e-02
-1.500000 9.453785e-02
-1.250000 9.557846e-02
-1.000000 9.645510e-02
-0.750000 9.716490e-02
-0.500000 9.770557e-02
-0.250000 9.807537e-02
0.000000 9.827315e-02
0.250000 9.829834e-02
0.500000 9.815095e-02
0.750000 9.783159e-02
1.000000 9.734145e-02
1.250000 9.668227e-02
1.500000 9.585640e-02
1.750000 9.486672e-02
2.000000 9.371668e-02
2.250000 9.241024e-02
2.500000 9.095192e-02
2.750000 8.934671e-02
3.000000 8.760009e-02
3.250000 8.571800e-02
3.500000 8.370684e-02
3.750000 8.157339e-02
4.000000 7.932485e-02
4.250000 7.696876e-02
4.500000 7.451301e-02
4.750000 7.196579e-02
5.000000 6.933556e-02
5.250000 6.663105e-02
5.500000 6.386118e-02
5.750000 6.103508e-02
6.000000 5.816205e-02
6.250000 5.525153e-02
6.500000 5.231307e-02
6.750000 4.935633e-02
7.000000 4.639106e-02
7.250000 4.342711e-02
7.500000 4.047442e-02
7.750000 3.754307e-02
8.000000 3.464332e-02
8.250000 3.178570e-02
8.500000 2.898119e-02
8.750000 2.624140e-02
9.000000 2.357902e-02
9.250000 2.100836e-02
9.500000 1.854638e-02
9.750000 1.621418e-02
10.000000 1.403959e-02
10.250000 1.206100e-02
10.500000 1.033274e-02
10.750000 8.929765e-03
11.000000 7.943234e-03
11.250000 7.450774e-03
11.500000 7.462315e-03
11.750000 7.894301e-03
12.000000 8.611686e-03
12.250000 9.487214e-03
12.500000 1.042696e-02
12.750000 1.136859e-02
13.000000 1.227213e-02
13.250000 1.311208e-02
13.500000 1.387209e-02
13.750000 1.454172e-02
14.000000 1.511446e-02
14.250000 1.558653e-02
14.500000 1.595611e-02
14.750000 1.622284e-02
15.000000 1.638751e-02
15.250000 1.645183e-02
15.500000 1.641827e-02
15.750000 1.628994e-02
16.000000 1.607050e-02
16.250000 1.576412e-02
16.500000 1.537537e-02
16.750000 1.490924e-02
17.000000 1.437104e-02
17.250000 1.376644e-02
17.500000 1.310138e-02
17.750000 1.238215e-02
18.000000 1.161533e-02
18.250000 1.080788e-02
18.500000 9.967220e-03
18.750000 9.101346e-03
19.000000 8.219137e-03
19.250000 7.330813e-03
19.500000 6.448788e-03
19.750000 5.589203e-03
20.000000 4.774726e-03
20.250000 4.039448e-03
20.500000 3.435843e-03
20.750000 3.037564e-03
21.000000 2.916706e-03
21.250000 3.087713e-03
21.500000 3.487458e-03
21.750000 4.027349e-03
22.000000 4.637867e-03
22.250000 5.274461e-03
22.500000 5.909702e-03
22.750000 6.526238e-03
23.000000 7.112550e-03
23.250000 7.660619e-03
23.500000 8.164644e-03
23.750000 8.620332e-03
24.000000 9.024474e-03
24.250000 9.374700e-03
24.500000 9.669320e-03
24.750000 9.907225e-03
25.000000 1.008781e-02
25.250000 1.021095e-02
25.500000 1.027692e-02
25.750000 1.028641e-02
26.000000 1.024049e-02
26.250000 1.014058e-02
26.500000 9.988447e-03
26.750000 9.786191e-03
27.000000 9.536232e-03
27.250000 9.241311e-03
27.500000 8.904483e-03
27.750000 8.529130e-03
28.000000 8.118977e-03
28.250000 7.678129e-03
28.500000 7.211123e-03
28.750000 6.723028e-03
29.000000 6.219590e-03
29.250000 5.707472e-03
29.500000 5.194612e-03
29.750000 4.690782e-03
30.000000 4.208402e-03
30.250000 3.763610e-03
30.500000 3.377320e-03
30.750000 3.075195e-03
31.000000 2.884305e-03
31.250000 2.824564e-03
31.500000 2.898469e-03
31.750000 3.088638e-03
32.000000 3.366175e-03
32.250000 3.701400e-03
32.500000 4.069639e-03
32.750000 4.452245e-03
33.000000 4.835575e-03
33.250000 5.209650e-03
33.500000 5.567067e-03
33.750000 5.902230e-03
34.000000 6.210850e-03
34.250000 6.489604e-03
34.500000 6.735923e-03
34.750000 6.947842e-03
35.000000 7.123904e-03
35.250000 7.263087e-03
35.500000 7.364765e-03
35.750000 7.428665e-03
36.000000 7.454844e-03
36.250000 7.443669e-03
36.500000 7.395803e-03
36.750000 7.312191e-03
37.000000 7.194050e-03
37.250000 7.042868e-03
37.500000 6.860392e-03
37.750000 6.648636e-03
38.000000 6.409880e-03
38.250000 6.146689e-03
38.500000 5.861923e-03
38.750000 5.558781e-03
39.000000 5.240845e-03
39.250000 4.912156e-03
39.500000 4.577326e-03
39.750000 4.241686e-03
40.000000 3.911492e-03
40.250000 3.594168e-03
40.500000 3.298565e-03
40.750000 3.035092e-03
41.000000 2.815458e-03
41.250000 2.651598e-03
41.500000 2.553473e-03
41.750000 2.526153e-03
42.000000 2.567691e-03
42.250000 2.669399e-03
42.500000 2.818389e-03
42.750000 3.000690e-03
43.000000 3.203410e-03
43.250000 3.415672e-03
43.500000 3.628706e-03
43.750000 3.835581e-03
44.000000 4.030851e-03
44.250000 4.210229e-03
44.500000 4.370342e-03
44.750000 4.508532e-03
45.000000 4.622725e-03
45.250000 4.711331e-03
45.500000 4.773170e-03
45.750000 4.807423e-03
46.000000 4.813596e-03
46.250000 4.791486e-03
46.500000 4.741169e-03
46.750000 4.662980e-03
47.000000 4.557504e-03
47.250000 4.425571e-03
47.500000 4.268259e-03
47.750000 4.086896e-03
48.000000 3.883081e-03
48.250000 3.658713e-03
48.500000 3.416045e-03
48.750000 3.157783e-03
49.000000 2.887236e-03
49.250000 2.608596e-03
49.500000 2.327407e-03
49.750000 2.051382e-03
50.000000 1.791769e-03
