-50.000000 1.222947e-03
-49.750000 1.317017e-03
-49.500000 1.477180e-03
-49.250000 1.680051e-03
-49.000000 1.906134e-03
-48.750000 2.141324e-03
-48.500000 2.375661e-03
-48.250000 2.601917e-03
-48.000000 2.814620e-03
-47.750000 3.009456e-03
-47.500000 3.182921e-03
-47.250000 3.332121e-03
-47.000000 3.454651e-03
-46.750000 3.548536e-03
-46.500000 3.612186e-03
-46.250000 3.644385e-03
-46.000000 3.644277e-03
-45.750000 3.611369e-03
-45.500000 3.545535e-03
-45.250000 3.447033e-03
-45.000000 3.316519e-03
-44.750000 3.155085e-03
-44.500000 2.964318e-03
-44.250000 2.746392e-03
-44.000000 2.504251e-03
-43.750000 2.241943e-03
-43.500000 1.965286e-03
-43.250000 1.683247e-03
-43.000000 1.410868e-03
-42.750000 1.175109e-03
-42.500000 1.022184e-03
-42.250000 1.007530e-03
-42.000000 1.146710e-03
-41.750000 1.398999e-03
-41.500000 1.715662e-03
-41.250000 2.064895e-03
-41.000000 2.428241e-03
-40.750000 2.794300e-03
-40.500000 3.155225e-03
-40.250000 3.505043e-03
-40.000000 3.838856e-03
-39.750000 4.152458e-03
-39.500000 4.442136e-03
-39.250000 4.704578e-03
-39.000000 4.936827e-03
-38.750000 5.136261e-03
-38.500000 5.300593e-03
-38.250000 5.427878e-03
-38.000000 5.516518e-03
-37.750000 5.565283e-03
-37.500000 5.573320e-03
-37.250000 5.540168e-03
-37.000000 5.465781e-03
-36.750000 5.350542e-03
-36.500000 5.195288e-03
-36.250000 5.001342e-03
-36.000000 4.770554e-03
-35.750000 4.505369e-03
-35.500000 4.208933e-03
-35.250000 3.885263e-03
-35.000000 3.539548e-03
-34.750000 3.178667e-03
-34.500000 2.812130e-03
-34.250000 2.453746e-03
-34.000000 2.124446e-03
-33.750000 1.855955e-03
-33.500000 1.691175e-03
-33.250000 1.670109e-03
-33.000000 1.801230e-03
-32.750000 2.054225e-03
-32.500000 2.385699e-03
-32.250000 2.760045e-03
-32.000000 3.152809e-03
-31.750000 3.547540e-03
-31.500000 3.932666e-03
-31.250000 4.299539e-03
-31.000000 4.641328e-03
-30.750000 4.952412e-03
-30.500000 5.228046e-03
-30.250000 5.464175e-03
-30.000000 5.657336e-03
-29.750000 5.804603e-03
-29.500000 5.903561e-03
-29.250000 5.952299e-03
-29.000000 5.949405e-03
-28.750000 5.893981e-03
-28.500000 5.785642e-03
-28.250000 5.624538e-03
-28.000000 5.411366e-03
-27.750000 5.147397e-03
-27.500000 4.834515e-03
-27.250000 4.475286e-03
-27.000000 4.073073e-03
-26.750000 3.632280e-03
-26.500000 3.158845e-03
-26.250000 2.661378e-03
-26.000000 2.154007e-03
-25.750000 1.664350e-03
-25.500000 1.256718e-03
-25.250000 1.073668e-03
-25.000000 1.245538e-03
-24.750000 1.675968e-03
-24.500000 2.220215e-03
-24.250000 2.808184e-03
-24.000000 3.408849e-03
-23.750000 4.005448e-03
-23.500000 4.586778e-03
-23.250000 5.144113e-03
-23.000000 5.670010e-03
-22.750000 6.157805e-03
-22.500000 6.601398e-03
-22.250000 6.995166e-03
-22.000000 7.333930e-03
-21.750000 7.612960e-03
-21.500000 7.827993e-03
-21.250000 7.975261e-03
-21.000000 8.051516e-03
-20.750000 8.054065e-03
-20.500000 7.980798e-03
-20.250000 7.830216e-03
-20.000000 7.601456e-03
-19.750000 7.294314e-03
-19.500000 6.909264e-03
-19.250000 6.447476e-03
-19.000000 5.910829e-03
-18.750000 5.301936e-03
-18.500000 4.624171e-03
-18.250000 3.881744e-03
-18.000000 3.079908e-03
-17.750000 2.225720e-03
-17.500000 1.332107e-03
-17.250000 4.734932e-04
-17.000000 7.358716e-04
-16.750000 1.707745e-03
-16.500000 2.734987e-03
-16.250000 3.781107e-03
-16.000000 4.832800e-03
-15.750000 5.879476e-03
-15.500000 6.911038e-03
-15.250000 7.917433e-03
-15.000000 8.888560e-03
-14.750000 9.814277e-03
-14.500000 1.068444e-02
-14.250000 1.148897e-02
-14.000000 1.221792e-02
-13.750000 1.286151e-02
-13.500000 1.341025e-02
-13.250000 1.385500e-02
-13.000000 1.418703e-02
-12.750000 1.439810e-02
-12.500000 1.448058e-02
-12.250000 1.442749e-02
-12.000000 1.423263e-02
-11.750000 1.389072e-02
-11.500000 1.339748e-02
-11.250000 1.274995e-02
-11.000000 1.194675e-02
-10.750000 1.098871e-02
-10.500000 9.880005e-03
-10.250000 8.630596e-03
-10.000000 7.262048e-03
-9.750000 5.823471e-03
-9.500000 4.441077e-03
-9.250000 3.466399e-03
-9.000000 3.570407e-03
-8.750000 4.894018e-03
-8.500000 6.906365e-03
-8.250000 9.276640e-03
-8.000000 1.187641e-02
-7.750000 1.464955e-02
-7.500000 1.756507e-02
-7.250000 2.060167e-02
-7.000000 2.374203e-02
-6.750000 2.697056e-02
-6.500000 3.027231e-02
-6.250000 3.363251e-02
-6.000000 3.703636e-02
-5.750000 4.046888e-02
-5.500000 4.391496e-02
-5.250000 4.735932e-02
-5.000000 5.078658e-02
-4.750000 5.418132e-02
-4.500000 5.752813e-02
-4.250000 6.081170e-02
-4.000000 6.401688e-02
-3.750000 6.712878e-02
-3.500000 7.013286e-02
-3.250000 7.301496e-02
-3.000000 7.576144e-02
-2.750000 7.835923e-02
-2.500000 8.079587e-02
-2.250000 8.305968e-02
-2.000000 8.513972e-02
-1.750000 8.702591e-02
-1.500000 8.870909e-02
-1.250000 9.018107e-02
-1.000000 9.143465e-02
-0.750000 9.246370e-02
-0.500000 9.326320e-02
-0.250000 9.382922e-02
0.000000 9.415899e-02
0.250000 9.425091e-02
0.500000 9.410454e-02
0.750000 9.372062e-02
1.000000 9.310108e-02
1.250000 9.224897e-02
1.500000 9.116852e-02
1.750000 8.986506e-02
2.000000 8.834499e-02
2.250000 8.661579e-02
2.500000 8.468592e-02
2.750000 8.256481e-02
3.000000 8.026277e-02
3.250000 7.779096e-02
3.500000 7.516132e-02
3.750000 7.238647e-02
4.000000 6.947970e-02
4.250000 6.645483e-02
4.500000 6.332617e-02
4.750000 6.010844e-02
5.000000 5.681666e-02
5.250000 5.346611e-02
5.500000 5.007226e-02
5.750000 4.665064e-02
6.000000 4.321682e-02
6.250000 3.978638e-02
6.500000 3.637478e-02
6.750000 3.299744e-02
7.000000 2.966971e-02
7.250000 2.640696e-02
7.500000 2.322482e-02
7.750000 2.013955e-02
8.000000 1.716888e-02
8.250000 1.433372e-02
8.500000 1.166173e-02
8.750000 9.195692e-03
9.000000 7.013840e-03
9.250000 5.278377e-03
9.500000 4.300551e-03
9.750000 4.362996e-03
10.000000 5.241654e-03
10.250000 6.472152e-03
10.500000 7.776343e-03
10.750000 9.031224e-03
11.000000 1.018189e-02
11.250000 1.120213e-02
11.500000 1.207903e-02
11.750000 1.280661e-02
12.000000 1.338296e-02
12.250000 1.380882e-02
12.500000 1.408686e-02
12.750000 1.422120e-02
13.000000 1.421715e-02
13.250000 1.408104e-02
13.500000 1.382006e-02
13.750000 1.344219e-02
14.000000 1.295606e-02
14.250000 1.237096e-02
14.500000 1.169675e-02
14.750000 1.094387e-02
15.000000 1.012338e-02
15.250000 9.247061e-03
15.500000 8.327659e-03
15.750000 7.379376e-03
16.000000 6.418853e-03
16.250000 5.467143e-03
16.500000 4.553805e-03
16.750000 3.725306e-03
17.000000 3.059779e-03
17.250000 2.675903e-03
17.500000 2.677407e-03
17.750000 3.035758e-03
18.000000 3.615893e-03
18.250000 4.297773e-03
18.500000 5.009504e-03
18.750000 5.710984e-03
19.000000 6.378739e-03
19.250000 6.997974e-03
19.500000 7.558754e-03
19.750000 8.054128e-03
20.000000 8.479170e-03
20.250000 8.830460e-03
20.500000 9.105776e-03
20.750000 9.303916e-03
21.000000 9.424576e-03
21.250000 9.468259e-03
21.500000 9.436212e-03
21.750000 9.330372e-03
22.000000 9.153313e-03
22.250000 8.908203e-03
22.500000 8.598763e-03
22.750000 8.229228e-03
23.000000 7.804308e-03
23.250000 7.329168e-03
23.500000 6.809401e-03
23.750000 6.251043e-03
24.000000 5.660606e-03
24.250000 5.045199e-03
24.500000 4.412780e-03
24.750000 3.772723e-03
25.000000 3.137085e-03
25.250000 2.523616e-03
25.500000 1.963309e-03
25.750000 1.518297e-03
26.000000 1.301894e-03
26.250000 1.403076e-03
26.500000 1.744992e-03
26.750000 2.195540e-03
27.000000 2.678297e-03
27.250000 3.157388e-03
27.500000 3.614612e-03
27.750000 4.039433e-03
28.000000 4.425033e-03
28.250000 4.766669e-03
28.500000 5.060923e-03
28.750000 5.305342e-03
29.000000 5.498244e-03
29.250000 5.638609e-03
29.500000 5.726014e-03
29.750000 5.760588e-03
30.000000 5.742975e-03
30.250000 5.674310e-03
30.500000 5.556195e-03
30.750000 5.390676e-03
31.000000 5.180222e-03
31.250000 4.927714e-03
31.500000 4.636432e-03
31.750000 4.310064e-03
32.000000 3.952730e-03
32.250000 3.569058e-03
32.500000 3.164344e-03
32.750000 2.744907e-03
33.000000 2.318873e-03
33.250000 1.897993e-03
33.500000 1.502142e-03
33.750000 1.170244e-03
34.000000 9.772012e-04
34.250000 1.004769e-03
34.500000 1.230497e-03
34.750000 1.560276e-03
35.000000 1.929552e-03
35.250000 2.306865e-03
35.500000 2.676250e-03
35.750000 3.028440e-03
36.000000 3.357330e-03
36.250000 3.658524e-03
36.500000 3.928686e-03
36.750000 4.165235e-03
37.000000 4.366187e-03
37.250000 4.530075e-03
37.500000 4.655901e-03
37.750000 4.743105e-03
38.000000 4.791556e-03
38.250000 4.801530e-03
38.500000 4.773709e-03
38.750000 4.709170e-03
39.000000 4.609382e-03
39.250000 4.476208e-03
39.500000 4.311907e-03
39.750000 4.119151e-03
40.000000 3.901050e-03
40.250000 3.661210e-03
40.500000 3.403815e-03
40.750000 3.133776e-03
41.000000 2.856965e-03
41.250000 2.580585e-03
41.500000 2.313706e-03
41.750000 2.067961e-03
42.000000 1.858100e-03
42.250000 1.701466e-03
42.500000 1.614707e-03
42.750000 1.607158e-03
43.000000 1.675163e-03
43.250000 1.803474e-03
43.500000 1.972349e-03
43.750000 2.163604e-03
44.000000 2.362870e-03
44.250000 2.559449e-03
44.500000 2.745479e-03
44.750000 2.915135e-03
45.000000 3.064047e-03
45.250000 3.188915e-03
45.500000 3.287260e-03
45.750000 3.357262e-03
46.000000 3.397657e-03
46.250000 3.407668e-03
46.500000 3.386959e-03
46.750000 3.335601e-03
47.000000 3.254056e-03
47.250000 3.143161e-03
47.500000 3.004127e-03
47.750000 2.838552e-03
48.000000 2.648446e-03
48.250000 2.436304e-03
48.500000 2.205230e-03
48.750000 1.959206e-03
49.000000 1.703626e-03
49.250000 1.446422e-03
49.500000 1.200509e-03
49.750000 9.887124e-04
50.000000 8.501316e-04
