-50.000000 1.018079e-03
-49.750000 1.000702e-03
-49.500000 9.831273e-04
-49.250000 9.653929e-04
-49.000000 9.475419e-04
-48.750000 9.296216e-04
-48.500000 9.116840e-04
-48.250000 8.937863e-04
-48.000000 8.759914e-04
-47.750000 8.583681e-04
-47.500000 8.409918e-04
-47.250000 8.239448e-04
-47.000000 8.073163e-04
-46.750000 7.912031e-04
-46.500000 7.757093e-04
-46.250000 7.609464e-04
-46.000000 7.470327e-04
-45.750000 7.340926e-04
-45.500000 7.222558e-04
-45.250000 7.116549e-04
-45.000000 7.024242e-04
-44.750000 6.946965e-04
-44.500000 6.886004e-04
-44.250000 6.842565e-04
-44.000000 6.817745e-04
-43.750000 6.812494e-04
-43.500000 6.827581e-04
-43.250000 6.863577e-04
-43.000000 6.920832e-04
-42.750000 6.999469e-04
-42.500000 7.099391e-04
-42.250000 7.220293e-04
-42.000000 7.361681e-04
-41.750000 7.522901e-04
-41.500000 7.703169e-04
-41.250000 7.901601e-04
-41.000000 8.117245e-04
-40.750000 8.349107e-04
-40.500000 8.596173e-04
-40.250000 8.857430e-04
-40.000000 9.131881e-04
-39.750000 9.418554e-04
-39.500000 9.716514e-04
-39.250000 1.002487e-03
-39.000000 1.034276e-03
-38.750000 1.066938e-03
-38.500000 1.100396e-03
-38.250000 1.134579e-03
-38.000000 1.169418e-03
-37.750000 1.204848e-03
-37.500000 1.240810e-03
-37.250000 1.277244e-03
-37.000000 1.314098e-03
-36.750000 1.351320e-03
-36.500000 1.388859e-03
-36.250000 1.426671e-03
-36.000000 1.464709e-03
-35.750000 1.502932e-03
-35.500000 1.541299e-03
-35.250000 1.579770e-03
-35.000000 1.618308e-03
-34.750000 1.656876e-03
-34.500000 1.695438e-03
-34.250000 1.733962e-03
-34.000000 1.772412e-03
-33.750000 1.810758e-03
-33.500000 1.848968e-03
-33.250000 1.887011e-03
-33.000000 1.924858e-03
-32.750000 1.962478e-03
-32.500000 1.999844e-03
-32.250000 2.036928e-03
-32.000000 2.073702e-03
-31.750000 2.110139e-03
-31.500000 2.146212e-03
-31.250000 2.181897e-03
-31.000000 2.217167e-03
-30.750000 2.251997e-03
-30.500000 2.286363e-03
-30.250000 2.320240e-03
-30.000000 2.353606e-03
-29.750000 2.386435e-03
-29.500000 2.418706e-03
-29.250000 2.450395e-03
-29.000000 2.481481e-03
-28.750000 2.511941e-03
-28.500000 2.541754e-03
-28.250000 2.570899e-03
-28.000000 2.599356e-03
-27.750000 2.627104e-03
-27.500000 2.654122e-03
-27.250000 2.680392e-03
-27.000000 2.705894e-03
-26.750000 2.730610e-03
-26.500000 2.754521e-03
-26.250000 2.777610e-03
-26.000000 2.799858e-03
-25.750000 2.821248e-03
-25.500000 2.841765e-03
-25.250000 2.861392e-03
-25.000000 2.880112e-03
-24.750000 2.897911e-03
-24.500000 2.914773e-03
-24.250000 2.930685e-03
-24.000000 2.945631e-03
-23.750000 2.959600e-03
-23.500000 2.972577e-03
-23.250000 2.984550e-03
-23.000000 2.995508e-03
-22.750000 3.005438e-03
-22.500000 3.014329e-03
-22.250000 3.022171e-03
-22.000000 3.028954e-03
-21.750000 3.034669e-03
-21.500000 3.039306e-03
-21.250000 3.042857e-03
-21.000000 3.045315e-03
-20.750000 3.046672e-03
-20.500000 3.046921e-03
-20.250000 3.046056e-03
-20.000000 3.044071e-03
-19.750000 3.040963e-03
-19.500000 3.036725e-03
-19.250000 3.031356e-03
-19.000000 3.024850e-03
-18.750000 3.017206e-03
-18.500000 3.008422e-03
-18.250000 2.998496e-03
-18.000000 2.987429e-03
-17.750000 2.975219e-03
-17.500000 2.961867e-03
-17.250000 2.947376e-03
-17.000000 2.931745e-03
-16.750000 2.914980e-03
-16.500000 2.897082e-03
-16.250000 2.878055e-03
-16.000000 2.857906e-03
-15.750000 2.836638e-03
-15.500000 2.814258e-03
-15.250000 2.790773e-03
-15.000000 2.766192e-03
-14.750000 2.740521e-03
-14.500000 2.713771e-03
-14.250000 2.685952e-03
-14.000000 2.657075e-03
-13.750000 2.627152e-03
-13.500000 2.596195e-03
-13.250000 2.564217e-03
-13.000000 2.531235e-03
-12.750000 2.497263e-03
-12.500000 2.462318e-03
-12.250000 2.426417e-03
-12.000000 2.389581e-03
-11.750000 2.351828e-03
-11.500000 2.313180e-03
-11.250000 2.273661e-03
-11.000000 2.233293e-03
-10.750000 2.192104e-03
-10.500000 2.150121e-03
-10.250000 2.107373e-03
-10.000000 2.063892e-03
-9.750000 2.019710e-03
-9.500000 1.974866e-03
-9.250000 1.929396e-03
-9.000000 1.883344e-03
-8.750000 1.836753e-03
-8.500000 1.789674e-03
-8.250000 1.742159e-03
-8.000000 1.694267e-03
-7.750000 1.646060e-03
-7.500000 1.597610e-03
-7.250000 1.548992e-03
-7.000000 1.500293e-03
-6.750000 1.451606e-03
-6.500000 1.403040e-03
-6.250000 1.354711e-03
-6.000000 1.306754e-03
-5.750000 1.259319e-03
-5.500000 1.212577e-03
-5.250000 1.166721e-03
-5.000000 1.121970e-03
-4.750000 1.078570e-03
-4.500000 1.036803e-03
-4.250000 9.969826e-04
-4.000000 9.594581e-04
-3.750000 9.246154e-04
-3.500000 8.928715e-04
-3.250000 8.646673e-04
-3.000000 8.404546e-04
-2.750000 8.206763e-04
-2.500000 8.057425e-04
-2.250000 7.960023e-04
-2.000000 7.917153e-04
-1.750000 7.930295e-04
-1.500000 7.999674e-04
-1.250000 8.124257e-04
-1.000000 8.301874e-04
-0.750000 8.529433e-04
-0.500000 8.803193e-04
-0.250000 9.119042e-04
0.000000 9.472740e-04
0.250000 9.860109e-04
0.500000 1.027717e-03
0.750000 1.072023e-03
1.000000 1.118590e-03
1.250000 1.167115e-03
1.500000 1.217324e-03
1.750000 1.268975e-03
2.000000 1.321853e-03
2.250000 1.375767e-03
2.500000 1.430548e-03
2.750000 1.486043e-03
3.000000 1.542119e-03
3.250000 1.598656e-03
3.500000 1.655543e-03
3.750000 1.712684e-03
4.000000 1.769989e-03
4.250000 1.827378e-03
4.500000 1.884776e-03
4.750000 1.942114e-03
5.000000 1.999330e-03
5.250000 2.056364e-03
5.500000 2.113163e-03
5.750000 2.169674e-03
6.000000 2.225850e-03
6.250000 2.281645e-03
6.500000 2.337017e-03
6.750000 2.391925e-03
7.000000 2.446330e-03
7.250000 2.500196e-03
7.500000 2.553488e-03
7.750000 2.606172e-03
8.000000 2.658216e-03
8.250000 2.709589e-03
8.500000 2.760261e-03
8.750000 2.810205e-03
9.000000 2.859393e-03
9.250000 2.907798e-03
9.500000 2.955396e-03
9.750000 3.002161e-03
10.000000 3.048071e-03
10.250000 3.093103e-03
10.500000 3.137235e-03
10.750000 3.180446e-03
11.000000 3.222716e-03
11.250000 3.264025e-03
11.500000 3.304355e-03
11.750000 3.343688e-03
12.000000 3.382006e-03
12.250000 3.419294e-03
12.500000 3.455536e-03
12.750000 3.490716e-03
13.000000 3.524821e-03
13.250000 3.557836e-03
13.500000 3.589748e-03
13.750000 3.620546e-03
14.000000 3.650218e-03
14.250000 3.678753e-03
14.500000 3.706141e-03
14.750000 3.732372e-03
15.000000 3.757437e-03
15.250000 3.781329e-03
15.500000 3.804040e-03
15.750000 3.825562e-03
16.000000 3.845890e-03
16.250000 3.865018e-03
16.500000 3.882942e-03
16.750000 3.899657e-03
17.000000 3.915160e-03
17.250000 3.929448e-03
17.500000 3.942519e-03
17.750000 3.954372e-03
18.000000 3.965005e-03
18.250000 3.974419e-03
18.500000 3.982613e-03
18.750000 3.989590e-03
19.000000 3.995351e-03
19.250000 3.999898e-03
19.500000 4.003235e-03
19.750000 4.005366e-03
20.000000 4.006294e-03
20.250000 4.006026e-03
20.500000 4.004567e-03
20.750000 4.001923e-03
21.000000 3.998101e-03
21.250000 3.993110e-03
21.500000 3.986957e-03
21.750000 3.979651e-03
22.000000 3.971203e-03
22.250000 3.961622e-03
22.500000 3.950919e-03
22.750000 3.939106e-03
23.000000 3.926195e-03
23.250000 3.912199e-03
23.500000 3.897130e-03
23.750000 3.881004e-03
24.000000 3.863835e-03
24.250000 3.845638e-03
24.500000 3.826428e-03
24.750000 3.806223e-03
25.000000 3.785039e-03
25.250000 3.762893e-03
25.500000 3.739805e-03
25.750000 3.715793e-03
26.000000 3.690876e-03
26.250000 3.665075e-03
26.500000 3.638410e-03
26.750000 3.610901e-03
27.000000 3.582572e-03
27.250000 3.553444e-03
27.500000 3.523540e-03
27.750000 3.492884e-03
28.000000 3.461499e-03
28.250000 3.429411e-03
28.500000 3.396645e-03
28.750000 3.363226e-03
29.000000 3.329181e-03
29.250000 3.294537e-03
29.500000 3.259321e-03
29.750000 3.223562e-03
30.000000 3.187288e-03
30.250000 3.150530e-03
30.500000 3.113316e-03
30.750000 3.075677e-03
31.000000 3.037646e-03
31.250000 2.999253e-03
31.500000 2.960530e-03
31.750000 2.921512e-03
32.000000 2.882232e-03
32.250000 2.842725e-03
32.500000 2.803025e-03
32.750000 2.763168e-03
33.000000 2.723191e-03
33.250000 2.683132e-03
33.500000 2.643027e-03
33.750000 2.602916e-03
34.000000 2.562838e-03
34.250000 2.522833e-03
34.500000 2.482943e-03
34.750000 2.443208e-03
35.000000 2.403671e-03
35.250000 2.364376e-03
35.500000 2.325366e-03
35.750000 2.286685e-03
36.000000 2.248379e-03
36.250000 2.210494e-03
36.500000 2.173076e-03
36.750000 2.136173e-03
37.000000 2.099832e-03
37.250000 2.064101e-03
37.500000 2.029028e-03
37.750000 1.994663e-03
38.000000 1.961052e-03
38.250000 1.928246e-03
38.500000 1.896293e-03
38.750000 1.865239e-03
39.000000 1.835132e-03
39.250000 1.806019e-03
39.500000 1.777943e-03
39.750000 1.750948e-03
40.000000 1.725076e-03
40.250000 1.700365e-03
40.500000 1.676851e-03
40.750000 1.654568e-03
41.000000 1.633545e-03
41.250000 1.613809e-03
41.500000 1.595381e-03
41.750000 1.578278e-03
42.000000 1.562513e-03
42.250000 1.548093e-03
42.500000 1.535020e-03
42.750000 1.523290e-03
43.000000 1.512894e-03
43.250000 1.503817e-03
43.500000 1.496038e-03
43.750000 1.489532e-03
44.000000 1.484266e-03
44.250000 1.480206e-03
44.500000 1.477311e-03
44.750000 1.475534e-03
45.000000 1.474827e-03
45.250000 1.475138e-03
45.500000 1.476412e-03
45.750000 1.478592e-03
46.000000 1.481617e-03
46.250000 1.485427e-03
46.500000 1.489960e-03
46.750000 1.495154e-03
47.000000 1.500947e-03
47.250000 1.507277e-03
47.500000 1.514082e-03
47.750000 1.521303e-03
48.000000 1.528880e-03
48.250000 1.536755e-03
48.500000 1.544872e-03
48.750000 1.553178e-03
49.000000 1.561619e-03
49.250000 1.570146e-03
49.500000 1.578711e-03
49.750000 1.587266e-03
50.000000 1.595768e-03
