-50.000000 4.454204e-04
-49.750000 4.636424e-04
-49.500000 4.850371e-04
-49.250000 5.092467e-04
-49.000000 5.358989e-04
-48.750000 5.646263e-04
-48.500000 5.950790e-04
-48.250000 6.269305e-04
-48.000000 6.598807e-04
-47.750000 6.936551e-04
-47.500000 7.280035e-04
-47.250000 7.626980e-04
-47.000000 7.975300e-04
-46.750000 8.323088e-04
-46.500000 8.668591e-04
-46.250000 9.010193e-04
-46.000000 9.346408e-04
-45.750000 9.675862e-04
-45.500000 9.997291e-04
-45.250000 1.030953e-03
-45.000000 1.061152e-03
-44.750000 1.090230e-03
-44.500000 1.118099e-03
-44.250000 1.144683e-03
-44.000000 1.169915e-03
-43.750000 1.193740e-03
-43.500000 1.216110e-03
-43.250000 1.236994e-03
-43.000000 1.256369e-03
-42.750000 1.274226e-03
-42.500000 1.290569e-03
-42.250000 1.305417e-03
-42.000000 1.318803e-03
-41.750000 1.330776e-03
-41.500000 1.341401e-03
-41.250000 1.350762e-03
-41.000000 1.358959e-03
-40.750000 1.366111e-03
-40.500000 1.372357e-03
-40.250000 1.377855e-03
-40.000000 1.382782e-03
-39.750000 1.387334e-03
-39.500000 1.391727e-03
-39.250000 1.396192e-03
-39.000000 1.400977e-03
-38.750000 1.406342e-03
-38.500000 1.412556e-03
-38.250000 1.419896e-03
-38.000000 1.428636e-03
-37.750000 1.439050e-03
-37.500000 1.451399e-03
-37.250000 1.465928e-03
-37.000000 1.482861e-03
-36.750000 1.502391e-03
-36.500000 1.524682e-03
-36.250000 1.549857e-03
-36.000000 1.578000e-03
-35.750000 1.609152e-03
-35.500000 1.643314e-03
-35.250000 1.680442e-03
-35.000000 1.720454e-03
-34.750000 1.763230e-03
-34.500000 1.808617e-03
-34.250000 1.856432e-03
-34.000000 1.906467e-03
-33.750000 1.958491e-03
-33.500000 2.012256e-03
-33.250000 2.067499e-03
-33.000000 2.123944e-03
-32.750000 2.181310e-03
-32.500000 2.239307e-03
-32.250000 2.297642e-03
-32.000000 2.356018e-03
-31.750000 2.414140e-03
-31.500000 2.471710e-03
-31.250000 2.528436e-03
-31.000000 2.584024e-03
-30.750000 2.638186e-03
-30.500000 2.690637e-03
-30.250000 2.741097e-03
-30.000000 2.789291e-03
-29.750000 2.834950e-03
-29.500000 2.877813e-03
-29.250000 2.917623e-03
-29.000000 2.954134e-03
-28.750000 2.987107e-03
-28.500000 3.016310e-03
-28.250000 3.041523e-03
-28.000000 3.062537e-03
-27.750000 3.079151e-03
-27.500000 3.091178e-03
-27.250000 3.098443e-03
-27.000000 3.100786e-03
-26.750000 3.098059e-03
-26.500000 3.090133e-03
-26.250000 3.076894e-03
-26.000000 3.058247e-03
-25.750000 3.034120e-03
-25.500000 3.004459e-03
-25.250000 2.969239e-03
-25.000000 2.928460e-03
-24.750000 2.882155e-03
-24.500000 2.830390e-03
-24.250000 2.773274e-03
-24.000000 2.710960e-03
-23.750000 2.643655e-03
-23.500000 2.571633e-03
-23.250000 2.495241e-03
-23.000000 2.414920e-03
-22.750000 2.331221e-03
-22.500000 2.244832e-03
-22.250000 2.156610e-03
-22.000000 2.067615e-03
-21.750000 1.979160e-03
-21.500000 1.892861e-03
-21.250000 1.810683e-03
-21.000000 1.734990e-03
-20.750000 1.668545e-03
-20.500000 1.614453e-03
-20.250000 1.576010e-03
-20.000000 1.556418e-03
-19.750000 1.558407e-03
-19.500000 1.583846e-03
-19.250000 1.633484e-03
-19.000000 1.706912e-03
-18.750000 1.802767e-03
-18.500000 1.919061e-03
-18.250000 2.053520e-03
-18.000000 2.203844e-03
-17.750000 2.367877e-03
-17.500000 2.543674e-03
-17.250000 2.729526e-03
-17.000000 2.923947e-03
-16.750000 3.125645e-03
-16.500000 3.333493e-03
-16.250000 3.546498e-03
-16.000000 3.763778e-03
-15.750000 3.984539e-03
-15.500000 4.208056e-03
-15.250000 4.433663e-03
-15.000000 4.660741e-03
-14.750000 4.888705e-03
-14.500000 5.117002e-03
-14.250000 5.345107e-03
-14.000000 5.572512e-03
-13.750000 5.798732e-03
-13.500000 6.023294e-03
-13.250000 6.245742e-03
-13.000000 6.465632e-03
-12.750000 6.682532e-03
-12.500000 6.896021e-03
-12.250000 7.105690e-03
-12.000000 7.311140e-03
-11.750000 7.511985e-03
-11.500000 7.707847e-03
-11.250000 7.898361e-03
-11.000000 8.083173e-03
-10.750000 8.261940e-03
-10.500000 8.434331e-03
-10.250000 8.600028e-03
-10.000000 8.758726e-03
-9.750000 8.910133e-03
-9.500000 9.053969e-03
-9.250000 9.189971e-03
-9.000000 9.317889e-03
-8.750000 9.437486e-03
-8.500000 9.548544e-03
-8.250000 9.650857e-03
-8.000000 9.744238e-03
-7.750000 9.828515e-03
-7.500000 9.903532e-03
-7.250000 9.969151e-03
-7.000000 1.002525e-02
-6.750000 1.007173e-02
-6.500000 1.010850e-02
-6.250000 1.013549e-02
-6.000000 1.015266e-02
-5.750000 1.015996e-02
-5.500000 1.015740e-02
-5.250000 1.014496e-02
-5.000000 1.012268e-02
-4.750000 1.009060e-02
-4.500000 1.004877e-02
-4.250000 9.997263e-03
-4.000000 9.936184e-03
-3.750000 9.865640e-03
-3.500000 9.785761e-03
-3.250000 9.696693e-03
-3.000000 9.598599e-03
-2.750000 9.491658e-03
-2.500000 9.376066e-03
-2.250000 9.252034e-03
-2.000000 9.119788e-03
-1.750000 8.979570e-03
-1.500000 8.831635e-03
-1.250000 8.676252e-03
-1.000000 8.513703e-03
-0.750000 8.344284e-03
-0.500000 8.168302e-03
-0.250000 7.986074e-03
0.000000 7.797930e-03
0.250000 7.604208e-03
0.500000 7.405257e-03
0.750000 7.201434e-03
1.000000 6.993104e-03
1.250000 6.780639e-03
1.500000 6.564416e-03
1.750000 6.344821e-03
2.000000 6.122241e-03
2.250000 5.897071e-03
2.500000 5.669706e-03
2.750000 5.440546e-03
3.000000 5.209992e-03
3.250000 4.978447e-03
3.500000 4.746313e-03
3.750000 4.513995e-03
4.000000 4.281894e-03
4.250000 4.050412e-03
4.500000 3.819951e-03
4.750000 3.590909e-03
5.000000 3.363683e-03
5.250000 3.138672e-03
5.500000 2.916270e-03
5.750000 2.696878e-03
6.000000 2.480896e-03
6.250000 2.268735e-03
6.500000 2.060818e-03
6.750000 1.857595e-03
7.000000 1.659555e-03
7.250000 1.467257e-03
7.500000 1.281377e-03
7.750000 1.102798e-03
8.000000 9.327714e-04
8.250000 7.732544e-04
8.500000 6.275903e-04
8.750000 5.019128e-04
9.000000 4.074436e-04
9.250000 3.606715e-04
9.500000 3.716238e-04
9.750000 4.290903e-04
10.000000 5.121511e-04
10.250000 6.057922e-04
10.500000 7.019400e-04
10.750000 7.964249e-04
11.000000 8.869977e-04
11.250000 9.723699e-04
11.500000 1.051762e-03
11.750000 1.124685e-03
12.000000 1.190821e-03
12.250000 1.249971e-03
12.500000 1.302010e-03
12.750000 1.346871e-03
13.000000 1.384529e-03
13.250000 1.414996e-03
13.500000 1.438312e-03
13.750000 1.454543e-03
14.000000 1.463777e-03
14.250000 1.466122e-03
14.500000 1.461706e-03
14.750000 1.450672e-03
15.000000 1.433182e-03
15.250000 1.409413e-03
15.500000 1.379556e-03
15.750000 1.343820e-03
16.000000 1.302425e-03
16.250000 1.255607e-03
16.500000 1.203618e-03
16.750000 1.146727e-03
17.000000 1.085220e-03
17.250000 1.019403e-03
17.500000 9.496135e-04
17.750000 8.762209e-04
18.000000 7.996483e-04
18.250000 7.203976e-04
18.500000 6.391004e-04
18.750000 5.566150e-04
19.000000 4.742264e-04
19.250000 3.940786e-04
19.500000 3.201490e-04
19.750000 2.602643e-04
20.000000 2.281851e-04
20.250000 2.373023e-04
20.500000 2.847229e-04
20.750000 3.559490e-04
21.000000 4.397101e-04
21.250000 5.300063e-04
21.500000 6.237475e-04
21.750000 7.192091e-04
22.000000 8.153216e-04
22.250000 9.113508e-04
22.500000 1.006747e-03
22.750000 1.101070e-03
23.000000 1.193948e-03
23.250000 1.285056e-03
23.500000 1.374104e-03
23.750000 1.460827e-03
24.000000 1.544980e-03
24.250000 1.626340e-03
24.500000 1.704697e-03
24.750000 1.779857e-03
25.000000 1.851641e-03
25.250000 1.919882e-03
25.500000 1.984429e-03
25.750000 2.045141e-03
26.000000 2.101894e-03
26.250000 2.154574e-03
26.500000 2.203081e-03
26.750000 2.247327e-03
27.000000 2.287239e-03
27.250000 2.322754e-03
27.500000 2.353824e-03
27.750000 2.380412e-03
28.000000 2.402496e-03
28.250000 2.420062e-03
28.500000 2.433113e-03
28.750000 2.441661e-03
29.000000 2.445730e-03
29.250000 2.445358e-03
29.500000 2.440591e-03
29.750000 2.431489e-03
30.000000 2.418121e-03
30.250000 2.400567e-03
30.500000 2.378918e-03
30.750000 2.353273e-03
31.000000 2.323742e-03
31.250000 2.290443e-03
31.500000 2.253503e-03
31.750000 2.213057e-03
32.000000 2.169247e-03
32.250000 2.122225e-03
32.500000 2.072145e-03
32.750000 2.019173e-03
33.000000 1.963475e-03
33.250000 1.905227e-03
33.500000 1.844607e-03
33.750000 1.781798e-03
34.000000 1.716988e-03
34.250000 1.650365e-03
34.500000 1.582125e-03
34.750000 1.512461e-03
35.000000 1.441572e-03
35.250000 1.369657e-03
35.500000 1.296915e-03
35.750000 1.223549e-03
36.000000 1.149759e-03
36.250000 1.075748e-03
36.500000 1.001721e-03
36.750000 9.278810e-04
37.000000 8.544360e-04
37.250000 7.815966e-04
37.500000 7.095800e-04
37.750000 6.386142e-04
38.000000 5.689457e-04
38.250000 5.008530e-04
38.500000 4.346701e-04
38.750000 3.708319e-04
39.000000 3.099649e-04
39.250000 2.530764e-04
39.500000 2.019693e-04
39.750000 1.600914e-04
40.000000 1.335727e-04
40.250000 1.291542e-04
40.500000 1.462164e-04
40.750000 1.765199e-04
41.000000 2.127015e-04
41.250000 2.507104e-04
41.500000 2.885220e-04
41.750000 3.250805e-04
42.000000 3.597937e-04
42.250000 3.923050e-04
42.500000 4.223882e-04
42.750000 4.498942e-04
43.000000 4.747242e-04
43.250000 4.968135e-04
43.500000 5.161236e-04
43.750000 5.326360e-04
44.000000 5.463492e-04
44.250000 5.572766e-04
44.500000 5.654448e-04
44.750000 5.708932e-04
45.000000 5.736727e-04
45.250000 5.738461e-04
45.500000 5.714878e-04
45.750000 5.666839e-04
46.000000 5.595326e-04
46.250000 5.501447e-04
46.500000 5.386452e-04
46.750000 5.251739e-04
47.000000 5.098878e-04
47.250000 4.929635e-04
47.500000 4.746009e-04
47.750000 4.550278e-04
48.000000 4.345060e-04
48.250000 4.133397e-04
48.500000 3.918853e-04
48.750000 3.705639e-04
49.000000 3.498745e-04
49.250000 3.304059e-04
49.500000 3.128421e-04
49.750000 2.979494e-04
50.000000 2.865341e-04
