-50.000000 1.623621e-02
-49.750000 1.269992e-02
-49.500000 1.017960e-02
-49.250000 9.779975e-03
-49.000000 1.180074e-02
-48.750000 1.526573e-02
-48.500000 1.929547e-02
-48.250000 2.343822e-02
-48.000000 2.745597e-02
-47.750000 3.120040e-02
-47.500000 3.456517e-02
-47.250000 3.746764e-02
-47.000000 3.984160e-02
-46.750000 4.163435e-02
-46.500000 4.280553e-02
-46.250000 4.332686e-02
-46.000000 4.318219e-02
-45.750000 4.236769e-02
-45.500000 4.089224e-02
-45.250000 3.877787e-02
-45.000000 3.606066e-02
-44.750000 3.279240e-02
-44.500000 2.904424e-02
-44.250000 2.491507e-02
-44.000000 2.055244e-02
-43.750000 1.620922e-02
-43.500000 1.240242e-02
-43.250000 1.023097e-02
-43.000000 1.098381e-02
-42.750000 1.424677e-02
-42.500000 1.867096e-02
-42.250000 2.345880e-02
-42.000000 2.823228e-02
-41.750000 3.278142e-02
-41.500000 3.696547e-02
-41.250000 4.067773e-02
-41.000000 4.383245e-02
-40.750000 4.635973e-02
-40.500000 4.820364e-02
-40.250000 4.932162e-02
-40.000000 4.968454e-02
-39.750000 4.927699e-02
-39.500000 4.809767e-02
-39.250000 4.615997e-02
-39.000000 4.349271e-02
-38.750000 4.014151e-02
-38.500000 3.617149e-02
-38.250000 3.167311e-02
-38.000000 2.677616e-02
-37.750000 2.168580e-02
-37.500000 1.678421e-02
-37.250000 1.290834e-02
-37.000000 1.166424e-02
-36.750000 1.399568e-02
-36.500000 1.860927e-02
-36.250000 2.411828e-02
-36.000000 2.984549e-02
-35.750000 3.545611e-02
-35.500000 4.074712e-02
-35.250000 4.557272e-02
-35.000000 4.981767e-02
-34.750000 5.338726e-02
-34.500000 5.620344e-02
-34.250000 5.820358e-02
-34.000000 5.934029e-02
-33.750000 5.958165e-02
-33.500000 5.891180e-02
-33.250000 5.733144e-02
-33.000000 5.485869e-02
-32.750000 5.153008e-02
-32.500000 4.740247e-02
-32.250000 4.255668e-02
-32.000000 3.710561e-02
-31.750000 3.121333e-02
-31.500000 2.514499e-02
-31.250000 1.940710e-02
-31.000000 1.511181e-02
-30.750000 1.421784e-02
-30.500000 1.746994e-02
-30.250000 2.316437e-02
-30.000000 2.978311e-02
-29.750000 3.659575e-02
-29.500000 4.322982e-02
-29.250000 4.945251e-02
-29.000000 5.509328e-02
-28.750000 6.001583e-02
-28.500000 6.410746e-02
-28.250000 6.727500e-02
-28.000000 6.944364e-02
-27.750000 7.055682e-02
-27.500000 7.057677e-02
-27.250000 6.948519e-02
-27.000000 6.728424e-02
-26.750000 6.399770e-02
-26.500000 5.967280e-02
-26.250000 5.438344e-02
-26.000000 4.823683e-02
-25.750000 4.138843e-02
-25.500000 3.407952e-02
-25.250000 2.674133e-02
-25.000000 2.029993e-02
-24.750000 1.681333e-02
-24.500000 1.863346e-02
-24.250000 2.478320e-02
-24.000000 3.285539e-02
-23.750000 4.154226e-02
-23.500000 5.023277e-02
-23.250000 5.857814e-02
-23.000000 6.633460e-02
-22.750000 7.330924e-02
-22.500000 7.934030e-02
-22.250000 8.428992e-02
-22.000000 8.804174e-02
-21.750000 9.050075e-02
-21.500000 9.159396e-02
-21.250000 9.127162e-02
-21.000000 8.950862e-02
-20.750000 8.630620e-02
-20.500000 8.169422e-02
-20.250000 7.573461e-02
-20.000000 6.852765e-02
-19.750000 6.022489e-02
-19.500000 5.105909e-02
-19.250000 4.142154e-02
-19.000000 3.208226e-02
-18.750000 2.479903e-02
-18.500000 2.295148e-02
-18.250000 2.829776e-02
-18.000000 3.810667e-02
-17.750000 4.972758e-02
-17.500000 6.189473e-02
-17.250000 7.396813e-02
-17.000000 8.554259e-02
-16.750000 9.631213e-02
-16.500000 1.060219e-01
-16.250000 1.144504e-01
-16.000000 1.214034e-01
-15.750000 1.267121e-01
-15.500000 1.302344e-01
-15.250000 1.318561e-01
-15.000000 1.314940e-01
-14.750000 1.290982e-01
-14.500000 1.246562e-01
-14.250000 1.181980e-01
-14.000000 1.098034e-01
-13.750000 9.961738e-02
-13.500000 8.787768e-02
-13.250000 7.497975e-02
-13.000000 6.163384e-02
-12.750000 4.926658e-02
-12.500000 4.084710e-02
-12.250000 4.073614e-02
-12.000000 5.002202e-02
-11.750000 6.523213e-02
-11.500000 8.322317e-02
-11.250000 1.023079e-01
-11.000000 1.215428e-01
-10.750000 1.402956e-01
-10.500000 1.580718e-01
-10.250000 1.744468e-01
-10.000000 1.890379e-01
-9.750000 2.014949e-01
-9.500000 2.114960e-01
-9.250000 2.187497e-01
-9.000000 2.229969e-01
-8.750000 2.240154e-01
-8.500000 2.216257e-01
-8.250000 2.156983e-01
-8.000000 2.061650e-01
-7.750000 1.930370e-01
-7.500000 1.764382e-01
-7.250000 1.566733e-01
-7.000000 1.343848e-01
-6.750000 1.109488e-01
-6.500000 8.951475e-02
-6.250000 7.703859e-02
-6.000000 8.285001e-02
-5.750000 1.076100e-01
-5.500000 1.442897e-01
-5.250000 1.877333e-01
-5.000000 2.353805e-01
-4.750000 2.858501e-01
-4.500000 3.382377e-01
-4.250000 3.918396e-01
-4.000000 4.460436e-01
-3.750000 5.002821e-01
-3.500000 5.540126e-01
-3.250000 6.067105e-01
-3.000000 6.578669e-01
-2.750000 7.069900e-01
-2.500000 7.536081e-01
-2.250000 7.972730e-01
-2.000000 8.375639e-01
-1.750000 8.740915e-01
-1.500000 9.065020e-01
-1.250000 9.344804e-01
-1.000000 9.577544e-01
-0.750000 9.760968e-01
-0.500000 9.893282e-01
-0.250000 9.973193e-01
0.000000 9.999918e-01
0.250000 9.973193e-01
0.500000 9.893282e-01
0.750000 9.760968e-01
1.000000 9.577544e-01
1.250000 9.344804e-01
1.500000 9.065020e-01
1.750000 8.740915e-01
2.000000 8.375639e-01
2.250000 7.972730e-01
2.500000 7.536081e-01
2.750000 7.069900e-01
3.000000 6.578669e-01
3.250000 6.067105e-01
3.500000 5.540126e-01
3.750000 5.002821e-01
4.000000 4.460436e-01
4.250000 3.918396e-01
4.500000 3.382377e-01
4.750000 2.858501e-01
5.000000 2.353805e-01
5.250000 1.877333e-01
5.500000 1.442897e-01
5.750000 1.076100e-01
6.000000 8.285001e-02
6.250000 7.703859e-02
6.500000 8.951475e-02
6.750000 1.109488e-01
7.000000 1.343848e-01
7.250000 1.566733e-01
7.500000 1.764382e-01
7.750000 1.930370e-01
8.000000 2.061650e-01
8.250000 2.156983e-01
8.500000 2.216257e-01
8.750000 2.240154e-01
9.000000 2.229969e-01
9.250000 2.187497e-01
9.500000 2.114960e-01
9.750000 2.014949e-01
10.000000 1.890379e-01
10.250000 1.744468e-01
10.500000 1.580718e-01
10.750000 1.402956e-01
11.000000 1.215428e-01
11.250000 1.023079e-01
11.500000 8.322317e-02
11.750000 6.523213e-02
12.000000 5.002202e-02
12.250000 4.073614e-02
12.500000 4.084710e-02
12.750000 4.926658e-02
13.000000 6.163384e-02
13.250000 7.497975e-02
13.500000 8.787768e-02
13.750000 9.961738e-02
14.000000 1.098034e-01
14.250000 1.181980e-01
14.500000 1.246562e-01
14.750000 1.290982e-01
15.000000 1.314940e-01
15.250000 1.318561e-01
15.500000 1.302344e-01
15.750000 1.267121e-01
16.000000 1.214034e-01
16.250000 1.144504e-01
16.500000 1.060219e-01
16.750000 9.631213e-02
17.000000 8.554259e-02
17.250000 7.396813e-02
17.500000 6.189473e-02
17.750000 4.972758e-02
18.000000 3.810667e-02
18.250000 2.829776e-02
18.500000 2.295148e-02
18.750000 2.479903e-02
19.000000 3.208226e-02
19.250000 4.142154e-02
19.500000 5.105909e-02
19.750000 6.022489e-02
20.000000 6.852765e-02
20.250000 7.573461e-02
20.500000 8.169422e-02
20.750000 8.630620e-02
21.000000 8.950862e-02
21.250000 9.127162e-02
21.500000 9.159396e-02
21.750000 9.050075e-02
22.000000 8.804174e-02
22.250000 8.428992e-02
22.500000 7.934030e-02
22.750000 7.330924e-02
23.000000 6.633460e-02
23.250000 5.857814e-02
23.500000 5.023277e-02
23.750000 4.154226e-02
24.000000 3.285539e-02
24.250000 2.478320e-02
24.500000 1.863346e-02
24.750000 1.681333e-02
25.000000 2.029993e-02
25.250000 2.674133e-02
25.500000 3.407952e-02
25.750000 4.138843e-02
26.000000 4.823683e-02
26.250000 5.438344e-02
26.500000 5.967280e-02
26.750000 6.399770e-02
27.000000 6.728424e-02
27.250000 6.948519e-02
27.500000 7.057677e-02
27.750000 7.055682e-02
28.000000 6.944364e-02
28.250000 6.727500e-02
28.500000 6.410746e-02
28.750000 6.001583e-02
29.000000 5.509328e-02
29.250000 4.945251e-02
29.500000 4.322982e-02
29.750000 3.659575e-02
30.000000 2.978311e-02
30.250000 2.316437e-02
30.500000 1.746994e-02
30.750000 1.421784e-02
31.000000 1.511181e-02
31.250000 1.940710e-02
31.500000 2.514499e-02
31.750000 3.121333e-02
32.000000 3.710561e-02
32.250000 4.255668e-02
32.500000 4.740247e-02
32.750000 5.153008e-02
33.000000 5.485869e-02
33.250000 5.733144e-02
33.500000 5.891180e-02
33.750000 5.958165e-02
34.000000 5.934029e-02
34.250000 5.820358e-02
34.500000 5.620344e-02
34.750000 5.338726e-02
35.000000 4.981767e-02
35.250000 4.557272e-02
35.500000 4.074712e-02
35.750000 3.545611e-02
36.000000 2.984549e-02
36.250000 2.411828e-02
36.500000 1.860927e-02
36.750000 1.399568e-02
37.000000 1.166424e-02
37.250000 1.290834e-02
37.500000 1.678421e-02
37.750000 2.168580e-02
38.000000 2.677616e-02
38.250000 3.167311e-02
38.500000 3.617149e-02
38.750000 4.014151e-02
39.000000 4.349271e-02
39.250000 4.615997e-02
39.500000 4.809767e-02
39.750000 4.927699e-02
40.000000 4.968454e-02
40.250000 4.932162e-02
40.500000 4.820364e-02
40.750000 4.635973e-02
41.000000 4.383245e-02
41.250000 4.067773e-02
41.500000 3.696547e-02
41.750000 3.278142e-02
42.000000 2.823228e-02
42.250000 2.345880e-02
42.500000 1.867096e-02
42.750000 1.424677e-02
43.000000 1.098381e-02
43.250000 1.023097e-02
43.500000 1.240242e-02
43.750000 1.620922e-02
44.000000 2.055244e-02
44.250000 2.491507e-02
44.500000 2.904424e-02
44.750000 3.279240e-02
45.000000 3.606066e-02
45.250000 3.877787e-02
45.500000 4.089224e-02
45.750000 4.236769e-02
46.000000 4.318219e-02
46.250000 4.332686e-02
46.500000 4.280553e-02
46.750000 4.163435e-02
47.000000 3.984160e-02
47.250000 3.746764e-02
47.500000 3.456517e-02
47.750000 3.120040e-02
48.000000 2.745597e-02
48.250000 2.343822e-02
48.500000 1.929547e-02
48.750000 1.526573e-02
49.000000 1.180074e-02
49.250000 9.779975e-03
49.500000 1.017960e-02
49.750000 1.269992e-02
50.000000 1.623621e-02
