-50.000000 3.340201e-04
-49.750000 3.658592e-04
-49.500000 3.953178e-04
-49.250000 4.196045e-04
-49.000000 4.362356e-04
-48.750000 4.436339e-04
-48.500000 4.415656e-04
-48.250000 4.313926e-04
-48.000000 4.160709e-04
-47.750000 3.997292e-04
-47.500000 3.866027e-04
-47.250000 3.793519e-04
-47.000000 3.775133e-04
-46.750000 3.772427e-04
-46.500000 3.725861e-04
-46.250000 3.572766e-04
-46.000000 3.261064e-04
-45.750000 2.756836e-04
-45.500000 2.048178e-04
-45.250000 1.151269e-04
-45.000000 2.965904e-05
-44.750000 1.221106e-04
-44.500000 2.479386e-04
-44.250000 3.744611e-04
-44.000000 4.931480e-04
-43.750000 5.963012e-04
-43.500000 6.770336e-04
-43.250000 7.297902e-04
-43.000000 7.509276e-04
-42.750000 7.393197e-04
-42.500000 6.970619e-04
-42.250000 6.305006e-04
-42.000000 5.520295e-04
-41.750000 4.827793e-04
-41.500000 4.519779e-04
-41.250000 4.802461e-04
-41.000000 5.579566e-04
-40.750000 6.571389e-04
-40.500000 7.528739e-04
-40.250000 8.280639e-04
-40.000000 8.716916e-04
-39.750000 8.773267e-04
-39.500000 8.424547e-04
-39.250000 7.682344e-04
-39.000000 6.595182e-04
-38.750000 5.254115e-04
-38.500000 3.819582e-04
-38.250000 2.636770e-04
-38.000000 2.421980e-04
-37.750000 3.302429e-04
-37.500000 4.495301e-04
-37.250000 5.566906e-04
-37.000000 6.349847e-04
-36.750000 6.775585e-04
-36.500000 6.835584e-04
-36.250000 6.577765e-04
-36.000000 6.114978e-04
-35.750000 5.636626e-04
-35.500000 5.392946e-04
-35.250000 5.585818e-04
-35.000000 6.210413e-04
-34.750000 7.069417e-04
-34.500000 7.924271e-04
-34.250000 8.580814e-04
-34.000000 8.901974e-04
-33.750000 8.801935e-04
-33.500000 8.240859e-04
-33.250000 7.221733e-04
-33.000000 5.788599e-04
-32.750000 4.029367e-04
-32.500000 2.120538e-04
-32.250000 1.128513e-04
-32.000000 2.749525e-04
-31.750000 4.693919e-04
-31.500000 6.427629e-04
-31.250000 7.795479e-04
-31.000000 8.697582e-04
-30.750000 9.070936e-04
-30.500000 8.889961e-04
-30.250000 8.169003e-04
-30.000000 6.966378e-04
-29.750000 5.398015e-04
-29.500000 3.703943e-04
-29.250000 2.583290e-04
-29.000000 3.264178e-04
-28.750000 5.104378e-04
-28.500000 7.146625e-04
-28.250000 9.074192e-04
-28.000000 1.076440e-03
-27.750000 1.216971e-03
-27.500000 1.329164e-03
-27.250000 1.416843e-03
-27.000000 1.486050e-03
-26.750000 1.543075e-03
-26.500000 1.592225e-03
-26.250000 1.634018e-03
-26.000000 1.664493e-03
-25.750000 1.675912e-03
-25.500000 1.658476e-03
-25.250000 1.602402e-03
-25.000000 1.499785e-03
-24.750000 1.346000e-03
-24.500000 1.140562e-03
-24.250000 8.875068e-04
-24.000000 5.953957e-04
-23.750000 2.775067e-04
-23.500000 6.974796e-05
-23.250000 3.831327e-04
-23.000000 6.815126e-04
-22.750000 9.368769e-04
-22.500000 1.131877e-03
-22.250000 1.252339e-03
-22.000000 1.288117e-03
-21.750000 1.234050e-03
-21.500000 1.091006e-03
-21.250000 8.678375e-04
-21.000000 5.894217e-04
-20.750000 3.537937e-04
-20.500000 4.691988e-04
-20.250000 8.456636e-04
-20.000000 1.272303e-03
-19.750000 1.690354e-03
-19.500000 2.069882e-03
-19.250000 2.388871e-03
-19.000000 2.630618e-03
-18.750000 2.783775e-03
-18.500000 2.842794e-03
-18.250000 2.808310e-03
-18.000000 2.687345e-03
-17.750000 2.493405e-03
-17.500000 2.246593e-03
-17.250000 1.973910e-03
-17.000000 1.709617e-03
-16.750000 1.493835e-03
-16.500000 1.363716e-03
-16.250000 1.333126e-03
-16.000000 1.378729e-03
-15.750000 1.455354e-03
-15.500000 1.521036e-03
-15.250000 1.547350e-03
-15.000000 1.518771e-03
-14.750000 1.429791e-03
-14.500000 1.283014e-03
-14.250000 1.089340e-03
-14.000000 8.727426e-04
-13.750000 6.872962e-04
-13.500000 6.408410e-04
-13.250000 8.043922e-04
-13.000000 1.105078e-03
-12.750000 1.461343e-03
-12.500000 1.830607e-03
-12.250000 2.187880e-03
-12.000000 2.514410e-03
-11.750000 2.793993e-03
-11.500000 3.012041e-03
-11.250000 3.155705e-03
-11.000000 3.214458e-03
-10.750000 3.180828e-03
-10.500000 3.051114e-03
-10.250000 2.825918e-03
-10.000000 2.510457e-03
-9.750000 2.114764e-03
-9.500000 1.654589e-03
-9.250000 1.157126e-03
-9.000000 6.996588e-04
-8.750000 6.051854e-04
-8.500000 1.057476e-03
-8.250000 1.700657e-03
-8.000000 2.421631e-03
-7.750000 3.203545e-03
-7.500000 4.045179e-03
-7.250000 4.944110e-03
-7.000000 5.889879e-03
-6.750000 6.860366e-03
-6.500000 7.820395e-03
-6.250000 8.722202e-03
-6.000000 9.507399e-03
-5.750000 1.011007e-02
-5.500000 1.046077e-02
-5.250000 1.049120e-02
-5.000000 1.013980e-02
-4.750000 9.358987e-03
-4.500000 8.127053e-03
-4.250000 6.478057e-03
-4.000000 4.618595e-03
-3.750000 3.479356e-03
-3.500000 4.855193e-03
-3.250000 8.083327e-03
-3.000000 1.208602e-02
-2.750000 1.649590e-02
-2.500000 2.112383e-02
-2.250000 2.581752e-02
-2.000000 3.043351e-02
-1.750000 3.483289e-02
-1.500000 3.888340e-02
-1.250000 4.246347e-02
-1.000000 4.546665e-02
-0.750000 4.780569e-02
-0.500000 4.941601e-02
-0.250000 5.025816e-02
0.000000 5.031915e-02
0.250000 4.961260e-02
0.500000 4.817766e-02
0.750000 4.607679e-02
1.000000 4.339252e-02
1.250000 4.022346e-02
1.500000 3.667973e-02
1.750000 3.287829e-02
2.000000 2.893854e-02
2.250000 2.497862e-02
2.500000 2.111334e-02
2.750000 1.745473e-02
3.000000 1.411700e-02
3.250000 1.122821e-02
3.500000 8.947377e-03
3.750000 7.460410e-03
4.000000 6.877690e-03
4.250000 7.060339e-03
4.500000 7.670265e-03
4.750000 8.400683e-03
5.000000 9.064159e-03
5.250000 9.561931e-03
5.500000 9.844574e-03
5.750000 9.889565e-03
6.000000 9.690938e-03
6.250000 9.255146e-03
6.500000 8.599827e-03
6.750000 7.753805e-03
7.000000 6.757757e-03
7.250000 5.665848e-03
7.500000 4.550102e-03
7.750000 3.512082e-03
8.000000 2.706818e-03
8.250000 2.336496e-03
8.500000 2.457658e-03
8.750000 2.841267e-03
9.000000 3.236122e-03
9.250000 3.505412e-03
9.500000 3.589130e-03
9.750000 3.468912e-03
10.000000 3.153285e-03
10.250000 2.673220e-03
10.500000 2.086497e-03
10.750000 1.505318e-03
11.000000 1.183177e-03
11.250000 1.402297e-03
11.500000 1.956851e-03
11.750000 2.558623e-03
12.000000 3.079510e-03
12.250000 3.459071e-03
12.500000 3.665261e-03
12.750000 3.684039e-03
13.000000 3.516044e-03
13.250000 3.174873e-03
13.500000 2.685584e-03
13.750000 2.083409e-03
14.000000 1.414408e-03
14.250000 7.523699e-04
14.500000 4.193695e-04
14.750000 8.487449e-04
15.000000 1.373837e-03
15.250000 1.803609e-03
15.500000 2.095759e-03
15.750000 2.232270e-03
16.000000 2.208696e-03
16.250000 2.032385e-03
16.500000 1.722224e-03
16.750000 1.310611e-03
17.000000 8.574595e-04
17.250000 5.435780e-04
17.500000 7.312435e-04
17.750000 1.190992e-03
18.000000 1.659515e-03
18.250000 2.059286e-03
18.500000 2.354593e-03
18.750000 2.524984e-03
19.000000 2.560670e-03
19.250000 2.461343e-03
19.500000 2.235462e-03
19.750000 1.899485e-03
20.000000 1.477288e-03
20.250000 1.001589e-03
20.500000 5.322294e-04
20.750000 3.521991e-04
21.000000 7.082882e-04
21.250000 1.132185e-03
21.500000 1.502500e-03
21.750000 1.788622e-03
22.000000 1.976215e-03
22.250000 2.059718e-03
22.500000 2.040770e-03
22.750000 1.927373e-03
23.000000 1.733078e-03
23.250000 1.476234e-03
23.500000 1.179796e-03
23.750000 8.733808e-04
24.000000 6.038226e-04
24.250000 4.639070e-04
24.500000 5.330888e-04
24.750000 7.130422e-04
25.000000 9.009308e-04
25.250000 1.059483e-03
25.500000 1.177676e-03
25.750000 1.254454e-03
26.000000 1.293290e-03
26.250000 1.299461e-03
26.500000 1.278175e-03
26.750000 1.233249e-03
27.000000 1.166501e-03
27.250000 1.077965e-03
27.500000 9.669046e-04
27.750000 8.334936e-04
28.000000 6.813520e-04
28.250000 5.226579e-04
28.500000 3.923451e-04
28.750000 3.673214e-04
29.000000 4.825555e-04
29.250000 6.682586e-04
29.500000 8.684813e-04
29.750000 1.056134e-03
30.000000 1.215447e-03
30.250000 1.335930e-03
30.500000 1.410905e-03
30.750000 1.437229e-03
31.000000 1.415269e-03
31.250000 1.348841e-03
31.500000 1.245021e-03
31.750000 1.113851e-03
32.000000 9.679380e-04
32.250000 8.219159e-04
32.500000 6.913686e-04
32.750000 5.900863e-04
33.000000 5.243928e-04
33.250000 4.875576e-04
33.500000 4.622516e-04
33.750000 4.302563e-04
34.000000 3.795251e-04
34.250000 3.061282e-04
34.500000 2.163431e-04
34.750000 1.440993e-04
35.000000 1.789660e-04
35.250000 3.010298e-04
35.500000 4.434391e-04
35.750000 5.826755e-04
36.000000 7.071433e-04
36.250000 8.091380e-04
36.500000 8.836014e-04
36.750000 9.279736e-04
37.000000 9.421816e-04
37.250000 9.285570e-04
37.500000 8.916246e-04
37.750000 8.377367e-04
38.000000 7.745079e-04
38.250000 7.099601e-04
38.500000 6.512687e-04
38.750000 6.031733e-04
39.000000 5.666128e-04
39.250000 5.385568e-04
39.500000 5.134395e-04
39.750000 4.853400e-04
40.000000 4.496768e-04
40.250000 4.039376e-04
40.500000 3.476721e-04
40.750000 2.821489e-04
41.000000 2.100437e-04
41.250000 1.359114e-04
41.500000 7.278959e-05
41.750000 7.466148e-05
42.000000 1.372160e-04
42.250000 2.086706e-04
42.500000 2.784267e-04
42.750000 3.435815e-04
43.000000 4.023062e-04
43.250000 4.527313e-04
43.500000 4.926842e-04
43.750000 5.197346e-04
44.000000 5.314177e-04
44.250000 5.255550e-04
44.500000 5.006016e-04
44.750000 4.559621e-04
45.000000 3.922308e-04
45.250000 3.113322e-04
45.500000 2.165732e-04
45.750000 1.128120e-04
46.000000 2.010774e-05
46.250000 1.065308e-04
46.500000 2.042473e-04
46.750000 2.881590e-04
47.000000 3.522339e-04
47.250000 3.918486e-04
47.500000 4.038552e-04
47.750000 3.868634e-04
48.000000 3.415489e-04
48.250000 2.712227e-04
48.500000 1.841915e-04
48.750000 1.103465e-04
49.000000 1.414904e-04
49.250000 2.516260e-04
49.500000 3.744584e-04
49.750000 4.910265e-04
50.000000 5.919172e-04
