-50.000000 4.673622e-04
-49.750000 4.475897e-04
-49.500000 4.227162e-04
-49.250000 3.925721e-04
-49.000000 3.576838e-04
-48.750000 3.195174e-04
-48.500000 2.809353e-04
-48.250000 2.469499e-04
-48.000000 2.252994e-04
-47.750000 2.245725e-04
-47.500000 2.483049e-04
-47.250000 2.921998e-04
-47.000000 3.489464e-04
-46.750000 4.124766e-04
-46.500000 4.786092e-04
-46.250000 5.444958e-04
-46.000000 6.081274e-04
-45.750000 6.680533e-04
-45.500000 7.232332e-04
-45.250000 7.729593e-04
-45.000000 8.168106e-04
-44.750000 8.546200e-04
-44.500000 8.864462e-04
-44.250000 9.125445e-04
-44.000000 9.333354e-04
-43.750000 9.493716e-04
-43.500000 9.613021e-04
-43.250000 9.698368e-04
-43.000000 9.757107e-04
-42.750000 9.796508e-04
-42.500000 9.823455e-04
-42.250000 9.844170e-04
-42.000000 9.863964e-04
-41.750000 9.887004e-04
-41.500000 9.916106e-04
-41.250000 9.952530e-04
-41.000000 9.995792e-04
-40.750000 1.004352e-03
-40.500000 1.009135e-03
-40.250000 1.013292e-03
-40.000000 1.015996e-03
-39.750000 1.016251e-03
-39.500000 1.012922e-03
-39.250000 1.004783e-03
-39.000000 9.905636e-04
-38.750000 9.690131e-04
-38.500000 9.389598e-04
-38.250000 8.993760e-04
-38.000000 8.494442e-04
-37.750000 7.886236e-04
-37.500000 7.167245e-04
-37.250000 6.340049e-04
-37.000000 5.413323e-04
-36.750000 4.405488e-04
-36.500000 3.355418e-04
-36.250000 2.361874e-04
-36.000000 1.730664e-04
-35.750000 1.993504e-04
-35.500000 2.958983e-04
-35.250000 4.160340e-04
-35.000000 5.413187e-04
-34.750000 6.641406e-04
-34.500000 7.798941e-04
-34.250000 8.850454e-04
-34.000000 9.766198e-04
-33.750000 1.052076e-03
-33.500000 1.109305e-03
-33.250000 1.146679e-03
-33.000000 1.163116e-03
-32.750000 1.158157e-03
-32.500000 1.132051e-03
-32.250000 1.085867e-03
-32.000000 1.021637e-03
-31.750000 9.425840e-04
-31.500000 8.534859e-04
-31.250000 7.612730e-04
-31.000000 6.758282e-04
-30.750000 6.103834e-04
-30.500000 5.793333e-04
-30.250000 5.912466e-04
-30.000000 6.422484e-04
-29.750000 7.189067e-04
-29.500000 8.062453e-04
-29.250000 8.919863e-04
-29.000000 9.669363e-04
-28.750000 1.024261e-03
-28.500000 1.058840e-03
-28.250000 1.066874e-03
-28.000000 1.045677e-03
-27.750000 9.935691e-04
-27.500000 9.098244e-04
-27.250000 7.946308e-04
-27.000000 6.490599e-04
-26.750000 4.750289e-04
-26.500000 2.752774e-04
-26.250000 5.416703e-05
-26.000000 1.883150e-04
-25.750000 4.425624e-04
-25.500000 7.058848e-04
-25.250000 9.729483e-04
-25.000000 1.238410e-03
-24.750000 1.496970e-03
-24.500000 1.743512e-03
-24.250000 1.973255e-03
-24.000000 2.181904e-03
-23.750000 2.365787e-03
-23.500000 2.521989e-03
-23.250000 2.648466e-03
-23.000000 2.744149e-03
-22.750000 2.809011e-03
-22.500000 2.844125e-03
-22.250000 2.851676e-03
-22.000000 2.834938e-03
-21.750000 2.798196e-03
-21.500000 2.746592e-03
-21.250000 2.685877e-03
-21.000000 2.622055e-03
-20.750000 2.560894e-03
-20.500000 2.507358e-03
-20.250000 2.465031e-03
-20.000000 2.435675e-03
-19.750000 2.419073e-03
-19.500000 2.413230e-03
-19.250000 2.414913e-03
-19.000000 2.420393e-03
-18.750000 2.426220e-03
-18.500000 2.429917e-03
-18.250000 2.430500e-03
-18.000000 2.428806e-03
-17.750000 2.427589e-03
-17.500000 2.431349e-03
-17.250000 2.445811e-03
-17.000000 2.477048e-03
-16.750000 2.530316e-03
-16.500000 2.608855e-03
-16.250000 2.713020e-03
-16.000000 2.840008e-03
-15.750000 2.984221e-03
-15.500000 3.138031e-03
-15.250000 3.292666e-03
-15.000000 3.438999e-03
-14.750000 3.568172e-03
-14.500000 3.672045e-03
-14.250000 3.743513e-03
-14.000000 3.776742e-03
-13.750000 3.767338e-03
-13.500000 3.712485e-03
-13.250000 3.611048e-03
-13.000000 3.463659e-03
-12.750000 3.272794e-03
-12.500000 3.042855e-03
-12.250000 2.780296e-03
-12.000000 2.493833e-03
-11.750000 2.194844e-03
-11.500000 1.898082e-03
-11.250000 1.622744e-03
-11.000000 1.393269e-03
-10.750000 1.236911e-03
-10.500000 1.172643e-03
-10.250000 1.195119e-03
-10.000000 1.274714e-03
-9.750000 1.376220e-03
-9.500000 1.473308e-03
-9.250000 1.551977e-03
-9.000000 1.610133e-03
-8.750000 1.657600e-03
-8.500000 1.716570e-03
-8.250000 1.819749e-03
-8.000000 2.002624e-03
-7.750000 2.291167e-03
-7.500000 2.694007e-03
-7.250000 3.204640e-03
-7.000000 3.808359e-03
-6.750000 4.487502e-03
-6.500000 5.223776e-03
-6.250000 5.998943e-03
-6.000000 6.794917e-03
-5.750000 7.593783e-03
-5.500000 8.377864e-03
-5.250000 9.129868e-03
-5.000000 9.833102e-03
-4.750000 1.047173e-02
-4.500000 1.103102e-02
-4.250000 1.149769e-02
-4.000000 1.186010e-02
-3.750000 1.210857e-02
-3.500000 1.223559e-02
-3.250000 1.223603e-02
-3.000000 1.210735e-02
-2.750000 1.184971e-02
-2.500000 1.146616e-02
-2.250000 1.096276e-02
-2.000000 1.034885e-02
-1.750000 9.637332e-03
-1.500000 8.845278e-03
-1.250000 7.994982e-03
-1.000000 7.115887e-03
-0.750000 6.247944e-03
-0.500000 5.446907e-03
-0.250000 4.789993e-03
0.000000 4.372561e-03
0.250000 4.276065e-03
0.500000 4.512607e-03
0.750000 5.012249e-03
1.000000 5.673769e-03
1.250000 6.410244e-03
1.500000 7.160013e-03
1.750000 7.881601e-03
2.000000 8.547138e-03
2.250000 9.137785e-03
2.500000 9.640991e-03
2.750000 1.004886e-02
3.000000 1.035714e-02
3.250000 1.056457e-02
3.500000 1.067237e-02
3.750000 1.068386e-02
4.000000 1.060405e-02
4.250000 1.043937e-02
4.500000 1.019728e-02
4.750000 9.885982e-03
5.000000 9.514111e-03
5.250000 9.090454e-03
5.500000 8.623705e-03
5.750000 8.122264e-03
6.000000 7.594095e-03
6.250000 7.046652e-03
6.500000 6.486899e-03
6.750000 5.921417e-03
7.000000 5.356649e-03
7.250000 4.799293e-03
7.500000 4.256896e-03
7.750000 3.738754e-03
8.000000 3.257183e-03
8.250000 2.829173e-03
8.500000 2.477771e-03
8.750000 2.230789e-03
9.000000 2.112390e-03
9.250000 2.127870e-03
9.500000 2.255874e-03
9.750000 2.459016e-03
10.000000 2.700048e-03
10.250000 2.949604e-03
10.500000 3.186511e-03
10.750000 3.395794e-03
11.000000 3.566820e-03
11.250000 3.692072e-03
11.500000 3.766411e-03
11.750000 3.786661e-03
12.000000 3.751368e-03
12.250000 3.660653e-03
12.500000 3.516103e-03
12.750000 3.320692e-03
13.000000 3.078697e-03
13.250000 2.795639e-03
13.500000 2.478250e-03
13.750000 2.134551e-03
14.000000 1.774199e-03
14.250000 1.409623e-03
14.500000 1.059551e-03
14.750000 7.603897e-04
15.000000 5.931226e-04
15.250000 6.464124e-04
15.500000 8.548038e-04
15.750000 1.108951e-03
16.000000 1.358611e-03
16.250000 1.583462e-03
16.500000 1.773937e-03
16.750000 1.925153e-03
17.000000 2.034897e-03
17.250000 2.102847e-03
17.500000 2.130205e-03
17.750000 2.119473e-03
18.000000 2.074271e-03
18.250000 1.999159e-03
18.500000 1.899441e-03
18.750000 1.780946e-03
19.000000 1.649764e-03
19.250000 1.511929e-03
19.500000 1.373045e-03
19.750000 1.237834e-03
20.000000 1.109653e-03
20.250000 9.900460e-04
20.500000 8.785022e-04
20.750000 7.725720e-04
21.000000 6.684660e-04
21.250000 5.621260e-04
21.500000 4.508670e-04
21.750000 3.367211e-04
22.000000 2.377862e-04
22.250000 2.181866e-04
22.500000 3.226662e-04
22.750000 4.937645e-04
23.000000 6.941083e-04
23.250000 9.098202e-04
23.500000 1.133006e-03
23.750000 1.357241e-03
24.000000 1.576512e-03
24.250000 1.785023e-03
24.500000 1.977226e-03
24.750000 2.147944e-03
25.000000 2.292509e-03
25.250000 2.406896e-03
25.500000 2.487857e-03
25.750000 2.533025e-03
26.000000 2.541011e-03
26.250000 2.511482e-03
26.500000 2.445223e-03
26.750000 2.344198e-03
27.000000 2.211619e-03
27.250000 2.052056e-03
27.500000 1.871625e-03
27.750000 1.678336e-03
28.000000 1.482700e-03
28.250000 1.298620e-03
28.500000 1.144172e-03
28.750000 1.040324e-03
29.000000 1.004026e-03
29.250000 1.037069e-03
29.500000 1.123325e-03
29.750000 1.238993e-03
30.000000 1.362804e-03
30.250000 1.479161e-03
30.500000 1.577420e-03
30.750000 1.650533e-03
31.000000 1.694027e-03
31.250000 1.705364e-03
31.500000 1.683544e-03
31.750000 1.628848e-03
32.000000 1.542650e-03
32.250000 1.427269e-03
32.500000 1.285842e-03
32.750000 1.122221e-03
33.000000 9.409052e-04
33.250000 7.471121e-04
33.500000 5.472944e-04
33.750000 3.518584e-04
34.000000 1.936700e-04
34.250000 1.979813e-04
34.500000 3.466779e-04
34.750000 5.156535e-04
35.000000 6.765089e-04
35.250000 8.214342e-04
35.500000 9.468045e-04
35.750000 1.050648e-03
36.000000 1.132056e-03
36.250000 1.190992e-03
36.500000 1.228197e-03
36.750000 1.245118e-03
37.000000 1.243829e-03
37.250000 1.226936e-03
37.500000 1.197464e-03
37.750000 1.158705e-03
38.000000 1.114038e-03
38.250000 1.066705e-03
38.500000 1.019562e-03
38.750000 9.748140e-04
39.000000 9.337960e-04
39.250000 8.968618e-04
39.500000 8.634268e-04
39.750000 8.321842e-04
40.000000 8.014451e-04
40.250000 7.695285e-04
40.500000 7.351271e-04
40.750000 6.976137e-04
41.000000 6.572838e-04
41.250000 6.155522e-04
41.500000 5.750989e-04
41.750000 5.398818e-04
42.000000 5.147886e-04
42.250000 5.046059e-04
42.500000 5.123438e-04
42.750000 5.378616e-04
43.000000 5.779602e-04
43.250000 6.277680e-04
43.500000 6.822013e-04
43.750000 7.367853e-04
44.000000 7.879177e-04
44.250000 8.328668e-04
44.500000 8.696936e-04
44.750000 8.971718e-04
45.000000 9.147208e-04
45.250000 9.223487e-04
45.500000 9.205989e-04
45.750000 9.104908e-04
46.000000 8.934477e-04
46.250000 8.712044e-04
46.500000 8.456888e-04
46.750000 8.188708e-04
47.000000 7.925822e-04
47.250000 7.683213e-04
47.500000 7.470743e-04
47.750000 7.291965e-04
48.000000 7.143957e-04
48.250000 7.018315e-04
48.500000 6.903094e-04
48.750000 6.785197e-04
49.000000 6.652689e-04
49.250000 6.496673e-04
49.500000 6.312595e-04
49.750000 6.100971e-04
50.000000 5.867609e-04
