-50.000000 1.319317e-04
-49.750000 1.339917e-04
-49.500000 1.402305e-04
-49.250000 1.506506e-04
-49.000000 1.649107e-04
-48.750000 1.824883e-04
-48.500000 2.028266e-04
-48.250000 2.254165e-04
-48.000000 2.498240e-04
-47.750000 2.756882e-04
-47.500000 3.027080e-04
-47.250000 3.306291e-04
-47.000000 3.592312e-04
-46.750000 3.883195e-04
-46.500000 4.177181e-04
-46.250000 4.472650e-04
-46.000000 4.768091e-04
-45.750000 5.062080e-04
-45.500000 5.353261e-04
-45.250000 5.640345e-04
-45.000000 5.922095e-04
-44.750000 6.197331e-04
-44.500000 6.464928e-04
-44.250000 6.723816e-04
-44.000000 6.972985e-04
-43.750000 7.211487e-04
-43.500000 7.438441e-04
-43.250000 7.653040e-04
-43.000000 7.854559e-04
-42.750000 8.042356e-04
-42.500000 8.215883e-04
-42.250000 8.374695e-04
-42.000000 8.518458e-04
-41.750000 8.646953e-04
-41.500000 8.760093e-04
-41.250000 8.857929e-04
-41.000000 8.940660e-04
-40.750000 9.008645e-04
-40.500000 9.062413e-04
-40.250000 9.102677e-04
-40.000000 9.130342e-04
-39.750000 9.146519e-04
-39.500000 9.152529e-04
-39.250000 9.149919e-04
-39.000000 9.140460e-04
-38.750000 9.126149e-04
-38.500000 9.109210e-04
-38.250000 9.092074e-04
-38.000000 9.077367e-04
-37.750000 9.067871e-04
-37.500000 9.066484e-04
-37.250000 9.076160e-04
-37.000000 9.099842e-04
-36.750000 9.140378e-04
-36.500000 9.200432e-04
-36.250000 9.282393e-04
-36.000000 9.388286e-04
-35.750000 9.519700e-04
-35.500000 9.677722e-04
-35.250000 9.862909e-04
-35.000000 1.007527e-03
-34.750000 1.031429e-03
-34.500000 1.057894e-03
-34.250000 1.086776e-03
-34.000000 1.117890e-03
-33.750000 1.151019e-03
-33.500000 1.185920e-03
-33.250000 1.222333e-03
-33.000000 1.259981e-03
-32.750000 1.298580e-03
-32.500000 1.337841e-03
-32.250000 1.377471e-03
-32.000000 1.417180e-03
-31.750000 1.456679e-03
-31.500000 1.495684e-03
-31.250000 1.533917e-03
-31.000000 1.571105e-03
-30.750000 1.606981e-03
-30.500000 1.641289e-03
-30.250000 1.673777e-03
-30.000000 1.704205e-03
-29.750000 1.732338e-03
-29.500000 1.757954e-03
-29.250000 1.780838e-03
-29.000000 1.800785e-03
-28.750000 1.817600e-03
-28.500000 1.831099e-03
-28.250000 1.841108e-03
-28.000000 1.847466e-03
-27.750000 1.850020e-03
-27.500000 1.848632e-03
-27.250000 1.843174e-03
-27.000000 1.833531e-03
-26.750000 1.819603e-03
-26.500000 1.801300e-03
-26.250000 1.778548e-03
-26.000000 1.751287e-03
-25.750000 1.719471e-03
-25.500000 1.683071e-03
-25.250000 1.642073e-03
-25.000000 1.596482e-03
-24.750000 1.546320e-03
-24.500000 1.491629e-03
-24.250000 1.432475e-03
-24.000000 1.368949e-03
-23.750000 1.301173e-03
-23.500000 1.229304e-03
-23.250000 1.153548e-03
-23.000000 1.074170e-03
-22.750000 9.915250e-04
-22.500000 9.060931e-04
-22.250000 8.185505e-04
-22.000000 7.298905e-04
-21.750000 6.416446e-04
-21.500000 5.562930e-04
-21.250000 4.780057e-04
-21.000000 4.137704e-04
-20.750000 3.740758e-04
-20.500000 3.699629e-04
-20.250000 4.050770e-04
-20.000000 4.727325e-04
-19.750000 5.628085e-04
-19.500000 6.674058e-04
-19.250000 7.815347e-04
-19.000000 9.021652e-04
-18.750000 1.027397e-03
-18.500000 1.155965e-03
-18.250000 1.286969e-03
-18.000000 1.419725e-03
-17.750000 1.553682e-03
-17.500000 1.688371e-03
-17.250000 1.823384e-03
-17.000000 1.958347e-03
-16.750000 2.092916e-03
-16.500000 2.226767e-03
-16.250000 2.359593e-03
-16.000000 2.491097e-03
-15.750000 2.620998e-03
-15.500000 2.749021e-03
-15.250000 2.874905e-03
-15.000000 2.998394e-03
-14.750000 3.119246e-03
-14.500000 3.237225e-03
-14.250000 3.352108e-03
-14.000000 3.463679e-03
-13.750000 3.571736e-03
-13.500000 3.676087e-03
-13.250000 3.776550e-03
-13.000000 3.872957e-03
-12.750000 3.965154e-03
-12.500000 4.052996e-03
-12.250000 4.136355e-03
-12.000000 4.215117e-03
-11.750000 4.289181e-03
-11.500000 4.358461e-03
-11.250000 4.422889e-03
-11.000000 4.482410e-03
-10.750000 4.536987e-03
-10.500000 4.586598e-03
-10.250000 4.631240e-03
-10.000000 4.670926e-03
-9.750000 4.705686e-03
-9.500000 4.735570e-03
-9.250000 4.760644e-03
-9.000000 4.780991e-03
-8.750000 4.796717e-03
-8.500000 4.807940e-03
-8.250000 4.814802e-03
-8.000000 4.817460e-03
-7.750000 4.816090e-03
-7.500000 4.810887e-03
-7.250000 4.802062e-03
-7.000000 4.789846e-03
-6.750000 4.774485e-03
-6.500000 4.756241e-03
-6.250000 4.735394e-03
-6.000000 4.712237e-03
-5.750000 4.687077e-03
-5.500000 4.660233e-03
-5.250000 4.632037e-03
-5.000000 4.602827e-03
-4.750000 4.572950e-03
-4.500000 4.542757e-03
-4.250000 4.512603e-03
-4.000000 4.482840e-03
-3.750000 4.453816e-03
-3.500000 4.425874e-03
-3.250000 4.399344e-03
-3.000000 4.374542e-03
-2.750000 4.351764e-03
-2.500000 4.331284e-03
-2.250000 4.313350e-03
-2.000000 4.298180e-03
-1.750000 4.285955e-03
-1.500000 4.276824e-03
-1.250000 4.270894e-03
-1.000000 4.268232e-03
-0.750000 4.268865e-03
-0.500000 4.272776e-03
-0.250000 4.279908e-03
0.000000 4.290163e-03
0.250000 4.303406e-03
0.500000 4.319466e-03
0.750000 4.338140e-03
1.000000 4.359196e-03
1.250000 4.382377e-03
1.500000 4.407404e-03
1.750000 4.433983e-03
2.000000 4.461804e-03
2.250000 4.490552e-03
2.500000 4.519901e-03
2.750000 4.549527e-03
3.000000 4.579104e-03
3.250000 4.608311e-03
3.500000 4.636832e-03
3.750000 4.664359e-03
4.000000 4.690594e-03
4.250000 4.715249e-03
4.500000 4.738051e-03
4.750000 4.758738e-03
5.000000 4.777063e-03
5.250000 4.792796e-03
5.500000 4.805721e-03
5.750000 4.815636e-03
6.000000 4.822358e-03
6.250000 4.825718e-03
6.500000 4.825566e-03
6.750000 4.821764e-03
7.000000 4.814194e-03
7.250000 4.802751e-03
7.500000 4.787346e-03
7.750000 4.767907e-03
8.000000 4.744375e-03
8.250000 4.716707e-03
8.500000 4.684874e-03
8.750000 4.648859e-03
9.000000 4.608663e-03
9.250000 4.564296e-03
9.500000 4.515783e-03
9.750000 4.463160e-03
10.000000 4.406476e-03
10.250000 4.345792e-03
10.500000 4.281178e-03
10.750000 4.212716e-03
11.000000 4.140499e-03
11.250000 4.064627e-03
11.500000 3.985213e-03
11.750000 3.902376e-03
12.000000 3.816244e-03
12.250000 3.726953e-03
12.500000 3.634646e-03
12.750000 3.539475e-03
13.000000 3.441597e-03
13.250000 3.341174e-03
13.500000 3.238377e-03
13.750000 3.133379e-03
14.000000 3.026361e-03
14.250000 2.917506e-03
14.500000 2.807003e-03
14.750000 2.695045e-03
15.000000 2.581829e-03
15.250000 2.467555e-03
15.500000 2.352426e-03
15.750000 2.236652e-03
16.000000 2.120444e-03
16.250000 2.004020e-03
16.500000 1.887600e-03
16.750000 1.771416e-03
17.000000 1.655703e-03
17.250000 1.540713e-03
17.500000 1.426709e-03
17.750000 1.313980e-03
18.000000 1.202845e-03
18.250000 1.093671e-03
18.500000 9.868910e-04
18.750000 8.830473e-04
19.000000 7.828443e-04
19.250000 6.872473e-04
19.500000 5.976394e-04
19.750000 5.160726e-04
20.000000 4.456137e-04
20.250000 3.906278e-04
20.500000 3.563721e-04
20.750000 3.469155e-04
21.000000 3.621156e-04
21.250000 3.972148e-04
21.500000 4.457822e-04
21.750000 5.023461e-04
22.000000 5.630811e-04
22.250000 6.254957e-04
22.500000 6.879824e-04
22.750000 7.494849e-04
23.000000 8.092896e-04
23.250000 8.669001e-04
23.500000 9.219617e-04
23.750000 9.742156e-04
24.000000 1.023470e-03
24.250000 1.069581e-03
24.500000 1.112443e-03
24.750000 1.151978e-03
25.000000 1.188129e-03
25.250000 1.220862e-03
25.500000 1.250155e-03
25.750000 1.276002e-03
26.000000 1.298410e-03
26.250000 1.317395e-03
26.500000 1.332987e-03
26.750000 1.345221e-03
27.000000 1.354143e-03
27.250000 1.359807e-03
27.500000 1.362274e-03
27.750000 1.361614e-03
28.000000 1.357901e-03
28.250000 1.351217e-03
28.500000 1.341649e-03
28.750000 1.329291e-03
29.000000 1.314241e-03
29.250000 1.296601e-03
29.500000 1.276479e-03
29.750000 1.253987e-03
30.000000 1.229238e-03
30.250000 1.202351e-03
30.500000 1.173448e-03
30.750000 1.142651e-03
31.000000 1.110086e-03
31.250000 1.075881e-03
31.500000 1.040164e-03
31.750000 1.003065e-03
32.000000 9.647147e-04
32.250000 9.252426e-04
32.500000 8.847794e-04
32.750000 8.434550e-04
33.000000 8.013982e-04
33.250000 7.587367e-04
33.500000 7.155967e-04
33.750000 6.721023e-04
34.000000 6.283755e-04
34.250000 5.845357e-04
34.500000 5.406997e-04
34.750000 4.969811e-04
35.000000 4.534906e-04
35.250000 4.103358e-04
35.500000 3.676213e-04
35.750000 3.254494e-04
36.000000 2.839217e-04
36.250000 2.431411e-04
36.500000 2.032184e-04
36.750000 1.642866e-04
37.000000 1.265392e-04
37.250000 9.035633e-05
37.500000 5.685964e-05
37.750000 3.154256e-05
38.000000 3.492526e-05
38.250000 6.061265e-05
38.500000 9.012999e-05
38.750000 1.197382e-04
39.000000 1.486266e-04
39.250000 1.765331e-04
39.500000 2.033533e-04
39.750000 2.290446e-04
40.000000 2.535952e-04
40.250000 2.770117e-04
40.500000 2.993142e-04
40.750000 3.205330e-04
41.000000 3.407075e-04
41.250000 3.598844e-04
41.500000 3.781175e-04
41.750000 3.954667e-04
42.000000 4.119972e-04
42.250000 4.277790e-04
42.500000 4.428855e-04
42.750000 4.573935e-04
43.000000 4.713815e-04
43.250000 4.849290e-04
43.500000 4.981154e-04
43.750000 5.110189e-04
44.000000 5.237153e-04
44.250000 5.362768e-04
44.500000 5.487713e-04
44.750000 5.612607e-04
45.000000 5.738004e-04
45.250000 5.864386e-04
45.500000 5.992150e-04
45.750000 6.121610e-04
46.000000 6.252989e-04
46.250000 6.386417e-04
46.500000 6.521935e-04
46.750000 6.659493e-04
47.000000 6.798957e-04
47.250000 6.940110e-04
47.500000 7.082659e-04
47.750000 7.226245e-04
48.000000 7.370444e-04
48.250000 7.514782e-04
48.500000 7.658735e-04
48.750000 7.801743e-04
49.000000 7.943216e-04
49.250000 8.082538e-04
49.500000 8.219080e-04
49.750000 8.352200e-04
50.000000 8.481252e-04
