-50.000000 5.040751e-02
-49.750000 4.954579e-02
-49.500000 4.818528e-02
-49.250000 4.633777e-02
-49.000000 4.402140e-02
-48.750000 4.126113e-02
-48.500000 3.808960e-02
-48.250000 3.454865e-02
-48.000000 3.069256e-02
-47.750000 2.659464e-02
-47.500000 2.236226e-02
-47.250000 1.817303e-02
-47.000000 1.436505e-02
-46.750000 1.162642e-02
-46.500000 1.102346e-02
-46.250000 1.295876e-02
-46.000000 1.656953e-02
-45.750000 2.095348e-02
-45.500000 2.562567e-02
-45.250000 3.033801e-02
-45.000000 3.494472e-02
-44.750000 3.934585e-02
-44.500000 4.346471e-02
-44.250000 4.723811e-02
-44.000000 5.061215e-02
-43.750000 5.354026e-02
-43.500000 5.598231e-02
-43.250000 5.790432e-02
-43.000000 5.927838e-02
-42.750000 6.008274e-02
-42.500000 6.030196e-02
-42.250000 5.992709e-02
-42.000000 5.895583e-02
-41.750000 5.739280e-02
-41.500000 5.524975e-02
-41.250000 5.254594e-02
-41.000000 4.930873e-02
-40.750000 4.557455e-02
-40.500000 4.139076e-02
-40.250000 3.681936e-02
-40.000000 3.194467e-02
-39.750000 2.689078e-02
-39.500000 2.186365e-02
-39.250000 1.725776e-02
-39.000000 1.388855e-02
-38.750000 1.306753e-02
-38.500000 1.535654e-02
-38.250000 1.972405e-02
-38.000000 2.505603e-02
-37.750000 3.075674e-02
-37.500000 3.652423e-02
-37.250000 4.218185e-02
-37.000000 4.760842e-02
-36.750000 5.271045e-02
-36.500000 5.741041e-02
-36.250000 6.164156e-02
-36.000000 6.534565e-02
-35.750000 6.847188e-02
-35.500000 7.097655e-02
-35.250000 7.282305e-02
-35.000000 7.398198e-02
-34.750000 7.443136e-02
-34.500000 7.415690e-02
-34.250000 7.315224e-02
-34.000000 7.141925e-02
-33.750000 6.896840e-02
-33.500000 6.581916e-02
-33.250000 6.200063e-02
-33.000000 5.755269e-02
-32.750000 5.252786e-02
-32.500000 4.699515e-02
-32.250000 4.104780e-02
-32.000000 3.482061e-02
-31.750000 2.853125e-02
-31.500000 2.258587e-02
-31.250000 1.783434e-02
-31.000000 1.584841e-02
-30.750000 1.783502e-02
-30.500000 2.285358e-02
-30.250000 2.935596e-02
-30.000000 3.645540e-02
-29.750000 4.371476e-02
-29.500000 5.088889e-02
-29.250000 5.781480e-02
-29.000000 6.436875e-02
-28.750000 7.044855e-02
-28.500000 7.596596e-02
-28.250000 8.084328e-02
-28.000000 8.501185e-02
-27.750000 8.841157e-02
-27.500000 9.099087e-02
-27.250000 9.270685e-02
-27.000000 9.352567e-02
-26.750000 9.342292e-02
-26.500000 9.238403e-02
-26.250000 9.040476e-02
-26.000000 8.749172e-02
-25.750000 8.366306e-02
-25.500000 7.894946e-02
-25.250000 7.339568e-02
-25.000000 6.706335e-02
-24.750000 6.003625e-02
-24.500000 5.243129e-02
-24.250000 4.442292e-02
-24.000000 3.630247e-02
-23.750000 2.863274e-02
-23.500000 2.262620e-02
-23.250000 2.050911e-02
-23.000000 2.376396e-02
-22.750000 3.089435e-02
-22.500000 3.988244e-02
-22.250000 4.963951e-02
-22.000000 5.963103e-02
-21.750000 6.955087e-02
-21.500000 7.918955e-02
-21.250000 8.838322e-02
-21.000000 9.699288e-02
-20.750000 1.048954e-01
-20.500000 1.119795e-01
-20.250000 1.181443e-01
-20.000000 1.232987e-01
-19.750000 1.273615e-01
-19.500000 1.302621e-01
-19.250000 1.319409e-01
-19.000000 1.323499e-01
-18.750000 1.314535e-01
-18.500000 1.292295e-01
-18.250000 1.256700e-01
-18.000000 1.207822e-01
-17.750000 1.145900e-01
-17.500000 1.071366e-01
-17.250000 9.848785e-02
-17.000000 8.873912e-02
-16.750000 7.802946e-02
-16.500000 6.657207e-02
-16.250000 5.472866e-02
-16.000000 4.320728e-02
-15.750000 3.359372e-02
-15.500000 2.919021e-02
-15.250000 3.310528e-02
-15.000000 4.361510e-02
-14.750000 5.739330e-02
-14.500000 7.261465e-02
-14.250000 8.842032e-02
-14.000000 1.043347e-01
-13.750000 1.200354e-01
-13.500000 1.352679e-01
-13.250000 1.498111e-01
-13.000000 1.634632e-01
-12.750000 1.760353e-01
-12.500000 1.873488e-01
-12.250000 1.972346e-01
-12.000000 2.055333e-01
-11.750000 2.120961e-01
-11.500000 2.167856e-01
-11.250000 2.194773e-01
-11.000000 2.200607e-01
-10.750000 2.184412e-01
-10.500000 2.145421e-01
-10.250000 2.083068e-01
-10.000000 1.997025e-01
-9.750000 1.887247e-01
-9.500000 1.754065e-01
-9.250000 1.598332e-01
-9.000000 1.421734e-01
-8.750000 1.227459e-01
-8.500000 1.021829e-01
-8.250000 8.186307e-02
-8.000000 6.505819e-02
-7.750000 5.858527e-02
-7.500000 6.856558e-02
-7.250000 9.182931e-02
-7.000000 1.224782e-01
-6.750000 1.573250e-01
-6.500000 1.949052e-01
-6.250000 2.344470e-01
-6.000000 2.754574e-01
-5.750000 3.175637e-01
-5.500000 3.604486e-01
-5.250000 4.038225e-01
-5.000000 4.474091e-01
-4.750000 4.909403e-01
-4.500000 5.341527e-01
-4.250000 5.767872e-01
-4.000000 6.185889e-01
-3.750000 6.593078e-01
-3.500000 6.987002e-01
-3.250000 7.365295e-01
-3.000000 7.725678e-01
-2.750000 8.065973e-01
-2.500000 8.384116e-01
-2.250000 8.678172e-01
-2.000000 8.946346e-01
-1.750000 9.186995e-01
-1.500000 9.398644e-01
-1.250000 9.579991e-01
-1.000000 9.729919e-01
-0.750000 9.847502e-01
-0.500000 9.932013e-01
-0.250000 9.982929e-01
0.000000 9.999937e-01
0.250000 9.982929e-01
0.500000 9.932013e-01
0.750000 9.847502e-01
1.000000 9.729919e-01
1.250000 9.579991e-01
1.500000 9.398644e-01
1.750000 9.186995e-01
2.000000 8.946346e-01
2.250000 8.678172e-01
2.500000 8.384116e-01
2.750000 8.065973e-01
3.000000 7.725678e-01
3.250000 7.365295e-01
3.500000 6.987002e-01
3.750000 6.593078e-01
4.000000 6.185889e-01
4.250000 5.767872e-01
4.500000 5.341527e-01
4.750000 4.909403e-01
5.000000 4.474091e-01
5.250000 4.038225e-01
5.500000 3.604486e-01
5.750000 3.175637e-01
6.000000 2.754574e-01
6.250000 2.344470e-01
6.500000 1.949052e-01
6.750000 1.573250e-01
7.000000 1.224782e-01
7.250000 9.182931e-02
7.500000 6.856558e-02
7.750000 5.858527e-02
8.000000 6.505819e-02
8.250000 8.186307e-02
8.500000 1.021829e-01
8.750000 1.227459e-01
9.000000 1.421734e-01
9.250000 1.598332e-01
9.500000 1.754065e-01
9.750000 1.887247e-01
10.000000 1.997025e-01
10.250000 2.083068e-01
10.500000 2.145421e-01
10.750000 2.184412e-01
11.000000 2.200607e-01
11.250000 2.194773e-01
11.500000 2.167856e-01
11.750000 2.120961e-01
12.000000 2.055333e-01
12.250000 1.972346e-01
12.500000 1.873488e-01
12.750000 1.760353e-01
13.000000 1.634632e-01
13.250000 1.498111e-01
13.500000 1.352679e-01
13.750000 1.200354e-01
14.000000 1.043347e-01
14.250000 8.842032e-02
14.500000 7.261465e-02
14.750000 5.739330e-02
15.000000 4.361510e-02
15.250000 3.310528e-02
15.500000 2.919021e-02
15.750000 3.359372e-02
16.000000 4.320728e-02
16.250000 5.472866e-02
16.500000 6.657207e-02
16.750000 7.802946e-02
17.000000 8.873912e-02
17.250000 9.848785e-02
17.500000 1.071366e-01
17.750000 1.145900e-01
18.000000 1.207822e-01
18.250000 1.256700e-01
18.500000 1.292295e-01
18.750000 1.314535e-01
19.000000 1.323499e-01
19.250000 1.319409e-01
19.500000 1.302621e-01
19.750000 1.273615e-01
20.000000 1.232987e-01
20.250000 1.181443e-01
20.500000 1.119795e-01
20.750000 1.048954e-01
21.000000 9.699288e-02
21.250000 8.838322e-02
21.500000 7.918955e-02
21.750000 6.955087e-02
22.000000 5.963103e-02
22.250000 4.963951e-02
22.500000 3.988244e-02
22.750000 3.089435e-02
23.000000 2.376396e-02
23.250000 2.050911e-02
23.500000 2.262620e-02
23.750000 2.863274e-02
24.000000 3.630247e-02
24.250000 4.442292e-02
24.500000 5.243129e-02
24.750000 6.003625e-02
25.000000 6.706335e-02
25.250000 7.339568e-02
25.500000 7.894946e-02
25.750000 8.366306e-02
26.000000 8.749172e-02
26.250000 9.040476e-02
26.500000 9.238403e-02
26.750000 9.342292e-02
27.000000 9.352567e-02
27.250000 9.270685e-02
27.500000 9.099087e-02
27.750000 8.841157e-02
28.000000 8.501185e-02
28.250000 8.084328e-02
28.500000 7.596596e-02
28.750000 7.044855e-02
29.000000 6.436875e-02
29.250000 5.781480e-02
29.500000 5.088889e-02
29.750000 4.371476e-02
30.000000 3.645540e-02
30.250000 2.935596e-02
30.500000 2.285358e-02
30.750000 1.783502e-02
31.000000 1.584841e-02
31.250000 1.783434e-02
31.500000 2.258587e-02
31.750000 2.853125e-02
32.000000 3.482061e-02
32.250000 4.104780e-02
32.500000 4.699515e-02
32.750000 5.252786e-02
33.000000 5.755269e-02
33.250000 6.200063e-02
33.500000 6.581916e-02
33.750000 6.896840e-02
34.000000 7.141925e-02
34.250000 7.315224e-02
34.500000 7.415690e-02
34.750000 7.443136e-02
35.000000 7.398198e-02
35.250000 7.282305e-02
35.500000 7.097655e-02
35.750000 6.847188e-02
36.000000 6.534565e-02
36.250000 6.164156e-02
36.500000 5.741041e-02
36.750000 5.271045e-02
37.000000 4.760842e-02
37.250000 4.218185e-02
37.500000 3.652423e-02
37.750000 3.075674e-02
38.000000 2.505603e-02
38.250000 1.972405e-02
38.500000 1.535654e-02
38.750000 1.306753e-02
39.000000 1.388855e-02
39.250000 1.725776e-02
39.500000 2.186365e-02
39.750000 2.689078e-02
40.000000 3.194467e-02
40.250000 3.681936e-02
40.500000 4.139076e-02
40.750000 4.557455e-02
41.000000 4.930873e-02
41.250000 5.254594e-02
41.500000 5.524975e-02
41.750000 5.739280e-02
42.000000 5.895583e-02
42.250000 5.992709e-02
42.500000 6.030196e-02
42.750000 6.008274e-02
43.000000 5.927838e-02
43.250000 5.790432e-02
43.500000 5.598231e-02
43.750000 5.354026e-02
44.000000 5.061215e-02
44.250000 4.723811e-02
44.500000 4.346471e-02
44.750000 3.934585e-02
45.000000 3.494472e-02
45.250000 3.033801e-02
45.500000 2.562567e-02
45.750000 2.095348e-02
46.000000 1.656953e-02
46.250000 1.295876e-02
46.500000 1.102346e-02
46.750000 1.162642e-02
47.000000 1.436505e-02
47.250000 1.817303e-02
47.500000 2.236226e-02
47.750000 2.659464e-02
48.000000 3.069256e-02
48.250000 3.454865e-02
48.500000 3.808960e-02
48.750000 4.126113e-02
49.000000 4.402140e-02
49.250000 4.633777e-02
49.500000 4.818528e-02
49.750000 4.954579e-02
50.000000 5.040751e-02
