-50.000000 8.495335e-04
-49.750000 8.672779e-04
-49.500000 8.853927e-04
-49.250000 9.027867e-04
-49.000000 9.184561e-04
-48.750000 9.315239e-04
-48.500000 9.412625e-04
-48.250000 9.471054e-04
-48.000000 9.486498e-04
-47.750000 9.456549e-04
-47.500000 9.380353e-04
-47.250000 9.258529e-04
-47.000000 9.093065e-04
-46.750000 8.887209e-04
-46.500000 8.645338e-04
-46.250000 8.372832e-04
-46.000000 8.075925e-04
-45.750000 7.761557e-04
-45.500000 7.437197e-04
-45.250000 7.110661e-04
-45.000000 6.789888e-04
-44.750000 6.482683e-04
-44.500000 6.196411e-04
-44.250000 5.937652e-04
-44.000000 5.711825e-04
-43.750000 5.522822e-04
-43.500000 5.372723e-04
-43.250000 5.261640e-04
-43.000000 5.187763e-04
-42.750000 5.147595e-04
-42.500000 5.136326e-04
-42.250000 5.148268e-04
-42.000000 5.177260e-04
-41.750000 5.216966e-04
-41.500000 5.261067e-04
-41.250000 5.303338e-04
-41.000000 5.337652e-04
-40.750000 5.357942e-04
-40.500000 5.358162e-04
-40.250000 5.332256e-04
-40.000000 5.274169e-04
-39.750000 5.177887e-04
-39.500000 5.037517e-04
-39.250000 4.847402e-04
-39.000000 4.602259e-04
-38.750000 4.297339e-04
-38.500000 3.928605e-04
-38.250000 3.492923e-04
-38.000000 2.988310e-04
-37.750000 2.414311e-04
-37.500000 1.773012e-04
-37.250000 1.073860e-04
-37.000000 3.988780e-05
-36.750000 6.863153e-05
-36.500000 1.545937e-04
-36.250000 2.487732e-04
-36.000000 3.477394e-04
-35.750000 4.500638e-04
-35.500000 5.544927e-04
-35.250000 6.597394e-04
-35.000000 7.644491e-04
-34.750000 8.672028e-04
-34.500000 9.665319e-04
-34.250000 1.060939e-03
-34.000000 1.148922e-03
-33.750000 1.229002e-03
-33.500000 1.299751e-03
-33.250000 1.359823e-03
-33.000000 1.407985e-03
-32.750000 1.443155e-03
-32.500000 1.464437e-03
-32.250000 1.471163e-03
-32.000000 1.462941e-03
-31.750000 1.439714e-03
-31.500000 1.401837e-03
-31.250000 1.350174e-03
-31.000000 1.286254e-03
-30.750000 1.212482e-03
-30.500000 1.132458e-03
-30.250000 1.051428e-03
-30.000000 9.767910e-04
-29.750000 9.183672e-04
-29.500000 8.875988e-04
-29.250000 8.947321e-04
-29.000000 9.447302e-04
-28.750000 1.035300e-03
-28.500000 1.158948e-03
-28.250000 1.306565e-03
-28.000000 1.469729e-03
-27.750000 1.641395e-03
-27.500000 1.815801e-03
-27.250000 1.988185e-03
-27.000000 2.154531e-03
-26.750000 2.311386e-03
-26.500000 2.455753e-03
-26.250000 2.585034e-03
-26.000000 2.696992e-03
-25.750000 2.789746e-03
-25.500000 2.861769e-03
-25.250000 2.911897e-03
-25.000000 2.939337e-03
-24.750000 2.943682e-03
-24.500000 2.924918e-03
-24.250000 2.883436e-03
-24.000000 2.820040e-03
-23.750000 2.735954e-03
-23.500000 2.632827e-03
-23.250000 2.512747e-03
-23.000000 2.378246e-03
-22.750000 2.232320e-03
-22.500000 2.078456e-03
-22.250000 1.920663e-03
-22.000000 1.763512e-03
-21.750000 1.612151e-03
-21.500000 1.472259e-03
-21.250000 1.349806e-03
-21.000000 1.250487e-03
-20.750000 1.178700e-03
-20.500000 1.136266e-03
-20.250000 1.121542e-03
-20.000000 1.129633e-03
-19.750000 1.153736e-03
-19.500000 1.186824e-03
-19.250000 1.222933e-03
-19.000000 1.257830e-03
-18.750000 1.289241e-03
-18.500000 1.316871e-03
-18.250000 1.342343e-03
-18.000000 1.369047e-03
-17.750000 1.401853e-03
-17.500000 1.446558e-03
-17.250000 1.509036e-03
-17.000000 1.594213e-03
-16.750000 1.705153e-03
-16.500000 1.842579e-03
-16.250000 2.004942e-03
-16.000000 2.188885e-03
-15.750000 2.389827e-03
-15.500000 2.602480e-03
-15.250000 2.821220e-03
-15.000000 3.040331e-03
-14.750000 3.254157e-03
-14.500000 3.457201e-03
-14.250000 3.644206e-03
-14.000000 3.810226e-03
-13.750000 3.950698e-03
-13.500000 4.061527e-03
-13.250000 4.139182e-03
-13.000000 4.180809e-03
-12.750000 4.184374e-03
-12.500000 4.148843e-03
-12.250000 4.074424e-03
-12.000000 3.962900e-03
-11.750000 3.818105e-03
-11.500000 3.646604e-03
-11.250000 3.458652e-03
-11.000000 3.269429e-03
-10.750000 3.100294e-03
-10.500000 2.979077e-03
-10.250000 2.937486e-03
-10.000000 3.003908e-03
-9.750000 3.193958e-03
-9.500000 3.505810e-03
-9.250000 3.924073e-03
-9.000000 4.427565e-03
-8.750000 4.995100e-03
-8.500000 5.607888e-03
-8.250000 6.249851e-03
-8.000000 6.907180e-03
-7.750000 7.567790e-03
-7.500000 8.220876e-03
-7.250000 8.856619e-03
-7.000000 9.465992e-03
-6.750000 1.004066e-02
-6.500000 1.057292e-02
-6.250000 1.105573e-02
-6.000000 1.148264e-02
-5.750000 1.184792e-02
-5.500000 1.214650e-02
-5.250000 1.237407e-02
-5.000000 1.252705e-02
-4.750000 1.260268e-02
-4.500000 1.259902e-02
-4.250000 1.251495e-02
-4.000000 1.235020e-02
-3.750000 1.210533e-02
-3.500000 1.178175e-02
-3.250000 1.138169e-02
-3.000000 1.090816e-02
-2.750000 1.036496e-02
-2.500000 9.756595e-03
-2.250000 9.088286e-03
-2.000000 8.365903e-03
-1.750000 7.595957e-03
-1.500000 6.785611e-03
-1.250000 5.942759e-03
-1.000000 5.076279e-03
-0.750000 4.196697e-03
-0.500000 3.318025e-03
-0.250000 2.463457e-03
0.000000 1.686554e-03
0.250000 1.156145e-03
0.500000 1.221910e-03
0.750000 1.792677e-03
1.000000 2.521238e-03
1.250000 3.277987e-03
1.500000 4.021934e-03
1.750000 4.735768e-03
2.000000 5.410115e-03
2.250000 6.039088e-03
2.500000 6.618768e-03
2.750000 7.146594e-03
3.000000 7.621081e-03
3.250000 8.041672e-03
3.500000 8.408642e-03
3.750000 8.723020e-03
4.000000 8.986513e-03
4.250000 9.201432e-03
4.500000 9.370601e-03
4.750000 9.497267e-03
5.000000 9.584988e-03
5.250000 9.637524e-03
5.500000 9.658713e-03
5.750000 9.652343e-03
6.000000 9.622032e-03
6.250000 9.571102e-03
6.500000 9.502478e-03
6.750000 9.418589e-03
7.000000 9.321310e-03
7.250000 9.211918e-03
7.500000 9.091087e-03
7.750000 8.958913e-03
8.000000 8.814972e-03
8.250000 8.658400e-03
8.500000 8.488000e-03
8.750000 8.302351e-03
9.000000 8.099935e-03
9.250000 7.879254e-03
9.500000 7.638938e-03
9.750000 7.377851e-03
10.000000 7.095164e-03
10.250000 6.790426e-03
10.500000 6.463611e-03
10.750000 6.115139e-03
11.000000 5.745898e-03
11.250000 5.357230e-03
11.500000 4.950921e-03
11.750000 4.529170e-03
12.000000 4.094553e-03
12.250000 3.649974e-03
12.500000 3.198622e-03
12.750000 2.743920e-03
13.000000 2.289486e-03
13.250000 1.839123e-03
13.500000 1.396894e-03
13.750000 9.675742e-04
14.000000 5.591903e-04
14.250000 2.140045e-04
14.500000 3.026698e-04
14.750000 6.320067e-04
15.000000 9.561040e-04
15.250000 1.256427e-03
15.500000 1.528470e-03
15.750000 1.770062e-03
16.000000 1.979973e-03
16.250000 2.157611e-03
16.500000 2.302930e-03
16.750000 2.416397e-03
17.000000 2.498975e-03
17.250000 2.552107e-03
17.500000 2.577702e-03
17.750000 2.578111e-03
18.000000 2.556107e-03
18.250000 2.514853e-03
18.500000 2.457859e-03
18.750000 2.388931e-03
19.000000 2.312090e-03
19.250000 2.231472e-03
19.500000 2.151172e-03
19.750000 2.075053e-03
20.000000 2.006496e-03
20.250000 1.948130e-03
20.500000 1.901577e-03
20.750000 1.867283e-03
21.000000 1.844487e-03
21.250000 1.831354e-03
21.500000 1.825251e-03
21.750000 1.823089e-03
22.000000 1.821668e-03
22.250000 1.817964e-03
22.500000 1.809328e-03
22.750000 1.793616e-03
23.000000 1.769260e-03
23.250000 1.735282e-03
23.500000 1.691297e-03
23.750000 1.637496e-03
24.000000 1.574622e-03
24.250000 1.503954e-03
24.500000 1.427277e-03
24.750000 1.346871e-03
25.000000 1.265476e-03
25.250000 1.186234e-03
25.500000 1.112573e-03
25.750000 1.047978e-03
26.000000 9.956153e-04
26.250000 9.578017e-04
26.500000 9.354674e-04
26.750000 9.278239e-04
27.000000 9.324471e-04
27.250000 9.457594e-04
27.500000 9.636846e-04
27.750000 9.822220e-04
28.000000 9.978181e-04
28.250000 1.007543e-03
28.500000 1.009143e-03
28.750000 1.001024e-03
29.000000 9.822240e-04
29.250000 9.523871e-04
29.500000 9.117604e-04
29.750000 8.612296e-04
30.000000 8.024108e-04
30.250000 7.378317e-04
30.500000 6.712418e-04
30.750000 6.080597e-04
31.000000 5.557783e-04
31.250000 5.235966e-04
31.500000 5.199929e-04
31.750000 5.485230e-04
32.000000 6.058500e-04
32.250000 6.844209e-04
32.500000 7.762647e-04
32.750000 8.748063e-04
33.000000 9.750478e-04
33.250000 1.073226e-03
33.500000 1.166466e-03
33.750000 1.252536e-03
34.000000 1.329694e-03
34.250000 1.396605e-03
34.500000 1.452279e-03
34.750000 1.496046e-03
35.000000 1.527531e-03
35.250000 1.546641e-03
35.500000 1.553553e-03
35.750000 1.548704e-03
36.000000 1.532776e-03
36.250000 1.506687e-03
36.500000 1.471569e-03
36.750000 1.428755e-03
37.000000 1.379754e-03
37.250000 1.326221e-03
37.500000 1.269920e-03
37.750000 1.212675e-03
38.000000 1.156306e-03
38.250000 1.102538e-03
38.500000 1.052901e-03
38.750000 1.008606e-03
39.000000 9.704293e-04
39.250000 9.386187e-04
39.500000 9.128577e-04
39.750000 8.923012e-04
40.000000 8.756832e-04
40.250000 8.614718e-04
40.500000 8.480386e-04
40.750000 8.338090e-04
41.000000 8.173780e-04
41.250000 7.975841e-04
41.500000 7.735498e-04
41.750000 7.446950e-04
42.000000 7.107345e-04
42.250000 6.716664e-04
42.500000 6.277588e-04
42.750000 5.795388e-04
43.000000 5.277917e-04
43.250000 4.735784e-04
43.500000 4.182861e-04
43.750000 3.637372e-04
44.000000 3.123871e-04
44.250000 2.676095e-04
44.500000 2.338440e-04
44.750000 2.157825e-04
45.000000 2.157344e-04
45.250000 2.312970e-04
45.500000 2.568981e-04
45.750000 2.870580e-04
46.000000 3.178192e-04
46.250000 3.466454e-04
46.500000 3.719910e-04
46.750000 3.929731e-04
47.000000 4.091755e-04
47.250000 4.205387e-04
47.500000 4.272977e-04
47.750000 4.299430e-04
48.000000 4.291917e-04
48.250000 4.259559e-04
48.500000 4.212992e-04
48.750000 4.163722e-04
49.000000 4.123184e-04
49.250000 4.101527e-04
49.500000 4.106277e-04
49.750000 4.141190e-04
50.000000 4.205661e-04
