-50.000000 5.280660e-04
-49.750000 5.070506e-04
-49.500000 4.742770e-04
-49.250000 4.304001e-04
-49.000000 3.772728e-04
-48.750000 3.184515e-04
-48.500000 2.602942e-04
-48.250000 2.140673e-04
-48.000000 1.961718e-04
-47.750000 2.155249e-04
-47.500000 2.610882e-04
-47.250000 3.163031e-04
-47.000000 3.702625e-04
-46.750000 4.168021e-04
-46.500000 4.523876e-04
-46.250000 4.750599e-04
-46.000000 4.839671e-04
-45.750000 4.791335e-04
-45.500000 4.613322e-04
-45.250000 4.320353e-04
-45.000000 3.934778e-04
-44.750000 3.489374e-04
-44.500000 3.034110e-04
-44.250000 2.647953e-04
-44.000000 2.444428e-04
-43.750000 2.527823e-04
-43.500000 2.903439e-04
-43.250000 3.481680e-04
-43.000000 4.161941e-04
-42.750000 4.868390e-04
-42.500000 5.545915e-04
-42.250000 6.151759e-04
-42.000000 6.651060e-04
-41.750000 7.015395e-04
-41.500000 7.222915e-04
-41.250000 7.259184e-04
-41.000000 7.118263e-04
-40.750000 6.803796e-04
-40.500000 6.330072e-04
-40.250000 5.723243e-04
-40.000000 5.023261e-04
-39.750000 4.287627e-04
-39.500000 3.598120e-04
-39.250000 3.066660e-04
-39.000000 2.813560e-04
-38.750000 2.882009e-04
-38.500000 3.180276e-04
-38.250000 3.563063e-04
-38.000000 3.917381e-04
-37.750000 4.175187e-04
-37.500000 4.300935e-04
-37.250000 4.281219e-04
-37.000000 4.118879e-04
-36.750000 3.829757e-04
-36.500000 3.441052e-04
-36.250000 2.991304e-04
-36.000000 2.532905e-04
-35.750000 2.137557e-04
-35.500000 1.896168e-04
-35.250000 1.882048e-04
-35.000000 2.084612e-04
-34.750000 2.424256e-04
-34.500000 2.826694e-04
-34.250000 3.249498e-04
-34.000000 3.673666e-04
-33.750000 4.091939e-04
-33.500000 4.500652e-04
-33.250000 4.894704e-04
-33.000000 5.264941e-04
-32.750000 5.597509e-04
-32.500000 5.874656e-04
-32.250000 6.076390e-04
-32.000000 6.182459e-04
-31.750000 6.174269e-04
-31.500000 6.036522e-04
-31.250000 5.758494e-04
-31.000000 5.334967e-04
-30.750000 4.766881e-04
-30.500000 4.061870e-04
-30.250000 3.235095e-04
-30.000000 2.312097e-04
-29.750000 1.345537e-04
-29.500000 6.190416e-05
-29.250000 1.161148e-04
-29.000000 2.163908e-04
-28.750000 3.165885e-04
-28.500000 4.084138e-04
-28.250000 4.868897e-04
-28.000000 5.478265e-04
-27.750000 5.875869e-04
-27.500000 6.031741e-04
-27.250000 5.923913e-04
-27.000000 5.540149e-04
-26.750000 4.879674e-04
-26.500000 3.955088e-04
-26.250000 2.796282e-04
-26.000000 1.473821e-04
-25.750000 6.503385e-05
-25.500000 1.960750e-04
-25.250000 3.599482e-04
-25.000000 5.226481e-04
-24.750000 6.742877e-04
-24.500000 8.066405e-04
-24.250000 9.122317e-04
-24.000000 9.845212e-04
-23.750000 1.018240e-03
-23.500000 1.009733e-03
-23.250000 9.572767e-04
-23.000000 8.613398e-04
-22.750000 7.248322e-04
-22.500000 5.534964e-04
-22.250000 3.575166e-04
-22.000000 1.666424e-04
-21.750000 1.757477e-04
-21.500000 3.767795e-04
-21.250000 5.855016e-04
-21.000000 7.705785e-04
-20.750000 9.166657e-04
-20.500000 1.011670e-03
-20.250000 1.045923e-03
-20.000000 1.012623e-03
-19.750000 9.087771e-04
-19.500000 7.373249e-04
-19.250000 5.155305e-04
-19.000000 3.291994e-04
-18.750000 4.465636e-04
-18.500000 8.100807e-04
-18.250000 1.249533e-03
-18.000000 1.714958e-03
-17.750000 2.179782e-03
-17.500000 2.621932e-03
-17.250000 3.021199e-03
-17.000000 3.359269e-03
-16.750000 3.620363e-03
-16.500000 3.791992e-03
-16.250000 3.865656e-03
-16.000000 3.837409e-03
-15.750000 3.708233e-03
-15.500000 3.484195e-03
-15.250000 3.176379e-03
-15.000000 2.800591e-03
-14.750000 2.376933e-03
-14.500000 1.929366e-03
-14.250000 1.485656e-03
-14.000000 1.078635e-03
-13.750000 7.505371e-04
-13.500000 5.551876e-04
-13.250000 5.104207e-04
-13.000000 5.309927e-04
-12.750000 5.205410e-04
-12.500000 4.354918e-04
-12.250000 2.711858e-04
-12.000000 1.450418e-04
-11.750000 4.050989e-04
-11.500000 7.914142e-04
-11.250000 1.215824e-03
-11.000000 1.643508e-03
-10.750000 2.042127e-03
-10.500000 2.379978e-03
-10.250000 2.627195e-03
-10.000000 2.757438e-03
-9.750000 2.749670e-03
-9.500000 2.590069e-03
-9.250000 2.274549e-03
-9.000000 1.814208e-03
-8.750000 1.256843e-03
-8.500000 8.184593e-04
-8.250000 1.096851e-03
-8.000000 1.925555e-03
-7.750000 2.912243e-03
-7.500000 3.936721e-03
-7.250000 4.936150e-03
-7.000000 5.860298e-03
-6.750000 6.664818e-03
-6.500000 7.310996e-03
-6.250000 7.766882e-03
-6.000000 8.008632e-03
-5.750000 8.021661e-03
-5.500000 7.801434e-03
-5.250000 7.353804e-03
-5.000000 6.694857e-03
-4.750000 5.850296e-03
-4.500000 4.854439e-03
-4.250000 3.749209e-03
-4.000000 2.584574e-03
-3.750000 1.430908e-03
-3.500000 5.796170e-04
-3.250000 1.141256e-03
-3.000000 2.091485e-03
-2.750000 2.965788e-03
-2.500000 3.715261e-03
-2.250000 4.334840e-03
-2.000000 4.841456e-03
-1.750000 5.270520e-03
-1.500000 5.671650e-03
-1.250000 6.099940e-03
-1.000000 6.602862e-03
-0.750000 7.207121e-03
-0.500000 7.911761e-03
-0.250000 8.690250e-03
0.000000 9.498548e-03
0.250000 1.028429e-02
0.500000 1.099417e-02
0.750000 1.157899e-02
1.000000 1.199682e-02
1.250000 1.221495e-02
1.500000 1.221096e-02
1.750000 1.197319e-02
2.000000 1.150065e-02
2.250000 1.080248e-02
2.500000 9.897069e-03
2.750000 8.810769e-03
3.000000 7.576483e-03
3.250000 6.232162e-03
3.500000 4.819653e-03
3.750000 3.385143e-03
4.000000 1.988837e-03
4.250000 8.241156e-04
4.500000 1.087285e-03
4.750000 2.168684e-03
5.000000 3.207419e-03
5.250000 4.112523e-03
5.500000 4.858385e-03
5.750000 5.433709e-03
6.000000 5.834714e-03
6.250000 6.063163e-03
6.500000 6.125305e-03
6.750000 6.031085e-03
7.000000 5.793464e-03
7.250000 5.427842e-03
7.500000 4.951557e-03
7.750000 4.383457e-03
8.000000 3.743528e-03
8.250000 3.052539e-03
8.500000 2.331709e-03
8.750000 1.602417e-03
9.000000 8.864292e-04
9.250000 2.187393e-04
9.500000 4.568238e-04
9.750000 1.023218e-03
10.000000 1.516196e-03
10.250000 1.922029e-03
10.500000 2.234035e-03
10.750000 2.450014e-03
11.000000 2.572090e-03
11.250000 2.606620e-03
11.500000 2.563950e-03
11.750000 2.457971e-03
12.000000 2.305425e-03
12.250000 2.124901e-03
12.500000 1.935359e-03
12.750000 1.753992e-03
13.000000 1.593410e-03
13.250000 1.458762e-03
13.500000 1.346367e-03
13.750000 1.245295e-03
14.000000 1.141506e-03
14.250000 1.022340e-03
14.500000 8.794678e-04
14.750000 7.100309e-04
15.000000 5.167367e-04
15.250000 3.087367e-04
15.500000 1.219606e-04
15.750000 1.882576e-04
16.000000 3.827378e-04
16.250000 5.643282e-04
16.500000 7.135531e-04
16.750000 8.206347e-04
17.000000 8.797408e-04
17.250000 8.887536e-04
17.500000 8.496249e-04
17.750000 7.690406e-04
18.000000 6.598881e-04
18.250000 5.448055e-04
18.500000 4.620629e-04
18.750000 4.571405e-04
19.000000 5.348260e-04
19.250000 6.525227e-04
19.500000 7.693973e-04
19.750000 8.601118e-04
20.000000 9.094415e-04
20.250000 9.084855e-04
20.500000 8.532252e-04
20.750000 7.442241e-04
21.000000 5.874571e-04
21.250000 3.995664e-04
21.500000 2.449517e-04
21.750000 3.168869e-04
22.000000 5.615700e-04
22.250000 8.434831e-04
22.500000 1.124591e-03
22.750000 1.386838e-03
23.000000 1.617350e-03
23.250000 1.806242e-03
23.500000 1.946332e-03
23.750000 2.033184e-03
24.000000 2.065138e-03
24.250000 2.043232e-03
24.500000 1.971003e-03
24.750000 1.854168e-03
25.000000 1.700206e-03
25.250000 1.517874e-03
25.500000 1.316718e-03
25.750000 1.106613e-03
26.000000 8.974725e-04
26.250000 6.993101e-04
26.500000 5.231402e-04
26.750000 3.836040e-04
27.000000 3.019445e-04
27.250000 2.926027e-04
27.500000 3.343431e-04
27.750000 3.927491e-04
28.000000 4.487982e-04
28.250000 4.950859e-04
28.500000 5.288610e-04
28.750000 5.488798e-04
29.000000 5.542710e-04
29.250000 5.442886e-04
29.500000 5.184916e-04
29.750000 4.771495e-04
30.000000 4.218246e-04
30.250000 3.562990e-04
30.500000 2.884809e-04
30.750000 2.344075e-04
31.000000 2.196782e-04
31.250000 2.562403e-04
31.500000 3.241276e-04
31.750000 3.996652e-04
32.000000 4.683092e-04
32.250000 5.212424e-04
32.500000 5.526926e-04
32.750000 5.589510e-04
33.000000 5.380669e-04
33.250000 4.897512e-04
33.500000 4.153246e-04
33.750000 3.176851e-04
34.000000 2.015190e-04
34.250000 7.749790e-05
34.500000 8.743128e-05
34.750000 2.233644e-04
35.000000 3.603141e-04
35.250000 4.873132e-04
35.500000 5.978118e-04
35.750000 6.864537e-04
36.000000 7.489894e-04
36.250000 7.823959e-04
36.500000 7.849808e-04
36.750000 7.564337e-04
37.000000 6.978159e-04
37.250000 6.114908e-04
37.500000 5.010045e-04
37.750000 3.709480e-04
38.000000 2.269539e-04
38.250000 7.827612e-05
38.500000 9.198703e-05
38.750000 2.411983e-04
39.000000 3.845148e-04
39.250000 5.141287e-04
39.500000 6.252134e-04
39.750000 7.140734e-04
40.000000 7.780941e-04
40.250000 8.157874e-04
40.500000 8.268146e-04
40.750000 8.119668e-04
41.000000 7.730986e-04
41.250000 7.130194e-04
41.500000 6.353449e-04
41.750000 5.443198e-04
42.000000 4.446220e-04
42.250000 3.411739e-04
42.500000 2.390278e-04
42.750000 1.436483e-04
43.000000 6.469178e-05
43.250000 5.149313e-05
43.500000 9.902315e-05
43.750000 1.401753e-04
44.000000 1.658124e-04
44.250000 1.749636e-04
44.500000 1.684802e-04
44.750000 1.482540e-04
45.000000 1.169626e-04
45.250000 7.800212e-05
45.500000 3.660327e-05
45.750000 2.487127e-05
46.000000 6.257748e-05
46.250000 1.009455e-04
46.500000 1.332908e-04
46.750000 1.577094e-04
47.000000 1.736062e-04
47.250000 1.814858e-04
47.500000 1.829084e-04
47.750000 1.803434e-04
48.000000 1.767550e-04
48.250000 1.747776e-04
48.500000 1.756465e-04
48.750000 1.785689e-04
49.000000 1.811171e-04
49.250000 1.803349e-04
49.500000 1.738706e-04
49.750000 1.609761e-04
50.000000 1.438537e-04
