-50.000000 1.381236e-03
-49.750000 1.536760e-03
-49.500000 1.698546e-03
-49.250000 1.864347e-03
-49.000000 2.031015e-03
-48.750000 2.194686e-03
-48.500000 2.350989e-03
-48.250000 2.495284e-03
-48.000000 2.622877e-03
-47.750000 2.729237e-03
-47.500000 2.810189e-03
-47.250000 2.862087e-03
-47.000000 2.881970e-03
-46.750000 2.867686e-03
-46.500000 2.818005e-03
-46.250000 2.732694e-03
-46.000000 2.612581e-03
-45.750000 2.459594e-03
-45.500000 2.276795e-03
-45.250000 2.068424e-03
-45.000000 1.839988e-03
-44.750000 1.598473e-03
-44.500000 1.352839e-03
-44.250000 1.115127e-03
-44.000000 9.027035e-04
-43.750000 7.413175e-04
-43.500000 6.620762e-04
-43.250000 6.774926e-04
-43.000000 7.608596e-04
-42.750000 8.711347e-04
-42.500000 9.784978e-04
-42.250000 1.065597e-03
-42.000000 1.122642e-03
-41.750000 1.144207e-03
-41.500000 1.127673e-03
-41.250000 1.072506e-03
-41.000000 9.799522e-04
-40.750000 8.529988e-04
-40.500000 6.967969e-04
-40.250000 5.205652e-04
-40.000000 3.467116e-04
-39.750000 2.540888e-04
-39.500000 3.564690e-04
-39.250000 5.656360e-04
-39.000000 8.021389e-04
-38.750000 1.042165e-03
-38.500000 1.275399e-03
-38.250000 1.495557e-03
-38.000000 1.698433e-03
-37.750000 1.881477e-03
-37.500000 2.043727e-03
-37.250000 2.185832e-03
-37.000000 2.310025e-03
-36.750000 2.420000e-03
-36.500000 2.520628e-03
-36.250000 2.617480e-03
-36.000000 2.716155e-03
-35.750000 2.821493e-03
-35.500000 2.936792e-03
-35.250000 3.063218e-03
-35.000000 3.199535e-03
-34.750000 3.342206e-03
-34.500000 3.485789e-03
-34.250000 3.623508e-03
-34.000000 3.747870e-03
-33.750000 3.851232e-03
-33.500000 3.926292e-03
-33.250000 3.966467e-03
-33.000000 3.966206e-03
-32.750000 3.921211e-03
-32.500000 3.828616e-03
-32.250000 3.687108e-03
-32.000000 3.497034e-03
-31.750000 3.260493e-03
-31.500000 2.981459e-03
-31.250000 2.666018e-03
-31.000000 2.322887e-03
-30.750000 1.964606e-03
-30.500000 1.610391e-03
-30.250000 1.292673e-03
-30.000000 1.068008e-03
-29.750000 1.010126e-03
-29.500000 1.138940e-03
-29.250000 1.388832e-03
-29.000000 1.687654e-03
-28.750000 1.992397e-03
-28.500000 2.279822e-03
-28.250000 2.536732e-03
-28.000000 2.755402e-03
-27.750000 2.931643e-03
-27.500000 3.063957e-03
-27.250000 3.153128e-03
-27.000000 3.201972e-03
-26.750000 3.215118e-03
-26.500000 3.198745e-03
-26.250000 3.160205e-03
-26.000000 3.107501e-03
-25.750000 3.048586e-03
-25.500000 2.990494e-03
-25.250000 2.938415e-03
-25.000000 2.894898e-03
-24.750000 2.859392e-03
-24.500000 2.828313e-03
-24.250000 2.795608e-03
-24.000000 2.753662e-03
-23.750000 2.694304e-03
-23.500000 2.609709e-03
-23.250000 2.493087e-03
-23.000000 2.339158e-03
-22.750000 2.144418e-03
-22.500000 1.907268e-03
-22.250000 1.628049e-03
-22.000000 1.309022e-03
-21.750000 9.544381e-04
-21.500000 5.714083e-04
-21.250000 1.852810e-04
-21.000000 3.006241e-04
-20.750000 7.247534e-04
-20.500000 1.157310e-03
-20.250000 1.581357e-03
-20.000000 1.986457e-03
-19.750000 2.363284e-03
-19.500000 2.703302e-03
-19.250000 2.998886e-03
-19.000000 3.243511e-03
-18.750000 3.431939e-03
-18.500000 3.560370e-03
-18.250000 3.626561e-03
-18.000000 3.629904e-03
-17.750000 3.571462e-03
-17.500000 3.453951e-03
-17.250000 3.281698e-03
-17.000000 3.060545e-03
-16.750000 2.797743e-03
-16.500000 2.501829e-03
-16.250000 2.182535e-03
-16.000000 1.850805e-03
-15.750000 1.519059e-03
-15.500000 1.202118e-03
-15.250000 9.196034e-04
-15.000000 7.007284e-04
-14.750000 5.846993e-04
-14.500000 5.872402e-04
-14.250000 6.637297e-04
-14.000000 7.561341e-04
-13.750000 8.312202e-04
-13.500000 8.751931e-04
-13.250000 8.851215e-04
-13.000000 8.656092e-04
-12.750000 8.285878e-04
-12.500000 7.943006e-04
-12.250000 7.900504e-04
-12.000000 8.409189e-04
-11.750000 9.552319e-04
-11.500000 1.121957e-03
-11.250000 1.321717e-03
-11.000000 1.535880e-03
-10.750000 1.749308e-03
-10.500000 1.950430e-03
-10.250000 2.131020e-03
-10.000000 2.286287e-03
-9.750000 2.415277e-03
-9.500000 2.521498e-03
-9.250000 2.613575e-03
-9.000000 2.705567e-03
-8.750000 2.816373e-03
-8.500000 2.967515e-03
-8.250000 3.179202e-03
-8.000000 3.465834e-03
-7.750000 3.833055e-03
-7.500000 4.277604e-03
-7.250000 4.789340e-03
-7.000000 5.353863e-03
-6.750000 5.954644e-03
-6.500000 6.574427e-03
-6.250000 7.196050e-03
-6.000000 7.802955e-03
-5.750000 8.379534e-03
-5.500000 8.911416e-03
-5.250000 9.385720e-03
-5.000000 9.791306e-03
-4.750000 1.011899e-02
-4.500000 1.036175e-02
-4.250000 1.051489e-02
-4.000000 1.057619e-02
-3.750000 1.054597e-02
-3.500000 1.042717e-02
-3.250000 1.022531e-02
-3.000000 9.948475e-03
-2.750000 9.607208e-03
-2.500000 9.214333e-03
-2.250000 8.784725e-03
-2.000000 8.334949e-03
-1.750000 7.882735e-03
-1.500000 7.446198e-03
-1.250000 7.042717e-03
-1.000000 6.687460e-03
-0.750000 6.391638e-03
-0.500000 6.160874e-03
-0.250000 5.994203e-03
0.000000 5.884224e-03
0.250000 5.818488e-03
0.500000 5.781714e-03
0.750000 5.758146e-03
1.000000 5.733455e-03
1.250000 5.695962e-03
1.500000 5.637185e-03
1.750000 5.551898e-03
2.000000 5.437857e-03
2.250000 5.295329e-03
2.500000 5.126522e-03
2.750000 4.934941e-03
3.000000 4.724738e-03
3.250000 4.500059e-03
3.500000 4.264468e-03
3.750000 4.020472e-03
4.000000 3.769228e-03
4.250000 3.510477e-03
4.500000 3.242737e-03
4.750000 2.963756e-03
5.000000 2.671212e-03
5.250000 2.363675e-03
5.500000 2.041968e-03
5.750000 1.711456e-03
6.000000 1.386842e-03
6.250000 1.103405e-03
6.500000 9.360145e-04
6.750000 9.766937e-04
7.000000 1.219125e-03
7.250000 1.574923e-03
7.500000 1.977103e-03
7.750000 2.388873e-03
8.000000 2.787722e-03
8.250000 3.157320e-03
8.500000 3.484470e-03
8.750000 3.758065e-03
9.000000 3.968829e-03
9.250000 4.109367e-03
9.500000 4.174373e-03
9.750000 4.160903e-03
10.000000 4.068738e-03
10.250000 3.900870e-03
10.500000 3.664233e-03
10.750000 3.370936e-03
11.000000 3.040423e-03
11.250000 2.703238e-03
11.500000 2.406379e-03
11.750000 2.215562e-03
12.000000 2.198519e-03
12.250000 2.382416e-03
12.500000 2.733735e-03
12.750000 3.191073e-03
13.000000 3.699002e-03
13.250000 4.216444e-03
13.500000 4.713706e-03
13.750000 5.168705e-03
14.000000 5.564578e-03
14.250000 5.888396e-03
14.500000 6.130511e-03
14.750000 6.284240e-03
15.000000 6.345698e-03
15.250000 6.313696e-03
15.500000 6.189653e-03
15.750000 5.977503e-03
16.000000 5.683574e-03
16.250000 5.316465e-03
16.500000 4.886923e-03
16.750000 4.407755e-03
17.000000 3.893866e-03
17.250000 3.362541e-03
17.500000 2.834268e-03
17.750000 2.334592e-03
18.000000 1.897559e-03
18.250000 1.569133e-03
18.500000 1.398697e-03
18.750000 1.400710e-03
19.000000 1.526936e-03
19.250000 1.705712e-03
19.500000 1.884218e-03
19.750000 2.033344e-03
20.000000 2.140273e-03
20.250000 2.203047e-03
20.500000 2.228078e-03
20.750000 2.229248e-03
21.000000 2.227282e-03
21.250000 2.247915e-03
21.500000 2.317342e-03
21.750000 2.455162e-03
22.000000 2.668357e-03
22.250000 2.950538e-03
22.500000 3.286169e-03
22.750000 3.655882e-03
23.000000 4.040118e-03
23.250000 4.420870e-03
23.500000 4.782287e-03
23.750000 5.110805e-03
24.000000 5.395134e-03
24.250000 5.626215e-03
24.500000 5.797193e-03
24.750000 5.903383e-03
25.000000 5.942246e-03
25.250000 5.913342e-03
25.500000 5.818263e-03
25.750000 5.660555e-03
26.000000 5.445613e-03
26.250000 5.180569e-03
26.500000 4.874182e-03
26.750000 4.536729e-03
27.000000 4.179918e-03
27.250000 3.816808e-03
27.500000 3.461704e-03
27.750000 3.129893e-03
28.000000 2.836965e-03
28.250000 2.597292e-03
28.500000 2.421371e-03
28.750000 2.312570e-03
29.000000 2.265141e-03
29.250000 2.265405e-03
29.500000 2.295757e-03
29.750000 2.339057e-03
30.000000 2.381417e-03
30.250000 2.413205e-03
30.500000 2.428949e-03
30.750000 2.426817e-03
31.000000 2.408000e-03
31.250000 2.376135e-03
31.500000 2.336717e-03
31.750000 2.296460e-03
32.000000 2.262519e-03
32.250000 2.241559e-03
32.500000 2.238759e-03
32.750000 2.256971e-03
33.000000 2.296307e-03
33.250000 2.354300e-03
33.500000 2.426562e-03
33.750000 2.507661e-03
34.000000 2.591945e-03
34.250000 2.674156e-03
34.500000 2.749788e-03
34.750000 2.815246e-03
35.000000 2.867867e-03
35.250000 2.905838e-03
35.500000 2.928080e-03
35.750000 2.934098e-03
36.000000 2.923827e-03
36.250000 2.897486e-03
36.500000 2.855444e-03
36.750000 2.798113e-03
37.000000 2.725866e-03
37.250000 2.638996e-03
37.500000 2.537700e-03
37.750000 2.422100e-03
38.000000 2.292294e-03
38.250000 2.148424e-03
38.500000 1.990772e-03
38.750000 1.819864e-03
39.000000 1.636612e-03
39.250000 1.442505e-03
39.500000 1.239944e-03
39.750000 1.032931e-03
40.000000 8.287360e-04
40.250000 6.423042e-04
40.500000 5.066888e-04
40.750000 4.775126e-04
41.000000 5.749464e-04
41.250000 7.507268e-04
41.500000 9.598311e-04
41.750000 1.180228e-03
42.000000 1.401254e-03
42.250000 1.616873e-03
42.500000 1.823111e-03
42.750000 2.017083e-03
43.000000 2.196585e-03
43.250000 2.359906e-03
43.500000 2.505738e-03
43.750000 2.633115e-03
44.000000 2.741384e-03
44.250000 2.830170e-03
44.500000 2.899351e-03
44.750000 2.949038e-03
45.000000 2.979555e-03
45.250000 2.991416e-03
45.500000 2.985312e-03
45.750000 2.962096e-03
46.000000 2.922765e-03
46.250000 2.868446e-03
46.500000 2.800384e-03
46.750000 2.719920e-03
47.000000 2.628475e-03
47.250000 2.527520e-03
47.500000 2.418554e-03
47.750000 2.303070e-03
48.000000 2.182525e-03
48.250000 2.058307e-03
48.500000 1.931701e-03
48.750000 1.803874e-03
49.000000 1.675858e-03
49.250000 1.548555e-03
49.500000 1.422765e-03
49.750000 1.299228e-03
50.000000 1.178710e-03
