-50.000000 1.221691e-03
-49.750000 1.124575e-03
-49.500000 1.024502e-03
-49.250000 9.608693e-04
-49.000000 9.744284e-04
-48.750000 1.078073e-03
-48.500000 1.246421e-03
-48.250000 1.439230e-03
-48.000000 1.621034e-03
-47.750000 1.765399e-03
-47.500000 1.853968e-03
-47.250000 1.875427e-03
-47.000000 1.825086e-03
-46.750000 1.704907e-03
-46.500000 1.523930e-03
-46.250000 1.299577e-03
-46.000000 1.061206e-03
-45.750000 8.579667e-04
-45.500000 7.616262e-04
-45.250000 8.157162e-04
-45.000000 9.719450e-04
-44.750000 1.152362e-03
-44.500000 1.305597e-03
-44.250000 1.403561e-03
-44.000000 1.431817e-03
-43.750000 1.385037e-03
-43.500000 1.265091e-03
-43.250000 1.080196e-03
-43.000000 8.448610e-04
-42.750000 5.824704e-04
-42.500000 3.443898e-04
-42.250000 2.944213e-04
-42.000000 4.803710e-04
-41.750000 7.038630e-04
-41.500000 8.934907e-04
-41.250000 1.025803e-03
-41.000000 1.089955e-03
-40.750000 1.082460e-03
-40.500000 1.006464e-03
-40.250000 8.723290e-04
-40.000000 7.003718e-04
-39.750000 5.305772e-04
-39.500000 4.440004e-04
-39.250000 5.166331e-04
-39.000000 6.918756e-04
-38.750000 8.841961e-04
-38.500000 1.048965e-03
-38.250000 1.163204e-03
-38.000000 1.214369e-03
-37.750000 1.197078e-03
-37.500000 1.112189e-03
-37.250000 9.666071e-04
-37.000000 7.738428e-04
-36.750000 5.574226e-04
-36.500000 3.682621e-04
-36.250000 3.276647e-04
-36.000000 4.683706e-04
-35.750000 6.533205e-04
-35.500000 8.119582e-04
-35.250000 9.166922e-04
-35.000000 9.536217e-04
-34.750000 9.164056e-04
-34.500000 8.051931e-04
-34.250000 6.274392e-04
-34.000000 4.045979e-04
-33.750000 2.336876e-04
-33.500000 3.833778e-04
-33.250000 6.960112e-04
-33.000000 1.029714e-03
-32.750000 1.347453e-03
-32.500000 1.627565e-03
-32.250000 1.853669e-03
-32.000000 2.013652e-03
-31.750000 2.099845e-03
-31.500000 2.109263e-03
-31.250000 2.043670e-03
-31.000000 1.909407e-03
-30.750000 1.717022e-03
-30.500000 1.480783e-03
-30.250000 1.218315e-03
-30.000000 9.509085e-04
-29.750000 7.058677e-04
-29.500000 5.228079e-04
-29.250000 4.509133e-04
-29.000000 4.910134e-04
-28.750000 5.774075e-04
-28.500000 6.592001e-04
-28.250000 7.179705e-04
-28.000000 7.526989e-04
-27.750000 7.707149e-04
-27.500000 7.823149e-04
-27.250000 7.958507e-04
-27.000000 8.135180e-04
-26.750000 8.298537e-04
-26.500000 8.336732e-04
-26.250000 8.116824e-04
-26.000000 7.516394e-04
-25.750000 6.443201e-04
-25.500000 4.845887e-04
-25.250000 2.727464e-04
-25.000000 6.229995e-05
-24.750000 3.190166e-04
-24.500000 6.633766e-04
-24.250000 1.033892e-03
-24.000000 1.415714e-03
-23.750000 1.794694e-03
-23.500000 2.157201e-03
-23.250000 2.490775e-03
-23.000000 2.784763e-03
-22.750000 3.030800e-03
-22.500000 3.223086e-03
-22.250000 3.358434e-03
-22.000000 3.436081e-03
-21.750000 3.457302e-03
-21.500000 3.424874e-03
-21.250000 3.342465e-03
-21.000000 3.214048e-03
-20.750000 3.043424e-03
-20.500000 2.833956e-03
-20.250000 2.588538e-03
-20.000000 2.309795e-03
-19.750000 2.000468e-03
-19.500000 1.663881e-03
-19.250000 1.304383e-03
-19.000000 9.277161e-04
-18.750000 5.414237e-04
-18.500000 1.593982e-04
-18.250000 2.403817e-04
-18.000000 6.014317e-04
-17.750000 9.389626e-04
-17.500000 1.241637e-03
-17.250000 1.502079e-03
-17.000000 1.715617e-03
-16.750000 1.880814e-03
-16.500000 2.000065e-03
-16.250000 2.080103e-03
-16.000000 2.132254e-03
-15.750000 2.172158e-03
-15.500000 2.218516e-03
-15.250000 2.290443e-03
-15.000000 2.403692e-03
-14.750000 2.567216e-03
-14.500000 2.781939e-03
-14.250000 3.042279e-03
-14.000000 3.339134e-03
-13.750000 3.662698e-03
-13.500000 4.004320e-03
-13.250000 4.357464e-03
-13.000000 4.718047e-03
-12.750000 5.084435e-03
-12.500000 5.457216e-03
-12.250000 5.838784e-03
-12.000000 6.232729e-03
-11.750000 6.643025e-03
-11.500000 7.073061e-03
-11.250000 7.524615e-03
-11.000000 7.996946e-03
-10.750000 8.486181e-03
-10.500000 8.985169e-03
-10.250000 9.483871e-03
-10.000000 9.970296e-03
-9.750000 1.043191e-02
-9.500000 1.085740e-02
-9.250000 1.123862e-02
-9.000000 1.157253e-02
-8.750000 1.186293e-02
-8.500000 1.212153e-02
-8.250000 1.236798e-02
-8.000000 1.262846e-02
-7.750000 1.293221e-02
-7.500000 1.330649e-02
-7.250000 1.377051e-02
-7.000000 1.433033e-02
-6.750000 1.497602e-02
-6.500000 1.568219e-02
-6.250000 1.641117e-02
-6.000000 1.711788e-02
-5.750000 1.775492e-02
-5.500000 1.827718e-02
-5.250000 1.864559e-02
-5.000000 1.883004e-02
-4.750000 1.881146e-02
-4.500000 1.858318e-02
-4.250000 1.815175e-02
-4.000000 1.753697e-02
-3.750000 1.677147e-02
-3.500000 1.589950e-02
-3.250000 1.497478e-02
-3.000000 1.405715e-02
-2.750000 1.320734e-02
-2.500000 1.247969e-02
-2.250000 1.191331e-02
-2.000000 1.152439e-02
-1.750000 1.130321e-02
-1.500000 1.121841e-02
-1.250000 1.122693e-02
-1.000000 1.128533e-02
-0.750000 1.135818e-02
-0.500000 1.142224e-02
-0.250000 1.146693e-02
0.000000 1.149233e-02
0.250000 1.150597e-02
0.500000 1.151910e-02
0.750000 1.154329e-02
1.000000 1.158767e-02
1.250000 1.165731e-02
1.500000 1.175277e-02
1.750000 1.187061e-02
2.000000 1.200451e-02
2.250000 1.214660e-02
2.500000 1.228862e-02
2.750000 1.242284e-02
3.000000 1.254282e-02
3.250000 1.264415e-02
3.500000 1.272509e-02
3.750000 1.278740e-02
4.000000 1.283695e-02
4.250000 1.288383e-02
4.500000 1.294176e-02
4.750000 1.302627e-02
5.000000 1.315183e-02
5.250000 1.332814e-02
5.500000 1.355665e-02
5.750000 1.382830e-02
6.000000 1.412338e-02
6.250000 1.441362e-02
6.500000 1.466615e-02
6.750000 1.484831e-02
7.000000 1.493268e-02
7.250000 1.490160e-02
7.500000 1.475102e-02
7.750000 1.449325e-02
8.000000 1.415822e-02
8.250000 1.379247e-02
8.500000 1.345461e-02
8.750000 1.320611e-02
9.000000 1.309762e-02
9.250000 1.315418e-02
9.500000 1.336592e-02
9.750000 1.368904e-02
10.000000 1.405651e-02
10.250000 1.439261e-02
10.500000 1.462577e-02
10.750000 1.469743e-02
11.000000 1.456693e-02
11.250000 1.421386e-02
11.500000 1.363862e-02
11.750000 1.286197e-02
12.000000 1.192389e-02
12.250000 1.088184e-02
12.500000 9.808022e-03
12.750000 8.784695e-03
13.000000 7.894811e-03
13.250000 7.205052e-03
13.500000 6.742694e-03
13.750000 6.479545e-03
14.000000 6.339887e-03
14.250000 6.229694e-03
14.500000 6.065591e-03
14.750000 5.789713e-03
15.000000 5.372225e-03
15.250000 4.807983e-03
15.500000 4.111506e-03
15.750000 3.311923e-03
16.000000 2.448399e-03
16.250000 1.566684e-03
16.500000 7.225646e-04
16.750000 2.537690e-04
17.000000 8.398596e-04
17.250000 1.392476e-03
17.500000 1.805440e-03
17.750000 2.068030e-03
18.000000 2.188275e-03
18.250000 2.191024e-03
18.500000 2.119262e-03
18.750000 2.034241e-03
19.000000 2.006947e-03
19.250000 2.091465e-03
19.500000 2.294507e-03
19.750000 2.578003e-03
20.000000 2.889376e-03
20.250000 3.184102e-03
20.500000 3.432605e-03
20.750000 3.619990e-03
21.000000 3.743837e-03
21.250000 3.811289e-03
21.500000 3.835362e-03
21.750000 3.830442e-03
22.000000 3.807471e-03
22.250000 3.770009e-03
22.500000 3.712513e-03
22.750000 3.621509e-03
23.000000 3.479068e-03
23.250000 3.267166e-03
23.500000 2.971611e-03
23.750000 2.584818e-03
24.000000 2.107307e-03
24.250000 1.548158e-03
24.500000 9.251306e-04
24.750000 2.746892e-04
25.000000 4.486563e-04
25.250000 1.106912e-03
25.500000 1.724934e-03
25.750000 2.267599e-03
26.000000 2.708277e-03
26.250000 3.026329e-03
26.500000 3.208053e-03
26.750000 3.247497e-03
27.000000 3.146832e-03
27.250000 2.916212e-03
27.500000 2.573166e-03
27.750000 2.141609e-03
28.000000 1.650710e-03
28.250000 1.134448e-03
28.500000 6.367910e-04
28.750000 2.837311e-04
29.000000 4.427020e-04
29.250000 7.492199e-04
29.500000 9.829120e-04
29.750000 1.111040e-03
30.000000 1.125026e-03
30.250000 1.026435e-03
30.500000 8.243831e-04
30.750000 5.342053e-04
31.000000 1.770073e-04
31.250000 2.309509e-04
31.500000 6.538768e-04
31.750000 1.073119e-03
32.000000 1.464660e-03
32.250000 1.808102e-03
32.500000 2.087166e-03
32.750000 2.290404e-03
33.000000 2.411571e-03
33.250000 2.449612e-03
33.500000 2.408269e-03
33.750000 2.295340e-03
34.000000 2.121678e-03
34.250000 1.899994e-03
34.500000 1.643615e-03
34.750000 1.365306e-03
35.000000 1.076347e-03
35.250000 7.860829e-04
35.500000 5.024668e-04
35.750000 2.377941e-04
36.000000 1.223936e-04
36.250000 3.266733e-04
36.500000 5.527420e-04
36.750000 7.608814e-04
37.000000 9.420072e-04
37.250000 1.088747e-03
37.500000 1.194179e-03
37.750000 1.252460e-03
38.000000 1.259827e-03
38.250000 1.215677e-03
38.500000 1.123729e-03
38.750000 9.935518e-04
39.000000 8.431784e-04
39.250000 7.038817e-04
39.500000 6.231318e-04
39.750000 6.409766e-04
40.000000 7.426151e-04
40.250000 8.757941e-04
40.500000 9.963848e-04
40.750000 1.076561e-03
41.000000 1.099826e-03
41.250000 1.057849e-03
41.500000 9.495635e-04
41.750000 7.821756e-04
42.000000 5.771236e-04
42.250000 3.995186e-04
42.500000 4.161528e-04
42.750000 6.494792e-04
43.000000 9.515238e-04
43.250000 1.253711e-03
43.500000 1.524836e-03
43.750000 1.744830e-03
44.000000 1.899661e-03
44.250000 1.980578e-03
44.500000 1.984303e-03
44.750000 1.913444e-03
45.000000 1.777103e-03
45.250000 1.591977e-03
45.500000 1.384573e-03
45.750000 1.194807e-03
46.000000 1.076133e-03
46.250000 1.074286e-03
46.500000 1.186422e-03
46.750000 1.364161e-03
47.000000 1.555770e-03
47.250000 1.725109e-03
47.500000 1.850025e-03
47.750000 1.918005e-03
48.000000 1.923330e-03
48.250000 1.865385e-03
48.500000 1.747508e-03
48.750000 1.576078e-03
49.000000 1.359735e-03
49.250000 1.108777e-03
49.500000 8.349953e-04
49.750000 5.531924e-04
50.000000 2.942578e-04
