-50.000000 5.171614e-04
-49.750000 6.432718e-04
-49.500000 7.643698e-04
-49.250000 8.501247e-04
-49.000000 8.863904e-04
-48.750000 8.687398e-04
-48.500000 7.999548e-04
-48.250000 6.888491e-04
-48.000000 5.497589e-04
-47.750000 4.035074e-04
-47.500000 2.829620e-04
-47.250000 2.376359e-04
-47.000000 2.748138e-04
-46.750000 3.320395e-04
-46.500000 3.665945e-04
-46.250000 3.633383e-04
-46.000000 3.197850e-04
-45.750000 2.406775e-04
-45.500000 1.375634e-04
-45.250000 5.990841e-05
-45.000000 1.459142e-04
-44.750000 2.630521e-04
-44.500000 3.663316e-04
-44.250000 4.460456e-04
-44.000000 4.993855e-04
-43.750000 5.295687e-04
-43.500000 5.457049e-04
-43.250000 5.609494e-04
-43.000000 5.874947e-04
-42.750000 6.298717e-04
-42.500000 6.820507e-04
-42.250000 7.308342e-04
-42.000000 7.614089e-04
-41.750000 7.612032e-04
-41.500000 7.217257e-04
-41.250000 6.392393e-04
-41.000000 5.148187e-04
-40.750000 3.539946e-04
-40.500000 1.660647e-04
-40.250000 3.713299e-05
-40.000000 2.413903e-04
-39.750000 4.331985e-04
-39.500000 5.994684e-04
-39.250000 7.294074e-04
-39.000000 8.154096e-04
-38.750000 8.537996e-04
-38.500000 8.453202e-04
-38.250000 7.954243e-04
-38.000000 7.145450e-04
-37.750000 6.186072e-04
-37.500000 5.296284e-04
-37.250000 4.733742e-04
-37.000000 4.663475e-04
-36.750000 4.993321e-04
-36.500000 5.455705e-04
-36.250000 5.806416e-04
-36.000000 5.889996e-04
-35.750000 5.625491e-04
-35.500000 4.987723e-04
-35.250000 4.003044e-04
-35.000000 2.784548e-04
-34.750000 1.796117e-04
-34.500000 2.329297e-04
-34.250000 4.055722e-04
-34.000000 6.071264e-04
-33.750000 8.077432e-04
-33.500000 9.904641e-04
-33.250000 1.141063e-03
-33.000000 1.246857e-03
-32.750000 1.297183e-03
-32.500000 1.284359e-03
-32.250000 1.204865e-03
-32.000000 1.060827e-03
-31.750000 8.625988e-04
-31.500000 6.363426e-04
-31.250000 4.536156e-04
-31.000000 4.676474e-04
-30.750000 6.835548e-04
-30.500000 9.564314e-04
-30.250000 1.212067e-03
-30.000000 1.415777e-03
-29.750000 1.547626e-03
-29.500000 1.597831e-03
-29.250000 1.567207e-03
-29.000000 1.469443e-03
-28.750000 1.334870e-03
-28.500000 1.214287e-03
-28.250000 1.171764e-03
-28.000000 1.246896e-03
-27.750000 1.417737e-03
-27.500000 1.624811e-03
-27.250000 1.812082e-03
-27.000000 1.940539e-03
-26.750000 1.988282e-03
-26.500000 1.949840e-03
-26.250000 1.837323e-03
-26.000000 1.683442e-03
-25.750000 1.544238e-03
-25.500000 1.490018e-03
-25.250000 1.566123e-03
-25.000000 1.752747e-03
-24.750000 1.984791e-03
-24.500000 2.195919e-03
-24.250000 2.336968e-03
-24.000000 2.377618e-03
-23.750000 2.305647e-03
-23.500000 2.127973e-03
-23.250000 1.875154e-03
-23.000000 1.611972e-03
-22.750000 1.448888e-03
-22.500000 1.501954e-03
-22.250000 1.773865e-03
-22.000000 2.159074e-03
-21.750000 2.554369e-03
-21.500000 2.891643e-03
-21.250000 3.129376e-03
-21.000000 3.244930e-03
-20.750000 3.230967e-03
-20.500000 3.093591e-03
-20.250000 2.850826e-03
-20.000000 2.530956e-03
-19.750000 2.170568e-03
-19.500000 1.812118e-03
-19.250000 1.499805e-03
-19.000000 1.270201e-03
-18.750000 1.135475e-03
-18.500000 1.074044e-03
-18.250000 1.051078e-03
-18.000000 1.052177e-03
-17.750000 1.097441e-03
-17.500000 1.225320e-03
-17.250000 1.455953e-03
-17.000000 1.773354e-03
-16.750000 2.140372e-03
-16.500000 2.516678e-03
-16.250000 2.866721e-03
-16.000000 3.162405e-03
-15.750000 3.384355e-03
-15.500000 3.522733e-03
-15.250000 3.577629e-03
-15.000000 3.558877e-03
-14.750000 3.485151e-03
-14.500000 3.382117e-03
-14.250000 3.279343e-03
-14.000000 3.205774e-03
-13.750000 3.184329e-03
-13.500000 3.227600e-03
-13.250000 3.337073e-03
-13.000000 3.506303e-03
-12.750000 3.725550e-03
-12.500000 3.984967e-03
-12.250000 4.275374e-03
-12.000000 4.587487e-03
-11.750000 4.910931e-03
-11.500000 5.233982e-03
-11.250000 5.544250e-03
-11.000000 5.830034e-03
-10.750000 6.081837e-03
-10.500000 6.293536e-03
-10.250000 6.462827e-03
-10.000000 6.590751e-03
-9.750000 6.680362e-03
-9.500000 6.734844e-03
-9.250000 6.755669e-03
-9.000000 6.741462e-03
-8.750000 6.688172e-03
-8.500000 6.590771e-03
-8.250000 6.446338e-03
-8.000000 6.257976e-03
-7.750000 6.038801e-03
-7.500000 5.814880e-03
-7.250000 5.625219e-03
-7.000000 5.516092e-03
-6.750000 5.527914e-03
-6.500000 5.678384e-03
-6.250000 5.952388e-03
-6.000000 6.306318e-03
-5.750000 6.682400e-03
-5.500000 7.023185e-03
-5.250000 7.281169e-03
-5.000000 7.423926e-03
-4.750000 7.436542e-03
-4.500000 7.322493e-03
-4.250000 7.103209e-03
-4.000000 6.815872e-03
-3.750000 6.508407e-03
-3.500000 6.230441e-03
-3.250000 6.020354e-03
-3.000000 5.892238e-03
-2.750000 5.830124e-03
-2.500000 5.794225e-03
-2.250000 5.735696e-03
-2.000000 5.611921e-03
-1.750000 5.397228e-03
-1.500000 5.088657e-03
-1.250000 4.708330e-03
-1.000000 4.303151e-03
-0.750000 3.939747e-03
-0.500000 3.688345e-03
-0.250000 3.591445e-03
0.000000 3.634532e-03
0.250000 3.751039e-03
0.500000 3.857817e-03
0.750000 3.886597e-03
1.000000 3.797950e-03
1.250000 3.585576e-03
1.500000 3.279420e-03
1.750000 2.950969e-03
2.000000 2.714064e-03
2.250000 2.690174e-03
2.500000 2.919807e-03
2.750000 3.324596e-03
3.000000 3.780500e-03
3.250000 4.183165e-03
3.500000 4.461836e-03
3.750000 4.575225e-03
4.000000 4.506540e-03
4.250000 4.259683e-03
4.500000 3.855636e-03
4.750000 3.328181e-03
5.000000 2.718552e-03
5.250000 2.068864e-03
5.500000 1.414488e-03
5.750000 7.761875e-04
6.000000 1.550982e-04
6.250000 4.755547e-04
6.500000 1.144253e-03
6.750000 1.888504e-03
7.000000 2.727900e-03
7.250000 3.660528e-03
7.500000 4.663434e-03
7.750000 5.697889e-03
8.000000 6.716459e-03
8.250000 7.670281e-03
8.500000 8.515808e-03
8.750000 9.220582e-03
9.000000 9.767589e-03
9.250000 1.015766e-02
9.500000 1.040927e-02
9.750000 1.055511e-02
10.000000 1.063511e-02
10.250000 1.068660e-02
10.500000 1.073398e-02
10.750000 1.078148e-02
11.000000 1.081237e-02
11.250000 1.079511e-02
11.500000 1.069428e-02
11.750000 1.048247e-02
12.000000 1.015050e-02
12.250000 9.714504e-03
12.500000 9.218993e-03
12.750000 8.734159e-03
13.000000 8.343838e-03
13.250000 8.121110e-03
13.500000 8.097181e-03
13.750000 8.242743e-03
14.000000 8.477740e-03
14.250000 8.700947e-03
14.500000 8.818007e-03
14.750000 8.757385e-03
15.000000 8.476012e-03
15.250000 7.959264e-03
15.500000 7.218321e-03
15.750000 6.286294e-03
16.000000 5.213873e-03
16.250000 4.065385e-03
16.500000 2.917764e-03
16.750000 1.872653e-03
17.000000 1.130885e-03
17.250000 1.073902e-03
17.500000 1.494805e-03
17.750000 1.910277e-03
18.000000 2.176599e-03
18.250000 2.270124e-03
18.500000 2.205253e-03
18.750000 2.015685e-03
19.000000 1.747662e-03
19.250000 1.456120e-03
19.500000 1.200164e-03
19.750000 1.029846e-03
20.000000 9.569984e-04
20.250000 9.415062e-04
20.500000 9.279289e-04
20.750000 8.848422e-04
21.000000 8.154138e-04
21.250000 7.566461e-04
21.500000 7.659716e-04
21.750000 8.732692e-04
22.000000 1.049290e-03
22.250000 1.242052e-03
22.500000 1.409176e-03
22.750000 1.522735e-03
23.000000 1.567226e-03
23.250000 1.537994e-03
23.500000 1.440480e-03
23.750000 1.290222e-03
24.000000 1.114248e-03
24.250000 9.543749e-04
24.500000 8.665725e-04
24.750000 8.939015e-04
25.000000 1.024211e-03
25.250000 1.208037e-03
25.500000 1.402370e-03
25.750000 1.580746e-03
26.000000 1.727744e-03
26.250000 1.833796e-03
26.500000 1.892244e-03
26.750000 1.897981e-03
27.000000 1.847168e-03
27.250000 1.737643e-03
27.500000 1.569703e-03
27.750000 1.346963e-03
28.000000 1.077097e-03
28.250000 7.726916e-04
28.500000 4.547676e-04
28.750000 1.955449e-04
29.000000 3.075897e-04
29.250000 5.762701e-04
29.500000 8.187765e-04
29.750000 1.006637e-03
30.000000 1.128339e-03
30.250000 1.179814e-03
30.500000 1.163379e-03
30.750000 1.087327e-03
31.000000 9.652960e-04
31.250000 8.153626e-04
31.500000 6.588570e-04
31.750000 5.184474e-04
32.000000 4.132667e-04
32.250000 3.478895e-04
32.500000 3.039988e-04
32.750000 2.528552e-04
33.000000 1.742552e-04
33.250000 6.449339e-05
33.500000 9.597393e-05
33.750000 2.632868e-04
34.000000 4.428996e-04
34.250000 6.176882e-04
34.500000 7.726388e-04
34.750000 8.948330e-04
35.000000 9.745372e-04
35.250000 1.005958e-03
35.500000 9.874997e-04
35.750000 9.214859e-04
36.000000 8.133682e-04
36.250000 6.705398e-04
36.500000 5.009728e-04
36.750000 3.121889e-04
37.000000 1.145185e-04
37.250000 1.259745e-04
37.500000 3.472074e-04
37.750000 5.831004e-04
38.000000 8.259694e-04
38.250000 1.069365e-03
38.500000 1.303964e-03
38.750000 1.517692e-03
39.000000 1.696834e-03
39.250000 1.827682e-03
39.500000 1.898397e-03
39.750000 1.900851e-03
40.000000 1.832314e-03
40.250000 1.696994e-03
40.500000 1.507641e-03
40.750000 1.287861e-03
41.000000 1.075901e-03
41.250000 9.267841e-04
41.500000 8.924122e-04
41.750000 9.697956e-04
42.000000 1.099551e-03
42.250000 1.221818e-03
42.500000 1.299806e-03
42.750000 1.316662e-03
43.000000 1.270759e-03
43.250000 1.173744e-03
43.500000 1.050429e-03
43.750000 9.383127e-04
44.000000 8.793654e-04
44.250000 8.947275e-04
44.500000 9.639753e-04
44.750000 1.042866e-03
45.000000 1.091376e-03
45.250000 1.083407e-03
45.500000 1.006244e-03
45.750000 8.585907e-04
46.000000 6.495328e-04
46.250000 4.013612e-04
46.500000 1.946368e-04
46.750000 3.094611e-04
47.000000 5.685017e-04
47.250000 8.101284e-04
47.500000 9.994649e-04
47.750000 1.119436e-03
48.000000 1.161979e-03
48.250000 1.127661e-03
48.500000 1.026423e-03
48.750000 8.793344e-04
49.000000 7.229094e-04
49.250000 6.146697e-04
49.500000 6.124901e-04
49.750000 7.076839e-04
50.000000 8.354241e-04
