-50.000000 3.206321e-04
-49.750000 3.454193e-04
-49.500000 4.197187e-04
-49.250000 4.866240e-04
-49.000000 5.095250e-04
-48.750000 4.744514e-04
-48.500000 3.844486e-04
-48.250000 2.565598e-04
-48.000000 1.273517e-04
-47.750000 1.144672e-04
-47.500000 2.061192e-04
-47.250000 2.748231e-04
-47.000000 2.993887e-04
-46.750000 2.873290e-04
-46.500000 2.661762e-04
-46.250000 2.744564e-04
-46.000000 3.236873e-04
-45.750000 3.862308e-04
-45.500000 4.315547e-04
-45.250000 4.424220e-04
-45.000000 4.141774e-04
-44.750000 3.521247e-04
-44.500000 2.689407e-04
-44.250000 1.827050e-04
-44.000000 1.180015e-04
-43.750000 1.026034e-04
-43.500000 1.234112e-04
-43.250000 1.490571e-04
-43.000000 1.768103e-04
-42.750000 2.162442e-04
-42.500000 2.720505e-04
-42.250000 3.392957e-04
-42.000000 4.076792e-04
-41.750000 4.653164e-04
-41.500000 5.002444e-04
-41.250000 5.015260e-04
-41.000000 4.609902e-04
-40.750000 3.758754e-04
-40.500000 2.538079e-04
-40.250000 1.394887e-04
-40.000000 1.938709e-04
-39.750000 3.521974e-04
-39.500000 4.981758e-04
-39.250000 5.937467e-04
-39.000000 6.167423e-04
-38.750000 5.558749e-04
-38.500000 4.121135e-04
-38.250000 2.019933e-04
-38.000000 1.048507e-04
-37.750000 3.663654e-04
-37.500000 6.293663e-04
-37.250000 8.450096e-04
-37.000000 9.861674e-04
-36.750000 1.037792e-03
-36.500000 9.997296e-04
-36.250000 8.902313e-04
-36.000000 7.517744e-04
-35.750000 6.570376e-04
-35.500000 6.767822e-04
-35.250000 7.938496e-04
-35.000000 9.269075e-04
-34.750000 1.010189e-03
-34.500000 1.006262e-03
-34.250000 8.993157e-04
-34.000000 6.924568e-04
-33.750000 4.126402e-04
-33.500000 1.994352e-04
-33.250000 4.260262e-04
-33.000000 7.522360e-04
-32.750000 1.018282e-03
-32.500000 1.172933e-03
-32.250000 1.186945e-03
-32.000000 1.052801e-03
-31.750000 7.926494e-04
-31.500000 4.938501e-04
-31.250000 4.650060e-04
-31.000000 8.048575e-04
-30.750000 1.187737e-03
-30.500000 1.481736e-03
-30.250000 1.631696e-03
-30.000000 1.617153e-03
-29.750000 1.449041e-03
-29.500000 1.170086e-03
-29.250000 8.575809e-04
-29.000000 6.313171e-04
-28.750000 5.971007e-04
-28.500000 6.722148e-04
-28.250000 7.200572e-04
-28.000000 7.250904e-04
-27.750000 7.840534e-04
-27.500000 9.958756e-04
-27.250000 1.320982e-03
-27.000000 1.646807e-03
-26.750000 1.872394e-03
-26.500000 1.926176e-03
-26.250000 1.771088e-03
-26.000000 1.408837e-03
-25.750000 8.849714e-04
-25.500000 3.537630e-04
-25.250000 5.812711e-04
-25.000000 1.132039e-03
-24.750000 1.552073e-03
-24.500000 1.750950e-03
-24.250000 1.692497e-03
-24.000000 1.383291e-03
-23.750000 8.734551e-04
-23.500000 3.053897e-04
-23.250000 5.699158e-04
-23.000000 1.172804e-03
-22.750000 1.645159e-03
-22.500000 1.904531e-03
-22.250000 1.918077e-03
-22.000000 1.696833e-03
-21.750000 1.300665e-03
-21.500000 8.682781e-04
-21.250000 7.259549e-04
-21.000000 1.033676e-03
-20.750000 1.428741e-03
-20.500000 1.712034e-03
-20.250000 1.824223e-03
-20.000000 1.763448e-03
-19.750000 1.563322e-03
-19.500000 1.279109e-03
-19.250000 9.720340e-04
-19.000000 6.907749e-04
-18.750000 4.579048e-04
-18.500000 3.014873e-04
-18.250000 3.629330e-04
-18.000000 6.418292e-04
-17.750000 1.000120e-03
-17.500000 1.360825e-03
-17.250000 1.663336e-03
-17.000000 1.857519e-03
-16.750000 1.910688e-03
-16.500000 1.813993e-03
-16.250000 1.586588e-03
-16.000000 1.280164e-03
-15.750000 9.914114e-04
-15.500000 8.696164e-04
-15.250000 9.878218e-04
-15.000000 1.223360e-03
-14.750000 1.451540e-03
-14.500000 1.622157e-03
-14.250000 1.729077e-03
-14.000000 1.787448e-03
-13.750000 1.819144e-03
-13.500000 1.842104e-03
-13.250000 1.864964e-03
-13.000000 1.888488e-03
-12.750000 1.911921e-03
-12.500000 1.940317e-03
-12.250000 1.989698e-03
-12.000000 2.087221e-03
-11.750000 2.262876e-03
-11.500000 2.533733e-03
-11.250000 2.891320e-03
-11.000000 3.301682e-03
-10.750000 3.715030e-03
-10.500000 4.077409e-03
-10.250000 4.341306e-03
-10.000000 4.474994e-03
-9.750000 4.470226e-03
-9.500000 4.346932e-03
-9.250000 4.152448e-03
-9.000000 3.951445e-03
-8.750000 3.803509e-03
-8.500000 3.734749e-03
-8.250000 3.724862e-03
-8.000000 3.724578e-03
-7.750000 3.688297e-03
-7.500000 3.596791e-03
-7.250000 3.460262e-03
-7.000000 3.303678e-03
-6.750000 3.141499e-03
-6.500000 2.956619e-03
-6.250000 2.700220e-03
-6.000000 2.313552e-03
-5.750000 1.757465e-03
-5.500000 1.051956e-03
-5.250000 5.719488e-04
-5.000000 1.280107e-03
-4.750000 2.344913e-03
-4.500000 3.419780e-03
-4.250000 4.405382e-03
-4.000000 5.248577e-03
-3.750000 5.932704e-03
-3.500000 6.473402e-03
-3.250000 6.905247e-03
-3.000000 7.259880e-03
-2.750000 7.544347e-03
-2.500000 7.731570e-03
-2.250000 7.768387e-03
-2.000000 7.595640e-03
-1.750000 7.169750e-03
-1.500000 6.478123e-03
-1.250000 5.546162e-03
-1.000000 4.438201e-03
-0.750000 3.260785e-03
-0.500000 2.197194e-03
-0.250000 1.637886e-03
0.000000 1.946424e-03
0.250000 2.684979e-03
0.500000 3.438495e-03
0.750000 4.073244e-03
1.000000 4.550579e-03
1.250000 4.866796e-03
1.500000 5.042654e-03
1.750000 5.126671e-03
2.000000 5.196336e-03
2.250000 5.341895e-03
2.500000 5.626118e-03
2.750000 6.043394e-03
3.000000 6.516549e-03
3.250000 6.932337e-03
3.500000 7.183320e-03
3.750000 7.196249e-03
4.000000 6.946341e-03
4.250000 6.461504e-03
4.500000 5.818859e-03
4.750000 5.133562e-03
5.000000 4.536167e-03
5.250000 4.131993e-03
5.500000 3.952753e-03
5.750000 3.948133e-03
6.000000 4.037985e-03
6.250000 4.164574e-03
6.500000 4.299507e-03
6.750000 4.422669e-03
7.000000 4.504714e-03
7.250000 4.508574e-03
7.500000 4.406925e-03
7.750000 4.204487e-03
8.000000 3.955489e-03
8.250000 3.765317e-03
8.500000 3.754827e-03
8.750000 3.982354e-03
9.000000 4.398626e-03
9.250000 4.895056e-03
9.500000 5.373126e-03
9.750000 5.772931e-03
10.000000 6.071042e-03
10.250000 6.267212e-03
10.500000 6.369599e-03
10.750000 6.384054e-03
11.000000 6.310745e-03
11.250000 6.147816e-03
11.500000 5.898327e-03
11.750000 5.575785e-03
12.000000 5.205466e-03
12.250000 4.821550e-03
12.500000 4.462313e-03
12.750000 4.165831e-03
13.000000 3.966151e-03
13.250000 3.886598e-03
13.500000 3.928582e-03
13.750000 4.063019e-03
14.000000 4.234472e-03
14.250000 4.377219e-03
14.500000 4.433622e-03
14.750000 4.367904e-03
15.000000 4.173460e-03
15.250000 3.873301e-03
15.500000 3.512808e-03
15.750000 3.143875e-03
16.000000 2.802444e-03
16.250000 2.489745e-03
16.500000 2.173153e-03
16.750000 1.809305e-03
17.000000 1.371555e-03
17.250000 8.660950e-04
17.500000 3.526375e-04
17.750000 3.370619e-04
18.000000 7.734191e-04
18.250000 1.127968e-03
18.500000 1.340399e-03
18.750000 1.401036e-03
19.000000 1.331225e-03
19.250000 1.179065e-03
19.500000 1.010557e-03
19.750000 8.876763e-04
20.000000 8.302982e-04
20.250000 8.045228e-04
20.500000 7.693197e-04
20.750000 7.197676e-04
21.000000 6.885135e-04
21.250000 7.074167e-04
21.500000 7.588011e-04
21.750000 7.857799e-04
22.000000 7.367320e-04
22.250000 5.886375e-04
22.500000 3.659854e-04
22.750000 2.773431e-04
23.000000 5.587725e-04
23.250000 9.190114e-04
23.500000 1.231689e-03
23.750000 1.439726e-03
24.000000 1.509013e-03
24.250000 1.426060e-03
24.500000 1.197437e-03
24.750000 8.470728e-04
25.000000 4.115400e-04
25.250000 6.573724e-05
25.500000 5.395563e-04
25.750000 9.681286e-04
26.000000 1.315319e-03
26.250000 1.552713e-03
26.500000 1.660744e-03
26.750000 1.630033e-03
27.000000 1.463338e-03
27.250000 1.178593e-03
27.500000 8.163393e-04
27.750000 4.795647e-04
28.000000 4.702369e-04
28.250000 7.747953e-04
28.500000 1.077043e-03
28.750000 1.272364e-03
29.000000 1.325144e-03
29.250000 1.231772e-03
29.500000 1.018370e-03
29.750000 7.498697e-04
30.000000 5.662533e-04
30.250000 6.375550e-04
30.500000 8.633995e-04
30.750000 1.073132e-03
31.000000 1.198672e-03
31.250000 1.227029e-03
31.500000 1.176234e-03
31.750000 1.083023e-03
32.000000 9.874677e-04
32.250000 9.128395e-04
32.500000 8.546052e-04
32.750000 7.954356e-04
33.000000 7.353911e-04
33.250000 7.103844e-04
33.500000 7.690894e-04
33.750000 9.103335e-04
34.000000 1.079069e-03
34.250000 1.215308e-03
34.500000 1.277438e-03
34.750000 1.245725e-03
35.000000 1.122073e-03
35.250000 9.295676e-04
35.500000 7.145986e-04
35.750000 5.554930e-04
36.000000 5.396094e-04
36.250000 6.434751e-04
36.500000 7.666060e-04
36.750000 8.489140e-04
37.000000 8.672035e-04
37.250000 8.150759e-04
37.500000 6.938756e-04
37.750000 5.095718e-04
38.000000 2.736971e-04
38.250000 6.425309e-05
38.500000 3.151568e-04
38.750000 6.011639e-04
39.000000 8.532334e-04
39.250000 1.043132e-03
39.500000 1.150245e-03
39.750000 1.164866e-03
40.000000 1.091072e-03
40.250000 9.483050e-04
40.500000 7.724740e-04
40.750000 6.174520e-04
41.000000 5.451047e-04
41.250000 5.713662e-04
41.500000 6.415164e-04
41.750000 7.000475e-04
42.000000 7.222376e-04
42.250000 7.036838e-04
42.500000 6.491867e-04
42.750000 5.679783e-04
43.000000 4.768738e-04
43.250000 4.125782e-04
43.500000 4.303165e-04
43.750000 5.391905e-04
44.000000 6.862154e-04
44.250000 8.174894e-04
44.500000 8.951431e-04
44.750000 8.956754e-04
45.000000 8.104034e-04
45.250000 6.465400e-04
45.500000 4.275219e-04
45.750000 1.995757e-04
46.000000 1.462173e-04
46.250000 2.973055e-04
46.500000 4.003766e-04
46.750000 4.126659e-04
47.000000 3.312235e-04
47.250000 1.783445e-04
47.500000 1.108895e-04
47.750000 3.061484e-04
48.000000 5.022021e-04
48.250000 6.401976e-04
48.500000 6.962962e-04
48.750000 6.668576e-04
49.000000 5.713182e-04
49.250000 4.575244e-04
49.500000 4.007574e-04
49.750000 4.370361e-04
50.000000 5.018755e-04
