-50.000000 4.911439e-04
-49.750000 4.109545e-04
-49.500000 3.342026e-04
-49.250000 2.678968e-04
-49.000000 2.151716e-04
-48.750000 1.758015e-04
-48.500000 1.525133e-04
-48.250000 1.579849e-04
-48.000000 2.016028e-04
-47.750000 2.733725e-04
-47.500000 3.570120e-04
-47.250000 4.386014e-04
-47.000000 5.068771e-04
-46.750000 5.534400e-04
-46.500000 5.736198e-04
-46.250000 5.675260e-04
-46.000000 5.410126e-04
-45.750000 5.061555e-04
-45.500000 4.797661e-04
-45.250000 4.769900e-04
-45.000000 5.012698e-04
-44.750000 5.420028e-04
-44.500000 5.835790e-04
-44.250000 6.144792e-04
-44.000000 6.310921e-04
-43.750000 6.382860e-04
-43.500000 6.476063e-04
-43.250000 6.718964e-04
-43.000000 7.171096e-04
-42.750000 7.773271e-04
-42.500000 8.374274e-04
-42.250000 8.794982e-04
-42.000000 8.877942e-04
-41.750000 8.512821e-04
-41.500000 7.647165e-04
-41.250000 6.289959e-04
-41.000000 4.514094e-04
-40.750000 2.488805e-04
-40.500000 1.142565e-04
-40.250000 2.776181e-04
-40.000000 4.955461e-04
-39.750000 6.970115e-04
-39.500000 8.676537e-04
-39.250000 1.002221e-03
-39.000000 1.101927e-03
-38.750000 1.173491e-03
-38.500000 1.227164e-03
-38.250000 1.273415e-03
-38.000000 1.318986e-03
-37.750000 1.364103e-03
-37.500000 1.402415e-03
-37.250000 1.423529e-03
-37.000000 1.416582e-03
-36.750000 1.373344e-03
-36.500000 1.290231e-03
-36.250000 1.169337e-03
-36.000000 1.018846e-03
-35.750000 8.533476e-04
-35.500000 6.946186e-04
-35.250000 5.720071e-04
-35.000000 5.144116e-04
-34.750000 5.245109e-04
-34.500000 5.702247e-04
-34.250000 6.152270e-04
-34.000000 6.375199e-04
-33.750000 6.277907e-04
-33.500000 5.847146e-04
-33.250000 5.117913e-04
-33.000000 4.154232e-04
-32.750000 3.042492e-04
-32.500000 1.926191e-04
-32.250000 1.279181e-04
-32.000000 1.896816e-04
-31.750000 3.133691e-04
-31.500000 4.501023e-04
-31.250000 5.879497e-04
-31.000000 7.210175e-04
-30.750000 8.440722e-04
-30.500000 9.518556e-04
-30.250000 1.039491e-03
-30.000000 1.103221e-03
-29.750000 1.141160e-03
-29.500000 1.153874e-03
-29.250000 1.144626e-03
-29.000000 1.119203e-03
-28.750000 1.085168e-03
-28.500000 1.050513e-03
-28.250000 1.021864e-03
-28.000000 1.002825e-03
-27.750000 9.933249e-04
-27.500000 9.904715e-04
-27.250000 9.904336e-04
-27.000000 9.902847e-04
-26.750000 9.889802e-04
-26.500000 9.872209e-04
-26.250000 9.864251e-04
-26.000000 9.873287e-04
-25.750000 9.889060e-04
-25.500000 9.881763e-04
-25.250000 9.810090e-04
-25.000000 9.635603e-04
-24.750000 9.338378e-04
-24.500000 8.930750e-04
-24.250000 8.468109e-04
-24.000000 8.055146e-04
-23.750000 7.839761e-04
-23.500000 7.978929e-04
-23.250000 8.576705e-04
-23.000000 9.642902e-04
-22.750000 1.111409e-03
-22.500000 1.290049e-03
-22.250000 1.491048e-03
-22.000000 1.705046e-03
-21.750000 1.921666e-03
-21.500000 2.129019e-03
-21.250000 2.313890e-03
-21.000000 2.462580e-03
-20.750000 2.562216e-03
-20.500000 2.602248e-03
-20.250000 2.575912e-03
-20.000000 2.481400e-03
-19.750000 2.322559e-03
-19.500000 2.108990e-03
-19.250000 1.855451e-03
-19.000000 1.580614e-03
-18.750000 1.305368e-03
-18.500000 1.051353e-03
-18.250000 8.413439e-04
-18.000000 7.035334e-04
-17.750000 6.734201e-04
-17.500000 7.712535e-04
-17.250000 9.801422e-04
-17.000000 1.268114e-03
-16.750000 1.605242e-03
-16.500000 1.962135e-03
-16.250000 2.307781e-03
-16.000000 2.610595e-03
-15.750000 2.841352e-03
-15.500000 2.976932e-03
-15.250000 3.004467e-03
-15.000000 2.925907e-03
-14.750000 2.763363e-03
-14.500000 2.565182e-03
-14.250000 2.408742e-03
-14.000000 2.383977e-03
-13.750000 2.542664e-03
-13.500000 2.857722e-03
-13.250000 3.250062e-03
-13.000000 3.637817e-03
-12.750000 3.958610e-03
-12.500000 4.173050e-03
-12.250000 4.263986e-03
-12.000000 4.235930e-03
-11.750000 4.114731e-03
-11.500000 3.946247e-03
-11.250000 3.791255e-03
-11.000000 3.712263e-03
-10.750000 3.751358e-03
-10.500000 3.911241e-03
-10.250000 4.157137e-03
-10.000000 4.437426e-03
-9.750000 4.704174e-03
-9.500000 4.923534e-03
-9.250000 5.077950e-03
-9.000000 5.164372e-03
-8.750000 5.190864e-03
-8.500000 5.172592e-03
-8.250000 5.127744e-03
-8.000000 5.073845e-03
-7.750000 5.025008e-03
-7.500000 4.990443e-03
-7.250000 4.974230e-03
-7.000000 4.975959e-03
-6.750000 4.991709e-03
-6.500000 5.015053e-03
-6.250000 5.038127e-03
-6.000000 5.053021e-03
-5.750000 5.053682e-03
-5.500000 5.038234e-03
-5.250000 5.011249e-03
-5.000000 4.985184e-03
-4.750000 4.979908e-03
-4.500000 5.019316e-03
-4.250000 5.124945e-03
-4.000000 5.308533e-03
-3.750000 5.567134e-03
-3.500000 5.883464e-03
-3.250000 6.230788e-03
-3.000000 6.579301e-03
-2.750000 6.901382e-03
-2.500000 7.174677e-03
-2.250000 7.383174e-03
-2.000000 7.516767e-03
-1.750000 7.569907e-03
-1.500000 7.539848e-03
-1.250000 7.425033e-03
-1.000000 7.224017e-03
-0.750000 6.935219e-03
-0.500000 6.557522e-03
-0.250000 6.091540e-03
0.000000 5.541197e-03
0.250000 4.915241e-03
0.500000 4.228417e-03
0.750000 3.502258e-03
1.000000 2.765971e-03
1.250000 2.059149e-03
1.500000 1.442137e-03
1.750000 1.026301e-03
2.000000 9.587029e-04
2.250000 1.173518e-03
2.500000 1.466285e-03
2.750000 1.748502e-03
3.000000 2.015637e-03
3.250000 2.298016e-03
3.500000 2.634054e-03
3.750000 3.049670e-03
4.000000 3.547070e-03
4.250000 4.106240e-03
4.500000 4.693639e-03
4.750000 5.271065e-03
5.000000 5.802033e-03
5.250000 6.255895e-03
5.500000 6.610470e-03
5.750000 6.853627e-03
6.000000 6.983973e-03
6.250000 7.010663e-03
6.500000 6.952285e-03
6.750000 6.834809e-03
7.000000 6.688574e-03
7.250000 6.544462e-03
7.500000 6.429656e-03
7.750000 6.363769e-03
8.000000 6.356361e-03
8.250000 6.406569e-03
8.500000 6.504676e-03
8.750000 6.634653e-03
9.000000 6.776649e-03
9.250000 6.908920e-03
9.500000 7.009390e-03
9.750000 7.057252e-03
10.000000 7.034959e-03
10.250000 6.930681e-03
10.500000 6.741090e-03
10.750000 6.474223e-03
11.000000 6.151996e-03
11.250000 5.811577e-03
11.500000 5.503849e-03
11.750000 5.285842e-03
12.000000 5.204786e-03
12.250000 5.278450e-03
12.500000 5.485546e-03
12.750000 5.774915e-03
13.000000 6.084874e-03
13.250000 6.359081e-03
13.500000 6.554302e-03
13.750000 6.642415e-03
14.000000 6.609706e-03
14.250000 6.455133e-03
14.500000 6.188222e-03
14.750000 5.826851e-03
15.000000 5.394978e-03
15.250000 4.920364e-03
15.500000 4.432191e-03
15.750000 3.958465e-03
16.000000 3.522986e-03
16.250000 3.141935e-03
16.500000 2.820776e-03
16.750000 2.553083e-03
17.000000 2.322862e-03
17.250000 2.110101e-03
17.500000 1.897155e-03
17.750000 1.673490e-03
18.000000 1.438053e-03
18.250000 1.200155e-03
18.500000 9.803690e-04
18.750000 8.116067e-04
19.000000 7.324785e-04
19.250000 7.580286e-04
19.500000 8.607347e-04
19.750000 1.003079e-03
20.000000 1.164473e-03
20.250000 1.338983e-03
20.500000 1.525698e-03
20.750000 1.721447e-03
21.000000 1.917476e-03
21.250000 2.099663e-03
21.500000 2.250935e-03
21.750000 2.354413e-03
22.000000 2.396313e-03
22.250000 2.368171e-03
22.500000 2.268193e-03
22.750000 2.101716e-03
23.000000 1.880761e-03
23.250000 1.622742e-03
23.500000 1.348373e-03
23.750000 1.078806e-03
24.000000 8.319804e-04
24.250000 6.183576e-04
24.500000 4.374719e-04
24.750000 2.795027e-04
25.000000 1.439843e-04
25.250000 1.440956e-04
25.500000 3.055531e-04
25.750000 4.989689e-04
26.000000 6.897815e-04
26.250000 8.556293e-04
26.500000 9.762653e-04
26.750000 1.034898e-03
27.000000 1.020234e-03
27.250000 9.281379e-04
27.500000 7.630257e-04
27.750000 5.406750e-04
28.000000 3.070143e-04
28.250000 2.665759e-04
28.500000 5.089208e-04
28.750000 7.970114e-04
29.000000 1.060675e-03
29.250000 1.275067e-03
29.500000 1.427903e-03
29.750000 1.515972e-03
30.000000 1.544387e-03
30.250000 1.525400e-03
30.500000 1.475988e-03
30.750000 1.413814e-03
31.000000 1.351983e-03
31.250000 1.294507e-03
31.500000 1.235378e-03
31.750000 1.162340e-03
32.000000 1.063140e-03
32.250000 9.313247e-04
32.500000 7.710130e-04
32.750000 6.037521e-04
33.000000 4.835079e-04
33.250000 4.912417e-04
33.500000 6.272789e-04
33.750000 8.118267e-04
34.000000 9.883730e-04
34.250000 1.128193e-03
34.500000 1.216687e-03
34.750000 1.248004e-03
35.000000 1.222972e-03
35.250000 1.147809e-03
35.500000 1.032870e-03
35.750000 8.913408e-04
36.000000 7.380561e-04
36.250000 5.887708e-04
36.500000 4.602813e-04
36.750000 3.707292e-04
37.000000 3.345397e-04
37.250000 3.483384e-04
37.500000 3.918510e-04
37.750000 4.471226e-04
38.000000 5.051125e-04
38.250000 5.622124e-04
38.500000 6.170940e-04
38.750000 6.693609e-04
39.000000 7.190743e-04
39.250000 7.664274e-04
39.500000 8.113181e-04
39.750000 8.529376e-04
40.000000 8.896529e-04
40.250000 9.193770e-04
40.500000 9.403883e-04
40.750000 9.523446e-04
41.000000 9.571097e-04
41.250000 9.589517e-04
41.500000 9.636917e-04
41.750000 9.766716e-04
42.000000 1.000176e-03
42.250000 1.031728e-03
42.500000 1.064393e-03
42.750000 1.088811e-03
43.000000 1.095724e-03
43.250000 1.078005e-03
43.500000 1.031896e-03
43.750000 9.575237e-04
44.000000 8.588631e-04
44.250000 7.432804e-04
44.500000 6.207679e-04
44.750000 5.028906e-04
45.000000 4.012052e-04
45.250000 3.243638e-04
45.500000 2.735504e-04
45.750000 2.402848e-04
46.000000 2.123418e-04
46.250000 1.829815e-04
46.500000 1.559585e-04
46.750000 1.452433e-04
47.000000 1.614584e-04
47.250000 1.951430e-04
47.500000 2.289016e-04
47.750000 2.501816e-04
48.000000 2.519254e-04
48.250000 2.313744e-04
48.500000 1.893725e-04
48.750000 1.298337e-04
49.000000 5.938142e-05
49.250000 2.146544e-05
49.500000 8.886767e-05
49.750000 1.473793e-04
50.000000 1.880917e-04
