-50.000000 2.577969e-03
-49.750000 2.516869e-03
-49.500000 2.447715e-03
-49.250000 2.370861e-03
-49.000000 2.286689e-03
-48.750000 2.195606e-03
-48.500000 2.098044e-03
-48.250000 1.994457e-03
-48.000000 1.885318e-03
-47.750000 1.771118e-03
-47.500000 1.652366e-03
-47.250000 1.529583e-03
-47.000000 1.403305e-03
-46.750000 1.274082e-03
-46.500000 1.142480e-03
-46.250000 1.009089e-03
-46.000000 8.745339e-04
-45.750000 7.395088e-04
-45.500000 6.048538e-04
-45.250000 4.717615e-04
-45.000000 3.424440e-04
-44.750000 2.229139e-04
-44.500000 1.379163e-04
-44.250000 1.547968e-04
-44.000000 2.505291e-04
-43.750000 3.650626e-04
-43.500000 4.826587e-04
-43.250000 5.991666e-04
-43.000000 7.129569e-04
-42.750000 8.231602e-04
-42.500000 9.292066e-04
-42.250000 1.030672e-03
-42.000000 1.127219e-03
-41.750000 1.218570e-03
-41.500000 1.304493e-03
-41.250000 1.384797e-03
-41.000000 1.459331e-03
-40.750000 1.527977e-03
-40.500000 1.590657e-03
-40.250000 1.647327e-03
-40.000000 1.697986e-03
-39.750000 1.742669e-03
-39.500000 1.781457e-03
-39.250000 1.814478e-03
-39.000000 1.841911e-03
-38.750000 1.863988e-03
-38.500000 1.881006e-03
-38.250000 1.893328e-03
-38.000000 1.901391e-03
-37.750000 1.905718e-03
-37.500000 1.906921e-03
-37.250000 1.905711e-03
-37.000000 1.902908e-03
-36.750000 1.899441e-03
-36.500000 1.896353e-03
-36.250000 1.894795e-03
-36.000000 1.896015e-03
-35.750000 1.901334e-03
-35.500000 1.912110e-03
-35.250000 1.929702e-03
-35.000000 1.955403e-03
-34.750000 1.990393e-03
-34.500000 2.035674e-03
-34.250000 2.092030e-03
-34.000000 2.159992e-03
-33.750000 2.239830e-03
-33.500000 2.331558e-03
-33.250000 2.434966e-03
-33.000000 2.549647e-03
-32.750000 2.675043e-03
-32.500000 2.810478e-03
-32.250000 2.955198e-03
-32.000000 3.108393e-03
-31.750000 3.269222e-03
-31.500000 3.436829e-03
-31.250000 3.610352e-03
-31.000000 3.788934e-03
-30.750000 3.971722e-03
-30.500000 4.157874e-03
-30.250000 4.346559e-03
-30.000000 4.536956e-03
-29.750000 4.728256e-03
-29.500000 4.919663e-03
-29.250000 5.110391e-03
-29.000000 5.299668e-03
-28.750000 5.486733e-03
-28.500000 5.670840e-03
-28.250000 5.851259e-03
-28.000000 6.027272e-03
-27.750000 6.198183e-03
-27.500000 6.363310e-03
-27.250000 6.521996e-03
-27.000000 6.673603e-03
-26.750000 6.817519e-03
-26.500000 6.953158e-03
-26.250000 7.079963e-03
-26.000000 7.197403e-03
-25.750000 7.304984e-03
-25.500000 7.402242e-03
-25.250000 7.488751e-03
-25.000000 7.564119e-03
-24.750000 7.627996e-03
-24.500000 7.680068e-03
-24.250000 7.720067e-03
-24.000000 7.747762e-03
-23.750000 7.762969e-03
-23.500000 7.765546e-03
-23.250000 7.755396e-03
-23.000000 7.732466e-03
-22.750000 7.696749e-03
-22.500000 7.648281e-03
-22.250000 7.587143e-03
-22.000000 7.513462e-03
-21.750000 7.427405e-03
-21.500000 7.329185e-03
-21.250000 7.219054e-03
-21.000000 7.097305e-03
-20.750000 6.964271e-03
-20.500000 6.820323e-03
-20.250000 6.665867e-03
-20.000000 6.501344e-03
-19.750000 6.327230e-03
-19.500000 6.144030e-03
-19.250000 5.952282e-03
-19.000000 5.752551e-03
-18.750000 5.545431e-03
-18.500000 5.331543e-03
-18.250000 5.111536e-03
-18.000000 4.886086e-03
-17.750000 4.655898e-03
-17.500000 4.421712e-03
-17.250000 4.184304e-03
-17.000000 3.944496e-03
-16.750000 3.703168e-03
-16.500000 3.461278e-03
-16.250000 3.219881e-03
-16.000000 2.980176e-03
-15.750000 2.743557e-03
-15.500000 2.511694e-03
-15.250000 2.286656e-03
-15.000000 2.071082e-03
-14.750000 1.868417e-03
-14.500000 1.683211e-03
-14.250000 1.521404e-03
-14.000000 1.390381e-03
-13.750000 1.298318e-03
-13.500000 1.252332e-03
-13.250000 1.255747e-03
-13.000000 1.306299e-03
-12.750000 1.396974e-03
-12.500000 1.518730e-03
-12.250000 1.662963e-03
-12.000000 1.822653e-03
-11.750000 1.992510e-03
-11.500000 2.168681e-03
-11.250000 2.348395e-03
-11.000000 2.529657e-03
-10.750000 2.711016e-03
-10.500000 2.891414e-03
-10.250000 3.070066e-03
-10.000000 3.246394e-03
-9.750000 3.419962e-03
-9.500000 3.590448e-03
-9.250000 3.757610e-03
-9.000000 3.921267e-03
-8.750000 4.081286e-03
-8.500000 4.237565e-03
-8.250000 4.390029e-03
-8.000000 4.538620e-03
-7.750000 4.683288e-03
-7.500000 4.823993e-03
-7.250000 4.960693e-03
-7.000000 5.093344e-03
-6.750000 5.221899e-03
-6.500000 5.346301e-03
-6.250000 5.466484e-03
-6.000000 5.582370e-03
-5.750000 5.693867e-03
-5.500000 5.800871e-03
-5.250000 5.903263e-03
-5.000000 6.000906e-03
-4.750000 6.093650e-03
-4.500000 6.181331e-03
-4.250000 6.263765e-03
-4.000000 6.340760e-03
-3.750000 6.412105e-03
-3.500000 6.477578e-03
-3.250000 6.536946e-03
-3.000000 6.589965e-03
-2.750000 6.636382e-03
-2.500000 6.675936e-03
-2.250000 6.708362e-03
-2.000000 6.733390e-03
-1.750000 6.750747e-03
-1.500000 6.760161e-03
-1.250000 6.761363e-03
-1.000000 6.754085e-03
-0.750000 6.738069e-03
-0.500000 6.713063e-03
-0.250000 6.678825e-03
0.000000 6.635128e-03
0.250000 6.581759e-03
0.500000 6.518522e-03
0.750000 6.445241e-03
1.000000 6.361762e-03
1.250000 6.267953e-03
1.500000 6.163709e-03
1.750000 6.048954e-03
2.000000 5.923640e-03
2.250000 5.787752e-03
2.500000 5.641308e-03
2.750000 5.484362e-03
3.000000 5.317004e-03
3.250000 5.139367e-03
3.500000 4.951620e-03
3.750000 4.753980e-03
4.000000 4.546707e-03
4.250000 4.330111e-03
4.500000 4.104552e-03
4.750000 3.870451e-03
5.000000 3.628291e-03
5.250000 3.378630e-03
5.500000 3.122118e-03
5.750000 2.859523e-03
6.000000 2.591774e-03
6.250000 2.320036e-03
6.500000 2.045852e-03
6.750000 1.771405e-03
7.000000 1.500072e-03
7.250000 1.237631e-03
7.500000 9.950427e-04
7.750000 7.946283e-04
8.000000 6.782719e-04
8.250000 6.917374e-04
8.500000 8.291143e-04
8.750000 1.041906e-03
9.000000 1.292164e-03
9.250000 1.560326e-03
9.500000 1.836646e-03
9.750000 2.115817e-03
10.000000 2.394599e-03
10.250000 2.670787e-03
10.500000 2.942733e-03
10.750000 3.209112e-03
11.000000 3.468804e-03
11.250000 3.720825e-03
11.500000 3.964292e-03
11.750000 4.198400e-03
12.000000 4.422407e-03
12.250000 4.635633e-03
12.500000 4.837451e-03
12.750000 5.027285e-03
13.000000 5.204612e-03
13.250000 5.368960e-03
13.500000 5.519908e-03
13.750000 5.657087e-03
14.000000 5.780182e-03
14.250000 5.888931e-03
14.500000 5.983126e-03
14.750000 6.062613e-03
15.000000 6.127293e-03
15.250000 6.177123e-03
15.500000 6.212113e-03
15.750000 6.232331e-03
16.000000 6.237895e-03
16.250000 6.228980e-03
16.500000 6.205812e-03
16.750000 6.168668e-03
17.000000 6.117876e-03
17.250000 6.053814e-03
17.500000 5.976904e-03
17.750000 5.887616e-03
18.000000 5.786463e-03
18.250000 5.673999e-03
18.500000 5.550816e-03
18.750000 5.417547e-03
19.000000 5.274858e-03
19.250000 5.123447e-03
19.500000 4.964048e-03
19.750000 4.797421e-03
20.000000 4.624358e-03
20.250000 4.445676e-03
20.500000 4.262224e-03
20.750000 4.074878e-03
21.000000 3.884544e-03
21.250000 3.692162e-03
21.500000 3.498712e-03
21.750000 3.305217e-03
22.000000 3.112755e-03
22.250000 2.922473e-03
22.500000 2.735601e-03
22.750000 2.553472e-03
23.000000 2.377550e-03
23.250000 2.209453e-03
23.500000 2.050979e-03
23.750000 1.904126e-03
24.000000 1.771074e-03
24.250000 1.654131e-03
24.500000 1.555592e-03
24.750000 1.477502e-03
25.000000 1.421325e-03
25.250000 1.387598e-03
25.500000 1.375691e-03
25.750000 1.383803e-03
26.000000 1.409203e-03
26.250000 1.448630e-03
26.500000 1.498702e-03
26.750000 1.556223e-03
27.000000 1.618358e-03
27.250000 1.682693e-03
27.500000 1.747227e-03
27.750000 1.810329e-03
28.000000 1.870680e-03
28.250000 1.927222e-03
28.500000 1.979105e-03
28.750000 2.025647e-03
29.000000 2.066304e-03
29.250000 2.100643e-03
29.500000 2.128319e-03
29.750000 2.149064e-03
30.000000 2.162669e-03
30.250000 2.168982e-03
30.500000 2.167893e-03
30.750000 2.159338e-03
31.000000 2.143287e-03
31.250000 2.119750e-03
31.500000 2.088772e-03
31.750000 2.050439e-03
32.000000 2.004877e-03
32.250000 1.952260e-03
32.500000 1.892817e-03
32.750000 1.826847e-03
33.000000 1.754728e-03
33.250000 1.676948e-03
33.500000 1.594131e-03
33.750000 1.507087e-03
34.000000 1.416873e-03
34.250000 1.324892e-03
34.500000 1.233020e-03
34.750000 1.143783e-03
35.000000 1.060568e-03
35.250000 9.878205e-04
35.500000 9.310548e-04
35.750000 8.964040e-04
36.000000 8.894396e-04
36.250000 9.135226e-04
36.500000 9.687035e-04
36.750000 1.052050e-03
37.000000 1.159036e-03
37.250000 1.284917e-03
37.500000 1.425490e-03
37.750000 1.577314e-03
38.000000 1.737649e-03
38.250000 1.904312e-03
38.500000 2.075534e-03
38.750000 2.249844e-03
39.000000 2.425986e-03
39.250000 2.602861e-03
39.500000 2.779480e-03
39.750000 2.954941e-03
40.000000 3.128407e-03
40.250000 3.299091e-03
40.500000 3.466252e-03
40.750000 3.629185e-03
41.000000 3.787220e-03
41.250000 3.939720e-03
41.500000 4.086077e-03
41.750000 4.225718e-03
42.000000 4.358102e-03
42.250000 4.482720e-03
42.500000 4.599099e-03
42.750000 4.706802e-03
43.000000 4.805431e-03
43.250000 4.894625e-03
43.500000 4.974066e-03
43.750000 5.043478e-03
44.000000 5.102628e-03
44.250000 5.151329e-03
44.500000 5.189438e-03
44.750000 5.216861e-03
45.000000 5.233551e-03
45.250000 5.239507e-03
45.500000 5.234778e-03
45.750000 5.219462e-03
46.000000 5.193705e-03
46.250000 5.157701e-03
46.500000 5.111689e-03
46.750000 5.055960e-03
47.000000 4.990846e-03
47.250000 4.916728e-03
47.500000 4.834030e-03
47.750000 4.743216e-03
48.000000 4.644796e-03
48.250000 4.539317e-03
48.500000 4.427364e-03
48.750000 4.309562e-03
49.000000 4.186568e-03
49.250000 4.059075e-03
49.500000 3.927807e-03
49.750000 3.793522e-03
50.000000 3.657003e-03
