-50.000000 9.299474e-04
-49.750000 7.833728e-04
-49.500000 6.327145e-04
-49.250000 4.861795e-04
-49.000000 3.535373e-04
-48.750000 2.499713e-04
-48.500000 2.022471e-04
-48.250000 2.258379e-04
-48.000000 2.912751e-04
-47.750000 3.706342e-04
-47.500000 4.546757e-04
-47.250000 5.415842e-04
-47.000000 6.308425e-04
-46.750000 7.210551e-04
-46.500000 8.094503e-04
-46.250000 8.921869e-04
-46.000000 9.650176e-04
-45.750000 1.024056e-03
-45.500000 1.066524e-03
-45.250000 1.091422e-03
-45.000000 1.100098e-03
-44.750000 1.096621e-03
-44.500000 1.087787e-03
-44.250000 1.082399e-03
-44.000000 1.089458e-03
-43.750000 1.115370e-03
-43.500000 1.161318e-03
-43.250000 1.222422e-03
-43.000000 1.289085e-03
-42.750000 1.349401e-03
-42.500000 1.391280e-03
-42.250000 1.403838e-03
-42.000000 1.378165e-03
-41.750000 1.307739e-03
-41.500000 1.188638e-03
-41.250000 1.019654e-03
-41.000000 8.023543e-04
-40.750000 5.413807e-04
-40.500000 2.478922e-04
-40.250000 1.320604e-04
-40.000000 4.618411e-04
-39.750000 8.218461e-04
-39.500000 1.182491e-03
-39.250000 1.530578e-03
-39.000000 1.854445e-03
-38.750000 2.143563e-03
-38.500000 2.388825e-03
-38.250000 2.582881e-03
-38.000000 2.720424e-03
-37.750000 2.798379e-03
-37.500000 2.816007e-03
-37.250000 2.774888e-03
-37.000000 2.678826e-03
-36.750000 2.533655e-03
-36.500000 2.346986e-03
-36.250000 2.127924e-03
-36.000000 1.886794e-03
-35.750000 1.634938e-03
-35.500000 1.384701e-03
-35.250000 1.149699e-03
-35.000000 9.453834e-04
-34.750000 7.890516e-04
-34.500000 6.961156e-04
-34.250000 6.697156e-04
-34.000000 6.939334e-04
-33.750000 7.441054e-04
-33.500000 8.006886e-04
-33.250000 8.529386e-04
-33.000000 8.967809e-04
-32.750000 9.321942e-04
-32.500000 9.613535e-04
-32.250000 9.873915e-04
-32.000000 1.013557e-03
-31.750000 1.042664e-03
-31.500000 1.076803e-03
-31.250000 1.117256e-03
-31.000000 1.164572e-03
-30.750000 1.218673e-03
-30.500000 1.278946e-03
-30.250000 1.344261e-03
-30.000000 1.412967e-03
-29.750000 1.482879e-03
-29.500000 1.551325e-03
-29.250000 1.615266e-03
-29.000000 1.671496e-03
-28.750000 1.716895e-03
-28.500000 1.748731e-03
-28.250000 1.764965e-03
-28.000000 1.764546e-03
-27.750000 1.747675e-03
-27.500000 1.715999e-03
-27.250000 1.672703e-03
-27.000000 1.622415e-03
-26.750000 1.570852e-03
-26.500000 1.524058e-03
-26.250000 1.487253e-03
-26.000000 1.463460e-03
-25.750000 1.452408e-03
-25.500000 1.450271e-03
-25.250000 1.450468e-03
-25.000000 1.445261e-03
-24.750000 1.427694e-03
-24.500000 1.393640e-03
-24.250000 1.344105e-03
-24.000000 1.288100e-03
-23.750000 1.245819e-03
-23.500000 1.249199e-03
-23.250000 1.333178e-03
-23.000000 1.517528e-03
-22.750000 1.797409e-03
-22.500000 2.152049e-03
-22.250000 2.556537e-03
-22.000000 2.986959e-03
-21.750000 3.421189e-03
-21.500000 3.838615e-03
-21.250000 4.219972e-03
-21.000000 4.547493e-03
-20.750000 4.805299e-03
-20.500000 4.979945e-03
-20.250000 5.061050e-03
-20.000000 5.041991e-03
-19.750000 4.920653e-03
-19.500000 4.700296e-03
-19.250000 4.390678e-03
-19.000000 4.009738e-03
-18.750000 3.586331e-03
-18.500000 3.164538e-03
-18.250000 2.808332e-03
-18.000000 2.597668e-03
-17.750000 2.596927e-03
-17.500000 2.805936e-03
-17.250000 3.159009e-03
-17.000000 3.573084e-03
-16.750000 3.979685e-03
-16.500000 4.329447e-03
-16.250000 4.588096e-03
-16.000000 4.732901e-03
-15.750000 4.750931e-03
-15.500000 4.638754e-03
-15.250000 4.403383e-03
-15.000000 4.064884e-03
-14.750000 3.661792e-03
-14.500000 3.260874e-03
-14.250000 2.968039e-03
-14.000000 2.914706e-03
-13.750000 3.181726e-03
-13.500000 3.733122e-03
-13.250000 4.466659e-03
-13.000000 5.286555e-03
-12.750000 6.122596e-03
-12.500000 6.924678e-03
-12.250000 7.656126e-03
-12.000000 8.289820e-03
-11.750000 8.806282e-03
-11.500000 9.192753e-03
-11.250000 9.442697e-03
-11.000000 9.555435e-03
-10.750000 9.535770e-03
-10.500000 9.393522e-03
-10.250000 9.142976e-03
-10.000000 8.802198e-03
-9.750000 8.392266e-03
-9.500000 7.936400e-03
-9.250000 7.459001e-03
-9.000000 6.984610e-03
-8.750000 6.536771e-03
-8.500000 6.136813e-03
-8.250000 5.802640e-03
-8.000000 5.547694e-03
-7.750000 5.380388e-03
-7.500000 5.304251e-03
-7.250000 5.318783e-03
-7.000000 5.420654e-03
-6.750000 5.604713e-03
-6.500000 5.864431e-03
-6.250000 6.191836e-03
-6.000000 6.577212e-03
-5.750000 7.008919e-03
-5.500000 7.473523e-03
-5.250000 7.956249e-03
-5.000000 8.441675e-03
-4.750000 8.914541e-03
-4.500000 9.360580e-03
-4.250000 9.767284e-03
-4.000000 1.012457e-02
-3.750000 1.042527e-02
-3.500000 1.066553e-02
-3.250000 1.084487e-02
-3.000000 1.096616e-02
-2.750000 1.103527e-02
-2.500000 1.106047e-02
-2.250000 1.105159e-02
-2.000000 1.101891e-02
-1.750000 1.097203e-02
-1.500000 1.091857e-02
-1.250000 1.086321e-02
-1.000000 1.080702e-02
-0.750000 1.074731e-02
-0.500000 1.067799e-02
-0.250000 1.059050e-02
0.000000 1.047494e-02
0.250000 1.032156e-02
0.500000 1.012205e-02
0.750000 9.870894e-03
1.000000 9.566566e-03
1.250000 9.212578e-03
1.500000 8.818469e-03
1.750000 8.400646e-03
2.000000 7.982947e-03
2.250000 7.596449e-03
2.500000 7.277668e-03
2.750000 7.064032e-03
3.000000 6.986236e-03
3.250000 7.059502e-03
3.500000 7.278146e-03
3.750000 7.616954e-03
4.000000 8.038180e-03
4.250000 8.499822e-03
4.500000 8.961846e-03
4.750000 9.389702e-03
5.000000 9.755934e-03
5.250000 1.004086e-02
5.500000 1.023293e-02
5.750000 1.032895e-02
6.000000 1.033430e-02
6.250000 1.026295e-02
6.500000 1.013705e-02
6.750000 9.985647e-03
7.000000 9.842193e-03
7.250000 9.740271e-03
7.500000 9.707888e-03
7.750000 9.761411e-03
8.000000 9.901228e-03
8.250000 1.011096e-02
8.500000 1.036050e-02
8.750000 1.061150e-02
9.000000 1.082320e-02
9.250000 1.095748e-02
9.500000 1.098238e-02
9.750000 1.087460e-02
10.000000 1.062115e-02
10.250000 1.022074e-02
10.500000 9.685018e-03
10.750000 9.040152e-03
11.000000 8.328927e-03
11.250000 7.613098e-03
11.500000 6.974164e-03
11.750000 6.506844e-03
12.000000 6.296231e-03
12.250000 6.380199e-03
12.500000 6.726160e-03
12.750000 7.248714e-03
13.000000 7.848321e-03
13.250000 8.437870e-03
13.500000 8.951181e-03
13.750000 9.342475e-03
14.000000 9.583605e-03
14.250000 9.661499e-03
14.500000 9.576162e-03
14.750000 9.339057e-03
15.000000 8.971594e-03
15.250000 8.503493e-03
15.500000 7.970760e-03
15.750000 7.412981e-03
16.000000 6.869536e-03
16.250000 6.374517e-03
16.500000 5.950773e-03
16.750000 5.604802e-03
17.000000 5.325202e-03
17.250000 5.086458e-03
17.500000 4.856946e-03
17.750000 4.607913e-03
18.000000 4.320741e-03
18.250000 3.991988e-03
18.500000 3.637201e-03
18.750000 3.294456e-03
19.000000 3.025517e-03
19.250000 2.904680e-03
19.500000 2.983380e-03
19.750000 3.252527e-03
20.000000 3.650134e-03
20.250000 4.100404e-03
20.500000 4.538566e-03
20.750000 4.915978e-03
21.000000 5.198149e-03
21.250000 5.362220e-03
21.500000 5.395199e-03
21.750000 5.292774e-03
22.000000 5.058381e-03
22.250000 4.702287e-03
22.500000 4.240615e-03
22.750000 3.694249e-03
23.000000 3.087685e-03
23.250000 2.447920e-03
23.500000 1.803740e-03
23.750000 1.186785e-03
24.000000 6.436264e-04
24.250000 3.463403e-04
24.500000 5.545975e-04
24.750000 8.595843e-04
25.000000 1.095062e-03
25.250000 1.237165e-03
25.500000 1.284614e-03
25.750000 1.245562e-03
26.000000 1.135778e-03
26.250000 9.799801e-04
26.500000 8.168828e-04
26.750000 7.069316e-04
27.000000 7.155162e-04
27.250000 8.455652e-04
27.500000 1.038857e-03
27.750000 1.243484e-03
28.000000 1.430398e-03
28.250000 1.585929e-03
28.500000 1.706318e-03
28.750000 1.795018e-03
29.000000 1.860784e-03
29.250000 1.915427e-03
29.500000 1.970784e-03
29.750000 2.035240e-03
30.000000 2.110935e-03
30.250000 2.192879e-03
30.500000 2.270254e-03
30.750000 2.329046e-03
31.000000 2.354809e-03
31.250000 2.334858e-03
31.500000 2.259748e-03
31.750000 2.124190e-03
32.000000 1.927638e-03
32.250000 1.674871e-03
32.500000 1.377248e-03
32.750000 1.056793e-03
33.000000 7.612340e-04
33.250000 6.056485e-04
33.500000 7.164278e-04
33.750000 9.993124e-04
34.000000 1.322999e-03
34.250000 1.629401e-03
34.500000 1.891188e-03
34.750000 2.092576e-03
35.000000 2.224062e-03
35.250000 2.280863e-03
35.500000 2.262320e-03
35.750000 2.171505e-03
36.000000 2.014813e-03
36.250000 1.801451e-03
36.500000 1.542854e-03
36.750000 1.252060e-03
37.000000 9.432632e-04
37.250000 6.323258e-04
37.500000 3.439779e-04
37.750000 1.897041e-04
38.000000 3.494951e-04
38.250000 5.792006e-04
38.500000 7.968374e-04
38.750000 9.942409e-04
39.000000 1.173768e-03
39.250000 1.340826e-03
39.500000 1.501149e-03
39.750000 1.658858e-03
40.000000 1.815140e-03
40.250000 1.967781e-03
40.500000 2.111545e-03
40.750000 2.239133e-03
41.000000 2.342379e-03
41.250000 2.413403e-03
41.500000 2.445578e-03
41.750000 2.434259e-03
42.000000 2.377289e-03
42.250000 2.275295e-03
42.500000 2.131826e-03
42.750000 1.953378e-03
43.000000 1.749373e-03
43.250000 1.532168e-03
43.500000 1.317152e-03
43.750000 1.122713e-03
44.000000 9.689262e-04
44.250000 8.722366e-04
44.500000 8.353411e-04
44.750000 8.418960e-04
45.000000 8.654701e-04
45.250000 8.823773e-04
45.500000 8.769375e-04
45.750000 8.409985e-04
46.000000 7.721035e-04
46.250000 6.719277e-04
46.500000 5.451509e-04
46.750000 3.986733e-04
47.000000 2.414166e-04
47.250000 9.006844e-05
47.500000 1.022581e-04
47.750000 2.382889e-04
48.000000 3.613474e-04
48.250000 4.598182e-04
48.500000 5.288766e-04
48.750000 5.662063e-04
49.000000 5.716794e-04
49.250000 5.473242e-04
49.500000 4.973622e-04
49.750000 4.284339e-04
50.000000 3.504102e-04
