-50.000000 2.525945e-03
-49.750000 2.578255e-03
-49.500000 2.597513e-03
-49.250000 2.580025e-03
-49.000000 2.523426e-03
-48.750000 2.426706e-03
-48.500000 2.290209e-03
-48.250000 2.115607e-03
-48.000000 1.905866e-03
-47.750000 1.665207e-03
-47.500000 1.399110e-03
-47.250000 1.114516e-03
-47.000000 8.207798e-04
-46.750000 5.342591e-04
-46.500000 3.070484e-04
-46.250000 3.153855e-04
-46.000000 5.323153e-04
-45.750000 7.835634e-04
-45.500000 1.024237e-03
-45.250000 1.241473e-03
-45.000000 1.429552e-03
-44.750000 1.585877e-03
-44.500000 1.710118e-03
-44.250000 1.804018e-03
-44.000000 1.871306e-03
-43.750000 1.917549e-03
-43.500000 1.949817e-03
-43.250000 1.976042e-03
-43.000000 2.004036e-03
-42.750000 2.040231e-03
-42.500000 2.088425e-03
-42.250000 2.148934e-03
-42.000000 2.218468e-03
-41.750000 2.290721e-03
-41.500000 2.357415e-03
-41.250000 2.409412e-03
-41.000000 2.437668e-03
-40.750000 2.433941e-03
-40.500000 2.391283e-03
-40.250000 2.304353e-03
-40.000000 2.169627e-03
-39.750000 1.985533e-03
-39.500000 1.752559e-03
-39.250000 1.473420e-03
-39.000000 1.153545e-03
-38.750000 8.031445e-04
-38.500000 4.506527e-04
-38.250000 2.791061e-04
-38.000000 5.632155e-04
-37.750000 9.674920e-04
-37.500000 1.382904e-03
-37.250000 1.785191e-03
-37.000000 2.160120e-03
-36.750000 2.496034e-03
-36.500000 2.782715e-03
-36.250000 3.011269e-03
-36.000000 3.174252e-03
-35.750000 3.265842e-03
-35.500000 3.282001e-03
-35.250000 3.220603e-03
-35.000000 3.081524e-03
-34.750000 2.866680e-03
-34.500000 2.580038e-03
-34.250000 2.227610e-03
-34.000000 1.817556e-03
-33.750000 1.360767e-03
-33.500000 8.742146e-04
-33.250000 4.117725e-04
-33.000000 3.926944e-04
-32.750000 8.686000e-04
-32.500000 1.397332e-03
-32.250000 1.917853e-03
-32.000000 2.411488e-03
-31.750000 2.865844e-03
-31.500000 3.271110e-03
-31.250000 3.619467e-03
-31.000000 3.905041e-03
-30.750000 4.123969e-03
-30.500000 4.274448e-03
-30.250000 4.356743e-03
-30.000000 4.373136e-03
-29.750000 4.327799e-03
-29.500000 4.226597e-03
-29.250000 4.076811e-03
-29.000000 3.886787e-03
-28.750000 3.665514e-03
-28.500000 3.422144e-03
-28.250000 3.165486e-03
-28.000000 2.903529e-03
-27.750000 2.643111e-03
-27.500000 2.389891e-03
-27.250000 2.148858e-03
-27.000000 1.925702e-03
-26.750000 1.729285e-03
-26.500000 1.575090e-03
-26.250000 1.487615e-03
-26.000000 1.496243e-03
-25.750000 1.620973e-03
-25.500000 1.860259e-03
-25.250000 2.195710e-03
-25.000000 2.604319e-03
-24.750000 3.064925e-03
-24.500000 3.559014e-03
-24.250000 4.069823e-03
-24.000000 4.581518e-03
-23.750000 5.078792e-03
-23.500000 5.546793e-03
-23.250000 5.971259e-03
-23.000000 6.338774e-03
-22.750000 6.637063e-03
-22.500000 6.855312e-03
-22.250000 6.984465e-03
-22.000000 7.017488e-03
-21.750000 6.949589e-03
-21.500000 6.778377e-03
-21.250000 6.503957e-03
-21.000000 6.128960e-03
-20.750000 5.658494e-03
-20.500000 5.100041e-03
-20.250000 4.463281e-03
-20.000000 3.759869e-03
-19.750000 3.003192e-03
-19.500000 2.208193e-03
-19.250000 1.391775e-03
-19.000000 5.797732e-04
-18.750000 3.215818e-04
-18.500000 1.079299e-03
-18.250000 1.830786e-03
-18.000000 2.533301e-03
-17.750000 3.171982e-03
-17.500000 3.735633e-03
-17.250000 4.215491e-03
-17.000000 4.605141e-03
-16.750000 4.900561e-03
-16.500000 5.100137e-03
-16.250000 5.204631e-03
-16.000000 5.217078e-03
-15.750000 5.142611e-03
-15.500000 4.988230e-03
-15.250000 4.762507e-03
-15.000000 4.475249e-03
-14.750000 4.137127e-03
-14.500000 3.759294e-03
-14.250000 3.353010e-03
-14.000000 2.929335e-03
-13.750000 2.498960e-03
-13.500000 2.072360e-03
-13.250000 1.660675e-03
-13.000000 1.278520e-03
-12.750000 9.520365e-04
-12.500000 7.373204e-04
-12.250000 7.161998e-04
-12.000000 8.840135e-04
-11.750000 1.148523e-03
-11.500000 1.448289e-03
-11.250000 1.757088e-03
-11.000000 2.062418e-03
-10.750000 2.356058e-03
-10.500000 2.630737e-03
-10.250000 2.879040e-03
-10.000000 3.093191e-03
-9.750000 3.265251e-03
-9.500000 3.387523e-03
-9.250000 3.453060e-03
-9.000000 3.456277e-03
-8.750000 3.393658e-03
-8.500000 3.264649e-03
-8.250000 3.072927e-03
-8.000000 2.828455e-03
-7.750000 2.551089e-03
-7.500000 2.276806e-03
-7.250000 2.065661e-03
-7.000000 1.999361e-03
-6.750000 2.142813e-03
-6.500000 2.493471e-03
-6.250000 2.995249e-03
-6.000000 3.586381e-03
-5.750000 4.218792e-03
-5.500000 4.856740e-03
-5.250000 5.472368e-03
-5.000000 6.042800e-03
-4.750000 6.548714e-03
-4.500000 6.973749e-03
-4.250000 7.304357e-03
-4.000000 7.529866e-03
-3.750000 7.642635e-03
-3.500000 7.638242e-03
-3.250000 7.515678e-03
-3.000000 7.277551e-03
-2.750000 6.930316e-03
-2.500000 6.484603e-03
-2.250000 5.955755e-03
-2.000000 5.364835e-03
-1.750000 4.740503e-03
-1.500000 4.122399e-03
-1.250000 3.566258e-03
-1.000000 3.147293e-03
-0.750000 2.947193e-03
-0.500000 3.008388e-03
-0.250000 3.294738e-03
0.000000 3.720317e-03
0.250000 4.202312e-03
0.500000 4.681191e-03
0.750000 5.118253e-03
1.000000 5.489513e-03
1.250000 5.781493e-03
1.500000 5.988992e-03
1.750000 6.114046e-03
2.000000 6.165543e-03
2.250000 6.159079e-03
2.500000 6.116700e-03
2.750000 6.066057e-03
3.000000 6.038348e-03
3.250000 6.064546e-03
3.500000 6.170084e-03
3.750000 6.369469e-03
4.000000 6.663164e-03
4.250000 7.038197e-03
4.500000 7.471825e-03
4.750000 7.936197e-03
5.000000 8.402302e-03
5.250000 8.842576e-03
5.500000 9.232359e-03
5.750000 9.550599e-03
6.000000 9.780151e-03
6.250000 9.907877e-03
6.500000 9.924665e-03
6.750000 9.825406e-03
7.000000 9.608966e-03
7.250000 9.278171e-03
7.500000 8.839832e-03
7.750000 8.304863e-03
8.000000 7.688585e-03
8.250000 7.011368e-03
8.500000 6.299849e-03
8.750000 5.589049e-03
9.000000 4.925466e-03
9.250000 4.369770e-03
9.500000 3.993111e-03
9.750000 3.856019e-03
10.000000 3.972639e-03
10.250000 4.297413e-03
10.500000 4.754017e-03
10.750000 5.270059e-03
11.000000 5.790601e-03
11.250000 6.277331e-03
11.500000 6.704261e-03
11.750000 7.054134e-03
12.000000 7.316043e-03
12.250000 7.483968e-03
12.500000 7.555852e-03
12.750000 7.533007e-03
13.000000 7.419698e-03
13.250000 7.222841e-03
13.500000 6.951793e-03
13.750000 6.618192e-03
14.000000 6.235883e-03
14.250000 5.820895e-03
14.500000 5.391478e-03
14.750000 4.968083e-03
15.000000 4.573088e-03
15.250000 4.229784e-03
15.500000 3.960017e-03
15.750000 3.780112e-03
16.000000 3.696125e-03
16.250000 3.701121e-03
16.500000 3.776832e-03
16.750000 3.898863e-03
17.000000 4.042267e-03
17.250000 4.185154e-03
17.500000 4.310104e-03
17.750000 4.404215e-03
18.000000 4.458581e-03
18.250000 4.467647e-03
18.500000 4.428614e-03
18.750000 4.340949e-03
19.000000 4.205980e-03
19.250000 4.026564e-03
19.500000 3.806807e-03
19.750000 3.551819e-03
20.000000 3.267500e-03
20.250000 2.960346e-03
20.500000 2.637283e-03
20.750000 2.305534e-03
21.000000 1.972526e-03
21.250000 1.645894e-03
21.500000 1.333650e-03
21.750000 1.044717e-03
22.000000 7.903068e-04
22.250000 5.868739e-04
22.500000 4.588246e-04
22.750000 4.241153e-04
23.000000 4.591709e-04
23.250000 5.162991e-04
23.500000 5.636531e-04
23.750000 5.867191e-04
24.000000 5.799974e-04
24.250000 5.428453e-04
24.500000 4.786437e-04
24.750000 3.971738e-04
25.000000 3.238816e-04
25.250000 3.143471e-04
25.500000 4.115808e-04
25.750000 5.881324e-04
26.000000 8.091547e-04
26.250000 1.057133e-03
26.500000 1.322684e-03
26.750000 1.599382e-03
27.000000 1.881946e-03
27.250000 2.165576e-03
27.500000 2.445689e-03
27.750000 2.717806e-03
28.000000 2.977512e-03
28.250000 3.220445e-03
28.500000 3.442321e-03
28.750000 3.638968e-03
29.000000 3.806382e-03
29.250000 3.940792e-03
29.500000 4.038745e-03
29.750000 4.097190e-03
30.000000 4.113571e-03
30.250000 4.085920e-03
30.500000 4.012945e-03
30.750000 3.894114e-03
31.000000 3.729727e-03
31.250000 3.520969e-03
31.500000 3.269961e-03
31.750000 2.979788e-03
32.000000 2.654537e-03
32.250000 2.299363e-03
32.500000 1.920668e-03
32.750000 1.526649e-03
33.000000 1.129189e-03
33.250000 7.516609e-04
33.500000 4.689595e-04
33.750000 4.843079e-04
34.000000 7.610832e-04
34.250000 1.096538e-03
34.500000 1.426379e-03
34.750000 1.730327e-03
35.000000 1.998349e-03
35.250000 2.224065e-03
35.500000 2.403120e-03
35.750000 2.532708e-03
36.000000 2.611414e-03
36.250000 2.639154e-03
36.500000 2.617131e-03
36.750000 2.547795e-03
37.000000 2.434779e-03
37.250000 2.282815e-03
37.500000 2.097643e-03
37.750000 1.885911e-03
38.000000 1.655092e-03
38.250000 1.413461e-03
38.500000 1.170205e-03
38.750000 9.358726e-04
39.000000 7.235350e-04
39.250000 5.511234e-04
39.500000 4.424661e-04
39.750000 4.128080e-04
40.000000 4.410438e-04
40.250000 4.855893e-04
40.500000 5.168503e-04
40.750000 5.197868e-04
41.000000 4.875104e-04
41.250000 4.174866e-04
41.500000 3.099113e-04
41.750000 1.675047e-04
42.000000 3.636108e-05
42.250000 2.203604e-04
42.500000 4.469661e-04
42.750000 6.913921e-04
43.000000 9.464506e-04
43.250000 1.205161e-03
43.500000 1.460521e-03
43.750000 1.705638e-03
44.000000 1.933892e-03
44.250000 2.139108e-03
44.500000 2.315709e-03
44.750000 2.458851e-03
45.000000 2.564544e-03
45.250000 2.629735e-03
45.500000 2.652374e-03
45.750000 2.631451e-03
46.000000 2.566995e-03
46.250000 2.460060e-03
46.500000 2.312673e-03
46.750000 2.127759e-03
47.000000 1.909053e-03
47.250000 1.660984e-03
47.500000 1.388553e-03
47.750000 1.097208e-03
48.000000 7.927460e-04
48.250000 4.813936e-04
48.500000 1.723830e-04
48.750000 1.547363e-04
49.000000 4.497802e-04
49.250000 7.353363e-04
49.500000 1.002850e-03
49.750000 1.247972e-03
50.000000 1.467318e-03
