-50.000000 5.978277e-04
-49.750000 5.313395e-04
-49.500000 4.510765e-04
-49.250000 3.584177e-04
-49.000000 2.550529e-04
-48.750000 1.432130e-04
-48.500000 3.236695e-05
-48.250000 1.062650e-04
-48.000000 2.321112e-04
-47.750000 3.593930e-04
-47.500000 4.849223e-04
-47.250000 6.062416e-04
-47.000000 7.210698e-04
-46.750000 8.272726e-04
-46.500000 9.228888e-04
-46.250000 1.006166e-03
-46.000000 1.075594e-03
-45.750000 1.129944e-03
-45.500000 1.168291e-03
-45.250000 1.190043e-03
-45.000000 1.194958e-03
-44.750000 1.183165e-03
-44.500000 1.155169e-03
-44.250000 1.111867e-03
-44.000000 1.054552e-03
-43.750000 9.849324e-04
-43.500000 9.051539e-04
-43.250000 8.178561e-04
-43.000000 7.262717e-04
-42.750000 6.344070e-04
-42.500000 5.473264e-04
-42.250000 4.714593e-04
-42.000000 4.144244e-04
-41.750000 3.830861e-04
-41.500000 3.793058e-04
-41.250000 3.973346e-04
-41.000000 4.269491e-04
-40.750000 4.583209e-04
-40.500000 4.840639e-04
-40.250000 4.991124e-04
-40.000000 5.001062e-04
-39.750000 4.849151e-04
-39.500000 4.523786e-04
-39.250000 4.022407e-04
-39.000000 3.353609e-04
-38.750000 2.547573e-04
-38.500000 1.708006e-04
-38.250000 1.281607e-04
-38.000000 1.948519e-04
-37.750000 3.229258e-04
-37.500000 4.733055e-04
-37.250000 6.348747e-04
-37.000000 8.023478e-04
-36.750000 9.717647e-04
-36.500000 1.139549e-03
-36.250000 1.302278e-03
-36.000000 1.456637e-03
-35.750000 1.599442e-03
-35.500000 1.727676e-03
-35.250000 1.838543e-03
-35.000000 1.929513e-03
-34.750000 1.998378e-03
-34.500000 2.043291e-03
-34.250000 2.062813e-03
-34.000000 2.055947e-03
-33.750000 2.022166e-03
-33.500000 1.961440e-03
-33.250000 1.874255e-03
-33.000000 1.761635e-03
-32.750000 1.625160e-03
-32.500000 1.467021e-03
-32.250000 1.290112e-03
-32.000000 1.098274e-03
-31.750000 8.969238e-04
-31.500000 6.948571e-04
-31.250000 5.100016e-04
-31.000000 3.860463e-04
-30.750000 3.941393e-04
-30.500000 5.266060e-04
-30.250000 7.111882e-04
-30.000000 9.081552e-04
-29.750000 1.101044e-03
-29.500000 1.281451e-03
-29.250000 1.444012e-03
-29.000000 1.584826e-03
-28.750000 1.700906e-03
-28.500000 1.789988e-03
-28.250000 1.850454e-03
-28.000000 1.881321e-03
-27.750000 1.882250e-03
-27.500000 1.853563e-03
-27.250000 1.796279e-03
-27.000000 1.712164e-03
-26.750000 1.603824e-03
-26.500000 1.474867e-03
-26.250000 1.330209e-03
-26.000000 1.176650e-03
-25.750000 1.023935e-03
-25.500000 8.864675e-04
-25.250000 7.848112e-04
-25.000000 7.425486e-04
-24.750000 7.728003e-04
-24.500000 8.663377e-04
-24.250000 1.000326e-03
-24.000000 1.153183e-03
-23.750000 1.309415e-03
-23.500000 1.458499e-03
-23.250000 1.593108e-03
-23.000000 1.707942e-03
-22.750000 1.799090e-03
-22.500000 1.863699e-03
-22.250000 1.899805e-03
-22.000000 1.906244e-03
-21.750000 1.882619e-03
-21.500000 1.829294e-03
-21.250000 1.747413e-03
-21.000000 1.638970e-03
-20.750000 1.506942e-03
-20.500000 1.355584e-03
-20.250000 1.191028e-03
-20.000000 1.022545e-03
-19.750000 8.650554e-04
-19.500000 7.429523e-04
-19.250000 6.898390e-04
-19.000000 7.294738e-04
-18.750000 8.514151e-04
-18.500000 1.024798e-03
-18.250000 1.223196e-03
-18.000000 1.429705e-03
-17.750000 1.633757e-03
-17.500000 1.828326e-03
-17.250000 2.008437e-03
-17.000000 2.170427e-03
-16.750000 2.311591e-03
-16.500000 2.429991e-03
-16.250000 2.524353e-03
-16.000000 2.593997e-03
-15.750000 2.638787e-03
-15.500000 2.659072e-03
-15.250000 2.655641e-03
-15.000000 2.629650e-03
-14.750000 2.582563e-03
-14.500000 2.516067e-03
-14.250000 2.431997e-03
-14.000000 2.332242e-03
-13.750000 2.218665e-03
-13.500000 2.093014e-03
-13.250000 1.956853e-03
-13.000000 1.811502e-03
-12.750000 1.657996e-03
-12.500000 1.497071e-03
-12.250000 1.329179e-03
-12.000000 1.154530e-03
-11.750000 9.731550e-04
-11.500000 7.850042e-04
-11.250000 5.900500e-04
-11.000000 3.884310e-04
-10.750000 1.808471e-04
-10.500000 4.156917e-05
-10.250000 2.550859e-04
-10.000000 4.774353e-04
-9.750000 7.018552e-04
-9.500000 9.258716e-04
-9.250000 1.146757e-03
-9.000000 1.361437e-03
-8.750000 1.566530e-03
-8.500000 1.758410e-03
-8.250000 1.933295e-03
-8.000000 2.087339e-03
-7.750000 2.216730e-03
-7.500000 2.317801e-03
-7.250000 2.387137e-03
-7.000000 2.421697e-03
-6.750000 2.418933e-03
-6.500000 2.376939e-03
-6.250000 2.294620e-03
-6.000000 2.171935e-03
-5.750000 2.010287e-03
-5.500000 1.813242e-03
-5.250000 1.588009e-03
-5.000000 1.348813e-03
-4.750000 1.124622e-03
-4.500000 9.727752e-04
-4.250000 9.750015e-04
-4.000000 1.165261e-03
-3.750000 1.495235e-03
-3.500000 1.906489e-03
-3.250000 2.362871e-03
-3.000000 2.843235e-03
-2.750000 3.333507e-03
-2.500000 3.822903e-03
-2.250000 4.302320e-03
-2.000000 4.763665e-03
-1.750000 5.199591e-03
-1.500000 5.603427e-03
-1.250000 5.969198e-03
-1.000000 6.291691e-03
-0.750000 6.566541e-03
-0.500000 6.790336e-03
-0.250000 6.960722e-03
0.000000 7.076508e-03
0.250000 7.137782e-03
0.500000 7.146011e-03
0.750000 7.104158e-03
1.000000 7.016777e-03
1.250000 6.890117e-03
1.500000 6.732188e-03
1.750000 6.552790e-03
2.000000 6.363427e-03
2.250000 6.177054e-03
2.500000 6.007535e-03
2.750000 5.868725e-03
3.000000 5.773138e-03
3.250000 5.730364e-03
3.500000 5.745578e-03
3.750000 5.818643e-03
4.000000 5.944143e-03
4.250000 6.112321e-03
4.500000 6.310561e-03
4.750000 6.524944e-03
5.000000 6.741528e-03
5.250000 6.947237e-03
5.500000 7.130393e-03
5.750000 7.280993e-03
6.000000 7.390815e-03
6.250000 7.453441e-03
6.500000 7.464234e-03
6.750000 7.420300e-03
7.000000 7.320447e-03
7.250000 7.165144e-03
7.500000 6.956502e-03
7.750000 6.698256e-03
8.000000 6.395785e-03
8.250000 6.056150e-03
8.500000 5.688190e-03
8.750000 5.302654e-03
9.000000 4.912377e-03
9.250000 4.532432e-03
9.500000 4.180085e-03
9.750000 3.874179e-03
10.000000 3.633390e-03
10.250000 3.472917e-03
10.500000 3.400190e-03
10.750000 3.411740e-03
11.000000 3.493589e-03
11.250000 3.625132e-03
11.500000 3.783993e-03
11.750000 3.949546e-03
12.000000 4.104545e-03
12.250000 4.235429e-03
12.500000 4.332032e-03
12.750000 4.387110e-03
13.000000 4.395904e-03
13.250000 4.355770e-03
13.500000 4.265901e-03
13.750000 4.127102e-03
14.000000 3.941634e-03
14.250000 3.713086e-03
14.500000 3.446305e-03
14.750000 3.147391e-03
15.000000 2.823799e-03
15.250000 2.484638e-03
15.500000 2.141350e-03
15.750000 1.809107e-03
16.000000 1.509375e-03
16.250000 1.273179e-03
16.500000 1.139194e-03
16.750000 1.132912e-03
17.000000 1.238651e-03
17.250000 1.411131e-03
17.500000 1.608046e-03
17.750000 1.801219e-03
18.000000 1.973426e-03
18.250000 2.114062e-03
18.500000 2.216499e-03
18.750000 2.276698e-03
19.000000 2.292475e-03
19.250000 2.263112e-03
19.500000 2.189119e-03
19.750000 2.072089e-03
20.000000 1.914602e-03
20.250000 1.720172e-03
20.500000 1.493272e-03
20.750000 1.239545e-03
21.000000 9.665952e-04
21.250000 6.870901e-04
21.500000 4.339610e-04
21.750000 3.295406e-04
22.000000 4.939366e-04
22.250000 7.683630e-04
22.500000 1.062608e-03
22.750000 1.352204e-03
23.000000 1.626615e-03
23.250000 1.879186e-03
23.500000 2.104925e-03
23.750000 2.299890e-03
24.000000 2.460993e-03
24.250000 2.585930e-03
24.500000 2.673161e-03
24.750000 2.721902e-03
25.000000 2.732106e-03
25.250000 2.704448e-03
25.500000 2.640297e-03
25.750000 2.541680e-03
26.000000 2.411241e-03
26.250000 2.252196e-03
26.500000 2.068285e-03
26.750000 1.863747e-03
27.000000 1.643315e-03
27.250000 1.412295e-03
27.500000 1.176821e-03
27.750000 9.445719e-04
28.000000 7.267120e-04
28.250000 5.431237e-04
28.500000 4.319274e-04
28.750000 4.347798e-04
29.000000 5.316416e-04
29.250000 6.660283e-04
29.500000 8.038154e-04
29.750000 9.298100e-04
30.000000 1.036921e-03
30.250000 1.121627e-03
30.500000 1.182315e-03
30.750000 1.218634e-03
31.000000 1.231225e-03
31.250000 1.221608e-03
31.500000 1.192143e-03
31.750000 1.146046e-03
32.000000 1.087444e-03
32.250000 1.021454e-03
32.500000 9.542385e-04
32.750000 8.929097e-04
33.000000 8.449963e-04
33.250000 8.171802e-04
33.500000 8.134018e-04
33.750000 8.333521e-04
34.000000 8.725970e-04
34.250000 9.242691e-04
34.500000 9.810132e-04
34.750000 1.036212e-03
35.000000 1.084448e-03
35.250000 1.121532e-03
35.500000 1.144387e-03
35.750000 1.150916e-03
36.000000 1.139887e-03
36.250000 1.110867e-03
36.500000 1.064179e-03
36.750000 1.000909e-03
37.000000 9.229673e-04
37.250000 8.332576e-04
37.500000 7.360338e-04
37.750000 6.376285e-04
38.000000 5.477356e-04
38.250000 4.808025e-04
38.500000 4.541391e-04
38.750000 4.775087e-04
39.000000 5.436985e-04
39.250000 6.360190e-04
39.500000 7.395651e-04
39.750000 8.440504e-04
40.000000 9.426130e-04
40.250000 1.030489e-03
40.500000 1.104227e-03
40.750000 1.161281e-03
41.000000 1.199798e-03
41.250000 1.218517e-03
41.500000 1.216705e-03
41.750000 1.194122e-03
42.000000 1.150996e-03
42.250000 1.087991e-03
42.500000 1.006193e-03
42.750000 9.070721e-04
43.000000 7.924685e-04
43.250000 6.645736e-04
43.500000 5.259648e-04
43.750000 3.798198e-04
44.000000 2.311721e-04
44.250000 1.002407e-04
44.500000 1.285627e-04
44.750000 2.678511e-04
45.000000 4.136413e-04
45.250000 5.539937e-04
45.500000 6.848337e-04
45.750000 8.034091e-04
46.000000 9.075177e-04
46.250000 9.953636e-04
46.500000 1.065537e-03
46.750000 1.117029e-03
47.000000 1.149253e-03
47.250000 1.162075e-03
47.500000 1.155848e-03
47.750000 1.131455e-03
48.000000 1.090381e-03
48.250000 1.034812e-03
48.500000 9.678026e-04
48.750000 8.935396e-04
49.000000 8.177228e-04
49.250000 7.479957e-04
49.500000 6.940306e-04
49.750000 6.662837e-04
50.000000 6.725352e-04
