-50.000000 6.596502e-04
-49.750000 7.569285e-04
-49.500000 8.462454e-04
-49.250000 9.256029e-04
-49.000000 9.935151e-04
-48.750000 1.048850e-03
-48.500000 1.090756e-03
-48.250000 1.118631e-03
-48.000000 1.132111e-03
-47.750000 1.131062e-03
-47.500000 1.115589e-03
-47.250000 1.086042e-03
-47.000000 1.043028e-03
-46.750000 9.874433e-04
-46.500000 9.205171e-04
-46.250000 8.438942e-04
-46.000000 7.597897e-04
-45.750000 6.712807e-04
-45.500000 5.828550e-04
-45.250000 5.013765e-04
-45.000000 4.373177e-04
-44.750000 4.043695e-04
-44.500000 4.131024e-04
-44.250000 4.617883e-04
-44.000000 5.384478e-04
-43.750000 6.303862e-04
-43.500000 7.283821e-04
-43.250000 8.262822e-04
-43.000000 9.198470e-04
-42.750000 1.005967e-03
-42.500000 1.082233e-03
-42.250000 1.146718e-03
-42.000000 1.197860e-03
-41.750000 1.234416e-03
-41.500000 1.255435e-03
-41.250000 1.260260e-03
-41.000000 1.248536e-03
-40.750000 1.220242e-03
-40.500000 1.175730e-03
-40.250000 1.115799e-03
-40.000000 1.041823e-03
-39.750000 9.559715e-04
-39.500000 8.616190e-04
-39.250000 7.640988e-04
-39.000000 6.720130e-04
-38.750000 5.989511e-04
-38.500000 5.634140e-04
-38.250000 5.815991e-04
-38.000000 6.554244e-04
-37.750000 7.726802e-04
-37.500000 9.181901e-04
-37.250000 1.080130e-03
-37.000000 1.250289e-03
-36.750000 1.422841e-03
-36.500000 1.593365e-03
-36.250000 1.758284e-03
-36.000000 1.914561e-03
-35.750000 2.059540e-03
-35.500000 2.190870e-03
-35.250000 2.306470e-03
-35.000000 2.404510e-03
-34.750000 2.483419e-03
-34.500000 2.541886e-03
-34.250000 2.578877e-03
-34.000000 2.593643e-03
-33.750000 2.585736e-03
-33.500000 2.555026e-03
-33.250000 2.501716e-03
-33.000000 2.426359e-03
-32.750000 2.329891e-03
-32.500000 2.213660e-03
-32.250000 2.079485e-03
-32.000000 1.929746e-03
-31.750000 1.767538e-03
-31.500000 1.596928e-03
-31.250000 1.423404e-03
-31.000000 1.254622e-03
-30.750000 1.101504e-03
-30.500000 9.792752e-04
-30.250000 9.064164e-04
-30.000000 8.980083e-04
-29.750000 9.556167e-04
-29.500000 1.065875e-03
-29.250000 1.209892e-03
-29.000000 1.371233e-03
-28.750000 1.537861e-03
-28.500000 1.701271e-03
-28.250000 1.855326e-03
-28.000000 1.995428e-03
-27.750000 2.118024e-03
-27.500000 2.220316e-03
-27.250000 2.300101e-03
-27.000000 2.355681e-03
-26.750000 2.385806e-03
-26.500000 2.389645e-03
-26.250000 2.366767e-03
-26.000000 2.317130e-03
-25.750000 2.241066e-03
-25.500000 2.139273e-03
-25.250000 2.012799e-03
-25.000000 1.863033e-03
-24.750000 1.691681e-03
-24.500000 1.500752e-03
-24.250000 1.292535e-03
-24.000000 1.069577e-03
-23.750000 8.346779e-04
-23.500000 5.909263e-04
-23.250000 3.420605e-04
-23.000000 9.899312e-05
-22.750000 1.757722e-04
-22.500000 4.207444e-04
-22.250000 6.621481e-04
-22.000000 8.940640e-04
-21.750000 1.112965e-03
-21.500000 1.315741e-03
-21.250000 1.499522e-03
-21.000000 1.661675e-03
-20.750000 1.799826e-03
-20.500000 1.911880e-03
-20.250000 1.996060e-03
-20.000000 2.050920e-03
-19.750000 2.075378e-03
-19.500000 2.068725e-03
-19.250000 2.030647e-03
-19.000000 1.961226e-03
-18.750000 1.860951e-03
-18.500000 1.730713e-03
-18.250000 1.571801e-03
-18.000000 1.385894e-03
-17.750000 1.175038e-03
-17.500000 9.416332e-04
-17.250000 6.884080e-04
-17.000000 4.183977e-04
-16.750000 1.350510e-04
-16.500000 1.592264e-04
-16.250000 4.589968e-04
-16.000000 7.614529e-04
-15.750000 1.062555e-03
-15.500000 1.358343e-03
-15.250000 1.644878e-03
-15.000000 1.918294e-03
-14.750000 2.174846e-03
-14.500000 2.410966e-03
-14.250000 2.623320e-03
-14.000000 2.808867e-03
-13.750000 2.964916e-03
-13.500000 3.089188e-03
-13.250000 3.179886e-03
-13.000000 3.235764e-03
-12.750000 3.256217e-03
-12.500000 3.241383e-03
-12.250000 3.192284e-03
-12.000000 3.111010e-03
-11.750000 3.000982e-03
-11.500000 2.867326e-03
-11.250000 2.717399e-03
-11.000000 2.561485e-03
-10.750000 2.413552e-03
-10.500000 2.291653e-03
-10.250000 2.216976e-03
-10.000000 2.210257e-03
-9.750000 2.285750e-03
-9.500000 2.446286e-03
-9.250000 2.683517e-03
-9.000000 2.982630e-03
-8.750000 3.327332e-03
-8.500000 3.702636e-03
-8.250000 4.095709e-03
-8.000000 4.495763e-03
-7.750000 4.893684e-03
-7.500000 5.281671e-03
-7.250000 5.652976e-03
-7.000000 6.001725e-03
-6.750000 6.322818e-03
-6.500000 6.611877e-03
-6.250000 6.865225e-03
-6.000000 7.079899e-03
-5.750000 7.253668e-03
-5.500000 7.385075e-03
-5.250000 7.473476e-03
-5.000000 7.519100e-03
-4.750000 7.523103e-03
-4.500000 7.487644e-03
-4.250000 7.415950e-03
-4.000000 7.312400e-03
-3.750000 7.182596e-03
-3.500000 7.033424e-03
-3.250000 6.873077e-03
-3.000000 6.711001e-03
-2.750000 6.557714e-03
-2.500000 6.424434e-03
-2.250000 6.322449e-03
-2.000000 6.262234e-03
-1.750000 6.252379e-03
-1.500000 6.298556e-03
-1.250000 6.402769e-03
-1.000000 6.563145e-03
-0.750000 6.774295e-03
-0.500000 7.028118e-03
-0.250000 7.314779e-03
0.000000 7.623640e-03
0.250000 7.943985e-03
0.500000 8.265533e-03
0.750000 8.578739e-03
1.000000 8.874961e-03
1.250000 9.146530e-03
1.500000 9.386769e-03
1.750000 9.589980e-03
2.000000 9.751426e-03
2.250000 9.867302e-03
2.500000 9.934713e-03
2.750000 9.951651e-03
3.000000 9.916970e-03
3.250000 9.830369e-03
3.500000 9.692376e-03
3.750000 9.504328e-03
4.000000 9.268362e-03
4.250000 8.987401e-03
4.500000 8.665152e-03
4.750000 8.306106e-03
5.000000 7.915552e-03
5.250000 7.499604e-03
5.500000 7.065249e-03
5.750000 6.620411e-03
6.000000 6.174033e-03
6.250000 5.736163e-03
6.500000 5.317984e-03
6.750000 4.931716e-03
7.000000 4.590200e-03
7.250000 4.305964e-03
7.500000 4.089607e-03
7.750000 3.947653e-03
8.000000 3.880595e-03
8.250000 3.882137e-03
8.500000 3.940235e-03
8.750000 4.039450e-03
9.000000 4.163521e-03
9.250000 4.297255e-03
9.500000 4.427534e-03
9.750000 4.543606e-03
10.000000 4.636999e-03
10.250000 4.701265e-03
10.500000 4.731696e-03
10.750000 4.725067e-03
11.000000 4.679418e-03
11.250000 4.593874e-03
11.500000 4.468501e-03
11.750000 4.304189e-03
12.000000 4.102550e-03
12.250000 3.865830e-03
12.500000 3.596839e-03
12.750000 3.298880e-03
13.000000 2.975695e-03
13.250000 2.631429e-03
13.500000 2.270623e-03
13.750000 1.898280e-03
14.000000 1.520144e-03
14.250000 1.143598e-03
14.500000 7.811998e-04
14.750000 4.687498e-04
15.000000 3.518985e-04
15.250000 5.454358e-04
15.500000 8.393923e-04
15.750000 1.140185e-03
16.000000 1.425620e-03
16.250000 1.687188e-03
16.500000 1.920087e-03
16.750000 2.121035e-03
17.000000 2.287637e-03
17.250000 2.418164e-03
17.500000 2.511465e-03
17.750000 2.566929e-03
18.000000 2.584462e-03
18.250000 2.564484e-03
18.500000 2.507912e-03
18.750000 2.416166e-03
19.000000 2.291170e-03
19.250000 2.135377e-03
19.500000 1.951826e-03
19.750000 1.744288e-03
20.000000 1.517579e-03
20.250000 1.278318e-03
20.500000 1.036815e-03
20.750000 8.120491e-04
21.000000 6.433734e-04
21.250000 5.971543e-04
21.500000 7.044775e-04
21.750000 9.123236e-04
22.000000 1.163885e-03
22.250000 1.429764e-03
22.500000 1.695386e-03
22.750000 1.952349e-03
23.000000 2.195009e-03
23.250000 2.419161e-03
23.500000 2.621488e-03
23.750000 2.799324e-03
24.000000 2.950542e-03
24.250000 3.073500e-03
24.500000 3.167019e-03
24.750000 3.230371e-03
25.000000 3.263272e-03
25.250000 3.265880e-03
25.500000 3.238796e-03
25.750000 3.183064e-03
26.000000 3.100174e-03
26.250000 2.992075e-03
26.500000 2.861190e-03
26.750000 2.710455e-03
27.000000 2.543379e-03
27.250000 2.364142e-03
27.500000 2.177754e-03
27.750000 1.990273e-03
28.000000 1.809106e-03
28.250000 1.643289e-03
28.500000 1.503486e-03
28.750000 1.401130e-03
29.000000 1.346012e-03
29.250000 1.342670e-03
29.500000 1.387959e-03
29.750000 1.472184e-03
30.000000 1.582807e-03
30.250000 1.707772e-03
30.500000 1.837038e-03
30.750000 1.962800e-03
31.000000 2.079159e-03
31.250000 2.181709e-03
31.500000 2.267192e-03
31.750000 2.333247e-03
32.000000 2.378231e-03
32.250000 2.401104e-03
32.500000 2.401335e-03
32.750000 2.378847e-03
33.000000 2.333965e-03
33.250000 2.267376e-03
33.500000 2.180097e-03
33.750000 2.073446e-03
34.000000 1.949012e-03
34.250000 1.808638e-03
34.500000 1.654400e-03
34.750000 1.488602e-03
35.000000 1.313793e-03
35.250000 1.132829e-03
35.500000 9.490371e-04
35.750000 7.666534e-04
36.000000 5.919968e-04
36.250000 4.369053e-04
36.500000 3.277657e-04
36.750000 3.082768e-04
37.000000 3.815818e-04
37.250000 4.985541e-04
37.500000 6.256680e-04
37.750000 7.488356e-04
38.000000 8.616720e-04
38.250000 9.607297e-04
38.500000 1.043889e-03
38.750000 1.109767e-03
39.000000 1.157478e-03
39.250000 1.186517e-03
39.500000 1.196714e-03
39.750000 1.188199e-03
40.000000 1.161384e-03
40.250000 1.116958e-03
40.500000 1.055886e-03
40.750000 9.794161e-04
41.000000 8.891227e-04
41.250000 7.869904e-04
41.500000 6.756285e-04
41.750000 5.587984e-04
42.000000 4.428216e-04
42.250000 3.404694e-04
42.500000 2.789666e-04
42.750000 2.927776e-04
43.000000 3.757313e-04
43.250000 4.932843e-04
43.500000 6.236613e-04
43.750000 7.567100e-04
44.000000 8.870931e-04
44.250000 1.011434e-03
44.500000 1.127275e-03
44.750000 1.232682e-03
45.000000 1.326071e-03
45.250000 1.406136e-03
45.500000 1.471822e-03
45.750000 1.522306e-03
46.000000 1.556996e-03
46.250000 1.575526e-03
46.500000 1.577763e-03
46.750000 1.563806e-03
47.000000 1.533991e-03
47.250000 1.488901e-03
47.500000 1.429376e-03
47.750000 1.356535e-03
48.000000 1.271812e-03
48.250000 1.177028e-03
48.500000 1.074499e-03
48.750000 9.672443e-04
49.000000 8.593352e-04
49.250000 7.564692e-04
49.500000 6.667329e-04
49.750000 6.009936e-04
50.000000 5.710747e-04
