-50.000000 1.865746e-03
-49.750000 1.872123e-03
-49.500000 1.877618e-03
-49.250000 1.882238e-03
-49.000000 1.885991e-03
-48.750000 1.888889e-03
-48.500000 1.890948e-03
-48.250000 1.892185e-03
-48.000000 1.892619e-03
-47.750000 1.892275e-03
-47.500000 1.891177e-03
-47.250000 1.889357e-03
-47.000000 1.886845e-03
-46.750000 1.883677e-03
-46.500000 1.879892e-03
-46.250000 1.875533e-03
-46.000000 1.870644e-03
-45.750000 1.865274e-03
-45.500000 1.859477e-03
-45.250000 1.853306e-03
-45.000000 1.846822e-03
-44.750000 1.840086e-03
-44.500000 1.833164e-03
-44.250000 1.826124e-03
-44.000000 1.819040e-03
-43.750000 1.811984e-03
-43.500000 1.805036e-03
-43.250000 1.798273e-03
-43.000000 1.791778e-03
-42.750000 1.785635e-03
-42.500000 1.779929e-03
-42.250000 1.774743e-03
-42.000000 1.770166e-03
-41.750000 1.766281e-03
-41.500000 1.763173e-03
-41.250000 1.760924e-03
-41.000000 1.759615e-03
-40.750000 1.759323e-03
-40.500000 1.760120e-03
-40.250000 1.762073e-03
-40.000000 1.765247e-03
-39.750000 1.769696e-03
-39.500000 1.775471e-03
-39.250000 1.782612e-03
-39.000000 1.791154e-03
-38.750000 1.801123e-03
-38.500000 1.812535e-03
-38.250000 1.825399e-03
-38.000000 1.839715e-03
-37.750000 1.855473e-03
-37.500000 1.872656e-03
-37.250000 1.891239e-03
-37.000000 1.911189e-03
-36.750000 1.932465e-03
-36.500000 1.955020e-03
-36.250000 1.978802e-03
-36.000000 2.003752e-03
-35.750000 2.029807e-03
-35.500000 2.056899e-03
-35.250000 2.084959e-03
-35.000000 2.113913e-03
-34.750000 2.143684e-03
-34.500000 2.174194e-03
-34.250000 2.205365e-03
-34.000000 2.237117e-03
-33.750000 2.269369e-03
-33.500000 2.302041e-03
-33.250000 2.335052e-03
-33.000000 2.368323e-03
-32.750000 2.401775e-03
-32.500000 2.435331e-03
-32.250000 2.468915e-03
-32.000000 2.502451e-03
-31.750000 2.535866e-03
-31.500000 2.569089e-03
-31.250000 2.602050e-03
-31.000000 2.634681e-03
-30.750000 2.666918e-03
-30.500000 2.698696e-03
-30.250000 2.729955e-03
-30.000000 2.760635e-03
-29.750000 2.790681e-03
-29.500000 2.820037e-03
-29.250000 2.848652e-03
-29.000000 2.876478e-03
-28.750000 2.903466e-03
-28.500000 2.929574e-03
-28.250000 2.954759e-03
-28.000000 2.978983e-03
-27.750000 3.002210e-03
-27.500000 3.024406e-03
-27.250000 3.045539e-03
-27.000000 3.065583e-03
-26.750000 3.084513e-03
-26.500000 3.102305e-03
-26.250000 3.118940e-03
-26.000000 3.134403e-03
-25.750000 3.148680e-03
-25.500000 3.161759e-03
-25.250000 3.173635e-03
-25.000000 3.184303e-03
-24.750000 3.193761e-03
-24.500000 3.202013e-03
-24.250000 3.209062e-03
-24.000000 3.214919e-03
-23.750000 3.219594e-03
-23.500000 3.223103e-03
-23.250000 3.225465e-03
-23.000000 3.226702e-03
-22.750000 3.226840e-03
-22.500000 3.225907e-03
-22.250000 3.223936e-03
-22.000000 3.220963e-03
-21.750000 3.217028e-03
-21.500000 3.212173e-03
-21.250000 3.206446e-03
-21.000000 3.199897e-03
-20.750000 3.192579e-03
-20.500000 3.184550e-03
-20.250000 3.175871e-03
-20.000000 3.166605e-03
-19.750000 3.156820e-03
-19.500000 3.146586e-03
-19.250000 3.135977e-03
-19.000000 3.125070e-03
-18.750000 3.113944e-03
-18.500000 3.102681e-03
-18.250000 3.091366e-03
-18.000000 3.080084e-03
-17.750000 3.068924e-03
-17.500000 3.057975e-03
-17.250000 3.047329e-03
-17.000000 3.037076e-03
-16.750000 3.027309e-03
-16.500000 3.018118e-03
-16.250000 3.009595e-03
-16.000000 3.001828e-03
-15.750000 2.994905e-03
-15.500000 2.988911e-03
-15.250000 2.983927e-03
-15.000000 2.980033e-03
-14.750000 2.977302e-03
-14.500000 2.975802e-03
-14.250000 2.975598e-03
-14.000000 2.976746e-03
-13.750000 2.979297e-03
-13.500000 2.983297e-03
-13.250000 2.988779e-03
-13.000000 2.995775e-03
-12.750000 3.004303e-03
-12.500000 3.014378e-03
-12.250000 3.026003e-03
-12.000000 3.039175e-03
-11.750000 3.053881e-03
-11.500000 3.070102e-03
-11.250000 3.087811e-03
-11.000000 3.106971e-03
-10.750000 3.127543e-03
-10.500000 3.149476e-03
-10.250000 3.172716e-03
-10.000000 3.197204e-03
-9.750000 3.222873e-03
-9.500000 3.249654e-03
-9.250000 3.277472e-03
-9.000000 3.306252e-03
-8.750000 3.335913e-03
-8.500000 3.366371e-03
-8.250000 3.397544e-03
-8.000000 3.429344e-03
-7.750000 3.461686e-03
-7.500000 3.494482e-03
-7.250000 3.527645e-03
-7.000000 3.561088e-03
-6.750000 3.594725e-03
-6.500000 3.628470e-03
-6.250000 3.662238e-03
-6.000000 3.695947e-03
-5.750000 3.729516e-03
-5.500000 3.762864e-03
-5.250000 3.795915e-03
-5.000000 3.828592e-03
-4.750000 3.860824e-03
-4.500000 3.892538e-03
-4.250000 3.923668e-03
-4.000000 3.954147e-03
-3.750000 3.983913e-03
-3.500000 4.012905e-03
-3.250000 4.041065e-03
-3.000000 4.068340e-03
-2.750000 4.094677e-03
-2.500000 4.120027e-03
-2.250000 4.144344e-03
-2.000000 4.167586e-03
-1.750000 4.189711e-03
-1.500000 4.210682e-03
-1.250000 4.230466e-03
-1.000000 4.249030e-03
-0.750000 4.266346e-03
-0.500000 4.282388e-03
-0.250000 4.297133e-03
0.000000 4.310562e-03
0.250000 4.322658e-03
0.500000 4.333406e-03
0.750000 4.342794e-03
1.000000 4.350815e-03
1.250000 4.357463e-03
1.500000 4.362733e-03
1.750000 4.366627e-03
2.000000 4.369146e-03
2.250000 4.370296e-03
2.500000 4.370084e-03
2.750000 4.368520e-03
3.000000 4.365618e-03
3.250000 4.361391e-03
3.500000 4.355859e-03
3.750000 4.349042e-03
4.000000 4.340961e-03
4.250000 4.331643e-03
4.500000 4.321113e-03
4.750000 4.309402e-03
5.000000 4.296541e-03
5.250000 4.282563e-03
5.500000 4.267505e-03
5.750000 4.251404e-03
6.000000 4.234299e-03
6.250000 4.216233e-03
6.500000 4.197247e-03
6.750000 4.177387e-03
7.000000 4.156698e-03
7.250000 4.135230e-03
7.500000 4.113030e-03
7.750000 4.090149e-03
8.000000 4.066640e-03
8.250000 4.042553e-03
8.500000 4.017944e-03
8.750000 3.992865e-03
9.000000 3.967373e-03
9.250000 3.941522e-03
9.500000 3.915369e-03
9.750000 3.888969e-03
10.000000 3.862379e-03
10.250000 3.835655e-03
10.500000 3.808852e-03
10.750000 3.782027e-03
11.000000 3.755233e-03
11.250000 3.728525e-03
11.500000 3.701955e-03
11.750000 3.675576e-03
12.000000 3.649438e-03
12.250000 3.623590e-03
12.500000 3.598079e-03
12.750000 3.572951e-03
13.000000 3.548248e-03
13.250000 3.524010e-03
13.500000 3.500278e-03
13.750000 3.477085e-03
14.000000 3.454465e-03
14.250000 3.432449e-03
14.500000 3.411061e-03
14.750000 3.390327e-03
15.000000 3.370265e-03
15.250000 3.350894e-03
15.500000 3.332226e-03
15.750000 3.314271e-03
16.000000 3.297036e-03
16.250000 3.280523e-03
16.500000 3.264730e-03
16.750000 3.249655e-03
17.000000 3.235289e-03
17.250000 3.221621e-03
17.500000 3.208637e-03
17.750000 3.196319e-03
18.000000 3.184648e-03
18.250000 3.173600e-03
18.500000 3.163150e-03
18.750000 3.153269e-03
19.000000 3.143928e-03
19.250000 3.135094e-03
19.500000 3.126734e-03
19.750000 3.118812e-03
20.000000 3.111292e-03
20.250000 3.104135e-03
20.500000 3.097305e-03
20.750000 3.090761e-03
21.000000 3.084464e-03
21.250000 3.078375e-03
21.500000 3.072455e-03
21.750000 3.066664e-03
22.000000 3.060964e-03
22.250000 3.055317e-03
22.500000 3.049686e-03
22.750000 3.044035e-03
23.000000 3.038328e-03
23.250000 3.032533e-03
23.500000 3.026617e-03
23.750000 3.020548e-03
24.000000 3.014299e-03
24.250000 3.007841e-03
24.500000 3.001148e-03
24.750000 2.994197e-03
25.000000 2.986966e-03
25.250000 2.979434e-03
25.500000 2.971583e-03
25.750000 2.963397e-03
26.000000 2.954862e-03
26.250000 2.945965e-03
26.500000 2.936696e-03
26.750000 2.927047e-03
27.000000 2.917011e-03
27.250000 2.906584e-03
27.500000 2.895763e-03
27.750000 2.884548e-03
28.000000 2.872940e-03
28.250000 2.860941e-03
28.500000 2.848557e-03
28.750000 2.835793e-03
29.000000 2.822659e-03
29.250000 2.809162e-03
29.500000 2.795314e-03
29.750000 2.781128e-03
30.000000 2.766616e-03
30.250000 2.751795e-03
30.500000 2.736681e-03
30.750000 2.721289e-03
31.000000 2.705639e-03
31.250000 2.689750e-03
31.500000 2.673641e-03
31.750000 2.657333e-03
32.000000 2.640848e-03
32.250000 2.624206e-03
32.500000 2.607431e-03
32.750000 2.590543e-03
33.000000 2.573567e-03
33.250000 2.556524e-03
33.500000 2.539437e-03
33.750000 2.522328e-03
34.000000 2.505220e-03
34.250000 2.488134e-03
34.500000 2.471091e-03
34.750000 2.454113e-03
35.000000 2.437220e-03
35.250000 2.420430e-03
35.500000 2.403762e-03
35.750000 2.387233e-03
36.000000 2.370860e-03
36.250000 2.354657e-03
36.500000 2.338639e-03
36.750000 2.322818e-03
37.000000 2.307206e-03
37.250000 2.291811e-03
37.500000 2.276643e-03
37.750000 2.261707e-03
38.000000 2.247010e-03
38.250000 2.232555e-03
38.500000 2.218343e-03
38.750000 2.204375e-03
39.000000 2.190650e-03
39.250000 2.177165e-03
39.500000 2.163915e-03
39.750000 2.150895e-03
40.000000 2.138097e-03
40.250000 2.125513e-03
40.500000 2.113131e-03
40.750000 2.100942e-03
41.000000 2.088932e-03
41.250000 2.077088e-03
41.500000 2.065394e-03
41.750000 2.053835e-03
42.000000 2.042395e-03
42.250000 2.031057e-03
42.500000 2.019801e-03
42.750000 2.008611e-03
43.000000 1.997468e-03
43.250000 1.986352e-03
43.500000 1.975245e-03
43.750000 1.964127e-03
44.000000 1.952979e-03
44.250000 1.941782e-03
44.500000 1.930518e-03
44.750000 1.919168e-03
45.000000 1.907714e-03
45.250000 1.896140e-03
45.500000 1.884428e-03
45.750000 1.872563e-03
46.000000 1.860529e-03
46.250000 1.848314e-03
46.500000 1.835902e-03
46.750000 1.823282e-03
47.000000 1.810444e-03
47.250000 1.797376e-03
47.500000 1.784071e-03
47.750000 1.770521e-03
48.000000 1.756719e-03
48.250000 1.742661e-03
48.500000 1.728343e-03
48.750000 1.713763e-03
49.000000 1.698920e-03
49.250000 1.683814e-03
49.500000 1.668448e-03
49.750000 1.652826e-03
50.000000 1.636951e-03
