-50.000000 1.172288e-03
-49.750000 1.182506e-03
-49.500000 1.193037e-03
-49.250000 1.203892e-03
-49.000000 1.215082e-03
-48.750000 1.226610e-03
-48.500000 1.238482e-03
-48.250000 1.250696e-03
-48.000000 1.263251e-03
-47.750000 1.276141e-03
-47.500000 1.289359e-03
-47.250000 1.302893e-03
-47.000000 1.316730e-03
-46.750000 1.330854e-03
-46.500000 1.345248e-03
-46.250000 1.359892e-03
-46.000000 1.374763e-03
-45.750000 1.389839e-03
-45.500000 1.405093e-03
-45.250000 1.420499e-03
-45.000000 1.436030e-03
-44.750000 1.451656e-03
-44.500000 1.467350e-03
-44.250000 1.483080e-03
-44.000000 1.498818e-03
-43.750000 1.514532e-03
-43.500000 1.530193e-03
-43.250000 1.545771e-03
-43.000000 1.561238e-03
-42.750000 1.576563e-03
-42.500000 1.591721e-03
-42.250000 1.606685e-03
-42.000000 1.621428e-03
-41.750000 1.635927e-03
-41.500000 1.650160e-03
-41.250000 1.664106e-03
-41.000000 1.677745e-03
-40.750000 1.691060e-03
-40.500000 1.704036e-03
-40.250000 1.716660e-03
-40.000000 1.728921e-03
-39.750000 1.740811e-03
-39.500000 1.752324e-03
-39.250000 1.763455e-03
-39.000000 1.774204e-03
-38.750000 1.784572e-03
-38.500000 1.794564e-03
-38.250000 1.804187e-03
-38.000000 1.813451e-03
-37.750000 1.822367e-03
-37.500000 1.830951e-03
-37.250000 1.839222e-03
-37.000000 1.847200e-03
-36.750000 1.854908e-03
-36.500000 1.862374e-03
-36.250000 1.869625e-03
-36.000000 1.876693e-03
-35.750000 1.883611e-03
-35.500000 1.890416e-03
-35.250000 1.897144e-03
-35.000000 1.903837e-03
-34.750000 1.910536e-03
-34.500000 1.917282e-03
-34.250000 1.924122e-03
-34.000000 1.931099e-03
-33.750000 1.938260e-03
-33.500000 1.945651e-03
-33.250000 1.953317e-03
-33.000000 1.961305e-03
-32.750000 1.969660e-03
-32.500000 1.978425e-03
-32.250000 1.987643e-03
-32.000000 1.997355e-03
-31.750000 2.007599e-03
-31.500000 2.018411e-03
-31.250000 2.029825e-03
-31.000000 2.041869e-03
-30.750000 2.054570e-03
-30.500000 2.067950e-03
-30.250000 2.082029e-03
-30.000000 2.096818e-03
-29.750000 2.112330e-03
-29.500000 2.128567e-03
-29.250000 2.145531e-03
-29.000000 2.163217e-03
-28.750000 2.181617e-03
-28.500000 2.200715e-03
-28.250000 2.220496e-03
-28.000000 2.240934e-03
-27.750000 2.262005e-03
-27.500000 2.283676e-03
-27.250000 2.305912e-03
-27.000000 2.328676e-03
-26.750000 2.351924e-03
-26.500000 2.375612e-03
-26.250000 2.399692e-03
-26.000000 2.424113e-03
-25.750000 2.448823e-03
-25.500000 2.473767e-03
-25.250000 2.498889e-03
-25.000000 2.524130e-03
-24.750000 2.549433e-03
-24.500000 2.574736e-03
-24.250000 2.599981e-03
-24.000000 2.625107e-03
-23.750000 2.650053e-03
-23.500000 2.674759e-03
-23.250000 2.699166e-03
-23.000000 2.723214e-03
-22.750000 2.746845e-03
-22.500000 2.770002e-03
-22.250000 2.792629e-03
-22.000000 2.814672e-03
-21.750000 2.836078e-03
-21.500000 2.856796e-03
-21.250000 2.876777e-03
-21.000000 2.895975e-03
-20.750000 2.914345e-03
-20.500000 2.931844e-03
-20.250000 2.948434e-03
-20.000000 2.964076e-03
-19.750000 2.978738e-03
-19.500000 2.992387e-03
-19.250000 3.004995e-03
-19.000000 3.016537e-03
-18.750000 3.026992e-03
-18.500000 3.036340e-03
-18.250000 3.044566e-03
-18.000000 3.051659e-03
-17.750000 3.057611e-03
-17.500000 3.062417e-03
-17.250000 3.066076e-03
-17.000000 3.068593e-03
-16.750000 3.069973e-03
-16.500000 3.070229e-03
-16.250000 3.069375e-03
-16.000000 3.067431e-03
-15.750000 3.064421e-03
-15.500000 3.060373e-03
-15.250000 3.055318e-03
-15.000000 3.049293e-03
-14.750000 3.042339e-03
-14.500000 3.034500e-03
-14.250000 3.025828e-03
-14.000000 3.016374e-03
-13.750000 3.006197e-03
-13.500000 2.995360e-03
-13.250000 2.983928e-03
-13.000000 2.971972e-03
-12.750000 2.959567e-03
-12.500000 2.946791e-03
-12.250000 2.933724e-03
-12.000000 2.920453e-03
-11.750000 2.907065e-03
-11.500000 2.893650e-03
-11.250000 2.880302e-03
-11.000000 2.867116e-03
-10.750000 2.854188e-03
-10.500000 2.841615e-03
-10.250000 2.829495e-03
-10.000000 2.817926e-03
-9.750000 2.807005e-03
-9.500000 2.796826e-03
-9.250000 2.787482e-03
-9.000000 2.779064e-03
-8.750000 2.771656e-03
-8.500000 2.765340e-03
-8.250000 2.760192e-03
-8.000000 2.756281e-03
-7.750000 2.753670e-03
-7.500000 2.752414e-03
-7.250000 2.752560e-03
-7.000000 2.754145e-03
-6.750000 2.757197e-03
-6.500000 2.761737e-03
-6.250000 2.767773e-03
-6.000000 2.775305e-03
-5.750000 2.784322e-03
-5.500000 2.794803e-03
-5.250000 2.806718e-03
-5.000000 2.820028e-03
-4.750000 2.834684e-03
-4.500000 2.850630e-03
-4.250000 2.867801e-03
-4.000000 2.886125e-03
-3.750000 2.905526e-03
-3.500000 2.925917e-03
-3.250000 2.947212e-03
-3.000000 2.969317e-03
-2.750000 2.992135e-03
-2.500000 3.015566e-03
-2.250000 3.039510e-03
-2.000000 3.063863e-03
-1.750000 3.088521e-03
-1.500000 3.113380e-03
-1.250000 3.138337e-03
-1.000000 3.163287e-03
-0.750000 3.188128e-03
-0.500000 3.212762e-03
-0.250000 3.237088e-03
0.000000 3.261012e-03
0.250000 3.284439e-03
0.500000 3.307280e-03
0.750000 3.329447e-03
1.000000 3.350855e-03
1.250000 3.371425e-03
1.500000 3.391079e-03
1.750000 3.409746e-03
2.000000 3.427355e-03
2.250000 3.443842e-03
2.500000 3.459146e-03
2.750000 3.473211e-03
3.000000 3.485984e-03
3.250000 3.497418e-03
3.500000 3.507470e-03
3.750000 3.516100e-03
4.000000 3.523273e-03
4.250000 3.528961e-03
4.500000 3.533136e-03
4.750000 3.535780e-03
5.000000 3.536874e-03
5.250000 3.536408e-03
5.500000 3.534374e-03
5.750000 3.530769e-03
6.000000 3.525596e-03
6.250000 3.518861e-03
6.500000 3.510575e-03
6.750000 3.500753e-03
7.000000 3.489415e-03
7.250000 3.476587e-03
7.500000 3.462296e-03
7.750000 3.446577e-03
8.000000 3.429467e-03
8.250000 3.411009e-03
8.500000 3.391249e-03
8.750000 3.370237e-03
9.000000 3.348028e-03
9.250000 3.324683e-03
9.500000 3.300263e-03
9.750000 3.274836e-03
10.000000 3.248472e-03
10.250000 3.221248e-03
10.500000 3.193240e-03
10.750000 3.164530e-03
11.000000 3.135204e-03
11.250000 3.105351e-03
11.500000 3.075060e-03
11.750000 3.044426e-03
12.000000 3.013546e-03
12.250000 2.982517e-03
12.500000 2.951440e-03
12.750000 2.920416e-03
13.000000 2.889548e-03
13.250000 2.858939e-03
13.500000 2.828692e-03
13.750000 2.798909e-03
14.000000 2.769692e-03
14.250000 2.741140e-03
14.500000 2.713352e-03
14.750000 2.686420e-03
15.000000 2.660436e-03
15.250000 2.635485e-03
15.500000 2.611648e-03
15.750000 2.588998e-03
16.000000 2.567604e-03
16.250000 2.547524e-03
16.500000 2.528810e-03
16.750000 2.511506e-03
17.000000 2.495643e-03
17.250000 2.481246e-03
17.500000 2.468328e-03
17.750000 2.456891e-03
18.000000 2.446928e-03
18.250000 2.438421e-03
18.500000 2.431342e-03
18.750000 2.425653e-03
19.000000 2.421307e-03
19.250000 2.418246e-03
19.500000 2.416406e-03
19.750000 2.415716e-03
20.000000 2.416096e-03
20.250000 2.417461e-03
20.500000 2.419722e-03
20.750000 2.422784e-03
21.000000 2.426551e-03
21.250000 2.430923e-03
21.500000 2.435799e-03
21.750000 2.441077e-03
22.000000 2.446655e-03
22.250000 2.452432e-03
22.500000 2.458307e-03
22.750000 2.464184e-03
23.000000 2.469965e-03
23.250000 2.475559e-03
23.500000 2.480875e-03
23.750000 2.485827e-03
24.000000 2.490333e-03
24.250000 2.494314e-03
24.500000 2.497696e-03
24.750000 2.500410e-03
25.000000 2.502390e-03
25.250000 2.503575e-03
25.500000 2.503910e-03
25.750000 2.503342e-03
26.000000 2.501826e-03
26.250000 2.499319e-03
26.500000 2.495784e-03
26.750000 2.491188e-03
27.000000 2.485503e-03
27.250000 2.478705e-03
27.500000 2.470775e-03
27.750000 2.461698e-03
28.000000 2.451465e-03
28.250000 2.440067e-03
28.500000 2.427504e-03
28.750000 2.413777e-03
29.000000 2.398893e-03
29.250000 2.382861e-03
29.500000 2.365694e-03
29.750000 2.347411e-03
30.000000 2.328032e-03
30.250000 2.307582e-03
30.500000 2.286088e-03
30.750000 2.263583e-03
31.000000 2.240102e-03
31.250000 2.215681e-03
31.500000 2.190362e-03
31.750000 2.164191e-03
32.000000 2.137212e-03
32.250000 2.109478e-03
32.500000 2.081040e-03
32.750000 2.051955e-03
33.000000 2.022281e-03
33.250000 1.992078e-03
33.500000 1.961411e-03
33.750000 1.930345e-03
34.000000 1.898949e-03
34.250000 1.867292e-03
34.500000 1.835448e-03
34.750000 1.803490e-03
35.000000 1.771496e-03
35.250000 1.739544e-03
35.500000 1.707712e-03
35.750000 1.676083e-03
36.000000 1.644737e-03
36.250000 1.613757e-03
36.500000 1.583227e-03
36.750000 1.553230e-03
37.000000 1.523848e-03
37.250000 1.495163e-03
37.500000 1.467257e-03
37.750000 1.440206e-03
38.000000 1.414088e-03
38.250000 1.388975e-03
38.500000 1.364935e-03
38.750000 1.342031e-03
39.000000 1.320322e-03
39.250000 1.299857e-03
39.500000 1.280680e-03
39.750000 1.262827e-03
40.000000 1.246324e-03
40.250000 1.231186e-03
40.500000 1.217421e-03
40.750000 1.205025e-03
41.000000 1.193983e-03
41.250000 1.184271e-03
41.500000 1.175854e-03
41.750000 1.168687e-03
42.000000 1.162715e-03
42.250000 1.157878e-03
42.500000 1.154105e-03
42.750000 1.151320e-03
43.000000 1.149443e-03
43.250000 1.148387e-03
43.500000 1.148064e-03
43.750000 1.148384e-03
44.000000 1.149256e-03
44.250000 1.150588e-03
44.500000 1.152290e-03
44.750000 1.154273e-03
45.000000 1.156450e-03
45.250000 1.158740e-03
45.500000 1.161060e-03
45.750000 1.163336e-03
46.000000 1.165494e-03
46.250000 1.167466e-03
46.500000 1.169190e-03
46.750000 1.170605e-03
47.000000 1.171657e-03
47.250000 1.172297e-03
47.500000 1.172478e-03
47.750000 1.172159e-03
48.000000 1.171303e-03
48.250000 1.169880e-03
48.500000 1.167859e-03
48.750000 1.165217e-03
49.000000 1.161934e-03
49.250000 1.157993e-03
49.500000 1.153383e-03
49.750000 1.148095e-03
50.000000 1.142123e-03
