-50.000000 2.846102e-04
-49.750000 3.034826e-04
-49.500000 3.193470e-04
-49.250000 3.248951e-04
-49.000000 3.152981e-04
-48.750000 2.895282e-04
-48.500000 2.503930e-04
-48.250000 2.037718e-04
-48.000000 1.572517e-04
-47.750000 1.181692e-04
-47.500000 9.136793e-05
-47.250000 7.931190e-05
-47.000000 8.677103e-05
-46.750000 1.177623e-04
-46.500000 1.672686e-04
-46.250000 2.257548e-04
-46.000000 2.833622e-04
-45.750000 3.310730e-04
-45.500000 3.617400e-04
-45.250000 3.711194e-04
-45.000000 3.586174e-04
-44.750000 3.276277e-04
-44.500000 2.855077e-04
-44.250000 2.432394e-04
-44.000000 2.138911e-04
-43.750000 2.069800e-04
-43.500000 2.210198e-04
-43.250000 2.466495e-04
-43.000000 2.756575e-04
-42.750000 3.030889e-04
-42.500000 3.250261e-04
-42.250000 3.369209e-04
-42.000000 3.337118e-04
-41.750000 3.112105e-04
-41.500000 2.679431e-04
-41.250000 2.072307e-04
-41.000000 1.414757e-04
-40.750000 1.063527e-04
-40.500000 1.383608e-04
-40.250000 1.944057e-04
-40.000000 2.360799e-04
-39.750000 2.480440e-04
-39.500000 2.246982e-04
-39.250000 1.685169e-04
-39.000000 9.863282e-05
-38.750000 1.040600e-04
-38.500000 2.031269e-04
-38.250000 3.127894e-04
-38.000000 4.058126e-04
-37.750000 4.686074e-04
-37.500000 4.935903e-04
-37.250000 4.788001e-04
-37.000000 4.277341e-04
-36.750000 3.485986e-04
-36.500000 2.529373e-04
-36.250000 1.538417e-04
-36.000000 6.429690e-05
-35.750000 1.703354e-05
-35.500000 5.821326e-05
-35.250000 8.111718e-05
-35.000000 8.989536e-05
-34.750000 1.042141e-04
-34.500000 1.411044e-04
-34.250000 1.983059e-04
-34.000000 2.663352e-04
-33.750000 3.386641e-04
-33.500000 4.118337e-04
-33.250000 4.834106e-04
-33.000000 5.499826e-04
-32.750000 6.060642e-04
-32.500000 6.443562e-04
-32.250000 6.571249e-04
-32.000000 6.380561e-04
-31.750000 5.839513e-04
-31.500000 4.958675e-04
-31.250000 3.795984e-04
-31.000000 2.460294e-04
-30.750000 1.170589e-04
-30.500000 9.613359e-05
-30.250000 1.971053e-04
-30.000000 2.914713e-04
-29.750000 3.584619e-04
-29.500000 3.949418e-04
-29.250000 4.034496e-04
-29.000000 3.897376e-04
-28.750000 3.606883e-04
-28.500000 3.224989e-04
-28.250000 2.802470e-04
-28.000000 2.403306e-04
-27.750000 2.160909e-04
-27.500000 2.281688e-04
-27.250000 2.842340e-04
-27.000000 3.700775e-04
-26.750000 4.678636e-04
-26.500000 5.641311e-04
-26.250000 6.492689e-04
-26.000000 7.166599e-04
-25.750000 7.621807e-04
-25.500000 7.837756e-04
-25.250000 7.812545e-04
-25.000000 7.567607e-04
-24.750000 7.163673e-04
-24.500000 6.727921e-04
-24.250000 6.472434e-04
-24.000000 6.639585e-04
-23.750000 7.336894e-04
-23.500000 8.435138e-04
-23.250000 9.667220e-04
-23.000000 1.076026e-03
-22.750000 1.149345e-03
-22.500000 1.171553e-03
-22.250000 1.135233e-03
-22.000000 1.040991e-03
-21.750000 8.972116e-04
-21.500000 7.192456e-04
-21.250000 5.284928e-04
-21.000000 3.529857e-04
-20.750000 2.326397e-04
-20.500000 2.053390e-04
-20.250000 2.288936e-04
-20.000000 2.365020e-04
-19.750000 2.089388e-04
-19.500000 1.679441e-04
-19.250000 1.905009e-04
-19.000000 3.091932e-04
-18.750000 4.712667e-04
-18.500000 6.420236e-04
-18.250000 8.012174e-04
-18.000000 9.341837e-04
-17.750000 1.030208e-03
-17.500000 1.082729e-03
-17.250000 1.090101e-03
-17.000000 1.056533e-03
-16.750000 9.928278e-04
-16.500000 9.161227e-04
-16.250000 8.469227e-04
-16.000000 8.014115e-04
-15.750000 7.814351e-04
-15.500000 7.720690e-04
-15.250000 7.511621e-04
-15.000000 7.014375e-04
-14.750000 6.175734e-04
-14.500000 5.094928e-04
-14.250000 4.052904e-04
-14.000000 3.488916e-04
-13.750000 3.615909e-04
-13.500000 4.039950e-04
-13.250000 4.283687e-04
-13.000000 4.206396e-04
-12.750000 4.125235e-04
-12.500000 4.778805e-04
-12.250000 6.524301e-04
-12.000000 8.950655e-04
-11.750000 1.150355e-03
-11.500000 1.373086e-03
-11.250000 1.529533e-03
-11.000000 1.599475e-03
-10.750000 1.579758e-03
-10.500000 1.488305e-03
-10.250000 1.367632e-03
-10.000000 1.282331e-03
-9.750000 1.293759e-03
-9.500000 1.413754e-03
-9.250000 1.599916e-03
-9.000000 1.801564e-03
-8.750000 1.991247e-03
-8.500000 2.168996e-03
-8.250000 2.353802e-03
-8.000000 2.568244e-03
-7.750000 2.821913e-03
-7.500000 3.102996e-03
-7.250000 3.382147e-03
-7.000000 3.623364e-03
-6.750000 3.794579e-03
-6.500000 3.874669e-03
-6.250000 3.856725e-03
-6.000000 3.748227e-03
-5.750000 3.568713e-03
-5.500000 3.345350e-03
-5.250000 3.106911e-03
-5.000000 2.877058e-03
-4.750000 2.668823e-03
-4.500000 2.482738e-03
-4.250000 2.310021e-03
-4.000000 2.139315e-03
-3.750000 1.963587e-03
-3.500000 1.784475e-03
-3.250000 1.613118e-03
-3.000000 1.467021e-03
-2.750000 1.362397e-03
-2.500000 1.304082e-03
-2.250000 1.281116e-03
-2.000000 1.274916e-03
-1.750000 1.274961e-03
-1.500000 1.291513e-03
-1.250000 1.356891e-03
-1.000000 1.507121e-03
-0.750000 1.752182e-03
-0.500000 2.066055e-03
-0.250000 2.401906e-03
0.000000 2.709234e-03
0.250000 2.943545e-03
0.500000 3.071720e-03
0.750000 3.075791e-03
1.000000 2.955951e-03
1.250000 2.733100e-03
1.500000 2.451463e-03
1.750000 2.180708e-03
2.000000 2.009426e-03
2.250000 2.009163e-03
2.500000 2.180542e-03
2.750000 2.458424e-03
3.000000 2.768800e-03
3.250000 3.059527e-03
3.500000 3.300542e-03
3.750000 3.477051e-03
4.000000 3.584819e-03
4.250000 3.628649e-03
4.500000 3.623026e-03
4.750000 3.592727e-03
5.000000 3.570274e-03
5.250000 3.587336e-03
5.500000 3.661125e-03
5.750000 3.783482e-03
6.000000 3.921355e-03
6.250000 4.028261e-03
6.500000 4.058585e-03
6.750000 3.978310e-03
7.000000 3.770698e-03
7.250000 3.437833e-03
7.500000 2.999064e-03
7.750000 2.487212e-03
8.000000 1.943296e-03
8.250000 1.410711e-03
8.500000 9.303030e-04
8.750000 5.402021e-04
9.000000 2.969470e-04
9.250000 2.861862e-04
9.500000 3.950269e-04
9.750000 5.052381e-04
10.000000 6.017977e-04
10.250000 6.834592e-04
10.500000 7.425669e-04
10.750000 7.681033e-04
11.000000 7.526113e-04
11.250000 6.971015e-04
11.500000 6.132082e-04
11.750000 5.232042e-04
12.000000 4.563185e-04
12.250000 4.344897e-04
12.500000 4.527634e-04
12.750000 4.867707e-04
13.000000 5.175571e-04
13.250000 5.398593e-04
13.500000 5.576074e-04
13.750000 5.771007e-04
14.000000 6.024184e-04
14.250000 6.352658e-04
14.500000 6.776697e-04
14.750000 7.330064e-04
15.000000 8.028673e-04
15.250000 8.823803e-04
15.500000 9.588209e-04
15.750000 1.014944e-03
16.000000 1.034744e-03
16.250000 1.009411e-03
16.500000 9.428837e-04
16.750000 8.570974e-04
17.000000 7.938716e-04
17.250000 7.988221e-04
17.500000 8.807166e-04
17.750000 1.000616e-03
18.000000 1.108008e-03
18.250000 1.165656e-03
18.500000 1.153767e-03
18.750000 1.068493e-03
19.000000 9.196252e-04
19.250000 7.276672e-04
19.500000 5.202324e-04
19.750000 3.283014e-04
20.000000 1.836753e-04
20.250000 1.131442e-04
20.500000 9.841833e-05
20.750000 1.100192e-04
21.000000 1.850459e-04
21.250000 3.172551e-04
21.500000 4.712454e-04
21.750000 6.158457e-04
22.000000 7.250131e-04
22.250000 7.796563e-04
22.500000 7.698168e-04
22.750000 6.958035e-04
23.000000 5.678698e-04
23.250000 4.046038e-04
23.500000 2.314867e-04
23.750000 9.558207e-05
24.000000 1.317370e-04
24.250000 2.233752e-04
24.500000 2.887567e-04
24.750000 3.355800e-04
25.000000 3.864099e-04
25.250000 4.565149e-04
25.500000 5.401621e-04
25.750000 6.169550e-04
26.000000 6.649038e-04
26.250000 6.681905e-04
26.500000 6.205137e-04
26.750000 5.267022e-04
27.000000 4.049377e-04
27.250000 2.949743e-04
27.500000 2.666590e-04
27.750000 3.363548e-04
28.000000 4.319657e-04
28.250000 5.068785e-04
28.500000 5.464923e-04
28.750000 5.523872e-04
29.000000 5.354716e-04
29.250000 5.102036e-04
29.500000 4.872713e-04
29.750000 4.675236e-04
30.000000 4.426778e-04
30.250000 4.025125e-04
30.500000 3.421949e-04
30.750000 2.667388e-04
31.000000 1.956034e-04
31.250000 1.669974e-04
31.500000 1.964891e-04
31.750000 2.418828e-04
32.000000 2.683440e-04
32.250000 2.623720e-04
32.500000 2.227299e-04
32.750000 1.572027e-04
33.000000 8.662625e-05
33.250000 7.837520e-05
33.500000 1.382672e-04
33.750000 1.920917e-04
34.000000 2.196457e-04
34.250000 2.165917e-04
34.500000 1.860039e-04
34.750000 1.364796e-04
35.000000 8.038478e-05
35.250000 3.226148e-05
35.500000 1.315141e-05
35.750000 1.495429e-05
36.000000 3.462803e-05
36.250000 9.582649e-05
36.500000 1.836358e-04
36.750000 2.849531e-04
37.000000 3.849757e-04
37.250000 4.685472e-04
37.500000 5.224463e-04
37.750000 5.375420e-04
38.000000 5.104458e-04
38.250000 4.445681e-04
38.500000 3.510122e-04
38.750000 2.513944e-04
39.000000 1.871268e-04
39.250000 2.014445e-04
39.500000 2.591359e-04
39.750000 3.082745e-04
40.000000 3.281905e-04
40.250000 3.148107e-04
40.500000 2.732437e-04
40.750000 2.156292e-04
41.000000 1.613461e-04
41.250000 1.354612e-04
41.500000 1.447522e-04
41.750000 1.638776e-04
42.000000 1.716745e-04
42.250000 1.619711e-04
42.500000 1.382567e-04
42.750000 1.112005e-04
43.000000 9.697657e-05
43.250000 1.045672e-04
43.500000 1.234307e-04
43.750000 1.414447e-04
44.000000 1.556684e-04
44.250000 1.697099e-04
44.500000 1.889553e-04
44.750000 2.160882e-04
45.000000 2.501012e-04
45.250000 2.888276e-04
45.500000 3.311930e-04
45.750000 3.771357e-04
46.000000 4.258438e-04
46.250000 4.740207e-04
46.500000 5.155466e-04
46.750000 5.426604e-04
47.000000 5.478882e-04
47.250000 5.259271e-04
47.500000 4.750369e-04
47.750000 3.977967e-04
48.000000 3.013541e-04
48.250000 1.980801e-04
48.500000 1.122782e-04
48.750000 1.008221e-04
49.000000 1.507014e-04
49.250000 1.941189e-04
49.500000 2.125694e-04
49.750000 2.047862e-04
50.000000 1.771649e-04
