-50.000000 6.284708e-04
-49.750000 6.607778e-04
-49.500000 6.593750e-04
-49.250000 6.267367e-04
-49.000000 5.717610e-04
-48.750000 5.111892e-04
-48.500000 4.696608e-04
-48.250000 4.707222e-04
-48.000000 5.172303e-04
-47.750000 5.883694e-04
-47.500000 6.579818e-04
-47.250000 7.058392e-04
-47.000000 7.189345e-04
-46.750000 6.907135e-04
-46.500000 6.210139e-04
-46.250000 5.176795e-04
-46.000000 4.029763e-04
-45.750000 3.316241e-04
-45.500000 3.780815e-04
-45.250000 5.239172e-04
-45.000000 7.023722e-04
-44.750000 8.744534e-04
-44.500000 1.018617e-03
-44.250000 1.121135e-03
-44.000000 1.173410e-03
-43.750000 1.171361e-03
-43.500000 1.115277e-03
-43.250000 1.009669e-03
-43.000000 8.630584e-04
-42.750000 6.879066e-04
-42.500000 5.016454e-04
-42.250000 3.328955e-04
-42.000000 2.433695e-04
-41.750000 2.895710e-04
-41.500000 3.954964e-04
-41.250000 4.931023e-04
-41.000000 5.611485e-04
-40.750000 5.954726e-04
-40.500000 6.001479e-04
-40.250000 5.850571e-04
-40.000000 5.639717e-04
-39.750000 5.507814e-04
-39.500000 5.533840e-04
-39.250000 5.690908e-04
-39.000000 5.864875e-04
-38.750000 5.916859e-04
-38.500000 5.734363e-04
-38.250000 5.256028e-04
-38.000000 4.485016e-04
-37.750000 3.514902e-04
-37.500000 2.623375e-04
-37.250000 2.432098e-04
-37.000000 3.241628e-04
-36.750000 4.475270e-04
-36.500000 5.670662e-04
-36.250000 6.593121e-04
-36.000000 7.102964e-04
-35.750000 7.117099e-04
-35.500000 6.603612e-04
-35.250000 5.587023e-04
-35.000000 4.170915e-04
-34.750000 2.662666e-04
-34.500000 2.198421e-04
-34.250000 3.654473e-04
-34.000000 5.709563e-04
-33.750000 7.713983e-04
-33.500000 9.416302e-04
-33.250000 1.066317e-03
-33.000000 1.135734e-03
-32.750000 1.145568e-03
-32.500000 1.097451e-03
-32.250000 9.998153e-04
-32.000000 8.694415e-04
-31.750000 7.344689e-04
-31.500000 6.371762e-04
-31.250000 6.208687e-04
-31.000000 6.884292e-04
-30.750000 7.972269e-04
-30.500000 9.023015e-04
-30.250000 9.747981e-04
-30.000000 9.995007e-04
-29.750000 9.711623e-04
-29.500000 8.927230e-04
-29.250000 7.747588e-04
-29.000000 6.360533e-04
-28.750000 5.057682e-04
-28.500000 4.235906e-04
-28.250000 4.160693e-04
-28.000000 4.577253e-04
-27.750000 4.984947e-04
-27.500000 5.048406e-04
-27.250000 4.642054e-04
-27.000000 3.868843e-04
-26.750000 3.292692e-04
-26.500000 4.018598e-04
-26.250000 6.128834e-04
-26.000000 8.887574e-04
-25.750000 1.181577e-03
-25.500000 1.459884e-03
-25.250000 1.698591e-03
-25.000000 1.877109e-03
-24.750000 1.979773e-03
-24.500000 1.996729e-03
-24.250000 1.924701e-03
-24.000000 1.767486e-03
-23.750000 1.536196e-03
-23.500000 1.249670e-03
-23.250000 9.366052e-04
-23.000000 6.455607e-04
-22.750000 4.770815e-04
-22.500000 5.359948e-04
-22.250000 7.185296e-04
-22.000000 8.982662e-04
-21.750000 1.029114e-03
-21.500000 1.101131e-03
-21.250000 1.124460e-03
-21.000000 1.126148e-03
-20.750000 1.145639e-03
-20.500000 1.219594e-03
-20.250000 1.359737e-03
-20.000000 1.546731e-03
-19.750000 1.745097e-03
-19.500000 1.918867e-03
-19.250000 2.038847e-03
-19.000000 2.085077e-03
-18.750000 2.047979e-03
-18.500000 1.929544e-03
-18.250000 1.745237e-03
-18.000000 1.527486e-03
-17.750000 1.330629e-03
-17.500000 1.227404e-03
-17.250000 1.268884e-03
-17.000000 1.431473e-03
-16.750000 1.642330e-03
-16.500000 1.835114e-03
-16.250000 1.965949e-03
-16.000000 2.010098e-03
-15.750000 1.958266e-03
-15.500000 1.815274e-03
-15.250000 1.600959e-03
-15.000000 1.354337e-03
-14.750000 1.142049e-03
-14.500000 1.055554e-03
-14.250000 1.145513e-03
-14.000000 1.357338e-03
-13.750000 1.600851e-03
-13.500000 1.812909e-03
-13.250000 1.958224e-03
-13.000000 2.020167e-03
-12.750000 1.995585e-03
-12.500000 1.892045e-03
-12.250000 1.725914e-03
-12.000000 1.520839e-03
-11.750000 1.307052e-03
-11.500000 1.122509e-03
-11.250000 1.014651e-03
-11.000000 1.031608e-03
-10.750000 1.195336e-03
-10.500000 1.494987e-03
-10.250000 1.911294e-03
-10.000000 2.427966e-03
-9.750000 3.027700e-03
-9.500000 3.687853e-03
-9.250000 4.379565e-03
-9.000000 5.069320e-03
-8.750000 5.721738e-03
-8.500000 6.302871e-03
-8.250000 6.783555e-03
-8.000000 7.142481e-03
-7.750000 7.368639e-03
-7.500000 7.462807e-03
-7.250000 7.437638e-03
-7.000000 7.315897e-03
-6.750000 7.126381e-03
-6.500000 6.897453e-03
-6.250000 6.649005e-03
-6.000000 6.385081e-03
-5.750000 6.090174e-03
-5.500000 5.731237e-03
-5.250000 5.264845e-03
-5.000000 4.646883e-03
-4.750000 3.842719e-03
-4.500000 2.840483e-03
-4.250000 1.699693e-03
-4.000000 1.036465e-03
-3.750000 2.170182e-03
-3.500000 3.978740e-03
-3.250000 6.009724e-03
-3.000000 8.163231e-03
-2.750000 1.037762e-02
-2.500000 1.260087e-02
-2.250000 1.478754e-02
-2.000000 1.689900e-02
-1.750000 1.890359e-02
-1.500000 2.077587e-02
-1.250000 2.249491e-02
-1.000000 2.404198e-02
-0.750000 2.539804e-02
-0.500000 2.654167e-02
-0.250000 2.744801e-02
0.000000 2.808888e-02
0.250000 2.843438e-02
0.500000 2.845555e-02
0.750000 2.812782e-02
1.000000 2.743459e-02
1.250000 2.637055e-02
1.500000 2.494424e-02
1.750000 2.317947e-02
2.000000 2.111555e-02
2.250000 1.880623e-02
2.500000 1.631748e-02
2.750000 1.372432e-02
3.000000 1.110716e-02
3.250000 8.548329e-03
3.500000 6.130611e-03
3.750000 3.944768e-03
4.000000 2.149615e-03
4.250000 1.358638e-03
4.500000 2.072142e-03
4.750000 3.067692e-03
5.000000 3.909989e-03
5.250000 4.553983e-03
5.500000 5.021567e-03
5.750000 5.350263e-03
6.000000 5.576526e-03
6.250000 5.726455e-03
6.500000 5.811332e-03
6.750000 5.828219e-03
7.000000 5.764757e-03
7.250000 5.606040e-03
7.500000 5.341259e-03
7.750000 4.968701e-03
8.000000 4.498725e-03
8.250000 3.955039e-03
8.500000 3.374964e-03
8.750000 2.809230e-03
9.000000 2.320245e-03
9.250000 1.971710e-03
9.500000 1.796249e-03
9.750000 1.757940e-03
10.000000 1.770550e-03
10.250000 1.754902e-03
10.500000 1.667226e-03
10.750000 1.499830e-03
11.000000 1.279978e-03
11.250000 1.079090e-03
11.500000 1.016002e-03
11.750000 1.165432e-03
12.000000 1.458469e-03
12.250000 1.786442e-03
12.500000 2.076465e-03
12.750000 2.285980e-03
13.000000 2.392179e-03
13.250000 2.387767e-03
13.500000 2.279766e-03
13.750000 2.089672e-03
14.000000 1.854627e-03
14.250000 1.628711e-03
14.500000 1.477629e-03
14.750000 1.450635e-03
15.000000 1.539427e-03
15.250000 1.684224e-03
15.500000 1.819681e-03
15.750000 1.899702e-03
16.000000 1.898885e-03
16.250000 1.808578e-03
16.500000 1.633773e-03
16.750000 1.391607e-03
17.000000 1.112413e-03
17.250000 8.470119e-04
17.500000 6.823433e-04
17.750000 7.051043e-04
18.000000 8.714559e-04
18.250000 1.075679e-03
18.500000 1.259899e-03
18.750000 1.404526e-03
19.000000 1.510210e-03
19.250000 1.589236e-03
19.500000 1.658939e-03
19.750000 1.734286e-03
20.000000 1.820931e-03
20.250000 1.912123e-03
20.500000 1.990991e-03
20.750000 2.036002e-03
21.000000 2.026408e-03
21.250000 1.946065e-03
21.500000 1.785599e-03
21.750000 1.543326e-03
22.000000 1.225418e-03
22.250000 8.459899e-04
22.500000 4.315242e-04
22.750000 1.707938e-04
23.000000 5.331005e-04
23.250000 9.503568e-04
23.500000 1.326942e-03
23.750000 1.638269e-03
24.000000 1.868784e-03
24.250000 2.009793e-03
24.500000 2.059572e-03
24.750000 2.023396e-03
25.000000 1.913225e-03
25.250000 1.747007e-03
25.500000 1.547624e-03
25.750000 1.341275e-03
26.000000 1.154545e-03
26.250000 1.008634e-03
26.500000 9.106707e-04
26.750000 8.485995e-04
27.000000 7.980966e-04
27.250000 7.366426e-04
27.500000 6.534161e-04
27.750000 5.541604e-04
28.000000 4.671371e-04
28.250000 4.450810e-04
28.500000 5.211997e-04
28.750000 6.638160e-04
29.000000 8.258326e-04
29.250000 9.771399e-04
29.500000 1.101658e-03
29.750000 1.193056e-03
30.000000 1.253094e-03
30.250000 1.290609e-03
30.500000 1.319584e-03
30.750000 1.355306e-03
31.000000 1.408815e-03
31.250000 1.482084e-03
31.500000 1.567060e-03
31.750000 1.648883e-03
32.000000 1.710636e-03
32.250000 1.737196e-03
32.500000 1.717530e-03
32.750000 1.645761e-03
33.000000 1.521448e-03
33.250000 1.349353e-03
33.500000 1.138874e-03
33.750000 9.033221e-04
34.000000 6.594321e-04
34.250000 4.286140e-04
34.500000 2.478362e-04
34.750000 2.002440e-04
35.000000 2.764059e-04
35.250000 3.549208e-04
35.500000 3.956425e-04
35.750000 3.949096e-04
36.000000 3.648719e-04
36.250000 3.346818e-04
36.500000 3.478667e-04
36.750000 4.260343e-04
37.000000 5.469425e-04
37.250000 6.787781e-04
37.500000 7.984735e-04
37.750000 8.910135e-04
38.000000 9.476586e-04
38.250000 9.654479e-04
38.500000 9.473058e-04
38.750000 9.022864e-04
39.000000 8.454810e-04
39.250000 7.963731e-04
39.500000 7.733787e-04
39.750000 7.845303e-04
40.000000 8.218798e-04
40.250000 8.665265e-04
40.500000 8.980998e-04
40.750000 9.005375e-04
41.000000 8.637850e-04
41.250000 7.837791e-04
41.500000 6.620693e-04
41.750000 5.057521e-04
42.000000 3.296648e-04
42.250000 1.777413e-04
42.500000 2.041562e-04
42.750000 3.654025e-04
43.000000 5.294074e-04
43.250000 6.639693e-04
43.500000 7.556919e-04
43.750000 7.972159e-04
44.000000 7.856171e-04
44.250000 7.221133e-04
44.500000 6.119073e-04
44.750000 4.641875e-04
45.000000 2.937442e-04
45.250000 1.409422e-04
45.500000 1.790839e-04
45.750000 3.437417e-04
46.000000 5.048900e-04
46.250000 6.384126e-04
46.500000 7.344054e-04
46.750000 7.879693e-04
47.000000 7.981344e-04
47.250000 7.675612e-04
47.500000 7.022354e-04
47.750000 6.110617e-04
48.000000 5.054207e-04
48.250000 3.988061e-04
48.500000 3.064114e-04
48.750000 2.427517e-04
49.000000 2.123768e-04
49.250000 2.007636e-04
49.500000 1.864977e-04
49.750000 1.585022e-04
50.000000 1.247665e-04
