-50.000000 1.202228e-03
-49.750000 1.209481e-03
-49.500000 1.217099e-03
-49.250000 1.225121e-03
-49.000000 1.233580e-03
-48.750000 1.242508e-03
-48.500000 1.251930e-03
-48.250000 1.261871e-03
-48.000000 1.272349e-03
-47.750000 1.283376e-03
-47.500000 1.294964e-03
-47.250000 1.307115e-03
-47.000000 1.319830e-03
-46.750000 1.333104e-03
-46.500000 1.346926e-03
-46.250000 1.361282e-03
-46.000000 1.376154e-03
-45.750000 1.391517e-03
-45.500000 1.407347e-03
-45.250000 1.423611e-03
-45.000000 1.440277e-03
-44.750000 1.457307e-03
-44.500000 1.474663e-03
-44.250000 1.492302e-03
-44.000000 1.510182e-03
-43.750000 1.528257e-03
-43.500000 1.546481e-03
-43.250000 1.564808e-03
-43.000000 1.583191e-03
-42.750000 1.601581e-03
-42.500000 1.619931e-03
-42.250000 1.638196e-03
-42.000000 1.656328e-03
-41.750000 1.674283e-03
-41.500000 1.692017e-03
-41.250000 1.709489e-03
-41.000000 1.726658e-03
-40.750000 1.743486e-03
-40.500000 1.759937e-03
-40.250000 1.775978e-03
-40.000000 1.791577e-03
-39.750000 1.806708e-03
-39.500000 1.821345e-03
-39.250000 1.835465e-03
-39.000000 1.849052e-03
-38.750000 1.862089e-03
-38.500000 1.874566e-03
-38.250000 1.886474e-03
-38.000000 1.897809e-03
-37.750000 1.908573e-03
-37.500000 1.918767e-03
-37.250000 1.928401e-03
-37.000000 1.937487e-03
-36.750000 1.946041e-03
-36.500000 1.954084e-03
-36.250000 1.961640e-03
-36.000000 1.968738e-03
-35.750000 1.975412e-03
-35.500000 1.981698e-03
-35.250000 1.987638e-03
-35.000000 1.993277e-03
-34.750000 1.998664e-03
-34.500000 2.003850e-03
-34.250000 2.008893e-03
-34.000000 2.013849e-03
-33.750000 2.018780e-03
-33.500000 2.023751e-03
-33.250000 2.028826e-03
-33.000000 2.034073e-03
-32.750000 2.039560e-03
-32.500000 2.045355e-03
-32.250000 2.051528e-03
-32.000000 2.058146e-03
-31.750000 2.065275e-03
-31.500000 2.072981e-03
-31.250000 2.081326e-03
-31.000000 2.090369e-03
-30.750000 2.100165e-03
-30.500000 2.110765e-03
-30.250000 2.122215e-03
-30.000000 2.134555e-03
-29.750000 2.147821e-03
-29.500000 2.162038e-03
-29.250000 2.177230e-03
-29.000000 2.193409e-03
-28.750000 2.210582e-03
-28.500000 2.228749e-03
-28.250000 2.247903e-03
-28.000000 2.268026e-03
-27.750000 2.289098e-03
-27.500000 2.311088e-03
-27.250000 2.333960e-03
-27.000000 2.357671e-03
-26.750000 2.382173e-03
-26.500000 2.407412e-03
-26.250000 2.433327e-03
-26.000000 2.459855e-03
-25.750000 2.486927e-03
-25.500000 2.514473e-03
-25.250000 2.542415e-03
-25.000000 2.570678e-03
-24.750000 2.599181e-03
-24.500000 2.627843e-03
-24.250000 2.656581e-03
-24.000000 2.685312e-03
-23.750000 2.713952e-03
-23.500000 2.742418e-03
-23.250000 2.770627e-03
-23.000000 2.798496e-03
-22.750000 2.825945e-03
-22.500000 2.852893e-03
-22.250000 2.879265e-03
-22.000000 2.904983e-03
-21.750000 2.929975e-03
-21.500000 2.954170e-03
-21.250000 2.977500e-03
-21.000000 2.999901e-03
-20.750000 3.021311e-03
-20.500000 3.041672e-03
-20.250000 3.060930e-03
-20.000000 3.079034e-03
-19.750000 3.095937e-03
-19.500000 3.111597e-03
-19.250000 3.125975e-03
-19.000000 3.139038e-03
-18.750000 3.150756e-03
-18.500000 3.161105e-03
-18.250000 3.170063e-03
-18.000000 3.177617e-03
-17.750000 3.183755e-03
-17.500000 3.188473e-03
-17.250000 3.191771e-03
-17.000000 3.193654e-03
-16.750000 3.194133e-03
-16.500000 3.193223e-03
-16.250000 3.190947e-03
-16.000000 3.187330e-03
-15.750000 3.182407e-03
-15.500000 3.176215e-03
-15.250000 3.168799e-03
-15.000000 3.160208e-03
-14.750000 3.150497e-03
-14.500000 3.139728e-03
-14.250000 3.127967e-03
-14.000000 3.115287e-03
-13.750000 3.101766e-03
-13.500000 3.087487e-03
-13.250000 3.072539e-03
-13.000000 3.057016e-03
-12.750000 3.041015e-03
-12.500000 3.024641e-03
-12.250000 3.008001e-03
-12.000000 2.991206e-03
-11.750000 2.974372e-03
-11.500000 2.957616e-03
-11.250000 2.941058e-03
-11.000000 2.924821e-03
-10.750000 2.909028e-03
-10.500000 2.893803e-03
-10.250000 2.879267e-03
-10.000000 2.865543e-03
-9.750000 2.852750e-03
-9.500000 2.841002e-03
-9.250000 2.830410e-03
-9.000000 2.821080e-03
-8.750000 2.813110e-03
-8.500000 2.806589e-03
-8.250000 2.801601e-03
-8.000000 2.798216e-03
-7.750000 2.796495e-03
-7.500000 2.796489e-03
-7.250000 2.798234e-03
-7.000000 2.801756e-03
-6.750000 2.807068e-03
-6.500000 2.814167e-03
-6.250000 2.823041e-03
-6.000000 2.833663e-03
-5.750000 2.845994e-03
-5.500000 2.859984e-03
-5.250000 2.875572e-03
-5.000000 2.892684e-03
-4.750000 2.911240e-03
-4.500000 2.931150e-03
-4.250000 2.952316e-03
-4.000000 2.974634e-03
-3.750000 2.997995e-03
-3.500000 3.022284e-03
-3.250000 3.047385e-03
-3.000000 3.073178e-03
-2.750000 3.099541e-03
-2.500000 3.126351e-03
-2.250000 3.153488e-03
-2.000000 3.180828e-03
-1.750000 3.208252e-03
-1.500000 3.235642e-03
-1.250000 3.262882e-03
-1.000000 3.289859e-03
-0.750000 3.316463e-03
-0.500000 3.342588e-03
-0.250000 3.368132e-03
0.000000 3.392997e-03
0.250000 3.417090e-03
0.500000 3.440322e-03
0.750000 3.462608e-03
1.000000 3.483869e-03
1.250000 3.504031e-03
1.500000 3.523023e-03
1.750000 3.540782e-03
2.000000 3.557247e-03
2.250000 3.572365e-03
2.500000 3.586086e-03
2.750000 3.598366e-03
3.000000 3.609166e-03
3.250000 3.618452e-03
3.500000 3.626194e-03
3.750000 3.632370e-03
4.000000 3.636960e-03
4.250000 3.639949e-03
4.500000 3.641330e-03
4.750000 3.641096e-03
5.000000 3.639250e-03
5.250000 3.635795e-03
5.500000 3.630742e-03
5.750000 3.624105e-03
6.000000 3.615904e-03
6.250000 3.606161e-03
6.500000 3.594904e-03
6.750000 3.582166e-03
7.000000 3.567982e-03
7.250000 3.552393e-03
7.500000 3.535444e-03
7.750000 3.517183e-03
8.000000 3.497662e-03
8.250000 3.476937e-03
8.500000 3.455067e-03
8.750000 3.432117e-03
9.000000 3.408152e-03
9.250000 3.383242e-03
9.500000 3.357460e-03
9.750000 3.330881e-03
10.000000 3.303585e-03
10.250000 3.275651e-03
10.500000 3.247163e-03
10.750000 3.218207e-03
11.000000 3.188870e-03
11.250000 3.159240e-03
11.500000 3.129409e-03
11.750000 3.099468e-03
12.000000 3.069507e-03
12.250000 3.039621e-03
12.500000 3.009900e-03
12.750000 2.980437e-03
13.000000 2.951322e-03
13.250000 2.922646e-03
13.500000 2.894496e-03
13.750000 2.866956e-03
14.000000 2.840110e-03
14.250000 2.814037e-03
14.500000 2.788812e-03
14.750000 2.764505e-03
15.000000 2.741181e-03
15.250000 2.718902e-03
15.500000 2.697720e-03
15.750000 2.677683e-03
16.000000 2.658832e-03
16.250000 2.641199e-03
16.500000 2.624809e-03
16.750000 2.609681e-03
17.000000 2.595824e-03
17.250000 2.583238e-03
17.500000 2.571918e-03
17.750000 2.561847e-03
18.000000 2.553004e-03
18.250000 2.545357e-03
18.500000 2.538868e-03
18.750000 2.533494e-03
19.000000 2.529183e-03
19.250000 2.525877e-03
19.500000 2.523515e-03
19.750000 2.522029e-03
20.000000 2.521348e-03
20.250000 2.521399e-03
20.500000 2.522102e-03
20.750000 2.523380e-03
21.000000 2.525150e-03
21.250000 2.527332e-03
21.500000 2.529842e-03
21.750000 2.532598e-03
22.000000 2.535519e-03
22.250000 2.538524e-03
22.500000 2.541535e-03
22.750000 2.544473e-03
23.000000 2.547265e-03
23.250000 2.549837e-03
23.500000 2.552121e-03
23.750000 2.554048e-03
24.000000 2.555556e-03
24.250000 2.556583e-03
24.500000 2.557074e-03
24.750000 2.556974e-03
25.000000 2.556232e-03
25.250000 2.554804e-03
25.500000 2.552645e-03
25.750000 2.549716e-03
26.000000 2.545982e-03
26.250000 2.541411e-03
26.500000 2.535973e-03
26.750000 2.529645e-03
27.000000 2.522404e-03
27.250000 2.514232e-03
27.500000 2.505116e-03
27.750000 2.495042e-03
28.000000 2.484005e-03
28.250000 2.471998e-03
28.500000 2.459019e-03
28.750000 2.445071e-03
29.000000 2.430158e-03
29.250000 2.414287e-03
29.500000 2.397467e-03
29.750000 2.379713e-03
30.000000 2.361040e-03
30.250000 2.341466e-03
30.500000 2.321012e-03
30.750000 2.299703e-03
31.000000 2.277563e-03
31.250000 2.254621e-03
31.500000 2.230909e-03
31.750000 2.206459e-03
32.000000 2.181307e-03
32.250000 2.155490e-03
32.500000 2.129048e-03
32.750000 2.102024e-03
33.000000 2.074460e-03
33.250000 2.046403e-03
33.500000 2.017900e-03
33.750000 1.989002e-03
34.000000 1.959759e-03
34.250000 1.930226e-03
34.500000 1.900457e-03
34.750000 1.870508e-03
35.000000 1.840438e-03
35.250000 1.810307e-03
35.500000 1.780176e-03
35.750000 1.750106e-03
36.000000 1.720162e-03
36.250000 1.690408e-03
36.500000 1.660909e-03
36.750000 1.631731e-03
37.000000 1.602941e-03
37.250000 1.574605e-03
37.500000 1.546789e-03
37.750000 1.519560e-03
38.000000 1.492983e-03
38.250000 1.467121e-03
38.500000 1.442038e-03
38.750000 1.417792e-03
39.000000 1.394442e-03
39.250000 1.372043e-03
39.500000 1.350643e-03
39.750000 1.330290e-03
40.000000 1.311024e-03
40.250000 1.292880e-03
40.500000 1.275889e-03
40.750000 1.260071e-03
41.000000 1.245442e-03
41.250000 1.232010e-03
41.500000 1.219775e-03
41.750000 1.208727e-03
42.000000 1.198851e-03
42.250000 1.190123e-03
42.500000 1.182509e-03
42.750000 1.175970e-03
43.000000 1.170460e-03
43.250000 1.165925e-03
43.500000 1.162307e-03
43.750000 1.159543e-03
44.000000 1.157564e-03
44.250000 1.156298e-03
44.500000 1.155673e-03
44.750000 1.155611e-03
45.000000 1.156037e-03
45.250000 1.156873e-03
45.500000 1.158042e-03
45.750000 1.159469e-03
46.000000 1.161078e-03
46.250000 1.162797e-03
46.500000 1.164555e-03
46.750000 1.166286e-03
47.000000 1.167923e-03
47.250000 1.169405e-03
47.500000 1.170674e-03
47.750000 1.171675e-03
48.000000 1.172355e-03
48.250000 1.172668e-03
48.500000 1.172568e-03
48.750000 1.172015e-03
49.000000 1.170972e-03
49.250000 1.169405e-03
49.500000 1.167283e-03
49.750000 1.164581e-03
50.000000 1.161275e-03
