-50.000000 2.529288e-02
-49.750000 3.039608e-02
-49.500000 3.557241e-02
-49.250000 4.081049e-02
-49.000000 4.610372e-02
-48.750000 5.144788e-02
-48.500000 5.684011e-02
-48.250000 6.227829e-02
-48.000000 6.776078e-02
-47.750000 7.328624e-02
-47.500000 7.885353e-02
-47.250000 8.446165e-02
-47.000000 9.010968e-02
-46.750000 9.579677e-02
-46.500000 1.015221e-01
-46.250000 1.072850e-01
-46.000000 1.130845e-01
-45.750000 1.189201e-01
-45.500000 1.247910e-01
-45.250000 1.306965e-01
-45.000000 1.366358e-01
-44.750000 1.426084e-01
-44.500000 1.486133e-01
-44.250000 1.546501e-01
-44.000000 1.607179e-01
-43.750000 1.668161e-01
-43.500000 1.729439e-01
-43.250000 1.791007e-01
-43.000000 1.852857e-01
-42.750000 1.914981e-01
-42.500000 1.977374e-01
-42.250000 2.040027e-01
-42.000000 2.102934e-01
-41.750000 2.166087e-01
-41.500000 2.229478e-01
-41.250000 2.293100e-01
-41.000000 2.356946e-01
-40.750000 2.421007e-01
-40.500000 2.485278e-01
-40.250000 2.549750e-01
-40.000000 2.614414e-01
-39.750000 2.679265e-01
-39.500000 2.744293e-01
-39.250000 2.809492e-01
-39.000000 2.874853e-01
-38.750000 2.940369e-01
-38.500000 3.006031e-01
-38.250000 3.071832e-01
-38.000000 3.137764e-01
-37.750000 3.203819e-01
-37.500000 3.269989e-01
-37.250000 3.336266e-01
-37.000000 3.402641e-01
-36.750000 3.469107e-01
-36.500000 3.535655e-01
-36.250000 3.602278e-01
-36.000000 3.668967e-01
-35.750000 3.735714e-01
-35.500000 3.802511e-01
-35.250000 3.869349e-01
-35.000000 3.936220e-01
-34.750000 4.003116e-01
-34.500000 4.070029e-01
-34.250000 4.136950e-01
-34.000000 4.203871e-01
-33.750000 4.270783e-01
-33.500000 4.337679e-01
-33.250000 4.404549e-01
-33.000000 4.471386e-01
-32.750000 4.538181e-01
-32.500000 4.604925e-01
-32.250000 4.671610e-01
-32.000000 4.738228e-01
-31.750000 4.804769e-01
-31.500000 4.871227e-01
-31.250000 4.937592e-01
-31.000000 5.003856e-01
-30.750000 5.070010e-01
-30.500000 5.136046e-01
-30.250000 5.201955e-01
-30.000000 5.267729e-01
-29.750000 5.333360e-01
-29.500000 5.398839e-01
-29.250000 5.464158e-01
-29.000000 5.529308e-01
-28.750000 5.594281e-01
-28.500000 5.659068e-01
-28.250000 5.723662e-01
-28.000000 5.788053e-01
-27.750000 5.852233e-01
-27.500000 5.916195e-01
-27.250000 5.979929e-01
-27.000000 6.043427e-01
-26.750000 6.106682e-01
-26.500000 6.169684e-01
-26.250000 6.232426e-01
-26.000000 6.294900e-01
-25.750000 6.357096e-01
-25.500000 6.419008e-01
-25.250000 6.480626e-01
-25.000000 6.541944e-01
-24.750000 6.602952e-01
-24.500000 6.663643e-01
-24.250000 6.724008e-01
-24.000000 6.784041e-01
-23.750000 6.843732e-01
-23.500000 6.903074e-01
-23.250000 6.962059e-01
-23.000000 7.020679e-01
-22.750000 7.078927e-01
-22.500000 7.136794e-01
-22.250000 7.194274e-01
-22.000000 7.251357e-01
-21.750000 7.308038e-01
-21.500000 7.364308e-01
-21.250000 7.420160e-01
-21.000000 7.475585e-01
-20.750000 7.530578e-01
-20.500000 7.585130e-01
-20.250000 7.639235e-01
-20.000000 7.692884e-01
-19.750000 7.746072e-01
-19.500000 7.798790e-01
-19.250000 7.851031e-01
-19.000000 7.902789e-01
-18.750000 7.954057e-01
-18.500000 8.004827e-01
-18.250000 8.055093e-01
-18.000000 8.104849e-01
-17.750000 8.154086e-01
-17.500000 8.202800e-01
-17.250000 8.250982e-01
-17.000000 8.298628e-01
-16.750000 8.345729e-01
-16.500000 8.392281e-01
-16.250000 8.438276e-01
-16.000000 8.483708e-01
-15.750000 8.528572e-01
-15.500000 8.572860e-01
-15.250000 8.616568e-01
-15.000000 8.659689e-01
-14.750000 8.702217e-01
-14.500000 8.744147e-01
-14.250000 8.785473e-01
-14.000000 8.826189e-01
-13.750000 8.866289e-01
-13.500000 8.905769e-01
-13.250000 8.944623e-01
-13.000000 8.982845e-01
-12.750000 9.020430e-01
-12.500000 9.057374e-01
-12.250000 9.093671e-01
-12.000000 9.129316e-01
-11.750000 9.164305e-01
-11.500000 9.198632e-01
-11.250000 9.232293e-01
-11.000000 9.265284e-01
-10.750000 9.297599e-01
-10.500000 9.329234e-01
-10.250000 9.360186e-01
-10.000000 9.390449e-01
-9.750000 9.420020e-01
-9.500000 9.448895e-01
-9.250000 9.477069e-01
-9.000000 9.504539e-01
-8.750000 9.531301e-01
-8.500000 9.557352e-01
-8.250000 9.582687e-01
-8.000000 9.607304e-01
-7.750000 9.631198e-01
-7.500000 9.654367e-01
-7.250000 9.676808e-01
-7.000000 9.698517e-01
-6.750000 9.719491e-01
-6.500000 9.739728e-01
-6.250000 9.759225e-01
-6.000000 9.777978e-01
-5.750000 9.795987e-01
-5.500000 9.813247e-01
-5.250000 9.829756e-01
-5.000000 9.845513e-01
-4.750000 9.860516e-01
-4.500000 9.874761e-01
-4.250000 9.888248e-01
-4.000000 9.900974e-01
-3.750000 9.912937e-01
-3.500000 9.924136e-01
-3.250000 9.934570e-01
-3.000000 9.944236e-01
-2.750000 9.953135e-01
-2.500000 9.961263e-01
-2.250000 9.968621e-01
-2.000000 9.975207e-01
-1.750000 9.981020e-01
-1.500000 9.986060e-01
-1.250000 9.990325e-01
-1.000000 9.993816e-01
-0.750000 9.996532e-01
-0.500000 9.998472e-01
-0.250000 9.999636e-01
0.000000 1.000002e+00
0.250000 9.999636e-01
0.500000 9.998472e-01
0.750000 9.996532e-01
1.000000 9.993816e-01
1.250000 9.990325e-01
1.500000 9.986060e-01
1.750000 9.981020e-01
2.000000 9.975207e-01
2.250000 9.968621e-01
2.500000 9.961263e-01
2.750000 9.953135e-01
3.000000 9.944236e-01
3.250000 9.934570e-01
3.500000 9.924136e-01
3.750000 9.912937e-01
4.000000 9.900974e-01
4.250000 9.888248e-01
4.500000 9.874761e-01
4.750000 9.860516e-01
5.000000 9.845513e-01
5.250000 9.829756e-01
5.500000 9.813247e-01
5.750000 9.795987e-01
6.000000 9.777978e-01
6.250000 9.759225e-01
6.500000 9.739728e-01
6.750000 9.719491e-01
7.000000 9.698517e-01
7.250000 9.676808e-01
7.500000 9.654367e-01
7.750000 9.631198e-01
8.000000 9.607304e-01
8.250000 9.582687e-01
8.500000 9.557352e-01
8.750000 9.531301e-01
9.000000 9.504539e-01
9.250000 9.477069e-01
9.500000 9.448895e-01
9.750000 9.420020e-01
10.000000 9.390449e-01
10.250000 9.360186e-01
10.500000 9.329234e-01
10.750000 9.297599e-01
11.000000 9.265284e-01
11.250000 9.232293e-01
11.500000 9.198632e-01
11.750000 9.164305e-01
12.000000 9.129316e-01
12.250000 9.093671e-01
12.500000 9.057374e-01
12.750000 9.020430e-01
13.000000 8.982845e-01
13.250000 8.944623e-01
13.500000 8.905769e-01
13.750000 8.866289e-01
14.000000 8.826189e-01
14.250000 8.785473e-01
14.500000 8.744147e-01
14.750000 8.702217e-01
15.000000 8.659689e-01
15.250000 8.616568e-01
15.500000 8.572860e-01
15.750000 8.528572e-01
16.000000 8.483708e-01
16.250000 8.438276e-01
16.500000 8.392281e-01
16.750000 8.345729e-01
17.000000 8.298628e-01
17.250000 8.250982e-01
17.500000 8.202800e-01
17.750000 8.154086e-01
18.000000 8.104849e-01
18.250000 8.055093e-01
18.500000 8.004827e-01
18.750000 7.954057e-01
19.000000 7.902789e-01
19.250000 7.851031e-01
19.500000 7.798790e-01
19.750000 7.746072e-01
20.000000 7.692884e-01
20.250000 7.639235e-01
20.500000 7.585130e-01
20.750000 7.530578e-01
21.000000 7.475585e-01
21.250000 7.420160e-01
21.500000 7.364308e-01
21.750000 7.308038e-01
22.000000 7.251357e-01
22.250000 7.194274e-01
22.500000 7.136794e-01
22.750000 7.078927e-01
23.000000 7.020679e-01
23.250000 6.962059e-01
23.500000 6.903074e-01
23.750000 6.843732e-01
24.000000 6.784041e-01
24.250000 6.724008e-01
24.500000 6.663643e-01
24.750000 6.602952e-01
25.000000 6.541944e-01
25.250000 6.480626e-01
25.500000 6.419008e-01
25.750000 6.357096e-01
26.000000 6.294900e-01
26.250000 6.232426e-01
26.500000 6.169684e-01
26.750000 6.106682e-01
27.000000 6.043427e-01
27.250000 5.979929e-01
27.500000 5.916195e-01
27.750000 5.852233e-01
28.000000 5.788053e-01
28.250000 5.723662e-01
28.500000 5.659068e-01
28.750000 5.594281e-01
29.000000 5.529308e-01
29.250000 5.464158e-01
29.500000 5.398839e-01
29.750000 5.333360e-01
30.000000 5.267729e-01
30.250000 5.201955e-01
30.500000 5.136046e-01
30.750000 5.070010e-01
31.000000 5.003856e-01
31.250000 4.937592e-01
31.500000 4.871227e-01
31.750000 4.804769e-01
32.000000 4.738228e-01
32.250000 4.671610e-01
32.500000 4.604925e-01
32.750000 4.538181e-01
33.000000 4.471386e-01
33.250000 4.404549e-01
33.500000 4.337679e-01
33.750000 4.270783e-01
34.000000 4.203871e-01
34.250000 4.136950e-01
34.500000 4.070029e-01
34.750000 4.003116e-01
35.000000 3.936220e-01
35.250000 3.869349e-01
35.500000 3.802511e-01
35.750000 3.735714e-01
36.000000 3.668967e-01
36.250000 3.602278e-01
36.500000 3.535655e-01
36.750000 3.469107e-01
37.000000 3.402641e-01
37.250000 3.336266e-01
37.500000 3.269989e-01
37.750000 3.203819e-01
38.000000 3.137764e-01
38.250000 3.071832e-01
38.500000 3.006031e-01
38.750000 2.940369e-01
39.000000 2.874853e-01
39.250000 2.809492e-01
39.500000 2.744293e-01
39.750000 2.679265e-01
40.000000 2.614414e-01
40.250000 2.549750e-01
40.500000 2.485278e-01
40.750000 2.421007e-01
41.000000 2.356946e-01
41.250000 2.293100e-01
41.500000 2.229478e-01
41.750000 2.166087e-01
42.000000 2.102934e-01
42.250000 2.040027e-01
42.500000 1.977374e-01
42.750000 1.914981e-01
43.000000 1.852857e-01
43.250000 1.791007e-01
43.500000 1.729439e-01
43.750000 1.668161e-01
44.000000 1.607179e-01
44.250000 1.546501e-01
44.500000 1.486133e-01
44.750000 1.426084e-01
45.000000 1.366358e-01
45.250000 1.306965e-01
45.500000 1.247910e-01
45.750000 1.189201e-01
46.000000 1.130845e-01
46.250000 1.072850e-01
46.500000 1.015221e-01
46.750000 9.579677e-02
47.000000 9.010968e-02
47.250000 8.446165e-02
47.500000 7.885353e-02
47.750000 7.328624e-02
48.000000 6.776078e-02
48.250000 6.227829e-02
48.500000 5.684011e-02
48.750000 5.144788e-02
49.000000 4.610372e-02
49.250000 4.081049e-02
49.500000 3.557241e-02
49.750000 3.039608e-02
50.000000 2.529288e-02
