-50.000000 6.419376e-04
-49.750000 7.217826e-04
-49.500000 8.012227e-04
-49.250000 8.787123e-04
-49.000000 9.530630e-04
-48.750000 1.023329e-03
-48.500000 1.088737e-03
-48.250000 1.148654e-03
-48.000000 1.202555e-03
-47.750000 1.250017e-03
-47.500000 1.290703e-03
-47.250000 1.324363e-03
-47.000000 1.350825e-03
-46.750000 1.369995e-03
-46.500000 1.381853e-03
-46.250000 1.386449e-03
-46.000000 1.383902e-03
-45.750000 1.374397e-03
-45.500000 1.358179e-03
-45.250000 1.335552e-03
-45.000000 1.306873e-03
-44.750000 1.272550e-03
-44.500000 1.233032e-03
-44.250000 1.188809e-03
-44.000000 1.140407e-03
-43.750000 1.088380e-03
-43.500000 1.033310e-03
-43.250000 9.758008e-04
-43.000000 9.164811e-04
-42.750000 8.560036e-04
-42.500000 7.950521e-04
-42.250000 7.343537e-04
-42.000000 6.746990e-04
-41.750000 6.169738e-04
-41.500000 5.622040e-04
-41.250000 5.116126e-04
-41.000000 4.666773e-04
-40.750000 4.291516e-04
-40.500000 4.009778e-04
-40.250000 3.840007e-04
-40.000000 3.794812e-04
-39.750000 3.876306e-04
-39.500000 4.075170e-04
-39.250000 4.374331e-04
-39.000000 4.754385e-04
-38.750000 5.197528e-04
-38.500000 5.689138e-04
-38.250000 6.217766e-04
-38.000000 6.774473e-04
-37.750000 7.352045e-04
-37.500000 7.944338e-04
-37.250000 8.545769e-04
-37.000000 9.150965e-04
-36.750000 9.754526e-04
-36.500000 1.035089e-03
-36.250000 1.093425e-03
-36.000000 1.149854e-03
-35.750000 1.203745e-03
-35.500000 1.254445e-03
-35.250000 1.301290e-03
-35.000000 1.343606e-03
-34.750000 1.380724e-03
-34.500000 1.411986e-03
-34.250000 1.436759e-03
-34.000000 1.454440e-03
-33.750000 1.464472e-03
-33.500000 1.466354e-03
-33.250000 1.459652e-03
-33.000000 1.444014e-03
-32.750000 1.419181e-03
-32.500000 1.385008e-03
-32.250000 1.341480e-03
-32.000000 1.288738e-03
-31.750000 1.227122e-03
-31.500000 1.157212e-03
-31.250000 1.079919e-03
-31.000000 9.966093e-04
-30.750000 9.093178e-04
-30.500000 8.210939e-04
-30.250000 7.365475e-04
-30.000000 6.625677e-04
-29.750000 6.087743e-04
-29.500000 5.862822e-04
-29.250000 6.032983e-04
-29.000000 6.602429e-04
-28.750000 7.502847e-04
-28.500000 8.642310e-04
-28.250000 9.940493e-04
-28.000000 1.133684e-03
-27.750000 1.278680e-03
-27.500000 1.425659e-03
-27.250000 1.571927e-03
-27.000000 1.715226e-03
-26.750000 1.853588e-03
-26.500000 1.985249e-03
-26.250000 2.108599e-03
-26.000000 2.222153e-03
-25.750000 2.324545e-03
-25.500000 2.414513e-03
-25.250000 2.490907e-03
-25.000000 2.552686e-03
-24.750000 2.598929e-03
-24.500000 2.628835e-03
-24.250000 2.641731e-03
-24.000000 2.637082e-03
-23.750000 2.614491e-03
-23.500000 2.573709e-03
-23.250000 2.514640e-03
-23.000000 2.437341e-03
-22.750000 2.342033e-03
-22.500000 2.229103e-03
-22.250000 2.099107e-03
-22.000000 1.952785e-03
-21.750000 1.791068e-03
-21.500000 1.615113e-03
-21.250000 1.426353e-03
-21.000000 1.226621e-03
-20.750000 1.018439e-03
-20.500000 8.058018e-04
-20.250000 5.966504e-04
-20.000000 4.122336e-04
-19.750000 3.177498e-04
-19.500000 3.944809e-04
-19.250000 5.803820e-04
-19.000000 8.023842e-04
-18.750000 1.035299e-03
-18.500000 1.269789e-03
-18.250000 1.501047e-03
-18.000000 1.725839e-03
-17.750000 1.941602e-03
-17.500000 2.146120e-03
-17.250000 2.337394e-03
-17.000000 2.513594e-03
-16.750000 2.673039e-03
-16.500000 2.814190e-03
-16.250000 2.935654e-03
-16.000000 3.036195e-03
-15.750000 3.114733e-03
-15.500000 3.170362e-03
-15.250000 3.202352e-03
-15.000000 3.210160e-03
-14.750000 3.193439e-03
-14.500000 3.152040e-03
-14.250000 3.086024e-03
-14.000000 2.995666e-03
-13.750000 2.881464e-03
-13.500000 2.744145e-03
-13.250000 2.584688e-03
-13.000000 2.404339e-03
-12.750000 2.204661e-03
-12.500000 1.987614e-03
-12.250000 1.755718e-03
-12.000000 1.512395e-03
-11.750000 1.262759e-03
-11.500000 1.015572e-03
-11.250000 7.884781e-04
-11.000000 6.206919e-04
-10.750000 5.805183e-04
-10.500000 6.974630e-04
-10.250000 9.150519e-04
-10.000000 1.177806e-03
-9.750000 1.458652e-03
-9.500000 1.744741e-03
-9.250000 2.028886e-03
-9.000000 2.306304e-03
-8.750000 2.573356e-03
-8.500000 2.827036e-03
-8.250000 3.064731e-03
-8.000000 3.284120e-03
-7.750000 3.483123e-03
-7.500000 3.659878e-03
-7.250000 3.812736e-03
-7.000000 3.940262e-03
-6.750000 4.041241e-03
-6.500000 4.114685e-03
-6.250000 4.159842e-03
-6.000000 4.176205e-03
-5.750000 4.163525e-03
-5.500000 4.121822e-03
-5.250000 4.051398e-03
-5.000000 3.952857e-03
-4.750000 3.827127e-03
-4.500000 3.675494e-03
-4.250000 3.499651e-03
-4.000000 3.301776e-03
-3.750000 3.084653e-03
-3.500000 2.851864e-03
-3.250000 2.608107e-03
-3.000000 2.359715e-03
-2.750000 2.115486e-03
-2.500000 1.887912e-03
-2.250000 1.694568e-03
-2.000000 1.558309e-03
-1.750000 1.503000e-03
-1.500000 1.542986e-03
-1.250000 1.674219e-03
-1.000000 1.877936e-03
-0.750000 2.131739e-03
-0.500000 2.416671e-03
-0.250000 2.718625e-03
0.000000 3.027389e-03
0.250000 3.335429e-03
0.500000 3.636974e-03
0.750000 3.927434e-03
1.000000 4.203035e-03
1.250000 4.460605e-03
1.500000 4.697439e-03
1.750000 4.911217e-03
2.000000 5.099956e-03
2.250000 5.261981e-03
2.500000 5.395905e-03
2.750000 5.500618e-03
3.000000 5.575281e-03
3.250000 5.619321e-03
3.500000 5.632427e-03
3.750000 5.614548e-03
4.000000 5.565892e-03
4.250000 5.486919e-03
4.500000 5.378341e-03
4.750000 5.241120e-03
5.000000 5.076463e-03
5.250000 4.885819e-03
5.500000 4.670888e-03
5.750000 4.433618e-03
6.000000 4.176225e-03
6.250000 3.901212e-03
6.500000 3.611423e-03
6.750000 3.310114e-03
7.000000 3.001099e-03
7.250000 2.688987e-03
7.500000 2.379593e-03
7.750000 2.080646e-03
8.000000 1.802951e-03
8.250000 1.562001e-03
8.500000 1.379128e-03
8.750000 1.278620e-03
9.000000 1.276353e-03
9.250000 1.366924e-03
9.500000 1.526710e-03
9.750000 1.728759e-03
10.000000 1.951880e-03
10.250000 2.181562e-03
10.500000 2.408144e-03
10.750000 2.625060e-03
11.000000 2.827687e-03
11.250000 3.012658e-03
11.500000 3.177464e-03
11.750000 3.320215e-03
12.000000 3.439502e-03
12.250000 3.534301e-03
12.500000 3.603923e-03
12.750000 3.647972e-03
13.000000 3.666316e-03
13.250000 3.659069e-03
13.500000 3.626572e-03
13.750000 3.569375e-03
14.000000 3.488229e-03
14.250000 3.384065e-03
14.500000 3.257987e-03
14.750000 3.111254e-03
15.000000 2.945263e-03
15.250000 2.761543e-03
15.500000 2.561730e-03
15.750000 2.347557e-03
16.000000 2.120836e-03
16.250000 1.883445e-03
16.500000 1.637305e-03
16.750000 1.384373e-03
17.000000 1.126615e-03
17.250000 8.660025e-04
17.500000 6.044876e-04
17.750000 3.440015e-04
18.000000 8.657567e-05
18.250000 1.667867e-04
18.500000 4.132111e-04
18.750000 6.516192e-04
19.000000 8.804051e-04
19.250000 1.098116e-03
19.500000 1.303423e-03
19.750000 1.495121e-03
20.000000 1.672142e-03
20.250000 1.833552e-03
20.500000 1.978562e-03
20.750000 2.106529e-03
21.000000 2.216956e-03
21.250000 2.309497e-03
21.500000 2.383951e-03
21.750000 2.440265e-03
22.000000 2.478529e-03
22.250000 2.498972e-03
22.500000 2.501959e-03
22.750000 2.487983e-03
23.000000 2.457660e-03
23.250000 2.411721e-03
23.500000 2.351007e-03
23.750000 2.276458e-03
24.000000 2.189110e-03
24.250000 2.090085e-03
24.500000 1.980588e-03
24.750000 1.861903e-03
25.000000 1.735398e-03
25.250000 1.602529e-03
25.500000 1.464863e-03
25.750000 1.324114e-03
26.000000 1.182217e-03
26.250000 1.041462e-03
26.500000 9.047228e-04
26.750000 7.758821e-04
27.000000 6.605148e-04
27.250000 5.667469e-04
27.500000 5.052532e-04
27.750000 4.856779e-04
28.000000 5.093013e-04
28.250000 5.668948e-04
28.500000 6.455935e-04
28.750000 7.349794e-04
29.000000 8.281878e-04
29.250000 9.209536e-04
29.500000 1.010620e-03
29.750000 1.095499e-03
30.000000 1.174505e-03
30.250000 1.246943e-03
30.500000 1.312386e-03
30.750000 1.370601e-03
31.000000 1.421499e-03
31.250000 1.465104e-03
31.500000 1.501523e-03
31.750000 1.530932e-03
32.000000 1.553559e-03
32.250000 1.569664e-03
32.500000 1.579538e-03
32.750000 1.583480e-03
33.000000 1.581798e-03
33.250000 1.574793e-03
33.500000 1.562756e-03
33.750000 1.545963e-03
34.000000 1.524669e-03
34.250000 1.499109e-03
34.500000 1.469494e-03
34.750000 1.436018e-03
35.000000 1.398859e-03
35.250000 1.358183e-03
35.500000 1.314157e-03
35.750000 1.266956e-03
36.000000 1.216775e-03
36.250000 1.163847e-03
36.500000 1.108459e-03
36.750000 1.050976e-03
37.000000 9.918684e-04
37.250000 9.317497e-04
37.500000 8.714206e-04
37.750000 8.119270e-04
38.000000 7.546284e-04
38.250000 7.012686e-04
38.500000 6.540195e-04
38.750000 6.154410e-04
39.000000 5.882614e-04
39.250000 5.749083e-04
39.500000 5.768722e-04
39.750000 5.942110e-04
40.000000 6.255311e-04
40.250000 6.684481e-04
40.500000 7.202007e-04
40.750000 7.781103e-04
41.000000 8.398047e-04
41.250000 9.032701e-04
41.500000 9.668205e-04
41.750000 1.029042e-03
42.000000 1.088736e-03
42.250000 1.144881e-03
42.500000 1.196593e-03
42.750000 1.243109e-03
43.000000 1.283765e-03
43.250000 1.317993e-03
43.500000 1.345308e-03
43.750000 1.365309e-03
44.000000 1.377671e-03
44.250000 1.382150e-03
44.500000 1.378577e-03
44.750000 1.366862e-03
45.000000 1.346988e-03
45.250000 1.319016e-03
45.500000 1.283080e-03
45.750000 1.239392e-03
46.000000 1.188233e-03
46.250000 1.129961e-03
46.500000 1.065006e-03
46.750000 9.938737e-04
47.000000 9.171489e-04
47.250000 8.355046e-04
47.500000 7.497210e-04
47.750000 6.607243e-04
48.000000 5.696680e-04
48.250000 4.781115e-04
48.500000 3.884413e-04
48.750000 3.049272e-04
49.000000 2.363203e-04
49.250000 1.995993e-04
49.500000 2.113869e-04
49.750000 2.636160e-04
50.000000 3.358549e-04
