-50.000000 2.596439e-03
-49.750000 2.619462e-03
-49.500000 2.642442e-03
-49.250000 2.665374e-03
-49.000000 2.688250e-03
-48.750000 2.711065e-03
-48.500000 2.733810e-03
-48.250000 2.756482e-03
-48.000000 2.779073e-03
-47.750000 2.801577e-03
-47.500000 2.823990e-03
-47.250000 2.846305e-03
-47.000000 2.868517e-03
-46.750000 2.890622e-03
-46.500000 2.912614e-03
-46.250000 2.934489e-03
-46.000000 2.956241e-03
-45.750000 2.977868e-03
-45.500000 2.999364e-03
-45.250000 3.020726e-03
-45.000000 3.041950e-03
-44.750000 3.063032e-03
-44.500000 3.083969e-03
-44.250000 3.104758e-03
-44.000000 3.125396e-03
-43.750000 3.145881e-03
-43.500000 3.166209e-03
-43.250000 3.186379e-03
-43.000000 3.206388e-03
-42.750000 3.226235e-03
-42.500000 3.245918e-03
-42.250000 3.265436e-03
-42.000000 3.284787e-03
-41.750000 3.303971e-03
-41.500000 3.322987e-03
-41.250000 3.341834e-03
-41.000000 3.360513e-03
-40.750000 3.379023e-03
-40.500000 3.397365e-03
-40.250000 3.415539e-03
-40.000000 3.433546e-03
-39.750000 3.451388e-03
-39.500000 3.469064e-03
-39.250000 3.486577e-03
-39.000000 3.503929e-03
-38.750000 3.521122e-03
-38.500000 3.538157e-03
-38.250000 3.555038e-03
-38.000000 3.571767e-03
-37.750000 3.588348e-03
-37.500000 3.604783e-03
-37.250000 3.621077e-03
-37.000000 3.637232e-03
-36.750000 3.653254e-03
-36.500000 3.669146e-03
-36.250000 3.684912e-03
-36.000000 3.700559e-03
-35.750000 3.716090e-03
-35.500000 3.731510e-03
-35.250000 3.746827e-03
-35.000000 3.762044e-03
-34.750000 3.777168e-03
-34.500000 3.792205e-03
-34.250000 3.807162e-03
-34.000000 3.822044e-03
-33.750000 3.836860e-03
-33.500000 3.851614e-03
-33.250000 3.866315e-03
-33.000000 3.880970e-03
-32.750000 3.895587e-03
-32.500000 3.910171e-03
-32.250000 3.924733e-03
-32.000000 3.939278e-03
-31.750000 3.953816e-03
-31.500000 3.968354e-03
-31.250000 3.982899e-03
-31.000000 3.997462e-03
-30.750000 4.012049e-03
-30.500000 4.026668e-03
-30.250000 4.041329e-03
-30.000000 4.056040e-03
-29.750000 4.070808e-03
-29.500000 4.085643e-03
-29.250000 4.100552e-03
-29.000000 4.115544e-03
-28.750000 4.130627e-03
-28.500000 4.145809e-03
-28.250000 4.161098e-03
-28.000000 4.176502e-03
-27.750000 4.192029e-03
-27.500000 4.207686e-03
-27.250000 4.223481e-03
-27.000000 4.239421e-03
-26.750000 4.255514e-03
-26.500000 4.271766e-03
-26.250000 4.288183e-03
-26.000000 4.304773e-03
-25.750000 4.321541e-03
-25.500000 4.338494e-03
-25.250000 4.355636e-03
-25.000000 4.372974e-03
-24.750000 4.390511e-03
-24.500000 4.408253e-03
-24.250000 4.426204e-03
-24.000000 4.444368e-03
-23.750000 4.462748e-03
-23.500000 4.481348e-03
-23.250000 4.500169e-03
-23.000000 4.519216e-03
-22.750000 4.538488e-03
-22.500000 4.557989e-03
-22.250000 4.577718e-03
-22.000000 4.597677e-03
-21.750000 4.617866e-03
-21.500000 4.638284e-03
-21.250000 4.658931e-03
-21.000000 4.679806e-03
-20.750000 4.700906e-03
-20.500000 4.722230e-03
-20.250000 4.743775e-03
-20.000000 4.765539e-03
-19.750000 4.787517e-03
-19.500000 4.809706e-03
-19.250000 4.832101e-03
-19.000000 4.854697e-03
-18.750000 4.877490e-03
-18.500000 4.900474e-03
-18.250000 4.923642e-03
-18.000000 4.946987e-03
-17.750000 4.970504e-03
-17.500000 4.994184e-03
-17.250000 5.018020e-03
-17.000000 5.042003e-03
-16.750000 5.066126e-03
-16.500000 5.090378e-03
-16.250000 5.114751e-03
-16.000000 5.139236e-03
-15.750000 5.163822e-03
-15.500000 5.188500e-03
-15.250000 5.213258e-03
-15.000000 5.238085e-03
-14.750000 5.262972e-03
-14.500000 5.287906e-03
-14.250000 5.312876e-03
-14.000000 5.337870e-03
-13.750000 5.362876e-03
-13.500000 5.387882e-03
-13.250000 5.412875e-03
-13.000000 5.437844e-03
-12.750000 5.462774e-03
-12.500000 5.487654e-03
-12.250000 5.512470e-03
-12.000000 5.537209e-03
-11.750000 5.561858e-03
-11.500000 5.586405e-03
-11.250000 5.610834e-03
-11.000000 5.635134e-03
-10.750000 5.659291e-03
-10.500000 5.683291e-03
-10.250000 5.707121e-03
-10.000000 5.730768e-03
-9.750000 5.754217e-03
-9.500000 5.777457e-03
-9.250000 5.800473e-03
-9.000000 5.823252e-03
-8.750000 5.845782e-03
-8.500000 5.868048e-03
-8.250000 5.890039e-03
-8.000000 5.911741e-03
-7.750000 5.933141e-03
-7.500000 5.954227e-03
-7.250000 5.974987e-03
-7.000000 5.995408e-03
-6.750000 6.015479e-03
-6.500000 6.035186e-03
-6.250000 6.054519e-03
-6.000000 6.073466e-03
-5.750000 6.092015e-03
-5.500000 6.110156e-03
-5.250000 6.127878e-03
-5.000000 6.145170e-03
-4.750000 6.162021e-03
-4.500000 6.178422e-03
-4.250000 6.194362e-03
-4.000000 6.209832e-03
-3.750000 6.224823e-03
-3.500000 6.239326e-03
-3.250000 6.253331e-03
-3.000000 6.266831e-03
-2.750000 6.279816e-03
-2.500000 6.292280e-03
-2.250000 6.304215e-03
-2.000000 6.315613e-03
-1.750000 6.326468e-03
-1.500000 6.336773e-03
-1.250000 6.346521e-03
-1.000000 6.355708e-03
-0.750000 6.364326e-03
-0.500000 6.372371e-03
-0.250000 6.379839e-03
0.000000 6.386723e-03
0.250000 6.393021e-03
0.500000 6.398728e-03
0.750000 6.403841e-03
1.000000 6.408357e-03
1.250000 6.412273e-03
1.500000 6.415585e-03
1.750000 6.418293e-03
2.000000 6.420395e-03
2.250000 6.421888e-03
2.500000 6.422773e-03
2.750000 6.423048e-03
3.000000 6.422713e-03
3.250000 6.421768e-03
3.500000 6.420214e-03
3.750000 6.418051e-03
4.000000 6.415280e-03
4.250000 6.411903e-03
4.500000 6.407921e-03
4.750000 6.403337e-03
5.000000 6.398153e-03
5.250000 6.392371e-03
5.500000 6.385996e-03
5.750000 6.379030e-03
6.000000 6.371478e-03
6.250000 6.363342e-03
6.500000 6.354629e-03
6.750000 6.345342e-03
7.000000 6.335487e-03
7.250000 6.325069e-03
7.500000 6.314093e-03
7.750000 6.302566e-03
8.000000 6.290494e-03
8.250000 6.277884e-03
8.500000 6.264741e-03
8.750000 6.251074e-03
9.000000 6.236890e-03
9.250000 6.222196e-03
9.500000 6.207001e-03
9.750000 6.191311e-03
10.000000 6.175137e-03
10.250000 6.158485e-03
10.500000 6.141366e-03
10.750000 6.123788e-03
11.000000 6.105761e-03
11.250000 6.087293e-03
11.500000 6.068395e-03
11.750000 6.049076e-03
12.000000 6.029347e-03
12.250000 6.009217e-03
12.500000 5.988697e-03
12.750000 5.967797e-03
13.000000 5.946529e-03
13.250000 5.924902e-03
13.500000 5.902929e-03
13.750000 5.880618e-03
14.000000 5.857983e-03
14.250000 5.835034e-03
14.500000 5.811782e-03
14.750000 5.788238e-03
15.000000 5.764415e-03
15.250000 5.740324e-03
15.500000 5.715975e-03
15.750000 5.691382e-03
16.000000 5.666554e-03
16.250000 5.641505e-03
16.500000 5.616245e-03
16.750000 5.590787e-03
17.000000 5.565141e-03
17.250000 5.539319e-03
17.500000 5.513334e-03
17.750000 5.487195e-03
18.000000 5.460916e-03
18.250000 5.434507e-03
18.500000 5.407979e-03
18.750000 5.381344e-03
19.000000 5.354612e-03
19.250000 5.327795e-03
19.500000 5.300904e-03
19.750000 5.273949e-03
20.000000 5.246941e-03
20.250000 5.219890e-03
20.500000 5.192807e-03
20.750000 5.165702e-03
21.000000 5.138584e-03
21.250000 5.111463e-03
21.500000 5.084350e-03
21.750000 5.057253e-03
22.000000 5.030181e-03
22.250000 5.003144e-03
22.500000 4.976149e-03
22.750000 4.949206e-03
23.000000 4.922323e-03
23.250000 4.895507e-03
23.500000 4.868767e-03
23.750000 4.842109e-03
24.000000 4.815542e-03
24.250000 4.789071e-03
24.500000 4.762703e-03
24.750000 4.736445e-03
25.000000 4.710303e-03
25.250000 4.684281e-03
25.500000 4.658387e-03
25.750000 4.632625e-03
26.000000 4.606999e-03
26.250000 4.581514e-03
26.500000 4.556175e-03
26.750000 4.530984e-03
27.000000 4.505947e-03
27.250000 4.481065e-03
27.500000 4.456343e-03
27.750000 4.431781e-03
28.000000 4.407384e-03
28.250000 4.383152e-03
28.500000 4.359088e-03
28.750000 4.335192e-03
29.000000 4.311467e-03
29.250000 4.287911e-03
29.500000 4.264527e-03
29.750000 4.241314e-03
30.000000 4.218273e-03
30.250000 4.195402e-03
30.500000 4.172701e-03
30.750000 4.150169e-03
31.000000 4.127805e-03
31.250000 4.105607e-03
31.500000 4.083574e-03
31.750000 4.061703e-03
32.000000 4.039993e-03
32.250000 4.018441e-03
32.500000 3.997045e-03
32.750000 3.975801e-03
33.000000 3.954706e-03
33.250000 3.933758e-03
33.500000 3.912953e-03
33.750000 3.892287e-03
34.000000 3.871756e-03
34.250000 3.851357e-03
34.500000 3.831085e-03
34.750000 3.810936e-03
35.000000 3.790907e-03
35.250000 3.770992e-03
35.500000 3.751187e-03
35.750000 3.731487e-03
36.000000 3.711888e-03
36.250000 3.692385e-03
36.500000 3.672973e-03
36.750000 3.653647e-03
37.000000 3.634402e-03
37.250000 3.615233e-03
37.500000 3.596136e-03
37.750000 3.577105e-03
38.000000 3.558136e-03
38.250000 3.539222e-03
38.500000 3.520360e-03
38.750000 3.501544e-03
39.000000 3.482770e-03
39.250000 3.464032e-03
39.500000 3.445325e-03
39.750000 3.426646e-03
40.000000 3.407988e-03
40.250000 3.389348e-03
40.500000 3.370720e-03
40.750000 3.352101e-03
41.000000 3.333486e-03
41.250000 3.314870e-03
41.500000 3.296250e-03
41.750000 3.277620e-03
42.000000 3.258978e-03
42.250000 3.240319e-03
42.500000 3.221639e-03
42.750000 3.202936e-03
43.000000 3.184204e-03
43.250000 3.165441e-03
43.500000 3.146644e-03
43.750000 3.127809e-03
44.000000 3.108934e-03
44.250000 3.090015e-03
44.500000 3.071050e-03
44.750000 3.052037e-03
45.000000 3.032972e-03
45.250000 3.013854e-03
45.500000 2.994681e-03
45.750000 2.975451e-03
46.000000 2.956161e-03
46.250000 2.936811e-03
46.500000 2.917399e-03
46.750000 2.897923e-03
47.000000 2.878383e-03
47.250000 2.858777e-03
47.500000 2.839105e-03
47.750000 2.819366e-03
48.000000 2.799560e-03
48.250000 2.779687e-03
48.500000 2.759745e-03
48.750000 2.739736e-03
49.000000 2.719659e-03
49.250000 2.699515e-03
49.500000 2.679305e-03
49.750000 2.659029e-03
50.000000 2.638687e-03
