-50.000000 1.653663e-04
-49.750000 9.934529e-05
-49.500000 7.978517e-05
-49.250000 1.338554e-04
-49.000000 2.087016e-04
-48.750000 2.835049e-04
-48.500000 3.520045e-04
-48.250000 4.107735e-04
-48.000000 4.574280e-04
-47.750000 4.903107e-04
-47.500000 5.084706e-04
-47.250000 5.117353e-04
-47.000000 5.008423e-04
-46.750000 4.776496e-04
-46.500000 4.454777e-04
-46.250000 4.096323e-04
-46.000000 3.779614e-04
-45.750000 3.605439e-04
-45.500000 3.666055e-04
-45.250000 3.991380e-04
-45.000000 4.532767e-04
-44.750000 5.204248e-04
-44.500000 5.923087e-04
-44.250000 6.622868e-04
-44.000000 7.252597e-04
-43.750000 7.773446e-04
-43.500000 8.156410e-04
-43.250000 8.381017e-04
-43.000000 8.434674e-04
-42.750000 8.312302e-04
-42.500000 8.016054e-04
-42.250000 7.554982e-04
-42.000000 6.944589e-04
-41.750000 6.206247e-04
-41.500000 5.366472e-04
-41.250000 4.456100e-04
-41.000000 3.509454e-04
-40.750000 2.563819e-04
-40.500000 1.660628e-04
-40.250000 8.585626e-05
-40.000000 3.971119e-05
-39.750000 7.208078e-05
-39.500000 1.129097e-04
-39.250000 1.390889e-04
-39.000000 1.472642e-04
-38.750000 1.372649e-04
-38.500000 1.126211e-04
-38.250000 8.882488e-05
-38.000000 1.071799e-04
-37.750000 1.788235e-04
-37.500000 2.795367e-04
-37.250000 3.970718e-04
-37.000000 5.251579e-04
-36.750000 6.588891e-04
-36.500000 7.936644e-04
-36.250000 9.249828e-04
-36.000000 1.048464e-03
-35.750000 1.159942e-03
-35.500000 1.255577e-03
-35.250000 1.331976e-03
-35.000000 1.386302e-03
-34.750000 1.416368e-03
-34.500000 1.420717e-03
-34.250000 1.398678e-03
-34.000000 1.350397e-03
-33.750000 1.276843e-03
-33.500000 1.179789e-03
-33.250000 1.061769e-03
-33.000000 9.260152e-04
-32.750000 7.763837e-04
-32.500000 6.172969e-04
-32.250000 4.537917e-04
-32.000000 2.921354e-04
-31.750000 1.450395e-04
-31.500000 9.304046e-05
-31.250000 1.965719e-04
-31.000000 3.125739e-04
-30.750000 4.132191e-04
-30.500000 4.929345e-04
-30.250000 5.494672e-04
-30.000000 5.822575e-04
-29.750000 5.923534e-04
-29.500000 5.827074e-04
-29.250000 5.587594e-04
-29.000000 5.292756e-04
-28.750000 5.069413e-04
-28.500000 5.068290e-04
-28.250000 5.405462e-04
-28.000000 6.096761e-04
-27.750000 7.064469e-04
-27.500000 8.197173e-04
-27.250000 9.390853e-04
-27.000000 1.055963e-03
-26.750000 1.163445e-03
-26.500000 1.256010e-03
-26.250000 1.329329e-03
-26.000000 1.380168e-03
-25.750000 1.406348e-03
-25.500000 1.406739e-03
-25.250000 1.381247e-03
-25.000000 1.330821e-03
-24.750000 1.257438e-03
-24.500000 1.164120e-03
-24.250000 1.054976e-03
-24.000000 9.353448e-04
-23.750000 8.121112e-04
-23.500000 6.942966e-04
-23.250000 5.938043e-04
-23.000000 5.250318e-04
-22.750000 4.999312e-04
-22.500000 5.186639e-04
-22.250000 5.679179e-04
-22.000000 6.306233e-04
-21.750000 6.934828e-04
-21.500000 7.479962e-04
-21.250000 7.891922e-04
-21.000000 8.144329e-04
-20.750000 8.226317e-04
-20.500000 8.137478e-04
-20.250000 7.884244e-04
-20.000000 7.477020e-04
-19.750000 6.927863e-04
-19.500000 6.248895e-04
-19.250000 5.452162e-04
-19.000000 4.552867e-04
-18.750000 3.582357e-04
-18.500000 2.636890e-04
-18.250000 2.051030e-04
-18.000000 2.444173e-04
-17.750000 3.730561e-04
-17.500000 5.472074e-04
-17.250000 7.489937e-04
-17.000000 9.715233e-04
-16.750000 1.210431e-03
-16.500000 1.461556e-03
-16.250000 1.720273e-03
-16.000000 1.981335e-03
-15.750000 2.238920e-03
-15.500000 2.486759e-03
-15.250000 2.718343e-03
-15.000000 2.927154e-03
-14.750000 3.106925e-03
-14.500000 3.251914e-03
-14.250000 3.357197e-03
-14.000000 3.418955e-03
-13.750000 3.434784e-03
-13.500000 3.404011e-03
-13.250000 3.328041e-03
-13.000000 3.210761e-03
-12.750000 3.059027e-03
-12.500000 2.883248e-03
-12.250000 2.698040e-03
-12.000000 2.522635e-03
-11.750000 2.380248e-03
-11.500000 2.294940e-03
-11.250000 2.285061e-03
-11.000000 2.355816e-03
-10.750000 2.496768e-03
-10.500000 2.686560e-03
-10.250000 2.900280e-03
-10.000000 3.114608e-03
-9.750000 3.309903e-03
-9.500000 3.470551e-03
-9.250000 3.584712e-03
-9.000000 3.644024e-03
-8.750000 3.643392e-03
-8.500000 3.580919e-03
-8.250000 3.457949e-03
-8.000000 3.279246e-03
-7.750000 3.053367e-03
-7.500000 2.793324e-03
-7.250000 2.517664e-03
-7.000000 2.251911e-03
-6.750000 2.029325e-03
-6.500000 1.887342e-03
-6.250000 1.854523e-03
-6.000000 1.932710e-03
-5.750000 2.094264e-03
-5.500000 2.298488e-03
-5.250000 2.507428e-03
-5.000000 2.691355e-03
-4.750000 2.828366e-03
-4.500000 2.902746e-03
-4.250000 2.903689e-03
-4.000000 2.824540e-03
-3.750000 2.662461e-03
-3.500000 2.418486e-03
-3.250000 2.098183e-03
-3.000000 1.713958e-03
-2.750000 1.293291e-03
-2.500000 9.123777e-04
-2.250000 7.919020e-04
-2.000000 1.108700e-03
-1.750000 1.659777e-03
-1.500000 2.291207e-03
-1.250000 2.946386e-03
-1.000000 3.597141e-03
-0.750000 4.224230e-03
-0.500000 4.812447e-03
-0.250000 5.349303e-03
0.000000 5.824747e-03
0.250000 6.231204e-03
0.500000 6.563725e-03
0.750000 6.820136e-03
1.000000 7.001158e-03
1.250000 7.110461e-03
1.500000 7.154636e-03
1.750000 7.143049e-03
2.000000 7.087538e-03
2.250000 7.001905e-03
2.500000 6.901137e-03
2.750000 6.800334e-03
3.000000 6.713353e-03
3.250000 6.651321e-03
3.500000 6.621280e-03
3.750000 6.625306e-03
4.000000 6.660390e-03
4.250000 6.719113e-03
4.500000 6.790929e-03
4.750000 6.863697e-03
5.000000 6.925129e-03
5.250000 6.963938e-03
5.500000 6.970633e-03
5.750000 6.937974e-03
6.000000 6.861171e-03
6.250000 6.737876e-03
6.500000 6.568055e-03
6.750000 6.353763e-03
7.000000 6.098870e-03
7.250000 5.808752e-03
7.500000 5.489978e-03
7.750000 5.150012e-03
8.000000 4.796953e-03
8.250000 4.439330e-03
8.500000 4.085983e-03
8.750000 3.746031e-03
9.000000 3.428915e-03
9.250000 3.144451e-03
9.500000 2.902700e-03
9.750000 2.713397e-03
10.000000 2.584644e-03
10.250000 2.520976e-03
10.500000 2.521585e-03
10.750000 2.579863e-03
11.000000 2.684688e-03
11.250000 2.822647e-03
11.500000 2.980017e-03
11.750000 3.143937e-03
12.000000 3.302866e-03
12.250000 3.446680e-03
12.500000 3.566634e-03
12.750000 3.655352e-03
13.000000 3.706868e-03
13.250000 3.716731e-03
13.500000 3.682145e-03
13.750000 3.602149e-03
14.000000 3.477835e-03
14.250000 3.312596e-03
14.500000 3.112465e-03
14.750000 2.886560e-03
15.000000 2.647685e-03
15.250000 2.413020e-03
15.500000 2.204430e-03
15.750000 2.047080e-03
16.000000 1.964174e-03
16.250000 1.967731e-03
16.500000 2.051614e-03
16.750000 2.194239e-03
17.000000 2.368115e-03
17.250000 2.547668e-03
17.500000 2.712337e-03
17.750000 2.846795e-03
18.000000 2.940270e-03
18.250000 2.985864e-03
18.500000 2.980091e-03
18.750000 2.922629e-03
19.000000 2.816256e-03
19.250000 2.666975e-03
19.500000 2.484352e-03
19.750000 2.282134e-03
20.000000 2.079084e-03
20.250000 1.899513e-03
20.500000 1.771693e-03
20.750000 1.721140e-03
21.000000 1.759082e-03
21.250000 1.875601e-03
21.500000 2.045648e-03
21.750000 2.240727e-03
22.000000 2.436151e-03
22.250000 2.612854e-03
22.500000 2.756847e-03
22.750000 2.858254e-03
23.000000 2.910527e-03
23.250000 2.909910e-03
23.500000 2.855065e-03
23.750000 2.746806e-03
24.000000 2.587862e-03
24.250000 2.382687e-03
24.500000 2.137275e-03
24.750000 1.859034e-03
25.000000 1.556774e-03
25.250000 1.241076e-03
25.500000 9.258812e-04
25.750000 6.348359e-04
26.000000 4.268065e-04
26.250000 4.202925e-04
26.500000 5.910067e-04
26.750000 8.056846e-04
27.000000 1.008881e-03
27.250000 1.181745e-03
27.500000 1.316067e-03
27.750000 1.407932e-03
28.000000 1.455966e-03
28.250000 1.460753e-03
28.500000 1.424617e-03
28.750000 1.351561e-03
29.000000 1.247362e-03
29.250000 1.119891e-03
29.500000 9.798826e-04
29.750000 8.424529e-04
30.000000 7.291826e-04
30.250000 6.672540e-04
30.500000 6.768236e-04
30.750000 7.527434e-04
31.000000 8.699582e-04
31.250000 1.003292e-03
31.500000 1.135189e-03
31.750000 1.254534e-03
32.000000 1.354400e-03
32.250000 1.430602e-03
32.500000 1.480916e-03
32.750000 1.504626e-03
33.000000 1.502257e-03
33.250000 1.475358e-03
33.500000 1.426331e-03
33.750000 1.358258e-03
34.000000 1.274733e-03
34.250000 1.179678e-03
34.500000 1.077165e-03
34.750000 9.712161e-04
35.000000 8.655968e-04
35.250000 7.635898e-04
35.500000 6.677620e-04
35.750000 5.797383e-04
36.000000 5.000332e-04
36.250000 4.280175e-04
36.500000 3.621018e-04
36.750000 3.001731e-04
37.000000 2.402665e-04
37.250000 1.815615e-04
37.500000 1.266562e-04
37.750000 8.973437e-05
38.000000 1.020628e-04
38.250000 1.559061e-04
38.500000 2.238920e-04
38.750000 2.952147e-04
39.000000 3.651782e-04
39.250000 4.306781e-04
39.500000 4.892154e-04
39.750000 5.386922e-04
40.000000 5.773965e-04
40.250000 6.040326e-04
40.500000 6.177569e-04
40.750000 6.182060e-04
41.000000 6.055128e-04
41.250000 5.803160e-04
41.500000 5.437670e-04
41.750000 4.975533e-04
42.000000 4.439674e-04
42.250000 3.860843e-04
42.500000 3.281645e-04
42.750000 2.764090e-04
43.000000 2.396967e-04
43.250000 2.277205e-04
43.500000 2.437125e-04
43.750000 2.807318e-04
44.000000 3.287179e-04
44.250000 3.802864e-04
44.500000 4.310784e-04
44.750000 4.786792e-04
45.000000 5.218094e-04
45.250000 5.598571e-04
45.500000 5.925957e-04
45.750000 6.199937e-04
46.000000 6.420768e-04
46.250000 6.588265e-04
46.500000 6.701180e-04
46.750000 6.756961e-04
47.000000 6.751933e-04
47.250000 6.681868e-04
47.500000 6.542911e-04
47.750000 6.332842e-04
48.000000 6.052691e-04
48.250000 5.708808e-04
48.500000 5.315668e-04
48.750000 4.899725e-04
49.000000 4.504323e-04
49.250000 4.193497e-04
49.500000 4.046812e-04
49.750000 4.133809e-04
50.000000 4.476648e-04
