-50.000000 3.381698e-03
-49.750000 3.404890e-03
-49.500000 3.428305e-03
-49.250000 3.451946e-03
-49.000000 3.475814e-03
-48.750000 3.499912e-03
-48.500000 3.524242e-03
-48.250000 3.548805e-03
-48.000000 3.573605e-03
-47.750000 3.598642e-03
-47.500000 3.623919e-03
-47.250000 3.649436e-03
-47.000000 3.675196e-03
-46.750000 3.701200e-03
-46.500000 3.727448e-03
-46.250000 3.753944e-03
-46.000000 3.780686e-03
-45.750000 3.807677e-03
-45.500000 3.834917e-03
-45.250000 3.862408e-03
-45.000000 3.890149e-03
-44.750000 3.918141e-03
-44.500000 3.946385e-03
-44.250000 3.974880e-03
-44.000000 4.003628e-03
-43.750000 4.032628e-03
-43.500000 4.061880e-03
-43.250000 4.091383e-03
-43.000000 4.121138e-03
-42.750000 4.151145e-03
-42.500000 4.181401e-03
-42.250000 4.211908e-03
-42.000000 4.242664e-03
-41.750000 4.273668e-03
-41.500000 4.304919e-03
-41.250000 4.336415e-03
-41.000000 4.368157e-03
-40.750000 4.400142e-03
-40.500000 4.432368e-03
-40.250000 4.464834e-03
-40.000000 4.497539e-03
-39.750000 4.530480e-03
-39.500000 4.563655e-03
-39.250000 4.597062e-03
-39.000000 4.630699e-03
-38.750000 4.664564e-03
-38.500000 4.698654e-03
-38.250000 4.732966e-03
-38.000000 4.767498e-03
-37.750000 4.802247e-03
-37.500000 4.837209e-03
-37.250000 4.872383e-03
-37.000000 4.907764e-03
-36.750000 4.943349e-03
-36.500000 4.979135e-03
-36.250000 5.015119e-03
-36.000000 5.051297e-03
-35.750000 5.087664e-03
-35.500000 5.124218e-03
-35.250000 5.160954e-03
-35.000000 5.197869e-03
-34.750000 5.234957e-03
-34.500000 5.272216e-03
-34.250000 5.309640e-03
-34.000000 5.347225e-03
-33.750000 5.384968e-03
-33.500000 5.422862e-03
-33.250000 5.460903e-03
-33.000000 5.499087e-03
-32.750000 5.537409e-03
-32.500000 5.575864e-03
-32.250000 5.614446e-03
-32.000000 5.653152e-03
-31.750000 5.691974e-03
-31.500000 5.730909e-03
-31.250000 5.769950e-03
-31.000000 5.809093e-03
-30.750000 5.848332e-03
-30.500000 5.887660e-03
-30.250000 5.927074e-03
-30.000000 5.966567e-03
-29.750000 6.006132e-03
-29.500000 6.045765e-03
-29.250000 6.085460e-03
-29.000000 6.125209e-03
-28.750000 6.165009e-03
-28.500000 6.204851e-03
-28.250000 6.244731e-03
-28.000000 6.284642e-03
-27.750000 6.324577e-03
-27.500000 6.364531e-03
-27.250000 6.404498e-03
-27.000000 6.444470e-03
-26.750000 6.484441e-03
-26.500000 6.524405e-03
-26.250000 6.564356e-03
-26.000000 6.604286e-03
-25.750000 6.644190e-03
-25.500000 6.684060e-03
-25.250000 6.723890e-03
-25.000000 6.763674e-03
-24.750000 6.803404e-03
-24.500000 6.843074e-03
-24.250000 6.882677e-03
-24.000000 6.922206e-03
-23.750000 6.961655e-03
-23.500000 7.001017e-03
-23.250000 7.040284e-03
-23.000000 7.079450e-03
-22.750000 7.118509e-03
-22.500000 7.157453e-03
-22.250000 7.196275e-03
-22.000000 7.234968e-03
-21.750000 7.273526e-03
-21.500000 7.311941e-03
-21.250000 7.350208e-03
-21.000000 7.388317e-03
-20.750000 7.426264e-03
-20.500000 7.464041e-03
-20.250000 7.501641e-03
-20.000000 7.539056e-03
-19.750000 7.576281e-03
-19.500000 7.613309e-03
-19.250000 7.650131e-03
-19.000000 7.686743e-03
-18.750000 7.723136e-03
-18.500000 7.759304e-03
-18.250000 7.795240e-03
-18.000000 7.830937e-03
-17.750000 7.866389e-03
-17.500000 7.901589e-03
-17.250000 7.936529e-03
-17.000000 7.971205e-03
-16.750000 8.005607e-03
-16.500000 8.039731e-03
-16.250000 8.073570e-03
-16.000000 8.107116e-03
-15.750000 8.140364e-03
-15.500000 8.173307e-03
-15.250000 8.205938e-03
-15.000000 8.238251e-03
-14.750000 8.270240e-03
-14.500000 8.301898e-03
-14.250000 8.333219e-03
-14.000000 8.364198e-03
-13.750000 8.394826e-03
-13.500000 8.425100e-03
-13.250000 8.455012e-03
-13.000000 8.484556e-03
-12.750000 8.513727e-03
-12.500000 8.542519e-03
-12.250000 8.570925e-03
-12.000000 8.598940e-03
-11.750000 8.626559e-03
-11.500000 8.653775e-03
-11.250000 8.680583e-03
-11.000000 8.706978e-03
-10.750000 8.732953e-03
-10.500000 8.758505e-03
-10.250000 8.783626e-03
-10.000000 8.808313e-03
-9.750000 8.832559e-03
-9.500000 8.856361e-03
-9.250000 8.879712e-03
-9.000000 8.902607e-03
-8.750000 8.925043e-03
-8.500000 8.947014e-03
-8.250000 8.968516e-03
-8.000000 8.989543e-03
-7.750000 9.010092e-03
-7.500000 9.030157e-03
-7.250000 9.049735e-03
-7.000000 9.068821e-03
-6.750000 9.087411e-03
-6.500000 9.105502e-03
-6.250000 9.123088e-03
-6.000000 9.140166e-03
-5.750000 9.156733e-03
-5.500000 9.172784e-03
-5.250000 9.188316e-03
-5.000000 9.203325e-03
-4.750000 9.217808e-03
-4.500000 9.231762e-03
-4.250000 9.245183e-03
-4.000000 9.258068e-03
-3.750000 9.270415e-03
-3.500000 9.282220e-03
-3.250000 9.293481e-03
-3.000000 9.304194e-03
-2.750000 9.314357e-03
-2.500000 9.323968e-03
-2.250000 9.333025e-03
-2.000000 9.341524e-03
-1.750000 9.349464e-03
-1.500000 9.356843e-03
-1.250000 9.363658e-03
-1.000000 9.369909e-03
-0.750000 9.375593e-03
-0.500000 9.380708e-03
-0.250000 9.385253e-03
0.000000 9.389227e-03
0.250000 9.392629e-03
0.500000 9.395456e-03
0.750000 9.397709e-03
1.000000 9.399386e-03
1.250000 9.400486e-03
1.500000 9.401009e-03
1.750000 9.400954e-03
2.000000 9.400320e-03
2.250000 9.399108e-03
2.500000 9.397317e-03
2.750000 9.394946e-03
3.000000 9.391997e-03
3.250000 9.388468e-03
3.500000 9.384361e-03
3.750000 9.379675e-03
4.000000 9.374411e-03
4.250000 9.368569e-03
4.500000 9.362151e-03
4.750000 9.355157e-03
5.000000 9.347588e-03
5.250000 9.339445e-03
5.500000 9.330730e-03
5.750000 9.321443e-03
6.000000 9.311585e-03
6.250000 9.301160e-03
6.500000 9.290167e-03
6.750000 9.278609e-03
7.000000 9.266488e-03
7.250000 9.253806e-03
7.500000 9.240565e-03
7.750000 9.226767e-03
8.000000 9.212414e-03
8.250000 9.197509e-03
8.500000 9.182055e-03
8.750000 9.166054e-03
9.000000 9.149509e-03
9.250000 9.132422e-03
9.500000 9.114798e-03
9.750000 9.096639e-03
10.000000 9.077948e-03
10.250000 9.058728e-03
10.500000 9.038984e-03
10.750000 9.018719e-03
11.000000 8.997936e-03
11.250000 8.976640e-03
11.500000 8.954833e-03
11.750000 8.932521e-03
12.000000 8.909707e-03
12.250000 8.886396e-03
12.500000 8.862591e-03
12.750000 8.838298e-03
13.000000 8.813521e-03
13.250000 8.788264e-03
13.500000 8.762533e-03
13.750000 8.736332e-03
14.000000 8.709665e-03
14.250000 8.682539e-03
14.500000 8.654958e-03
14.750000 8.626928e-03
15.000000 8.598453e-03
15.250000 8.569539e-03
15.500000 8.540193e-03
15.750000 8.510418e-03
16.000000 8.480222e-03
16.250000 8.449609e-03
16.500000 8.418586e-03
16.750000 8.387158e-03
17.000000 8.355332e-03
17.250000 8.323114e-03
17.500000 8.290509e-03
17.750000 8.257525e-03
18.000000 8.224167e-03
18.250000 8.190442e-03
18.500000 8.156357e-03
18.750000 8.121917e-03
19.000000 8.087130e-03
19.250000 8.052003e-03
19.500000 8.016541e-03
19.750000 7.980753e-03
20.000000 7.944644e-03
20.250000 7.908223e-03
20.500000 7.871495e-03
20.750000 7.834468e-03
21.000000 7.797149e-03
21.250000 7.759546e-03
21.500000 7.721665e-03
21.750000 7.683514e-03
22.000000 7.645100e-03
22.250000 7.606431e-03
22.500000 7.567513e-03
22.750000 7.528356e-03
23.000000 7.488965e-03
23.250000 7.449350e-03
23.500000 7.409516e-03
23.750000 7.369472e-03
24.000000 7.329227e-03
24.250000 7.288786e-03
24.500000 7.248158e-03
24.750000 7.207352e-03
25.000000 7.166373e-03
25.250000 7.125232e-03
25.500000 7.083934e-03
25.750000 7.042489e-03
26.000000 7.000903e-03
26.250000 6.959186e-03
26.500000 6.917344e-03
26.750000 6.875386e-03
27.000000 6.833319e-03
27.250000 6.791152e-03
27.500000 6.748892e-03
27.750000 6.706547e-03
28.000000 6.664125e-03
28.250000 6.621634e-03
28.500000 6.579082e-03
28.750000 6.536477e-03
29.000000 6.493826e-03
29.250000 6.451138e-03
29.500000 6.408419e-03
29.750000 6.365679e-03
30.000000 6.322924e-03
30.250000 6.280163e-03
30.500000 6.237403e-03
30.750000 6.194651e-03
31.000000 6.151916e-03
31.250000 6.109205e-03
31.500000 6.066525e-03
31.750000 6.023885e-03
32.000000 5.981290e-03
32.250000 5.938749e-03
32.500000 5.896270e-03
32.750000 5.853858e-03
33.000000 5.811522e-03
33.250000 5.769269e-03
33.500000 5.727105e-03
33.750000 5.685038e-03
34.000000 5.643074e-03
34.250000 5.601221e-03
34.500000 5.559485e-03
34.750000 5.517873e-03
35.000000 5.476391e-03
35.250000 5.435045e-03
35.500000 5.393843e-03
35.750000 5.352791e-03
36.000000 5.311894e-03
36.250000 5.271159e-03
36.500000 5.230591e-03
36.750000 5.190198e-03
37.000000 5.149983e-03
37.250000 5.109953e-03
37.500000 5.070114e-03
37.750000 5.030471e-03
38.000000 4.991028e-03
38.250000 4.951792e-03
38.500000 4.912767e-03
38.750000 4.873958e-03
39.000000 4.835369e-03
39.250000 4.797006e-03
39.500000 4.758872e-03
39.750000 4.720972e-03
40.000000 4.683310e-03
40.250000 4.645891e-03
40.500000 4.608716e-03
40.750000 4.571792e-03
41.000000 4.535120e-03
41.250000 4.498704e-03
41.500000 4.462547e-03
41.750000 4.426653e-03
42.000000 4.391024e-03
42.250000 4.355662e-03
42.500000 4.320571e-03
42.750000 4.285752e-03
43.000000 4.251207e-03
43.250000 4.216938e-03
43.500000 4.182948e-03
43.750000 4.149237e-03
44.000000 4.115807e-03
44.250000 4.082660e-03
44.500000 4.049795e-03
44.750000 4.017214e-03
45.000000 3.984917e-03
45.250000 3.952906e-03
45.500000 3.921179e-03
45.750000 3.889738e-03
46.000000 3.858581e-03
46.250000 3.827709e-03
46.500000 3.797121e-03
46.750000 3.766816e-03
47.000000 3.736794e-03
47.250000 3.707053e-03
47.500000 3.677592e-03
47.750000 3.648410e-03
48.000000 3.619505e-03
48.250000 3.590875e-03
48.500000 3.562518e-03
48.750000 3.534433e-03
49.000000 3.506616e-03
49.250000 3.479065e-03
49.500000 3.451779e-03
49.750000 3.424753e-03
50.000000 3.397985e-03
