-50.000000 4.935858e-04
-49.750000 4.359695e-04
-49.500000 4.262887e-04
-49.250000 4.693609e-04
-49.000000 5.450088e-04
-48.750000 6.280391e-04
-48.500000 6.999831e-04
-48.250000 7.490268e-04
-48.000000 7.681455e-04
-47.750000 7.541618e-04
-47.500000 7.076789e-04
-47.250000 6.339005e-04
-47.000000 5.450425e-04
-46.750000 4.656745e-04
-46.500000 4.366542e-04
-46.250000 4.909738e-04
-46.000000 6.151882e-04
-45.750000 7.733628e-04
-45.500000 9.378566e-04
-45.250000 1.090633e-03
-45.000000 1.219195e-03
-44.750000 1.314513e-03
-44.500000 1.370275e-03
-44.250000 1.382667e-03
-44.000000 1.350325e-03
-43.750000 1.274313e-03
-43.500000 1.158078e-03
-43.250000 1.007399e-03
-43.000000 8.304712e-04
-42.750000 6.385607e-04
-42.500000 4.491290e-04
-42.250000 2.994214e-04
-42.000000 2.700808e-04
-41.750000 3.704874e-04
-41.500000 5.065144e-04
-41.250000 6.317926e-04
-41.000000 7.312615e-04
-40.750000 8.004320e-04
-40.500000 8.406054e-04
-40.250000 8.579256e-04
-40.000000 8.630634e-04
-39.750000 8.701379e-04
-39.500000 8.936338e-04
-39.250000 9.433009e-04
-39.000000 1.019950e-03
-38.750000 1.115595e-03
-38.500000 1.217204e-03
-38.250000 1.310638e-03
-38.000000 1.383025e-03
-37.750000 1.423846e-03
-37.500000 1.425394e-03
-37.250000 1.383003e-03
-37.000000 1.295220e-03
-36.750000 1.164040e-03
-36.500000 9.954390e-04
-36.250000 8.009661e-04
-36.000000 6.030998e-04
-35.750000 4.523146e-04
-35.500000 4.389910e-04
-35.250000 5.764792e-04
-35.000000 7.757434e-04
-34.750000 9.781213e-04
-34.500000 1.156533e-03
-34.250000 1.296092e-03
-34.000000 1.387679e-03
-33.750000 1.426158e-03
-33.500000 1.409903e-03
-33.250000 1.340736e-03
-33.000000 1.224057e-03
-32.750000 1.069308e-03
-32.500000 8.912799e-04
-32.250000 7.136950e-04
-32.000000 5.766401e-04
-31.750000 5.349289e-04
-31.500000 6.059936e-04
-31.250000 7.408274e-04
-31.000000 8.866744e-04
-30.750000 1.012997e-03
-30.500000 1.103619e-03
-30.250000 1.150342e-03
-30.000000 1.150385e-03
-29.750000 1.105498e-03
-29.500000 1.021794e-03
-29.250000 9.100773e-04
-29.000000 7.867708e-04
-28.750000 6.751831e-04
-28.500000 6.038459e-04
-28.250000 5.930842e-04
-28.000000 6.350562e-04
-27.750000 6.990978e-04
-27.500000 7.542297e-04
-27.250000 7.785626e-04
-27.000000 7.585250e-04
-26.750000 6.868288e-04
-26.500000 5.613506e-04
-26.250000 3.853085e-04
-26.000000 1.757851e-04
-25.750000 1.623365e-04
-25.500000 4.358179e-04
-25.250000 7.448776e-04
-25.000000 1.059490e-03
-24.750000 1.363247e-03
-24.500000 1.641564e-03
-24.250000 1.881368e-03
-24.000000 2.071653e-03
-23.750000 2.204162e-03
-23.500000 2.274032e-03
-23.250000 2.280394e-03
-23.000000 2.226933e-03
-22.750000 2.122440e-03
-22.500000 1.981382e-03
-22.250000 1.824352e-03
-22.000000 1.677671e-03
-21.750000 1.570112e-03
-21.500000 1.524251e-03
-21.250000 1.544871e-03
-21.000000 1.615113e-03
-20.750000 1.705392e-03
-20.500000 1.785435e-03
-20.250000 1.830941e-03
-20.000000 1.825343e-03
-19.750000 1.759732e-03
-19.500000 1.632683e-03
-19.250000 1.450819e-03
-19.000000 1.231186e-03
-18.750000 1.008004e-03
-18.500000 8.459785e-04
-18.250000 8.330438e-04
-18.000000 9.906949e-04
-17.750000 1.245401e-03
-17.500000 1.523114e-03
-17.250000 1.778559e-03
-17.000000 1.984182e-03
-16.750000 2.122453e-03
-16.500000 2.183092e-03
-16.250000 2.162491e-03
-16.000000 2.064215e-03
-15.750000 1.900546e-03
-15.500000 1.695758e-03
-15.250000 1.492153e-03
-15.000000 1.355716e-03
-14.750000 1.360048e-03
-14.500000 1.530426e-03
-14.250000 1.822268e-03
-14.000000 2.170959e-03
-13.750000 2.526254e-03
-13.500000 2.854529e-03
-13.250000 3.134169e-03
-13.000000 3.352555e-03
-12.750000 3.504708e-03
-12.500000 3.592678e-03
-12.250000 3.625092e-03
-12.000000 3.616394e-03
-11.750000 3.585405e-03
-11.500000 3.552784e-03
-11.250000 3.537338e-03
-11.000000 3.551799e-03
-10.750000 3.599609e-03
-10.500000 3.674333e-03
-10.250000 3.762049e-03
-10.000000 3.845465e-03
-9.750000 3.908055e-03
-9.500000 3.937191e-03
-9.250000 3.926055e-03
-9.000000 3.874558e-03
-8.750000 3.789456e-03
-8.500000 3.683719e-03
-8.250000 3.575012e-03
-8.000000 3.483079e-03
-7.750000 3.426150e-03
-7.500000 3.417292e-03
-7.250000 3.462458e-03
-7.000000 3.561786e-03
-6.750000 3.713919e-03
-6.500000 3.921251e-03
-6.250000 4.193554e-03
-6.000000 4.548239e-03
-5.750000 5.006861e-03
-5.500000 5.589186e-03
-5.250000 6.307439e-03
-5.000000 7.163105e-03
-4.750000 8.146867e-03
-4.500000 9.240634e-03
-4.250000 1.042033e-02
-4.000000 1.165857e-02
-3.750000 1.292699e-02
-3.500000 1.419817e-02
-3.250000 1.544727e-02
-3.000000 1.665328e-02
-2.750000 1.779994e-02
-2.500000 1.887630e-02
-2.250000 1.987663e-02
-2.000000 2.079999e-02
-1.750000 2.164909e-02
-1.500000 2.242879e-02
-1.250000 2.314423e-02
-1.000000 2.379892e-02
-0.750000 2.439296e-02
-0.500000 2.492185e-02
-0.250000 2.537591e-02
0.000000 2.574050e-02
0.250000 2.599704e-02
0.500000 2.612462e-02
0.750000 2.610187e-02
1.000000 2.590912e-02
1.250000 2.553027e-02
1.500000 2.495455e-02
1.750000 2.417773e-02
2.000000 2.320300e-02
2.250000 2.204126e-02
2.500000 2.071103e-02
2.750000 1.923785e-02
3.000000 1.765330e-02
3.250000 1.599376e-02
3.500000 1.429879e-02
3.750000 1.260937e-02
4.000000 1.096600e-02
4.250000 9.406523e-03
4.500000 7.963962e-03
4.750000 6.663992e-03
5.000000 5.522325e-03
5.250000 4.542166e-03
5.500000 3.712644e-03
5.750000 3.009763e-03
6.000000 2.401401e-03
6.250000 1.856715e-03
6.500000 1.360209e-03
6.750000 9.399533e-04
7.000000 7.389512e-04
7.250000 9.251716e-04
7.500000 1.338903e-03
7.750000 1.805948e-03
8.000000 2.255059e-03
8.250000 2.650127e-03
8.500000 2.967861e-03
8.750000 3.193051e-03
9.000000 3.317970e-03
9.250000 3.342828e-03
9.500000 3.276546e-03
9.750000 3.137686e-03
10.000000 2.955388e-03
10.250000 2.769475e-03
10.500000 2.627166e-03
10.750000 2.572146e-03
11.000000 2.626424e-03
11.250000 2.778446e-03
11.500000 2.990552e-03
11.750000 3.217056e-03
12.000000 3.417326e-03
12.250000 3.560654e-03
12.500000 3.626833e-03
12.750000 3.605577e-03
13.000000 3.495953e-03
13.250000 3.306199e-03
13.500000 3.054055e-03
13.750000 2.767743e-03
14.000000 2.487241e-03
14.250000 2.263391e-03
14.500000 2.147889e-03
14.750000 2.168983e-03
15.000000 2.311168e-03
15.250000 2.526167e-03
15.500000 2.760576e-03
15.750000 2.971717e-03
16.000000 3.130250e-03
16.250000 3.218189e-03
16.500000 3.226633e-03
16.750000 3.154035e-03
17.000000 3.004908e-03
17.250000 2.788752e-03
17.500000 2.519053e-03
17.750000 2.212303e-03
18.000000 1.887030e-03
18.250000 1.562808e-03
18.500000 1.259167e-03
18.750000 9.940389e-04
19.000000 7.807645e-04
19.250000 6.225568e-04
19.500000 5.067157e-04
19.750000 4.070853e-04
20.000000 2.971726e-04
20.250000 1.663248e-04
20.500000 1.112254e-04
20.750000 2.937406e-04
21.000000 5.426780e-04
21.250000 8.178542e-04
21.500000 1.102909e-03
21.750000 1.383055e-03
22.000000 1.644142e-03
22.250000 1.873180e-03
22.500000 2.058997e-03
22.750000 2.192807e-03
23.000000 2.268638e-03
23.250000 2.283605e-03
23.500000 2.238001e-03
23.750000 2.135220e-03
24.000000 1.981520e-03
24.250000 1.785630e-03
24.500000 1.558249e-03
24.750000 1.311456e-03
25.000000 1.058068e-03
25.250000 8.110397e-04
25.500000 5.829979e-04
25.750000 3.862801e-04
26.000000 2.346138e-04
26.250000 1.479187e-04
26.500000 1.355670e-04
26.750000 1.549606e-04
27.000000 1.794260e-04
27.250000 2.223822e-04
27.500000 3.020019e-04
27.750000 4.187225e-04
28.000000 5.615189e-04
28.250000 7.173792e-04
28.500000 8.740580e-04
28.750000 1.020662e-03
29.000000 1.148094e-03
29.250000 1.249610e-03
29.500000 1.321462e-03
29.750000 1.363581e-03
30.000000 1.380235e-03
30.250000 1.380491e-03
30.500000 1.378026e-03
30.750000 1.389422e-03
31.000000 1.430189e-03
31.250000 1.509392e-03
31.500000 1.626136e-03
31.750000 1.770422e-03
32.000000 1.927075e-03
32.250000 2.079691e-03
32.500000 2.213136e-03
32.750000 2.314775e-03
33.000000 2.375018e-03
33.250000 2.387556e-03
33.500000 2.349479e-03
33.750000 2.261324e-03
34.000000 2.127103e-03
34.250000 1.954355e-03
34.500000 1.754307e-03
34.750000 1.542243e-03
35.000000 1.338090e-03
35.250000 1.166420e-03
35.500000 1.052925e-03
35.750000 1.013229e-03
36.000000 1.040045e-03
36.250000 1.106307e-03
36.500000 1.181579e-03
36.750000 1.242693e-03
37.000000 1.275352e-03
37.250000 1.272523e-03
37.500000 1.232821e-03
37.750000 1.159469e-03
38.000000 1.059778e-03
38.250000 9.450283e-04
38.500000 8.305719e-04
38.750000 7.352675e-04
39.000000 6.776300e-04
39.250000 6.663993e-04
39.500000 6.928204e-04
39.750000 7.361196e-04
40.000000 7.751964e-04
40.250000 7.944614e-04
40.500000 7.842350e-04
40.750000 7.396403e-04
41.000000 6.595782e-04
41.250000 5.459842e-04
41.500000 4.032804e-04
41.750000 2.380550e-04
42.000000 6.231919e-05
42.250000 1.362071e-04
42.500000 3.199740e-04
42.750000 4.938204e-04
43.000000 6.482276e-04
43.250000 7.755906e-04
43.500000 8.697650e-04
43.750000 9.262703e-04
44.000000 9.424751e-04
44.250000 9.176992e-04
44.500000 8.532224e-04
44.750000 7.521968e-04
45.000000 6.194732e-04
45.250000 4.613653e-04
45.500000 2.854540e-04
45.750000 1.018585e-04
46.000000 9.638954e-05
46.250000 2.751824e-04
46.500000 4.426169e-04
46.750000 5.897667e-04
47.000000 7.110432e-04
47.250000 8.026851e-04
47.500000 8.628764e-04
47.750000 8.919272e-04
48.000000 8.924330e-04
48.250000 8.693995e-04
48.500000 8.302947e-04
48.750000 7.848691e-04
49.000000 7.443187e-04
49.250000 7.191366e-04
49.500000 7.156212e-04
49.750000 7.329957e-04
50.000000 7.638373e-04
