-50.00     0.292927
-49.75     0.290770
-49.50     0.288666
-49.25     0.286486
-49.00     0.284494
-48.75     0.283125
-48.50     0.282735
-48.25     0.282968
-48.00     0.283335
-47.75     0.283733
-47.50     0.284120
-47.25     0.284525
-47.00     0.285022
-46.75     0.285673
-46.50     0.286517
-46.25     0.287569
-46.00     0.288834
-45.75     0.290322
-45.50     0.292051
-45.25     0.294060
-45.00     0.296411
-44.75     0.299176
-44.50     0.302416
-44.25     0.306110
-44.00     0.310212
-43.75     0.314655
-43.50     0.319404
-43.25     0.324394
-43.00     0.329548
-42.75     0.334860
-42.50     0.340596
-42.25     0.346745
-42.00     0.352971
-41.75     0.359136
-41.50     0.365106
-41.25     0.370880
-41.00     0.376306
-40.75     0.381414
-40.50     0.386151
-40.25     0.390132
-40.00     0.393438
-39.75     0.396170
-39.50     0.398309
-39.25     0.399895
-39.00     0.401969
-38.75     0.404369
-38.50     0.406601
-38.25     0.408148
-38.00     0.409091
-37.75     0.410033
-37.50     0.410742
-37.25     0.411741
-37.00     0.413086
-36.75     0.415086
-36.50     0.417864
-36.25     0.421667
-36.00     0.425782
-35.75     0.429855
-35.50     0.433615
-35.25     0.436946
-35.00     0.439323
-34.75     0.440390
-34.50     0.440354
-34.25     0.439806
-34.00     0.438836
-33.75     0.437452
-33.50     0.435670
-33.25     0.433478
-33.00     0.430581
-32.75     0.426823
-32.50     0.422450
-32.25     0.418362
-32.00     0.414734
-31.75     0.412511
-31.50     0.410758
-31.25     0.408796
-31.00     0.407304
-30.75     0.406238
-30.50     0.405232
-30.25     0.404402
-30.00     0.404135
-29.75     0.404608
-29.50     0.405855
-29.25     0.408327
-29.00     0.411602
-28.75     0.415434
-28.50     0.419812
-28.25     0.424881
-28.00     0.430747
-27.75     0.437697
-27.50     0.446245
-27.25     0.456052
-27.00     0.466666
-26.75     0.477648
-26.50     0.488844
-26.25     0.500296
-26.00     0.511673
-25.75     0.522191
-25.50     0.531306
-25.25     0.538911
-25.00     0.545817
-24.75     0.551252
-24.50     0.555307
-24.25     0.558490
-24.00     0.561529
-23.75     0.564101
-23.50     0.564915
-23.25     0.563713
-23.00     0.560363
-22.75     0.555945
-22.50     0.550239
-22.25     0.543699
-22.00     0.536894
-21.75     0.530229
-21.50     0.524292
-21.25     0.519586
-21.00     0.516228
-20.75     0.514026
-20.50     0.512525
-20.25     0.511359
-20.00     0.510323
-19.75     0.509303
-19.50     0.508339
-19.25     0.507614
-19.00     0.507395
-18.75     0.507943
-18.50     0.509426
-18.25     0.512026
-18.00     0.515842
-17.75     0.520846
-17.50     0.527601
-17.25     0.535845
-17.00     0.545116
-16.75     0.555134
-16.50     0.565686
-16.25     0.576687
-16.00     0.587896
-15.75     0.599060
-15.50     0.610023
-15.25     0.621172
-15.00     0.632705
-14.75     0.644212
-14.50     0.656029
-14.25     0.670011
-14.00     0.685706
-13.75     0.703339
-13.50     0.722752
-13.25     0.743428
-13.00     0.764352
-12.75     0.785051
-12.50     0.805102
-12.25     0.823630
-12.00     0.840018
-11.75     0.853910
-11.50     0.864871
-11.25     0.872923
-11.00     0.878304
-10.75     0.881536
-10.50     0.883090
-10.25     0.882285
-10.00     0.878615
 -9.75     0.872252
 -9.50     0.863695
 -9.25     0.853915
 -9.00     0.844527
 -8.75     0.838171
 -8.50     0.838809
 -8.25     0.847925
 -8.00     0.859737
 -7.75     0.873171
 -7.50     0.887451
 -7.25     0.902095
 -7.00     0.916996
 -6.75     0.932338
 -6.50     0.948578
 -6.25     0.966504
 -6.00     0.987279
 -5.75     1.010819
 -5.50     1.038336
 -5.25     1.071676
 -5.00     1.112239
 -4.75     1.159226
 -4.50     1.210646
 -4.25     1.264843
 -4.00     1.320654
 -3.75     1.377378
 -3.50     1.435026
 -3.25     1.495467
 -3.00     1.558138
 -2.75     1.620398
 -2.50     1.680538
 -2.25     1.737079
 -2.00     1.788837
 -1.75     1.835096
 -1.50     1.875710
 -1.25     1.910958
 -1.00     1.940940
 -0.75     1.963766
 -0.50     1.978156
 -0.25     1.983171
  0.00     1.978364
  0.25     1.963808
  0.50     1.940049
  0.75     1.908008
  1.00     1.868841
  1.25     1.823793
  1.50     1.774134
  1.75     1.721172
  2.00     1.666206
  2.25     1.610498
  2.50     1.555429
  2.75     1.502699
  3.00     1.454423
  3.25     1.413157
  3.50     1.381680
  3.75     1.362293
  4.00     1.356188
  4.25     1.364657
  4.50     1.383662
  4.75     1.405862
  5.00     1.427509
  5.25     1.445937
  5.50     1.459070
  5.75     1.465400
  6.00     1.463841
  6.25     1.453817
  6.50     1.435368
  6.75     1.409055
  7.00     1.375839
  7.25     1.336917
  7.50     1.293475
  7.75     1.246479
  8.00     1.196734
  8.25     1.145106
  8.50     1.092605
  8.75     1.040357
  9.00     0.989529
  9.25     0.941273
  9.50     0.896641
  9.75     0.856432
 10.00     0.820969
 10.25     0.789941
 10.50     0.762527
 10.75     0.737749
 11.00     0.714755
 11.25     0.692931
 11.50     0.671904
 11.75     0.651479
 12.00     0.631604
 12.25     0.612401
 12.50     0.594562
 12.75     0.580054
 13.00     0.568953
 13.25     0.559284
 13.50     0.550602
 13.75     0.542741
 14.00     0.536065
 14.25     0.529221
 14.50     0.522210
 14.75     0.514955
 15.00     0.507410
 15.25     0.499402
 15.50     0.490699
 15.75     0.482149
 16.00     0.473511
 16.25     0.465557
 16.50     0.458963
 16.75     0.452314
 17.00     0.445727
 17.25     0.439247
 17.50     0.432926
 17.75     0.426903
 18.00     0.421311
 18.25     0.416264
 18.50     0.411624
 18.75     0.407401
 19.00     0.403722
 19.25     0.400653
 19.50     0.398169
 19.75     0.396411
 20.00     0.395290
 20.25     0.394800
 20.50     0.394748
 20.75     0.394963
 21.00     0.395293
 21.25     0.395619
 21.50     0.395880
 21.75     0.395934
 22.00     0.395532
 22.25     0.394796
 22.50     0.393735
 22.75     0.392078
 23.00     0.389816
 23.25     0.387548
 23.50     0.385175
 23.75     0.382291
 24.00     0.378770
 24.25     0.374824
 24.50     0.370643
 24.75     0.365890
 25.00     0.360551
 25.25     0.354880
 25.50     0.349486
 25.75     0.344940
 26.00     0.340937
 26.25     0.337029
 26.50     0.333197
 26.75     0.329456
 27.00     0.325885
 27.25     0.322552
 27.50     0.320185
 27.75     0.318642
 28.00     0.317343
 28.25     0.316169
 28.50     0.314939
 28.75     0.313733
 29.00     0.312448
 29.25     0.311236
 29.50     0.310898
 29.75     0.310982
 30.00     0.311334
 30.25     0.312026
 30.50     0.312528
 30.75     0.312567
 31.00     0.312121
 31.25     0.311265
 31.50     0.310022
 31.75     0.308441
 32.00     0.306639
 32.25     0.304888
 32.50     0.303775
 32.75     0.303807
 33.00     0.304621
 33.25     0.305483
 33.50     0.306131
 33.75     0.306304
 34.00     0.305973
 34.25     0.305067
 34.50     0.303616
 34.75     0.302030
 35.00     0.300325
 35.25     0.298805
 35.50     0.298005
 35.75     0.298381
 36.00     0.298983
 36.25     0.299836
 36.50     0.301150
 36.75     0.302950
 37.00     0.304503
 37.25     0.305618
 37.50     0.306308
 37.75     0.306572
 38.00     0.306442
 38.25     0.305617
 38.50     0.304155
 38.75     0.302394
 39.00     0.300667
 39.25     0.298778
 39.50     0.296786
 39.75     0.294994
 40.00     0.293347
 40.25     0.291903
 40.50     0.290868
 40.75     0.290408
 41.00     0.289816
 41.25     0.289198
 41.50     0.288511
 41.75     0.287602
 42.00     0.286543
 42.25     0.285237
 42.50     0.283642
 42.75     0.282069
 43.00     0.280682
 43.25     0.279834
 43.50     0.279937
 43.75     0.280447
 44.00     0.280969
 44.25     0.281318
 44.50     0.281335
 44.75     0.281055
 45.00     0.280591
 45.25     0.280029
 45.50     0.279362
 45.75     0.278681
 46.00     0.277942
 46.25     0.277355
 46.50     0.277454
 46.75     0.277913
 47.00     0.278168
 47.25     0.278174
 47.50     0.278136
 47.75     0.278121
 48.00     0.277973
 48.25     0.277578
 48.50     0.277236
 48.75     0.277238
 49.00     0.277834
 49.25     0.279092
 49.50     0.280307
 49.75     0.281140
 50.00     0.281423
