-50.000000 3.073931e-02
-49.750000 2.899051e-02
-49.500000 2.717754e-02
-49.250000 2.535880e-02
-49.000000 2.360528e-02
-48.750000 2.200254e-02
-48.500000 2.065032e-02
-48.250000 1.965627e-02
-48.000000 1.912033e-02
-47.750000 1.911084e-02
-47.500000 1.964324e-02
-47.250000 2.067599e-02
-47.000000 2.212680e-02
-46.750000 2.389681e-02
-46.500000 2.588953e-02
-46.250000 2.802012e-02
-46.000000 3.021759e-02
-45.750000 3.242359e-02
-45.500000 3.459028e-02
-45.250000 3.667811e-02
-45.000000 3.865423e-02
-44.750000 4.049115e-02
-44.500000 4.216591e-02
-44.250000 4.365941e-02
-44.000000 4.495601e-02
-43.750000 4.604313e-02
-43.500000 4.691114e-02
-43.250000 4.755310e-02
-43.000000 4.796475e-02
-42.750000 4.814448e-02
-42.500000 4.809340e-02
-42.250000 4.781559e-02
-42.000000 4.731837e-02
-41.750000 4.661277e-02
-41.500000 4.571418e-02
-41.250000 4.464314e-02
-41.000000 4.342628e-02
-40.750000 4.209744e-02
-40.500000 4.069877e-02
-40.250000 3.928176e-02
-40.000000 3.790771e-02
-39.750000 3.664719e-02
-39.500000 3.557772e-02
-39.250000 3.477876e-02
-39.000000 3.432382e-02
-38.750000 3.427048e-02
-38.500000 3.465088e-02
-38.250000 3.546592e-02
-38.000000 3.668547e-02
-37.750000 3.825435e-02
-37.500000 4.010131e-02
-37.250000 4.214798e-02
-37.000000 4.431595e-02
-36.750000 4.653126e-02
-36.500000 4.872687e-02
-36.250000 5.084359e-02
-36.000000 5.283017e-02
-35.750000 5.464297e-02
-35.500000 5.624536e-02
-35.250000 5.760707e-02
-35.000000 5.870354e-02
-34.750000 5.951526e-02
-34.500000 6.002717e-02
-34.250000 6.022814e-02
-34.000000 6.011048e-02
-33.750000 5.966962e-02
-33.500000 5.890380e-02
-33.250000 5.781393e-02
-33.000000 5.640353e-02
-32.750000 5.467873e-02
-32.500000 5.264842e-02
-32.250000 5.032436e-02
-32.000000 4.772141e-02
-31.750000 4.485772e-02
-31.500000 4.175490e-02
-31.250000 3.843827e-02
-31.000000 3.493720e-02
-30.750000 3.128563e-02
-30.500000 2.752342e-02
-30.250000 2.369909e-02
-30.000000 1.987658e-02
-29.750000 1.615153e-02
-29.500000 1.269290e-02
-29.250000 9.846412e-03
-29.000000 8.290148e-03
-28.750000 8.721747e-03
-28.500000 1.086682e-02
-28.250000 1.391184e-02
-28.000000 1.734883e-02
-27.750000 2.094960e-02
-27.500000 2.461055e-02
-27.250000 2.827931e-02
-27.000000 3.192458e-02
-26.750000 3.552272e-02
-26.500000 3.905095e-02
-26.250000 4.248364e-02
-26.000000 4.579031e-02
-25.750000 4.893477e-02
-25.500000 5.187510e-02
-25.250000 5.456435e-02
-25.000000 5.695176e-02
-24.750000 5.898446e-02
-24.500000 6.060936e-02
-24.250000 6.177522e-02
-24.000000 6.243482e-02
-23.750000 6.254699e-02
-23.500000 6.207846e-02
-23.250000 6.100558e-02
-23.000000 5.931560e-02
-22.750000 5.700776e-02
-22.500000 5.409383e-02
-22.250000 5.059842e-02
-22.000000 4.655883e-02
-21.750000 4.202467e-02
-21.500000 3.705738e-02
-21.250000 3.173011e-02
-21.000000 2.612935e-02
-20.750000 2.036243e-02
-20.500000 1.458817e-02
-20.250000 9.166427e-03
-20.000000 5.587550e-03
-19.750000 7.336219e-03
-19.500000 1.217313e-02
-19.250000 1.756045e-02
-19.000000 2.295672e-02
-18.750000 2.821831e-02
-18.500000 3.329751e-02
-18.250000 3.818452e-02
-18.000000 4.289007e-02
-17.750000 4.743690e-02
-17.500000 5.185343e-02
-17.250000 5.616785e-02
-17.000000 6.040267e-02
-16.750000 6.456985e-02
-16.500000 6.866728e-02
-16.250000 7.267658e-02
-16.000000 7.656279e-02
-15.750000 8.027556e-02
-15.500000 8.375180e-02
-15.250000 8.691930e-02
-15.000000 8.970100e-02
-14.750000 9.201954e-02
-14.500000 9.380177e-02
-14.250000 9.498308e-02
-14.000000 9.551143e-02
-13.750000 9.535091e-02
-13.500000 9.448506e-02
-13.250000 9.291982e-02
-13.000000 9.068634e-02
-12.750000 8.784388e-02
-12.500000 8.448290e-02
-12.250000 8.072866e-02
-12.000000 7.674542e-02
-11.750000 7.274049e-02
-11.500000 6.896636e-02
-11.250000 6.571665e-02
-11.000000 6.330868e-02
-10.750000 6.204594e-02
-10.500000 6.216292e-02
-10.250000 6.377258e-02
-10.000000 6.684684e-02
-9.750000 7.124303e-02
-9.500000 7.675745e-02
-9.250000 8.317633e-02
-9.000000 9.030717e-02
-8.750000 9.799057e-02
-8.500000 1.060995e-01
-8.250000 1.145326e-01
-8.000000 1.232059e-01
-7.750000 1.320443e-01
-7.500000 1.409748e-01
-7.250000 1.499213e-01
-7.000000 1.588006e-01
-6.750000 1.675208e-01
-6.500000 1.759806e-01
-6.250000 1.840706e-01
-6.000000 1.916747e-01
-5.750000 1.986736e-01
-5.500000 2.049478e-01
-5.250000 2.103813e-01
-5.000000 2.148657e-01
-4.750000 2.183037e-01
-4.500000 2.206124e-01
-4.250000 2.217264e-01
-4.000000 2.216003e-01
-3.750000 2.202104e-01
-3.500000 2.175561e-01
-3.250000 2.136604e-01
-3.000000 2.085695e-01
-2.750000 2.023522e-01
-2.500000 1.950985e-01
-2.250000 1.869171e-01
-2.000000 1.779330e-01
-1.750000 1.682843e-01
-1.500000 1.581185e-01
-1.250000 1.475889e-01
-1.000000 1.368500e-01
-0.750000 1.260534e-01
-0.500000 1.153435e-01
-0.250000 1.048532e-01
0.000000 9.469999e-02
0.250000 8.498263e-02
0.500000 7.577847e-02
0.750000 6.714243e-02
1.000000 5.910776e-02
1.250000 5.168957e-02
1.500000 4.489226e-02
1.750000 3.872203e-02
2.000000 3.320629e-02
2.250000 2.842180e-02
2.500000 2.452897e-02
2.750000 2.179108e-02
3.000000 2.051441e-02
3.250000 2.085729e-02
3.500000 2.266206e-02
3.750000 2.554133e-02
4.000000 2.908885e-02
4.250000 3.298517e-02
4.500000 3.700017e-02
4.750000 4.096694e-02
5.000000 4.476001e-02
5.250000 4.828209e-02
5.500000 5.145697e-02
5.750000 5.422584e-02
6.000000 5.654533e-02
6.250000 5.838617e-02
6.500000 5.973220e-02
6.750000 6.057909e-02
7.000000 6.093297e-02
7.250000 6.080871e-02
7.500000 6.022807e-02
7.750000 5.921761e-02
8.000000 5.780661e-02
8.250000 5.602510e-02
8.500000 5.390203e-02
8.750000 5.146393e-02
9.000000 4.873397e-02
9.250000 4.573161e-02
9.500000 4.247293e-02
9.750000 3.897158e-02
10.000000 3.524046e-02
10.250000 3.129416e-02
10.500000 2.715279e-02
10.750000 2.284834e-02
11.000000 1.843841e-02
11.250000 1.404322e-02
11.500000 9.971996e-03
11.750000 7.177422e-03
12.000000 7.554888e-03
12.250000 1.087088e-02
12.500000 1.532850e-02
12.750000 2.013604e-02
13.000000 2.500948e-02
13.250000 2.981015e-02
13.500000 3.444779e-02
13.750000 3.885289e-02
14.000000 4.296781e-02
14.250000 4.674380e-02
14.500000 5.014014e-02
14.750000 5.312398e-02
15.000000 5.567038e-02
15.250000 5.776230e-02
15.500000 5.939047e-02
15.750000 6.055303e-02
16.000000 6.125505e-02
16.250000 6.150783e-02
16.500000 6.132811e-02
16.750000 6.073717e-02
17.000000 5.975999e-02
17.250000 5.842433e-02
17.500000 5.676003e-02
17.750000 5.479843e-02
18.000000 5.257203e-02
18.250000 5.011449e-02
18.500000 4.746093e-02
18.750000 4.464874e-02
19.000000 4.171888e-02
19.250000 3.871785e-02
19.500000 3.570047e-02
19.750000 3.273362e-02
20.000000 2.990083e-02
20.250000 2.730715e-02
20.500000 2.508150e-02
20.750000 2.337094e-02
21.000000 2.231840e-02
21.250000 2.202198e-02
21.500000 2.249392e-02
21.750000 2.365152e-02
22.000000 2.534903e-02
22.250000 2.742332e-02
22.500000 2.972554e-02
22.750000 3.213325e-02
23.000000 3.455050e-02
23.250000 3.690359e-02
23.500000 3.913633e-02
23.750000 4.120602e-02
24.000000 4.308049e-02
24.250000 4.473588e-02
24.500000 4.615494e-02
24.750000 4.732582e-02
25.000000 4.824101e-02
25.250000 4.889662e-02
25.500000 4.929173e-02
25.750000 4.942792e-02
26.000000 4.930902e-02
26.250000 4.894091e-02
26.500000 4.833156e-02
26.750000 4.749117e-02
27.000000 4.643249e-02
27.250000 4.517128e-02
27.500000 4.372685e-02
27.750000 4.212276e-02
28.000000 4.038763e-02
28.250000 3.855594e-02
28.500000 3.666893e-02
28.750000 3.477534e-02
29.000000 3.293179e-02
29.250000 3.120240e-02
29.500000 2.965690e-02
29.750000 2.836639e-02
30.000000 2.739623e-02
30.250000 2.679633e-02
30.500000 2.659143e-02
30.750000 2.677503e-02
31.000000 2.730997e-02
31.250000 2.813561e-02
31.500000 2.917849e-02
31.750000 3.036232e-02
32.000000 3.161523e-02
32.250000 3.287373e-02
32.500000 3.408429e-02
32.750000 3.520324e-02
33.000000 3.619612e-02
33.250000 3.703656e-02
33.500000 3.770525e-02
33.750000 3.818889e-02
34.000000 3.847930e-02
34.250000 3.857258e-02
34.500000 3.846848e-02
34.750000 3.816982e-02
35.000000 3.768202e-02
35.250000 3.701284e-02
35.500000 3.617209e-02
35.750000 3.517167e-02
36.000000 3.402559e-02
36.250000 3.275028e-02
36.500000 3.136506e-02
36.750000 2.989283e-02
37.000000 2.836114e-02
37.250000 2.680348e-02
37.500000 2.526092e-02
37.750000 2.378387e-02
38.000000 2.243348e-02
38.250000 2.128150e-02
38.500000 2.040690e-02
38.750000 1.988724e-02
39.000000 1.978489e-02
39.250000 2.013216e-02
39.500000 2.092288e-02
39.750000 2.211560e-02
40.000000 2.364562e-02
40.250000 2.543871e-02
40.500000 2.742124e-02
40.750000 2.952527e-02
41.000000 3.169012e-02
41.250000 3.386204e-02
41.500000 3.599320e-02
41.750000 3.804074e-02
42.000000 3.996587e-02
42.250000 4.173343e-02
42.500000 4.331156e-02
42.750000 4.467167e-02
43.000000 4.578848e-02
43.250000 4.664028e-02
43.500000 4.720912e-02
43.750000 4.748118e-02
44.000000 4.744700e-02
44.250000 4.710177e-02
44.500000 4.644560e-02
44.750000 4.548373e-02
45.000000 4.422667e-02
45.250000 4.269039e-02
45.500000 4.089650e-02
45.750000 3.887243e-02
46.000000 3.665188e-02
46.250000 3.427536e-02
46.500000 3.179133e-02
46.750000 2.925782e-02
47.000000 2.674498e-02
47.250000 2.433844e-02
47.500000 2.214275e-02
47.750000 2.028236e-02
48.000000 1.889387e-02
48.250000 1.810199e-02
48.500000 1.797996e-02
48.750000 1.851687e-02
49.000000 1.962124e-02
49.250000 2.115878e-02
49.500000 2.299317e-02
49.750000 2.500869e-02
50.000000 2.711562e-02
