-50.000000 6.897470e-02
-49.750000 6.931759e-02
-49.500000 6.936687e-02
-49.250000 6.912318e-02
-49.000000 6.859218e-02
-48.750000 6.778449e-02
-48.500000 6.671540e-02
-48.250000 6.540452e-02
-48.000000 6.387514e-02
-47.750000 6.215358e-02
-47.500000 6.026828e-02
-47.250000 5.824882e-02
-47.000000 5.612488e-02
-46.750000 5.392511e-02
-46.500000 5.167602e-02
-46.250000 4.940100e-02
-46.000000 4.711950e-02
-45.750000 4.484650e-02
-45.500000 4.259234e-02
-45.250000 4.036301e-02
-45.000000 3.816095e-02
-44.750000 3.598636e-02
-44.500000 3.383906e-02
-44.250000 3.172073e-02
-44.000000 2.963777e-02
-43.750000 2.760442e-02
-43.500000 2.564646e-02
-43.250000 2.380507e-02
-43.000000 2.214027e-02
-42.750000 2.073241e-02
-42.500000 1.967808e-02
-42.250000 1.907642e-02
-42.000000 1.900475e-02
-41.750000 1.949251e-02
-41.500000 2.051012e-02
-41.250000 2.198054e-02
-41.000000 2.380358e-02
-40.750000 2.587756e-02
-40.500000 2.811141e-02
-40.250000 3.042848e-02
-40.000000 3.276628e-02
-39.750000 3.507445e-02
-39.500000 3.731277e-02
-39.250000 3.944918e-02
-39.000000 4.145833e-02
-38.750000 4.332022e-02
-38.500000 4.501914e-02
-38.250000 4.654267e-02
-38.000000 4.788081e-02
-37.750000 4.902521e-02
-37.500000 4.996848e-02
-37.250000 5.070365e-02
-37.000000 5.122380e-02
-36.750000 5.152179e-02
-36.500000 5.159024e-02
-36.250000 5.142170e-02
-36.000000 5.100891e-02
-35.750000 5.034528e-02
-35.500000 4.942546e-02
-35.250000 4.824595e-02
-35.000000 4.680576e-02
-34.750000 4.510703e-02
-34.500000 4.315556e-02
-34.250000 4.096126e-02
-34.000000 3.853838e-02
-33.750000 3.590564e-02
-33.500000 3.308604e-02
-33.250000 3.010660e-02
-33.000000 2.699767e-02
-32.750000 2.379222e-02
-32.500000 2.052474e-02
-32.250000 1.723016e-02
-32.000000 1.394270e-02
-31.750000 1.069546e-02
-31.500000 7.523099e-03
-31.250000 4.482817e-03
-31.000000 1.889521e-03
-30.750000 2.367296e-03
-30.500000 5.001382e-03
-30.250000 7.821686e-03
-30.000000 1.069265e-02
-29.750000 1.363037e-02
-29.500000 1.667490e-02
-29.250000 1.987061e-02
-29.000000 2.325797e-02
-28.750000 2.686826e-02
-28.500000 3.072009e-02
-28.250000 3.481753e-02
-28.000000 3.914970e-02
-27.750000 4.369146e-02
-27.500000 4.840491e-02
-27.250000 5.324139e-02
-27.000000 5.814367e-02
-26.750000 6.304826e-02
-26.500000 6.788771e-02
-26.250000 7.259286e-02
-26.000000 7.709503e-02
-25.750000 8.132801e-02
-25.500000 8.522997e-02
-25.250000 8.874525e-02
-25.000000 9.182589e-02
-24.750000 9.443296e-02
-24.500000 9.653767e-02
-24.250000 9.812213e-02
-24.000000 9.917989e-02
-23.750000 9.971601e-02
-23.500000 9.974681e-02
-23.250000 9.929919e-02
-23.000000 9.840941e-02
-22.750000 9.712154e-02
-22.500000 9.548528e-02
-22.250000 9.355348e-02
-22.000000 9.137920e-02
-21.750000 8.901254e-02
-21.500000 8.649742e-02
-21.250000 8.386860e-02
-21.000000 8.114917e-02
-20.750000 7.834885e-02
-20.500000 7.546336e-02
-20.250000 7.247501e-02
-20.000000 6.935450e-02
-19.750000 6.606372e-02
-19.500000 6.255928e-02
-19.250000 5.879641e-02
-19.000000 5.473282e-02
-18.750000 5.033213e-02
-18.500000 4.556685e-02
-18.250000 4.042048e-02
-18.000000 3.488898e-02
-17.750000 2.898147e-02
-17.500000 2.272034e-02
-17.250000 1.614124e-02
-17.000000 9.295663e-03
-16.750000 2.323903e-03
-16.500000 5.125756e-03
-16.250000 1.242085e-02
-16.000000 1.976673e-02
-15.750000 2.707155e-02
-15.500000 3.426559e-02
-15.250000 4.128712e-02
-15.000000 4.808313e-02
-14.750000 5.461127e-02
-14.500000 6.084160e-02
-14.250000 6.675801e-02
-14.000000 7.235896e-02
-13.750000 7.765742e-02
-13.500000 8.267984e-02
-13.250000 8.746420e-02
-13.000000 9.205683e-02
-12.750000 9.650843e-02
-12.500000 1.008693e-01
-12.250000 1.051842e-01
-12.000000 1.094876e-01
-11.750000 1.137997e-01
-11.500000 1.181232e-01
-11.250000 1.224426e-01
-11.000000 1.267243e-01
-10.750000 1.309194e-01
-10.500000 1.349670e-01
-10.250000 1.387992e-01
-10.000000 1.423466e-01
-9.750000 1.455443e-01
-9.500000 1.483381e-01
-9.250000 1.506903e-01
-9.000000 1.525858e-01
-8.750000 1.540372e-01
-8.500000 1.550897e-01
-8.250000 1.558244e-01
-8.000000 1.563603e-01
-7.750000 1.568536e-01
-7.500000 1.574933e-01
-7.250000 1.584921e-01
-7.000000 1.600721e-01
-6.750000 1.624454e-01
-6.500000 1.657924e-01
-6.250000 1.702407e-01
-6.000000 1.758493e-01
-5.750000 1.826018e-01
-5.500000 1.904086e-01
-5.250000 1.991177e-01
-5.000000 2.085291e-01
-4.750000 2.184115e-01
-4.500000 2.285170e-01
-4.250000 2.385932e-01
-4.000000 2.483933e-01
-3.750000 2.576826e-01
-3.500000 2.662445e-01
-3.250000 2.738835e-01
-3.000000 2.804282e-01
-2.750000 2.857334e-01
-2.500000 2.896813e-01
-2.250000 2.921819e-01
-2.000000 2.931742e-01
-1.750000 2.926254e-01
-1.500000 2.905311e-01
-1.250000 2.869143e-01
-1.000000 2.818244e-01
-0.750000 2.753356e-01
-0.500000 2.675456e-01
-0.250000 2.585735e-01
0.000000 2.485577e-01
0.250000 2.376537e-01
0.500000 2.260318e-01
0.750000 2.138750e-01
1.000000 2.013766e-01
1.250000 1.887380e-01
1.500000 1.761666e-01
1.750000 1.638735e-01
2.000000 1.520707e-01
2.250000 1.409673e-01
2.500000 1.307641e-01
2.750000 1.216449e-01
3.000000 1.137651e-01
3.250000 1.072363e-01
3.500000 1.021109e-01
3.750000 9.837017e-02
4.000000 9.592290e-02
4.250000 9.461564e-02
4.500000 9.425433e-02
4.750000 9.462983e-02
5.000000 9.554044e-02
5.250000 9.680711e-02
5.500000 9.828055e-02
5.750000 9.984192e-02
6.000000 1.013995e-01
6.250000 1.028836e-01
6.500000 1.042411e-01
6.750000 1.054301e-01
7.000000 1.064162e-01
7.250000 1.071692e-01
7.500000 1.076613e-01
7.750000 1.078659e-01
8.000000 1.077573e-01
8.250000 1.073110e-01
8.500000 1.065045e-01
8.750000 1.053180e-01
9.000000 1.037350e-01
9.250000 1.017436e-01
9.500000 9.933699e-02
9.750000 9.651342e-02
10.000000 9.327689e-02
10.250000 8.963684e-02
10.500000 8.560784e-02
10.750000 8.120917e-02
11.000000 7.646414e-02
11.250000 7.139939e-02
11.500000 6.604418e-02
11.750000 6.042968e-02
12.000000 5.458837e-02
12.250000 4.855360e-02
12.500000 4.235956e-02
12.750000 3.604165e-02
13.000000 2.963814e-02
13.250000 2.319491e-02
13.500000 1.678111e-02
13.750000 1.056001e-02
14.000000 5.334390e-03
14.250000 5.620757e-03
14.500000 1.088646e-02
14.750000 1.688888e-02
15.000000 2.293886e-02
15.250000 2.888402e-02
15.500000 3.465475e-02
15.750000 4.020294e-02
16.000000 4.548846e-02
16.250000 5.047551e-02
16.500000 5.513173e-02
16.750000 5.942845e-02
17.000000 6.334125e-02
17.250000 6.685075e-02
17.500000 6.994345e-02
17.750000 7.261247e-02
18.000000 7.485823e-02
18.250000 7.668887e-02
18.500000 7.812053e-02
18.750000 7.917724e-02
19.000000 7.989050e-02
19.250000 8.029844e-02
19.500000 8.044452e-02
19.750000 8.037584e-02
20.000000 8.014092e-02
20.250000 7.978715e-02
20.500000 7.935806e-02
20.750000 7.889050e-02
21.000000 7.841210e-02
21.250000 7.793928e-02
21.500000 7.747604e-02
21.750000 7.701378e-02
22.000000 7.653210e-02
22.250000 7.600055e-02
22.500000 7.538111e-02
22.750000 7.463104e-02
23.000000 7.370593e-02
23.250000 7.256249e-02
23.500000 7.116113e-02
23.750000 6.946800e-02
24.000000 6.745661e-02
24.250000 6.510885e-02
24.500000 6.241573e-02
24.750000 5.937757e-02
25.000000 5.600396e-02
25.250000 5.231353e-02
25.500000 4.833351e-02
25.750000 4.409942e-02
26.000000 3.965501e-02
26.250000 3.505290e-02
26.500000 3.035692e-02
26.750000 2.564809e-02
27.000000 2.103956e-02
27.250000 1.671346e-02
27.500000 1.301089e-02
27.750000 1.058995e-02
28.000000 1.029477e-02
28.250000 1.214417e-02
28.500000 1.524018e-02
28.750000 1.884643e-02
29.000000 2.259771e-02
29.250000 2.632286e-02
29.500000 2.993619e-02
29.750000 3.339198e-02
30.000000 3.666495e-02
30.250000 3.974126e-02
30.500000 4.261364e-02
30.750000 4.527864e-02
31.000000 4.773477e-02
31.250000 4.998129e-02
31.500000 5.201748e-02
31.750000 5.384215e-02
32.000000 5.545347e-02
32.250000 5.684905e-02
32.500000 5.802615e-02
32.750000 5.898207e-02
33.000000 5.971460e-02
33.250000 6.022247e-02
33.500000 6.050585e-02
33.750000 6.056670e-02
34.000000 6.040902e-02
34.250000 6.003904e-02
34.500000 5.946517e-02
34.750000 5.869783e-02
35.000000 5.774919e-02
35.250000 5.663270e-02
35.500000 5.536262e-02
35.750000 5.395350e-02
36.000000 5.241963e-02
36.250000 5.077470e-02
36.500000 4.903153e-02
36.750000 4.720209e-02
37.000000 4.529782e-02
37.250000 4.333035e-02
37.500000 4.131261e-02
37.750000 3.926042e-02
38.000000 3.719464e-02
38.250000 3.514380e-02
38.500000 3.314711e-02
38.750000 3.125775e-02
39.000000 2.954547e-02
39.250000 2.809713e-02
39.500000 2.701262e-02
39.750000 2.639338e-02
40.000000 2.632338e-02
40.250000 2.684787e-02
40.500000 2.796061e-02
40.750000 2.960673e-02
41.000000 3.169841e-02
41.250000 3.413374e-02
41.500000 3.681104e-02
41.750000 3.963673e-02
42.000000 4.252835e-02
42.250000 4.541490e-02
42.500000 4.823612e-02
42.750000 5.094150e-02
43.000000 5.348945e-02
43.250000 5.584653e-02
43.500000 5.798694e-02
43.750000 5.989199e-02
44.000000 6.154962e-02
44.250000 6.295390e-02
44.500000 6.410443e-02
44.750000 6.500570e-02
45.000000 6.566631e-02
45.250000 6.609808e-02
45.500000 6.631520e-02
45.750000 6.633320e-02
46.000000 6.616800e-02
46.250000 6.583503e-02
46.500000 6.534840e-02
46.750000 6.472020e-02
47.000000 6.396010e-02
47.250000 6.307505e-02
47.500000 6.206927e-02
47.750000 6.094453e-02
48.000000 5.970050e-02
48.250000 5.833541e-02
48.500000 5.684671e-02
48.750000 5.523186e-02
49.000000 5.348910e-02
49.250000 5.161813e-02
49.500000 4.962076e-02
49.750000 4.750145e-02
50.000000 4.526767e-02
