     2   outi1_m2   -0.50       0.015   -75.96     -7.297      4.586     26.000
     2   outi2_m2   -0.75       0.018   -69.44    -22.946      4.029     27.000
     2   outi3_m2   -0.75       0.019   -69.44    -22.738      3.664     31.000
     2   outi4_m2    1.00       0.023    63.43    -80.363      3.755     31.000
     2   outi5_m2    1.50       0.028    53.13    -38.639      4.068     29.000
     2   outi6_m2    1.75       0.032    48.81    -16.946      4.307     26.000
     2   outi7_m2    2.00       0.036    45.00      4.707      4.409     25.000
     2   outi8_m2    2.00       0.039    45.00      6.122      4.466     24.000
     2   outi9_m2    2.25       0.042    41.63     28.867      4.527     23.000
     2  outi10_m2    2.50       0.043    38.66     51.930      4.553     22.000
     2  outi11_m2    2.75       0.044    36.03     75.316      4.544     22.000
     2  outi12_m2    3.00       0.044    33.69    -81.437      4.471     21.000
     2  outi13_m2    3.00       0.044    33.69    -80.496      4.326     22.000
     2  outi14_m2    3.25       0.042    31.61    -57.832      4.195     23.000
     2  outi15_m2    3.25       0.041    31.61    -57.696      4.093     23.000
     2  outi16_m2    3.25       0.040    31.61    -57.743      3.999     24.000
     2  outi17_m2    3.00       0.038    33.69    -81.401      3.918     24.000
     2  outi18_m2    3.00       0.036    33.69    -81.983      3.865     26.000
     2  outi19_m2    3.00       0.034    33.69    -82.271      3.834     27.000
     2  outi20_m2    3.00       0.031    33.69    -82.402      3.777     28.000
     2  outi21_m2    3.00       0.029    33.69    -82.161      3.653     30.000
     2  outi22_m2    3.00       0.028    33.69    -81.790      3.530     32.000
     2  outi23_m2    3.25       0.026    31.61    -55.751      3.377     36.000
     2  outi24_m2    4.00       0.026    26.57     20.838      3.292     38.000
     2  outi25_m2    6.00       0.026    18.43     45.111      3.268     38.000
     2  outi26_m2    6.50       0.026    17.10    -82.134      3.259     39.000
     2  outi27_m2    7.00       0.026    15.95    -29.017      3.235     40.000
     2  outi28_m2    7.25       0.026    15.42     -1.705      3.200     41.000
     2  outi29_m2    7.25       0.025    15.42     -0.903      3.139     43.000
     2  outi30_m2    7.50       0.024    14.93     26.151      3.071     43.000
     2  outi31_m2    7.50       0.024    14.93     26.633      3.024     44.000
     2  outi32_m2    7.75       0.023    14.47     54.399      2.969     44.000
     2  outi33_m2    8.00       0.023    14.04     82.331      2.933     45.000
     2  outi34_m2    8.00       0.021    14.04     83.696      2.873     47.000
     2  outi35_m2    8.25       0.021    13.63    -68.230      2.831     47.000
     2  outi36_m2    8.25       0.019    13.63    -67.279      2.769     49.000
     2  outi37_m2    8.50       0.018    13.24    -39.031      2.742     50.000
     2  outi38_m2    8.50       0.017    13.24    -38.550      2.732     51.000
     2  outi39_m2    8.50       0.016    13.24    -37.888      2.710     53.000
     2  outi40_m2    0.25       0.015    82.87    -44.612      2.805     54.000
     2  outi41_m2   -0.25       0.015   -82.87     74.629      2.902     56.000
     2  outi42_m2   -0.50       0.015   -75.96     42.704      3.014     25.000
     2  outi43_m2   -0.75       0.014   -69.44     11.040      3.117     24.000
     2  outi44_m2   -1.00       0.014   -63.43    -20.279      3.163     24.000
     2  outi45_m2   -1.00       0.014   -63.43    -21.716      3.156     24.000
     2  outi46_m2   -1.25       0.013   -57.99    -52.232      3.132     25.000
     2  outi47_m2   -1.25       0.013   -57.99    -53.266      3.061     25.000
     2  outi48_m2   -1.50       0.012   -53.13    -84.388      2.970     24.000
     2  outi49_m2   -1.50       0.012   -53.13    -85.246      2.866     25.000
     2  outi50_m2   -1.50       0.011   -53.13    -85.617      2.806     25.000
     2  outi51_m2   -1.75       0.011   -48.81     62.956      2.707     25.000
     2  outi52_m2   -1.75       0.011   -48.81     62.718      2.668     25.000
     2  outi53_m2   -1.75       0.011   -48.81     62.279      2.596     26.000
     2  outi54_m2   -2.00       0.010   -45.00     30.562      2.535     27.000
     2  outi55_m2   -2.00       0.010   -45.00     30.179      2.503     28.000
     2  outi56_m2   -2.25       0.009   -41.63     -2.332      2.439     28.000
     2  outi57_m2   -2.25       0.009   -41.63     -2.826      2.402     30.000
     2  outi58_m2   -2.50       0.009   -38.66    -34.942      2.359     31.000
     2  outi59_m2   13.00       0.009     8.75      0.851      2.282     26.000
     2  outi60_m2   -3.00       0.008   -33.69     79.498      2.212     39.000
     2  outi61_m2   -3.25       0.008   -31.61     46.470      2.173     63.000
     2  outi62_m2   -4.25       0.008   -25.20    -84.374      2.118     58.000
     2  outi63_m2   -4.75       0.008   -22.83     30.427      2.097     57.000
     2  outi64_m2   -5.00       0.008   -21.80     -2.311      2.060     59.000
     2  outi65_m2   -5.25       0.008   -20.85    -34.995      1.989     61.000
     2  outi66_m2   -5.50       0.008   -19.98    -67.288      1.964     62.000
     2  outi67_m2   -5.25       0.008   -20.85    -34.969      1.941     64.000
     2  outi68_m2   -5.25       0.008   -20.85    -34.799      1.910     65.000
     2  outi69_m2   -4.25       0.008   -25.20    -84.218      1.838     73.000
     2  outi70_m2   -3.75       0.008   -28.07    -18.262      1.821     77.000
     2  outi71_m2   -3.00       0.008   -33.69     80.306      1.820     81.000
     2  outi72_m2   -2.75       0.009   -36.03    -66.711      1.824     83.000
     2  outi73_m2   -2.75       0.009   -36.03    -66.602      1.826     83.000
     2  outi74_m2   -2.75       0.009   -36.03    -66.495      1.839     82.000
     2  outi75_m2   -2.75       0.009   -36.03    -66.309      1.855     83.000
     2  outi76_m2   -2.50       0.009   -38.66    -33.461      1.870     84.000
     2  outi77_m2   -2.50       0.010   -38.66    -33.264      1.880     84.000
     2  outi78_m2   -2.25       0.010   -41.63     -0.361      1.863     86.000
     2  outi79_m2   -2.25       0.010   -41.63     -0.254      1.852     88.000
     2  outi80_m2   -2.25       0.010   -41.63     -0.248      1.846     88.000
     2  outi81_m2   -2.25       0.010   -41.63     -0.404      1.830     87.000
     2  outi82_m2   -2.25       0.010   -41.63     -0.512      1.796     87.000
     2  outi83_m2   -2.25       0.010   -41.63     -0.436      1.725     90.000
     2  outi84_m2   -2.25       0.010   -41.63     -0.464      1.636     92.000
     2  outi85_m2   -2.50       0.009   -38.66    -33.323      1.531     94.000
     2  outi86_m2   -2.50       0.009   -38.66    -33.323      1.531     94.000
     2  outi87_m2   13.75       0.009     8.28    -74.212      1.539     44.000
     2  outi88_m2   14.25       0.010     7.99     -6.599      1.576     43.000
     2  outi89_m2   14.50       0.010     7.85     27.427      1.600     43.000
     2  outi90_m2   14.75       0.010     7.72     61.618      1.643     42.000
     2  outi91_m2  -16.25       0.010    -7.02    -40.004      1.670     50.000
     2  outi92_m2  -16.75       0.010    -6.81     71.718      1.734     45.000
     2  outi93_m2  -17.25       0.010    -6.61      2.834      1.813     44.000
     2  outi94_m2  -17.75       0.010    -6.43    -66.773      1.896     44.000
     2  outi95_m2  -18.50       0.009    -6.17      9.713      1.956     45.000
     2  outi96_m2  -18.50       0.009    -6.17      9.713      1.956     45.000
     2  outi97_m2  -19.25       0.009    -5.93     86.159      1.970     47.000
     2  outi98_m2  -19.75       0.008    -5.78     16.435      1.948     49.000
     2  outi99_m2  -20.50       0.008    -5.57    -87.888      1.974     51.000
     2 outi100_m2  -21.50       0.007    -5.31    -46.852      2.031     53.000
     2 outi101_m2  -22.50       0.007    -5.08     -6.382      2.064     54.000
     2 outi102_m2  -22.50       0.007    -5.08     -6.382      2.064     54.000
     2 outi103_m2  -23.50       0.007    -4.86     34.447      2.029     57.000
     2 outi104_m2  -24.00       0.007    -4.76    -35.154      1.992     57.000
     2 outi105_m2  -24.00       0.007    -4.76    -35.445      1.968     58.000
     2 outi106_m2  -24.25       0.007    -4.71    -69.947      1.946     58.000
     2 outi107_m2  -24.25       0.007    -4.71    -69.947      1.946     58.000
     2 outi108_m2  -23.75       0.007    -4.81     -0.046      1.954     58.000
     2 outi109_m2  -22.25       0.007    -5.14     29.777      1.897     60.000
     2 outi110_m2  -20.75       0.007    -5.51     60.491      1.723     60.000
     2 outi111_m2  -20.75       0.007    -5.51     60.491      1.723     60.000
     2 outi112_m2  -19.75       0.007    -5.78     20.806      1.562     59.000
     2 outi113_m2  -20.25       0.007    -5.64    -49.163      1.532     60.000
     2 outi114_m2  -20.25       0.007    -5.64    -49.163      1.532     60.000
     2 outi115_m2  -21.00       0.007    -5.44     25.003      1.533     60.000
     2 outi116_m2  -21.75       0.006    -5.25    -81.034      1.489     60.000
     2 outi117_m2  -22.25       0.006    -5.14     28.071      1.443     60.000
     2 outi118_m2  -22.25       0.006    -5.14     28.071      1.443     60.000
     2 outi119_m2  -22.75       0.005    -5.02    -42.628      1.395     59.000
     2 outi120_m2  -22.75       0.005    -5.02    -42.443      1.183     58.000
     2 outi121_m2  -22.75       0.005    -5.02    -42.443      1.183     58.000
     2 outi122_m2   49.25       0.005     2.33     18.717      0.903        nan
     2 outi123_m2    0.00       0.005   -90.00    -17.576      1.245        nan
     2 outi124_m2    0.00       0.005   -90.00    -17.576      1.245        nan
     2 outi125_m2    0.00       0.005   -90.00    -16.880      1.182        nan
     2 outi126_m2    0.00       0.005   -90.00    -17.070      0.953        nan
     2 outi127_m2    0.00       0.005   -90.00    -17.070      0.953        nan
     2 outi128_m2    0.25       0.006    82.87    -17.950      1.327    121.000
     2 outi129_m2   -3.00       0.007   -33.69     60.912      1.391    124.000
     2 outi130_m2   -3.00       0.007   -33.69     60.912      1.391    124.000
     2 outi131_m2   -3.75       0.008   -28.07    -45.504      1.396    124.000
     2 outi132_m2   -3.75       0.008   -28.07    -45.504      1.396    124.000
     2 outi133_m2   -6.00       0.008   -18.43     -5.532      1.466    127.000
     2 outi134_m2  -14.50       0.007    -7.85     43.944      1.243    151.000
     2 outi135_m2  -14.50       0.007    -7.85     43.944      1.243    151.000
     2 outi136_m2  -26.50       0.007    -4.32    -45.828      1.095        nan
     2 outi137_m2  -26.50       0.007    -4.32    -45.828      1.095        nan
     2 outi138_m2  -28.50       0.008    -4.01     29.070      1.073        nan
     2 outi139_m2  -29.75       0.008    -3.85     30.626      1.018        nan
     2 outi140_m2  -29.75       0.008    -3.85     30.626      1.018        nan
     2 outi141_m2  -38.00       0.007    -3.01    -68.464      1.240        nan
     2 outi142_m2  -38.00       0.007    -3.01    -68.464      1.240        nan
     2 outi143_m2   45.25       0.009     2.53    -46.006      1.091        nan
     2 outi144_m2   45.25       0.009     2.53    -46.006      1.091        nan
     2 outi145_m2    0.00       0.011   -90.00    -50.528      1.225        nan
     2 outi146_m2  -22.00       0.015    -5.19     50.577        nan        nan
     2 outi147_m2  -22.00       0.015    -5.19     50.577        nan        nan
     2 outi148_m2    0.00       0.000     0.00      0.000      0.000      0.000
