-50.000000 1.712637e-02
-49.750000 1.662455e-02
-49.500000 1.610417e-02
-49.250000 1.557140e-02
-49.000000 1.503235e-02
-48.750000 1.449293e-02
-48.500000 1.395882e-02
-48.250000 1.343531e-02
-48.000000 1.292724e-02
-47.750000 1.243889e-02
-47.500000 1.197394e-02
-47.250000 1.153541e-02
-47.000000 1.112570e-02
-46.750000 1.074662e-02
-46.500000 1.039955e-02
-46.250000 1.008559e-02
-46.000000 9.805863e-03
-45.750000 9.561769e-03
-45.500000 9.355316e-03
-45.250000 9.189413e-03
-45.000000 9.068105e-03
-44.750000 8.996684e-03
-44.500000 8.981635e-03
-44.250000 9.030363e-03
-44.000000 9.150703e-03
-43.750000 9.350256e-03
-43.500000 9.635654e-03
-43.250000 1.001189e-02
-43.000000 1.048187e-02
-42.750000 1.104618e-02
-42.500000 1.170323e-02
-42.250000 1.244948e-02
-42.000000 1.327982e-02
-41.750000 1.418798e-02
-41.500000 1.516688e-02
-41.250000 1.620889e-02
-41.000000 1.730604e-02
-40.750000 1.845021e-02
-40.500000 1.963317e-02
-40.250000 2.084672e-02
-40.000000 2.208274e-02
-39.750000 2.333322e-02
-39.500000 2.459034e-02
-39.250000 2.584651e-02
-39.000000 2.709440e-02
-38.750000 2.832705e-02
-38.500000 2.953788e-02
-38.250000 3.072075e-02
-38.000000 3.187007e-02
-37.750000 3.298080e-02
-37.500000 3.404857e-02
-37.250000 3.506969e-02
-37.000000 3.604127e-02
-36.750000 3.696120e-02
-36.500000 3.782827e-02
-36.250000 3.864217e-02
-36.000000 3.940355e-02
-35.750000 4.011401e-02
-35.500000 4.077615e-02
-35.250000 4.139351e-02
-35.000000 4.197056e-02
-34.750000 4.251267e-02
-34.500000 4.302597e-02
-34.250000 4.351728e-02
-34.000000 4.399395e-02
-33.750000 4.446367e-02
-33.500000 4.493428e-02
-33.250000 4.541354e-02
-33.000000 4.590883e-02
-32.750000 4.642694e-02
-32.500000 4.697379e-02
-32.250000 4.755414e-02
-32.000000 4.817141e-02
-31.750000 4.882747e-02
-31.500000 4.952246e-02
-31.250000 5.025480e-02
-31.000000 5.102107e-02
-30.750000 5.181607e-02
-30.500000 5.263294e-02
-30.250000 5.346322e-02
-30.000000 5.429708e-02
-29.750000 5.512347e-02
-29.500000 5.593034e-02
-29.250000 5.670486e-02
-29.000000 5.743361e-02
-28.750000 5.810280e-02
-28.500000 5.869848e-02
-28.250000 5.920669e-02
-28.000000 5.961365e-02
-27.750000 5.990593e-02
-27.500000 6.007056e-02
-27.250000 6.009518e-02
-27.000000 5.996813e-02
-26.750000 5.967860e-02
-26.500000 5.921667e-02
-26.250000 5.857345e-02
-26.000000 5.774108e-02
-25.750000 5.671289e-02
-25.500000 5.548338e-02
-25.250000 5.404831e-02
-25.000000 5.240475e-02
-24.750000 5.055111e-02
-24.500000 4.848720e-02
-24.250000 4.621426e-02
-24.000000 4.373500e-02
-23.750000 4.105371e-02
-23.500000 3.817629e-02
-23.250000 3.511047e-02
-23.000000 3.186604e-02
-22.750000 2.845540e-02
-22.500000 2.489456e-02
-22.250000 2.120537e-02
-22.000000 1.742092e-02
-21.750000 1.360032e-02
-21.500000 9.877792e-03
-21.250000 6.661398e-03
-21.000000 5.291746e-03
-20.750000 7.110345e-03
-20.500000 1.065634e-02
-20.250000 1.476121e-02
-20.000000 1.907315e-02
-19.750000 2.346820e-02
-19.500000 2.788587e-02
-19.250000 3.228754e-02
-19.000000 3.664363e-02
-18.750000 4.092885e-02
-18.500000 4.512034e-02
-18.250000 4.919677e-02
-18.000000 5.313796e-02
-17.750000 5.692478e-02
-17.500000 6.053905e-02
-17.250000 6.396366e-02
-17.000000 6.718256e-02
-16.750000 7.018093e-02
-16.500000 7.294525e-02
-16.250000 7.546341e-02
-16.000000 7.772491e-02
-15.750000 7.972093e-02
-15.500000 8.144453e-02
-15.250000 8.289078e-02
-15.000000 8.405698e-02
-14.750000 8.494277e-02
-14.500000 8.555043e-02
-14.250000 8.588502e-02
-14.000000 8.595471e-02
-13.750000 8.577097e-02
-13.500000 8.534893e-02
-13.250000 8.470772e-02
-13.000000 8.387079e-02
-12.750000 8.286632e-02
-12.500000 8.172757e-02
-12.250000 8.049322e-02
-12.000000 7.920760e-02
-11.750000 7.792073e-02
-11.500000 7.668806e-02
-11.250000 7.556973e-02
-11.000000 7.462926e-02
-10.750000 7.393142e-02
-10.500000 7.353944e-02
-10.250000 7.351148e-02
-10.000000 7.389685e-02
-9.750000 7.473248e-02
-9.500000 7.604033e-02
-9.250000 7.782606e-02
-9.000000 8.007940e-02
-8.750000 8.277593e-02
-8.500000 8.587975e-02
-8.250000 8.934665e-02
-8.000000 9.312716e-02
-7.750000 9.716914e-02
-7.500000 1.014199e-01
-7.250000 1.058275e-01
-7.000000 1.103420e-01
-6.750000 1.149159e-01
-6.500000 1.195043e-01
-6.250000 1.240652e-01
-6.000000 1.285598e-01
-5.750000 1.329516e-01
-5.500000 1.372073e-01
-5.250000 1.412959e-01
-5.000000 1.451894e-01
-4.750000 1.488618e-01
-4.500000 1.522899e-01
-4.250000 1.554526e-01
-4.000000 1.583311e-01
-3.750000 1.609090e-01
-3.500000 1.631721e-01
-3.250000 1.651082e-01
-3.000000 1.667076e-01
-2.750000 1.679624e-01
-2.500000 1.688672e-01
-2.250000 1.694183e-01
-2.000000 1.696143e-01
-1.750000 1.694558e-01
-1.500000 1.689456e-01
-1.250000 1.680882e-01
-1.000000 1.668902e-01
-0.750000 1.653602e-01
-0.500000 1.635084e-01
-0.250000 1.613472e-01
0.000000 1.588905e-01
0.250000 1.561541e-01
0.500000 1.531554e-01
0.750000 1.499134e-01
1.000000 1.464489e-01
1.250000 1.427840e-01
1.500000 1.389425e-01
1.750000 1.349493e-01
2.000000 1.308311e-01
2.250000 1.266156e-01
2.500000 1.223319e-01
2.750000 1.180102e-01
3.000000 1.136818e-01
3.250000 1.093790e-01
3.500000 1.051347e-01
3.750000 1.009827e-01
4.000000 9.695643e-02
4.250000 9.308957e-02
4.500000 8.941470e-02
4.750000 8.596287e-02
5.000000 8.276262e-02
5.250000 7.983886e-02
5.500000 7.721175e-02
5.750000 7.489547e-02
6.000000 7.289714e-02
6.250000 7.121607e-02
6.500000 6.984335e-02
6.750000 6.876202e-02
7.000000 6.794783e-02
7.250000 6.737037e-02
7.500000 6.699471e-02
7.750000 6.678305e-02
8.000000 6.669641e-02
8.250000 6.669615e-02
8.500000 6.674519e-02
8.750000 6.680893e-02
9.000000 6.685588e-02
9.250000 6.685808e-02
9.500000 6.679118e-02
9.750000 6.663454e-02
10.000000 6.637107e-02
10.250000 6.598710e-02
10.500000 6.547215e-02
10.750000 6.481871e-02
11.000000 6.402200e-02
11.250000 6.307976e-02
11.500000 6.199198e-02
11.750000 6.076074e-02
12.000000 5.938999e-02
12.250000 5.788537e-02
12.500000 5.625403e-02
12.750000 5.450449e-02
13.000000 5.264648e-02
13.250000 5.069083e-02
13.500000 4.864934e-02
13.750000 4.653468e-02
14.000000 4.436034e-02
14.250000 4.214048e-02
14.500000 3.988999e-02
14.750000 3.762437e-02
15.000000 3.535977e-02
15.250000 3.311302e-02
15.500000 3.090166e-02
15.750000 2.874403e-02
16.000000 2.665934e-02
16.250000 2.466778e-02
16.500000 2.279047e-02
16.750000 2.104936e-02
17.000000 1.946676e-02
17.250000 1.806437e-02
17.500000 1.686165e-02
17.750000 1.587339e-02
18.000000 1.510687e-02
18.250000 1.455919e-02
18.500000 1.421601e-02
18.750000 1.405237e-02
19.000000 1.403559e-02
19.250000 1.412937e-02
19.500000 1.429762e-02
19.750000 1.450740e-02
20.000000 1.473045e-02
20.250000 1.494384e-02
20.500000 1.512981e-02
20.750000 1.527532e-02
21.000000 1.537150e-02
21.250000 1.541310e-02
21.500000 1.539798e-02
21.750000 1.532675e-02
22.000000 1.520241e-02
22.250000 1.503012e-02
22.500000 1.481700e-02
22.750000 1.457194e-02
23.000000 1.430547e-02
23.250000 1.402953e-02
23.500000 1.375721e-02
23.750000 1.350241e-02
24.000000 1.327928e-02
24.250000 1.310163e-02
24.500000 1.298204e-02
24.750000 1.293100e-02
25.000000 1.295612e-02
25.250000 1.306142e-02
25.500000 1.324713e-02
25.750000 1.350975e-02
26.000000 1.384260e-02
26.250000 1.423652e-02
26.500000 1.468074e-02
26.750000 1.516365e-02
27.000000 1.567347e-02
27.250000 1.619876e-02
27.500000 1.672875e-02
27.750000 1.725354e-02
28.000000 1.776424e-02
28.250000 1.825297e-02
28.500000 1.871291e-02
28.750000 1.913821e-02
29.000000 1.952399e-02
29.250000 1.986628e-02
29.500000 2.016196e-02
29.750000 2.040871e-02
30.000000 2.060498e-02
30.250000 2.074990e-02
30.500000 2.084327e-02
30.750000 2.088551e-02
31.000000 2.087760e-02
31.250000 2.082104e-02
31.500000 2.071783e-02
31.750000 2.057042e-02
32.000000 2.038166e-02
32.250000 2.015478e-02
32.500000 1.989336e-02
32.750000 1.960128e-02
33.000000 1.928269e-02
33.250000 1.894200e-02
33.500000 1.858384e-02
33.750000 1.821304e-02
34.000000 1.783459e-02
34.250000 1.745366e-02
34.500000 1.707550e-02
34.750000 1.670551e-02
35.000000 1.634912e-02
35.250000 1.601181e-02
35.500000 1.569902e-02
35.750000 1.541612e-02
36.000000 1.516833e-02
36.250000 1.496059e-02
36.500000 1.479749e-02
36.750000 1.468316e-02
37.000000 1.462111e-02
37.250000 1.461417e-02
37.500000 1.466438e-02
37.750000 1.477293e-02
38.000000 1.494014e-02
38.250000 1.516551e-02
38.500000 1.544772e-02
38.750000 1.578475e-02
39.000000 1.617397e-02
39.250000 1.661224e-02
39.500000 1.709604e-02
39.750000 1.762149e-02
40.000000 1.818453e-02
40.250000 1.878089e-02
40.500000 1.940620e-02
40.750000 2.005602e-02
41.000000 2.072581e-02
41.250000 2.141104e-02
41.500000 2.210712e-02
41.750000 2.280947e-02
42.000000 2.351352e-02
42.250000 2.421469e-02
42.500000 2.490845e-02
42.750000 2.559029e-02
43.000000 2.625578e-02
43.250000 2.690055e-02
43.500000 2.752033e-02
43.750000 2.811094e-02
44.000000 2.866835e-02
44.250000 2.918869e-02
44.500000 2.966823e-02
44.750000 3.010347e-02
45.000000 3.049110e-02
45.250000 3.082803e-02
45.500000 3.111144e-02
45.750000 3.133876e-02
46.000000 3.150771e-02
46.250000 3.161628e-02
46.500000 3.166279e-02
46.750000 3.164586e-02
47.000000 3.156442e-02
47.250000 3.141774e-02
47.500000 3.120542e-02
47.750000 3.092740e-02
48.000000 3.058391e-02
48.250000 3.017557e-02
48.500000 2.970329e-02
48.750000 2.916830e-02
49.000000 2.857217e-02
49.250000 2.791676e-02
49.500000 2.720424e-02
49.750000 2.643709e-02
50.000000 2.561807e-02
