-50.000000 4.918551e-04
-49.750000 4.889799e-04
-49.500000 4.861283e-04
-49.250000 4.833008e-04
-49.000000 4.804979e-04
-48.750000 4.777200e-04
-48.500000 4.749676e-04
-48.250000 4.722413e-04
-48.000000 4.695414e-04
-47.750000 4.668685e-04
-47.500000 4.642231e-04
-47.250000 4.616056e-04
-47.000000 4.590167e-04
-46.750000 4.564569e-04
-46.500000 4.539266e-04
-46.250000 4.514264e-04
-46.000000 4.489568e-04
-45.750000 4.465185e-04
-45.500000 4.441120e-04
-45.250000 4.417378e-04
-45.000000 4.393965e-04
-44.750000 4.370886e-04
-44.500000 4.348149e-04
-44.250000 4.325758e-04
-44.000000 4.303719e-04
-43.750000 4.282039e-04
-43.500000 4.260724e-04
-43.250000 4.239778e-04
-43.000000 4.219210e-04
-42.750000 4.199024e-04
-42.500000 4.179226e-04
-42.250000 4.159824e-04
-42.000000 4.140822e-04
-41.750000 4.122228e-04
-41.500000 4.104047e-04
-41.250000 4.086285e-04
-41.000000 4.068949e-04
-40.750000 4.052044e-04
-40.500000 4.035577e-04
-40.250000 4.019554e-04
-40.000000 4.003980e-04
-39.750000 3.988862e-04
-39.500000 3.974205e-04
-39.250000 3.960015e-04
-39.000000 3.946298e-04
-38.750000 3.933059e-04
-38.500000 3.920305e-04
-38.250000 3.908039e-04
-38.000000 3.896268e-04
-37.750000 3.884997e-04
-37.500000 3.874231e-04
-37.250000 3.863974e-04
-37.000000 3.854232e-04
-36.750000 3.845008e-04
-36.500000 3.836308e-04
-36.250000 3.828135e-04
-36.000000 3.820493e-04
-35.750000 3.813387e-04
-35.500000 3.806820e-04
-35.250000 3.800795e-04
-35.000000 3.795316e-04
-34.750000 3.790384e-04
-34.500000 3.786004e-04
-34.250000 3.782178e-04
-34.000000 3.778907e-04
-33.750000 3.776194e-04
-33.500000 3.774040e-04
-33.250000 3.772447e-04
-33.000000 3.771417e-04
-32.750000 3.770949e-04
-32.500000 3.771044e-04
-32.250000 3.771704e-04
-32.000000 3.772927e-04
-31.750000 3.774714e-04
-31.500000 3.777065e-04
-31.250000 3.779978e-04
-31.000000 3.783452e-04
-30.750000 3.787487e-04
-30.500000 3.792080e-04
-30.250000 3.797229e-04
-30.000000 3.802934e-04
-29.750000 3.809190e-04
-29.500000 3.815996e-04
-29.250000 3.823349e-04
-29.000000 3.831245e-04
-28.750000 3.839681e-04
-28.500000 3.848653e-04
-28.250000 3.858158e-04
-28.000000 3.868192e-04
-27.750000 3.878749e-04
-27.500000 3.889827e-04
-27.250000 3.901419e-04
-27.000000 3.913521e-04
-26.750000 3.926128e-04
-26.500000 3.939234e-04
-26.250000 3.952835e-04
-26.000000 3.966924e-04
-25.750000 3.981496e-04
-25.500000 3.996545e-04
-25.250000 4.012065e-04
-25.000000 4.028049e-04
-24.750000 4.044492e-04
-24.500000 4.061387e-04
-24.250000 4.078727e-04
-24.000000 4.096507e-04
-23.750000 4.114718e-04
-23.500000 4.133355e-04
-23.250000 4.152411e-04
-23.000000 4.171878e-04
-22.750000 4.191751e-04
-22.500000 4.212021e-04
-22.250000 4.232682e-04
-22.000000 4.253727e-04
-21.750000 4.275149e-04
-21.500000 4.296940e-04
-21.250000 4.319094e-04
-21.000000 4.341604e-04
-20.750000 4.364461e-04
-20.500000 4.387660e-04
-20.250000 4.411193e-04
-20.000000 4.435052e-04
-19.750000 4.459232e-04
-19.500000 4.483724e-04
-19.250000 4.508521e-04
-19.000000 4.533618e-04
-18.750000 4.559005e-04
-18.500000 4.584678e-04
-18.250000 4.610628e-04
-18.000000 4.636849e-04
-17.750000 4.663333e-04
-17.500000 4.690075e-04
-17.250000 4.717067e-04
-17.000000 4.744302e-04
-16.750000 4.771774e-04
-16.500000 4.799477e-04
-16.250000 4.827403e-04
-16.000000 4.855546e-04
-15.750000 4.883899e-04
-15.500000 4.912457e-04
-15.250000 4.941212e-04
-15.000000 4.970159e-04
-14.750000 4.999291e-04
-14.500000 5.028602e-04
-14.250000 5.058086e-04
-14.000000 5.087736e-04
-13.750000 5.117547e-04
-13.500000 5.147513e-04
-13.250000 5.177627e-04
-13.000000 5.207884e-04
-12.750000 5.238278e-04
-12.500000 5.268804e-04
-12.250000 5.299455e-04
-12.000000 5.330226e-04
-11.750000 5.361111e-04
-11.500000 5.392105e-04
-11.250000 5.423202e-04
-11.000000 5.454398e-04
-10.750000 5.485686e-04
-10.500000 5.517060e-04
-10.250000 5.548517e-04
-10.000000 5.580051e-04
-9.750000 5.611656e-04
-9.500000 5.643328e-04
-9.250000 5.675061e-04
-9.000000 5.706850e-04
-8.750000 5.738691e-04
-8.500000 5.770578e-04
-8.250000 5.802507e-04
-8.000000 5.834473e-04
-7.750000 5.866471e-04
-7.500000 5.898496e-04
-7.250000 5.930544e-04
-7.000000 5.962610e-04
-6.750000 5.994689e-04
-6.500000 6.026777e-04
-6.250000 6.058870e-04
-6.000000 6.090962e-04
-5.750000 6.123050e-04
-5.500000 6.155129e-04
-5.250000 6.187195e-04
-5.000000 6.219243e-04
-4.750000 6.251270e-04
-4.500000 6.283270e-04
-4.250000 6.315240e-04
-4.000000 6.347176e-04
-3.750000 6.379074e-04
-3.500000 6.410929e-04
-3.250000 6.442738e-04
-3.000000 6.474496e-04
-2.750000 6.506199e-04
-2.500000 6.537844e-04
-2.250000 6.569427e-04
-2.000000 6.600943e-04
-1.750000 6.632390e-04
-1.500000 6.663762e-04
-1.250000 6.695057e-04
-1.000000 6.726271e-04
-0.750000 6.757399e-04
-0.500000 6.788439e-04
-0.250000 6.819387e-04
0.000000 6.850239e-04
0.250000 6.880991e-04
0.500000 6.911640e-04
0.750000 6.942182e-04
1.000000 6.972614e-04
1.250000 7.002933e-04
1.500000 7.033135e-04
1.750000 7.063216e-04
2.000000 7.093174e-04
2.250000 7.123004e-04
2.500000 7.152704e-04
2.750000 7.182271e-04
3.000000 7.211700e-04
3.250000 7.240989e-04
3.500000 7.270135e-04
3.750000 7.299134e-04
4.000000 7.327983e-04
4.250000 7.356679e-04
4.500000 7.385219e-04
4.750000 7.413600e-04
5.000000 7.441819e-04
5.250000 7.469873e-04
5.500000 7.497759e-04
5.750000 7.525473e-04
6.000000 7.553014e-04
6.250000 7.580377e-04
6.500000 7.607560e-04
6.750000 7.634561e-04
7.000000 7.661376e-04
7.250000 7.688003e-04
7.500000 7.714438e-04
7.750000 7.740679e-04
8.000000 7.766724e-04
8.250000 7.792569e-04
8.500000 7.818212e-04
8.750000 7.843650e-04
9.000000 7.868880e-04
9.250000 7.893901e-04
9.500000 7.918708e-04
9.750000 7.943301e-04
10.000000 7.967676e-04
10.250000 7.991830e-04
10.500000 8.015762e-04
10.750000 8.039468e-04
11.000000 8.062947e-04
11.250000 8.086195e-04
11.500000 8.109211e-04
11.750000 8.131992e-04
12.000000 8.154537e-04
12.250000 8.176841e-04
12.500000 8.198904e-04
12.750000 8.220723e-04
13.000000 8.242295e-04
13.250000 8.263620e-04
13.500000 8.284693e-04
13.750000 8.305514e-04
14.000000 8.326080e-04
14.250000 8.346389e-04
14.500000 8.366439e-04
14.750000 8.386227e-04
15.000000 8.405753e-04
15.250000 8.425014e-04
15.500000 8.444007e-04
15.750000 8.462732e-04
16.000000 8.481186e-04
16.250000 8.499367e-04
16.500000 8.517273e-04
16.750000 8.534903e-04
17.000000 8.552255e-04
17.250000 8.569327e-04
17.500000 8.586117e-04
17.750000 8.602624e-04
18.000000 8.618846e-04
18.250000 8.634781e-04
18.500000 8.650428e-04
18.750000 8.665784e-04
19.000000 8.680850e-04
19.250000 8.695622e-04
19.500000 8.710100e-04
19.750000 8.724282e-04
20.000000 8.738166e-04
20.250000 8.751752e-04
20.500000 8.765038e-04
20.750000 8.778021e-04
21.000000 8.790703e-04
21.250000 8.803080e-04
21.500000 8.815151e-04
21.750000 8.826916e-04
22.000000 8.838373e-04
22.250000 8.849522e-04
22.500000 8.860360e-04
22.750000 8.870887e-04
23.000000 8.881101e-04
23.250000 8.891003e-04
23.500000 8.900590e-04
23.750000 8.909862e-04
24.000000 8.918818e-04
24.250000 8.927457e-04
24.500000 8.935777e-04
24.750000 8.943780e-04
25.000000 8.951462e-04
25.250000 8.958824e-04
25.500000 8.965865e-04
25.750000 8.972585e-04
26.000000 8.978982e-04
26.250000 8.985056e-04
26.500000 8.990806e-04
26.750000 8.996233e-04
27.000000 9.001334e-04
27.250000 9.006111e-04
27.500000 9.010561e-04
27.750000 9.014686e-04
28.000000 9.018484e-04
28.250000 9.021956e-04
28.500000 9.025100e-04
28.750000 9.027918e-04
29.000000 9.030407e-04
29.250000 9.032569e-04
29.500000 9.034403e-04
29.750000 9.035909e-04
30.000000 9.037087e-04
30.250000 9.037937e-04
30.500000 9.038458e-04
30.750000 9.038652e-04
31.000000 9.038517e-04
31.250000 9.038055e-04
31.500000 9.037265e-04
31.750000 9.036147e-04
32.000000 9.034702e-04
32.250000 9.032930e-04
32.500000 9.030831e-04
32.750000 9.028406e-04
33.000000 9.025654e-04
33.250000 9.022578e-04
33.500000 9.019176e-04
33.750000 9.015449e-04
34.000000 9.011398e-04
34.250000 9.007024e-04
34.500000 9.002328e-04
34.750000 8.997309e-04
35.000000 8.991968e-04
35.250000 8.986308e-04
35.500000 8.980327e-04
35.750000 8.974027e-04
36.000000 8.967410e-04
36.250000 8.960475e-04
36.500000 8.953224e-04
36.750000 8.945658e-04
37.000000 8.937778e-04
37.250000 8.929585e-04
37.500000 8.921080e-04
37.750000 8.912265e-04
38.000000 8.903141e-04
38.250000 8.893708e-04
38.500000 8.883969e-04
38.750000 8.873925e-04
39.000000 8.863577e-04
39.250000 8.852927e-04
39.500000 8.841976e-04
39.750000 8.830726e-04
40.000000 8.819178e-04
40.250000 8.807334e-04
40.500000 8.795197e-04
40.750000 8.782767e-04
41.000000 8.770046e-04
41.250000 8.757037e-04
41.500000 8.743741e-04
41.750000 8.730160e-04
42.000000 8.716296e-04
42.250000 8.702152e-04
42.500000 8.687729e-04
42.750000 8.673030e-04
43.000000 8.658057e-04
43.250000 8.642812e-04
43.500000 8.627298e-04
43.750000 8.611516e-04
44.000000 8.595470e-04
44.250000 8.579161e-04
44.500000 8.562593e-04
44.750000 8.545768e-04
45.000000 8.528688e-04
45.250000 8.511357e-04
45.500000 8.493777e-04
45.750000 8.475950e-04
46.000000 8.457881e-04
46.250000 8.439571e-04
46.500000 8.421024e-04
46.750000 8.402243e-04
47.000000 8.383230e-04
47.250000 8.363990e-04
47.500000 8.344525e-04
47.750000 8.324838e-04
48.000000 8.304933e-04
48.250000 8.284814e-04
48.500000 8.264483e-04
48.750000 8.243944e-04
49.000000 8.223202e-04
49.250000 8.202258e-04
49.500000 8.181118e-04
49.750000 8.159785e-04
50.000000 8.138262e-04
