-50.000000 1.942878e-01
-49.750000 2.036754e-01
-49.500000 2.129607e-01
-49.250000 2.221116e-01
-49.000000 2.311011e-01
-48.750000 2.399052e-01
-48.500000 2.485036e-01
-48.250000 2.568778e-01
-48.000000 2.650118e-01
-47.750000 2.728910e-01
-47.500000 2.805024e-01
-47.250000 2.878343e-01
-47.000000 2.948759e-01
-46.750000 3.016175e-01
-46.500000 3.080501e-01
-46.250000 3.141656e-01
-46.000000 3.199566e-01
-45.750000 3.254162e-01
-45.500000 3.305382e-01
-45.250000 3.353170e-01
-45.000000 3.397473e-01
-44.750000 3.438246e-01
-44.500000 3.475447e-01
-44.250000 3.509039e-01
-44.000000 3.538990e-01
-43.750000 3.565271e-01
-43.500000 3.587858e-01
-43.250000 3.606732e-01
-43.000000 3.621876e-01
-42.750000 3.633280e-01
-42.500000 3.640935e-01
-42.250000 3.644837e-01
-42.000000 3.644987e-01
-41.750000 3.641389e-01
-41.500000 3.634049e-01
-41.250000 3.622980e-01
-41.000000 3.608196e-01
-40.750000 3.589717e-01
-40.500000 3.567564e-01
-40.250000 3.541764e-01
-40.000000 3.512347e-01
-39.750000 3.479345e-01
-39.500000 3.442796e-01
-39.250000 3.402741e-01
-39.000000 3.359222e-01
-38.750000 3.312288e-01
-38.500000 3.261990e-01
-38.250000 3.208383e-01
-38.000000 3.151523e-01
-37.750000 3.091474e-01
-37.500000 3.028300e-01
-37.250000 2.962070e-01
-37.000000 2.892857e-01
-36.750000 2.820737e-01
-36.500000 2.745789e-01
-36.250000 2.668098e-01
-36.000000 2.587752e-01
-35.750000 2.504845e-01
-35.500000 2.419472e-01
-35.250000 2.331737e-01
-35.000000 2.241749e-01
-34.750000 2.149623e-01
-34.500000 2.055482e-01
-34.250000 1.959457e-01
-34.000000 1.861692e-01
-33.750000 1.762345e-01
-33.500000 1.661590e-01
-33.250000 1.559625e-01
-33.000000 1.456678e-01
-32.750000 1.353023e-01
-32.500000 1.248988e-01
-32.250000 1.144992e-01
-32.000000 1.041578e-01
-31.750000 9.394814e-02
-31.500000 8.397404e-02
-31.250000 7.438671e-02
-31.000000 6.541328e-02
-30.750000 5.739856e-02
-30.500000 5.085136e-02
-30.250000 4.644386e-02
-30.000000 4.484840e-02
-29.750000 4.637984e-02
-29.500000 5.076677e-02
-29.250000 5.735770e-02
-29.000000 6.548221e-02
-28.750000 7.462651e-02
-28.500000 8.444062e-02
-28.250000 9.469357e-02
-28.000000 1.052315e-01
-27.750000 1.159488e-01
-27.500000 1.267706e-01
-27.250000 1.376415e-01
-27.000000 1.485189e-01
-26.750000 1.593690e-01
-26.500000 1.701640e-01
-26.250000 1.808802e-01
-26.000000 1.914973e-01
-25.750000 2.019971e-01
-25.500000 2.123632e-01
-25.250000 2.225805e-01
-25.000000 2.326350e-01
-24.750000 2.425139e-01
-24.500000 2.522047e-01
-24.250000 2.616958e-01
-24.000000 2.709762e-01
-23.750000 2.800352e-01
-23.500000 2.888628e-01
-23.250000 2.974492e-01
-23.000000 3.057852e-01
-22.750000 3.138618e-01
-22.500000 3.216706e-01
-22.250000 3.292033e-01
-22.000000 3.364521e-01
-21.750000 3.434096e-01
-21.500000 3.500687e-01
-21.250000 3.564225e-01
-21.000000 3.624647e-01
-20.750000 3.681893e-01
-20.500000 3.735904e-01
-20.250000 3.786628e-01
-20.000000 3.834014e-01
-19.750000 3.878017e-01
-19.500000 3.918594e-01
-19.250000 3.955706e-01
-19.000000 3.989318e-01
-18.750000 4.019400e-01
-18.500000 4.045923e-01
-18.250000 4.068865e-01
-18.000000 4.088206e-01
-17.750000 4.103931e-01
-17.500000 4.116030e-01
-17.250000 4.124494e-01
-17.000000 4.129321e-01
-16.750000 4.130514e-01
-16.500000 4.128077e-01
-16.250000 4.122022e-01
-16.000000 4.112364e-01
-15.750000 4.099123e-01
-15.500000 4.082323e-01
-15.250000 4.061994e-01
-15.000000 4.038170e-01
-14.750000 4.010891e-01
-14.500000 3.980203e-01
-14.250000 3.946156e-01
-14.000000 3.908806e-01
-13.750000 3.868217e-01
-13.500000 3.824457e-01
-13.250000 3.777601e-01
-13.000000 3.727733e-01
-12.750000 3.674941e-01
-12.500000 3.619325e-01
-12.250000 3.560991e-01
-12.000000 3.500054e-01
-11.750000 3.436640e-01
-11.500000 3.370885e-01
-11.250000 3.302939e-01
-11.000000 3.232962e-01
-10.750000 3.161131e-01
-10.500000 3.087638e-01
-10.250000 3.012694e-01
-10.000000 2.936527e-01
-9.750000 2.859393e-01
-9.500000 2.781568e-01
-9.250000 2.703359e-01
-9.000000 2.625106e-01
-8.750000 2.547182e-01
-8.500000 2.470002e-01
-8.250000 2.394023e-01
-8.000000 2.319751e-01
-7.750000 2.247744e-01
-7.500000 2.178609e-01
-7.250000 2.113010e-01
-7.000000 2.051660e-01
-6.750000 1.995315e-01
-6.500000 1.944760e-01
-6.250000 1.900794e-01
-6.000000 1.864197e-01
-5.750000 1.835706e-01
-5.500000 1.815968e-01
-5.250000 1.805510e-01
-5.000000 1.804703e-01
-4.750000 1.813734e-01
-4.500000 1.832600e-01
-4.250000 1.861109e-01
-4.000000 1.898901e-01
-3.750000 1.945474e-01
-3.500000 2.000224e-01
-3.250000 2.062478e-01
-3.000000 2.131527e-01
-2.750000 2.206658e-01
-2.500000 2.287169e-01
-2.250000 2.372391e-01
-2.000000 2.461692e-01
-1.750000 2.554484e-01
-1.500000 2.650222e-01
-1.250000 2.748409e-01
-1.000000 2.848589e-01
-0.750000 2.950344e-01
-0.500000 3.053294e-01
-0.250000 3.157091e-01
0.000000 3.261415e-01
0.250000 3.365974e-01
0.500000 3.470498e-01
0.750000 3.574740e-01
1.000000 3.678469e-01
1.250000 3.781471e-01
1.500000 3.883548e-01
1.750000 3.984516e-01
2.000000 4.084199e-01
2.250000 4.182437e-01
2.500000 4.279077e-01
2.750000 4.373975e-01
3.000000 4.466996e-01
3.250000 4.558013e-01
3.500000 4.646907e-01
3.750000 4.733563e-01
4.000000 4.817875e-01
4.250000 4.899742e-01
4.500000 4.979068e-01
4.750000 5.055765e-01
5.000000 5.129748e-01
5.250000 5.200938e-01
5.500000 5.269260e-01
5.750000 5.334645e-01
6.000000 5.397028e-01
6.250000 5.456349e-01
6.500000 5.512553e-01
6.750000 5.565589e-01
7.000000 5.615410e-01
7.250000 5.661974e-01
7.500000 5.705243e-01
7.750000 5.745182e-01
8.000000 5.781764e-01
8.250000 5.814963e-01
8.500000 5.844758e-01
8.750000 5.871133e-01
9.000000 5.894075e-01
9.250000 5.913576e-01
9.500000 5.929632e-01
9.750000 5.942243e-01
10.000000 5.951415e-01
10.250000 5.957156e-01
10.500000 5.959479e-01
10.750000 5.958401e-01
11.000000 5.953944e-01
11.250000 5.946134e-01
11.500000 5.935001e-01
11.750000 5.920580e-01
12.000000 5.902909e-01
12.250000 5.882032e-01
12.500000 5.857997e-01
12.750000 5.830857e-01
13.000000 5.800667e-01
13.250000 5.767490e-01
13.500000 5.731392e-01
13.750000 5.692444e-01
14.000000 5.650721e-01
14.250000 5.606304e-01
14.500000 5.559279e-01
14.750000 5.509737e-01
15.000000 5.457773e-01
15.250000 5.403490e-01
15.500000 5.346993e-01
15.750000 5.288397e-01
16.000000 5.227818e-01
16.250000 5.165381e-01
16.500000 5.101218e-01
16.750000 5.035466e-01
17.000000 4.968267e-01
17.250000 4.899772e-01
17.500000 4.830141e-01
17.750000 4.759536e-01
18.000000 4.688132e-01
18.250000 4.616109e-01
18.500000 4.543655e-01
18.750000 4.470967e-01
19.000000 4.398252e-01
19.250000 4.325722e-01
19.500000 4.253601e-01
19.750000 4.182119e-01
20.000000 4.111516e-01
20.250000 4.042041e-01
20.500000 3.973948e-01
20.750000 3.907500e-01
21.000000 3.842965e-01
21.250000 3.780616e-01
21.500000 3.720731e-01
21.750000 3.663586e-01
22.000000 3.609459e-01
22.250000 3.558623e-01
22.500000 3.511345e-01
22.750000 3.467881e-01
23.000000 3.428474e-01
23.250000 3.393349e-01
23.500000 3.362711e-01
23.750000 3.336738e-01
24.000000 3.315580e-01
24.250000 3.299353e-01
24.500000 3.288139e-01
24.750000 3.281985e-01
25.000000 3.280896e-01
25.250000 3.284842e-01
25.500000 3.293753e-01
25.750000 3.307524e-01
26.000000 3.326016e-01
26.250000 3.349060e-01
26.500000 3.376458e-01
26.750000 3.407989e-01
27.000000 3.443416e-01
27.250000 3.482483e-01
27.500000 3.524925e-01
27.750000 3.570470e-01
28.000000 3.618841e-01
28.250000 3.669762e-01
28.500000 3.722955e-01
28.750000 3.778151e-01
29.000000 3.835084e-01
29.250000 3.893496e-01
29.500000 3.953137e-01
29.750000 4.013768e-01
30.000000 4.075157e-01
30.250000 4.137085e-01
30.500000 4.199341e-01
30.750000 4.261728e-01
31.000000 4.324055e-01
31.250000 4.386145e-01
31.500000 4.447828e-01
31.750000 4.508946e-01
32.000000 4.569350e-01
32.250000 4.628898e-01
32.500000 4.687459e-01
32.750000 4.744909e-01
33.000000 4.801134e-01
33.250000 4.856025e-01
33.500000 4.909482e-01
33.750000 4.961411e-01
34.000000 5.011727e-01
34.250000 5.060349e-01
34.500000 5.107204e-01
34.750000 5.152222e-01
35.000000 5.195343e-01
35.250000 5.236509e-01
35.500000 5.275669e-01
35.750000 5.312777e-01
36.000000 5.347791e-01
36.250000 5.380674e-01
36.500000 5.411394e-01
36.750000 5.439923e-01
37.000000 5.466238e-01
37.250000 5.490318e-01
37.500000 5.512150e-01
37.750000 5.531720e-01
38.000000 5.549020e-01
38.250000 5.564048e-01
38.500000 5.576800e-01
38.750000 5.587281e-01
39.000000 5.595496e-01
39.250000 5.601453e-01
39.500000 5.605166e-01
39.750000 5.606649e-01
40.000000 5.605920e-01
40.250000 5.603000e-01
40.500000 5.597913e-01
40.750000 5.590686e-01
41.000000 5.581347e-01
41.250000 5.569927e-01
41.500000 5.556462e-01
41.750000 5.540987e-01
42.000000 5.523540e-01
42.250000 5.504164e-01
42.500000 5.482901e-01
42.750000 5.459796e-01
43.000000 5.434896e-01
43.250000 5.408252e-01
43.500000 5.379914e-01
43.750000 5.349935e-01
44.000000 5.318370e-01
44.250000 5.285276e-01
44.500000 5.250711e-01
44.750000 5.214735e-01
45.000000 5.177410e-01
45.250000 5.138798e-01
45.500000 5.098964e-01
45.750000 5.057974e-01
46.000000 5.015895e-01
46.250000 4.972794e-01
46.500000 4.928743e-01
46.750000 4.883811e-01
47.000000 4.838071e-01
47.250000 4.791595e-01
47.500000 4.744458e-01
47.750000 4.696733e-01
48.000000 4.648497e-01
48.250000 4.599826e-01
48.500000 4.550797e-01
48.750000 4.501488e-01
49.000000 4.451977e-01
49.250000 4.402343e-01
49.500000 4.352664e-01
49.750000 4.303021e-01
50.000000 4.253493e-01
