-50.000000 2.334049e-03
-49.750000 2.363653e-03
-49.500000 2.391498e-03
-49.250000 2.417551e-03
-49.000000 2.441784e-03
-48.750000 2.464171e-03
-48.500000 2.484690e-03
-48.250000 2.503324e-03
-48.000000 2.520060e-03
-47.750000 2.534887e-03
-47.500000 2.547802e-03
-47.250000 2.558803e-03
-47.000000 2.567892e-03
-46.750000 2.575078e-03
-46.500000 2.580370e-03
-46.250000 2.583786e-03
-46.000000 2.585343e-03
-45.750000 2.585067e-03
-45.500000 2.582984e-03
-45.250000 2.579128e-03
-45.000000 2.573534e-03
-44.750000 2.566243e-03
-44.500000 2.557300e-03
-44.250000 2.546752e-03
-44.000000 2.534653e-03
-43.750000 2.521060e-03
-43.500000 2.506032e-03
-43.250000 2.489635e-03
-43.000000 2.471937e-03
-42.750000 2.453009e-03
-42.500000 2.432929e-03
-42.250000 2.411775e-03
-42.000000 2.389630e-03
-41.750000 2.366580e-03
-41.500000 2.342716e-03
-41.250000 2.318130e-03
-41.000000 2.292917e-03
-40.750000 2.267176e-03
-40.500000 2.241006e-03
-40.250000 2.214512e-03
-40.000000 2.187798e-03
-39.750000 2.160969e-03
-39.500000 2.134134e-03
-39.250000 2.107401e-03
-39.000000 2.080877e-03
-38.750000 2.054671e-03
-38.500000 2.028890e-03
-38.250000 2.003639e-03
-38.000000 1.979022e-03
-37.750000 1.955139e-03
-37.500000 1.932086e-03
-37.250000 1.909956e-03
-37.000000 1.888834e-03
-36.750000 1.868801e-03
-36.500000 1.849929e-03
-36.250000 1.832285e-03
-36.000000 1.815923e-03
-35.750000 1.800891e-03
-35.500000 1.787227e-03
-35.250000 1.774956e-03
-35.000000 1.764096e-03
-34.750000 1.754651e-03
-34.500000 1.746617e-03
-34.250000 1.739976e-03
-34.000000 1.734704e-03
-33.750000 1.730765e-03
-33.500000 1.728113e-03
-33.250000 1.726695e-03
-33.000000 1.726453e-03
-32.750000 1.727319e-03
-32.500000 1.729223e-03
-32.250000 1.732087e-03
-32.000000 1.735834e-03
-31.750000 1.740383e-03
-31.500000 1.745652e-03
-31.250000 1.751559e-03
-31.000000 1.758024e-03
-30.750000 1.764967e-03
-30.500000 1.772311e-03
-30.250000 1.779982e-03
-30.000000 1.787910e-03
-29.750000 1.796028e-03
-29.500000 1.804273e-03
-29.250000 1.812588e-03
-29.000000 1.820921e-03
-28.750000 1.829222e-03
-28.500000 1.837450e-03
-28.250000 1.845566e-03
-28.000000 1.853537e-03
-27.750000 1.861336e-03
-27.500000 1.868939e-03
-27.250000 1.876328e-03
-27.000000 1.883490e-03
-26.750000 1.890414e-03
-26.500000 1.897096e-03
-26.250000 1.903533e-03
-26.000000 1.909728e-03
-25.750000 1.915685e-03
-25.500000 1.921413e-03
-25.250000 1.926922e-03
-25.000000 1.932225e-03
-24.750000 1.937337e-03
-24.500000 1.942274e-03
-24.250000 1.947054e-03
-24.000000 1.951694e-03
-23.750000 1.956214e-03
-23.500000 1.960633e-03
-23.250000 1.964967e-03
-23.000000 1.969237e-03
-22.750000 1.973458e-03
-22.500000 1.977646e-03
-22.250000 1.981814e-03
-22.000000 1.985976e-03
-21.750000 1.990140e-03
-21.500000 1.994315e-03
-21.250000 1.998505e-03
-21.000000 2.002713e-03
-20.750000 2.006938e-03
-20.500000 2.011175e-03
-20.250000 2.015420e-03
-20.000000 2.019660e-03
-19.750000 2.023884e-03
-19.500000 2.028075e-03
-19.250000 2.032215e-03
-19.000000 2.036280e-03
-18.750000 2.040247e-03
-18.500000 2.044088e-03
-18.250000 2.047772e-03
-18.000000 2.051268e-03
-17.750000 2.054541e-03
-17.500000 2.057555e-03
-17.250000 2.060273e-03
-17.000000 2.062655e-03
-16.750000 2.064661e-03
-16.500000 2.066251e-03
-16.250000 2.067383e-03
-16.000000 2.068015e-03
-15.750000 2.068107e-03
-15.500000 2.067616e-03
-15.250000 2.066502e-03
-15.000000 2.064726e-03
-14.750000 2.062248e-03
-14.500000 2.059032e-03
-14.250000 2.055040e-03
-14.000000 2.050239e-03
-13.750000 2.044597e-03
-13.500000 2.038083e-03
-13.250000 2.030669e-03
-13.000000 2.022331e-03
-12.750000 2.013044e-03
-12.500000 2.002790e-03
-12.250000 1.991551e-03
-12.000000 1.979313e-03
-11.750000 1.966064e-03
-11.500000 1.951798e-03
-11.250000 1.936508e-03
-11.000000 1.920194e-03
-10.750000 1.902859e-03
-10.500000 1.884507e-03
-10.250000 1.865148e-03
-10.000000 1.844794e-03
-9.750000 1.823462e-03
-9.500000 1.801172e-03
-9.250000 1.777947e-03
-9.000000 1.753815e-03
-8.750000 1.728805e-03
-8.500000 1.702954e-03
-8.250000 1.676298e-03
-8.000000 1.648879e-03
-7.750000 1.620744e-03
-7.500000 1.591941e-03
-7.250000 1.562523e-03
-7.000000 1.532546e-03
-6.750000 1.502069e-03
-6.500000 1.471157e-03
-6.250000 1.439876e-03
-6.000000 1.408296e-03
-5.750000 1.376492e-03
-5.500000 1.344540e-03
-5.250000 1.312521e-03
-5.000000 1.280518e-03
-4.750000 1.248618e-03
-4.500000 1.216910e-03
-4.250000 1.185486e-03
-4.000000 1.154440e-03
-3.750000 1.123868e-03
-3.500000 1.093869e-03
-3.250000 1.064539e-03
-3.000000 1.035979e-03
-2.750000 1.008285e-03
-2.500000 9.815548e-04
-2.250000 9.558813e-04
-2.000000 9.313537e-04
-1.750000 9.080555e-04
-1.500000 8.860629e-04
-1.250000 8.654427e-04
-1.000000 8.462510e-04
-0.750000 8.285308e-04
-0.500000 8.123109e-04
-0.250000 7.976041e-04
0.000000 7.844062e-04
0.250000 7.726953e-04
0.500000 7.624319e-04
0.750000 7.535588e-04
1.000000 7.460022e-04
1.250000 7.396734e-04
1.500000 7.344704e-04
1.750000 7.302801e-04
2.000000 7.269812e-04
2.250000 7.244458e-04
2.500000 7.225429e-04
2.750000 7.211400e-04
3.000000 7.201057e-04
3.250000 7.193113e-04
3.500000 7.186326e-04
3.750000 7.179512e-04
4.000000 7.171554e-04
4.250000 7.161412e-04
4.500000 7.148126e-04
4.750000 7.130826e-04
5.000000 7.108727e-04
5.250000 7.081135e-04
5.500000 7.047449e-04
5.750000 7.007156e-04
6.000000 6.959836e-04
6.250000 6.905159e-04
6.500000 6.842886e-04
6.750000 6.772867e-04
7.000000 6.695045e-04
7.250000 6.609455e-04
7.500000 6.516226e-04
7.750000 6.415581e-04
8.000000 6.307848e-04
8.250000 6.193454e-04
8.500000 6.072940e-04
8.750000 5.946961e-04
9.000000 5.816298e-04
9.250000 5.681866e-04
9.500000 5.544725e-04
9.750000 5.406088e-04
10.000000 5.267336e-04
10.250000 5.130026e-04
10.500000 4.995896e-04
10.750000 4.866868e-04
11.000000 4.745044e-04
11.250000 4.632680e-04
11.500000 4.532153e-04
11.750000 4.445903e-04
12.000000 4.376347e-04
12.250000 4.325784e-04
12.500000 4.296267e-04
12.750000 4.289485e-04
13.000000 4.306653e-04
13.250000 4.348431e-04
13.500000 4.414893e-04
13.750000 4.505537e-04
14.000000 4.619354e-04
14.250000 4.754914e-04
14.500000 4.910480e-04
14.750000 5.084120e-04
15.000000 5.273800e-04
15.250000 5.477466e-04
15.500000 5.693106e-04
15.750000 5.918787e-04
16.000000 6.152678e-04
16.250000 6.393070e-04
16.500000 6.638371e-04
16.750000 6.887110e-04
17.000000 7.137930e-04
17.250000 7.389579e-04
17.500000 7.640907e-04
17.750000 7.890852e-04
18.000000 8.138439e-04
18.250000 8.382767e-04
18.500000 8.623008e-04
18.750000 8.858396e-04
19.000000 9.088229e-04
19.250000 9.311861e-04
19.500000 9.528697e-04
19.750000 9.738194e-04
20.000000 9.939857e-04
20.250000 1.013323e-03
20.500000 1.031792e-03
20.750000 1.049355e-03
21.000000 1.065980e-03
21.250000 1.081639e-03
21.500000 1.096306e-03
21.750000 1.109962e-03
22.000000 1.122590e-03
22.250000 1.134176e-03
22.500000 1.144709e-03
22.750000 1.154185e-03
23.000000 1.162600e-03
23.250000 1.169954e-03
23.500000 1.176251e-03
23.750000 1.181499e-03
24.000000 1.185708e-03
24.250000 1.188890e-03
24.500000 1.191063e-03
24.750000 1.192245e-03
25.000000 1.192459e-03
25.250000 1.191730e-03
25.500000 1.190085e-03
25.750000 1.187555e-03
26.000000 1.184171e-03
26.250000 1.179970e-03
26.500000 1.174987e-03
26.750000 1.169262e-03
27.000000 1.162836e-03
27.250000 1.155752e-03
27.500000 1.148054e-03
27.750000 1.139787e-03
28.000000 1.130999e-03
28.250000 1.121736e-03
28.500000 1.112048e-03
28.750000 1.101983e-03
29.000000 1.091591e-03
29.250000 1.080921e-03
29.500000 1.070022e-03
29.750000 1.058942e-03
30.000000 1.047730e-03
30.250000 1.036433e-03
30.500000 1.025095e-03
30.750000 1.013761e-03
31.000000 1.002474e-03
31.250000 9.912717e-04
31.500000 9.801935e-04
31.750000 9.692743e-04
32.000000 9.585464e-04
32.250000 9.480394e-04
32.500000 9.377797e-04
32.750000 9.277908e-04
33.000000 9.180928e-04
33.250000 9.087028e-04
33.500000 8.996347e-04
33.750000 8.908993e-04
34.000000 8.825048e-04
34.250000 8.744566e-04
34.500000 8.667578e-04
34.750000 8.594094e-04
35.000000 8.524108e-04
35.250000 8.457600e-04
35.500000 8.394545e-04
35.750000 8.334909e-04
36.000000 8.278666e-04
36.250000 8.225789e-04
36.500000 8.176268e-04
36.750000 8.130106e-04
37.000000 8.087328e-04
37.250000 8.047982e-04
37.500000 8.012146e-04
37.750000 7.979933e-04
38.000000 7.951487e-04
38.250000 7.926994e-04
38.500000 7.906676e-04
38.750000 7.890798e-04
39.000000 7.879660e-04
39.250000 7.873606e-04
39.500000 7.873012e-04
39.750000 7.878287e-04
40.000000 7.889867e-04
40.250000 7.908214e-04
40.500000 7.933799e-04
40.750000 7.967106e-04
41.000000 8.008614e-04
41.250000 8.058795e-04
41.500000 8.118100e-04
41.750000 8.186952e-04
42.000000 8.265735e-04
42.250000 8.354789e-04
42.500000 8.454396e-04
42.750000 8.564782e-04
43.000000 8.686103e-04
43.250000 8.818448e-04
43.500000 8.961833e-04
43.750000 9.116200e-04
44.000000 9.281420e-04
44.250000 9.457292e-04
44.500000 9.643550e-04
44.750000 9.839862e-04
45.000000 1.004584e-03
45.250000 1.026104e-03
45.500000 1.048496e-03
45.750000 1.071708e-03
46.000000 1.095682e-03
46.250000 1.120359e-03
46.500000 1.145673e-03
46.750000 1.171562e-03
47.000000 1.197957e-03
47.250000 1.224791e-03
47.500000 1.251993e-03
47.750000 1.279495e-03
48.000000 1.307225e-03
48.250000 1.335115e-03
48.500000 1.363093e-03
48.750000 1.391091e-03
49.000000 1.419038e-03
49.250000 1.446869e-03
49.500000 1.474514e-03
49.750000 1.501909e-03
50.000000 1.528988e-03
