-50.000000 8.551418e-02
-49.750000 8.662101e-02
-49.500000 8.768875e-02
-49.250000 8.870468e-02
-49.000000 8.965569e-02
-48.750000 9.052845e-02
-48.500000 9.130954e-02
-48.250000 9.198556e-02
-48.000000 9.254335e-02
-47.750000 9.297001e-02
-47.500000 9.325306e-02
-47.250000 9.338052e-02
-47.000000 9.334102e-02
-46.750000 9.312384e-02
-46.500000 9.271902e-02
-46.250000 9.211738e-02
-46.000000 9.131063e-02
-45.750000 9.029137e-02
-45.500000 8.905316e-02
-45.250000 8.759057e-02
-45.000000 8.589920e-02
-44.750000 8.397570e-02
-44.500000 8.181786e-02
-44.250000 7.942456e-02
-44.000000 7.679590e-02
-43.750000 7.393318e-02
-43.500000 7.083894e-02
-43.250000 6.751711e-02
-43.000000 6.397301e-02
-42.750000 6.021359e-02
-42.500000 5.624760e-02
-42.250000 5.208596e-02
-42.000000 4.774242e-02
-41.750000 4.323456e-02
-41.500000 3.858575e-02
-41.250000 3.382877e-02
-41.000000 2.901332e-02
-40.750000 2.422237e-02
-40.500000 1.961105e-02
-40.250000 1.550194e-02
-40.000000 1.258154e-02
-39.750000 1.193278e-02
-39.500000 1.399274e-02
-39.250000 1.791658e-02
-39.000000 2.279797e-02
-38.750000 2.815954e-02
-38.500000 3.377481e-02
-38.250000 3.952618e-02
-38.000000 4.534386e-02
-37.750000 5.118073e-02
-37.500000 5.700128e-02
-37.250000 6.277643e-02
-37.000000 6.848092e-02
-36.750000 7.409192e-02
-36.500000 7.958830e-02
-36.250000 8.495018e-02
-36.000000 9.015871e-02
-35.750000 9.519593e-02
-35.500000 1.000447e-01
-35.250000 1.046889e-01
-35.000000 1.091129e-01
-34.750000 1.133023e-01
-34.500000 1.172434e-01
-34.250000 1.209236e-01
-34.000000 1.243312e-01
-33.750000 1.274558e-01
-33.500000 1.302881e-01
-33.250000 1.328199e-01
-33.000000 1.350445e-01
-32.750000 1.369566e-01
-32.500000 1.385523e-01
-32.250000 1.398293e-01
-32.000000 1.407872e-01
-31.750000 1.414271e-01
-31.500000 1.417522e-01
-31.250000 1.417676e-01
-31.000000 1.414808e-01
-30.750000 1.409015e-01
-30.500000 1.400418e-01
-30.250000 1.389168e-01
-30.000000 1.375443e-01
-29.750000 1.359452e-01
-29.500000 1.341439e-01
-29.250000 1.321684e-01
-29.000000 1.300506e-01
-28.750000 1.278266e-01
-28.500000 1.255369e-01
-28.250000 1.232264e-01
-28.000000 1.209446e-01
-27.750000 1.187450e-01
-27.500000 1.166854e-01
-27.250000 1.148260e-01
-27.000000 1.132290e-01
-26.750000 1.119562e-01
-26.500000 1.110669e-01
-26.250000 1.106152e-01
-26.000000 1.106470e-01
-25.750000 1.111979e-01
-25.500000 1.122904e-01
-25.250000 1.139333e-01
-25.000000 1.161212e-01
-24.750000 1.188357e-01
-24.500000 1.220469e-01
-24.250000 1.257156e-01
-24.000000 1.297961e-01
-23.750000 1.342383e-01
-23.500000 1.389898e-01
-23.250000 1.439974e-01
-23.000000 1.492090e-01
-22.750000 1.545735e-01
-22.500000 1.600423e-01
-22.250000 1.655691e-01
-22.000000 1.711102e-01
-21.750000 1.766245e-01
-21.500000 1.820738e-01
-21.250000 1.874222e-01
-21.000000 1.926362e-01
-20.750000 1.976850e-01
-20.500000 2.025396e-01
-20.250000 2.071736e-01
-20.000000 2.115623e-01
-19.750000 2.156833e-01
-19.500000 2.195159e-01
-19.250000 2.230413e-01
-19.000000 2.262428e-01
-18.750000 2.291050e-01
-18.500000 2.316148e-01
-18.250000 2.337604e-01
-18.000000 2.355320e-01
-17.750000 2.369212e-01
-17.500000 2.379214e-01
-17.250000 2.385278e-01
-17.000000 2.387369e-01
-16.750000 2.385470e-01
-16.500000 2.379580e-01
-16.250000 2.369712e-01
-16.000000 2.355896e-01
-15.750000 2.338175e-01
-15.500000 2.316608e-01
-15.250000 2.291268e-01
-15.000000 2.262243e-01
-14.750000 2.229633e-01
-14.500000 2.193551e-01
-14.250000 2.154125e-01
-14.000000 2.111492e-01
-13.750000 2.065804e-01
-13.500000 2.017222e-01
-13.250000 1.965918e-01
-13.000000 1.912074e-01
-12.750000 1.855881e-01
-12.500000 1.797538e-01
-12.250000 1.737254e-01
-12.000000 1.675243e-01
-11.750000 1.611726e-01
-11.500000 1.546929e-01
-11.250000 1.481084e-01
-11.000000 1.414426e-01
-10.750000 1.347192e-01
-10.500000 1.279623e-01
-10.250000 1.211959e-01
-10.000000 1.144441e-01
-9.750000 1.077309e-01
-9.500000 1.010801e-01
-9.250000 9.451508e-02
-9.000000 8.805876e-02
-8.750000 8.173348e-02
-8.500000 7.556081e-02
-8.250000 6.956136e-02
-8.000000 6.375459e-02
-7.750000 5.815859e-02
-7.500000 5.278980e-02
-7.250000 4.766270e-02
-7.000000 4.278947e-02
-6.750000 3.817954e-02
-6.500000 3.383920e-02
-6.250000 2.977110e-02
-6.000000 2.597388e-02
-5.750000 2.244197e-02
-5.500000 1.916598e-02
-5.250000 1.613413e-02
-5.000000 1.333631e-02
-4.750000 1.077386e-02
-4.500000 8.484238e-03
-4.250000 6.602294e-03
-4.000000 5.475819e-03
-3.750000 5.601093e-03
-3.500000 7.008361e-03
-3.250000 9.260420e-03
-3.000000 1.204124e-02
-2.750000 1.522085e-02
-2.500000 1.875512e-02
-2.250000 2.263234e-02
-2.000000 2.685195e-02
-1.750000 3.141622e-02
-1.500000 3.632674e-02
-1.250000 4.158318e-02
-1.000000 4.718273e-02
-0.750000 5.312010e-02
-0.500000 5.938757e-02
-0.250000 6.597521e-02
0.000000 7.287102e-02
0.250000 8.006114e-02
0.500000 8.753003e-02
0.750000 9.526061e-02
1.000000 1.032345e-01
1.250000 1.114319e-01
1.500000 1.198321e-01
1.750000 1.284134e-01
2.000000 1.371530e-01
2.250000 1.460277e-01
2.500000 1.550134e-01
2.750000 1.640854e-01
3.000000 1.732188e-01
3.250000 1.823882e-01
3.500000 1.915679e-01
3.750000 2.007322e-01
4.000000 2.098551e-01
4.250000 2.189109e-01
4.500000 2.278739e-01
4.750000 2.367185e-01
5.000000 2.454196e-01
5.250000 2.539524e-01
5.500000 2.622924e-01
5.750000 2.704161e-01
6.000000 2.783001e-01
6.250000 2.859221e-01
6.500000 2.932604e-01
6.750000 3.002942e-01
7.000000 3.070036e-01
7.250000 3.133699e-01
7.500000 3.193752e-01
7.750000 3.250029e-01
8.000000 3.302373e-01
8.250000 3.350644e-01
8.500000 3.394710e-01
8.750000 3.434455e-01
9.000000 3.469776e-01
9.250000 3.500584e-01
9.500000 3.526804e-01
9.750000 3.548376e-01
10.000000 3.565255e-01
10.250000 3.577410e-01
10.500000 3.584826e-01
10.750000 3.587502e-01
11.000000 3.585454e-01
11.250000 3.578712e-01
11.500000 3.567320e-01
11.750000 3.551340e-01
12.000000 3.530847e-01
12.250000 3.505930e-01
12.500000 3.476693e-01
12.750000 3.443256e-01
13.000000 3.405749e-01
13.250000 3.364319e-01
13.500000 3.319123e-01
13.750000 3.270333e-01
14.000000 3.218130e-01
14.250000 3.162710e-01
14.500000 3.104277e-01
14.750000 3.043045e-01
15.000000 2.979240e-01
15.250000 2.913093e-01
15.500000 2.844847e-01
15.750000 2.774749e-01
16.000000 2.703052e-01
16.250000 2.630016e-01
16.500000 2.555905e-01
16.750000 2.480983e-01
17.000000 2.405520e-01
17.250000 2.329783e-01
17.500000 2.254040e-01
17.750000 2.178556e-01
18.000000 2.103591e-01
18.250000 2.029399e-01
18.500000 1.956226e-01
18.750000 1.884309e-01
19.000000 1.813868e-01
19.250000 1.745111e-01
19.500000 1.678226e-01
19.750000 1.613380e-01
20.000000 1.550713e-01
20.250000 1.490340e-01
20.500000 1.432344e-01
20.750000 1.376774e-01
21.000000 1.323643e-01
21.250000 1.272929e-01
21.500000 1.224568e-01
21.750000 1.178461e-01
22.000000 1.134470e-01
22.250000 1.092422e-01
22.500000 1.052116e-01
22.750000 1.013320e-01
23.000000 9.757859e-02
23.250000 9.392472e-02
23.500000 9.034311e-02
23.750000 8.680629e-02
24.000000 8.328736e-02
24.250000 7.976061e-02
24.500000 7.620216e-02
24.750000 7.259060e-02
25.000000 6.890755e-02
25.250000 6.513834e-02
25.500000 6.127278e-02
25.750000 5.730610e-02
26.000000 5.324032e-02
26.250000 4.908634e-02
26.500000 4.486720e-02
26.750000 4.062349e-02
27.000000 3.642243e-02
27.250000 3.237295e-02
27.500000 2.864968e-02
27.750000 2.552379e-02
28.000000 2.337782e-02
28.250000 2.263694e-02
28.500000 2.356727e-02
28.750000 2.610260e-02
29.000000 2.992650e-02
29.250000 3.468320e-02
29.500000 4.009188e-02
29.750000 4.595744e-02
30.000000 5.214743e-02
30.250000 5.856961e-02
30.500000 6.515649e-02
30.750000 7.185590e-02
31.000000 7.862535e-02
31.250000 8.542855e-02
31.500000 9.223339e-02
31.750000 9.901062e-02
32.000000 1.057330e-01
32.250000 1.123750e-01
32.500000 1.189123e-01
32.750000 1.253214e-01
33.000000 1.315802e-01
33.250000 1.376672e-01
33.500000 1.435620e-01
33.750000 1.492448e-01
34.000000 1.546972e-01
34.250000 1.599013e-01
34.500000 1.648405e-01
34.750000 1.694992e-01
35.000000 1.738628e-01
35.250000 1.779180e-01
35.500000 1.816527e-01
35.750000 1.850560e-01
36.000000 1.881182e-01
36.250000 1.908313e-01
36.500000 1.931884e-01
36.750000 1.951842e-01
37.000000 1.968150e-01
37.250000 1.980783e-01
37.500000 1.989735e-01
37.750000 1.995016e-01
38.000000 1.996652e-01
38.250000 1.994686e-01
38.500000 1.989178e-01
38.750000 1.980206e-01
39.000000 1.967868e-01
39.250000 1.952278e-01
39.500000 1.933570e-01
39.750000 1.911898e-01
40.000000 1.887436e-01
40.250000 1.860377e-01
40.500000 1.830935e-01
40.750000 1.799346e-01
41.000000 1.765868e-01
41.250000 1.730780e-01
41.500000 1.694383e-01
41.750000 1.657001e-01
42.000000 1.618979e-01
42.250000 1.580684e-01
42.500000 1.542503e-01
42.750000 1.504840e-01
43.000000 1.468111e-01
43.250000 1.432743e-01
43.500000 1.399167e-01
43.750000 1.367804e-01
44.000000 1.339063e-01
44.250000 1.313320e-01
44.500000 1.290912e-01
44.750000 1.272117e-01
45.000000 1.257147e-01
45.250000 1.246129e-01
45.500000 1.239100e-01
45.750000 1.236008e-01
46.000000 1.236703e-01
46.250000 1.240953e-01
46.500000 1.248449e-01
46.750000 1.258820e-01
47.000000 1.271648e-01
47.250000 1.286485e-01
47.500000 1.302863e-01
47.750000 1.320313e-01
48.000000 1.338371e-01
48.250000 1.356587e-01
48.500000 1.374534e-01
48.750000 1.391808e-01
49.000000 1.408035e-01
49.250000 1.422869e-01
49.500000 1.435995e-01
49.750000 1.447130e-01
50.000000 1.456017e-01
