-50.000000 4.817035e-03
-49.750000 4.818007e-03
-49.500000 4.818948e-03
-49.250000 4.819858e-03
-49.000000 4.820737e-03
-48.750000 4.821586e-03
-48.500000 4.822405e-03
-48.250000 4.823192e-03
-48.000000 4.823949e-03
-47.750000 4.824675e-03
-47.500000 4.825371e-03
-47.250000 4.826036e-03
-47.000000 4.826670e-03
-46.750000 4.827274e-03
-46.500000 4.827847e-03
-46.250000 4.828390e-03
-46.000000 4.828902e-03
-45.750000 4.829383e-03
-45.500000 4.829834e-03
-45.250000 4.830254e-03
-45.000000 4.830644e-03
-44.750000 4.831003e-03
-44.500000 4.831331e-03
-44.250000 4.831630e-03
-44.000000 4.831897e-03
-43.750000 4.832134e-03
-43.500000 4.832341e-03
-43.250000 4.832517e-03
-43.000000 4.832662e-03
-42.750000 4.832777e-03
-42.500000 4.832862e-03
-42.250000 4.832917e-03
-42.000000 4.832940e-03
-41.750000 4.832934e-03
-41.500000 4.832897e-03
-41.250000 4.832830e-03
-41.000000 4.832732e-03
-40.750000 4.832605e-03
-40.500000 4.832446e-03
-40.250000 4.832258e-03
-40.000000 4.832039e-03
-39.750000 4.831791e-03
-39.500000 4.831511e-03
-39.250000 4.831202e-03
-39.000000 4.830863e-03
-38.750000 4.830493e-03
-38.500000 4.830093e-03
-38.250000 4.829664e-03
-38.000000 4.829204e-03
-37.750000 4.828714e-03
-37.500000 4.828194e-03
-37.250000 4.827644e-03
-37.000000 4.827064e-03
-36.750000 4.826454e-03
-36.500000 4.825814e-03
-36.250000 4.825145e-03
-36.000000 4.824445e-03
-35.750000 4.823716e-03
-35.500000 4.822957e-03
-35.250000 4.822168e-03
-35.000000 4.821349e-03
-34.750000 4.820501e-03
-34.500000 4.819622e-03
-34.250000 4.818715e-03
-34.000000 4.817777e-03
-33.750000 4.816810e-03
-33.500000 4.815814e-03
-33.250000 4.814788e-03
-33.000000 4.813732e-03
-32.750000 4.812647e-03
-32.500000 4.811533e-03
-32.250000 4.810389e-03
-32.000000 4.809216e-03
-31.750000 4.808014e-03
-31.500000 4.806782e-03
-31.250000 4.805521e-03
-31.000000 4.804231e-03
-30.750000 4.802911e-03
-30.500000 4.801563e-03
-30.250000 4.800186e-03
-30.000000 4.798779e-03
-29.750000 4.797343e-03
-29.500000 4.795879e-03
-29.250000 4.794386e-03
-29.000000 4.792863e-03
-28.750000 4.791312e-03
-28.500000 4.789732e-03
-28.250000 4.788124e-03
-28.000000 4.786486e-03
-27.750000 4.784820e-03
-27.500000 4.783125e-03
-27.250000 4.781402e-03
-27.000000 4.779650e-03
-26.750000 4.777870e-03
-26.500000 4.776062e-03
-26.250000 4.774224e-03
-26.000000 4.772359e-03
-25.750000 4.770465e-03
-25.500000 4.768543e-03
-25.250000 4.766593e-03
-25.000000 4.764615e-03
-24.750000 4.762609e-03
-24.500000 4.760574e-03
-24.250000 4.758512e-03
-24.000000 4.756422e-03
-23.750000 4.754303e-03
-23.500000 4.752157e-03
-23.250000 4.749983e-03
-23.000000 4.747782e-03
-22.750000 4.745552e-03
-22.500000 4.743296e-03
-22.250000 4.741011e-03
-22.000000 4.738699e-03
-21.750000 4.736360e-03
-21.500000 4.733993e-03
-21.250000 4.731598e-03
-21.000000 4.729177e-03
-20.750000 4.726728e-03
-20.500000 4.724252e-03
-20.250000 4.721749e-03
-20.000000 4.719219e-03
-19.750000 4.716662e-03
-19.500000 4.714078e-03
-19.250000 4.711467e-03
-19.000000 4.708829e-03
-18.750000 4.706165e-03
-18.500000 4.703473e-03
-18.250000 4.700755e-03
-18.000000 4.698011e-03
-17.750000 4.695240e-03
-17.500000 4.692442e-03
-17.250000 4.689618e-03
-17.000000 4.686768e-03
-16.750000 4.683892e-03
-16.500000 4.680989e-03
-16.250000 4.678060e-03
-16.000000 4.675105e-03
-15.750000 4.672125e-03
-15.500000 4.669118e-03
-15.250000 4.666085e-03
-15.000000 4.663027e-03
-14.750000 4.659942e-03
-14.500000 4.656832e-03
-14.250000 4.653697e-03
-14.000000 4.650536e-03
-13.750000 4.647349e-03
-13.500000 4.644137e-03
-13.250000 4.640900e-03
-13.000000 4.637638e-03
-12.750000 4.634350e-03
-12.500000 4.631037e-03
-12.250000 4.627699e-03
-12.000000 4.624336e-03
-11.750000 4.620949e-03
-11.500000 4.617536e-03
-11.250000 4.614099e-03
-11.000000 4.610637e-03
-10.750000 4.607150e-03
-10.500000 4.603639e-03
-10.250000 4.600103e-03
-10.000000 4.596543e-03
-9.750000 4.592959e-03
-9.500000 4.589350e-03
-9.250000 4.585718e-03
-9.000000 4.582061e-03
-8.750000 4.578380e-03
-8.500000 4.574675e-03
-8.250000 4.570947e-03
-8.000000 4.567195e-03
-7.750000 4.563419e-03
-7.500000 4.559619e-03
-7.250000 4.555796e-03
-7.000000 4.551949e-03
-6.750000 4.548079e-03
-6.500000 4.544186e-03
-6.250000 4.540269e-03
-6.000000 4.536330e-03
-5.750000 4.532367e-03
-5.500000 4.528381e-03
-5.250000 4.524373e-03
-5.000000 4.520341e-03
-4.750000 4.516287e-03
-4.500000 4.512211e-03
-4.250000 4.508111e-03
-4.000000 4.503990e-03
-3.750000 4.499845e-03
-3.500000 4.495679e-03
-3.250000 4.491490e-03
-3.000000 4.487279e-03
-2.750000 4.483047e-03
-2.500000 4.478792e-03
-2.250000 4.474515e-03
-2.000000 4.470217e-03
-1.750000 4.465896e-03
-1.500000 4.461555e-03
-1.250000 4.457191e-03
-1.000000 4.452807e-03
-0.750000 4.448400e-03
-0.500000 4.443973e-03
-0.250000 4.439524e-03
0.000000 4.435055e-03
0.250000 4.430564e-03
0.500000 4.426053e-03
0.750000 4.421520e-03
1.000000 4.416967e-03
1.250000 4.412393e-03
1.500000 4.407799e-03
1.750000 4.403184e-03
2.000000 4.398549e-03
2.250000 4.393894e-03
2.500000 4.389219e-03
2.750000 4.384523e-03
3.000000 4.379807e-03
3.250000 4.375072e-03
3.500000 4.370317e-03
3.750000 4.365542e-03
4.000000 4.360747e-03
4.250000 4.355933e-03
4.500000 4.351099e-03
4.750000 4.346246e-03
5.000000 4.341374e-03
5.250000 4.336483e-03
5.500000 4.331573e-03
5.750000 4.326643e-03
6.000000 4.321695e-03
6.250000 4.316728e-03
6.500000 4.311743e-03
6.750000 4.306739e-03
7.000000 4.301716e-03
7.250000 4.296675e-03
7.500000 4.291616e-03
7.750000 4.286539e-03
8.000000 4.281443e-03
8.250000 4.276330e-03
8.500000 4.271199e-03
8.750000 4.266049e-03
9.000000 4.260883e-03
9.250000 4.255698e-03
9.500000 4.250497e-03
9.750000 4.245278e-03
10.000000 4.240041e-03
10.250000 4.234788e-03
10.500000 4.229517e-03
10.750000 4.224229e-03
11.000000 4.218925e-03
11.250000 4.213604e-03
11.500000 4.208266e-03
11.750000 4.202911e-03
12.000000 4.197540e-03
12.250000 4.192153e-03
12.500000 4.186749e-03
12.750000 4.181330e-03
13.000000 4.175894e-03
13.250000 4.170442e-03
13.500000 4.164975e-03
13.750000 4.159492e-03
14.000000 4.153993e-03
14.250000 4.148478e-03
14.500000 4.142948e-03
14.750000 4.137403e-03
15.000000 4.131843e-03
15.250000 4.126267e-03
15.500000 4.120677e-03
15.750000 4.115072e-03
16.000000 4.109452e-03
16.250000 4.103817e-03
16.500000 4.098167e-03
16.750000 4.092504e-03
17.000000 4.086825e-03
17.250000 4.081133e-03
17.500000 4.075426e-03
17.750000 4.069706e-03
18.000000 4.063971e-03
18.250000 4.058223e-03
18.500000 4.052460e-03
18.750000 4.046685e-03
19.000000 4.040895e-03
19.250000 4.035093e-03
19.500000 4.029277e-03
19.750000 4.023448e-03
20.000000 4.017606e-03
20.250000 4.011750e-03
20.500000 4.005882e-03
20.750000 4.000002e-03
21.000000 3.994108e-03
21.250000 3.988202e-03
21.500000 3.982284e-03
21.750000 3.976354e-03
22.000000 3.970411e-03
22.250000 3.964456e-03
22.500000 3.958489e-03
22.750000 3.952510e-03
23.000000 3.946520e-03
23.250000 3.940518e-03
23.500000 3.934504e-03
23.750000 3.928479e-03
24.000000 3.922443e-03
24.250000 3.916395e-03
24.500000 3.910337e-03
24.750000 3.904267e-03
25.000000 3.898187e-03
25.250000 3.892096e-03
25.500000 3.885994e-03
25.750000 3.879881e-03
26.000000 3.873759e-03
26.250000 3.867626e-03
26.500000 3.861482e-03
26.750000 3.855329e-03
27.000000 3.849166e-03
27.250000 3.842993e-03
27.500000 3.836810e-03
27.750000 3.830617e-03
28.000000 3.824415e-03
28.250000 3.818204e-03
28.500000 3.811983e-03
28.750000 3.805753e-03
29.000000 3.799514e-03
29.250000 3.793266e-03
29.500000 3.787009e-03
29.750000 3.780744e-03
30.000000 3.774470e-03
30.250000 3.768187e-03
30.500000 3.761896e-03
30.750000 3.755597e-03
31.000000 3.749290e-03
31.250000 3.742974e-03
31.500000 3.736651e-03
31.750000 3.730320e-03
32.000000 3.723981e-03
32.250000 3.717634e-03
32.500000 3.711280e-03
32.750000 3.704919e-03
33.000000 3.698550e-03
33.250000 3.692175e-03
33.500000 3.685792e-03
33.750000 3.679402e-03
34.000000 3.673006e-03
34.250000 3.666603e-03
34.500000 3.660193e-03
34.750000 3.653777e-03
35.000000 3.647355e-03
35.250000 3.640926e-03
35.500000 3.634491e-03
35.750000 3.628050e-03
36.000000 3.621604e-03
36.250000 3.615151e-03
36.500000 3.608693e-03
36.750000 3.602230e-03
37.000000 3.595761e-03
37.250000 3.589286e-03
37.500000 3.582807e-03
37.750000 3.576322e-03
38.000000 3.569833e-03
38.250000 3.563338e-03
38.500000 3.556839e-03
38.750000 3.550335e-03
39.000000 3.543827e-03
39.250000 3.537314e-03
39.500000 3.530797e-03
39.750000 3.524276e-03
40.000000 3.517751e-03
40.250000 3.511222e-03
40.500000 3.504689e-03
40.750000 3.498152e-03
41.000000 3.491612e-03
41.250000 3.485068e-03
41.500000 3.478521e-03
41.750000 3.471971e-03
42.000000 3.465417e-03
42.250000 3.458860e-03
42.500000 3.452301e-03
42.750000 3.445739e-03
43.000000 3.439173e-03
43.250000 3.432606e-03
43.500000 3.426036e-03
43.750000 3.419463e-03
44.000000 3.412889e-03
44.250000 3.406312e-03
44.500000 3.399733e-03
44.750000 3.393152e-03
45.000000 3.386570e-03
45.250000 3.379986e-03
45.500000 3.373400e-03
45.750000 3.366812e-03
46.000000 3.360224e-03
46.250000 3.353634e-03
46.500000 3.347043e-03
46.750000 3.340451e-03
47.000000 3.333858e-03
47.250000 3.327265e-03
47.500000 3.320670e-03
47.750000 3.314075e-03
48.000000 3.307480e-03
48.250000 3.300884e-03
48.500000 3.294289e-03
48.750000 3.287692e-03
49.000000 3.281096e-03
49.250000 3.274500e-03
49.500000 3.267905e-03
49.750000 3.261309e-03
50.000000 3.254714e-03
