-50.000000 1.124341e-03
-49.750000 1.121983e-03
-49.500000 1.119149e-03
-49.250000 1.115838e-03
-49.000000 1.112050e-03
-48.750000 1.107788e-03
-48.500000 1.103050e-03
-48.250000 1.097841e-03
-48.000000 1.092163e-03
-47.750000 1.086018e-03
-47.500000 1.079410e-03
-47.250000 1.072343e-03
-47.000000 1.064822e-03
-46.750000 1.056852e-03
-46.500000 1.048439e-03
-46.250000 1.039588e-03
-46.000000 1.030306e-03
-45.750000 1.020599e-03
-45.500000 1.010475e-03
-45.250000 9.999422e-04
-45.000000 9.890073e-04
-44.750000 9.776793e-04
-44.500000 9.659667e-04
-44.250000 9.538785e-04
-44.000000 9.414241e-04
-43.750000 9.286130e-04
-43.500000 9.154551e-04
-43.250000 9.019607e-04
-43.000000 8.881401e-04
-42.750000 8.740040e-04
-42.500000 8.595633e-04
-42.250000 8.448292e-04
-42.000000 8.298132e-04
-41.750000 8.145268e-04
-41.500000 7.989819e-04
-41.250000 7.831905e-04
-41.000000 7.671651e-04
-40.750000 7.509181e-04
-40.500000 7.344623e-04
-40.250000 7.178107e-04
-40.000000 7.009768e-04
-39.750000 6.839741e-04
-39.500000 6.668165e-04
-39.250000 6.495184e-04
-39.000000 6.320945e-04
-38.750000 6.145601e-04
-38.500000 5.969307e-04
-38.250000 5.792229e-04
-38.000000 5.614536e-04
-37.750000 5.436407e-04
-37.500000 5.258032e-04
-37.250000 5.079610e-04
-37.000000 4.901355e-04
-36.750000 4.723497e-04
-36.500000 4.546286e-04
-36.250000 4.369994e-04
-36.000000 4.194919e-04
-35.750000 4.021395e-04
-35.500000 3.849792e-04
-35.250000 3.680528e-04
-35.000000 3.514077e-04
-34.750000 3.350981e-04
-34.500000 3.191861e-04
-34.250000 3.037431e-04
-34.000000 2.888516e-04
-33.750000 2.746066e-04
-33.500000 2.611171e-04
-33.250000 2.485072e-04
-33.000000 2.369161e-04
-32.750000 2.264962e-04
-32.500000 2.174096e-04
-32.250000 2.098205e-04
-32.000000 2.038844e-04
-31.750000 1.997344e-04
-31.500000 1.974666e-04
-31.250000 1.971272e-04
-31.000000 1.987054e-04
-30.750000 2.021344e-04
-30.500000 2.072991e-04
-30.250000 2.140503e-04
-30.000000 2.222190e-04
-29.750000 2.316309e-04
-29.500000 2.421166e-04
-29.250000 2.535189e-04
-29.000000 2.656959e-04
-28.750000 2.785226e-04
-28.500000 2.918908e-04
-28.250000 3.057071e-04
-28.000000 3.198921e-04
-27.750000 3.343778e-04
-27.500000 3.491068e-04
-27.250000 3.640299e-04
-27.000000 3.791056e-04
-26.750000 3.942983e-04
-26.500000 4.095776e-04
-26.250000 4.249174e-04
-26.000000 4.402956e-04
-25.750000 4.556929e-04
-25.500000 4.710928e-04
-25.250000 4.864811e-04
-25.000000 5.018455e-04
-24.750000 5.171755e-04
-24.500000 5.324619e-04
-24.250000 5.476968e-04
-24.000000 5.628735e-04
-23.750000 5.779862e-04
-23.500000 5.930301e-04
-23.250000 6.080008e-04
-23.000000 6.228949e-04
-22.750000 6.377095e-04
-22.500000 6.524421e-04
-22.250000 6.670909e-04
-22.000000 6.816544e-04
-21.750000 6.961313e-04
-21.500000 7.105208e-04
-21.250000 7.248225e-04
-21.000000 7.390361e-04
-20.750000 7.531614e-04
-20.500000 7.671988e-04
-20.250000 7.811484e-04
-20.000000 7.950107e-04
-19.750000 8.087864e-04
-19.500000 8.224761e-04
-19.250000 8.360806e-04
-19.000000 8.496006e-04
-18.750000 8.630372e-04
-18.500000 8.763910e-04
-18.250000 8.896631e-04
-18.000000 9.028544e-04
-17.750000 9.159656e-04
-17.500000 9.289975e-04
-17.250000 9.419510e-04
-17.000000 9.548267e-04
-16.750000 9.676253e-04
-16.500000 9.803472e-04
-16.250000 9.929929e-04
-16.000000 1.005563e-03
-15.750000 1.018057e-03
-15.500000 1.030475e-03
-15.250000 1.042818e-03
-15.000000 1.055085e-03
-14.750000 1.067275e-03
-14.500000 1.079389e-03
-14.250000 1.091425e-03
-14.000000 1.103383e-03
-13.750000 1.115261e-03
-13.500000 1.127059e-03
-13.250000 1.138776e-03
-13.000000 1.150409e-03
-12.750000 1.161958e-03
-12.500000 1.173421e-03
-12.250000 1.184795e-03
-12.000000 1.196078e-03
-11.750000 1.207270e-03
-11.500000 1.218366e-03
-11.250000 1.229366e-03
-11.000000 1.240266e-03
-10.750000 1.251063e-03
-10.500000 1.261756e-03
-10.250000 1.272341e-03
-10.000000 1.282816e-03
-9.750000 1.293178e-03
-9.500000 1.303423e-03
-9.250000 1.313550e-03
-9.000000 1.323554e-03
-8.750000 1.333433e-03
-8.500000 1.343185e-03
-8.250000 1.352806e-03
-8.000000 1.362293e-03
-7.750000 1.371644e-03
-7.500000 1.380857e-03
-7.250000 1.389927e-03
-7.000000 1.398853e-03
-6.750000 1.407633e-03
-6.500000 1.416265e-03
-6.250000 1.424745e-03
-6.000000 1.433073e-03
-5.750000 1.441247e-03
-5.500000 1.449264e-03
-5.250000 1.457124e-03
-5.000000 1.464826e-03
-4.750000 1.472369e-03
-4.500000 1.479751e-03
-4.250000 1.486973e-03
-4.000000 1.494034e-03
-3.750000 1.500934e-03
-3.500000 1.507674e-03
-3.250000 1.514254e-03
-3.000000 1.520676e-03
-2.750000 1.526940e-03
-2.500000 1.533048e-03
-2.250000 1.539001e-03
-2.000000 1.544802e-03
-1.750000 1.550452e-03
-1.500000 1.555955e-03
-1.250000 1.561314e-03
-1.000000 1.566530e-03
-0.750000 1.571608e-03
-0.500000 1.576552e-03
-0.250000 1.581364e-03
0.000000 1.586050e-03
0.250000 1.590614e-03
0.500000 1.595060e-03
0.750000 1.599393e-03
1.000000 1.603617e-03
1.250000 1.607739e-03
1.500000 1.611762e-03
1.750000 1.615693e-03
2.000000 1.619537e-03
2.250000 1.623300e-03
2.500000 1.626987e-03
2.750000 1.630603e-03
3.000000 1.634155e-03
3.250000 1.637648e-03
3.500000 1.641088e-03
3.750000 1.644480e-03
4.000000 1.647830e-03
4.250000 1.651143e-03
4.500000 1.654424e-03
4.750000 1.657679e-03
5.000000 1.660912e-03
5.250000 1.664129e-03
5.500000 1.667333e-03
5.750000 1.670529e-03
6.000000 1.673721e-03
6.250000 1.676912e-03
6.500000 1.680105e-03
6.750000 1.683305e-03
7.000000 1.686513e-03
7.250000 1.689731e-03
7.500000 1.692962e-03
7.750000 1.696207e-03
8.000000 1.699467e-03
8.250000 1.702742e-03
8.500000 1.706034e-03
8.750000 1.709341e-03
9.000000 1.712664e-03
9.250000 1.716000e-03
9.500000 1.719349e-03
9.750000 1.722709e-03
10.000000 1.726077e-03
10.250000 1.729450e-03
10.500000 1.732826e-03
10.750000 1.736201e-03
11.000000 1.739571e-03
11.250000 1.742931e-03
11.500000 1.746278e-03
11.750000 1.749606e-03
12.000000 1.752909e-03
12.250000 1.756183e-03
12.500000 1.759421e-03
12.750000 1.762618e-03
13.000000 1.765766e-03
13.250000 1.768861e-03
13.500000 1.771894e-03
13.750000 1.774859e-03
14.000000 1.777750e-03
14.250000 1.780559e-03
14.500000 1.783279e-03
14.750000 1.785904e-03
15.000000 1.788425e-03
15.250000 1.790837e-03
15.500000 1.793131e-03
15.750000 1.795302e-03
16.000000 1.797342e-03
16.250000 1.799244e-03
16.500000 1.801002e-03
16.750000 1.802610e-03
17.000000 1.804061e-03
17.250000 1.805350e-03
17.500000 1.806470e-03
17.750000 1.807416e-03
18.000000 1.808183e-03
18.250000 1.808766e-03
18.500000 1.809161e-03
18.750000 1.809362e-03
19.000000 1.809367e-03
19.250000 1.809171e-03
19.500000 1.808771e-03
19.750000 1.808164e-03
20.000000 1.807348e-03
20.250000 1.806320e-03
20.500000 1.805079e-03
20.750000 1.803624e-03
21.000000 1.801953e-03
21.250000 1.800066e-03
21.500000 1.797962e-03
21.750000 1.795642e-03
22.000000 1.793106e-03
22.250000 1.790356e-03
22.500000 1.787392e-03
22.750000 1.784216e-03
23.000000 1.780830e-03
23.250000 1.777238e-03
23.500000 1.773440e-03
23.750000 1.769440e-03
24.000000 1.765243e-03
24.250000 1.760850e-03
24.500000 1.756267e-03
24.750000 1.751497e-03
25.000000 1.746545e-03
25.250000 1.741416e-03
25.500000 1.736113e-03
25.750000 1.730643e-03
26.000000 1.725011e-03
26.250000 1.719221e-03
26.500000 1.713280e-03
26.750000 1.707192e-03
27.000000 1.700964e-03
27.250000 1.694602e-03
27.500000 1.688110e-03
27.750000 1.681495e-03
28.000000 1.674762e-03
28.250000 1.667917e-03
28.500000 1.660966e-03
28.750000 1.653914e-03
29.000000 1.646767e-03
29.250000 1.639530e-03
29.500000 1.632209e-03
29.750000 1.624807e-03
30.000000 1.617331e-03
30.250000 1.609784e-03
30.500000 1.602172e-03
30.750000 1.594497e-03
31.000000 1.586766e-03
31.250000 1.578980e-03
31.500000 1.571144e-03
31.750000 1.563261e-03
32.000000 1.555334e-03
32.250000 1.547365e-03
32.500000 1.539356e-03
32.750000 1.531311e-03
33.000000 1.523230e-03
33.250000 1.515116e-03
33.500000 1.506969e-03
33.750000 1.498790e-03
34.000000 1.490581e-03
34.250000 1.482342e-03
34.500000 1.474072e-03
34.750000 1.465773e-03
35.000000 1.457444e-03
35.250000 1.449084e-03
35.500000 1.440693e-03
35.750000 1.432271e-03
36.000000 1.423817e-03
36.250000 1.415329e-03
36.500000 1.406807e-03
36.750000 1.398250e-03
37.000000 1.389657e-03
37.250000 1.381026e-03
37.500000 1.372357e-03
37.750000 1.363649e-03
38.000000 1.354901e-03
38.250000 1.346112e-03
38.500000 1.337281e-03
38.750000 1.328408e-03
39.000000 1.319493e-03
39.250000 1.310535e-03
39.500000 1.301534e-03
39.750000 1.292492e-03
40.000000 1.283407e-03
40.250000 1.274283e-03
40.500000 1.265119e-03
40.750000 1.255917e-03
41.000000 1.246680e-03
41.250000 1.237409e-03
41.500000 1.228107e-03
41.750000 1.218778e-03
42.000000 1.209425e-03
42.250000 1.200051e-03
42.500000 1.190662e-03
42.750000 1.181262e-03
43.000000 1.171857e-03
43.250000 1.162451e-03
43.500000 1.153050e-03
43.750000 1.143663e-03
44.000000 1.134294e-03
44.250000 1.124952e-03
44.500000 1.115645e-03
44.750000 1.106379e-03
45.000000 1.097163e-03
45.250000 1.088007e-03
45.500000 1.078919e-03
45.750000 1.069907e-03
46.000000 1.060982e-03
46.250000 1.052153e-03
46.500000 1.043429e-03
46.750000 1.034820e-03
47.000000 1.026336e-03
47.250000 1.017987e-03
47.500000 1.009782e-03
47.750000 1.001730e-03
48.000000 9.938416e-04
48.250000 9.861251e-04
48.500000 9.785895e-04
48.750000 9.712430e-04
49.000000 9.640936e-04
49.250000 9.571488e-04
49.500000 9.504155e-04
49.750000 9.439000e-04
50.000000 9.376080e-04
