-50.000000 6.920922e-04
-49.750000 7.119053e-04
-49.500000 7.313184e-04
-49.250000 7.504461e-04
-49.000000 7.693510e-04
-48.750000 7.880376e-04
-48.500000 8.064500e-04
-48.250000 8.244734e-04
-48.000000 8.419384e-04
-47.750000 8.586281e-04
-47.500000 8.742880e-04
-47.250000 8.886358e-04
-47.000000 9.013735e-04
-46.750000 9.121977e-04
-46.500000 9.208109e-04
-46.250000 9.269315e-04
-46.000000 9.303022e-04
-45.750000 9.306981e-04
-45.500000 9.279335e-04
-45.250000 9.218669e-04
-45.000000 9.124062e-04
-44.750000 8.995116e-04
-44.500000 8.831990e-04
-44.250000 8.635420e-04
-44.000000 8.406740e-04
-43.750000 8.147898e-04
-43.500000 7.861479e-04
-43.250000 7.550728e-04
-43.000000 7.219583e-04
-42.750000 6.872724e-04
-42.500000 6.515631e-04
-42.250000 6.154657e-04
-42.000000 5.797113e-04
-41.750000 5.451329e-04
-41.500000 5.126653e-04
-41.250000 4.833300e-04
-41.000000 4.581922e-04
-40.750000 4.382771e-04
-40.500000 4.244425e-04
-40.250000 4.172282e-04
-40.000000 4.167325e-04
-39.750000 4.225736e-04
-39.500000 4.339602e-04
-39.250000 4.498393e-04
-39.000000 4.690594e-04
-38.750000 4.904984e-04
-38.500000 5.131407e-04
-38.250000 5.361091e-04
-38.000000 5.586678e-04
-37.750000 5.802113e-04
-37.500000 6.002476e-04
-37.250000 6.183812e-04
-37.000000 6.342977e-04
-36.750000 6.477508e-04
-36.500000 6.585519e-04
-36.250000 6.665617e-04
-36.000000 6.716834e-04
-35.750000 6.738576e-04
-35.500000 6.730583e-04
-35.250000 6.692894e-04
-35.000000 6.625824e-04
-34.750000 6.529943e-04
-34.500000 6.406057e-04
-34.250000 6.255200e-04
-34.000000 6.078617e-04
-33.750000 5.877759e-04
-33.500000 5.654268e-04
-33.250000 5.409966e-04
-33.000000 5.146852e-04
-32.750000 4.867079e-04
-32.500000 4.572948e-04
-32.250000 4.266894e-04
-32.000000 3.951464e-04
-31.750000 3.629307e-04
-31.500000 3.303156e-04
-31.250000 2.975813e-04
-31.000000 2.650138e-04
-30.750000 2.329050e-04
-30.500000 2.015542e-04
-30.250000 1.712727e-04
-30.000000 1.423963e-04
-29.750000 1.153125e-04
-29.500000 9.052448e-05
-29.250000 6.880027e-05
-29.000000 5.150355e-05
-28.750000 4.097241e-05
-28.500000 3.921255e-05
-28.250000 4.433276e-05
-28.000000 5.214142e-05
-27.750000 5.986416e-05
-27.500000 6.620456e-05
-27.250000 7.057811e-05
-27.000000 7.271958e-05
-26.750000 7.252465e-05
-26.500000 6.998754e-05
-26.250000 6.518127e-05
-26.000000 5.826811e-05
-25.750000 4.955844e-05
-25.500000 3.970585e-05
-25.250000 3.036781e-05
-25.000000 2.590388e-05
-24.750000 3.171426e-05
-24.500000 4.589671e-05
-24.250000 6.436511e-05
-24.000000 8.524905e-05
-23.750000 1.077453e-04
-23.500000 1.314055e-04
-23.250000 1.559088e-04
-23.000000 1.809854e-04
-22.750000 2.063869e-04
-22.500000 2.318736e-04
-22.250000 2.572083e-04
-22.000000 2.821532e-04
-21.750000 3.064683e-04
-21.500000 3.299109e-04
-21.250000 3.522354e-04
-21.000000 3.731941e-04
-20.750000 3.925378e-04
-20.500000 4.100178e-04
-20.250000 4.253876e-04
-20.000000 4.384053e-04
-19.750000 4.488366e-04
-19.500000 4.564580e-04
-19.250000 4.610601e-04
-19.000000 4.624522e-04
-18.750000 4.604657e-04
-18.500000 4.549593e-04
-18.250000 4.458231e-04
-18.000000 4.329844e-04
-17.750000 4.164127e-04
-17.500000 3.961266e-04
-17.250000 3.722019e-04
-17.000000 3.447839e-04
-16.750000 3.141053e-04
-16.500000 2.805202e-04
-16.250000 2.445692e-04
-16.000000 2.071220e-04
-15.750000 1.697138e-04
-15.500000 1.353753e-04
-15.250000 1.103767e-04
-15.000000 1.046772e-04
-14.750000 1.227718e-04
-14.500000 1.573612e-04
-14.250000 2.001136e-04
-14.000000 2.464000e-04
-13.750000 2.938084e-04
-13.500000 3.408925e-04
-13.250000 3.866334e-04
-13.000000 4.302226e-04
-12.750000 4.709712e-04
-12.500000 5.082700e-04
-12.250000 5.415739e-04
-12.000000 5.703959e-04
-11.750000 5.943070e-04
-11.500000 6.129383e-04
-11.250000 6.259842e-04
-11.000000 6.332064e-04
-10.750000 6.344373e-04
-10.500000 6.295834e-04
-10.250000 6.186281e-04
-10.000000 6.016336e-04
-9.750000 5.787427e-04
-9.500000 5.501799e-04
-9.250000 5.162525e-04
-9.000000 4.773523e-04
-8.750000 4.339591e-04
-8.500000 3.866500e-04
-8.250000 3.361203e-04
-8.000000 2.832360e-04
-7.750000 2.291690e-04
-7.500000 1.757855e-04
-7.250000 1.269148e-04
-7.000000 9.242299e-05
-6.750000 9.083968e-05
-6.500000 1.221714e-04
-6.250000 1.670645e-04
-6.000000 2.150444e-04
-5.750000 2.621197e-04
-5.500000 3.064077e-04
-5.250000 3.467723e-04
-5.000000 3.824118e-04
-4.750000 4.127188e-04
-4.500000 4.372287e-04
-4.250000 4.556024e-04
-4.000000 4.676219e-04
-3.750000 4.731953e-04
-3.500000 4.723652e-04
-3.250000 4.653236e-04
-3.000000 4.524338e-04
-2.750000 4.342631e-04
-2.500000 4.116338e-04
-2.250000 3.856997e-04
-2.000000 3.580600e-04
-1.750000 3.309075e-04
-1.500000 3.071611e-04
-1.250000 2.904054e-04
-1.000000 2.843087e-04
-0.750000 2.913899e-04
-0.500000 3.118815e-04
-0.250000 3.438089e-04
0.000000 3.841247e-04
0.250000 4.297665e-04
0.500000 4.781221e-04
0.750000 5.270853e-04
1.000000 5.749696e-04
1.250000 6.204098e-04
1.500000 6.622874e-04
1.750000 6.996826e-04
2.000000 7.318460e-04
2.250000 7.581828e-04
2.500000 7.782469e-04
2.750000 7.917399e-04
3.000000 7.985148e-04
3.250000 7.985822e-04
3.500000 7.921207e-04
3.750000 7.794896e-04
4.000000 7.612459e-04
4.250000 7.381665e-04
4.500000 7.112741e-04
4.750000 6.818669e-04
5.000000 6.515456e-04
5.250000 6.222225e-04
5.500000 5.960841e-04
5.750000 5.754663e-04
6.000000 5.626007e-04
6.250000 5.592421e-04
6.500000 5.662854e-04
6.750000 5.835480e-04
7.000000 6.098429e-04
7.250000 6.432866e-04
7.500000 6.816758e-04
7.750000 7.227873e-04
8.000000 7.645565e-04
8.250000 8.051539e-04
8.500000 8.430029e-04
8.750000 8.767700e-04
9.000000 9.053461e-04
9.250000 9.278285e-04
9.500000 9.435056e-04
9.750000 9.518466e-04
10.000000 9.524946e-04
10.250000 9.452635e-04
10.500000 9.301381e-04
10.750000 9.072778e-04
11.000000 8.770249e-04
11.250000 8.399196e-04
11.500000 7.967245e-04
11.750000 7.484634e-04
12.000000 6.964831e-04
12.250000 6.425449e-04
12.500000 5.889550e-04
12.750000 5.387171e-04
13.000000 4.956325e-04
13.250000 4.641319e-04
13.500000 4.485068e-04
13.750000 4.514790e-04
14.000000 4.729488e-04
14.250000 5.100977e-04
14.500000 5.587239e-04
14.750000 6.145864e-04
15.000000 6.740669e-04
15.250000 7.342895e-04
15.500000 7.930150e-04
15.750000 8.484970e-04
16.000000 8.993628e-04
16.250000 9.445286e-04
16.500000 9.831426e-04
16.750000 1.014547e-03
17.000000 1.038256e-03
17.250000 1.053933e-03
17.500000 1.061385e-03
17.750000 1.060552e-03
18.000000 1.051497e-03
18.250000 1.034403e-03
18.500000 1.009566e-03
18.750000 9.773887e-04
19.000000 9.383798e-04
19.250000 8.931463e-04
19.500000 8.423944e-04
19.750000 7.869306e-04
20.000000 7.276687e-04
20.250000 6.656459e-04
20.500000 6.020538e-04
20.750000 5.382930e-04
21.000000 4.760658e-04
21.250000 4.175174e-04
21.500000 3.654179e-04
21.750000 3.232664e-04
22.000000 2.949573e-04
22.250000 2.834879e-04
22.500000 2.890805e-04
22.750000 3.086697e-04
23.000000 3.375566e-04
23.250000 3.713284e-04
23.500000 4.066458e-04
23.750000 4.412073e-04
24.000000 4.734840e-04
24.250000 5.024821e-04
24.500000 5.275791e-04
24.750000 5.484198e-04
25.000000 5.648507e-04
25.250000 5.768766e-04
25.500000 5.846323e-04
25.750000 5.883601e-04
26.000000 5.883929e-04
26.250000 5.851385e-04
26.500000 5.790641e-04
26.750000 5.706804e-04
27.000000 5.605241e-04
27.250000 5.491387e-04
27.500000 5.370521e-04
27.750000 5.247536e-04
28.000000 5.126696e-04
28.250000 5.011406e-04
28.500000 4.904020e-04
28.750000 4.805724e-04
29.000000 4.716503e-04
29.250000 4.635220e-04
29.500000 4.559801e-04
29.750000 4.487491e-04
30.000000 4.415175e-04
30.250000 4.339701e-04
30.500000 4.258205e-04
30.750000 4.168402e-04
31.000000 4.068846e-04
31.250000 3.959173e-04
31.500000 3.840314e-04
31.750000 3.714707e-04
32.000000 3.586493e-04
32.250000 3.461666e-04
32.500000 3.348112e-04
32.750000 3.255396e-04
33.000000 3.194114e-04
33.250000 3.174697e-04
33.500000 3.205728e-04
33.750000 3.292278e-04
34.000000 3.434924e-04
34.250000 3.629889e-04
34.500000 3.870133e-04
34.750000 4.146775e-04
35.000000 4.450333e-04
35.250000 4.771533e-04
35.500000 5.101733e-04
35.750000 5.433085e-04
36.000000 5.758555e-04
36.250000 6.071886e-04
36.500000 6.367543e-04
36.750000 6.640659e-04
37.000000 6.887003e-04
37.250000 7.102946e-04
37.500000 7.285455e-04
37.750000 7.432082e-04
38.000000 7.540975e-04
38.250000 7.610883e-04
38.500000 7.641183e-04
38.750000 7.631901e-04
39.000000 7.583746e-04
39.250000 7.498152e-04
39.500000 7.377331e-04
39.750000 7.224335e-04
40.000000 7.043131e-04
40.250000 6.838685e-04
40.500000 6.617052e-04
40.750000 6.385459e-04
41.000000 6.152351e-04
41.250000 5.927357e-04
41.500000 5.721097e-04
41.750000 5.544745e-04
42.000000 5.409265e-04
42.250000 5.324318e-04
42.500000 5.296978e-04
42.750000 5.330601e-04
43.000000 5.424222e-04
43.250000 5.572702e-04
43.500000 5.767574e-04
43.750000 5.998219e-04
44.000000 6.253047e-04
44.250000 6.520405e-04
44.500000 6.789185e-04
44.750000 7.049146e-04
45.000000 7.291065e-04
45.250000 7.506765e-04
45.500000 7.689097e-04
45.750000 7.831903e-04
46.000000 7.929973e-04
46.250000 7.979014e-04
46.500000 7.975620e-04
46.750000 7.917261e-04
47.000000 7.802272e-04
47.250000 7.629854e-04
47.500000 7.400088e-04
47.750000 7.113951e-04
48.000000 6.773358e-04
48.250000 6.381231e-04
48.500000 5.941614e-04
48.750000 5.459890e-04
49.000000 4.943162e-04
49.250000 4.400981e-04
49.500000 3.846724e-04
49.750000 3.300313e-04
50.000000 2.793375e-04
