-50.000000 5.174012e-04
-49.750000 5.012785e-04
-49.500000 4.818223e-04
-49.250000 4.592659e-04
-49.000000 4.340963e-04
-48.750000 4.071140e-04
-48.500000 3.795138e-04
-48.250000 3.529801e-04
-48.000000 3.297575e-04
-47.750000 3.125852e-04
-47.500000 3.043116e-04
-47.250000 3.071034e-04
-47.000000 3.216046e-04
-46.750000 3.467214e-04
-46.500000 3.802006e-04
-46.250000 4.194345e-04
-46.000000 4.619828e-04
-45.750000 5.057563e-04
-45.500000 5.490193e-04
-45.250000 5.903330e-04
-45.000000 6.284979e-04
-44.750000 6.625112e-04
-44.500000 6.915401e-04
-44.250000 7.149069e-04
-44.000000 7.320836e-04
-43.750000 7.426930e-04
-43.500000 7.465152e-04
-43.250000 7.434984e-04
-43.000000 7.337751e-04
-42.750000 7.176853e-04
-42.500000 6.958078e-04
-42.250000 6.690029e-04
-42.000000 6.384714e-04
-41.750000 6.058272e-04
-41.500000 5.731778e-04
-41.250000 5.431781e-04
-41.000000 5.189827e-04
-40.750000 5.039712e-04
-40.500000 5.011531e-04
-40.250000 5.123776e-04
-40.000000 5.377777e-04
-39.750000 5.758422e-04
-39.500000 6.240202e-04
-39.250000 6.794139e-04
-39.000000 7.392413e-04
-38.750000 8.010377e-04
-38.500000 8.626946e-04
-38.250000 9.224299e-04
-38.000000 9.787411e-04
-37.750000 1.030364e-03
-37.500000 1.076238e-03
-37.250000 1.115489e-03
-37.000000 1.147407e-03
-36.750000 1.171442e-03
-36.500000 1.187193e-03
-36.250000 1.194408e-03
-36.000000 1.192975e-03
-35.750000 1.182923e-03
-35.500000 1.164420e-03
-35.250000 1.137764e-03
-35.000000 1.103388e-03
-34.750000 1.061855e-03
-34.500000 1.013855e-03
-34.250000 9.602113e-04
-34.000000 9.018807e-04
-33.750000 8.399673e-04
-33.500000 7.757402e-04
-33.250000 7.106633e-04
-33.000000 6.464393e-04
-32.750000 5.850625e-04
-32.500000 5.288645e-04
-32.250000 4.804929e-04
-32.000000 4.427140e-04
-31.750000 4.178999e-04
-31.500000 4.072391e-04
-31.250000 4.100961e-04
-31.000000 4.240870e-04
-30.750000 4.458679e-04
-30.500000 4.720346e-04
-30.250000 4.996624e-04
-30.000000 5.264664e-04
-29.750000 5.507574e-04
-29.500000 5.713363e-04
-29.250000 5.873908e-04
-29.000000 5.984159e-04
-28.750000 6.041555e-04
-28.500000 6.045633e-04
-28.250000 5.997754e-04
-28.000000 5.900941e-04
-27.750000 5.759782e-04
-27.500000 5.580393e-04
-27.250000 5.370439e-04
-27.000000 5.139179e-04
-26.750000 4.897516e-04
-26.500000 4.657980e-04
-26.250000 4.434521e-04
-26.000000 4.241901e-04
-25.750000 4.094494e-04
-25.500000 4.004403e-04
-25.250000 3.979259e-04
-25.000000 4.020516e-04
-24.750000 4.123122e-04
-24.500000 4.276775e-04
-24.250000 4.468105e-04
-24.000000 4.682834e-04
-23.750000 4.907328e-04
-23.500000 5.129435e-04
-23.250000 5.338829e-04
-23.000000 5.527051e-04
-22.750000 5.687448e-04
-22.500000 5.815090e-04
-22.250000 5.906716e-04
-22.000000 5.960731e-04
-21.750000 5.977265e-04
-21.500000 5.958293e-04
-21.250000 5.907817e-04
-21.000000 5.832088e-04
-20.750000 5.739854e-04
-20.500000 5.642539e-04
-20.250000 5.554248e-04
-20.000000 5.491366e-04
-19.750000 5.471539e-04
-19.500000 5.511883e-04
-19.250000 5.626627e-04
-19.000000 5.824802e-04
-18.750000 6.108852e-04
-18.500000 6.474651e-04
-18.250000 6.912767e-04
-18.000000 7.410276e-04
-17.750000 7.952470e-04
-17.500000 8.524117e-04
-17.250000 9.110228e-04
-17.000000 9.696471e-04
-16.750000 1.026936e-03
-16.500000 1.081635e-03
-16.250000 1.132586e-03
-16.000000 1.178732e-03
-15.750000 1.219122e-03
-15.500000 1.252916e-03
-15.250000 1.279397e-03
-15.000000 1.297976e-03
-14.750000 1.308211e-03
-14.500000 1.309813e-03
-14.250000 1.302667e-03
-14.000000 1.286851e-03
-13.750000 1.262654e-03
-13.500000 1.230604e-03
-13.250000 1.191501e-03
-13.000000 1.146454e-03
-12.750000 1.096931e-03
-12.500000 1.044809e-03
-12.250000 9.924280e-04
-12.000000 9.426124e-04
-11.750000 8.986255e-04
-11.500000 8.639802e-04
-11.250000 8.420401e-04
-11.000000 8.354215e-04
-10.750000 8.453749e-04
-10.500000 8.714467e-04
-10.250000 9.116191e-04
-10.000000 9.628269e-04
-9.750000 1.021564e-03
-9.500000 1.084346e-03
-9.250000 1.147975e-03
-9.000000 1.209638e-03
-8.750000 1.266923e-03
-8.500000 1.317799e-03
-8.250000 1.360583e-03
-8.000000 1.393912e-03
-7.750000 1.416726e-03
-7.500000 1.428255e-03
-7.250000 1.428017e-03
-7.000000 1.415816e-03
-6.750000 1.391762e-03
-6.500000 1.356281e-03
-6.250000 1.310151e-03
-6.000000 1.254545e-03
-5.750000 1.191099e-03
-5.500000 1.122005e-03
-5.250000 1.050138e-03
-5.000000 9.792084e-04
-4.750000 9.138776e-04
-4.500000 8.597160e-04
-4.250000 8.227347e-04
-4.000000 8.082611e-04
-3.750000 8.193586e-04
-3.500000 8.557101e-04
-3.250000 9.138572e-04
-3.000000 9.885497e-04
-2.750000 1.074174e-03
-2.500000 1.165606e-03
-2.250000 1.258508e-03
-2.000000 1.349324e-03
-1.750000 1.435163e-03
-1.500000 1.513692e-03
-1.250000 1.583031e-03
-1.000000 1.641691e-03
-0.750000 1.688526e-03
-0.500000 1.722701e-03
-0.250000 1.743674e-03
0.000000 1.751181e-03
0.250000 1.745229e-03
0.500000 1.726093e-03
0.750000 1.694309e-03
1.000000 1.650678e-03
1.250000 1.596267e-03
1.500000 1.532416e-03
1.750000 1.460746e-03
2.000000 1.383177e-03
2.250000 1.301947e-03
2.500000 1.219633e-03
2.750000 1.139154e-03
3.000000 1.063743e-03
3.250000 9.968339e-04
3.500000 9.417952e-04
3.750000 9.014845e-04
4.000000 8.776658e-04
4.250000 8.705045e-04
4.500000 8.784188e-04
4.750000 8.984070e-04
5.000000 9.266835e-04
5.250000 9.593196e-04
5.500000 9.926863e-04
5.750000 1.023672e-03
6.000000 1.049742e-03
6.250000 1.068910e-03
6.500000 1.079680e-03
6.750000 1.080988e-03
7.000000 1.072142e-03
7.250000 1.052780e-03
7.500000 1.022823e-03
7.750000 9.824534e-04
8.000000 9.320825e-04
8.250000 8.723334e-04
8.500000 8.040267e-04
8.750000 7.281767e-04
9.000000 6.460052e-04
9.250000 5.589933e-04
9.500000 4.690213e-04
9.750000 3.787347e-04
10.000000 2.925584e-04
10.250000 2.195563e-04
10.500000 1.789785e-04
10.750000 1.918394e-04
11.000000 2.475286e-04
11.250000 3.214487e-04
11.500000 4.001839e-04
11.750000 4.778518e-04
12.000000 5.515217e-04
12.250000 6.194804e-04
12.500000 6.806122e-04
12.750000 7.341585e-04
13.000000 7.796134e-04
13.250000 8.166751e-04
13.500000 8.452184e-04
13.750000 8.652796e-04
14.000000 8.770438e-04
14.250000 8.808360e-04
14.500000 8.771110e-04
14.750000 8.664442e-04
15.000000 8.495221e-04
15.250000 8.271323e-04
15.500000 8.001529e-04
15.750000 7.695416e-04
16.000000 7.363233e-04
16.250000 7.015754e-04
16.500000 6.664093e-04
16.750000 6.319453e-04
17.000000 5.992769e-04
17.250000 5.694228e-04
17.500000 5.432638e-04
17.750000 5.214707e-04
18.000000 5.044358e-04
18.250000 4.922255e-04
18.500000 4.845762e-04
18.750000 4.809390e-04
19.000000 4.805654e-04
19.250000 4.826101e-04
19.500000 4.862269e-04
19.750000 4.906403e-04
20.000000 4.951872e-04
20.250000 4.993349e-04
20.500000 5.026784e-04
20.750000 5.049271e-04
21.000000 5.058861e-04
21.250000 5.054338e-04
21.500000 5.035012e-04
21.750000 5.000529e-04
22.000000 4.950707e-04
22.250000 4.885419e-04
22.500000 4.804508e-04
22.750000 4.707748e-04
23.000000 4.594848e-04
23.250000 4.465487e-04
23.500000 4.319393e-04
23.750000 4.156436e-04
24.000000 3.976758e-04
24.250000 3.780914e-04
24.500000 3.570035e-04
24.750000 3.346026e-04
25.000000 3.111789e-04
25.250000 2.871520e-04
25.500000 2.631079e-04
25.750000 2.398449e-04
26.000000 2.184193e-04
26.250000 2.001604e-04
26.500000 1.865786e-04
26.750000 1.790654e-04
27.000000 1.783939e-04
27.250000 1.843143e-04
27.500000 1.956141e-04
27.750000 2.105899e-04
28.000000 2.275248e-04
28.250000 2.449377e-04
28.500000 2.616386e-04
28.750000 2.766991e-04
29.000000 2.894063e-04
29.250000 2.992224e-04
29.500000 3.057581e-04
29.750000 3.087558e-04
30.000000 3.080807e-04
30.250000 3.037184e-04
30.500000 2.957759e-04
30.750000 2.844894e-04
31.000000 2.702373e-04
31.250000 2.535623e-04
31.500000 2.352063e-04
31.750000 2.161613e-04
32.000000 1.977310e-04
32.250000 1.815710e-04
32.500000 1.696096e-04
32.750000 1.636901e-04
33.000000 1.649047e-04
33.250000 1.730406e-04
33.500000 1.866948e-04
33.750000 2.039289e-04
34.000000 2.228588e-04
34.250000 2.419127e-04
34.500000 2.598612e-04
34.750000 2.757698e-04
35.000000 2.889451e-04
35.250000 2.988969e-04
35.500000 3.053170e-04
35.750000 3.080725e-04
36.000000 3.072098e-04
36.250000 3.029695e-04
36.500000 2.958106e-04
36.750000 2.864444e-04
37.000000 2.758738e-04
37.250000 2.654225e-04
37.500000 2.567191e-04
37.750000 2.515755e-04
38.000000 2.517012e-04
38.250000 2.582925e-04
38.500000 2.716910e-04
38.750000 2.913352e-04
39.000000 3.160137e-04
39.250000 3.442182e-04
39.500000 3.744127e-04
39.750000 4.051725e-04
40.000000 4.352330e-04
40.250000 4.634932e-04
40.500000 4.890056e-04
40.750000 5.109637e-04
41.000000 5.286943e-04
41.250000 5.416522e-04
41.500000 5.494198e-04
41.750000 5.517086e-04
42.000000 5.483638e-04
42.250000 5.393705e-04
42.500000 5.248639e-04
42.750000 5.051435e-04
43.000000 4.806940e-04
43.250000 4.522186e-04
43.500000 4.206895e-04
43.750000 3.874238e-04
44.000000 3.541915e-04
44.250000 3.233364e-04
44.500000 2.978266e-04
44.750000 2.810094e-04
45.000000 2.757892e-04
45.250000 2.833927e-04
45.500000 3.027166e-04
45.750000 3.309590e-04
46.000000 3.648258e-04
46.250000 4.013355e-04
46.500000 4.380652e-04
46.750000 4.731118e-04
47.000000 5.049818e-04
47.250000 5.324935e-04
47.500000 5.547085e-04
47.750000 5.708869e-04
48.000000 5.804596e-04
48.250000 5.830109e-04
48.500000 5.782676e-04
48.750000 5.660914e-04
49.000000 5.464734e-04
49.250000 5.195285e-04
49.500000 4.854910e-04
49.750000 4.447091e-04
50.000000 3.976404e-04
