-50.000000 1.046342e-04
-49.750000 1.280826e-04
-49.500000 1.177948e-04
-49.250000 9.657095e-05
-49.000000 1.096652e-04
-48.750000 1.529010e-04
-48.500000 1.917611e-04
-48.250000 2.150521e-04
-48.000000 2.259866e-04
-47.750000 2.266573e-04
-47.500000 2.109918e-04
-47.250000 1.765663e-04
-47.000000 1.543408e-04
-46.750000 2.034362e-04
-46.500000 2.976871e-04
-46.250000 3.762775e-04
-46.000000 4.014398e-04
-45.750000 3.572585e-04
-45.500000 2.508203e-04
-45.250000 1.210904e-04
-45.000000 1.238019e-04
-44.750000 2.352289e-04
-44.500000 3.090229e-04
-44.250000 3.217246e-04
-44.000000 2.790831e-04
-43.750000 2.014466e-04
-43.500000 1.138221e-04
-43.250000 4.018049e-05
-43.000000 4.862857e-05
-42.750000 9.781052e-05
-42.500000 1.357319e-04
-42.250000 1.520392e-04
-42.000000 1.409404e-04
-41.750000 1.153244e-04
-41.500000 1.223411e-04
-41.250000 1.756364e-04
-41.000000 2.264037e-04
-40.750000 2.401831e-04
-40.500000 2.049219e-04
-40.250000 1.291289e-04
-40.000000 5.595666e-05
-39.750000 9.973945e-05
-39.500000 1.589272e-04
-39.250000 1.762206e-04
-39.000000 1.493196e-04
-38.750000 9.866226e-05
-38.500000 7.739183e-05
-38.250000 1.152499e-04
-38.000000 1.605894e-04
-37.750000 1.983399e-04
-37.500000 2.310028e-04
-37.250000 2.527323e-04
-37.000000 2.477831e-04
-36.750000 2.047742e-04
-36.500000 1.375911e-04
-36.250000 1.324077e-04
-36.000000 2.266023e-04
-35.750000 3.245098e-04
-35.500000 3.814998e-04
-35.250000 3.859271e-04
-35.000000 3.499902e-04
-34.750000 3.049492e-04
-34.500000 2.818368e-04
-34.250000 2.788369e-04
-34.000000 2.675960e-04
-33.750000 2.313062e-04
-33.500000 1.780633e-04
-33.250000 1.337699e-04
-33.000000 1.143249e-04
-32.750000 9.516229e-05
-32.500000 4.759159e-05
-32.250000 4.140627e-05
-32.000000 1.447575e-04
-31.750000 2.507425e-04
-31.500000 3.377454e-04
-31.250000 3.928894e-04
-31.000000 4.138475e-04
-30.750000 4.082250e-04
-30.500000 3.904249e-04
-30.250000 3.770452e-04
-30.000000 3.804973e-04
-29.750000 4.020204e-04
-29.500000 4.306354e-04
-29.250000 4.500013e-04
-29.000000 4.464443e-04
-28.750000 4.143076e-04
-28.500000 3.592069e-04
-28.250000 3.007648e-04
-28.000000 2.726834e-04
-27.750000 2.998895e-04
-27.500000 3.670943e-04
-27.250000 4.442455e-04
-27.000000 5.112570e-04
-26.750000 5.567877e-04
-26.500000 5.752738e-04
-26.250000 5.666732e-04
-26.000000 5.366337e-04
-25.750000 4.952303e-04
-25.500000 4.537826e-04
-25.250000 4.208583e-04
-25.000000 3.999301e-04
-24.750000 3.905344e-04
-24.500000 3.917262e-04
-24.250000 4.048953e-04
-24.000000 4.337120e-04
-23.750000 4.800222e-04
-23.500000 5.381726e-04
-23.250000 5.936615e-04
-23.000000 6.277929e-04
-22.750000 6.247915e-04
-22.500000 5.780585e-04
-22.250000 4.940084e-04
-22.000000 3.930804e-04
-21.750000 3.076758e-04
-21.500000 2.698238e-04
-21.250000 2.806040e-04
-21.000000 3.137336e-04
-20.750000 3.533001e-04
-20.500000 3.947516e-04
-20.250000 4.318795e-04
-20.000000 4.562052e-04
-19.750000 4.641225e-04
-19.500000 4.597668e-04
-19.250000 4.491917e-04
-19.000000 4.335107e-04
-18.750000 4.159221e-04
-18.500000 4.232134e-04
-18.250000 5.015612e-04
-18.000000 6.552214e-04
-17.750000 8.348488e-04
-17.500000 9.820766e-04
-17.250000 1.052443e-03
-17.000000 1.023920e-03
-16.750000 9.003326e-04
-16.500000 7.088847e-04
-16.250000 4.917949e-04
-16.000000 2.945831e-04
-15.750000 1.550133e-04
-15.500000 8.864838e-05
-15.250000 5.766163e-05
-15.000000 1.643213e-05
-14.750000 5.563509e-05
-14.500000 1.368660e-04
-14.250000 2.240913e-04
-14.000000 2.985846e-04
-13.750000 3.338684e-04
-13.500000 3.090328e-04
-13.250000 2.517801e-04
-13.000000 3.244263e-04
-12.750000 5.806600e-04
-12.500000 8.951285e-04
-12.250000 1.178869e-03
-12.000000 1.370138e-03
-11.750000 1.433581e-03
-11.500000 1.364506e-03
-11.250000 1.185399e-03
-11.000000 9.339859e-04
-10.750000 6.495441e-04
-10.500000 3.739441e-04
-10.250000 2.296999e-04
-10.000000 3.696630e-04
-9.750000 5.492261e-04
-9.500000 6.374973e-04
-9.250000 5.875750e-04
-9.000000 3.944098e-04
-8.750000 1.710366e-04
-8.500000 4.250561e-04
-8.250000 8.176270e-04
-8.000000 1.154049e-03
-7.750000 1.378520e-03
-7.500000 1.475362e-03
-7.250000 1.460918e-03
-7.000000 1.369016e-03
-6.750000 1.233655e-03
-6.500000 1.081184e-03
-6.250000 9.387788e-04
-6.000000 8.482622e-04
-5.750000 8.567516e-04
-5.500000 9.781771e-04
-5.250000 1.190603e-03
-5.000000 1.467747e-03
-4.750000 1.780804e-03
-4.500000 2.088027e-03
-4.250000 2.340316e-03
-4.000000 2.499044e-03
-3.750000 2.551266e-03
-3.500000 2.511207e-03
-3.250000 2.405530e-03
-3.000000 2.252237e-03
-2.750000 2.052531e-03
-2.500000 1.806037e-03
-2.250000 1.536616e-03
-2.000000 1.303787e-03
-1.750000 1.173618e-03
-1.500000 1.151813e-03
-1.250000 1.178672e-03
-1.000000 1.210072e-03
-0.750000 1.253802e-03
-0.500000 1.333902e-03
-0.250000 1.446059e-03
0.000000 1.559893e-03
0.250000 1.649917e-03
0.500000 1.707086e-03
0.750000 1.725372e-03
1.000000 1.688739e-03
1.250000 1.578890e-03
1.500000 1.398220e-03
1.750000 1.187974e-03
2.000000 1.025477e-03
2.250000 9.868562e-04
2.500000 1.098536e-03
2.750000 1.354914e-03
3.000000 1.742842e-03
3.250000 2.212137e-03
3.500000 2.668741e-03
3.750000 3.005096e-03
4.000000 3.135884e-03
4.250000 3.022439e-03
4.500000 2.680883e-03
4.750000 2.175447e-03
5.000000 1.606870e-03
5.250000 1.118764e-03
5.500000 9.209209e-04
5.750000 1.072031e-03
6.000000 1.321578e-03
6.250000 1.484352e-03
6.500000 1.497324e-03
6.750000 1.378421e-03
7.000000 1.229357e-03
7.250000 1.209103e-03
7.500000 1.374147e-03
7.750000 1.606481e-03
8.000000 1.783418e-03
8.250000 1.863028e-03
8.500000 1.865913e-03
8.750000 1.828052e-03
9.000000 1.755960e-03
9.250000 1.620603e-03
9.500000 1.392038e-03
9.750000 1.074393e-03
10.000000 7.156699e-04
10.250000 4.064910e-04
10.500000 3.110821e-04
10.750000 4.521090e-04
11.000000 6.553538e-04
11.250000 8.762921e-04
11.500000 1.080709e-03
11.750000 1.214055e-03
12.000000 1.232243e-03
12.250000 1.129549e-03
12.500000 9.497020e-04
12.750000 7.772143e-04
13.000000 6.892414e-04
13.250000 6.730402e-04
13.500000 6.514904e-04
13.750000 5.844018e-04
14.000000 4.877149e-04
14.250000 4.019348e-04
14.500000 3.513389e-04
14.750000 3.286510e-04
15.000000 3.213019e-04
15.250000 3.150588e-04
15.500000 2.744023e-04
15.750000 1.564117e-04
16.000000 6.641497e-05
16.250000 3.658613e-04
16.500000 7.025889e-04
16.750000 1.005172e-03
17.000000 1.206480e-03
17.250000 1.262972e-03
17.500000 1.168752e-03
17.750000 9.580759e-04
18.000000 6.960252e-04
18.250000 4.614280e-04
18.500000 3.241521e-04
18.750000 3.034963e-04
19.000000 3.679801e-04
19.250000 4.968462e-04
19.500000 6.582719e-04
19.750000 8.072295e-04
20.000000 9.105873e-04
20.250000 9.584249e-04
20.500000 9.596363e-04
20.750000 9.278010e-04
21.000000 8.687869e-04
21.250000 7.811007e-04
21.500000 6.664170e-04
21.750000 5.369729e-04
22.000000 4.120713e-04
22.250000 3.099100e-04
22.500000 2.542131e-04
22.750000 2.838829e-04
23.000000 3.899198e-04
23.250000 5.141705e-04
23.500000 6.066097e-04
23.750000 6.357973e-04
24.000000 5.916289e-04
24.250000 4.857094e-04
24.500000 3.463847e-04
24.750000 2.122394e-04
25.000000 1.391146e-04
25.250000 1.706995e-04
25.500000 2.416063e-04
25.750000 3.072001e-04
26.000000 3.536816e-04
26.250000 3.799634e-04
26.500000 4.030261e-04
26.750000 4.489468e-04
27.000000 5.205820e-04
27.250000 5.879854e-04
27.500000 6.152063e-04
27.750000 5.840334e-04
28.000000 5.046095e-04
28.250000 4.182496e-04
28.500000 3.815646e-04
28.750000 4.053156e-04
29.000000 4.395526e-04
29.250000 4.451402e-04
29.500000 4.183987e-04
29.750000 3.780976e-04
30.000000 3.457129e-04
30.250000 3.284733e-04
30.500000 3.206092e-04
30.750000 3.169153e-04
31.000000 3.145107e-04
31.250000 3.058479e-04
31.500000 2.814050e-04
31.750000 2.426914e-04
32.000000 2.130247e-04
32.250000 2.214789e-04
32.500000 2.546908e-04
32.750000 2.733783e-04
33.000000 2.551815e-04
33.250000 2.017514e-04
33.500000 1.381939e-04
33.750000 1.165623e-04
34.000000 1.554111e-04
34.250000 2.118235e-04
34.500000 2.730573e-04
34.750000 3.383596e-04
35.000000 3.948771e-04
35.250000 4.205125e-04
35.500000 3.973767e-04
35.750000 3.221830e-04
36.000000 2.118248e-04
36.250000 1.183353e-04
36.500000 1.419174e-04
36.750000 2.104906e-04
37.000000 2.451740e-04
37.250000 2.367740e-04
37.500000 1.971503e-04
37.750000 1.429591e-04
38.000000 8.685983e-05
38.250000 6.612020e-05
38.500000 1.355096e-04
38.750000 2.356321e-04
39.000000 3.281788e-04
39.250000 3.865384e-04
39.500000 3.926159e-04
39.750000 3.423662e-04
40.000000 2.479039e-04
40.250000 1.354388e-04
40.500000 5.162179e-05
40.750000 7.285960e-05
41.000000 9.280595e-05
41.250000 7.402573e-05
41.500000 5.023867e-05
41.750000 8.779285e-05
42.000000 1.394012e-04
42.250000 1.703112e-04
42.500000 1.753370e-04
42.750000 1.621422e-04
43.000000 1.403908e-04
43.250000 1.115392e-04
43.500000 7.479634e-05
43.750000 6.773428e-05
44.000000 1.273191e-04
44.250000 1.971719e-04
44.500000 2.432617e-04
44.750000 2.519115e-04
45.000000 2.336687e-04
45.250000 2.320100e-04
45.500000 2.847306e-04
45.750000 3.630077e-04
46.000000 4.186529e-04
46.250000 4.233125e-04
46.500000 3.705416e-04
46.750000 2.722138e-04
47.000000 1.523678e-04
47.250000 4.109475e-05
47.500000 5.594947e-05
47.750000 1.045929e-04
48.000000 1.192257e-04
48.250000 1.092414e-04
48.500000 8.600156e-05
48.750000 6.024971e-05
49.000000 6.176202e-05
49.250000 1.065296e-04
49.500000 1.602608e-04
49.750000 1.976172e-04
50.000000 2.030043e-04
