-50.000000 1.824570e-01
-49.750000 1.815313e-01
-49.500000 1.803305e-01
-49.250000 1.788623e-01
-49.000000 1.771358e-01
-48.750000 1.751610e-01
-48.500000 1.729495e-01
-48.250000 1.705139e-01
-48.000000 1.678683e-01
-47.750000 1.650282e-01
-47.500000 1.620103e-01
-47.250000 1.588333e-01
-47.000000 1.555172e-01
-46.750000 1.520838e-01
-46.500000 1.485569e-01
-46.250000 1.449623e-01
-46.000000 1.413277e-01
-45.750000 1.376833e-01
-45.500000 1.340613e-01
-45.250000 1.304965e-01
-45.000000 1.270259e-01
-44.750000 1.236884e-01
-44.500000 1.205249e-01
-44.250000 1.175775e-01
-44.000000 1.148889e-01
-43.750000 1.125011e-01
-43.500000 1.104542e-01
-43.250000 1.087850e-01
-43.000000 1.075253e-01
-42.750000 1.066999e-01
-42.500000 1.063255e-01
-42.250000 1.064095e-01
-42.000000 1.069494e-01
-41.750000 1.079332e-01
-41.500000 1.093401e-01
-41.250000 1.111415e-01
-41.000000 1.133030e-01
-40.750000 1.157858e-01
-40.500000 1.185483e-01
-40.250000 1.215479e-01
-40.000000 1.247418e-01
-39.750000 1.280884e-01
-39.500000 1.315473e-01
-39.250000 1.350803e-01
-39.000000 1.386513e-01
-38.750000 1.422265e-01
-38.500000 1.457745e-01
-38.250000 1.492663e-01
-38.000000 1.526746e-01
-37.750000 1.559747e-01
-37.500000 1.591435e-01
-37.250000 1.621596e-01
-37.000000 1.650036e-01
-36.750000 1.676574e-01
-36.500000 1.701043e-01
-36.250000 1.723293e-01
-36.000000 1.743183e-01
-35.750000 1.760587e-01
-35.500000 1.775387e-01
-35.250000 1.787480e-01
-35.000000 1.796771e-01
-34.750000 1.803176e-01
-34.500000 1.806621e-01
-34.250000 1.807041e-01
-34.000000 1.804381e-01
-33.750000 1.798595e-01
-33.500000 1.789646e-01
-33.250000 1.777508e-01
-33.000000 1.762161e-01
-32.750000 1.743597e-01
-32.500000 1.721817e-01
-32.250000 1.696831e-01
-32.000000 1.668659e-01
-31.750000 1.637331e-01
-31.500000 1.602889e-01
-31.250000 1.565386e-01
-31.000000 1.524888e-01
-30.750000 1.481474e-01
-30.500000 1.435239e-01
-30.250000 1.386296e-01
-30.000000 1.334778e-01
-29.750000 1.280843e-01
-29.500000 1.224679e-01
-29.250000 1.166511e-01
-29.000000 1.106611e-01
-28.750000 1.045312e-01
-28.500000 9.830268e-02
-28.250000 9.202775e-02
-28.000000 8.577302e-02
-27.750000 7.962490e-02
-27.500000 7.369652e-02
-27.250000 6.813613e-02
-27.000000 6.313564e-02
-26.750000 5.893465e-02
-26.500000 5.581089e-02
-26.250000 5.404506e-02
-26.000000 5.385755e-02
-25.750000 5.534088e-02
-25.500000 5.843239e-02
-25.250000 6.294760e-02
-25.000000 6.864632e-02
-24.750000 7.528978e-02
-24.500000 8.267061e-02
-24.250000 9.062071e-02
-24.000000 9.900792e-02
-23.750000 1.077290e-01
-23.500000 1.167028e-01
-23.250000 1.258643e-01
-23.000000 1.351607e-01
-22.750000 1.445479e-01
-22.500000 1.539884e-01
-22.250000 1.634495e-01
-22.000000 1.729024e-01
-21.750000 1.823211e-01
-21.500000 1.916818e-01
-21.250000 2.009625e-01
-21.000000 2.101430e-01
-20.750000 2.192038e-01
-20.500000 2.281269e-01
-20.250000 2.368950e-01
-20.000000 2.454916e-01
-19.750000 2.539010e-01
-19.500000 2.621083e-01
-19.250000 2.700991e-01
-19.000000 2.778597e-01
-18.750000 2.853770e-01
-18.500000 2.926386e-01
-18.250000 2.996324e-01
-18.000000 3.063473e-01
-17.750000 3.127726e-01
-17.500000 3.188983e-01
-17.250000 3.247149e-01
-17.000000 3.302137e-01
-16.750000 3.353867e-01
-16.500000 3.402263e-01
-16.250000 3.447258e-01
-16.000000 3.488793e-01
-15.750000 3.526813e-01
-15.500000 3.561274e-01
-15.250000 3.592138e-01
-15.000000 3.619375e-01
-14.750000 3.642962e-01
-14.500000 3.662885e-01
-14.250000 3.679141e-01
-14.000000 3.691732e-01
-13.750000 3.700672e-01
-13.500000 3.705981e-01
-13.250000 3.707692e-01
-13.000000 3.705847e-01
-12.750000 3.700496e-01
-12.500000 3.691703e-01
-12.250000 3.679541e-01
-12.000000 3.664094e-01
-11.750000 3.645460e-01
-11.500000 3.623746e-01
-11.250000 3.599075e-01
-11.000000 3.571581e-01
-10.750000 3.541413e-01
-10.500000 3.508735e-01
-10.250000 3.473726e-01
-10.000000 3.436579e-01
-9.750000 3.397505e-01
-9.500000 3.356733e-01
-9.250000 3.314508e-01
-9.000000 3.271094e-01
-8.750000 3.226775e-01
-8.500000 3.181854e-01
-8.250000 3.136652e-01
-8.000000 3.091511e-01
-7.750000 3.046791e-01
-7.500000 3.002873e-01
-7.250000 2.960151e-01
-7.000000 2.919036e-01
-6.750000 2.879949e-01
-6.500000 2.843322e-01
-6.250000 2.809586e-01
-6.000000 2.779171e-01
-5.750000 2.752498e-01
-5.500000 2.729968e-01
-5.250000 2.711959e-01
-5.000000 2.698811e-01
-4.750000 2.690825e-01
-4.500000 2.688246e-01
-4.250000 2.691264e-01
-4.000000 2.700005e-01
-3.750000 2.714530e-01
-3.500000 2.734831e-01
-3.250000 2.760835e-01
-3.000000 2.792405e-01
-2.750000 2.829351e-01
-2.500000 2.871428e-01
-2.250000 2.918352e-01
-2.000000 2.969801e-01
-1.750000 3.025429e-01
-1.500000 3.084869e-01
-1.250000 3.147743e-01
-1.000000 3.213667e-01
-0.750000 3.282255e-01
-0.500000 3.353126e-01
-0.250000 3.425906e-01
0.000000 3.500230e-01
0.250000 3.575743e-01
0.500000 3.652107e-01
0.750000 3.728994e-01
1.000000 3.806092e-01
1.250000 3.883104e-01
1.500000 3.959747e-01
1.750000 4.035754e-01
2.000000 4.110870e-01
2.250000 4.184856e-01
2.500000 4.257484e-01
2.750000 4.328542e-01
3.000000 4.397829e-01
3.250000 4.465155e-01
3.500000 4.530346e-01
3.750000 4.593234e-01
4.000000 4.653666e-01
4.250000 4.711497e-01
4.500000 4.766596e-01
4.750000 4.818838e-01
5.000000 4.868110e-01
5.250000 4.914307e-01
5.500000 4.957336e-01
5.750000 4.997111e-01
6.000000 5.033553e-01
6.250000 5.066596e-01
6.500000 5.096180e-01
6.750000 5.122253e-01
7.000000 5.144771e-01
7.250000 5.163699e-01
7.500000 5.179010e-01
7.750000 5.190684e-01
8.000000 5.198708e-01
8.250000 5.203078e-01
8.500000 5.203795e-01
8.750000 5.200870e-01
9.000000 5.194318e-01
9.250000 5.184164e-01
9.500000 5.170436e-01
9.750000 5.153173e-01
10.000000 5.132417e-01
10.250000 5.108217e-01
10.500000 5.080631e-01
10.750000 5.049719e-01
11.000000 5.015551e-01
11.250000 4.978198e-01
11.500000 4.937742e-01
11.750000 4.894267e-01
12.000000 4.847864e-01
12.250000 4.798628e-01
12.500000 4.746661e-01
12.750000 4.692069e-01
13.000000 4.634962e-01
13.250000 4.575457e-01
13.500000 4.513673e-01
13.750000 4.449736e-01
14.000000 4.383776e-01
14.250000 4.315924e-01
14.500000 4.246320e-01
14.750000 4.175106e-01
15.000000 4.102426e-01
15.250000 4.028430e-01
15.500000 3.953273e-01
15.750000 3.877110e-01
16.000000 3.800101e-01
16.250000 3.722412e-01
16.500000 3.644208e-01
16.750000 3.565660e-01
17.000000 3.486941e-01
17.250000 3.408228e-01
17.500000 3.329699e-01
17.750000 3.251536e-01
18.000000 3.173922e-01
18.250000 3.097044e-01
18.500000 3.021088e-01
18.750000 2.946244e-01
19.000000 2.872701e-01
19.250000 2.800648e-01
19.500000 2.730275e-01
19.750000 2.661768e-01
20.000000 2.595313e-01
20.250000 2.531091e-01
20.500000 2.469277e-01
20.750000 2.410039e-01
21.000000 2.353538e-01
21.250000 2.299921e-01
21.500000 2.249324e-01
21.750000 2.201868e-01
22.000000 2.157654e-01
22.250000 2.116764e-01
22.500000 2.079260e-01
22.750000 2.045176e-01
23.000000 2.014525e-01
23.250000 1.987292e-01
23.500000 1.963434e-01
23.750000 1.942885e-01
24.000000 1.925553e-01
24.250000 1.911322e-01
24.500000 1.900056e-01
24.750000 1.891603e-01
25.000000 1.885792e-01
25.250000 1.882445e-01
25.500000 1.881374e-01
25.750000 1.882387e-01
26.000000 1.885292e-01
26.250000 1.889900e-01
26.500000 1.896024e-01
26.750000 1.903488e-01
27.000000 1.912122e-01
27.250000 1.921770e-01
27.500000 1.932286e-01
27.750000 1.943536e-01
28.000000 1.955403e-01
28.250000 1.967781e-01
28.500000 1.980578e-01
28.750000 1.993716e-01
29.000000 2.007131e-01
29.250000 2.020770e-01
29.500000 2.034594e-01
29.750000 2.048574e-01
30.000000 2.062691e-01
30.250000 2.076939e-01
30.500000 2.091319e-01
30.750000 2.105838e-01
31.000000 2.120515e-01
31.250000 2.135371e-01
31.500000 2.150434e-01
31.750000 2.165737e-01
32.000000 2.181315e-01
32.250000 2.197206e-01
32.500000 2.213449e-01
32.750000 2.230084e-01
33.000000 2.247151e-01
33.250000 2.264687e-01
33.500000 2.282730e-01
33.750000 2.301312e-01
34.000000 2.320463e-01
34.250000 2.340210e-01
34.500000 2.360573e-01
34.750000 2.381568e-01
35.000000 2.403206e-01
35.250000 2.425490e-01
35.500000 2.448420e-01
35.750000 2.471988e-01
36.000000 2.496178e-01
36.250000 2.520972e-01
36.500000 2.546341e-01
36.750000 2.572254e-01
37.000000 2.598671e-01
37.250000 2.625549e-01
37.500000 2.652839e-01
37.750000 2.680486e-01
38.000000 2.708432e-01
38.250000 2.736614e-01
38.500000 2.764967e-01
38.750000 2.793422e-01
39.000000 2.821907e-01
39.250000 2.850348e-01
39.500000 2.878670e-01
39.750000 2.906797e-01
40.000000 2.934650e-01
40.250000 2.962153e-01
40.500000 2.989226e-01
40.750000 3.015794e-01
41.000000 3.041779e-01
41.250000 3.067107e-01
41.500000 3.091702e-01
41.750000 3.115493e-01
42.000000 3.138409e-01
42.250000 3.160383e-01
42.500000 3.181349e-01
42.750000 3.201245e-01
43.000000 3.220010e-01
43.250000 3.237588e-01
43.500000 3.253925e-01
43.750000 3.268972e-01
44.000000 3.282683e-01
44.250000 3.295013e-01
44.500000 3.305926e-01
44.750000 3.315384e-01
45.000000 3.323358e-01
45.250000 3.329820e-01
45.500000 3.334747e-01
45.750000 3.338121e-01
46.000000 3.339925e-01
46.250000 3.340150e-01
46.500000 3.338788e-01
46.750000 3.335839e-01
47.000000 3.331303e-01
47.250000 3.325186e-01
47.500000 3.317498e-01
47.750000 3.308254e-01
48.000000 3.297472e-01
48.250000 3.285174e-01
48.500000 3.271386e-01
48.750000 3.256138e-01
49.000000 3.239464e-01
49.250000 3.221402e-01
49.500000 3.201992e-01
49.750000 3.181280e-01
50.000000 3.159314e-01
