-50.000000 1.233519e-02
-49.750000 1.210025e-02
-49.500000 1.190167e-02
-49.250000 1.175073e-02
-49.000000 1.165679e-02
-48.750000 1.162689e-02
-48.500000 1.166546e-02
-48.250000 1.177415e-02
-48.000000 1.195182e-02
-47.750000 1.219466e-02
-47.500000 1.249646e-02
-47.250000 1.284892e-02
-47.000000 1.324212e-02
-46.750000 1.366509e-02
-46.500000 1.410636e-02
-46.250000 1.455461e-02
-46.000000 1.499926e-02
-45.750000 1.543104e-02
-45.500000 1.584246e-02
-45.250000 1.622816e-02
-45.000000 1.658513e-02
-44.750000 1.691266e-02
-44.500000 1.721220e-02
-44.250000 1.748690e-02
-44.000000 1.774107e-02
-43.750000 1.797948e-02
-43.500000 1.820656e-02
-43.250000 1.842572e-02
-43.000000 1.863877e-02
-42.750000 1.884557e-02
-42.500000 1.904395e-02
-42.250000 1.922995e-02
-42.000000 1.939827e-02
-41.750000 1.954293e-02
-41.500000 1.965799e-02
-41.250000 1.973832e-02
-41.000000 1.978019e-02
-40.750000 1.978186e-02
-40.500000 1.974387e-02
-40.250000 1.966920e-02
-40.000000 1.956323e-02
-39.750000 1.943354e-02
-39.500000 1.928955e-02
-39.250000 1.914204e-02
-39.000000 1.900262e-02
-38.750000 1.888311e-02
-38.500000 1.879495e-02
-38.250000 1.874855e-02
-38.000000 1.875279e-02
-37.750000 1.881443e-02
-37.500000 1.893777e-02
-37.250000 1.912421e-02
-37.000000 1.937217e-02
-36.750000 1.967693e-02
-36.500000 2.003080e-02
-36.250000 2.042338e-02
-36.000000 2.084199e-02
-35.750000 2.127225e-02
-35.500000 2.169878e-02
-35.250000 2.210595e-02
-35.000000 2.247868e-02
-34.750000 2.280327e-02
-34.500000 2.306807e-02
-34.250000 2.326419e-02
-34.000000 2.338594e-02
-33.750000 2.343123e-02
-33.500000 2.340171e-02
-33.250000 2.330261e-02
-33.000000 2.314250e-02
-32.750000 2.293262e-02
-32.500000 2.268613e-02
-32.250000 2.241704e-02
-32.000000 2.213916e-02
-31.750000 2.186494e-02
-31.500000 2.160451e-02
-31.250000 2.136502e-02
-31.000000 2.115030e-02
-30.750000 2.096105e-02
-30.500000 2.079540e-02
-30.250000 2.064984e-02
-30.000000 2.052025e-02
-29.750000 2.040300e-02
-29.500000 2.029587e-02
-29.250000 2.019862e-02
-29.000000 2.011334e-02
-28.750000 2.004436e-02
-28.500000 1.999792e-02
-28.250000 1.998155e-02
-28.000000 2.000340e-02
-27.750000 2.007146e-02
-27.500000 2.019294e-02
-27.250000 2.037381e-02
-27.000000 2.061849e-02
-26.750000 2.092983e-02
-26.500000 2.130907e-02
-26.250000 2.175598e-02
-26.000000 2.226893e-02
-25.750000 2.284478e-02
-25.500000 2.347884e-02
-25.250000 2.416466e-02
-25.000000 2.489387e-02
-24.750000 2.565614e-02
-24.500000 2.643925e-02
-24.250000 2.722933e-02
-24.000000 2.801139e-02
-23.750000 2.876988e-02
-23.500000 2.948944e-02
-23.250000 3.015572e-02
-23.000000 3.075607e-02
-22.750000 3.128028e-02
-22.500000 3.172109e-02
-22.250000 3.207453e-02
-22.000000 3.234004e-02
-21.750000 3.252040e-02
-21.500000 3.262134e-02
-21.250000 3.265101e-02
-21.000000 3.261927e-02
-20.750000 3.253683e-02
-20.500000 3.241439e-02
-20.250000 3.226181e-02
-20.000000 3.208745e-02
-19.750000 3.189772e-02
-19.500000 3.169688e-02
-19.250000 3.148709e-02
-19.000000 3.126879e-02
-18.750000 3.104116e-02
-18.500000 3.080277e-02
-18.250000 3.055211e-02
-18.000000 3.028821e-02
-17.750000 3.001095e-02
-17.500000 2.972132e-02
-17.250000 2.942147e-02
-17.000000 2.911460e-02
-16.750000 2.880479e-02
-16.500000 2.849672e-02
-16.250000 2.819550e-02
-16.000000 2.790643e-02
-15.750000 2.763486e-02
-15.500000 2.738616e-02
-15.250000 2.716560e-02
-15.000000 2.697838e-02
-14.750000 2.682942e-02
-14.500000 2.672318e-02
-14.250000 2.666333e-02
-14.000000 2.665229e-02
-13.750000 2.669078e-02
-13.500000 2.677740e-02
-13.250000 2.690834e-02
-13.000000 2.707730e-02
-12.750000 2.727566e-02
-12.500000 2.749298e-02
-12.250000 2.771761e-02
-12.000000 2.793754e-02
-11.750000 2.814125e-02
-11.500000 2.831856e-02
-11.250000 2.846134e-02
-11.000000 2.856404e-02
-10.750000 2.862404e-02
-10.500000 2.864171e-02
-10.250000 2.862030e-02
-10.000000 2.856555e-02
-9.750000 2.848520e-02
-9.500000 2.838827e-02
-9.250000 2.828434e-02
-9.000000 2.818269e-02
-8.750000 2.809162e-02
-8.500000 2.801775e-02
-8.250000 2.796548e-02
-8.000000 2.793667e-02
-7.750000 2.793042e-02
-7.500000 2.794305e-02
-7.250000 2.796826e-02
-7.000000 2.799739e-02
-6.750000 2.801974e-02
-6.500000 2.802306e-02
-6.250000 2.799406e-02
-6.000000 2.791905e-02
-5.750000 2.778458e-02
-5.500000 2.757823e-02
-5.250000 2.728940e-02
-5.000000 2.691015e-02
-4.750000 2.643603e-02
-4.500000 2.586692e-02
-4.250000 2.520769e-02
-4.000000 2.446875e-02
-3.750000 2.366643e-02
-3.500000 2.282295e-02
-3.250000 2.196594e-02
-3.000000 2.112738e-02
-2.750000 2.034164e-02
-2.500000 1.964271e-02
-2.250000 1.906048e-02
-2.000000 1.861674e-02
-1.750000 1.832167e-02
-1.500000 1.817188e-02
-1.250000 1.815079e-02
-1.000000 1.823129e-02
-0.750000 1.837976e-02
-0.500000 1.856040e-02
-0.250000 1.873869e-02
0.000000 1.888368e-02
0.250000 1.896905e-02
0.500000 1.897305e-02
0.750000 1.887781e-02
1.000000 1.866822e-02
1.250000 1.833068e-02
1.500000 1.785198e-02
1.750000 1.721840e-02
2.000000 1.641526e-02
2.250000 1.542686e-02
2.500000 1.423694e-02
2.750000 1.282939e-02
3.000000 1.118944e-02
3.250000 9.304785e-03
3.500000 7.166949e-03
3.750000 4.772677e-03
4.000000 2.127872e-03
4.250000 8.181709e-04
4.500000 3.924102e-03
4.750000 7.265880e-03
5.000000 1.079474e-02
5.250000 1.447682e-02
5.500000 1.827482e-02
5.750000 2.214827e-02
6.000000 2.605458e-02
6.250000 2.995027e-02
6.500000 3.379228e-02
6.750000 3.753910e-02
7.000000 4.115181e-02
7.250000 4.459501e-02
7.500000 4.783742e-02
7.750000 5.085230e-02
8.000000 5.361763e-02
8.250000 5.611602e-02
8.500000 5.833448e-02
8.750000 6.026397e-02
9.000000 6.189890e-02
9.250000 6.323656e-02
9.500000 6.427665e-02
9.750000 6.502078e-02
10.000000 6.547228e-02
10.250000 6.563595e-02
10.500000 6.551821e-02
10.750000 6.512719e-02
11.000000 6.447307e-02
11.250000 6.356841e-02
11.500000 6.242846e-02
11.750000 6.107142e-02
12.000000 5.951858e-02
12.250000 5.779421e-02
12.500000 5.592526e-02
12.750000 5.394086e-02
13.000000 5.187149e-02
13.250000 4.974809e-02
13.500000 4.760093e-02
13.750000 4.545852e-02
14.000000 4.334656e-02
14.250000 4.128711e-02
14.500000 3.929808e-02
14.750000 3.739315e-02
15.000000 3.558212e-02
15.250000 3.387174e-02
15.500000 3.226684e-02
15.750000 3.077165e-02
16.000000 2.939099e-02
16.250000 2.813124e-02
16.500000 2.700065e-02
16.750000 2.600904e-02
17.000000 2.516673e-02
17.250000 2.448287e-02
17.500000 2.396344e-02
17.750000 2.360938e-02
18.000000 2.341546e-02
18.250000 2.337003e-02
18.500000 2.345598e-02
18.750000 2.365242e-02
19.000000 2.393686e-02
19.250000 2.428718e-02
19.500000 2.468318e-02
19.750000 2.510746e-02
20.000000 2.554570e-02
20.250000 2.598630e-02
20.500000 2.641976e-02
20.750000 2.683785e-02
21.000000 2.723275e-02
21.250000 2.759642e-02
21.500000 2.792018e-02
21.750000 2.819462e-02
22.000000 2.840981e-02
22.250000 2.855580e-02
22.500000 2.862320e-02
22.750000 2.860399e-02
23.000000 2.849215e-02
23.250000 2.828434e-02
23.500000 2.798034e-02
23.750000 2.758334e-02
24.000000 2.709998e-02
24.250000 2.654023e-02
24.500000 2.591706e-02
24.750000 2.524597e-02
25.000000 2.454433e-02
25.250000 2.383078e-02
25.500000 2.312443e-02
25.750000 2.244412e-02
26.000000 2.180776e-02
26.250000 2.123160e-02
26.500000 2.072965e-02
26.750000 2.031313e-02
27.000000 1.999010e-02
27.250000 1.976508e-02
27.500000 1.963897e-02
27.750000 1.960905e-02
28.000000 1.966918e-02
28.250000 1.981025e-02
28.500000 2.002070e-02
28.750000 2.028718e-02
29.000000 2.059527e-02
29.250000 2.093013e-02
29.500000 2.127716e-02
29.750000 2.162250e-02
30.000000 2.195342e-02
30.250000 2.225862e-02
30.500000 2.252831e-02
30.750000 2.275426e-02
31.000000 2.292971e-02
31.250000 2.304919e-02
31.500000 2.310834e-02
31.750000 2.310372e-02
32.000000 2.303263e-02
32.250000 2.289302e-02
32.500000 2.268347e-02
32.750000 2.240323e-02
33.000000 2.205236e-02
33.250000 2.163193e-02
33.500000 2.114421e-02
33.750000 2.059292e-02
34.000000 1.998341e-02
34.250000 1.932278e-02
34.500000 1.861994e-02
34.750000 1.788562e-02
35.000000 1.713222e-02
35.250000 1.637369e-02
35.500000 1.562526e-02
35.750000 1.490321e-02
36.000000 1.422458e-02
36.250000 1.360681e-02
36.500000 1.306732e-02
36.750000 1.262290e-02
37.000000 1.228884e-02
37.250000 1.207787e-02
37.500000 1.199892e-02
37.750000 1.205597e-02
38.000000 1.224737e-02
38.250000 1.256580e-02
38.500000 1.299886e-02
38.750000 1.353021e-02
39.000000 1.414084e-02
39.250000 1.481032e-02
39.500000 1.551788e-02
39.750000 1.624320e-02
40.000000 1.696710e-02
40.250000 1.767197e-02
40.500000 1.834220e-02
40.750000 1.896436e-02
41.000000 1.952739e-02
41.250000 2.002261e-02
41.500000 2.044368e-02
41.750000 2.078642e-02
42.000000 2.104859e-02
42.250000 2.122955e-02
42.500000 2.133000e-02
42.750000 2.135161e-02
43.000000 2.129675e-02
43.250000 2.116829e-02
43.500000 2.096941e-02
43.750000 2.070362e-02
44.000000 2.037473e-02
44.250000 1.998700e-02
44.500000 1.954526e-02
44.750000 1.905505e-02
45.000000 1.852277e-02
45.250000 1.795573e-02
45.500000 1.736215e-02
45.750000 1.675106e-02
46.000000 1.613213e-02
46.250000 1.551542e-02
46.500000 1.491112e-02
46.750000 1.432922e-02
47.000000 1.377922e-02
47.250000 1.326994e-02
47.500000 1.280929e-02
47.750000 1.240412e-02
48.000000 1.206007e-02
48.250000 1.178142e-02
48.500000 1.157078e-02
48.750000 1.142884e-02
49.000000 1.135398e-02
49.250000 1.134203e-02
49.500000 1.138617e-02
49.750000 1.147709e-02
50.000000 1.160340e-02
