-50.000000 4.089355e-04
-49.750000 3.422011e-04
-49.500000 2.674173e-04
-49.250000 1.860856e-04
-49.000000 9.986429e-05
-48.750000 1.111074e-05
-48.500000 8.053719e-05
-48.250000 1.708086e-04
-48.000000 2.588445e-04
-47.750000 3.428729e-04
-47.500000 4.212480e-04
-47.250000 4.924678e-04
-47.000000 5.552049e-04
-46.750000 6.083346e-04
-46.500000 6.509590e-04
-46.250000 6.824253e-04
-46.000000 7.023373e-04
-45.750000 7.105618e-04
-45.500000 7.072272e-04
-45.250000 6.927168e-04
-45.000000 6.676549e-04
-44.750000 6.328881e-04
-44.500000 5.894606e-04
-44.250000 5.385859e-04
-44.000000 4.816139e-04
-43.750000 4.199980e-04
-43.500000 3.552608e-04
-43.250000 2.889663e-04
-43.000000 2.227092e-04
-42.750000 1.581718e-04
-42.500000 9.750204e-05
-42.250000 4.645337e-05
-42.000000 3.962129e-05
-41.750000 7.766958e-05
-41.500000 1.171536e-04
-41.250000 1.513249e-04
-41.000000 1.789864e-04
-40.750000 1.998950e-04
-40.500000 2.142241e-04
-40.250000 2.224445e-04
-40.000000 2.252797e-04
-39.750000 2.236759e-04
-39.500000 2.187665e-04
-39.250000 2.118200e-04
-39.000000 2.041545e-04
-38.750000 1.970080e-04
-38.500000 1.913653e-04
-38.250000 1.877833e-04
-38.000000 1.862900e-04
-37.750000 1.864268e-04
-37.500000 1.874272e-04
-37.250000 1.884573e-04
-37.000000 1.888364e-04
-36.750000 1.881986e-04
-36.500000 1.865997e-04
-36.250000 1.845776e-04
-36.000000 1.831532e-04
-35.750000 1.837243e-04
-35.500000 1.877908e-04
-35.250000 1.965278e-04
-35.000000 2.103886e-04
-34.750000 2.289745e-04
-34.500000 2.512185e-04
-34.250000 2.757007e-04
-34.000000 3.009142e-04
-33.750000 3.254289e-04
-33.500000 3.479758e-04
-33.250000 3.674936e-04
-33.000000 3.831609e-04
-32.750000 3.944268e-04
-32.500000 4.010440e-04
-32.250000 4.031054e-04
-32.000000 4.010838e-04
-31.750000 3.958676e-04
-31.500000 3.887803e-04
-31.250000 3.815544e-04
-31.000000 3.762156e-04
-30.750000 3.748278e-04
-30.500000 3.790983e-04
-30.250000 3.899523e-04
-30.000000 4.072742e-04
-29.750000 4.299511e-04
-29.500000 4.561643e-04
-29.250000 4.837530e-04
-29.000000 5.105087e-04
-28.750000 5.343616e-04
-28.500000 5.534814e-04
-28.250000 5.663276e-04
-28.000000 5.716778e-04
-27.750000 5.686477e-04
-27.500000 5.567121e-04
-27.250000 5.357320e-04
-27.000000 5.059975e-04
-26.750000 4.682988e-04
-26.500000 4.240600e-04
-26.250000 3.755931e-04
-26.000000 3.265852e-04
-25.750000 2.829027e-04
-25.500000 2.532296e-04
-25.250000 2.470583e-04
-25.000000 2.679873e-04
-24.750000 3.103217e-04
-24.500000 3.647901e-04
-24.250000 4.237319e-04
-24.000000 4.818341e-04
-23.750000 5.354078e-04
-23.500000 5.817725e-04
-23.250000 6.189168e-04
-23.000000 6.453309e-04
-22.750000 6.599283e-04
-22.500000 6.620091e-04
-22.250000 6.512435e-04
-22.000000 6.276614e-04
-21.750000 5.916448e-04
-21.500000 5.439201e-04
-21.250000 4.855545e-04
-21.000000 4.179672e-04
-20.750000 3.429925e-04
-20.500000 2.631240e-04
-20.250000 1.825274e-04
-20.000000 1.123147e-04
-19.750000 9.216129e-05
-19.500000 1.443946e-04
-19.250000 2.194138e-04
-19.000000 2.959077e-04
-18.750000 3.678489e-04
-18.500000 4.324297e-04
-18.250000 4.878824e-04
-18.000000 5.330051e-04
-17.750000 5.670424e-04
-17.500000 5.896611e-04
-17.250000 6.009574e-04
-17.000000 6.014756e-04
-16.750000 5.922329e-04
-16.500000 5.747489e-04
-16.250000 5.510755e-04
-16.000000 5.238140e-04
-15.750000 4.960824e-04
-15.500000 4.713551e-04
-15.250000 4.530640e-04
-15.000000 4.439100e-04
-14.750000 4.450719e-04
-14.500000 4.557759e-04
-14.250000 4.735582e-04
-14.000000 4.950313e-04
-13.750000 5.166631e-04
-13.500000 5.352752e-04
-13.250000 5.482613e-04
-13.000000 5.536407e-04
-12.750000 5.500466e-04
-12.500000 5.366985e-04
-12.250000 5.133864e-04
-12.000000 4.804785e-04
-11.750000 4.389753e-04
-11.500000 3.906536e-04
-11.250000 3.383986e-04
-11.000000 2.869146e-04
-10.750000 2.439599e-04
-10.500000 2.208863e-04
-10.250000 2.274467e-04
-10.000000 2.619936e-04
-9.750000 3.137955e-04
-9.500000 3.726804e-04
-9.250000 4.318806e-04
-9.000000 4.870504e-04
-8.750000 5.352434e-04
-8.500000 5.743703e-04
-8.250000 6.029464e-04
-8.000000 6.199778e-04
-7.750000 6.249093e-04
-7.500000 6.176011e-04
-7.250000 5.983175e-04
-7.000000 5.677257e-04
-6.750000 5.269048e-04
-6.500000 4.773791e-04
-6.250000 4.212055e-04
-6.000000 3.611823e-04
-5.750000 3.013248e-04
-5.500000 2.478424e-04
-5.250000 2.103645e-04
-5.000000 1.999576e-04
-4.750000 2.193093e-04
-4.500000 2.587714e-04
-4.250000 3.066913e-04
-4.000000 3.553614e-04
-3.750000 4.003708e-04
-3.500000 4.392180e-04
-3.250000 4.705478e-04
-3.000000 4.938037e-04
-2.750000 5.090758e-04
-2.500000 5.170315e-04
-2.250000 5.188746e-04
-2.000000 5.162956e-04
-1.750000 5.113807e-04
-1.500000 5.064433e-04
-1.250000 5.037476e-04
-1.000000 5.051393e-04
-0.750000 5.116652e-04
-0.500000 5.233262e-04
-0.250000 5.390721e-04
0.000000 5.570323e-04
0.250000 5.748616e-04
0.500000 5.900731e-04
0.750000 6.002877e-04
1.000000 6.033925e-04
1.250000 5.976298e-04
1.500000 5.816437e-04
1.750000 5.545021e-04
2.000000 5.157075e-04
2.250000 4.652042e-04
2.500000 4.033957e-04
2.750000 3.312045e-04
3.000000 2.503047e-04
3.250000 1.642446e-04
3.500000 8.703241e-05
3.750000 9.149507e-05
4.000000 1.784909e-04
4.250000 2.806398e-04
4.500000 3.844815e-04
4.750000 4.856213e-04
5.000000 5.811216e-04
5.250000 6.684992e-04
5.500000 7.455387e-04
5.750000 8.102699e-04
6.000000 8.609884e-04
6.250000 8.962860e-04
6.500000 9.150833e-04
6.750000 9.166576e-04
7.000000 9.006659e-04
7.250000 8.671631e-04
7.500000 8.166146e-04
7.750000 7.499101e-04
8.000000 6.683850e-04
8.250000 5.738787e-04
8.500000 4.689066e-04
8.750000 3.572354e-04
9.000000 2.461901e-04
9.250000 1.580138e-04
9.500000 1.560096e-04
9.750000 2.440200e-04
10.000000 3.584339e-04
10.250000 4.756108e-04
10.500000 5.876921e-04
10.750000 6.905041e-04
11.000000 7.811131e-04
11.250000 8.572323e-04
11.500000 9.170589e-04
11.750000 9.592333e-04
12.000000 9.828369e-04
12.250000 9.874015e-04
12.500000 9.729193e-04
12.750000 9.398511e-04
13.000000 8.891322e-04
13.250000 8.221814e-04
13.500000 7.409232e-04
13.750000 6.478526e-04
14.000000 5.462111e-04
14.250000 4.404779e-04
14.500000 3.377939e-04
14.750000 2.520692e-04
15.000000 2.107537e-04
15.250000 2.362914e-04
15.500000 3.066153e-04
15.750000 3.907840e-04
16.000000 4.731380e-04
16.250000 5.462343e-04
16.500000 6.058653e-04
16.750000 6.493279e-04
17.000000 6.748318e-04
17.250000 6.812861e-04
17.500000 6.682219e-04
17.750000 6.357725e-04
18.000000 5.846912e-04
18.250000 5.164266e-04
18.500000 4.333469e-04
18.750000 3.394671e-04
19.000000 2.432101e-04
19.250000 1.692059e-04
19.500000 1.755438e-04
19.750000 2.647503e-04
20.000000 3.841198e-04
20.250000 5.106081e-04
20.500000 6.353631e-04
20.750000 7.533079e-04
21.000000 8.606811e-04
21.250000 9.544046e-04
21.500000 1.031911e-03
21.750000 1.091105e-03
22.000000 1.130374e-03
22.250000 1.148603e-03
22.500000 1.145195e-03
22.750000 1.120083e-03
23.000000 1.073733e-03
23.250000 1.007148e-03
23.500000 9.218529e-04
23.750000 8.199023e-04
24.000000 7.039083e-04
24.250000 5.771739e-04
24.500000 4.441695e-04
24.750000 3.123792e-04
25.000000 2.008363e-04
25.250000 1.675463e-04
25.500000 2.436377e-04
25.750000 3.591967e-04
26.000000 4.782105e-04
26.250000 5.895768e-04
26.500000 6.882433e-04
26.750000 7.711150e-04
27.000000 8.360831e-04
27.250000 8.817475e-04
27.500000 9.073293e-04
27.750000 9.126445e-04
28.000000 8.980987e-04
28.250000 8.646918e-04
28.500000 8.140377e-04
28.750000 7.484140e-04
29.000000 6.708794e-04
29.250000 5.855385e-04
29.500000 4.981176e-04
29.750000 4.170993e-04
30.000000 3.552412e-04
30.250000 3.283128e-04
30.500000 3.446004e-04
30.750000 3.951902e-04
31.000000 4.632942e-04
31.250000 5.355473e-04
31.500000 6.035025e-04
31.750000 6.619094e-04
32.000000 7.073989e-04
32.250000 7.377991e-04
32.500000 7.518010e-04
32.750000 7.487863e-04
33.000000 7.287299e-04
33.250000 6.921331e-04
33.500000 6.399680e-04
33.750000 5.736255e-04
34.000000 4.948599e-04
34.250000 4.057321e-04
34.500000 3.085529e-04
34.750000 2.058408e-04
35.000000 1.004352e-04
35.250000 1.569639e-05
35.500000 1.120027e-04
35.750000 2.111608e-04
36.000000 3.036458e-04
36.250000 3.871472e-04
36.500000 4.597792e-04
36.750000 5.199902e-04
37.000000 5.665756e-04
37.250000 5.986960e-04
37.500000 6.158888e-04
37.750000 6.180714e-04
38.000000 6.055337e-04
38.250000 5.789232e-04
38.500000 5.392193e-04
38.750000 4.877014e-04
39.000000 4.259094e-04
39.250000 3.555989e-04
39.500000 2.786936e-04
39.750000 1.972392e-04
40.000000 1.133865e-04
40.250000 3.000136e-05
40.500000 5.487143e-05
40.750000 1.336104e-04
41.000000 2.072992e-04
41.250000 2.740600e-04
41.500000 3.324689e-04
41.750000 3.813807e-04
42.000000 4.199299e-04
42.250000 4.475402e-04
42.500000 4.639297e-04
42.750000 4.691095e-04
43.000000 4.633761e-04
43.250000 4.472981e-04
43.500000 4.216993e-04
43.750000 3.876408e-04
44.000000 3.464074e-04
44.250000 2.995118e-04
44.500000 2.487481e-04
44.750000 1.963897e-04
45.000000 1.458502e-04
45.250000 1.038967e-04
45.500000 8.511580e-05
45.750000 1.003909e-04
46.000000 1.349182e-04
46.250000 1.735749e-04
46.500000 2.101033e-04
46.750000 2.418700e-04
47.000000 2.675642e-04
47.250000 2.865025e-04
47.500000 2.983975e-04
47.750000 3.032689e-04
48.000000 3.014055e-04
48.250000 2.933495e-04
48.500000 2.798945e-04
48.750000 2.620995e-04
49.000000 2.413238e-04
49.250000 2.192857e-04
49.500000 1.981330e-04
49.750000 1.804401e-04
50.000000 1.689144e-04
