-50.000000 1.090173e-03
-49.750000 1.106402e-03
-49.500000 1.107622e-03
-49.250000 1.093775e-03
-49.000000 1.065127e-03
-48.750000 1.022275e-03
-48.500000 9.661389e-04
-48.250000 8.979571e-04
-48.000000 8.192848e-04
-47.750000 7.320033e-04
-47.500000 6.383589e-04
-47.250000 5.410754e-04
-47.000000 4.436444e-04
-46.750000 3.510613e-04
-46.500000 2.715959e-04
-46.250000 2.196145e-04
-46.000000 2.114773e-04
-45.750000 2.445540e-04
-45.500000 2.981742e-04
-45.250000 3.560463e-04
-45.000000 4.098175e-04
-44.750000 4.553327e-04
-44.500000 4.904525e-04
-44.250000 5.141709e-04
-44.000000 5.262738e-04
-43.750000 5.272196e-04
-43.500000 5.181231e-04
-43.250000 5.008024e-04
-43.000000 4.778689e-04
-42.750000 4.528277e-04
-42.500000 4.300821e-04
-42.250000 4.146042e-04
-42.000000 4.109744e-04
-41.750000 4.218895e-04
-41.500000 4.470859e-04
-41.250000 4.836345e-04
-41.000000 5.272509e-04
-40.750000 5.735168e-04
-40.500000 6.185078e-04
-40.250000 6.589712e-04
-40.000000 6.923101e-04
-39.750000 7.165220e-04
-39.500000 7.301460e-04
-39.250000 7.322311e-04
-39.000000 7.223252e-04
-38.750000 7.004852e-04
-38.500000 6.673116e-04
-38.250000 6.240223e-04
-38.000000 5.725954e-04
-37.750000 5.160310e-04
-37.500000 4.588054e-04
-37.250000 4.075103e-04
-37.000000 3.711627e-04
-36.750000 3.594117e-04
-36.500000 3.772941e-04
-36.250000 4.213952e-04
-36.000000 4.830357e-04
-35.750000 5.534960e-04
-35.500000 6.260642e-04
-35.250000 6.959088e-04
-35.000000 7.595263e-04
-34.750000 8.143291e-04
-34.500000 8.584051e-04
-34.250000 8.903898e-04
-34.000000 9.094018e-04
-33.750000 9.150144e-04
-33.500000 9.072470e-04
-33.250000 8.865705e-04
-33.000000 8.539283e-04
-32.750000 8.107757e-04
-32.500000 7.591490e-04
-32.250000 7.017788e-04
-32.000000 6.422553e-04
-31.750000 5.852241e-04
-31.500000 5.364634e-04
-31.250000 5.024417e-04
-31.000000 4.887934e-04
-30.750000 4.979319e-04
-30.500000 5.276958e-04
-30.250000 5.725453e-04
-30.000000 6.259907e-04
-29.750000 6.822382e-04
-29.500000 7.366963e-04
-29.250000 7.858998e-04
-29.000000 8.272929e-04
-28.750000 8.590351e-04
-28.500000 8.798622e-04
-28.250000 8.889926e-04
-28.000000 8.860636e-04
-27.750000 8.710858e-04
-27.500000 8.444088e-04
-27.250000 8.066948e-04
-27.000000 7.588976e-04
-26.750000 7.022510e-04
-26.500000 6.382714e-04
-26.250000 5.687884e-04
-26.000000 4.960303e-04
-25.750000 4.228210e-04
-25.500000 3.529916e-04
-25.250000 2.921282e-04
-25.000000 2.483259e-04
-24.750000 2.305479e-04
-24.500000 2.415746e-04
-24.250000 2.738708e-04
-24.000000 3.165407e-04
-23.750000 3.614940e-04
-23.500000 4.038392e-04
-23.250000 4.407007e-04
-23.000000 4.703676e-04
-22.750000 4.918435e-04
-22.500000 5.046207e-04
-22.250000 5.085644e-04
-22.000000 5.038506e-04
-21.750000 4.909341e-04
-21.500000 4.705346e-04
-21.250000 4.436395e-04
-21.000000 4.115264e-04
-20.750000 3.758135e-04
-20.500000 3.385492e-04
-20.250000 3.023397e-04
-20.000000 2.704597e-04
-19.750000 2.467153e-04
-19.500000 2.346082e-04
-19.250000 2.356958e-04
-19.000000 2.484563e-04
-18.750000 2.690996e-04
-18.500000 2.933696e-04
-18.250000 3.176572e-04
-18.000000 3.392312e-04
-17.750000 3.561021e-04
-17.500000 3.668409e-04
-17.250000 3.704448e-04
-17.000000 3.662506e-04
-16.750000 3.538834e-04
-16.500000 3.332258e-04
-16.250000 3.044005e-04
-16.000000 2.677656e-04
-15.750000 2.239290e-04
-15.500000 1.738255e-04
-15.250000 1.190773e-04
-15.000000 6.449985e-05
-14.750000 4.413094e-05
-14.500000 9.394349e-05
-14.250000 1.594803e-04
-14.000000 2.273277e-04
-13.750000 2.944320e-04
-13.500000 3.589686e-04
-13.250000 4.194188e-04
-13.000000 4.744141e-04
-12.750000 5.227115e-04
-12.500000 5.632018e-04
-12.250000 5.949275e-04
-12.000000 6.171015e-04
-11.750000 6.291252e-04
-11.500000 6.306031e-04
-11.250000 6.213545e-04
-11.000000 6.014205e-04
-10.750000 5.710670e-04
-10.500000 5.307823e-04
-10.250000 4.812721e-04
-10.000000 4.234502e-04
-9.750000 3.584312e-04
-9.500000 2.875338e-04
-9.250000 2.123391e-04
-9.000000 1.350432e-04
-8.750000 6.172906e-05
-8.500000 5.032175e-05
-8.250000 1.187981e-04
-8.000000 1.931071e-04
-7.750000 2.644810e-04
-7.500000 3.306355e-04
-7.250000 3.901494e-04
-7.000000 4.419613e-04
-6.750000 4.852944e-04
-6.500000 5.196577e-04
-6.250000 5.448649e-04
-6.000000 5.610581e-04
-5.750000 5.687332e-04
-5.500000 5.687629e-04
-5.250000 5.624149e-04
-5.000000 5.513575e-04
-4.750000 5.376354e-04
-4.500000 5.235878e-04
-4.250000 5.116715e-04
-4.000000 5.041607e-04
-3.750000 5.027509e-04
-3.500000 5.081848e-04
-3.250000 5.200684e-04
-3.000000 5.369749e-04
-2.750000 5.567719e-04
-2.500000 5.770122e-04
-2.250000 5.952530e-04
-2.000000 6.092622e-04
-1.750000 6.171271e-04
-1.500000 6.173012e-04
-1.250000 6.086173e-04
-1.000000 5.902850e-04
-0.750000 5.618803e-04
-0.500000 5.233322e-04
-0.250000 4.749071e-04
0.000000 4.171939e-04
0.250000 3.510952e-04
0.500000 2.778451e-04
0.750000 1.991447e-04
1.000000 1.180227e-04
1.250000 4.944318e-05
1.500000 8.096400e-05
1.750000 1.624205e-04
2.000000 2.465096e-04
2.250000 3.276564e-04
2.500000 4.034517e-04
2.750000 4.720923e-04
3.000000 5.320649e-04
3.250000 5.820975e-04
3.500000 6.211629e-04
3.750000 6.484945e-04
4.000000 6.636023e-04
4.250000 6.662863e-04
4.500000 6.566459e-04
4.750000 6.350860e-04
5.000000 6.023221e-04
5.250000 5.593880e-04
5.500000 5.076568e-04
5.750000 4.488939e-04
6.000000 3.853895e-04
6.250000 3.202796e-04
6.500000 2.583125e-04
6.750000 2.074436e-04
7.000000 1.800952e-04
7.250000 1.862375e-04
7.500000 2.200589e-04
7.750000 2.671217e-04
8.000000 3.169597e-04
8.250000 3.638027e-04
8.500000 4.044192e-04
8.750000 4.368860e-04
9.000000 4.600575e-04
9.250000 4.733441e-04
9.500000 4.766201e-04
9.750000 4.701935e-04
10.000000 4.548099e-04
10.250000 4.316896e-04
10.500000 4.026029e-04
10.750000 3.699976e-04
11.000000 3.371746e-04
11.250000 3.084154e-04
11.500000 2.887198e-04
11.750000 2.825740e-04
12.000000 2.918465e-04
12.250000 3.146669e-04
12.500000 3.466605e-04
12.750000 3.830112e-04
13.000000 4.196124e-04
13.250000 4.532934e-04
13.500000 4.816902e-04
13.750000 5.030751e-04
14.000000 5.162288e-04
14.250000 5.203570e-04
14.500000 5.150379e-04
14.750000 5.001869e-04
15.000000 4.760304e-04
15.250000 4.430868e-04
15.500000 4.021522e-04
15.750000 3.543000e-04
16.000000 3.009102e-04
16.250000 2.437891e-04
16.500000 1.855771e-04
16.750000 1.312339e-04
17.000000 9.334653e-05
17.250000 9.513731e-05
17.500000 1.326417e-04
17.750000 1.816749e-04
18.000000 2.310931e-04
18.250000 2.766844e-04
18.500000 3.163770e-04
18.750000 3.489478e-04
19.000000 3.736590e-04
19.250000 3.901472e-04
19.500000 3.983942e-04
19.750000 3.987318e-04
20.000000 3.918665e-04
20.250000 3.789238e-04
20.500000 3.615115e-04
20.750000 3.417974e-04
21.000000 3.225598e-04
21.250000 3.071034e-04
21.500000 2.988377e-04
21.750000 3.004031e-04
22.000000 3.126938e-04
22.250000 3.345511e-04
22.500000 3.633964e-04
22.750000 3.961873e-04
23.000000 4.300700e-04
23.250000 4.626368e-04
23.500000 4.919596e-04
23.750000 5.165448e-04
24.000000 5.352792e-04
24.250000 5.473857e-04
24.500000 5.523910e-04
24.750000 5.501027e-04
25.000000 5.405921e-04
25.250000 5.241804e-04
25.500000 5.014289e-04
25.750000 4.731316e-04
26.000000 4.403140e-04
26.250000 4.042399e-04
26.500000 3.664290e-04
26.750000 3.286857e-04
27.000000 2.931241e-04
27.250000 2.621317e-04
27.500000 2.381396e-04
27.750000 2.230327e-04
28.000000 2.172925e-04
28.250000 2.195205e-04
28.500000 2.269200e-04
28.750000 2.363277e-04
29.000000 2.449775e-04
29.250000 2.507627e-04
29.500000 2.522069e-04
29.750000 2.483514e-04
30.000000 2.386486e-04
30.250000 2.228832e-04
30.500000 2.011202e-04
30.750000 1.736795e-04
31.000000 1.411517e-04
31.250000 1.045449e-04
31.500000 6.611616e-05
31.750000 3.621376e-05
32.000000 5.081904e-05
32.250000 9.329438e-05
32.500000 1.407934e-04
32.750000 1.889125e-04
33.000000 2.359106e-04
33.250000 2.805669e-04
33.500000 3.218483e-04
33.750000 3.588383e-04
34.000000 3.907242e-04
34.250000 4.168001e-04
34.500000 4.364753e-04
34.750000 4.492827e-04
35.000000 4.548880e-04
35.250000 4.530979e-04
35.500000 4.438693e-04
35.750000 4.273184e-04
36.000000 4.037363e-04
36.250000 3.736123e-04
36.500000 3.376824e-04
36.750000 2.970278e-04
37.000000 2.532982e-04
37.250000 2.092373e-04
37.500000 1.698940e-04
37.750000 1.445518e-04
38.000000 1.447661e-04
38.250000 1.721892e-04
38.500000 2.168713e-04
38.750000 2.694744e-04
39.000000 3.246070e-04
39.250000 3.791870e-04
39.500000 4.312232e-04
39.750000 4.792761e-04
40.000000 5.222330e-04
40.250000 5.592158e-04
40.500000 5.895435e-04
40.750000 6.127208e-04
41.000000 6.284375e-04
41.250000 6.365746e-04
41.500000 6.372121e-04
41.750000 6.306393e-04
42.000000 6.173669e-04
42.250000 5.981402e-04
42.500000 5.739559e-04
42.750000 5.460791e-04
43.000000 5.160595e-04
43.250000 4.857330e-04
43.500000 4.571865e-04
43.750000 4.326397e-04
44.000000 4.141965e-04
44.250000 4.034553e-04
44.500000 4.010875e-04
44.750000 4.066075e-04
45.000000 4.184985e-04
45.250000 4.346236e-04
45.500000 4.526890e-04
45.750000 4.705792e-04
46.000000 4.865317e-04
46.250000 4.991978e-04
46.500000 5.076473e-04
46.750000 5.113545e-04
47.000000 5.101847e-04
47.250000 5.043864e-04
47.500000 4.945896e-04
47.750000 4.818072e-04
48.000000 4.674261e-04
48.250000 4.531694e-04
48.500000 4.409949e-04
48.750000 4.328943e-04
49.000000 4.305825e-04
49.250000 4.351421e-04
49.500000 4.467636e-04
49.750000 4.647153e-04
50.000000 4.875517e-04
