-50.000000 2.952050e-01
-49.750000 2.980375e-01
-49.500000 3.008582e-01
-49.250000 3.036666e-01
-49.000000 3.064624e-01
-48.750000 3.092449e-01
-48.500000 3.120138e-01
-48.250000 3.147685e-01
-48.000000 3.175086e-01
-47.750000 3.202336e-01
-47.500000 3.229430e-01
-47.250000 3.256363e-01
-47.000000 3.283132e-01
-46.750000 3.309732e-01
-46.500000 3.336157e-01
-46.250000 3.362403e-01
-46.000000 3.388466e-01
-45.750000 3.414342e-01
-45.500000 3.440025e-01
-45.250000 3.465512e-01
-45.000000 3.490798e-01
-44.750000 3.515879e-01
-44.500000 3.540750e-01
-44.250000 3.565407e-01
-44.000000 3.589847e-01
-43.750000 3.614064e-01
-43.500000 3.638055e-01
-43.250000 3.661815e-01
-43.000000 3.685341e-01
-42.750000 3.708628e-01
-42.500000 3.731672e-01
-42.250000 3.754471e-01
-42.000000 3.777018e-01
-41.750000 3.799312e-01
-41.500000 3.821347e-01
-41.250000 3.843121e-01
-41.000000 3.864629e-01
-40.750000 3.885869e-01
-40.500000 3.906835e-01
-40.250000 3.927525e-01
-40.000000 3.947935e-01
-39.750000 3.968062e-01
-39.500000 3.987903e-01
-39.250000 4.007453e-01
-39.000000 4.026711e-01
-38.750000 4.045671e-01
-38.500000 4.064332e-01
-38.250000 4.082691e-01
-38.000000 4.100743e-01
-37.750000 4.118487e-01
-37.500000 4.135919e-01
-37.250000 4.153036e-01
-37.000000 4.169835e-01
-36.750000 4.186315e-01
-36.500000 4.202471e-01
-36.250000 4.218302e-01
-36.000000 4.233805e-01
-35.750000 4.248978e-01
-35.500000 4.263817e-01
-35.250000 4.278321e-01
-35.000000 4.292487e-01
-34.750000 4.306313e-01
-34.500000 4.319797e-01
-34.250000 4.332937e-01
-34.000000 4.345730e-01
-33.750000 4.358176e-01
-33.500000 4.370271e-01
-33.250000 4.382014e-01
-33.000000 4.393404e-01
-32.750000 4.404439e-01
-32.500000 4.415116e-01
-32.250000 4.425435e-01
-32.000000 4.435395e-01
-31.750000 4.444993e-01
-31.500000 4.454229e-01
-31.250000 4.463101e-01
-31.000000 4.471608e-01
-30.750000 4.479749e-01
-30.500000 4.487523e-01
-30.250000 4.494929e-01
-30.000000 4.501967e-01
-29.750000 4.508636e-01
-29.500000 4.514934e-01
-29.250000 4.520862e-01
-29.000000 4.526418e-01
-28.750000 4.531603e-01
-28.500000 4.536416e-01
-28.250000 4.540857e-01
-28.000000 4.544925e-01
-27.750000 4.548622e-01
-27.500000 4.551945e-01
-27.250000 4.554896e-01
-27.000000 4.557475e-01
-26.750000 4.559682e-01
-26.500000 4.561518e-01
-26.250000 4.562982e-01
-26.000000 4.564075e-01
-25.750000 4.564798e-01
-25.500000 4.565152e-01
-25.250000 4.565137e-01
-25.000000 4.564754e-01
-24.750000 4.564004e-01
-24.500000 4.562888e-01
-24.250000 4.561407e-01
-24.000000 4.559563e-01
-23.750000 4.557356e-01
-23.500000 4.554788e-01
-23.250000 4.551861e-01
-23.000000 4.548575e-01
-22.750000 4.544933e-01
-22.500000 4.540937e-01
-22.250000 4.536587e-01
-22.000000 4.531887e-01
-21.750000 4.526838e-01
-21.500000 4.521441e-01
-21.250000 4.515700e-01
-21.000000 4.509617e-01
-20.750000 4.503193e-01
-20.500000 4.496432e-01
-20.250000 4.489335e-01
-20.000000 4.481906e-01
-19.750000 4.474148e-01
-19.500000 4.466062e-01
-19.250000 4.457652e-01
-19.000000 4.448920e-01
-18.750000 4.439871e-01
-18.500000 4.430507e-01
-18.250000 4.420830e-01
-18.000000 4.410846e-01
-17.750000 4.400557e-01
-17.500000 4.389966e-01
-17.250000 4.379077e-01
-17.000000 4.367894e-01
-16.750000 4.356421e-01
-16.500000 4.344662e-01
-16.250000 4.332619e-01
-16.000000 4.320299e-01
-15.750000 4.307704e-01
-15.500000 4.294839e-01
-15.250000 4.281708e-01
-15.000000 4.268316e-01
-14.750000 4.254668e-01
-14.500000 4.240767e-01
-14.250000 4.226618e-01
-14.000000 4.212227e-01
-13.750000 4.197597e-01
-13.500000 4.182735e-01
-13.250000 4.167644e-01
-13.000000 4.152331e-01
-12.750000 4.136800e-01
-12.500000 4.121057e-01
-12.250000 4.105107e-01
-12.000000 4.088955e-01
-11.750000 4.072607e-01
-11.500000 4.056069e-01
-11.250000 4.039346e-01
-11.000000 4.022444e-01
-10.750000 4.005370e-01
-10.500000 3.988128e-01
-10.250000 3.970725e-01
-10.000000 3.953167e-01
-9.750000 3.935460e-01
-9.500000 3.917611e-01
-9.250000 3.899626e-01
-9.000000 3.881511e-01
-8.750000 3.863273e-01
-8.500000 3.844918e-01
-8.250000 3.826454e-01
-8.000000 3.807886e-01
-7.750000 3.789221e-01
-7.500000 3.770467e-01
-7.250000 3.751630e-01
-7.000000 3.732718e-01
-6.750000 3.713736e-01
-6.500000 3.694693e-01
-6.250000 3.675596e-01
-6.000000 3.656451e-01
-5.750000 3.637267e-01
-5.500000 3.618050e-01
-5.250000 3.598808e-01
-5.000000 3.579548e-01
-4.750000 3.560277e-01
-4.500000 3.541004e-01
-4.250000 3.521736e-01
-4.000000 3.502479e-01
-3.750000 3.483243e-01
-3.500000 3.464035e-01
-3.250000 3.444861e-01
-3.000000 3.425731e-01
-2.750000 3.406651e-01
-2.500000 3.387630e-01
-2.250000 3.368675e-01
-2.000000 3.349794e-01
-1.750000 3.330994e-01
-1.500000 3.312284e-01
-1.250000 3.293670e-01
-1.000000 3.275162e-01
-0.750000 3.256765e-01
-0.500000 3.238489e-01
-0.250000 3.220340e-01
0.000000 3.202327e-01
0.250000 3.184456e-01
0.500000 3.166735e-01
0.750000 3.149171e-01
1.000000 3.131773e-01
1.250000 3.114546e-01
1.500000 3.097498e-01
1.750000 3.080637e-01
2.000000 3.063969e-01
2.250000 3.047501e-01
2.500000 3.031239e-01
2.750000 3.015191e-01
3.000000 2.999362e-01
3.250000 2.983759e-01
3.500000 2.968388e-01
3.750000 2.953255e-01
4.000000 2.938366e-01
4.250000 2.923727e-01
4.500000 2.909342e-01
4.750000 2.895217e-01
5.000000 2.881358e-01
5.250000 2.867768e-01
5.500000 2.854452e-01
5.750000 2.841415e-01
6.000000 2.828660e-01
6.250000 2.816192e-01
6.500000 2.804014e-01
6.750000 2.792129e-01
7.000000 2.780540e-01
7.250000 2.769251e-01
7.500000 2.758262e-01
7.750000 2.747577e-01
8.000000 2.737197e-01
8.250000 2.727123e-01
8.500000 2.717358e-01
8.750000 2.707901e-01
9.000000 2.698753e-01
9.250000 2.689915e-01
9.500000 2.681386e-01
9.750000 2.673165e-01
10.000000 2.665253e-01
10.250000 2.657648e-01
10.500000 2.650348e-01
10.750000 2.643352e-01
11.000000 2.636658e-01
11.250000 2.630262e-01
11.500000 2.624164e-01
11.750000 2.618359e-01
12.000000 2.612844e-01
12.250000 2.607615e-01
12.500000 2.602669e-01
12.750000 2.598001e-01
13.000000 2.593607e-01
13.250000 2.589483e-01
13.500000 2.585622e-01
13.750000 2.582019e-01
14.000000 2.578670e-01
14.250000 2.575568e-01
14.500000 2.572707e-01
14.750000 2.570081e-01
15.000000 2.567684e-01
15.250000 2.565508e-01
15.500000 2.563548e-01
15.750000 2.561795e-01
16.000000 2.560244e-01
16.250000 2.558886e-01
16.500000 2.557714e-01
16.750000 2.556721e-01
17.000000 2.555898e-01
17.250000 2.555239e-01
17.500000 2.554735e-01
17.750000 2.554378e-01
18.000000 2.554160e-01
18.250000 2.554074e-01
18.500000 2.554110e-01
18.750000 2.554262e-01
19.000000 2.554520e-01
19.250000 2.554877e-01
19.500000 2.555324e-01
19.750000 2.555853e-01
20.000000 2.556456e-01
20.250000 2.557125e-01
20.500000 2.557851e-01
20.750000 2.558627e-01
21.000000 2.559445e-01
21.250000 2.560296e-01
21.500000 2.561173e-01
21.750000 2.562068e-01
22.000000 2.562974e-01
22.250000 2.563881e-01
22.500000 2.564784e-01
22.750000 2.565674e-01
23.000000 2.566543e-01
23.250000 2.567386e-01
23.500000 2.568194e-01
23.750000 2.568961e-01
24.000000 2.569679e-01
24.250000 2.570343e-01
24.500000 2.570944e-01
24.750000 2.571477e-01
25.000000 2.571935e-01
25.250000 2.572312e-01
25.500000 2.572601e-01
25.750000 2.572798e-01
26.000000 2.572895e-01
26.250000 2.572887e-01
26.500000 2.572769e-01
26.750000 2.572535e-01
27.000000 2.572180e-01
27.250000 2.571699e-01
27.500000 2.571086e-01
27.750000 2.570338e-01
28.000000 2.569449e-01
28.250000 2.568414e-01
28.500000 2.567231e-01
28.750000 2.565893e-01
29.000000 2.564397e-01
29.250000 2.562740e-01
29.500000 2.560918e-01
29.750000 2.558926e-01
30.000000 2.556762e-01
30.250000 2.554423e-01
30.500000 2.551905e-01
30.750000 2.549205e-01
31.000000 2.546320e-01
31.250000 2.543249e-01
31.500000 2.539988e-01
31.750000 2.536535e-01
32.000000 2.532888e-01
32.250000 2.529045e-01
32.500000 2.525004e-01
32.750000 2.520763e-01
33.000000 2.516321e-01
33.250000 2.511677e-01
33.500000 2.506829e-01
33.750000 2.501776e-01
34.000000 2.496518e-01
34.250000 2.491053e-01
34.500000 2.485380e-01
34.750000 2.479501e-01
35.000000 2.473413e-01
35.250000 2.467117e-01
35.500000 2.460614e-01
35.750000 2.453902e-01
36.000000 2.446983e-01
36.250000 2.439857e-01
36.500000 2.432525e-01
36.750000 2.424987e-01
37.000000 2.417245e-01
37.250000 2.409298e-01
37.500000 2.401150e-01
37.750000 2.392800e-01
38.000000 2.384252e-01
38.250000 2.375505e-01
38.500000 2.366563e-01
38.750000 2.357428e-01
39.000000 2.348101e-01
39.250000 2.338584e-01
39.500000 2.328882e-01
39.750000 2.318995e-01
40.000000 2.308927e-01
40.250000 2.298682e-01
40.500000 2.288261e-01
40.750000 2.277669e-01
41.000000 2.266910e-01
41.250000 2.255986e-01
41.500000 2.244902e-01
41.750000 2.233661e-01
42.000000 2.222269e-01
42.250000 2.210728e-01
42.500000 2.199045e-01
42.750000 2.187224e-01
43.000000 2.175269e-01
43.250000 2.163186e-01
43.500000 2.150981e-01
43.750000 2.138658e-01
44.000000 2.126223e-01
44.250000 2.113683e-01
44.500000 2.101043e-01
44.750000 2.088310e-01
45.000000 2.075490e-01
45.250000 2.062590e-01
45.500000 2.049618e-01
45.750000 2.036579e-01
46.000000 2.023482e-01
46.250000 2.010334e-01
46.500000 1.997143e-01
46.750000 1.983916e-01
47.000000 1.970663e-01
47.250000 1.957392e-01
47.500000 1.944111e-01
47.750000 1.930829e-01
48.000000 1.917555e-01
48.250000 1.904300e-01
48.500000 1.891072e-01
48.750000 1.877881e-01
49.000000 1.864738e-01
49.250000 1.851653e-01
49.500000 1.838636e-01
49.750000 1.825698e-01
50.000000 1.812850e-01
