-50.000000 6.876538e-04
-49.750000 7.383367e-04
-49.500000 7.892697e-04
-49.250000 8.403196e-04
-49.000000 8.913716e-04
-48.750000 9.423249e-04
-48.500000 9.930892e-04
-48.250000 1.043583e-03
-48.000000 1.093730e-03
-47.750000 1.143461e-03
-47.500000 1.192711e-03
-47.250000 1.241418e-03
-47.000000 1.289524e-03
-46.750000 1.336973e-03
-46.500000 1.383714e-03
-46.250000 1.429694e-03
-46.000000 1.474868e-03
-45.750000 1.519188e-03
-45.500000 1.562612e-03
-45.250000 1.605098e-03
-45.000000 1.646607e-03
-44.750000 1.687101e-03
-44.500000 1.726544e-03
-44.250000 1.764903e-03
-44.000000 1.802146e-03
-43.750000 1.838244e-03
-43.500000 1.873170e-03
-43.250000 1.906897e-03
-43.000000 1.939402e-03
-42.750000 1.970663e-03
-42.500000 2.000662e-03
-42.250000 2.029380e-03
-42.000000 2.056803e-03
-41.750000 2.082917e-03
-41.500000 2.107710e-03
-41.250000 2.131174e-03
-41.000000 2.153302e-03
-40.750000 2.174089e-03
-40.500000 2.193531e-03
-40.250000 2.211629e-03
-40.000000 2.228383e-03
-39.750000 2.243797e-03
-39.500000 2.257877e-03
-39.250000 2.270629e-03
-39.000000 2.282064e-03
-38.750000 2.292193e-03
-38.500000 2.301029e-03
-38.250000 2.308588e-03
-38.000000 2.314888e-03
-37.750000 2.319948e-03
-37.500000 2.323788e-03
-37.250000 2.326433e-03
-37.000000 2.327906e-03
-36.750000 2.328234e-03
-36.500000 2.327447e-03
-36.250000 2.325572e-03
-36.000000 2.322643e-03
-35.750000 2.318693e-03
-35.500000 2.313755e-03
-35.250000 2.307866e-03
-35.000000 2.301063e-03
-34.750000 2.293386e-03
-34.500000 2.284874e-03
-34.250000 2.275570e-03
-34.000000 2.265514e-03
-33.750000 2.254752e-03
-33.500000 2.243327e-03
-33.250000 2.231286e-03
-33.000000 2.218675e-03
-32.750000 2.205542e-03
-32.500000 2.191934e-03
-32.250000 2.177901e-03
-32.000000 2.163493e-03
-31.750000 2.148759e-03
-31.500000 2.133751e-03
-31.250000 2.118520e-03
-31.000000 2.103117e-03
-30.750000 2.087595e-03
-30.500000 2.072006e-03
-30.250000 2.056401e-03
-30.000000 2.040834e-03
-29.750000 2.025357e-03
-29.500000 2.010023e-03
-29.250000 1.994885e-03
-29.000000 1.979993e-03
-28.750000 1.965402e-03
-28.500000 1.951161e-03
-28.250000 1.937323e-03
-28.000000 1.923938e-03
-27.750000 1.911056e-03
-27.500000 1.898727e-03
-27.250000 1.887000e-03
-27.000000 1.875921e-03
-26.750000 1.865538e-03
-26.500000 1.855897e-03
-26.250000 1.847042e-03
-26.000000 1.839015e-03
-25.750000 1.831859e-03
-25.500000 1.825613e-03
-25.250000 1.820316e-03
-25.000000 1.816003e-03
-24.750000 1.812711e-03
-24.500000 1.810470e-03
-24.250000 1.809312e-03
-24.000000 1.809264e-03
-23.750000 1.810352e-03
-23.500000 1.812599e-03
-23.250000 1.816025e-03
-23.000000 1.820649e-03
-22.750000 1.826485e-03
-22.500000 1.833546e-03
-22.250000 1.841843e-03
-22.000000 1.851381e-03
-21.750000 1.862166e-03
-21.500000 1.874198e-03
-21.250000 1.887476e-03
-21.000000 1.901996e-03
-20.750000 1.917752e-03
-20.500000 1.934733e-03
-20.250000 1.952928e-03
-20.000000 1.972323e-03
-19.750000 1.992900e-03
-19.500000 2.014639e-03
-19.250000 2.037521e-03
-19.000000 2.061520e-03
-18.750000 2.086611e-03
-18.500000 2.112765e-03
-18.250000 2.139955e-03
-18.000000 2.168146e-03
-17.750000 2.197307e-03
-17.500000 2.227401e-03
-17.250000 2.258393e-03
-17.000000 2.290244e-03
-16.750000 2.322915e-03
-16.500000 2.356363e-03
-16.250000 2.390548e-03
-16.000000 2.425425e-03
-15.750000 2.460951e-03
-15.500000 2.497078e-03
-15.250000 2.533760e-03
-15.000000 2.570950e-03
-14.750000 2.608598e-03
-14.500000 2.646655e-03
-14.250000 2.685072e-03
-14.000000 2.723797e-03
-13.750000 2.762777e-03
-13.500000 2.801963e-03
-13.250000 2.841299e-03
-13.000000 2.880735e-03
-12.750000 2.920215e-03
-12.500000 2.959687e-03
-12.250000 2.999097e-03
-12.000000 3.038389e-03
-11.750000 3.077511e-03
-11.500000 3.116408e-03
-11.250000 3.155026e-03
-11.000000 3.193311e-03
-10.750000 3.231209e-03
-10.500000 3.268666e-03
-10.250000 3.305630e-03
-10.000000 3.342048e-03
-9.750000 3.377867e-03
-9.500000 3.413036e-03
-9.250000 3.447504e-03
-9.000000 3.481220e-03
-8.750000 3.514136e-03
-8.500000 3.546202e-03
-8.250000 3.577371e-03
-8.000000 3.607596e-03
-7.750000 3.636832e-03
-7.500000 3.665034e-03
-7.250000 3.692158e-03
-7.000000 3.718163e-03
-6.750000 3.743008e-03
-6.500000 3.766654e-03
-6.250000 3.789063e-03
-6.000000 3.810198e-03
-5.750000 3.830025e-03
-5.500000 3.848510e-03
-5.250000 3.865622e-03
-5.000000 3.881332e-03
-4.750000 3.895610e-03
-4.500000 3.908430e-03
-4.250000 3.919769e-03
-4.000000 3.929604e-03
-3.750000 3.937913e-03
-3.500000 3.944678e-03
-3.250000 3.949882e-03
-3.000000 3.953511e-03
-2.750000 3.955550e-03
-2.500000 3.955991e-03
-2.250000 3.954822e-03
-2.000000 3.952039e-03
-1.750000 3.947636e-03
-1.500000 3.941610e-03
-1.250000 3.933961e-03
-1.000000 3.924690e-03
-0.750000 3.913801e-03
-0.500000 3.901300e-03
-0.250000 3.887193e-03
0.000000 3.871491e-03
0.250000 3.854205e-03
0.500000 3.835349e-03
0.750000 3.814938e-03
1.000000 3.792989e-03
1.250000 3.769524e-03
1.500000 3.744561e-03
1.750000 3.718126e-03
2.000000 3.690241e-03
2.250000 3.660936e-03
2.500000 3.630237e-03
2.750000 3.598175e-03
3.000000 3.564781e-03
3.250000 3.530089e-03
3.500000 3.494134e-03
3.750000 3.456952e-03
4.000000 3.418580e-03
4.250000 3.379058e-03
4.500000 3.338426e-03
4.750000 3.296725e-03
5.000000 3.253998e-03
5.250000 3.210289e-03
5.500000 3.165643e-03
5.750000 3.120105e-03
6.000000 3.073721e-03
6.250000 3.026540e-03
6.500000 2.978609e-03
6.750000 2.929976e-03
7.000000 2.880692e-03
7.250000 2.830805e-03
7.500000 2.780367e-03
7.750000 2.729427e-03
8.000000 2.678036e-03
8.250000 2.626245e-03
8.500000 2.574105e-03
8.750000 2.521667e-03
9.000000 2.468982e-03
9.250000 2.416101e-03
9.500000 2.363073e-03
9.750000 2.309950e-03
10.000000 2.256781e-03
10.250000 2.203616e-03
10.500000 2.150502e-03
10.750000 2.097489e-03
11.000000 2.044624e-03
11.250000 1.991954e-03
11.500000 1.939524e-03
11.750000 1.887381e-03
12.000000 1.835567e-03
12.250000 1.784125e-03
12.500000 1.733099e-03
12.750000 1.682529e-03
13.000000 1.632455e-03
13.250000 1.582914e-03
13.500000 1.533946e-03
13.750000 1.485585e-03
14.000000 1.437867e-03
14.250000 1.390824e-03
14.500000 1.344490e-03
14.750000 1.298895e-03
15.000000 1.254068e-03
15.250000 1.210037e-03
15.500000 1.166831e-03
15.750000 1.124473e-03
16.000000 1.082989e-03
16.250000 1.042402e-03
16.500000 1.002735e-03
16.750000 9.640082e-04
17.000000 9.262430e-04
17.250000 8.894590e-04
17.500000 8.536758e-04
17.750000 8.189123e-04
18.000000 7.851875e-04
18.250000 7.525205e-04
18.500000 7.209306e-04
18.750000 6.904377e-04
19.000000 6.610628e-04
19.250000 6.328279e-04
19.500000 6.057564e-04
19.750000 5.798736e-04
20.000000 5.552064e-04
20.250000 5.317841e-04
20.500000 5.096378e-04
20.750000 4.888008e-04
21.000000 4.693079e-04
21.250000 4.511951e-04
21.500000 4.344987e-04
21.750000 4.192540e-04
22.000000 4.054939e-04
22.250000 3.932468e-04
22.500000 3.825350e-04
22.750000 3.733718e-04
23.000000 3.657598e-04
23.250000 3.596889e-04
23.500000 3.551349e-04
23.750000 3.520589e-04
24.000000 3.504077e-04
24.250000 3.501143e-04
24.500000 3.511004e-04
24.750000 3.532783e-04
25.000000 3.565535e-04
25.250000 3.608276e-04
25.500000 3.660006e-04
25.750000 3.719731e-04
26.000000 3.786480e-04
26.250000 3.859320e-04
26.500000 3.937360e-04
26.750000 4.019758e-04
27.000000 4.105727e-04
27.250000 4.194526e-04
27.500000 4.285467e-04
27.750000 4.377905e-04
28.000000 4.471238e-04
28.250000 4.564904e-04
28.500000 4.658371e-04
28.750000 4.751143e-04
29.000000 4.842748e-04
29.250000 4.932738e-04
29.500000 5.020688e-04
29.750000 5.106191e-04
30.000000 5.188858e-04
30.250000 5.268315e-04
30.500000 5.344201e-04
30.750000 5.416169e-04
31.000000 5.483885e-04
31.250000 5.547024e-04
31.500000 5.605275e-04
31.750000 5.658334e-04
32.000000 5.705913e-04
32.250000 5.747728e-04
32.500000 5.783512e-04
32.750000 5.813004e-04
33.000000 5.835958e-04
33.250000 5.852136e-04
33.500000 5.861315e-04
33.750000 5.863281e-04
34.000000 5.857836e-04
34.250000 5.844793e-04
34.500000 5.823978e-04
34.750000 5.795235e-04
35.000000 5.758419e-04
35.250000 5.713403e-04
35.500000 5.660076e-04
35.750000 5.598344e-04
36.000000 5.528130e-04
36.250000 5.449379e-04
36.500000 5.362054e-04
36.750000 5.266140e-04
37.000000 5.161648e-04
37.250000 5.048611e-04
37.500000 4.927094e-04
37.750000 4.797188e-04
38.000000 4.659025e-04
38.250000 4.512773e-04
38.500000 4.358647e-04
38.750000 4.196921e-04
39.000000 4.027931e-04
39.250000 3.852098e-04
39.500000 3.669946e-04
39.750000 3.482131e-04
40.000000 3.289484e-04
40.250000 3.093066e-04
40.500000 2.894251e-04
40.750000 2.694848e-04
41.000000 2.497265e-04
41.250000 2.304749e-04
41.500000 2.121698e-04
41.750000 1.954042e-04
42.000000 1.809555e-04
42.250000 1.697831e-04
42.500000 1.629363e-04
42.750000 1.613337e-04
43.000000 1.654719e-04
43.250000 1.752552e-04
43.500000 1.900853e-04
43.750000 2.091232e-04
44.000000 2.315284e-04
44.250000 2.565825e-04
44.500000 2.837176e-04
44.750000 3.124994e-04
45.000000 3.425983e-04
45.250000 3.737617e-04
45.500000 4.057928e-04
45.750000 4.385347e-04
46.000000 4.718591e-04
46.250000 5.056589e-04
46.500000 5.398418e-04
46.750000 5.743273e-04
47.000000 6.090431e-04
47.250000 6.439236e-04
47.500000 6.789080e-04
47.750000 7.139397e-04
48.000000 7.489650e-04
48.250000 7.839332e-04
48.500000 8.187952e-04
48.750000 8.535043e-04
49.000000 8.880148e-04
49.250000 9.222829e-04
49.500000 9.562659e-04
49.750000 9.899222e-04
50.000000 1.023211e-03
