-50.000000 3.808410e-03
-49.750000 3.750917e-03
-49.500000 3.711800e-03
-49.250000 3.691152e-03
-49.000000 3.687072e-03
-48.750000 3.696656e-03
-48.500000 3.717062e-03
-48.250000 3.746386e-03
-48.000000 3.784199e-03
-47.750000 3.831677e-03
-47.500000 3.891371e-03
-47.250000 3.966680e-03
-47.000000 4.061142e-03
-46.750000 4.177661e-03
-46.500000 4.317793e-03
-46.250000 4.481230e-03
-46.000000 4.665531e-03
-45.750000 4.866146e-03
-45.500000 5.076678e-03
-45.250000 5.289339e-03
-45.000000 5.495523e-03
-44.750000 5.686439e-03
-44.500000 5.853776e-03
-44.250000 5.990338e-03
-44.000000 6.090635e-03
-43.750000 6.151370e-03
-43.500000 6.171793e-03
-43.250000 6.153888e-03
-43.000000 6.102341e-03
-42.750000 6.024271e-03
-42.500000 5.928702e-03
-42.250000 5.825760e-03
-42.000000 5.725635e-03
-41.750000 5.637387e-03
-41.500000 5.567758e-03
-41.250000 5.520200e-03
-41.000000 5.494345e-03
-40.750000 5.486046e-03
-40.500000 5.487969e-03
-40.250000 5.490603e-03
-40.000000 5.483468e-03
-39.750000 5.456370e-03
-39.500000 5.400613e-03
-39.250000 5.310158e-03
-39.000000 5.182744e-03
-38.750000 5.020992e-03
-38.500000 4.833439e-03
-38.250000 4.635339e-03
-38.000000 4.448774e-03
-37.750000 4.301228e-03
-37.500000 4.221543e-03
-37.250000 4.233039e-03
-37.000000 4.346124e-03
-36.750000 4.554770e-03
-36.500000 4.839294e-03
-36.250000 5.173067e-03
-36.000000 5.528990e-03
-35.750000 5.883520e-03
-35.500000 6.218348e-03
-35.250000 6.520600e-03
-35.000000 6.782299e-03
-34.750000 6.999507e-03
-34.500000 7.171378e-03
-34.250000 7.299254e-03
-34.000000 7.385892e-03
-33.750000 7.434876e-03
-33.500000 7.450212e-03
-33.250000 7.436077e-03
-33.000000 7.396639e-03
-32.750000 7.335884e-03
-32.500000 7.257401e-03
-32.250000 7.164125e-03
-32.000000 7.058125e-03
-31.750000 6.940535e-03
-31.500000 6.811753e-03
-31.250000 6.671966e-03
-31.000000 6.522014e-03
-30.750000 6.364448e-03
-30.500000 6.204629e-03
-30.250000 6.051580e-03
-30.000000 5.918286e-03
-29.750000 5.821085e-03
-29.500000 5.777861e-03
-29.250000 5.805079e-03
-29.000000 5.914300e-03
-28.750000 6.109377e-03
-28.500000 6.385470e-03
-28.250000 6.730082e-03
-28.000000 7.125340e-03
-27.750000 7.550399e-03
-27.500000 7.983315e-03
-27.250000 8.402262e-03
-27.000000 8.786333e-03
-26.750000 9.116192e-03
-26.500000 9.374790e-03
-26.250000 9.548225e-03
-26.000000 9.626732e-03
-25.750000 9.605734e-03
-25.500000 9.486826e-03
-25.250000 9.278583e-03
-25.000000 8.997021e-03
-24.750000 8.665547e-03
-24.500000 8.314097e-03
-24.250000 7.977069e-03
-24.000000 7.689627e-03
-23.750000 7.482293e-03
-23.500000 7.374752e-03
-23.250000 7.371064e-03
-23.000000 7.458659e-03
-22.750000 7.611701e-03
-22.500000 7.796959e-03
-22.250000 7.979544e-03
-22.000000 8.126992e-03
-21.750000 8.211604e-03
-21.500000 8.211768e-03
-21.250000 8.113033e-03
-21.000000 7.909554e-03
-20.750000 7.606328e-03
-20.500000 7.222504e-03
-20.250000 6.795861e-03
-20.000000 6.387495e-03
-19.750000 6.082727e-03
-19.500000 5.978924e-03
-19.250000 6.152509e-03
-19.000000 6.621252e-03
-18.750000 7.338174e-03
-18.500000 8.220629e-03
-18.250000 9.181795e-03
-18.000000 1.014620e-02
-17.750000 1.105331e-02
-17.500000 1.185661e-02
-17.250000 1.252181e-02
-17.000000 1.302511e-02
-16.750000 1.335170e-02
-16.500000 1.349451e-02
-16.250000 1.345320e-02
-16.000000 1.323372e-02
-15.750000 1.284850e-02
-15.500000 1.231775e-02
-15.250000 1.167201e-02
-15.000000 1.095617e-02
-14.750000 1.023454e-02
-14.500000 9.595076e-03
-14.250000 9.146701e-03
-14.000000 9.000129e-03
-13.750000 9.229354e-03
-13.500000 9.836728e-03
-13.250000 1.075433e-02
-13.000000 1.187748e-02
-12.750000 1.309808e-02
-12.500000 1.432143e-02
-12.250000 1.547065e-02
-12.000000 1.648610e-02
-11.750000 1.732362e-02
-11.500000 1.795279e-02
-11.250000 1.835539e-02
-11.000000 1.852384e-02
-10.750000 1.845968e-02
-10.500000 1.817188e-02
-10.250000 1.767514e-02
-10.000000 1.698834e-02
-9.750000 1.613301e-02
-9.500000 1.513226e-02
-9.250000 1.400999e-02
-9.000000 1.279060e-02
-8.750000 1.149938e-02
-8.500000 1.016388e-02
-8.250000 8.816929e-03
-8.000000 7.502870e-03
-7.750000 6.290018e-03
-7.500000 5.292204e-03
-7.250000 4.686157e-03
-7.000000 4.654260e-03
-6.750000 5.222017e-03
-6.500000 6.233570e-03
-6.250000 7.510751e-03
-6.000000 8.933246e-03
-5.750000 1.042841e-02
-5.500000 1.194897e-02
-5.250000 1.345919e-02
-5.000000 1.492766e-02
-4.750000 1.632386e-02
-4.500000 1.761653e-02
-4.250000 1.877321e-02
-4.000000 1.976041e-02
-3.750000 2.054430e-02
-3.500000 2.109167e-02
-3.250000 2.137125e-02
-3.000000 2.135501e-02
-2.750000 2.101970e-02
-2.500000 2.034826e-02
-2.250000 1.933124e-02
-2.000000 1.796799e-02
-1.750000 1.626799e-02
-1.500000 1.425240e-02
-1.250000 1.195711e-02
-1.000000 9.441167e-03
-0.750000 6.817154e-03
-0.500000 4.395169e-03
-0.250000 3.330189e-03
0.000000 4.897390e-03
0.250000 7.663877e-03
0.500000 1.070056e-02
0.750000 1.374315e-02
1.000000 1.667306e-02
1.250000 1.941069e-02
1.500000 2.189197e-02
1.750000 2.406215e-02
2.000000 2.587427e-02
2.250000 2.728921e-02
2.500000 2.827629e-02
2.750000 2.881418e-02
3.000000 2.889179e-02
3.250000 2.850897e-02
3.500000 2.767703e-02
3.750000 2.641880e-02
4.000000 2.476825e-02
4.250000 2.276969e-02
4.500000 2.047648e-02
4.750000 1.794937e-02
5.000000 1.525475e-02
5.250000 1.246309e-02
5.500000 9.648631e-03
5.750000 6.893638e-03
6.000000 4.314413e-03
6.250000 2.247556e-03
6.500000 2.114336e-03
6.750000 3.715728e-03
7.000000 5.445460e-03
7.250000 6.970938e-03
7.500000 8.215273e-03
7.750000 9.148987e-03
8.000000 9.759587e-03
8.250000 1.004435e-02
8.500000 1.000803e-02
8.750000 9.661994e-03
9.000000 9.024078e-03
9.250000 8.118862e-03
9.500000 6.978676e-03
9.750000 5.646729e-03
10.000000 4.188435e-03
10.250000 2.744027e-03
10.500000 1.817672e-03
10.750000 2.407620e-03
11.000000 3.916719e-03
11.250000 5.627147e-03
11.500000 7.344870e-03
11.750000 8.995346e-03
12.000000 1.053477e-02
12.250000 1.193200e-02
12.500000 1.316345e-02
12.750000 1.421101e-02
13.000000 1.506096e-02
13.250000 1.570332e-02
13.500000 1.613145e-02
13.750000 1.634201e-02
14.000000 1.633523e-02
14.250000 1.611537e-02
14.500000 1.569152e-02
14.750000 1.507842e-02
15.000000 1.429740e-02
15.250000 1.337740e-02
15.500000 1.235600e-02
15.750000 1.128060e-02
16.000000 1.020957e-02
16.250000 9.212598e-03
16.500000 8.368036e-03
16.750000 7.752793e-03
17.000000 7.421285e-03
17.250000 7.380939e-03
17.500000 7.585029e-03
17.750000 7.952765e-03
18.000000 8.399128e-03
18.250000 8.854225e-03
18.500000 9.269159e-03
18.750000 9.614664e-03
19.000000 9.877592e-03
19.250000 1.005734e-02
19.500000 1.016270e-02
19.750000 1.020889e-02
20.000000 1.021484e-02
20.250000 1.020017e-02
20.500000 1.018243e-02
20.750000 1.017448e-02
21.000000 1.018259e-02
21.250000 1.020561e-02
21.500000 1.023542e-02
21.750000 1.025841e-02
22.000000 1.025766e-02
22.250000 1.021519e-02
22.500000 1.011408e-02
22.750000 9.940057e-03
23.000000 9.682546e-03
23.250000 9.335370e-03
23.500000 8.897075e-03
23.750000 8.371108e-03
24.000000 7.766020e-03
24.250000 7.095914e-03
24.500000 6.381472e-03
24.750000 5.652061e-03
25.000000 4.949517e-03
25.250000 4.333463e-03
25.500000 3.883765e-03
25.750000 3.685240e-03
26.000000 3.782114e-03
26.250000 4.141307e-03
26.500000 4.678371e-03
26.750000 5.307644e-03
27.000000 5.964221e-03
27.250000 6.603281e-03
27.500000 7.194245e-03
27.750000 7.716140e-03
28.000000 8.154768e-03
28.250000 8.501073e-03
28.500000 8.750177e-03
28.750000 8.900785e-03
29.000000 8.954756e-03
29.250000 8.916785e-03
29.500000 8.794142e-03
29.750000 8.596445e-03
30.000000 8.335466e-03
30.250000 8.024920e-03
30.500000 7.680221e-03
30.750000 7.318107e-03
31.000000 6.956029e-03
31.250000 6.611216e-03
31.500000 6.299304e-03
31.750000 6.032621e-03
32.000000 5.818429e-03
32.250000 5.657667e-03
32.500000 5.544798e-03
32.750000 5.468974e-03
33.000000 5.416239e-03
33.250000 5.372061e-03
33.500000 5.323536e-03
33.750000 5.260902e-03
34.000000 5.178327e-03
34.250000 5.074099e-03
34.500000 4.950424e-03
34.750000 4.812962e-03
35.000000 4.670214e-03
35.250000 4.532779e-03
35.500000 4.412440e-03
35.750000 4.321011e-03
36.000000 4.268911e-03
36.250000 4.263586e-03
36.500000 4.308124e-03
36.750000 4.400507e-03
37.000000 4.533786e-03
37.250000 4.697100e-03
37.500000 4.877157e-03
37.750000 5.059779e-03
38.000000 5.231243e-03
38.250000 5.379344e-03
38.500000 5.494190e-03
38.750000 5.568758e-03
39.000000 5.599233e-03
39.250000 5.585144e-03
39.500000 5.529266e-03
39.750000 5.437330e-03
40.000000 5.317502e-03
40.250000 5.179692e-03
40.500000 5.034685e-03
40.750000 4.893173e-03
41.000000 4.764730e-03
41.250000 4.656861e-03
41.500000 4.574253e-03
41.750000 4.518370e-03
42.000000 4.487498e-03
42.250000 4.477223e-03
42.500000 4.481250e-03
42.750000 4.492396e-03
43.000000 4.503616e-03
43.250000 4.508936e-03
43.500000 4.504245e-03
43.750000 4.487883e-03
44.000000 4.460967e-03
44.250000 4.427381e-03
44.500000 4.393342e-03
44.750000 4.366502e-03
45.000000 4.354623e-03
45.250000 4.364029e-03
45.500000 4.398205e-03
45.750000 4.456968e-03
46.000000 4.536454e-03
46.250000 4.629895e-03
46.500000 4.728833e-03
46.750000 4.824393e-03
47.000000 4.908299e-03
47.250000 4.973527e-03
47.500000 5.014631e-03
47.750000 5.027838e-03
48.000000 5.011055e-03
48.250000 4.963868e-03
48.500000 4.887593e-03
48.750000 4.785381e-03
49.000000 4.662299e-03
49.250000 4.525311e-03
49.500000 4.383005e-03
49.750000 4.244965e-03
50.000000 4.120702e-03
