-50.000000 1.920283e-04
-49.750000 2.186943e-04
-49.500000 2.674008e-04
-49.250000 3.191345e-04
-49.000000 3.616535e-04
-48.750000 3.886348e-04
-48.500000 3.979567e-04
-48.250000 3.907492e-04
-48.000000 3.705853e-04
-47.750000 3.423819e-04
-47.500000 3.108467e-04
-47.250000 2.787242e-04
-47.000000 2.457031e-04
-46.750000 2.089851e-04
-46.500000 1.655828e-04
-46.250000 1.159803e-04
-46.000000 7.404862e-05
-45.750000 8.587202e-05
-45.500000 1.438017e-04
-45.250000 2.067682e-04
-45.000000 2.581910e-04
-44.750000 2.887284e-04
-44.500000 2.923548e-04
-44.250000 2.663896e-04
-44.000000 2.119892e-04
-43.750000 1.349863e-04
-43.500000 5.490950e-05
-43.250000 8.571885e-05
-43.000000 1.756128e-04
-42.750000 2.530758e-04
-42.500000 3.035234e-04
-42.250000 3.186591e-04
-42.000000 2.948054e-04
-41.750000 2.337318e-04
-41.500000 1.457279e-04
-41.250000 8.140166e-05
-41.000000 1.578025e-04
-40.750000 2.773449e-04
-40.500000 3.850281e-04
-40.250000 4.625686e-04
-40.000000 4.987428e-04
-39.750000 4.876943e-04
-39.500000 4.292454e-04
-39.250000 3.290573e-04
-39.000000 1.988102e-04
-38.750000 6.633216e-05
-38.500000 1.211957e-04
-38.250000 2.497481e-04
-38.000000 3.510628e-04
-37.750000 4.097424e-04
-37.500000 4.186268e-04
-37.250000 3.776377e-04
-37.000000 2.955936e-04
-36.750000 1.990342e-04
-36.500000 1.690452e-04
-36.250000 2.629119e-04
-36.000000 3.926557e-04
-35.750000 5.066171e-04
-35.500000 5.832383e-04
-35.250000 6.114281e-04
-35.000000 5.874263e-04
-34.750000 5.143911e-04
-34.500000 4.027119e-04
-34.250000 2.733463e-04
-34.000000 1.793162e-04
-33.750000 2.162869e-04
-33.500000 3.317690e-04
-33.250000 4.445080e-04
-33.000000 5.284344e-04
-32.750000 5.747437e-04
-32.500000 5.822234e-04
-32.250000 5.547865e-04
-32.000000 4.999610e-04
-31.750000 4.273840e-04
-31.500000 3.472444e-04
-31.250000 2.688141e-04
-31.000000 1.992554e-04
-30.750000 1.429145e-04
-30.500000 1.013973e-04
-30.250000 7.488401e-05
-30.000000 6.453103e-05
-29.750000 7.231705e-05
-29.500000 9.751196e-05
-29.250000 1.386558e-04
-29.000000 1.953409e-04
-28.750000 2.663986e-04
-28.500000 3.484031e-04
-28.250000 4.353593e-04
-28.000000 5.192229e-04
-27.750000 5.909280e-04
-27.500000 6.416795e-04
-27.250000 6.642994e-04
-27.000000 6.544281e-04
-26.750000 6.114106e-04
-26.500000 5.387453e-04
-26.250000 4.440505e-04
-26.000000 3.386089e-04
-25.750000 2.366942e-04
-25.500000 1.547076e-04
-25.250000 1.063440e-04
-25.000000 8.350874e-05
-24.750000 5.749985e-05
-24.500000 4.594639e-05
-24.250000 1.247111e-04
-24.000000 2.473876e-04
-23.750000 3.912489e-04
-23.500000 5.410452e-04
-23.250000 6.817168e-04
-23.000000 7.995555e-04
-22.750000 8.840184e-04
-22.500000 9.294449e-04
-22.250000 9.364336e-04
-22.000000 9.126480e-04
-21.750000 8.725395e-04
-21.500000 8.347772e-04
-21.250000 8.158346e-04
-21.000000 8.212431e-04
-20.750000 8.418063e-04
-20.500000 8.592131e-04
-20.250000 8.550320e-04
-20.000000 8.164264e-04
-19.750000 7.380626e-04
-19.500000 6.220232e-04
-19.250000 4.770452e-04
-19.000000 3.184401e-04
-18.750000 1.755113e-04
-18.500000 1.377613e-04
-18.250000 2.260557e-04
-18.000000 3.200012e-04
-17.750000 3.861529e-04
-17.500000 4.210912e-04
-17.250000 4.312848e-04
-17.000000 4.287020e-04
-16.750000 4.262321e-04
-16.500000 4.316050e-04
-16.250000 4.440458e-04
-16.000000 4.580616e-04
-15.750000 4.715768e-04
-15.500000 4.923765e-04
-15.250000 5.379614e-04
-15.000000 6.252012e-04
-14.750000 7.577148e-04
-14.500000 9.258610e-04
-14.250000 1.115661e-03
-14.000000 1.315725e-03
-13.750000 1.520312e-03
-13.500000 1.729879e-03
-13.250000 1.949478e-03
-13.000000 2.185237e-03
-12.750000 2.439985e-03
-12.500000 2.709928e-03
-12.250000 2.983832e-03
-12.000000 3.244806e-03
-11.750000 3.473646e-03
-11.500000 3.652524e-03
-11.250000 3.768189e-03
-11.000000 3.814191e-03
-10.750000 3.791903e-03
-10.500000 3.710180e-03
-10.250000 3.583608e-03
-10.000000 3.429449e-03
-9.750000 3.263739e-03
-9.500000 3.097495e-03
-9.250000 2.934404e-03
-9.000000 2.771079e-03
-8.750000 2.599851e-03
-8.500000 2.412778e-03
-8.250000 2.205214e-03
-8.000000 1.977916e-03
-7.750000 1.737623e-03
-7.500000 1.496615e-03
-7.250000 1.271865e-03
-7.000000 1.083667e-03
-6.750000 9.519078e-04
-6.500000 8.870456e-04
-6.250000 8.801669e-04
-6.000000 9.057972e-04
-5.750000 9.363031e-04
-5.500000 9.525626e-04
-5.250000 9.478106e-04
-5.000000 9.297465e-04
-4.750000 9.221324e-04
-4.500000 9.596600e-04
-4.250000 1.068219e-03
-4.000000 1.244735e-03
-3.750000 1.461371e-03
-3.500000 1.682967e-03
-3.250000 1.878098e-03
-3.000000 2.023568e-03
-2.750000 2.106786e-03
-2.500000 2.127585e-03
-2.250000 2.099233e-03
-2.000000 2.047441e-03
-1.750000 2.005205e-03
-1.500000 2.001669e-03
-1.250000 2.048410e-03
-1.000000 2.133569e-03
-0.750000 2.229628e-03
-0.500000 2.307252e-03
-0.250000 2.345543e-03
0.000000 2.336277e-03
0.250000 2.283690e-03
0.500000 2.201187e-03
0.750000 2.105637e-03
1.000000 2.010278e-03
1.250000 1.918765e-03
1.500000 1.823675e-03
1.750000 1.710600e-03
2.000000 1.565291e-03
2.250000 1.380110e-03
2.500000 1.158078e-03
2.750000 9.156592e-04
3.000000 6.884969e-04
3.250000 5.447000e-04
3.500000 5.604764e-04
3.750000 7.073880e-04
4.000000 9.045282e-04
4.250000 1.115174e-03
4.500000 1.334420e-03
4.750000 1.567586e-03
5.000000 1.818032e-03
5.250000 2.081585e-03
5.500000 2.346478e-03
5.750000 2.596773e-03
6.000000 2.816762e-03
6.250000 2.994642e-03
6.500000 3.124760e-03
6.750000 3.208193e-03
7.000000 3.251725e-03
7.250000 3.265460e-03
7.500000 3.259664e-03
7.750000 3.241781e-03
8.000000 3.214670e-03
8.250000 3.176716e-03
8.500000 3.123640e-03
8.750000 3.051098e-03
9.000000 2.957052e-03
9.250000 2.843191e-03
9.500000 2.715219e-03
9.750000 2.582087e-03
10.000000 2.454408e-03
10.250000 2.342327e-03
10.500000 2.253265e-03
10.750000 2.190213e-03
11.000000 2.151290e-03
11.250000 2.130886e-03
11.500000 2.121930e-03
11.750000 2.118306e-03
12.000000 2.116569e-03
12.250000 2.116504e-03
12.500000 2.120399e-03
12.750000 2.131236e-03
13.000000 2.150376e-03
13.250000 2.175689e-03
13.500000 2.201051e-03
13.750000 2.217444e-03
14.000000 2.215137e-03
14.250000 2.186048e-03
14.500000 2.125588e-03
14.750000 2.033652e-03
15.000000 1.914717e-03
15.250000 1.777169e-03
15.500000 1.631999e-03
15.750000 1.491058e-03
16.000000 1.365037e-03
16.250000 1.261453e-03
16.500000 1.183136e-03
16.750000 1.127810e-03
17.000000 1.089035e-03
17.250000 1.057999e-03
17.500000 1.025357e-03
17.750000 9.826905e-04
18.000000 9.236460e-04
18.250000 8.449667e-04
18.500000 7.474978e-04
18.750000 6.372015e-04
19.000000 5.262397e-04
19.250000 4.335803e-04
19.500000 3.806554e-04
19.750000 3.742048e-04
20.000000 3.940349e-04
20.250000 4.113524e-04
20.500000 4.073478e-04
20.750000 3.759673e-04
21.000000 3.231991e-04
21.250000 2.696520e-04
21.500000 2.523936e-04
21.750000 2.946036e-04
22.000000 3.721039e-04
22.250000 4.509026e-04
22.500000 5.099885e-04
22.750000 5.384322e-04
23.000000 5.321120e-04
23.250000 4.921177e-04
23.500000 4.235912e-04
23.750000 3.345989e-04
24.000000 2.353127e-04
24.250000 1.395600e-04
24.500000 8.310554e-05
24.750000 1.202778e-04
25.000000 1.891282e-04
25.250000 2.522690e-04
25.500000 3.024202e-04
25.750000 3.369937e-04
26.000000 3.541987e-04
26.250000 3.527371e-04
26.500000 3.326072e-04
26.750000 2.965331e-04
27.000000 2.520752e-04
27.250000 2.144609e-04
27.500000 2.048367e-04
27.750000 2.306547e-04
28.000000 2.743421e-04
28.250000 3.143062e-04
28.500000 3.364471e-04
28.750000 3.334175e-04
29.000000 3.030948e-04
29.250000 2.477025e-04
29.500000 1.730040e-04
29.750000 8.727808e-05
30.000000 3.176464e-06
30.250000 7.998833e-05
30.500000 1.450089e-04
30.750000 1.915977e-04
31.000000 2.209404e-04
31.250000 2.398128e-04
31.500000 2.589420e-04
31.750000 2.872526e-04
32.000000 3.252404e-04
32.250000 3.647714e-04
32.500000 3.943363e-04
32.750000 4.036634e-04
33.000000 3.860700e-04
33.250000 3.396000e-04
33.500000 2.680128e-04
33.750000 1.839595e-04
34.000000 1.256473e-04
34.250000 1.582356e-04
34.500000 2.417342e-04
34.750000 3.213358e-04
35.000000 3.772715e-04
35.250000 4.013971e-04
35.500000 3.919182e-04
35.750000 3.527629e-04
36.000000 2.940823e-04
36.250000 2.340757e-04
36.500000 2.000415e-04
36.750000 2.099752e-04
37.000000 2.451089e-04
37.250000 2.758723e-04
37.500000 2.851606e-04
37.750000 2.664748e-04
38.000000 2.202951e-04
38.250000 1.522630e-04
38.500000 7.304308e-05
38.750000 3.504745e-05
39.000000 1.005473e-04
39.250000 1.582044e-04
39.500000 1.918768e-04
39.750000 1.978538e-04
40.000000 1.789574e-04
40.250000 1.479836e-04
40.500000 1.350683e-04
40.750000 1.684346e-04
41.000000 2.304047e-04
41.250000 2.923920e-04
41.500000 3.371365e-04
41.750000 3.549353e-04
42.000000 3.414829e-04
42.250000 2.973051e-04
42.500000 2.274290e-04
42.750000 1.414298e-04
43.000000 6.118676e-05
43.250000 7.921431e-05
43.500000 1.515267e-04
43.750000 2.102379e-04
44.000000 2.460493e-04
44.250000 2.593116e-04
44.500000 2.569342e-04
44.750000 2.513058e-04
45.000000 2.554186e-04
45.250000 2.735058e-04
45.500000 2.973912e-04
45.750000 3.137130e-04
46.000000 3.115855e-04
46.250000 2.859490e-04
46.500000 2.396089e-04
46.750000 1.883288e-04
47.000000 1.708203e-04
47.250000 2.178297e-04
47.500000 3.002268e-04
47.750000 3.835327e-04
48.000000 4.489479e-04
48.250000 4.861555e-04
48.500000 4.902805e-04
48.750000 4.609814e-04
49.000000 4.018385e-04
49.250000 3.196252e-04
49.500000 2.237250e-04
49.750000 1.278662e-04
50.000000 7.366258e-05
