-50.00     1.063553
-49.75     1.065224
-49.50     1.066113
-49.25     1.066441
-49.00     1.065841
-48.75     1.064982
-48.50     1.064155
-48.25     1.063080
-48.00     1.061011
-47.75     1.058340
-47.50     1.055112
-47.25     1.051590
-47.00     1.048088
-46.75     1.045425
-46.50     1.044262
-46.25     1.045321
-46.00     1.048717
-45.75     1.052887
-45.50     1.056915
-45.25     1.061218
-45.00     1.065377
-44.75     1.069285
-44.50     1.073113
-44.25     1.076890
-44.00     1.080243
-43.75     1.082934
-43.50     1.085029
-43.25     1.087231
-43.00     1.089831
-42.75     1.093973
-42.50     1.099863
-42.25     1.108030
-42.00     1.118639
-41.75     1.130247
-41.50     1.142767
-41.25     1.155161
-41.00     1.167444
-40.75     1.179627
-40.50     1.191345
-40.25     1.202339
-40.00     1.212546
-39.75     1.221918
-39.50     1.231860
-39.25     1.243759
-39.00     1.257782
-38.75     1.272256
-38.50     1.287044
-38.25     1.302677
-38.00     1.317252
-37.75     1.331292
-37.50     1.344796
-37.25     1.357493
-37.00     1.368912
-36.75     1.379106
-36.50     1.388316
-36.25     1.396808
-36.00     1.405406
-35.75     1.414777
-35.50     1.427228
-35.25     1.441340
-35.00     1.455598
-34.75     1.470130
-34.50     1.483637
-34.25     1.496202
-34.00     1.508537
-33.75     1.521096
-33.50     1.536341
-33.25     1.553159
-33.00     1.570464
-32.75     1.589110
-32.50     1.606953
-32.25     1.623342
-32.00     1.638902
-31.75     1.653947
-31.50     1.668276
-31.25     1.681039
-31.00     1.691846
-30.75     1.700869
-30.50     1.708613
-30.25     1.715111
-30.00     1.720954
-29.75     1.727312
-29.50     1.737497
-29.25     1.752180
-29.00     1.769759
-28.75     1.789291
-28.50     1.809936
-28.25     1.831031
-28.00     1.853407
-27.75     1.876692
-27.50     1.900334
-27.25     1.924117
-27.00     1.947586
-26.75     1.969549
-26.50     1.989593
-26.25     2.007520
-26.00     2.022965
-25.75     2.035942
-25.50     2.046068
-25.25     2.053583
-25.00     2.060178
-24.75     2.065374
-24.50     2.071228
-24.25     2.078459
-24.00     2.089229
-23.75     2.107952
-23.50     2.131384
-23.25     2.156152
-23.00     2.182460
-22.75     2.211217
-22.50     2.241474
-22.25     2.273218
-22.00     2.306627
-21.75     2.340526
-21.50     2.375949
-21.25     2.411717
-21.00     2.447417
-20.75     2.482115
-20.50     2.515287
-20.25     2.546254
-20.00     2.574052
-19.75     2.597884
-19.50     2.617360
-19.25     2.632503
-19.00     2.644027
-18.75     2.653049
-18.50     2.660756
-18.25     2.669514
-18.00     2.687881
-17.75     2.715858
-17.50     2.747882
-17.25     2.779561
-17.00     2.811337
-16.75     2.840803
-16.50     2.868249
-16.25     2.893145
-16.00     2.917138
-15.75     2.939820
-15.50     2.962309
-15.25     2.985767
-15.00     3.015526
-14.75     3.059199
-14.50     3.115048
-14.25     3.176524
-14.00     3.237584
-13.75     3.296106
-13.50     3.350743
-13.25     3.400636
-13.00     3.445235
-12.75     3.484020
-12.50     3.516410
-12.25     3.541769
-12.00     3.559400
-11.75     3.568771
-11.50     3.569915
-11.25     3.563598
-11.00     3.551168
-10.75     3.535230
-10.50     3.519905
-10.25     3.512440
-10.00     3.534060
 -9.75     3.577580
 -9.50     3.631253
 -9.25     3.685535
 -9.00     3.736302
 -8.75     3.781751
 -8.50     3.820962
 -8.25     3.854210
 -8.00     3.883372
 -7.75     3.912201
 -7.50     3.949292
 -7.25     4.000770
 -7.00     4.054059
 -6.75     4.105844
 -6.50     4.157418
 -6.25     4.211690
 -6.00     4.264600
 -5.75     4.311985
 -5.50     4.355549
 -5.25     4.409957
 -5.00     4.465425
 -4.75     4.512253
 -4.50     4.547867
 -4.25     4.571175
 -4.00     4.582749
 -3.75     4.585314
 -3.50     4.584649
 -3.25     4.593273
 -3.00     4.623457
 -2.75     4.675493
 -2.50     4.751434
 -2.25     4.852438
 -2.00     4.977927
 -1.75     5.125572
 -1.50     5.291290
 -1.25     5.469448
 -1.00     5.653295
 -0.75     5.835519
 -0.50     6.008736
 -0.25     6.165905
  0.00     6.300727
  0.25     6.408054
  0.50     6.484281
  0.75     6.527641
  1.00     6.538372
  1.25     6.518714
  1.50     6.472718
  1.75     6.405535
  2.00     6.321271
  2.25     6.221212
  2.50     6.105934
  2.75     5.976956
  3.00     5.836175
  3.25     5.685425
  3.50     5.527139
  3.75     5.365787
  4.00     5.205359
  4.25     5.045906
  4.50     4.892429
  4.75     4.755857
  5.00     4.647823
  5.25     4.572008
  5.50     4.522214
  5.75     4.488467
  6.00     4.462000
  6.25     4.436629
  6.50     4.408161
  6.75     4.373663
  7.00     4.332012
  7.25     4.286535
  7.50     4.234480
  7.75     4.174948
  8.00     4.107427
  8.25     4.032797
  8.50     3.953071
  8.75     3.871734
  9.00     3.800357
  9.25     3.751935
  9.50     3.716595
  9.75     3.694147
 10.00     3.674150
 10.25     3.653644
 10.50     3.632448
 10.75     3.610390
 11.00     3.587294
 11.25     3.562446
 11.50     3.534625
 11.75     3.505175
 12.00     3.472356
 12.25     3.437618
 12.50     3.403372
 12.75     3.373300
 13.00     3.348168
 13.25     3.325985
 13.50     3.304977
 13.75     3.283625
 14.00     3.259421
 14.25     3.231339
 14.50     3.199821
 14.75     3.164604
 15.00     3.127220
 15.25     3.089163
 15.50     3.052678
 15.75     3.024095
 16.00     3.005932
 16.25     2.994797
 16.50     2.986679
 16.75     2.978070
 17.00     2.967135
 17.25     2.953038
 17.50     2.935205
 17.75     2.912995
 18.00     2.885966
 18.25     2.853789
 18.50     2.816453
 18.75     2.774156
 19.00     2.727933
 19.25     2.679048
 19.50     2.627452
 19.75     2.575385
 20.00     2.523735
 20.25     2.477122
 20.50     2.443020
 20.75     2.425492
 21.00     2.416192
 21.25     2.409347
 21.50     2.404496
 21.75     2.399864
 22.00     2.394411
 22.25     2.386843
 22.50     2.377749
 22.75     2.366300
 23.00     2.351797
 23.25     2.333961
 23.50     2.312711
 23.75     2.288216
 24.00     2.260903
 24.25     2.231236
 24.50     2.199679
 24.75     2.166838
 25.00     2.133315
 25.25     2.099493
 25.50     2.065336
 25.75     2.031318
 26.00     1.999203
 26.25     1.969344
 26.50     1.940793
 26.75     1.914527
 27.00     1.890470
 27.25     1.869548
 27.50     1.851226
 27.75     1.835523
 28.00     1.822735
 28.25     1.811289
 28.50     1.800666
 28.75     1.790820
 29.00     1.781142
 29.25     1.769931
 29.50     1.757329
 29.75     1.743785
 30.00     1.728404
 30.25     1.710833
 30.50     1.692013
 30.75     1.670611
 31.00     1.647061
 31.25     1.622492
 31.50     1.597570
 31.75     1.573785
 32.00     1.553511
 32.25     1.538414
 32.50     1.528251
 32.75     1.520964
 33.00     1.514466
 33.25     1.508056
 33.50     1.501360
 33.75     1.494580
 34.00     1.486625
 34.25     1.476798
 34.50     1.465100
 34.75     1.451881
 35.00     1.437458
 35.25     1.422225
 35.50     1.407058
 35.75     1.394384
 36.00     1.382785
 36.25     1.371430
 36.50     1.360357
 36.75     1.350443
 37.00     1.341126
 37.25     1.332954
 37.50     1.326415
 37.75     1.323631
 38.00     1.322776
 38.25     1.323288
 38.50     1.323756
 38.75     1.323393
 39.00     1.322117
 39.25     1.319428
 39.50     1.315506
 39.75     1.310415
 40.00     1.303992
 40.25     1.296042
 40.50     1.286240
 40.75     1.275431
 41.00     1.263838
 41.25     1.252427
 41.50     1.241369
 41.75     1.232171
 42.00     1.224985
 42.25     1.218100
 42.50     1.211727
 42.75     1.205357
 43.00     1.198292
 43.25     1.190890
 43.50     1.183288
 43.75     1.175361
 44.00     1.167362
 44.25     1.159578
 44.50     1.152082
 44.75     1.146838
 45.00     1.143670
 45.25     1.141552
 45.50     1.140119
 45.75     1.138871
 46.00     1.137540
 46.25     1.136850
 46.50     1.135757
 46.75     1.134062
 47.00     1.132327
 47.25     1.130098
 47.50     1.127109
 47.75     1.123803
 48.00     1.120144
 48.25     1.116089
 48.50     1.111807
 48.75     1.108205
 49.00     1.105386
 49.25     1.103540
 49.50     1.102242
 49.75     1.101627
 50.00     1.100673
