-50.000000 2.513438e-02
-49.750000 2.528216e-02
-49.500000 2.543326e-02
-49.250000 2.558770e-02
-49.000000 2.574550e-02
-48.750000 2.590669e-02
-48.500000 2.607127e-02
-48.250000 2.623925e-02
-48.000000 2.641063e-02
-47.750000 2.658540e-02
-47.500000 2.676354e-02
-47.250000 2.694505e-02
-47.000000 2.712989e-02
-46.750000 2.731804e-02
-46.500000 2.750945e-02
-46.250000 2.770409e-02
-46.000000 2.790192e-02
-45.750000 2.810287e-02
-45.500000 2.830690e-02
-45.250000 2.851393e-02
-45.000000 2.872392e-02
-44.750000 2.893677e-02
-44.500000 2.915243e-02
-44.250000 2.937080e-02
-44.000000 2.959180e-02
-43.750000 2.981536e-02
-43.500000 3.004137e-02
-43.250000 3.026973e-02
-43.000000 3.050036e-02
-42.750000 3.073316e-02
-42.500000 3.096800e-02
-42.250000 3.120480e-02
-42.000000 3.144343e-02
-41.750000 3.168379e-02
-41.500000 3.192577e-02
-41.250000 3.216924e-02
-41.000000 3.241408e-02
-40.750000 3.266018e-02
-40.500000 3.290742e-02
-40.250000 3.315567e-02
-40.000000 3.340480e-02
-39.750000 3.365470e-02
-39.500000 3.390522e-02
-39.250000 3.415626e-02
-39.000000 3.440768e-02
-38.750000 3.465934e-02
-38.500000 3.491113e-02
-38.250000 3.516290e-02
-38.000000 3.541454e-02
-37.750000 3.566591e-02
-37.500000 3.591688e-02
-37.250000 3.616733e-02
-37.000000 3.641712e-02
-36.750000 3.666613e-02
-36.500000 3.691422e-02
-36.250000 3.716127e-02
-36.000000 3.740716e-02
-35.750000 3.765175e-02
-35.500000 3.789493e-02
-35.250000 3.813656e-02
-35.000000 3.837653e-02
-34.750000 3.861470e-02
-34.500000 3.885097e-02
-34.250000 3.908521e-02
-34.000000 3.931731e-02
-33.750000 3.954713e-02
-33.500000 3.977458e-02
-33.250000 3.999954e-02
-33.000000 4.022189e-02
-32.750000 4.044152e-02
-32.500000 4.065833e-02
-32.250000 4.087221e-02
-32.000000 4.108304e-02
-31.750000 4.129074e-02
-31.500000 4.149519e-02
-31.250000 4.169630e-02
-31.000000 4.189397e-02
-30.750000 4.208811e-02
-30.500000 4.227862e-02
-30.250000 4.246540e-02
-30.000000 4.264838e-02
-29.750000 4.282747e-02
-29.500000 4.300258e-02
-29.250000 4.317362e-02
-29.000000 4.334053e-02
-28.750000 4.350322e-02
-28.500000 4.366162e-02
-28.250000 4.381565e-02
-28.000000 4.396526e-02
-27.750000 4.411036e-02
-27.500000 4.425091e-02
-27.250000 4.438683e-02
-27.000000 4.451807e-02
-26.750000 4.464457e-02
-26.500000 4.476628e-02
-26.250000 4.488315e-02
-26.000000 4.499513e-02
-25.750000 4.510218e-02
-25.500000 4.520426e-02
-25.250000 4.530133e-02
-25.000000 4.539335e-02
-24.750000 4.548030e-02
-24.500000 4.556213e-02
-24.250000 4.563884e-02
-24.000000 4.571039e-02
-23.750000 4.577677e-02
-23.500000 4.583796e-02
-23.250000 4.589394e-02
-23.000000 4.594472e-02
-22.750000 4.599028e-02
-22.500000 4.603061e-02
-22.250000 4.606573e-02
-22.000000 4.609563e-02
-21.750000 4.612033e-02
-21.500000 4.613983e-02
-21.250000 4.615414e-02
-21.000000 4.616330e-02
-20.750000 4.616732e-02
-20.500000 4.616622e-02
-20.250000 4.616004e-02
-20.000000 4.614881e-02
-19.750000 4.613256e-02
-19.500000 4.611134e-02
-19.250000 4.608520e-02
-19.000000 4.605417e-02
-18.750000 4.601832e-02
-18.500000 4.597770e-02
-18.250000 4.593237e-02
-18.000000 4.588240e-02
-17.750000 4.582785e-02
-17.500000 4.576879e-02
-17.250000 4.570531e-02
-17.000000 4.563748e-02
-16.750000 4.556539e-02
-16.500000 4.548913e-02
-16.250000 4.540879e-02
-16.000000 4.532447e-02
-15.750000 4.523626e-02
-15.500000 4.514429e-02
-15.250000 4.504864e-02
-15.000000 4.494945e-02
-14.750000 4.484683e-02
-14.500000 4.474090e-02
-14.250000 4.463179e-02
-14.000000 4.451963e-02
-13.750000 4.440455e-02
-13.500000 4.428670e-02
-13.250000 4.416622e-02
-13.000000 4.404325e-02
-12.750000 4.391796e-02
-12.500000 4.379049e-02
-12.250000 4.366102e-02
-12.000000 4.352969e-02
-11.750000 4.339668e-02
-11.500000 4.326217e-02
-11.250000 4.312633e-02
-11.000000 4.298934e-02
-10.750000 4.285139e-02
-10.500000 4.271266e-02
-10.250000 4.257334e-02
-10.000000 4.243363e-02
-9.750000 4.229373e-02
-9.500000 4.215383e-02
-9.250000 4.201415e-02
-9.000000 4.187489e-02
-8.750000 4.173625e-02
-8.500000 4.159845e-02
-8.250000 4.146171e-02
-8.000000 4.132623e-02
-7.750000 4.119224e-02
-7.500000 4.105995e-02
-7.250000 4.092959e-02
-7.000000 4.080138e-02
-6.750000 4.067553e-02
-6.500000 4.055227e-02
-6.250000 4.043182e-02
-6.000000 4.031440e-02
-5.750000 4.020023e-02
-5.500000 4.008953e-02
-5.250000 3.998251e-02
-5.000000 3.987940e-02
-4.750000 3.978039e-02
-4.500000 3.968571e-02
-4.250000 3.959554e-02
-4.000000 3.951011e-02
-3.750000 3.942960e-02
-3.500000 3.935420e-02
-3.250000 3.928411e-02
-3.000000 3.921950e-02
-2.750000 3.916054e-02
-2.500000 3.910741e-02
-2.250000 3.906025e-02
-2.000000 3.901924e-02
-1.750000 3.898450e-02
-1.500000 3.895618e-02
-1.250000 3.893440e-02
-1.000000 3.891928e-02
-0.750000 3.891092e-02
-0.500000 3.890943e-02
-0.250000 3.891488e-02
0.000000 3.892736e-02
0.250000 3.894693e-02
0.500000 3.897365e-02
0.750000 3.900756e-02
1.000000 3.904868e-02
1.250000 3.909705e-02
1.500000 3.915267e-02
1.750000 3.921553e-02
2.000000 3.928563e-02
2.250000 3.936294e-02
2.500000 3.944742e-02
2.750000 3.953903e-02
3.000000 3.963771e-02
3.250000 3.974339e-02
3.500000 3.985599e-02
3.750000 3.997542e-02
4.000000 4.010159e-02
4.250000 4.023438e-02
4.500000 4.037368e-02
4.750000 4.051936e-02
5.000000 4.067130e-02
5.250000 4.082934e-02
5.500000 4.099333e-02
5.750000 4.116313e-02
6.000000 4.133857e-02
6.250000 4.151948e-02
6.500000 4.170569e-02
6.750000 4.189701e-02
7.000000 4.209326e-02
7.250000 4.229426e-02
7.500000 4.249980e-02
7.750000 4.270969e-02
8.000000 4.292374e-02
8.250000 4.314174e-02
8.500000 4.336349e-02
8.750000 4.358878e-02
9.000000 4.381739e-02
9.250000 4.404914e-02
9.500000 4.428379e-02
9.750000 4.452115e-02
10.000000 4.476099e-02
10.250000 4.500312e-02
10.500000 4.524732e-02
10.750000 4.549338e-02
11.000000 4.574108e-02
11.250000 4.599023e-02
11.500000 4.624062e-02
11.750000 4.649204e-02
12.000000 4.674428e-02
12.250000 4.699715e-02
12.500000 4.725044e-02
12.750000 4.750397e-02
13.000000 4.775752e-02
13.250000 4.801091e-02
13.500000 4.826395e-02
13.750000 4.851646e-02
14.000000 4.876823e-02
14.250000 4.901911e-02
14.500000 4.926889e-02
14.750000 4.951742e-02
15.000000 4.976451e-02
15.250000 5.000999e-02
15.500000 5.025370e-02
15.750000 5.049548e-02
16.000000 5.073516e-02
16.250000 5.097259e-02
16.500000 5.120760e-02
16.750000 5.144007e-02
17.000000 5.166982e-02
17.250000 5.189673e-02
17.500000 5.212065e-02
17.750000 5.234144e-02
18.000000 5.255897e-02
18.250000 5.277312e-02
18.500000 5.298374e-02
18.750000 5.319073e-02
19.000000 5.339396e-02
19.250000 5.359331e-02
19.500000 5.378867e-02
19.750000 5.397994e-02
20.000000 5.416700e-02
20.250000 5.434975e-02
20.500000 5.452810e-02
20.750000 5.470194e-02
21.000000 5.487119e-02
21.250000 5.503575e-02
21.500000 5.519554e-02
21.750000 5.535047e-02
22.000000 5.550047e-02
22.250000 5.564546e-02
22.500000 5.578537e-02
22.750000 5.592012e-02
23.000000 5.604966e-02
23.250000 5.617391e-02
23.500000 5.629281e-02
23.750000 5.640632e-02
24.000000 5.651436e-02
24.250000 5.661691e-02
24.500000 5.671389e-02
24.750000 5.680528e-02
25.000000 5.689103e-02
25.250000 5.697109e-02
25.500000 5.704544e-02
25.750000 5.711404e-02
26.000000 5.717685e-02
26.250000 5.723386e-02
26.500000 5.728504e-02
26.750000 5.733036e-02
27.000000 5.736981e-02
27.250000 5.740337e-02
27.500000 5.743103e-02
27.750000 5.745278e-02
28.000000 5.746860e-02
28.250000 5.747850e-02
28.500000 5.748247e-02
28.750000 5.748051e-02
29.000000 5.747263e-02
29.250000 5.745882e-02
29.500000 5.743910e-02
29.750000 5.741348e-02
30.000000 5.738196e-02
30.250000 5.734457e-02
30.500000 5.730132e-02
30.750000 5.725224e-02
31.000000 5.719733e-02
31.250000 5.713664e-02
31.500000 5.707017e-02
31.750000 5.699798e-02
32.000000 5.692007e-02
32.250000 5.683650e-02
32.500000 5.674729e-02
32.750000 5.665248e-02
33.000000 5.655211e-02
33.250000 5.644623e-02
33.500000 5.633487e-02
33.750000 5.621809e-02
34.000000 5.609592e-02
34.250000 5.596843e-02
34.500000 5.583566e-02
34.750000 5.569766e-02
35.000000 5.555450e-02
35.250000 5.540622e-02
35.500000 5.525289e-02
35.750000 5.509457e-02
36.000000 5.493132e-02
36.250000 5.476320e-02
36.500000 5.459029e-02
36.750000 5.441263e-02
37.000000 5.423032e-02
37.250000 5.404340e-02
37.500000 5.385197e-02
37.750000 5.365608e-02
38.000000 5.345582e-02
38.250000 5.325126e-02
38.500000 5.304248e-02
38.750000 5.282955e-02
39.000000 5.261256e-02
39.250000 5.239158e-02
39.500000 5.216670e-02
39.750000 5.193800e-02
40.000000 5.170557e-02
40.250000 5.146949e-02
40.500000 5.122984e-02
40.750000 5.098672e-02
41.000000 5.074021e-02
41.250000 5.049040e-02
41.500000 5.023738e-02
41.750000 4.998124e-02
42.000000 4.972208e-02
42.250000 4.945998e-02
42.500000 4.919503e-02
42.750000 4.892734e-02
43.000000 4.865699e-02
43.250000 4.838409e-02
43.500000 4.810871e-02
43.750000 4.783097e-02
44.000000 4.755096e-02
44.250000 4.726876e-02
44.500000 4.698449e-02
44.750000 4.669823e-02
45.000000 4.641008e-02
45.250000 4.612015e-02
45.500000 4.582852e-02
45.750000 4.553530e-02
46.000000 4.524059e-02
46.250000 4.494448e-02
46.500000 4.464706e-02
46.750000 4.434845e-02
47.000000 4.404873e-02
47.250000 4.374801e-02
47.500000 4.344637e-02
47.750000 4.314392e-02
48.000000 4.284076e-02
48.250000 4.253698e-02
48.500000 4.223268e-02
48.750000 4.192795e-02
49.000000 4.162290e-02
49.250000 4.131760e-02
49.500000 4.101217e-02
49.750000 4.070669e-02
50.000000 4.040125e-02
