-50.000000 3.924527e-03
-49.750000 3.812262e-03
-49.500000 3.689111e-03
-49.250000 3.556667e-03
-49.000000 3.416738e-03
-48.750000 3.271310e-03
-48.500000 3.122503e-03
-48.250000 2.972521e-03
-48.000000 2.823598e-03
-47.750000 2.677925e-03
-47.500000 2.537583e-03
-47.250000 2.404460e-03
-47.000000 2.280182e-03
-46.750000 2.166042e-03
-46.500000 2.062971e-03
-46.250000 1.971548e-03
-46.000000 1.892064e-03
-45.750000 1.824667e-03
-45.500000 1.769553e-03
-45.250000 1.727210e-03
-45.000000 1.698656e-03
-44.750000 1.685616e-03
-44.500000 1.690589e-03
-44.250000 1.716719e-03
-44.000000 1.767470e-03
-43.750000 1.846142e-03
-43.500000 1.955360e-03
-43.250000 2.096707e-03
-43.000000 2.270580e-03
-42.750000 2.476280e-03
-42.500000 2.712229e-03
-42.250000 2.976226e-03
-42.000000 3.265658e-03
-41.750000 3.577655e-03
-41.500000 3.909195e-03
-41.250000 4.257162e-03
-41.000000 4.618389e-03
-40.750000 4.989683e-03
-40.500000 5.367849e-03
-40.250000 5.749711e-03
-40.000000 6.132136e-03
-39.750000 6.512060e-03
-39.500000 6.886515e-03
-39.250000 7.252660e-03
-39.000000 7.607814e-03
-38.750000 7.949489e-03
-38.500000 8.275426e-03
-38.250000 8.583630e-03
-38.000000 8.872407e-03
-37.750000 9.140400e-03
-37.500000 9.386629e-03
-37.250000 9.610522e-03
-37.000000 9.811955e-03
-36.750000 9.991280e-03
-36.500000 1.014936e-02
-36.250000 1.028760e-02
-36.000000 1.040796e-02
-35.750000 1.051296e-02
-35.500000 1.060570e-02
-35.250000 1.068983e-02
-35.000000 1.076952e-02
-34.750000 1.084942e-02
-34.500000 1.093452e-02
-34.250000 1.103007e-02
-34.000000 1.114144e-02
-33.750000 1.127390e-02
-33.500000 1.143244e-02
-33.250000 1.162157e-02
-33.000000 1.184515e-02
-32.750000 1.210617e-02
-32.500000 1.240669e-02
-32.250000 1.274777e-02
-32.000000 1.312947e-02
-31.750000 1.355088e-02
-31.500000 1.401028e-02
-31.250000 1.450519e-02
-31.000000 1.503260e-02
-30.750000 1.558903e-02
-30.500000 1.617072e-02
-30.250000 1.677371e-02
-30.000000 1.739398e-02
-29.750000 1.802749e-02
-29.500000 1.867027e-02
-29.250000 1.931843e-02
-29.000000 1.996825e-02
-28.750000 2.061618e-02
-28.500000 2.125883e-02
-28.250000 2.189301e-02
-28.000000 2.251572e-02
-27.750000 2.312416e-02
-27.500000 2.371572e-02
-27.250000 2.428797e-02
-27.000000 2.483868e-02
-26.750000 2.536577e-02
-26.500000 2.586734e-02
-26.250000 2.634163e-02
-26.000000 2.678707e-02
-25.750000 2.720220e-02
-25.500000 2.758570e-02
-25.250000 2.793639e-02
-25.000000 2.825322e-02
-24.750000 2.853524e-02
-24.500000 2.878164e-02
-24.250000 2.899171e-02
-24.000000 2.916484e-02
-23.750000 2.930054e-02
-23.500000 2.939843e-02
-23.250000 2.945823e-02
-23.000000 2.947976e-02
-22.750000 2.946296e-02
-22.500000 2.940786e-02
-22.250000 2.931462e-02
-22.000000 2.918350e-02
-21.750000 2.901489e-02
-21.500000 2.880927e-02
-21.250000 2.856728e-02
-21.000000 2.828967e-02
-20.750000 2.797734e-02
-20.500000 2.763132e-02
-20.250000 2.725281e-02
-20.000000 2.684317e-02
-19.750000 2.640395e-02
-19.500000 2.593689e-02
-19.250000 2.544397e-02
-19.000000 2.492737e-02
-18.750000 2.438958e-02
-18.500000 2.383338e-02
-18.250000 2.326187e-02
-18.000000 2.267855e-02
-17.750000 2.208730e-02
-17.500000 2.149251e-02
-17.250000 2.089904e-02
-17.000000 2.031230e-02
-16.750000 1.973827e-02
-16.500000 1.918355e-02
-16.250000 1.865526e-02
-16.000000 1.816106e-02
-15.750000 1.770899e-02
-15.500000 1.730731e-02
-15.250000 1.696420e-02
-15.000000 1.668744e-02
-14.750000 1.648399e-02
-14.500000 1.635954e-02
-14.250000 1.631811e-02
-14.000000 1.636167e-02
-13.750000 1.649002e-02
-13.500000 1.670069e-02
-13.250000 1.698917e-02
-13.000000 1.734913e-02
-12.750000 1.777284e-02
-12.500000 1.825159e-02
-12.250000 1.877606e-02
-12.000000 1.933666e-02
-11.750000 1.992381e-02
-11.500000 2.052815e-02
-11.250000 2.114063e-02
-11.000000 2.175269e-02
-10.750000 2.235624e-02
-10.500000 2.294374e-02
-10.250000 2.350819e-02
-10.000000 2.404318e-02
-9.750000 2.454289e-02
-9.500000 2.500206e-02
-9.250000 2.541610e-02
-9.000000 2.578102e-02
-8.750000 2.609350e-02
-8.500000 2.635097e-02
-8.250000 2.655156e-02
-8.000000 2.669425e-02
-7.750000 2.677886e-02
-7.500000 2.680616e-02
-7.250000 2.677794e-02
-7.000000 2.669710e-02
-6.750000 2.656774e-02
-6.500000 2.639529e-02
-6.250000 2.618657e-02
-6.000000 2.594993e-02
-5.750000 2.569531e-02
-5.500000 2.543429e-02
-5.250000 2.518012e-02
-5.000000 2.494760e-02
-4.750000 2.475285e-02
-4.500000 2.461305e-02
-4.250000 2.454579e-02
-4.000000 2.456849e-02
-3.750000 2.469747e-02
-3.500000 2.494711e-02
-3.250000 2.532895e-02
-3.000000 2.585107e-02
-2.750000 2.651762e-02
-2.500000 2.732879e-02
-2.250000 2.828107e-02
-2.000000 2.936774e-02
-1.750000 3.057949e-02
-1.500000 3.190516e-02
-1.250000 3.333233e-02
-1.000000 3.484792e-02
-0.750000 3.643855e-02
-0.500000 3.809093e-02
-0.250000 3.979204e-02
0.000000 4.152927e-02
0.250000 4.329054e-02
0.500000 4.506431e-02
0.750000 4.683962e-02
1.000000 4.860608e-02
1.250000 5.035386e-02
1.500000 5.207369e-02
1.750000 5.375682e-02
2.000000 5.539504e-02
2.250000 5.698064e-02
2.500000 5.850639e-02
2.750000 5.996557e-02
3.000000 6.135193e-02
3.250000 6.265967e-02
3.500000 6.388348e-02
3.750000 6.501850e-02
4.000000 6.606033e-02
4.250000 6.700500e-02
4.500000 6.784901e-02
4.750000 6.858932e-02
5.000000 6.922331e-02
5.250000 6.974881e-02
5.500000 7.016410e-02
5.750000 7.046790e-02
6.000000 7.065935e-02
6.250000 7.073804e-02
6.500000 7.070396e-02
6.750000 7.055756e-02
7.000000 7.029968e-02
7.250000 6.993158e-02
7.500000 6.945494e-02
7.750000 6.887181e-02
8.000000 6.818465e-02
8.250000 6.739628e-02
8.500000 6.650992e-02
8.750000 6.552909e-02
9.000000 6.445772e-02
9.250000 6.330000e-02
9.500000 6.206049e-02
9.750000 6.074399e-02
10.000000 5.935561e-02
10.250000 5.790069e-02
10.500000 5.638482e-02
10.750000 5.481378e-02
11.000000 5.319355e-02
11.250000 5.153025e-02
11.500000 4.983013e-02
11.750000 4.809956e-02
12.000000 4.634496e-02
12.250000 4.457279e-02
12.500000 4.278955e-02
12.750000 4.100170e-02
13.000000 3.921564e-02
13.250000 3.743771e-02
13.500000 3.567412e-02
13.750000 3.393096e-02
14.000000 3.221415e-02
14.250000 3.052939e-02
14.500000 2.888222e-02
14.750000 2.727788e-02
15.000000 2.572141e-02
15.250000 2.421756e-02
15.500000 2.277081e-02
15.750000 2.138536e-02
16.000000 2.006513e-02
16.250000 1.881377e-02
16.500000 1.763466e-02
16.750000 1.653090e-02
17.000000 1.550533e-02
17.250000 1.456053e-02
17.500000 1.369876e-02
17.750000 1.292193e-02
18.000000 1.223154e-02
18.250000 1.162851e-02
18.500000 1.111313e-02
18.750000 1.068482e-02
19.000000 1.034204e-02
19.250000 1.008216e-02
19.500000 9.901454e-03
19.750000 9.795111e-03
20.000000 9.757423e-03
20.250000 9.781979e-03
20.500000 9.861914e-03
20.750000 9.990150e-03
21.000000 1.015960e-02
21.250000 1.036333e-02
21.500000 1.059464e-02
21.750000 1.084714e-02
22.000000 1.111476e-02
22.250000 1.139174e-02
22.500000 1.167262e-02
22.750000 1.195226e-02
23.000000 1.222575e-02
23.250000 1.248849e-02
23.500000 1.273611e-02
23.750000 1.296454e-02
24.000000 1.316996e-02
24.250000 1.334886e-02
24.500000 1.349802e-02
24.750000 1.361455e-02
25.000000 1.369589e-02
25.250000 1.373983e-02
25.500000 1.374454e-02
25.750000 1.370856e-02
26.000000 1.363080e-02
26.250000 1.351059e-02
26.500000 1.334766e-02
26.750000 1.314211e-02
27.000000 1.289446e-02
27.250000 1.260562e-02
27.500000 1.227686e-02
27.750000 1.190984e-02
28.000000 1.150656e-02
28.250000 1.106935e-02
28.500000 1.060088e-02
28.750000 1.010407e-02
29.000000 9.582132e-03
29.250000 9.038525e-03
29.500000 8.476917e-03
29.750000 7.901173e-03
30.000000 7.315336e-03
30.250000 6.723613e-03
30.500000 6.130366e-03
30.750000 5.540129e-03
31.000000 4.957645e-03
31.250000 4.387946e-03
31.500000 3.836519e-03
31.750000 3.309595e-03
32.000000 2.814685e-03
32.250000 2.361503e-03
32.500000 1.963468e-03
32.750000 1.639489e-03
33.000000 1.413664e-03
33.250000 1.306462e-03
33.500000 1.316226e-03
33.750000 1.412994e-03
34.000000 1.557200e-03
34.250000 1.717493e-03
34.500000 1.874083e-03
34.750000 2.015695e-03
35.000000 2.136435e-03
35.250000 2.233825e-03
35.500000 2.307734e-03
35.750000 2.359832e-03
36.000000 2.393326e-03
36.250000 2.412845e-03
36.500000 2.424360e-03
36.750000 2.435055e-03
37.000000 2.453041e-03
37.250000 2.486827e-03
37.500000 2.544522e-03
37.750000 2.632877e-03
38.000000 2.756434e-03
38.250000 2.917061e-03
38.500000 3.114022e-03
38.750000 3.344486e-03
39.000000 3.604221e-03
39.250000 3.888247e-03
39.500000 4.191336e-03
39.750000 4.508326e-03
40.000000 4.834307e-03
40.250000 5.164697e-03
40.500000 5.495280e-03
40.750000 5.822206e-03
41.000000 6.141982e-03
41.250000 6.451461e-03
41.500000 6.747825e-03
41.750000 7.028578e-03
42.000000 7.291532e-03
42.250000 7.534800e-03
42.500000 7.756787e-03
42.750000 7.956181e-03
43.000000 8.131948e-03
43.250000 8.283320e-03
43.500000 8.409788e-03
43.750000 8.511092e-03
44.000000 8.587207e-03
44.250000 8.638334e-03
44.500000 8.664885e-03
44.750000 8.667468e-03
45.000000 8.646872e-03
45.250000 8.604051e-03
45.500000 8.540106e-03
45.750000 8.456271e-03
46.000000 8.353889e-03
46.250000 8.234399e-03
46.500000 8.099315e-03
46.750000 7.950209e-03
47.000000 7.788691e-03
47.250000 7.616396e-03
47.500000 7.434962e-03
47.750000 7.246017e-03
48.000000 7.051160e-03
48.250000 6.851951e-03
48.500000 6.649894e-03
48.750000 6.446424e-03
49.000000 6.242897e-03
49.250000 6.040577e-03
49.500000 5.840627e-03
49.750000 5.644100e-03
50.000000 5.451933e-03
