-50.000000 4.377405e-03
-49.750000 4.427301e-03
-49.500000 4.473106e-03
-49.250000 4.514789e-03
-49.000000 4.552327e-03
-48.750000 4.585702e-03
-48.500000 4.614902e-03
-48.250000 4.639925e-03
-48.000000 4.660774e-03
-47.750000 4.677461e-03
-47.500000 4.690007e-03
-47.250000 4.698441e-03
-47.000000 4.702801e-03
-46.750000 4.703136e-03
-46.500000 4.699505e-03
-46.250000 4.691976e-03
-46.000000 4.680632e-03
-45.750000 4.665566e-03
-45.500000 4.646885e-03
-45.250000 4.624708e-03
-45.000000 4.599173e-03
-44.750000 4.570429e-03
-44.500000 4.538645e-03
-44.250000 4.504008e-03
-44.000000 4.466723e-03
-43.750000 4.427015e-03
-43.500000 4.385134e-03
-43.250000 4.341350e-03
-43.000000 4.295960e-03
-42.750000 4.249286e-03
-42.500000 4.201677e-03
-42.250000 4.153514e-03
-42.000000 4.105202e-03
-41.750000 4.057183e-03
-41.500000 4.009924e-03
-41.250000 3.963926e-03
-41.000000 3.919718e-03
-40.750000 3.877856e-03
-40.500000 3.838919e-03
-40.250000 3.803508e-03
-40.000000 3.772235e-03
-39.750000 3.745718e-03
-39.500000 3.724572e-03
-39.250000 3.709400e-03
-39.000000 3.700777e-03
-38.750000 3.699242e-03
-38.500000 3.705283e-03
-38.250000 3.719328e-03
-38.000000 3.741732e-03
-37.750000 3.772771e-03
-37.500000 3.812635e-03
-37.250000 3.861426e-03
-37.000000 3.919158e-03
-36.750000 3.985761e-03
-36.500000 4.061087e-03
-36.250000 4.144919e-03
-36.000000 4.236977e-03
-35.750000 4.336932e-03
-35.500000 4.444412e-03
-35.250000 4.559018e-03
-35.000000 4.680325e-03
-34.750000 4.807895e-03
-34.500000 4.941285e-03
-34.250000 5.080046e-03
-34.000000 5.223734e-03
-33.750000 5.371913e-03
-33.500000 5.524153e-03
-33.250000 5.680035e-03
-33.000000 5.839154e-03
-32.750000 6.001115e-03
-32.500000 6.165538e-03
-32.250000 6.332056e-03
-32.000000 6.500313e-03
-31.750000 6.669967e-03
-31.500000 6.840688e-03
-31.250000 7.012158e-03
-31.000000 7.184070e-03
-30.750000 7.356125e-03
-30.500000 7.528038e-03
-30.250000 7.699531e-03
-30.000000 7.870335e-03
-29.750000 8.040191e-03
-29.500000 8.208846e-03
-29.250000 8.376056e-03
-29.000000 8.541585e-03
-28.750000 8.705202e-03
-28.500000 8.866685e-03
-28.250000 9.025817e-03
-28.000000 9.182387e-03
-27.750000 9.336193e-03
-27.500000 9.487034e-03
-27.250000 9.634720e-03
-27.000000 9.779062e-03
-26.750000 9.919881e-03
-26.500000 1.005700e-02
-26.250000 1.019025e-02
-26.000000 1.031946e-02
-25.750000 1.044449e-02
-25.500000 1.056516e-02
-25.250000 1.068133e-02
-25.000000 1.079287e-02
-24.750000 1.089963e-02
-24.500000 1.100147e-02
-24.250000 1.109828e-02
-24.000000 1.118992e-02
-23.750000 1.127629e-02
-23.500000 1.135727e-02
-23.250000 1.143275e-02
-23.000000 1.150264e-02
-22.750000 1.156684e-02
-22.500000 1.162526e-02
-22.250000 1.167781e-02
-22.000000 1.172443e-02
-21.750000 1.176503e-02
-21.500000 1.179956e-02
-21.250000 1.182794e-02
-21.000000 1.185012e-02
-20.750000 1.186607e-02
-20.500000 1.187572e-02
-20.250000 1.187905e-02
-20.000000 1.187602e-02
-19.750000 1.186661e-02
-19.500000 1.185081e-02
-19.250000 1.182858e-02
-19.000000 1.179994e-02
-18.750000 1.176487e-02
-18.500000 1.172339e-02
-18.250000 1.167550e-02
-18.000000 1.162122e-02
-17.750000 1.156059e-02
-17.500000 1.149361e-02
-17.250000 1.142035e-02
-17.000000 1.134083e-02
-16.750000 1.125511e-02
-16.500000 1.116324e-02
-16.250000 1.106529e-02
-16.000000 1.096133e-02
-15.750000 1.085143e-02
-15.500000 1.073568e-02
-15.250000 1.061417e-02
-15.000000 1.048699e-02
-14.750000 1.035425e-02
-14.500000 1.021606e-02
-14.250000 1.007254e-02
-14.000000 9.923826e-03
-13.750000 9.770041e-03
-13.500000 9.611333e-03
-13.250000 9.447854e-03
-13.000000 9.279765e-03
-12.750000 9.107237e-03
-12.500000 8.930451e-03
-12.250000 8.749597e-03
-12.000000 8.564877e-03
-11.750000 8.376506e-03
-11.500000 8.184711e-03
-11.250000 7.989733e-03
-11.000000 7.791829e-03
-10.750000 7.591273e-03
-10.500000 7.388358e-03
-10.250000 7.183396e-03
-10.000000 6.976726e-03
-9.750000 6.768709e-03
-9.500000 6.559741e-03
-9.250000 6.350247e-03
-9.000000 6.140693e-03
-8.750000 5.931588e-03
-8.500000 5.723494e-03
-8.250000 5.517027e-03
-8.000000 5.312870e-03
-7.750000 5.111782e-03
-7.500000 4.914606e-03
-7.250000 4.722280e-03
-7.000000 4.535848e-03
-6.750000 4.356469e-03
-6.500000 4.185421e-03
-6.250000 4.024106e-03
-6.000000 3.874039e-03
-5.750000 3.736833e-03
-5.500000 3.614161e-03
-5.250000 3.507705e-03
-5.000000 3.419080e-03
-4.750000 3.349739e-03
-4.500000 3.300874e-03
-4.250000 3.273316e-03
-4.000000 3.267451e-03
-3.750000 3.283185e-03
-3.500000 3.319938e-03
-3.250000 3.376699e-03
-3.000000 3.452106e-03
-2.750000 3.544551e-03
-2.500000 3.652281e-03
-2.250000 3.773499e-03
-2.000000 3.906429e-03
-1.750000 4.049377e-03
-1.500000 4.200759e-03
-1.250000 4.359122e-03
-1.000000 4.523146e-03
-0.750000 4.691642e-03
-0.500000 4.863545e-03
-0.250000 5.037904e-03
0.000000 5.213869e-03
0.250000 5.390680e-03
0.500000 5.567657e-03
0.750000 5.744191e-03
1.000000 5.919733e-03
1.250000 6.093787e-03
1.500000 6.265905e-03
1.750000 6.435679e-03
2.000000 6.602737e-03
2.250000 6.766740e-03
2.500000 6.927375e-03
2.750000 7.084356e-03
3.000000 7.237417e-03
3.250000 7.386316e-03
3.500000 7.530825e-03
3.750000 7.670734e-03
4.000000 7.805851e-03
4.250000 7.935993e-03
4.500000 8.060993e-03
4.750000 8.180697e-03
5.000000 8.294959e-03
5.250000 8.403647e-03
5.500000 8.506636e-03
5.750000 8.603813e-03
6.000000 8.695073e-03
6.250000 8.780321e-03
6.500000 8.859468e-03
6.750000 8.932435e-03
7.000000 8.999151e-03
7.250000 9.059552e-03
7.500000 9.113581e-03
7.750000 9.161189e-03
8.000000 9.202335e-03
8.250000 9.236984e-03
8.500000 9.265106e-03
8.750000 9.286682e-03
9.000000 9.301695e-03
9.250000 9.310137e-03
9.500000 9.312007e-03
9.750000 9.307309e-03
10.000000 9.296052e-03
10.250000 9.278254e-03
10.500000 9.253937e-03
10.750000 9.223129e-03
11.000000 9.185864e-03
11.250000 9.142182e-03
11.500000 9.092128e-03
11.750000 9.035753e-03
12.000000 8.973114e-03
12.250000 8.904273e-03
12.500000 8.829295e-03
12.750000 8.748253e-03
13.000000 8.661224e-03
13.250000 8.568290e-03
13.500000 8.469538e-03
13.750000 8.365059e-03
14.000000 8.254949e-03
14.250000 8.139309e-03
14.500000 8.018244e-03
14.750000 7.891862e-03
15.000000 7.760278e-03
15.250000 7.623609e-03
15.500000 7.481976e-03
15.750000 7.335504e-03
16.000000 7.184321e-03
16.250000 7.028561e-03
16.500000 6.868359e-03
16.750000 6.703853e-03
17.000000 6.535186e-03
17.250000 6.362504e-03
17.500000 6.185953e-03
17.750000 6.005684e-03
18.000000 5.821852e-03
18.250000 5.634612e-03
18.500000 5.444121e-03
18.750000 5.250541e-03
19.000000 5.054033e-03
19.250000 4.854762e-03
19.500000 4.652894e-03
19.750000 4.448598e-03
20.000000 4.242042e-03
20.250000 4.033397e-03
20.500000 3.822837e-03
20.750000 3.610535e-03
21.000000 3.396667e-03
21.250000 3.181410e-03
21.500000 2.964942e-03
21.750000 2.747446e-03
22.000000 2.529106e-03
22.250000 2.310108e-03
22.500000 2.090649e-03
22.750000 1.870931e-03
23.000000 1.651175e-03
23.250000 1.431630e-03
23.500000 1.212597e-03
23.750000 9.944954e-04
24.000000 7.780124e-04
24.250000 5.646211e-04
24.500000 3.588418e-04
24.750000 1.849154e-04
25.000000 1.837774e-04
25.250000 3.548718e-04
25.500000 5.557278e-04
25.750000 7.618240e-04
26.000000 9.686166e-04
26.250000 1.174641e-03
26.500000 1.379224e-03
26.750000 1.581970e-03
27.000000 1.782604e-03
27.250000 1.980906e-03
27.500000 2.176689e-03
27.750000 2.369787e-03
28.000000 2.560047e-03
28.250000 2.747324e-03
28.500000 2.931483e-03
28.750000 3.112394e-03
29.000000 3.289932e-03
29.250000 3.463978e-03
29.500000 3.634419e-03
29.750000 3.801146e-03
30.000000 3.964053e-03
30.250000 4.123040e-03
30.500000 4.278013e-03
30.750000 4.428880e-03
31.000000 4.575554e-03
31.250000 4.717956e-03
31.500000 4.856007e-03
31.750000 4.989635e-03
32.000000 5.118773e-03
32.250000 5.243359e-03
32.500000 5.363336e-03
32.750000 5.478649e-03
33.000000 5.589252e-03
33.250000 5.695103e-03
33.500000 5.796163e-03
33.750000 5.892399e-03
34.000000 5.983785e-03
34.250000 6.070299e-03
34.500000 6.151923e-03
34.750000 6.228646e-03
35.000000 6.300460e-03
35.250000 6.367366e-03
35.500000 6.429368e-03
35.750000 6.486473e-03
36.000000 6.538699e-03
36.250000 6.586064e-03
36.500000 6.628595e-03
36.750000 6.666322e-03
37.000000 6.699283e-03
37.250000 6.727519e-03
37.500000 6.751077e-03
37.750000 6.770011e-03
38.000000 6.784379e-03
38.250000 6.794244e-03
38.500000 6.799677e-03
38.750000 6.800752e-03
39.000000 6.797550e-03
39.250000 6.790157e-03
39.500000 6.778665e-03
39.750000 6.763170e-03
40.000000 6.743776e-03
40.250000 6.720591e-03
40.500000 6.693730e-03
40.750000 6.663311e-03
41.000000 6.629462e-03
41.250000 6.592311e-03
41.500000 6.551998e-03
41.750000 6.508663e-03
42.000000 6.462456e-03
42.250000 6.413531e-03
42.500000 6.362046e-03
42.750000 6.308169e-03
43.000000 6.252071e-03
43.250000 6.193928e-03
43.500000 6.133923e-03
43.750000 6.072246e-03
44.000000 6.009089e-03
44.250000 5.944652e-03
44.500000 5.879141e-03
44.750000 5.812765e-03
45.000000 5.745739e-03
45.250000 5.678283e-03
45.500000 5.610621e-03
45.750000 5.542980e-03
46.000000 5.475592e-03
46.250000 5.408690e-03
46.500000 5.342511e-03
46.750000 5.277291e-03
47.000000 5.213269e-03
47.250000 5.150681e-03
47.500000 5.089762e-03
47.750000 5.030743e-03
48.000000 4.973851e-03
48.250000 4.919306e-03
48.500000 4.867320e-03
48.750000 4.818095e-03
49.000000 4.771821e-03
49.250000 4.728675e-03
49.500000 4.688816e-03
49.750000 4.652388e-03
50.000000 4.619513e-03
