-50.000000 1.239029e-03
-49.750000 1.250396e-03
-49.500000 1.257562e-03
-49.250000 1.260269e-03
-49.000000 1.258520e-03
-48.750000 1.252563e-03
-48.500000 1.242867e-03
-48.250000 1.230100e-03
-48.000000 1.215097e-03
-47.750000 1.198828e-03
-47.500000 1.182349e-03
-47.250000 1.166743e-03
-47.000000 1.153052e-03
-46.750000 1.142202e-03
-46.500000 1.134917e-03
-46.250000 1.131652e-03
-46.000000 1.132545e-03
-45.750000 1.137390e-03
-45.500000 1.145660e-03
-45.250000 1.156543e-03
-45.000000 1.169016e-03
-44.750000 1.181919e-03
-44.500000 1.194029e-03
-44.250000 1.204137e-03
-44.000000 1.211097e-03
-43.750000 1.213878e-03
-43.500000 1.211601e-03
-43.250000 1.203566e-03
-43.000000 1.189280e-03
-42.750000 1.168482e-03
-42.500000 1.141173e-03
-42.250000 1.107645e-03
-42.000000 1.068530e-03
-41.750000 1.024855e-03
-41.500000 9.781098e-04
-41.250000 9.303365e-04
-41.000000 8.842043e-04
-40.750000 8.430411e-04
-40.500000 8.107265e-04
-40.250000 7.913300e-04
-40.000000 7.884328e-04
-39.750000 8.042870e-04
-39.500000 8.392210e-04
-39.250000 8.916563e-04
-39.000000 9.586828e-04
-38.750000 1.036801e-03
-38.500000 1.122493e-03
-38.250000 1.212525e-03
-38.000000 1.304060e-03
-37.750000 1.394660e-03
-37.500000 1.482258e-03
-37.250000 1.565124e-03
-37.000000 1.641835e-03
-36.750000 1.711266e-03
-36.500000 1.772587e-03
-36.250000 1.825274e-03
-36.000000 1.869123e-03
-35.750000 1.904279e-03
-35.500000 1.931266e-03
-35.250000 1.951017e-03
-35.000000 1.964907e-03
-34.750000 1.974775e-03
-34.500000 1.982924e-03
-34.250000 1.992094e-03
-34.000000 2.005379e-03
-33.750000 2.026080e-03
-33.500000 2.057493e-03
-33.250000 2.102638e-03
-33.000000 2.163972e-03
-32.750000 2.243152e-03
-32.500000 2.340883e-03
-32.250000 2.456904e-03
-32.000000 2.590073e-03
-31.750000 2.738542e-03
-31.500000 2.899945e-03
-31.250000 3.071589e-03
-31.000000 3.250602e-03
-30.750000 3.434050e-03
-30.500000 3.619024e-03
-30.250000 3.802690e-03
-30.000000 3.982338e-03
-29.750000 4.155408e-03
-29.500000 4.319514e-03
-29.250000 4.472466e-03
-29.000000 4.612294e-03
-28.750000 4.737265e-03
-28.500000 4.845909e-03
-28.250000 4.937044e-03
-28.000000 5.009803e-03
-27.750000 5.063661e-03
-27.500000 5.098472e-03
-27.250000 5.114502e-03
-27.000000 5.112465e-03
-26.750000 5.093568e-03
-26.500000 5.059548e-03
-26.250000 5.012712e-03
-26.000000 4.955975e-03
-25.750000 4.892875e-03
-25.500000 4.827572e-03
-25.250000 4.764800e-03
-25.000000 4.709762e-03
-24.750000 4.667947e-03
-24.500000 4.644849e-03
-24.250000 4.645610e-03
-24.000000 4.674605e-03
-23.750000 4.735047e-03
-23.500000 4.828678e-03
-23.250000 4.955620e-03
-23.000000 5.114414e-03
-22.750000 5.302223e-03
-22.500000 5.515137e-03
-22.250000 5.748509e-03
-22.000000 5.997277e-03
-21.750000 6.256219e-03
-21.500000 6.520149e-03
-21.250000 6.784051e-03
-21.000000 7.043166e-03
-20.750000 7.293048e-03
-20.500000 7.529590e-03
-20.250000 7.749047e-03
-20.000000 7.948042e-03
-19.750000 8.123573e-03
-19.500000 8.273015e-03
-19.250000 8.394130e-03
-19.000000 8.485061e-03
-18.750000 8.544344e-03
-18.500000 8.570908e-03
-18.250000 8.564079e-03
-18.000000 8.523586e-03
-17.750000 8.449565e-03
-17.500000 8.342563e-03
-17.250000 8.203541e-03
-17.000000 8.033884e-03
-16.750000 7.835403e-03
-16.500000 7.610347e-03
-16.250000 7.361412e-03
-16.000000 7.091753e-03
-15.750000 6.805007e-03
-15.500000 6.505306e-03
-15.250000 6.197307e-03
-15.000000 5.886204e-03
-14.750000 5.577739e-03
-14.500000 5.278179e-03
-14.250000 4.994240e-03
-14.000000 4.732910e-03
-13.750000 4.501138e-03
-13.500000 4.305339e-03
-13.250000 4.150736e-03
-13.000000 4.040618e-03
-12.750000 3.975717e-03
-12.500000 3.953911e-03
-12.250000 3.970415e-03
-12.000000 4.018391e-03
-11.750000 4.089805e-03
-11.500000 4.176276e-03
-11.250000 4.269738e-03
-11.000000 4.362874e-03
-10.750000 4.449346e-03
-10.500000 4.523873e-03
-10.250000 4.582223e-03
-10.000000 4.621167e-03
-9.750000 4.638419e-03
-9.500000 4.632579e-03
-9.250000 4.603083e-03
-9.000000 4.550174e-03
-8.750000 4.474879e-03
-8.500000 4.379005e-03
-8.250000 4.265147e-03
-8.000000 4.136701e-03
-7.750000 3.997877e-03
-7.500000 3.853701e-03
-7.250000 3.709974e-03
-7.000000 3.573155e-03
-6.750000 3.450116e-03
-6.500000 3.347708e-03
-6.250000 3.272138e-03
-6.000000 3.228186e-03
-5.750000 3.218451e-03
-5.500000 3.242850e-03
-5.250000 3.298554e-03
-5.000000 3.380395e-03
-4.750000 3.481575e-03
-4.500000 3.594437e-03
-4.250000 3.711119e-03
-4.000000 3.824013e-03
-3.750000 3.926036e-03
-3.500000 4.010750e-03
-3.250000 4.072411e-03
-3.000000 4.105960e-03
-2.750000 4.106997e-03
-2.500000 4.071748e-03
-2.250000 3.997037e-03
-2.000000 3.880257e-03
-1.750000 3.719349e-03
-1.500000 3.512787e-03
-1.250000 3.259559e-03
-1.000000 2.959157e-03
-0.750000 2.611568e-03
-0.500000 2.217260e-03
-0.250000 1.777180e-03
0.000000 1.292774e-03
0.250000 7.661503e-04
0.500000 2.034245e-04
0.750000 4.124165e-04
1.000000 1.050860e-03
1.250000 1.722348e-03
1.500000 2.421988e-03
1.750000 3.145661e-03
2.000000 3.889118e-03
2.250000 4.647916e-03
2.500000 5.417433e-03
2.750000 6.192899e-03
3.000000 6.969429e-03
3.250000 7.742064e-03
3.500000 8.505805e-03
3.750000 9.255655e-03
4.000000 9.986658e-03
4.250000 1.069394e-02
4.500000 1.137274e-02
4.750000 1.201846e-02
5.000000 1.262669e-02
5.250000 1.319326e-02
5.500000 1.371424e-02
5.750000 1.418602e-02
6.000000 1.460528e-02
6.250000 1.496909e-02
6.500000 1.527488e-02
6.750000 1.552045e-02
7.000000 1.570405e-02
7.250000 1.582435e-02
7.500000 1.588048e-02
7.750000 1.587199e-02
8.000000 1.579894e-02
8.250000 1.566183e-02
8.500000 1.546165e-02
8.750000 1.519984e-02
9.000000 1.487834e-02
9.250000 1.449956e-02
9.500000 1.406636e-02
9.750000 1.358210e-02
10.000000 1.305060e-02
10.250000 1.247619e-02
10.500000 1.186370e-02
10.750000 1.121851e-02
11.000000 1.054661e-02
11.250000 9.854705e-03
11.500000 9.150342e-03
11.750000 8.442147e-03
12.000000 7.740134e-03
12.250000 7.056153e-03
12.500000 6.404466e-03
12.750000 5.802401e-03
13.000000 5.270785e-03
13.250000 4.833497e-03
13.500000 4.514949e-03
13.750000 4.334570e-03
14.000000 4.299582e-03
14.250000 4.400650e-03
14.500000 4.614351e-03
14.750000 4.910656e-03
15.000000 5.260090e-03
15.250000 5.637565e-03
15.500000 6.023281e-03
15.750000 6.402165e-03
16.000000 6.762912e-03
16.250000 7.097097e-03
16.500000 7.398472e-03
16.750000 7.662455e-03
17.000000 7.885775e-03
17.250000 8.066209e-03
17.500000 8.202402e-03
17.750000 8.293733e-03
18.000000 8.340216e-03
18.250000 8.342424e-03
18.500000 8.301422e-03
18.750000 8.218720e-03
19.000000 8.096226e-03
19.250000 7.936205e-03
19.500000 7.741243e-03
19.750000 7.514211e-03
20.000000 7.258235e-03
20.250000 6.976661e-03
20.500000 6.673028e-03
20.750000 6.351040e-03
21.000000 6.014543e-03
21.250000 5.667494e-03
21.500000 5.313951e-03
21.750000 4.958044e-03
22.000000 4.603966e-03
22.250000 4.255949e-03
22.500000 3.918250e-03
22.750000 3.595115e-03
23.000000 3.290726e-03
23.250000 3.009103e-03
23.500000 2.753946e-03
23.750000 2.528381e-03
24.000000 2.334606e-03
24.250000 2.173477e-03
24.500000 2.044131e-03
24.750000 1.943815e-03
25.000000 1.868044e-03
25.250000 1.811121e-03
25.500000 1.766859e-03
25.750000 1.729309e-03
26.000000 1.693313e-03
26.250000 1.654851e-03
26.500000 1.611209e-03
26.750000 1.561042e-03
27.000000 1.504418e-03
27.250000 1.442882e-03
27.500000 1.379555e-03
27.750000 1.319256e-03
28.000000 1.268503e-03
28.250000 1.235162e-03
28.500000 1.227423e-03
28.750000 1.252048e-03
29.000000 1.312539e-03
29.250000 1.408340e-03
29.500000 1.535545e-03
29.750000 1.688432e-03
30.000000 1.860842e-03
30.250000 2.046974e-03
30.500000 2.241680e-03
30.750000 2.440495e-03
31.000000 2.639556e-03
31.250000 2.835509e-03
31.500000 3.025424e-03
31.750000 3.206728e-03
32.000000 3.377164e-03
32.250000 3.534758e-03
32.500000 3.677795e-03
32.750000 3.804812e-03
33.000000 3.914580e-03
33.250000 4.006104e-03
33.500000 4.078612e-03
33.750000 4.131556e-03
34.000000 4.164603e-03
34.250000 4.177634e-03
34.500000 4.170735e-03
34.750000 4.144190e-03
35.000000 4.098481e-03
35.250000 4.034273e-03
35.500000 3.952410e-03
35.750000 3.853909e-03
36.000000 3.739949e-03
36.250000 3.611865e-03
36.500000 3.471145e-03
36.750000 3.319423e-03
37.000000 3.158481e-03
37.250000 2.990253e-03
37.500000 2.816832e-03
37.750000 2.640485e-03
38.000000 2.463681e-03
38.250000 2.289120e-03
38.500000 2.119773e-03
38.750000 1.958915e-03
39.000000 1.810135e-03
39.250000 1.677284e-03
39.500000 1.564292e-03
39.750000 1.474800e-03
40.000000 1.411571e-03
40.250000 1.375833e-03
40.500000 1.366796e-03
40.750000 1.381678e-03
41.000000 1.416229e-03
41.250000 1.465541e-03
41.500000 1.524766e-03
41.750000 1.589580e-03
42.000000 1.656371e-03
42.250000 1.722260e-03
42.500000 1.785026e-03
42.750000 1.843002e-03
43.000000 1.894975e-03
43.250000 1.940097e-03
43.500000 1.977809e-03
43.750000 2.007786e-03
44.000000 2.029887e-03
44.250000 2.044116e-03
44.500000 2.050591e-03
44.750000 2.049522e-03
45.000000 2.041184e-03
45.250000 2.025907e-03
45.500000 2.004060e-03
45.750000 1.976042e-03
46.000000 1.942275e-03
46.250000 1.903204e-03
46.500000 1.859296e-03
46.750000 1.811043e-03
47.000000 1.758976e-03
47.250000 1.703669e-03
47.500000 1.645762e-03
47.750000 1.585981e-03
48.000000 1.525159e-03
48.250000 1.464268e-03
48.500000 1.404446e-03
48.750000 1.347022e-03
49.000000 1.293533e-03
49.250000 1.245714e-03
49.500000 1.205453e-03
49.750000 1.174689e-03
50.000000 1.155251e-03
