-50.000000 9.123286e-04
-49.750000 1.159179e-03
-49.500000 1.366928e-03
-49.250000 1.514770e-03
-49.000000 1.590970e-03
-48.750000 1.590097e-03
-48.500000 1.512147e-03
-48.250000 1.362068e-03
-48.000000 1.149273e-03
-47.750000 8.870080e-04
-47.500000 5.916774e-04
-47.250000 2.830002e-04
-47.000000 6.591169e-05
-46.750000 3.233878e-04
-46.500000 5.690140e-04
-46.250000 7.632143e-04
-46.000000 8.947111e-04
-45.750000 9.583843e-04
-45.500000 9.563304e-04
-45.250000 9.007707e-04
-45.000000 8.198469e-04
-44.750000 7.654645e-04
-44.500000 8.036111e-04
-44.250000 9.614912e-04
-44.000000 1.205628e-03
-43.750000 1.486920e-03
-43.500000 1.766361e-03
-43.250000 2.015209e-03
-43.000000 2.211930e-03
-42.750000 2.340704e-03
-42.500000 2.390970e-03
-42.250000 2.357331e-03
-42.000000 2.239478e-03
-41.750000 2.041976e-03
-41.500000 1.773846e-03
-41.250000 1.447934e-03
-41.000000 1.080093e-03
-40.750000 6.882488e-04
-40.500000 2.918128e-04
-40.250000 1.011281e-04
-40.000000 4.509265e-04
-39.750000 7.604008e-04
-39.500000 1.014438e-03
-39.250000 1.205837e-03
-39.000000 1.332430e-03
-38.750000 1.397383e-03
-38.500000 1.409449e-03
-38.250000 1.382987e-03
-38.000000 1.337373e-03
-37.750000 1.294988e-03
-37.500000 1.276597e-03
-37.250000 1.294593e-03
-37.000000 1.348320e-03
-36.750000 1.425983e-03
-36.500000 1.511403e-03
-36.250000 1.590165e-03
-36.000000 1.652702e-03
-35.750000 1.694941e-03
-35.500000 1.717610e-03
-35.250000 1.724756e-03
-35.000000 1.721732e-03
-34.750000 1.712949e-03
-34.500000 1.699978e-03
-34.250000 1.680692e-03
-34.000000 1.649869e-03
-33.750000 1.601140e-03
-33.500000 1.529746e-03
-33.250000 1.435732e-03
-33.000000 1.327512e-03
-32.750000 1.225651e-03
-32.500000 1.164246e-03
-32.250000 1.181350e-03
-32.000000 1.294584e-03
-31.750000 1.487170e-03
-31.500000 1.722795e-03
-31.250000 1.964499e-03
-31.000000 2.181684e-03
-30.750000 2.350768e-03
-30.500000 2.454825e-03
-30.250000 2.483608e-03
-30.000000 2.433975e-03
-29.750000 2.310592e-03
-29.500000 2.126916e-03
-29.250000 1.906606e-03
-29.000000 1.685080e-03
-28.750000 1.508582e-03
-28.500000 1.422295e-03
-28.250000 1.442466e-03
-28.000000 1.539928e-03
-27.750000 1.661859e-03
-27.500000 1.761489e-03
-27.250000 1.810339e-03
-27.000000 1.801080e-03
-26.750000 1.750813e-03
-26.500000 1.706326e-03
-26.250000 1.741485e-03
-26.000000 1.925220e-03
-25.750000 2.273150e-03
-25.500000 2.744990e-03
-25.250000 3.280138e-03
-25.000000 3.820323e-03
-24.750000 4.314910e-03
-24.500000 4.721089e-03
-24.250000 5.003994e-03
-24.000000 5.137438e-03
-23.750000 5.104989e-03
-23.500000 4.901147e-03
-23.250000 4.532576e-03
-23.000000 4.019685e-03
-22.750000 3.399682e-03
-22.500000 2.734267e-03
-22.250000 2.129519e-03
-22.000000 1.764898e-03
-21.750000 1.809010e-03
-21.500000 2.173288e-03
-21.250000 2.627105e-03
-21.000000 3.015005e-03
-20.750000 3.254172e-03
-20.500000 3.301018e-03
-20.250000 3.138198e-03
-20.000000 2.773911e-03
-19.750000 2.253823e-03
-19.500000 1.710375e-03
-19.250000 1.495271e-03
-19.000000 1.965169e-03
-18.750000 2.876434e-03
-18.500000 3.923784e-03
-18.250000 4.954394e-03
-18.000000 5.873856e-03
-17.750000 6.610430e-03
-17.500000 7.107036e-03
-17.250000 7.320557e-03
-17.000000 7.222953e-03
-16.750000 6.802533e-03
-16.500000 6.064764e-03
-16.250000 5.032362e-03
-16.000000 3.744573e-03
-15.750000 2.255744e-03
-15.500000 6.360944e-04
-15.250000 1.059166e-03
-15.000000 2.718801e-03
-14.750000 4.275891e-03
-14.500000 5.649050e-03
-14.250000 6.765452e-03
-14.000000 7.563551e-03
-13.750000 7.996452e-03
-13.500000 8.034663e-03
-13.250000 7.668006e-03
-13.000000 6.906541e-03
-12.750000 5.780433e-03
-12.500000 4.338773e-03
-12.250000 2.647580e-03
-12.000000 7.909509e-04
-11.750000 1.172810e-03
-11.500000 3.105704e-03
-11.250000 4.939467e-03
-11.000000 6.584053e-03
-10.750000 7.962010e-03
-10.500000 9.010778e-03
-10.250000 9.686199e-03
-10.000000 9.965201e-03
-9.750000 9.847354e-03
-9.500000 9.355093e-03
-9.250000 8.532486e-03
-9.000000 7.442430e-03
-8.750000 6.162139e-03
-8.500000 4.776727e-03
-8.250000 3.370526e-03
-8.000000 2.015875e-03
-7.750000 7.645061e-04
-7.500000 4.744569e-04
-7.250000 1.599406e-03
-7.000000 2.839602e-03
-6.750000 4.311852e-03
-6.500000 6.122826e-03
-6.250000 8.322579e-03
-6.000000 1.089995e-02
-5.750000 1.379231e-02
-5.500000 1.689748e-02
-5.250000 2.008425e-02
-5.000000 2.320156e-02
-4.750000 2.608726e-02
-4.500000 2.857682e-02
-4.250000 3.051211e-02
-4.000000 3.175014e-02
-3.750000 3.217162e-02
-3.500000 3.168931e-02
-3.250000 3.025643e-02
-3.000000 2.787642e-02
-2.750000 2.461773e-02
-2.500000 2.064567e-02
-2.250000 1.631099e-02
-2.000000 1.242495e-02
-1.750000 1.079722e-02
-1.500000 1.305258e-02
-1.250000 1.796190e-02
-1.000000 2.382394e-02
-0.750000 2.977792e-02
-0.500000 3.536500e-02
-0.250000 4.028299e-02
0.000000 4.431155e-02
0.250000 4.729154e-02
0.500000 4.912155e-02
0.750000 4.975992e-02
1.000000 4.922890e-02
1.250000 4.762005e-02
1.500000 4.510136e-02
1.750000 4.192727e-02
2.000000 3.845154e-02
2.250000 3.513608e-02
2.500000 3.252916e-02
2.750000 3.115795e-02
3.000000 3.131557e-02
3.250000 3.288923e-02
3.500000 3.542855e-02
3.750000 3.837583e-02
4.000000 4.123777e-02
4.250000 4.364176e-02
4.500000 4.533214e-02
4.750000 4.615189e-02
5.000000 4.602552e-02
5.250000 4.494552e-02
5.500000 4.296156e-02
5.750000 4.017096e-02
6.000000 3.670997e-02
6.250000 3.274561e-02
6.500000 2.846866e-02
6.750000 2.408892e-02
7.000000 1.983476e-02
7.250000 1.595989e-02
7.500000 1.275563e-02
7.750000 1.053771e-02
8.000000 9.510431e-03
8.250000 9.525227e-03
8.500000 1.012741e-02
8.750000 1.089729e-02
9.000000 1.161078e-02
9.250000 1.220348e-02
9.500000 1.270239e-02
9.750000 1.317219e-02
10.000000 1.367449e-02
10.250000 1.423909e-02
10.500000 1.485163e-02
10.750000 1.545830e-02
11.000000 1.598199e-02
11.250000 1.634112e-02
11.500000 1.646501e-02
11.750000 1.630433e-02
12.000000 1.583707e-02
12.250000 1.507168e-02
12.500000 1.404854e-02
12.750000 1.284092e-02
13.000000 1.155568e-02
13.250000 1.033201e-02
13.500000 9.330729e-03
13.750000 8.698296e-03
14.000000 8.501128e-03
14.250000 8.677140e-03
14.500000 9.066045e-03
14.750000 9.487852e-03
15.000000 9.796633e-03
15.250000 9.894889e-03
15.500000 9.729234e-03
15.750000 9.282248e-03
16.000000 8.565167e-03
16.250000 7.611969e-03
16.500000 6.474705e-03
16.750000 5.220451e-03
17.000000 3.932167e-03
17.250000 2.722846e-03
17.500000 1.798589e-03
17.750000 1.544838e-03
18.000000 1.965586e-03
18.250000 2.541768e-03
18.500000 3.007462e-03
18.750000 3.282861e-03
19.000000 3.352819e-03
19.250000 3.234795e-03
19.500000 2.971905e-03
19.750000 2.634680e-03
20.000000 2.326239e-03
20.250000 2.171921e-03
20.500000 2.252637e-03
20.750000 2.529073e-03
21.000000 2.886276e-03
21.250000 3.218605e-03
21.500000 3.454521e-03
21.750000 3.551046e-03
22.000000 3.486464e-03
22.250000 3.255792e-03
22.500000 2.867968e-03
22.750000 2.343896e-03
23.000000 1.715621e-03
23.250000 1.031650e-03
23.500000 4.409509e-04
23.750000 6.712797e-04
24.000000 1.308402e-03
24.250000 1.911873e-03
24.500000 2.415186e-03
24.750000 2.788224e-03
25.000000 3.013949e-03
25.250000 3.085918e-03
25.500000 3.007982e-03
25.750000 2.794343e-03
26.000000 2.470097e-03
26.250000 2.073409e-03
26.500000 1.662359e-03
26.750000 1.330461e-03
27.000000 1.206222e-03
27.250000 1.339750e-03
27.500000 1.619985e-03
27.750000 1.918614e-03
28.000000 2.161122e-03
28.250000 2.309184e-03
28.500000 2.344518e-03
28.750000 2.262132e-03
29.000000 2.067901e-03
29.250000 1.778710e-03
29.500000 1.426912e-03
29.750000 1.078424e-03
30.000000 8.816990e-04
30.250000 1.017231e-03
30.500000 1.410879e-03
30.750000 1.896679e-03
31.000000 2.391561e-03
31.250000 2.856662e-03
31.500000 3.270372e-03
31.750000 3.619680e-03
32.000000 3.896999e-03
32.250000 4.098549e-03
32.500000 4.223244e-03
32.750000 4.271832e-03
33.000000 4.246276e-03
33.250000 4.149451e-03
33.500000 3.985223e-03
33.750000 3.758940e-03
34.000000 3.478367e-03
34.250000 3.155134e-03
34.500000 2.806846e-03
34.750000 2.460055e-03
35.000000 2.153633e-03
35.250000 1.938463e-03
35.500000 1.862174e-03
35.750000 1.936126e-03
36.000000 2.121533e-03
36.250000 2.357214e-03
36.500000 2.588908e-03
36.750000 2.777675e-03
37.000000 2.898196e-03
37.250000 2.936077e-03
37.500000 2.886244e-03
37.750000 2.752292e-03
38.000000 2.546508e-03
38.250000 2.290555e-03
38.500000 2.016834e-03
38.750000 1.769673e-03
39.000000 1.601150e-03
39.250000 1.550723e-03
39.500000 1.614593e-03
39.750000 1.745357e-03
40.000000 1.884881e-03
40.250000 1.987427e-03
40.500000 2.023645e-03
40.750000 1.978132e-03
41.000000 1.847167e-03
41.250000 1.637979e-03
41.500000 1.370410e-03
41.750000 1.084285e-03
42.000000 8.598510e-04
42.250000 8.239619e-04
42.500000 1.011966e-03
42.750000 1.309813e-03
43.000000 1.617652e-03
43.250000 1.882176e-03
43.500000 2.073679e-03
43.750000 2.175274e-03
44.000000 2.179620e-03
44.250000 2.088342e-03
44.500000 1.912744e-03
44.750000 1.676148e-03
45.000000 1.419475e-03
45.250000 1.210781e-03
45.500000 1.140537e-03
45.750000 1.254083e-03
46.000000 1.495581e-03
46.250000 1.777046e-03
46.500000 2.034474e-03
46.750000 2.227908e-03
47.000000 2.332829e-03
47.250000 2.335564e-03
47.500000 2.231410e-03
47.750000 2.023983e-03
48.000000 1.725448e-03
48.250000 1.358726e-03
48.500000 9.678096e-04
48.750000 6.646816e-04
49.000000 6.885060e-04
49.250000 1.020474e-03
49.500000 1.430028e-03
49.750000 1.816287e-03
50.000000 2.137125e-03
