-50.000000 6.954916e-04
-49.750000 7.128513e-04
-49.500000 7.319892e-04
-49.250000 7.515389e-04
-49.000000 7.702834e-04
-48.750000 7.871990e-04
-48.500000 8.014751e-04
-48.250000 8.125191e-04
-48.000000 8.199548e-04
-47.750000 8.236181e-04
-47.500000 8.235509e-04
-47.250000 8.199953e-04
-47.000000 8.133862e-04
-46.750000 8.043409e-04
-46.500000 7.936432e-04
-46.250000 7.822176e-04
-46.000000 7.710896e-04
-45.750000 7.613281e-04
-45.500000 7.539684e-04
-45.250000 7.499192e-04
-45.000000 7.498651e-04
-44.750000 7.541819e-04
-44.500000 7.628838e-04
-44.250000 7.756157e-04
-44.000000 7.916906e-04
-43.750000 8.101615e-04
-43.500000 8.299081e-04
-43.250000 8.497224e-04
-43.000000 8.683820e-04
-42.750000 8.847061e-04
-42.500000 8.975956e-04
-42.250000 9.060595e-04
-42.000000 9.092318e-04
-41.750000 9.063819e-04
-41.500000 8.969197e-04
-41.250000 8.803990e-04
-41.000000 8.565184e-04
-40.750000 8.251201e-04
-40.500000 7.861887e-04
-40.250000 7.398484e-04
-40.000000 6.863587e-04
-39.750000 6.261094e-04
-39.500000 5.596147e-04
-39.250000 4.875054e-04
-39.000000 4.105200e-04
-38.750000 3.294952e-04
-38.500000 2.453545e-04
-38.250000 1.590971e-04
-38.000000 7.179839e-05
-37.750000 1.587575e-05
-37.500000 1.017675e-04
-37.250000 1.856068e-04
-37.000000 2.660532e-04
-36.750000 3.420148e-04
-36.500000 4.124691e-04
-36.250000 4.764865e-04
-36.000000 5.332635e-04
-35.750000 5.821623e-04
-35.500000 6.227615e-04
-35.250000 6.549175e-04
-35.000000 6.788447e-04
-34.750000 6.952159e-04
-34.500000 7.052883e-04
-34.250000 7.110475e-04
-34.000000 7.153450e-04
-33.750000 7.219631e-04
-33.500000 7.354932e-04
-33.250000 7.608989e-04
-33.000000 8.027502e-04
-32.750000 8.643684e-04
-32.500000 9.472942e-04
-32.250000 1.051320e-03
-32.000000 1.174945e-03
-31.750000 1.315928e-03
-31.500000 1.471707e-03
-31.250000 1.639644e-03
-31.000000 1.817134e-03
-30.750000 2.001646e-03
-30.500000 2.190721e-03
-30.250000 2.381975e-03
-30.000000 2.573086e-03
-29.750000 2.761803e-03
-29.500000 2.945945e-03
-29.250000 3.123420e-03
-29.000000 3.292234e-03
-28.750000 3.450517e-03
-28.500000 3.596546e-03
-28.250000 3.728772e-03
-28.000000 3.845850e-03
-27.750000 3.946673e-03
-27.500000 4.030412e-03
-27.250000 4.096551e-03
-27.000000 4.144935e-03
-26.750000 4.175821e-03
-26.500000 4.189922e-03
-26.250000 4.188474e-03
-26.000000 4.173288e-03
-25.750000 4.146809e-03
-25.500000 4.112168e-03
-25.250000 4.073209e-03
-25.000000 4.034481e-03
-24.750000 4.001173e-03
-24.500000 3.978950e-03
-24.250000 3.973686e-03
-24.000000 3.991074e-03
-23.750000 4.036153e-03
-23.500000 4.112825e-03
-23.250000 4.223459e-03
-23.000000 4.368680e-03
-22.750000 4.547384e-03
-22.500000 4.756959e-03
-22.250000 4.993620e-03
-22.000000 5.252787e-03
-21.750000 5.529429e-03
-21.500000 5.818331e-03
-21.250000 6.114293e-03
-21.000000 6.412262e-03
-20.750000 6.707412e-03
-20.500000 6.995197e-03
-20.250000 7.271375e-03
-20.000000 7.532031e-03
-19.750000 7.773586e-03
-19.500000 7.992808e-03
-19.250000 8.186822e-03
-19.000000 8.353118e-03
-18.750000 8.489563e-03
-18.500000 8.594414e-03
-18.250000 8.666325e-03
-18.000000 8.704362e-03
-17.750000 8.708014e-03
-17.500000 8.677208e-03
-17.250000 8.612315e-03
-17.000000 8.514167e-03
-16.750000 8.384066e-03
-16.500000 8.223801e-03
-16.250000 8.035655e-03
-16.000000 7.822425e-03
-15.750000 7.587433e-03
-15.500000 7.334543e-03
-15.250000 7.068169e-03
-15.000000 6.793279e-03
-14.750000 6.515388e-03
-14.500000 6.240512e-03
-14.250000 5.975087e-03
-14.000000 5.725808e-03
-13.750000 5.499377e-03
-13.500000 5.302122e-03
-13.250000 5.139518e-03
-13.000000 5.015628e-03
-12.750000 4.932588e-03
-12.500000 4.890255e-03
-12.250000 4.886136e-03
-12.000000 4.915644e-03
-11.750000 4.972600e-03
-11.500000 5.049870e-03
-11.250000 5.139990e-03
-11.000000 5.235672e-03
-10.750000 5.330175e-03
-10.500000 5.417530e-03
-10.250000 5.492660e-03
-10.000000 5.551427e-03
-9.750000 5.590641e-03
-9.500000 5.608043e-03
-9.250000 5.602285e-03
-9.000000 5.572909e-03
-8.750000 5.520330e-03
-8.500000 5.445829e-03
-8.250000 5.351549e-03
-8.000000 5.240488e-03
-7.750000 5.116492e-03
-7.500000 4.984225e-03
-7.250000 4.849106e-03
-7.000000 4.717183e-03
-6.750000 4.594914e-03
-6.500000 4.488828e-03
-6.250000 4.405053e-03
-6.000000 4.348741e-03
-5.750000 4.323464e-03
-5.500000 4.330716e-03
-5.250000 4.369656e-03
-5.000000 4.437151e-03
-4.750000 4.528125e-03
-4.500000 4.636083e-03
-4.250000 4.753685e-03
-4.000000 4.873262e-03
-3.750000 4.987218e-03
-3.500000 5.088300e-03
-3.250000 5.169770e-03
-3.000000 5.225496e-03
-2.750000 5.249999e-03
-2.500000 5.238467e-03
-2.250000 5.186758e-03
-2.000000 5.091399e-03
-1.750000 4.949583e-03
-1.500000 4.759174e-03
-1.250000 4.518720e-03
-1.000000 4.227492e-03
-0.750000 3.885557e-03
-0.500000 3.493931e-03
-0.250000 3.054929e-03
0.000000 2.573004e-03
0.250000 2.057076e-03
0.500000 1.528276e-03
0.750000 1.051516e-03
1.000000 8.445519e-04
1.250000 1.150105e-03
1.500000 1.756606e-03
1.750000 2.476946e-03
2.000000 3.252876e-03
2.250000 4.062616e-03
2.500000 4.894398e-03
2.750000 5.739797e-03
3.000000 6.591687e-03
3.250000 7.443513e-03
3.500000 8.289013e-03
3.750000 9.122105e-03
4.000000 9.936855e-03
4.250000 1.072748e-02
4.500000 1.148838e-02
4.750000 1.221414e-02
5.000000 1.289961e-02
5.250000 1.353990e-02
5.500000 1.413042e-02
5.750000 1.466697e-02
6.000000 1.514570e-02
6.250000 1.556319e-02
6.500000 1.591644e-02
6.750000 1.620297e-02
7.000000 1.642075e-02
7.250000 1.656828e-02
7.500000 1.664459e-02
7.750000 1.664927e-02
8.000000 1.658244e-02
8.250000 1.644479e-02
8.500000 1.623759e-02
8.750000 1.596266e-02
9.000000 1.562240e-02
9.250000 1.521979e-02
9.500000 1.475837e-02
9.750000 1.424226e-02
10.000000 1.367619e-02
10.250000 1.306549e-02
10.500000 1.241614e-02
10.750000 1.173484e-02
11.000000 1.102908e-02
11.250000 1.030729e-02
11.500000 9.578986e-03
11.750000 8.855107e-03
12.000000 8.148295e-03
12.250000 7.473324e-03
12.500000 6.847469e-03
12.750000 6.290604e-03
13.000000 5.824524e-03
13.250000 5.470805e-03
13.500000 5.246730e-03
13.750000 5.160143e-03
14.000000 5.205856e-03
14.250000 5.366275e-03
14.500000 5.616048e-03
14.750000 5.927796e-03
15.000000 6.276239e-03
15.250000 6.640071e-03
15.500000 7.002236e-03
15.750000 7.349460e-03
16.000000 7.671579e-03
16.250000 7.960907e-03
16.500000 8.211724e-03
16.750000 8.419883e-03
17.000000 8.582519e-03
17.250000 8.697832e-03
17.500000 8.764925e-03
17.750000 8.783678e-03
18.000000 8.754652e-03
18.250000 8.679008e-03
18.500000 8.558441e-03
18.750000 8.395122e-03
19.000000 8.191650e-03
19.250000 7.950998e-03
19.500000 7.676478e-03
19.750000 7.371697e-03
20.000000 7.040518e-03
20.250000 6.687035e-03
20.500000 6.315534e-03
20.750000 5.930475e-03
21.000000 5.536471e-03
21.250000 5.138280e-03
21.500000 4.740797e-03
21.750000 4.349072e-03
22.000000 3.968318e-03
22.250000 3.603934e-03
22.500000 3.261517e-03
22.750000 2.946819e-03
23.000000 2.665604e-03
23.250000 2.423304e-03
23.500000 2.224364e-03
23.750000 2.071294e-03
24.000000 1.963656e-03
24.250000 1.897499e-03
24.500000 1.865719e-03
24.750000 1.859333e-03
25.000000 1.869078e-03
25.250000 1.886707e-03
25.500000 1.905708e-03
25.750000 1.921530e-03
26.000000 1.931516e-03
26.250000 1.934734e-03
26.500000 1.931776e-03
26.750000 1.924586e-03
27.000000 1.916268e-03
27.250000 1.910864e-03
27.500000 1.913036e-03
27.750000 1.927625e-03
28.000000 1.959088e-03
28.250000 2.010902e-03
28.500000 2.085085e-03
28.750000 2.181970e-03
29.000000 2.300285e-03
29.250000 2.437476e-03
29.500000 2.590128e-03
29.750000 2.754376e-03
30.000000 2.926216e-03
30.250000 3.101723e-03
30.500000 3.277175e-03
30.750000 3.449125e-03
31.000000 3.614430e-03
31.250000 3.770262e-03
31.500000 3.914110e-03
31.750000 4.043771e-03
32.000000 4.157350e-03
32.250000 4.253247e-03
32.500000 4.330155e-03
32.750000 4.387050e-03
33.000000 4.423185e-03
33.250000 4.438086e-03
33.500000 4.431538e-03
33.750000 4.403580e-03
34.000000 4.354498e-03
34.250000 4.284809e-03
34.500000 4.195258e-03
34.750000 4.086799e-03
35.000000 3.960592e-03
35.250000 3.817987e-03
35.500000 3.660520e-03
35.750000 3.489901e-03
36.000000 3.308015e-03
36.250000 3.116920e-03
36.500000 2.918860e-03
36.750000 2.716280e-03
37.000000 2.511861e-03
37.250000 2.308577e-03
37.500000 2.109763e-03
37.750000 1.919221e-03
38.000000 1.741321e-03
38.250000 1.581075e-03
38.500000 1.444047e-03
38.750000 1.335921e-03
39.000000 1.261526e-03
39.250000 1.223399e-03
39.500000 1.220563e-03
39.750000 1.248442e-03
40.000000 1.300102e-03
40.250000 1.367978e-03
40.500000 1.445173e-03
40.750000 1.526024e-03
41.000000 1.606170e-03
41.250000 1.682377e-03
41.500000 1.752316e-03
41.750000 1.814356e-03
42.000000 1.867403e-03
42.250000 1.910779e-03
42.500000 1.944128e-03
42.750000 1.967349e-03
43.000000 1.980540e-03
43.250000 1.983964e-03
43.500000 1.978009e-03
43.750000 1.963168e-03
44.000000 1.940013e-03
44.250000 1.909182e-03
44.500000 1.871361e-03
44.750000 1.827276e-03
45.000000 1.777687e-03
45.250000 1.723381e-03
45.500000 1.665175e-03
45.750000 1.603917e-03
46.000000 1.540499e-03
46.250000 1.475861e-03
46.500000 1.411015e-03
46.750000 1.347055e-03
47.000000 1.285177e-03
47.250000 1.226692e-03
47.500000 1.173022e-03
47.750000 1.125679e-03
48.000000 1.086204e-03
48.250000 1.056064e-03
48.500000 1.036514e-03
48.750000 1.028429e-03
49.000000 1.032168e-03
49.250000 1.047500e-03
49.500000 1.073627e-03
49.750000 1.109293e-03
50.000000 1.152935e-03
