-50.000000 6.583250e-04
-49.750000 6.990702e-04
-49.500000 7.642074e-04
-49.250000 8.492588e-04
-49.000000 9.485702e-04
-48.750000 1.055806e-03
-48.500000 1.164255e-03
-48.250000 1.267105e-03
-48.000000 1.357756e-03
-47.750000 1.430173e-03
-47.500000 1.479250e-03
-47.250000 1.501135e-03
-47.000000 1.493516e-03
-46.750000 1.455814e-03
-46.500000 1.389300e-03
-46.250000 1.297130e-03
-46.000000 1.184313e-03
-45.750000 1.057651e-03
-45.500000 9.256640e-04
-45.250000 7.985004e-04
-45.000000 6.875562e-04
-44.750000 6.039769e-04
-44.500000 5.548683e-04
-44.250000 5.385262e-04
-44.000000 5.442785e-04
-43.750000 5.585142e-04
-43.500000 5.705122e-04
-43.250000 5.743405e-04
-43.000000 5.683523e-04
-42.750000 5.540905e-04
-42.500000 5.351730e-04
-42.250000 5.161336e-04
-42.000000 5.011290e-04
-41.750000 4.926850e-04
-41.500000 4.909833e-04
-41.250000 4.941362e-04
-41.000000 4.992693e-04
-40.750000 5.037315e-04
-40.500000 5.058682e-04
-40.250000 5.052078e-04
-40.000000 5.021616e-04
-39.750000 4.974202e-04
-39.500000 4.912747e-04
-39.250000 4.831441e-04
-39.000000 4.715611e-04
-38.750000 4.547366e-04
-38.500000 4.317103e-04
-38.250000 4.041470e-04
-38.000000 3.789441e-04
-37.750000 3.707568e-04
-37.500000 3.991454e-04
-37.250000 4.758096e-04
-37.000000 5.971612e-04
-36.750000 7.522224e-04
-36.500000 9.301897e-04
-36.250000 1.122021e-03
-36.000000 1.320018e-03
-35.750000 1.517405e-03
-35.500000 1.708151e-03
-35.250000 1.886939e-03
-35.000000 2.049203e-03
-34.750000 2.191170e-03
-34.500000 2.309925e-03
-34.250000 2.403484e-03
-34.000000 2.470916e-03
-33.750000 2.512514e-03
-33.500000 2.530049e-03
-33.250000 2.527068e-03
-33.000000 2.509184e-03
-32.750000 2.484218e-03
-32.500000 2.461951e-03
-32.250000 2.453204e-03
-32.000000 2.468047e-03
-31.750000 2.513378e-03
-31.500000 2.590702e-03
-31.250000 2.695135e-03
-31.000000 2.816093e-03
-30.750000 2.939175e-03
-30.500000 3.048358e-03
-30.250000 3.127893e-03
-30.000000 3.163709e-03
-29.750000 3.144396e-03
-29.500000 3.061885e-03
-29.250000 2.911896e-03
-29.000000 2.694200e-03
-28.750000 2.412696e-03
-28.500000 2.075296e-03
-28.250000 1.693648e-03
-28.000000 1.282744e-03
-27.750000 8.607189e-04
-27.500000 4.510701e-04
-27.250000 1.416590e-04
-27.000000 3.456066e-04
-26.750000 6.230812e-04
-26.500000 8.340709e-04
-26.250000 9.605312e-04
-26.000000 9.943680e-04
-25.750000 9.339773e-04
-25.500000 7.857461e-04
-25.250000 5.719588e-04
-25.000000 3.781979e-04
-24.750000 4.631005e-04
-24.500000 8.150420e-04
-24.250000 1.248117e-03
-24.000000 1.697527e-03
-23.750000 2.130173e-03
-23.500000 2.520736e-03
-23.250000 2.848130e-03
-23.000000 3.095379e-03
-22.750000 3.250146e-03
-22.500000 3.305312e-03
-22.250000 3.259403e-03
-22.000000 3.116816e-03
-21.750000 2.887865e-03
-21.500000 2.588731e-03
-21.250000 2.241548e-03
-21.000000 1.875026e-03
-20.750000 1.526189e-03
-20.500000 1.242487e-03
-20.250000 1.075188e-03
-20.000000 1.044718e-03
-19.750000 1.108398e-03
-19.500000 1.196397e-03
-19.250000 1.257770e-03
-19.000000 1.267359e-03
-18.750000 1.219261e-03
-18.500000 1.122826e-03
-18.250000 1.002746e-03
-18.000000 9.011386e-04
-17.750000 8.706052e-04
-17.500000 9.399778e-04
-17.250000 1.085671e-03
-17.000000 1.258179e-03
-16.750000 1.414331e-03
-16.500000 1.524175e-03
-16.250000 1.568937e-03
-16.000000 1.539445e-03
-15.750000 1.436322e-03
-15.500000 1.272504e-03
-15.250000 1.080549e-03
-15.000000 9.282890e-04
-14.750000 9.201790e-04
-14.500000 1.106938e-03
-14.250000 1.425337e-03
-14.000000 1.794019e-03
-13.750000 2.159181e-03
-13.500000 2.486333e-03
-13.250000 2.752039e-03
-13.000000 2.940705e-03
-12.750000 3.043589e-03
-12.500000 3.058551e-03
-12.250000 2.989960e-03
-12.000000 2.848543e-03
-11.750000 2.651143e-03
-11.500000 2.420363e-03
-11.250000 2.183948e-03
-11.000000 1.973280e-03
-10.750000 1.819418e-03
-10.500000 1.745388e-03
-10.250000 1.758030e-03
-10.000000 1.848234e-03
-9.750000 2.001380e-03
-9.500000 2.207838e-03
-9.250000 2.465845e-03
-9.000000 2.777967e-03
-8.750000 3.145489e-03
-8.500000 3.564055e-03
-8.250000 4.021939e-03
-8.000000 4.500613e-03
-7.750000 4.976572e-03
-7.500000 5.423522e-03
-7.250000 5.814468e-03
-7.000000 6.123547e-03
-6.750000 6.327567e-03
-6.500000 6.407272e-03
-6.250000 6.348332e-03
-6.000000 6.142048e-03
-5.750000 5.785800e-03
-5.500000 5.283248e-03
-5.250000 4.644379e-03
-5.000000 3.885609e-03
-4.750000 3.030670e-03
-4.500000 2.115559e-03
-4.250000 1.220383e-03
-4.000000 7.456285e-04
-3.750000 1.332057e-03
-3.500000 2.236161e-03
-3.250000 3.140839e-03
-3.000000 3.977321e-03
-2.750000 4.711903e-03
-2.500000 5.321684e-03
-2.250000 5.790607e-03
-2.000000 6.108830e-03
-1.750000 6.272869e-03
-1.500000 6.285950e-03
-1.250000 6.158431e-03
-1.000000 5.908283e-03
-0.750000 5.561605e-03
-0.500000 5.153131e-03
-0.250000 4.726278e-03
0.000000 4.331495e-03
0.250000 4.020226e-03
0.500000 3.831850e-03
0.750000 3.776998e-03
1.000000 3.830369e-03
1.250000 3.942040e-03
1.500000 4.057953e-03
1.750000 4.135652e-03
2.000000 4.152242e-03
2.250000 4.108468e-03
2.500000 4.032029e-03
2.750000 3.979297e-03
3.000000 4.028673e-03
3.250000 4.256035e-03
3.500000 4.698729e-03
3.750000 5.338865e-03
4.000000 6.119358e-03
4.250000 6.969328e-03
4.500000 7.819450e-03
4.750000 8.607665e-03
5.000000 9.280847e-03
5.250000 9.795582e-03
5.500000 1.011903e-02
5.750000 1.023007e-02
6.000000 1.012057e-02
6.250000 9.797121e-03
6.500000 9.283112e-03
6.750000 8.621941e-03
7.000000 7.881683e-03
7.250000 7.160778e-03
7.500000 6.589174e-03
7.750000 6.308177e-03
8.000000 6.412716e-03
8.250000 6.891880e-03
8.500000 7.640470e-03
8.750000 8.524516e-03
9.000000 9.427783e-03
9.250000 1.026379e-02
9.500000 1.097279e-02
9.750000 1.151641e-02
10.000000 1.187345e-02
10.250000 1.203679e-02
10.500000 1.201106e-02
10.750000 1.181047e-02
11.000000 1.145681e-02
11.250000 1.097727e-02
11.500000 1.040228e-02
11.750000 9.763418e-03
12.000000 9.091292e-03
12.250000 8.413886e-03
12.500000 7.755328e-03
12.750000 7.135431e-03
13.000000 6.570131e-03
13.250000 6.072793e-03
13.500000 5.655992e-03
13.750000 5.332964e-03
14.000000 5.117539e-03
14.250000 5.021678e-03
14.500000 5.051064e-03
14.750000 5.201094e-03
15.000000 5.455985e-03
15.250000 5.791532e-03
15.500000 6.179563e-03
15.750000 6.591854e-03
16.000000 7.002562e-03
16.250000 7.389374e-03
16.500000 7.733830e-03
16.750000 8.021241e-03
17.000000 8.240421e-03
17.250000 8.383368e-03
17.500000 8.444962e-03
17.750000 8.422725e-03
18.000000 8.316688e-03
18.250000 8.129362e-03
18.500000 7.865836e-03
18.750000 7.533980e-03
19.000000 7.144717e-03
19.250000 6.712343e-03
19.500000 6.254786e-03
19.750000 5.793678e-03
20.000000 5.353928e-03
20.250000 4.962276e-03
20.500000 4.644164e-03
20.750000 4.418652e-03
21.000000 4.292685e-03
21.250000 4.257869e-03
21.500000 4.292473e-03
21.750000 4.367779e-03
22.000000 4.455066e-03
22.250000 4.530378e-03
22.500000 4.576563e-03
22.750000 4.583475e-03
23.000000 4.547245e-03
23.250000 4.469177e-03
23.500000 4.354530e-03
23.750000 4.211270e-03
24.000000 4.048848e-03
24.250000 3.877044e-03
24.500000 3.704938e-03
24.750000 3.540091e-03
25.000000 3.388020e-03
25.250000 3.251993e-03
25.500000 3.133149e-03
25.750000 3.030809e-03
26.000000 2.942855e-03
26.250000 2.866032e-03
26.500000 2.796144e-03
26.750000 2.728179e-03
27.000000 2.656470e-03
27.250000 2.574981e-03
27.500000 2.477749e-03
27.750000 2.359467e-03
28.000000 2.216129e-03
28.250000 2.045678e-03
28.500000 1.848615e-03
28.750000 1.628626e-03
29.000000 1.393393e-03
29.250000 1.156064e-03
29.500000 9.381923e-04
29.750000 7.738792e-04
30.000000 7.047226e-04
30.250000 7.443668e-04
30.500000 8.552473e-04
30.750000 9.876442e-04
31.000000 1.108469e-03
31.250000 1.199927e-03
31.500000 1.253728e-03
31.750000 1.267853e-03
32.000000 1.245017e-03
32.250000 1.191842e-03
32.500000 1.118164e-03
32.750000 1.036136e-03
33.000000 9.586710e-04
33.250000 8.968274e-04
33.500000 8.564799e-04
33.750000 8.362312e-04
34.000000 8.288372e-04
34.250000 8.257140e-04
34.500000 8.217377e-04
34.750000 8.184196e-04
35.000000 8.248955e-04
35.250000 8.557343e-04
35.500000 9.245278e-04
35.750000 1.036227e-03
36.000000 1.184701e-03
36.250000 1.356489e-03
36.500000 1.535698e-03
36.750000 1.706953e-03
37.000000 1.856695e-03
37.250000 1.973738e-03
37.500000 2.049583e-03
37.750000 2.078619e-03
38.000000 2.058232e-03
38.250000 1.988791e-03
38.500000 1.873515e-03
38.750000 1.718190e-03
39.000000 1.530775e-03
39.250000 1.320891e-03
39.500000 1.099241e-03
39.750000 8.769896e-04
40.000000 6.651730e-04
40.250000 4.742287e-04
40.500000 3.139285e-04
40.750000 1.944877e-04
41.000000 1.289974e-04
41.250000 1.210062e-04
41.500000 1.450464e-04
41.750000 1.881882e-04
42.000000 2.561723e-04
42.250000 3.514205e-04
42.500000 4.686127e-04
42.750000 5.986858e-04
43.000000 7.315996e-04
43.250000 8.575058e-04
43.500000 9.673643e-04
43.750000 1.053398e-03
44.000000 1.109458e-03
44.250000 1.131300e-03
44.500000 1.116759e-03
44.750000 1.065806e-03
45.000000 9.805063e-04
45.250000 8.648882e-04
45.500000 7.247738e-04
45.750000 5.677307e-04
46.000000 4.037201e-04
46.250000 2.496122e-04
46.500000 1.568859e-04
46.750000 2.098070e-04
47.000000 3.267288e-04
47.250000 4.414455e-04
47.500000 5.390070e-04
47.750000 6.163023e-04
48.000000 6.750075e-04
48.250000 7.202219e-04
48.500000 7.597089e-04
48.750000 8.025908e-04
49.000000 8.571864e-04
49.250000 9.285775e-04
49.500000 1.017184e-03
49.750000 1.119100e-03
50.000000 1.227630e-03
