-50.000000 9.102463e-04
-49.750000 8.176123e-04
-49.500000 7.098158e-04
-49.250000 5.905740e-04
-49.000000 4.641970e-04
-48.750000 3.362166e-04
-48.500000 2.169309e-04
-48.250000 1.403747e-04
-48.000000 1.735921e-04
-47.750000 2.737936e-04
-47.500000 3.855771e-04
-47.250000 4.938303e-04
-47.000000 5.929029e-04
-46.750000 6.792175e-04
-46.500000 7.498290e-04
-46.250000 8.021663e-04
-46.000000 8.341010e-04
-45.750000 8.441221e-04
-45.500000 8.315243e-04
-45.250000 7.965592e-04
-45.000000 7.405197e-04
-44.750000 6.657438e-04
-44.500000 5.755462e-04
-44.250000 4.741139e-04
-44.000000 3.664906e-04
-43.750000 2.590958e-04
-43.500000 1.629982e-04
-43.250000 1.100220e-04
-43.000000 1.418293e-04
-42.750000 2.122237e-04
-42.500000 2.838975e-04
-42.250000 3.475369e-04
-42.000000 4.005329e-04
-41.750000 4.420373e-04
-41.500000 4.717383e-04
-41.250000 4.895066e-04
-41.000000 4.954602e-04
-40.750000 4.903825e-04
-40.500000 4.765011e-04
-40.250000 4.585932e-04
-40.000000 4.450700e-04
-39.750000 4.476796e-04
-39.500000 4.775958e-04
-39.250000 5.390974e-04
-39.000000 6.275577e-04
-38.750000 7.333460e-04
-38.500000 8.460065e-04
-38.250000 9.561135e-04
-38.000000 1.055801e-03
-37.750000 1.138981e-03
-37.500000 1.201579e-03
-37.250000 1.241822e-03
-37.000000 1.260541e-03
-36.750000 1.261431e-03
-36.500000 1.251167e-03
-36.250000 1.239181e-03
-36.000000 1.236738e-03
-35.750000 1.254987e-03
-35.500000 1.302231e-03
-35.250000 1.381645e-03
-35.000000 1.490894e-03
-34.750000 1.623642e-03
-34.500000 1.771657e-03
-34.250000 1.926324e-03
-34.000000 2.079313e-03
-33.750000 2.222687e-03
-33.500000 2.348805e-03
-33.250000 2.450233e-03
-33.000000 2.519804e-03
-32.750000 2.550851e-03
-32.500000 2.537597e-03
-32.250000 2.475673e-03
-32.000000 2.362691e-03
-31.750000 2.198867e-03
-31.500000 1.987681e-03
-31.250000 1.736731e-03
-31.000000 1.459213e-03
-30.750000 1.177252e-03
-30.500000 9.296169e-04
-30.250000 7.816748e-04
-30.000000 7.959656e-04
-29.750000 9.474208e-04
-29.500000 1.154830e-03
-29.250000 1.360006e-03
-29.000000 1.532335e-03
-28.750000 1.656388e-03
-28.500000 1.725647e-03
-28.250000 1.740006e-03
-28.000000 1.704639e-03
-27.750000 1.629227e-03
-27.500000 1.527062e-03
-27.250000 1.413692e-03
-27.000000 1.304681e-03
-26.750000 1.212293e-03
-26.500000 1.141768e-03
-26.250000 1.089374e-03
-26.000000 1.044189e-03
-25.750000 9.928002e-04
-25.500000 9.240007e-04
-25.250000 8.316929e-04
-25.000000 7.162503e-04
-24.750000 5.856840e-04
-24.500000 4.587141e-04
-24.250000 3.711518e-04
-24.000000 3.660906e-04
-23.750000 4.375797e-04
-23.500000 5.363809e-04
-23.250000 6.263459e-04
-23.000000 6.899961e-04
-22.750000 7.210551e-04
-22.500000 7.214237e-04
-22.250000 7.007150e-04
-22.000000 6.761591e-04
-21.750000 6.699464e-04
-21.500000 7.004592e-04
-21.250000 7.713679e-04
-21.000000 8.713451e-04
-20.750000 9.842375e-04
-20.500000 1.097812e-03
-20.250000 1.207404e-03
-20.000000 1.316625e-03
-19.750000 1.436171e-03
-19.500000 1.580337e-03
-19.250000 1.761560e-03
-19.000000 1.985216e-03
-18.750000 2.247432e-03
-18.500000 2.536425e-03
-18.250000 2.835626e-03
-18.000000 3.126834e-03
-17.750000 3.392712e-03
-17.500000 3.618622e-03
-17.250000 3.793975e-03
-17.000000 3.913189e-03
-16.750000 3.976253e-03
-16.500000 3.988853e-03
-16.250000 3.961936e-03
-16.000000 3.910547e-03
-15.750000 3.851831e-03
-15.500000 3.802196e-03
-15.250000 3.774122e-03
-15.000000 3.773540e-03
-14.750000 3.798878e-03
-14.500000 3.842221e-03
-14.250000 3.891989e-03
-14.000000 3.935924e-03
-13.750000 3.963373e-03
-13.500000 3.966434e-03
-13.250000 3.940062e-03
-13.000000 3.881449e-03
-12.750000 3.789063e-03
-12.500000 3.661724e-03
-12.250000 3.498046e-03
-12.000000 3.296459e-03
-11.750000 3.055931e-03
-11.500000 2.777433e-03
-11.250000 2.466234e-03
-11.000000 2.135479e-03
-10.750000 1.812104e-03
-10.500000 1.545703e-03
-10.250000 1.410663e-03
-10.000000 1.466545e-03
-9.750000 1.693391e-03
-9.500000 2.014607e-03
-9.250000 2.360081e-03
-9.000000 2.682579e-03
-8.750000 2.951843e-03
-8.500000 3.149136e-03
-8.250000 3.264741e-03
-8.000000 3.297083e-03
-7.750000 3.252547e-03
-7.500000 3.145582e-03
-7.250000 2.998850e-03
-7.000000 2.842947e-03
-6.750000 2.714510e-03
-6.500000 2.650596e-03
-6.250000 2.678466e-03
-6.000000 2.805669e-03
-5.750000 3.018955e-03
-5.500000 3.292838e-03
-5.250000 3.599491e-03
-5.000000 3.914058e-03
-4.750000 4.215706e-03
-4.500000 4.486773e-03
-4.250000 4.711659e-03
-4.000000 4.876184e-03
-3.750000 4.967621e-03
-3.500000 4.975405e-03
-3.250000 4.892398e-03
-3.000000 4.716623e-03
-2.750000 4.453427e-03
-2.500000 4.118207e-03
-2.250000 3.739991e-03
-2.000000 3.365789e-03
-1.750000 3.063074e-03
-1.500000 2.910053e-03
-1.250000 2.960600e-03
-1.000000 3.205156e-03
-0.750000 3.578927e-03
-0.500000 4.004379e-03
-0.250000 4.418280e-03
0.000000 4.777129e-03
0.250000 5.054936e-03
0.500000 5.240380e-03
0.750000 5.334587e-03
1.000000 5.349236e-03
1.250000 5.304583e-03
1.500000 5.227241e-03
1.750000 5.147791e-03
2.000000 5.098524e-03
2.250000 5.111711e-03
2.500000 5.218536e-03
2.750000 5.448171e-03
3.000000 5.825970e-03
3.250000 6.370243e-03
3.500000 7.088421e-03
3.750000 7.974249e-03
4.000000 9.007031e-03
4.250000 1.015274e-02
4.500000 1.136630e-02
4.750000 1.259442e-02
5.000000 1.377874e-02
5.250000 1.485911e-02
5.500000 1.577700e-02
5.750000 1.647873e-02
6.000000 1.691860e-02
6.250000 1.706153e-02
6.500000 1.688524e-02
6.750000 1.638169e-02
7.000000 1.555773e-02
7.250000 1.443502e-02
7.500000 1.304904e-02
7.750000 1.144741e-02
8.000000 9.687619e-03
8.250000 7.834378e-03
8.500000 5.957145e-03
8.750000 4.129481e-03
9.000000 2.438761e-03
9.250000 1.093763e-03
9.500000 1.111397e-03
9.750000 2.058412e-03
10.000000 2.904024e-03
10.250000 3.518132e-03
10.500000 3.886870e-03
10.750000 4.024733e-03
11.000000 3.962214e-03
11.250000 3.741443e-03
11.500000 3.413026e-03
11.750000 3.032601e-03
12.000000 2.655863e-03
12.250000 2.330056e-03
12.500000 2.080985e-03
12.750000 1.901569e-03
13.000000 1.754861e-03
13.250000 1.593325e-03
13.500000 1.378777e-03
13.750000 1.092684e-03
14.000000 7.436517e-04
14.250000 4.198607e-04
14.500000 5.102938e-04
14.750000 9.681900e-04
15.000000 1.493184e-03
15.250000 2.008474e-03
15.500000 2.477586e-03
15.750000 2.874831e-03
16.000000 3.181985e-03
16.250000 3.388117e-03
16.500000 3.489633e-03
16.750000 3.489975e-03
17.000000 3.398838e-03
17.250000 3.230915e-03
17.500000 3.004201e-03
17.750000 2.737948e-03
18.000000 2.450422e-03
18.250000 2.156715e-03
18.500000 1.867046e-03
18.750000 1.586184e-03
19.000000 1.314651e-03
19.250000 1.052401e-03
19.500000 8.064586e-04
19.750000 6.079908e-04
20.000000 5.373725e-04
20.250000 6.549477e-04
20.500000 8.913203e-04
20.750000 1.166537e-03
21.000000 1.438919e-03
21.250000 1.684495e-03
21.500000 1.886898e-03
21.750000 2.034646e-03
22.000000 2.120594e-03
22.250000 2.141869e-03
22.500000 2.099774e-03
22.750000 1.999508e-03
23.000000 1.849690e-03
23.250000 1.661771e-03
23.500000 1.449441e-03
23.750000 1.228283e-03
24.000000 1.015968e-03
24.250000 8.331996e-04
24.500000 7.040030e-04
24.750000 6.490599e-04
25.000000 6.687921e-04
25.250000 7.397028e-04
25.500000 8.342263e-04
25.750000 9.336536e-04
26.000000 1.027343e-03
26.250000 1.109034e-03
26.500000 1.174544e-03
26.750000 1.220890e-03
27.000000 1.246269e-03
27.250000 1.250446e-03
27.500000 1.235200e-03
27.750000 1.204574e-03
28.000000 1.164707e-03
28.250000 1.122979e-03
28.500000 1.086367e-03
28.750000 1.059265e-03
29.000000 1.041691e-03
29.250000 1.029052e-03
29.500000 1.013840e-03
29.750000 9.884730e-04
30.000000 9.482582e-04
30.250000 8.941135e-04
30.500000 8.352059e-04
30.750000 7.909233e-04
31.000000 7.881476e-04
31.250000 8.477779e-04
31.500000 9.691294e-04
31.750000 1.132447e-03
32.000000 1.312756e-03
32.250000 1.487872e-03
32.500000 1.640077e-03
32.750000 1.755940e-03
33.000000 1.826062e-03
33.250000 1.844993e-03
33.500000 1.811198e-03
33.750000 1.726980e-03
34.000000 1.598316e-03
34.250000 1.434618e-03
34.500000 1.248509e-03
34.750000 1.055722e-03
35.000000 8.751591e-04
35.250000 7.283363e-04
35.500000 6.349101e-04
35.750000 6.006174e-04
36.000000 6.086631e-04
36.250000 6.314437e-04
36.500000 6.474067e-04
36.750000 6.461403e-04
37.000000 6.267527e-04
37.250000 5.956413e-04
37.500000 5.645170e-04
37.750000 5.471406e-04
38.000000 5.533014e-04
38.250000 5.828832e-04
38.500000 6.262275e-04
38.750000 6.700764e-04
39.000000 7.027005e-04
39.250000 7.159561e-04
39.500000 7.056287e-04
39.750000 6.713138e-04
40.000000 6.163555e-04
40.250000 5.480758e-04
40.500000 4.784051e-04
40.750000 4.241667e-04
41.000000 4.031827e-04
41.250000 4.224199e-04
41.500000 4.710485e-04
41.750000 5.307475e-04
42.000000 5.865903e-04
42.250000 6.293318e-04
42.500000 6.543458e-04
42.750000 6.604887e-04
43.000000 6.493270e-04
43.250000 6.245332e-04
43.500000 5.912480e-04
43.750000 5.552256e-04
44.000000 5.216456e-04
44.250000 4.936996e-04
44.500000 4.715100e-04
44.750000 4.521383e-04
45.000000 4.308539e-04
45.250000 4.029742e-04
45.500000 3.655463e-04
45.750000 3.188851e-04
46.000000 2.689047e-04
46.250000 2.315546e-04
46.500000 2.332122e-04
46.750000 2.862316e-04
47.000000 3.742510e-04
47.250000 4.771683e-04
47.500000 5.815904e-04
47.750000 6.784446e-04
48.000000 7.609604e-04
48.250000 8.239404e-04
48.500000 8.635862e-04
48.750000 8.775123e-04
49.000000 8.647953e-04
49.250000 8.259977e-04
49.500000 7.631385e-04
49.750000 6.796022e-04
50.000000 5.800010e-04
