-50.000000 1.783317e-03
-49.750000 1.727413e-03
-49.500000 1.636700e-03
-49.250000 1.513623e-03
-49.000000 1.361619e-03
-48.750000 1.185110e-03
-48.500000 9.895831e-04
-48.250000 7.819458e-04
-48.000000 5.719019e-04
-47.750000 3.778477e-04
-47.500000 2.532254e-04
-47.250000 2.922171e-04
-47.000000 4.363265e-04
-46.750000 5.953801e-04
-46.500000 7.399944e-04
-46.250000 8.589124e-04
-46.000000 9.459425e-04
-45.750000 9.971370e-04
-45.500000 1.010068e-03
-45.250000 9.836386e-04
-45.000000 9.180775e-04
-44.750000 8.150882e-04
-44.500000 6.783383e-04
-44.250000 5.152396e-04
-44.000000 3.452708e-04
-43.750000 2.442283e-04
-43.500000 3.467634e-04
-43.250000 5.707440e-04
-43.000000 8.300814e-04
-42.750000 1.099577e-03
-42.500000 1.367552e-03
-42.250000 1.625697e-03
-42.000000 1.867049e-03
-41.750000 2.085535e-03
-41.500000 2.275917e-03
-41.250000 2.433844e-03
-41.000000 2.555945e-03
-40.750000 2.639916e-03
-40.500000 2.684603e-03
-40.250000 2.690068e-03
-40.000000 2.657641e-03
-39.750000 2.589960e-03
-39.500000 2.491003e-03
-39.250000 2.366121e-03
-39.000000 2.222069e-03
-38.750000 2.067035e-03
-38.500000 1.910603e-03
-38.250000 1.763525e-03
-38.000000 1.637045e-03
-37.750000 1.541411e-03
-37.500000 1.483557e-03
-37.250000 1.464791e-03
-37.000000 1.480119e-03
-36.750000 1.519991e-03
-36.500000 1.573356e-03
-36.250000 1.630270e-03
-36.000000 1.683311e-03
-35.750000 1.728018e-03
-35.500000 1.762815e-03
-35.250000 1.788705e-03
-35.000000 1.808825e-03
-34.750000 1.827829e-03
-34.500000 1.851056e-03
-34.250000 1.883492e-03
-34.000000 1.928675e-03
-33.750000 1.987804e-03
-33.500000 2.059346e-03
-33.250000 2.139215e-03
-33.000000 2.221408e-03
-32.750000 2.298825e-03
-32.500000 2.364063e-03
-32.250000 2.410051e-03
-32.000000 2.430520e-03
-31.750000 2.420337e-03
-31.500000 2.375732e-03
-31.250000 2.294461e-03
-31.000000 2.175928e-03
-30.750000 2.021294e-03
-30.500000 1.833611e-03
-30.250000 1.618041e-03
-30.000000 1.382339e-03
-29.750000 1.138017e-03
-29.500000 9.031987e-04
-29.250000 7.089870e-04
-29.000000 6.049100e-04
-28.750000 6.277029e-04
-28.500000 7.445635e-04
-28.250000 8.926787e-04
-28.000000 1.029592e-03
-27.750000 1.131224e-03
-27.500000 1.182633e-03
-27.250000 1.173644e-03
-27.000000 1.097208e-03
-26.750000 9.489136e-04
-26.500000 7.272311e-04
-26.250000 4.361716e-04
-26.000000 1.434323e-04
-25.750000 4.259232e-04
-25.500000 9.198533e-04
-25.250000 1.477373e-03
-25.000000 2.081813e-03
-24.750000 2.720019e-03
-24.500000 3.378180e-03
-24.250000 4.041479e-03
-24.000000 4.694258e-03
-23.750000 5.320313e-03
-23.500000 5.903245e-03
-23.250000 6.426843e-03
-23.000000 6.875488e-03
-22.750000 7.234549e-03
-22.500000 7.490791e-03
-22.250000 7.632761e-03
-22.000000 7.651159e-03
-21.750000 7.539193e-03
-21.500000 7.292914e-03
-21.250000 6.911568e-03
-21.000000 6.397999e-03
-20.750000 5.759263e-03
-20.500000 5.007795e-03
-20.250000 4.164219e-03
-20.000000 3.265393e-03
-19.750000 2.391639e-03
-19.500000 1.760835e-03
-19.250000 1.803101e-03
-19.000000 2.535759e-03
-18.750000 3.559929e-03
-18.500000 4.666458e-03
-18.250000 5.770147e-03
-18.000000 6.824021e-03
-17.750000 7.794449e-03
-17.500000 8.654012e-03
-17.250000 9.379304e-03
-17.000000 9.950328e-03
-16.750000 1.035045e-02
-16.500000 1.056657e-02
-16.250000 1.058934e-02
-16.000000 1.041339e-02
-15.750000 1.003755e-02
-15.500000 9.465002e-03
-15.250000 8.703494e-03
-15.000000 7.765607e-03
-14.750000 6.669448e-03
-14.500000 5.440591e-03
-14.250000 4.118626e-03
-14.000000 2.784795e-03
-13.750000 1.716115e-03
-13.500000 1.789939e-03
-13.250000 2.973723e-03
-13.000000 4.447489e-03
-12.750000 5.961165e-03
-12.500000 7.433686e-03
-12.250000 8.819981e-03
-12.000000 1.008686e-02
-11.750000 1.120741e-02
-11.500000 1.215962e-02
-11.250000 1.292612e-02
-11.000000 1.349438e-02
-10.750000 1.385697e-02
-10.500000 1.401195e-02
-10.250000 1.396313e-02
-10.000000 1.372049e-02
-9.750000 1.330057e-02
-9.500000 1.272696e-02
-9.250000 1.203104e-02
-9.000000 1.125285e-02
-8.750000 1.044219e-02
-8.500000 9.659289e-03
-8.250000 8.973568e-03
-8.000000 8.457638e-03
-7.750000 8.173488e-03
-7.500000 8.153261e-03
-7.250000 8.386454e-03
-7.000000 8.825350e-03
-6.750000 9.404860e-03
-6.500000 1.006226e-02
-6.250000 1.074849e-02
-6.000000 1.143197e-02
-5.750000 1.209847e-02
-5.500000 1.274965e-02
-5.250000 1.340071e-02
-5.000000 1.407744e-02
-4.750000 1.481209e-02
-4.500000 1.563828e-02
-4.250000 1.658534e-02
-4.000000 1.767308e-02
-3.750000 1.890826e-02
-3.500000 2.028316e-02
-3.250000 2.177641e-02
-3.000000 2.335522e-02
-2.750000 2.497827e-02
-2.500000 2.659859e-02
-2.250000 2.816610e-02
-2.000000 2.962970e-02
-1.750000 3.093902e-02
-1.500000 3.204580e-02
-1.250000 3.290506e-02
-1.000000 3.347613e-02
-0.750000 3.372346e-02
-0.500000 3.361738e-02
-0.250000 3.313467e-02
0.000000 3.225911e-02
0.250000 3.098181e-02
0.500000 2.930143e-02
0.750000 2.722441e-02
1.000000 2.476488e-02
1.250000 2.194474e-02
1.500000 1.879371e-02
1.750000 1.534985e-02
2.000000 1.166223e-02
2.250000 7.803301e-03
2.500000 3.962493e-03
2.750000 2.102386e-03
3.000000 5.413101e-03
3.250000 9.523236e-03
3.500000 1.367347e-02
3.750000 1.773618e-02
4.000000 2.163866e-02
4.250000 2.532191e-02
4.500000 2.873416e-02
4.750000 3.182971e-02
5.000000 3.456912e-02
5.250000 3.691965e-02
5.500000 3.885581e-02
5.750000 4.035992e-02
6.000000 4.142245e-02
6.250000 4.204244e-02
6.500000 4.222769e-02
6.750000 4.199495e-02
7.000000 4.137000e-02
7.250000 4.038768e-02
7.500000 3.909192e-02
7.750000 3.753571e-02
8.000000 3.578101e-02
8.250000 3.389862e-02
8.500000 3.196759e-02
8.750000 3.007384e-02
9.000000 2.830726e-02
9.250000 2.675616e-02
9.500000 2.549835e-02
9.750000 2.458949e-02
10.000000 2.405150e-02
10.250000 2.386631e-02
10.500000 2.397861e-02
10.750000 2.430715e-02
11.000000 2.475955e-02
11.250000 2.524519e-02
11.500000 2.568374e-02
11.750000 2.600913e-02
12.000000 2.617056e-02
12.250000 2.613185e-02
12.500000 2.587006e-02
12.750000 2.537391e-02
13.000000 2.464223e-02
13.250000 2.368257e-02
13.500000 2.250982e-02
13.750000 2.114504e-02
14.000000 1.961430e-02
14.250000 1.794768e-02
14.500000 1.617831e-02
14.750000 1.434152e-02
15.000000 1.247428e-02
15.250000 1.061483e-02
15.500000 8.803022e-03
15.750000 7.081959e-03
16.000000 5.502614e-03
16.250000 4.135500e-03
16.500000 3.094774e-03
16.750000 2.547222e-03
17.000000 2.561838e-03
17.250000 2.929060e-03
17.500000 3.384113e-03
17.750000 3.781355e-03
18.000000 4.059350e-03
18.250000 4.196119e-03
18.500000 4.189059e-03
18.750000 4.046967e-03
19.000000 3.787057e-03
19.250000 3.434580e-03
19.500000 3.024779e-03
19.750000 2.608061e-03
20.000000 2.258213e-03
20.250000 2.071877e-03
20.500000 2.124607e-03
20.750000 2.401885e-03
21.000000 2.818286e-03
21.250000 3.289002e-03
21.500000 3.755269e-03
21.750000 4.179144e-03
22.000000 4.535730e-03
22.250000 4.808514e-03
22.500000 4.986942e-03
22.750000 5.065148e-03
23.000000 5.041210e-03
23.250000 4.916653e-03
23.500000 4.696064e-03
23.750000 4.386729e-03
24.000000 3.998310e-03
24.250000 3.542540e-03
24.500000 3.033002e-03
24.750000 2.485150e-03
25.000000 1.917097e-03
25.250000 1.353311e-03
25.500000 8.429403e-04
25.750000 5.561798e-04
26.000000 7.491831e-04
26.250000 1.161050e-03
26.500000 1.585908e-03
26.750000 1.972212e-03
27.000000 2.301859e-03
27.250000 2.566201e-03
27.500000 2.761111e-03
27.750000 2.885638e-03
28.000000 2.941544e-03
28.250000 2.933141e-03
28.500000 2.867260e-03
28.750000 2.753334e-03
29.000000 2.603615e-03
29.250000 2.433539e-03
29.500000 2.262120e-03
29.750000 2.111887e-03
30.000000 2.007207e-03
30.250000 1.969569e-03
30.500000 2.010588e-03
30.750000 2.127721e-03
31.000000 2.307095e-03
31.250000 2.530650e-03
31.500000 2.781887e-03
31.750000 3.048228e-03
32.000000 3.321130e-03
32.250000 3.595322e-03
32.500000 3.867864e-03
32.750000 4.137255e-03
33.000000 4.402647e-03
33.250000 4.663194e-03
33.500000 4.917543e-03
33.750000 5.163484e-03
34.000000 5.397774e-03
34.250000 5.616124e-03
34.500000 5.813326e-03
34.750000 5.983490e-03
35.000000 6.120360e-03
35.250000 6.217665e-03
35.500000 6.269476e-03
35.750000 6.270562e-03
36.000000 6.216716e-03
36.250000 6.105050e-03
36.500000 5.934266e-03
36.750000 5.704900e-03
37.000000 5.419577e-03
37.250000 5.083286e-03
37.500000 4.703753e-03
37.750000 4.291994e-03
38.000000 3.863202e-03
38.250000 3.438107e-03
38.500000 3.044783e-03
38.750000 2.719824e-03
39.000000 2.505088e-03
39.250000 2.434130e-03
39.500000 2.511930e-03
39.750000 2.709212e-03
40.000000 2.979651e-03
40.250000 3.279142e-03
40.500000 3.573366e-03
40.750000 3.837537e-03
41.000000 4.054157e-03
41.250000 4.211079e-03
41.500000 4.300231e-03
41.750000 4.316831e-03
42.000000 4.258894e-03
42.250000 4.126915e-03
42.500000 3.923641e-03
42.750000 3.653888e-03
43.000000 3.324406e-03
43.250000 2.943813e-03
43.500000 2.522682e-03
43.750000 2.074063e-03
44.000000 1.615298e-03
44.250000 1.174264e-03
44.500000 8.122188e-04
44.750000 6.738523e-04
45.000000 8.484783e-04
45.250000 1.173154e-03
45.500000 1.520742e-03
45.750000 1.844040e-03
46.000000 2.122782e-03
46.250000 2.346113e-03
46.500000 2.507758e-03
46.750000 2.604552e-03
47.000000 2.635968e-03
47.250000 2.604047e-03
47.500000 2.513541e-03
47.750000 2.372305e-03
48.000000 2.192059e-03
48.250000 1.989738e-03
48.500000 1.789562e-03
48.750000 1.624936e-03
49.000000 1.535856e-03
49.250000 1.554505e-03
49.500000 1.684776e-03
49.750000 1.900989e-03
50.000000 2.167003e-03
