-50.000000 2.481270e-03
-49.750000 2.483518e-03
-49.500000 2.482594e-03
-49.250000 2.479686e-03
-49.000000 2.476074e-03
-48.750000 2.473043e-03
-48.500000 2.471804e-03
-48.250000 2.473398e-03
-48.000000 2.478628e-03
-47.750000 2.487991e-03
-47.500000 2.501652e-03
-47.250000 2.519428e-03
-47.000000 2.540817e-03
-46.750000 2.565047e-03
-46.500000 2.591144e-03
-46.250000 2.618012e-03
-46.000000 2.644524e-03
-45.750000 2.669595e-03
-45.500000 2.692266e-03
-45.250000 2.711765e-03
-45.000000 2.727560e-03
-44.750000 2.739402e-03
-44.500000 2.747351e-03
-44.250000 2.751795e-03
-44.000000 2.753449e-03
-43.750000 2.753337e-03
-43.500000 2.752758e-03
-43.250000 2.753235e-03
-43.000000 2.756425e-03
-42.750000 2.764028e-03
-42.500000 2.777660e-03
-42.250000 2.798730e-03
-42.000000 2.828318e-03
-41.750000 2.867067e-03
-41.500000 2.915121e-03
-41.250000 2.972099e-03
-41.000000 3.037117e-03
-40.750000 3.108848e-03
-40.500000 3.185616e-03
-40.250000 3.265498e-03
-40.000000 3.346435e-03
-39.750000 3.426330e-03
-39.500000 3.503143e-03
-39.250000 3.574966e-03
-39.000000 3.640088e-03
-38.750000 3.697048e-03
-38.500000 3.744673e-03
-38.250000 3.782115e-03
-38.000000 3.808873e-03
-37.750000 3.824814e-03
-37.500000 3.830179e-03
-37.250000 3.825594e-03
-37.000000 3.812054e-03
-36.750000 3.790913e-03
-36.500000 3.763848e-03
-36.250000 3.732812e-03
-36.000000 3.699963e-03
-35.750000 3.667570e-03
-35.500000 3.637901e-03
-35.250000 3.613083e-03
-35.000000 3.594958e-03
-34.750000 3.584937e-03
-34.500000 3.583875e-03
-34.250000 3.591979e-03
-34.000000 3.608773e-03
-33.750000 3.633104e-03
-33.500000 3.663223e-03
-33.250000 3.696881e-03
-33.000000 3.731472e-03
-32.750000 3.764171e-03
-32.500000 3.792070e-03
-32.250000 3.812296e-03
-32.000000 3.822120e-03
-31.750000 3.819033e-03
-31.500000 3.800810e-03
-31.250000 3.765560e-03
-31.000000 3.711760e-03
-30.750000 3.638275e-03
-30.500000 3.544378e-03
-30.250000 3.429756e-03
-30.000000 3.294516e-03
-29.750000 3.139188e-03
-29.500000 2.964718e-03
-29.250000 2.772477e-03
-29.000000 2.564261e-03
-28.750000 2.342307e-03
-28.500000 2.109337e-03
-28.250000 1.868643e-03
-28.000000 1.624266e-03
-27.750000 1.381380e-03
-27.500000 1.147092e-03
-27.250000 9.321288e-04
-27.000000 7.539601e-04
-26.750000 6.395173e-04
-26.500000 6.151633e-04
-26.250000 6.775267e-04
-26.000000 7.927064e-04
-25.750000 9.276944e-04
-25.500000 1.062118e-03
-25.250000 1.184522e-03
-25.000000 1.288272e-03
-24.750000 1.369446e-03
-24.500000 1.425930e-03
-24.250000 1.457117e-03
-24.000000 1.463951e-03
-23.750000 1.449244e-03
-23.500000 1.418234e-03
-23.250000 1.379405e-03
-23.000000 1.345348e-03
-22.750000 1.332942e-03
-22.500000 1.361457e-03
-22.250000 1.447688e-03
-22.000000 1.600432e-03
-21.750000 1.818871e-03
-21.500000 2.095667e-03
-21.250000 2.421104e-03
-21.000000 2.785606e-03
-20.750000 3.180587e-03
-20.500000 3.598476e-03
-20.250000 4.032507e-03
-20.000000 4.476502e-03
-19.750000 4.924711e-03
-19.500000 5.371714e-03
-19.250000 5.812368e-03
-19.000000 6.241794e-03
-18.750000 6.655381e-03
-18.500000 7.048808e-03
-18.250000 7.418075e-03
-18.000000 7.759541e-03
-17.750000 8.069969e-03
-17.500000 8.346564e-03
-17.250000 8.587025e-03
-17.000000 8.789579e-03
-16.750000 8.953033e-03
-16.500000 9.076808e-03
-16.250000 9.160978e-03
-16.000000 9.206304e-03
-15.750000 9.214266e-03
-15.500000 9.187082e-03
-15.250000 9.127727e-03
-15.000000 9.039937e-03
-14.750000 8.928195e-03
-14.500000 8.797700e-03
-14.250000 8.654298e-03
-14.000000 8.504376e-03
-13.750000 8.354699e-03
-13.500000 8.212182e-03
-13.250000 8.083597e-03
-13.000000 7.975213e-03
-12.750000 7.892398e-03
-12.500000 7.839226e-03
-12.250000 7.818144e-03
-12.000000 7.829764e-03
-11.750000 7.872812e-03
-11.500000 7.944261e-03
-11.250000 8.039611e-03
-11.000000 8.153278e-03
-10.750000 8.279014e-03
-10.500000 8.410319e-03
-10.250000 8.540811e-03
-10.000000 8.664513e-03
-9.750000 8.776089e-03
-9.500000 8.871007e-03
-9.250000 8.945661e-03
-9.000000 8.997447e-03
-8.750000 9.024822e-03
-8.500000 9.027331e-03
-8.250000 9.005618e-03
-8.000000 8.961424e-03
-7.750000 8.897557e-03
-7.500000 8.817835e-03
-7.250000 8.726994e-03
-7.000000 8.630543e-03
-6.750000 8.534557e-03
-6.500000 8.445405e-03
-6.250000 8.369390e-03
-6.000000 8.312339e-03
-5.750000 8.279149e-03
-5.500000 8.273358e-03
-5.250000 8.296775e-03
-5.000000 8.349263e-03
-4.750000 8.428677e-03
-4.500000 8.530989e-03
-4.250000 8.650563e-03
-4.000000 8.780524e-03
-3.750000 8.913172e-03
-3.500000 9.040385e-03
-3.250000 9.153979e-03
-3.000000 9.246016e-03
-2.750000 9.309044e-03
-2.500000 9.336300e-03
-2.250000 9.321864e-03
-2.000000 9.260798e-03
-1.750000 9.149266e-03
-1.500000 8.984672e-03
-1.250000 8.765809e-03
-1.000000 8.493061e-03
-0.750000 8.168678e-03
-0.500000 7.797168e-03
-0.250000 7.385868e-03
0.000000 6.945781e-03
0.250000 6.492761e-03
0.500000 6.049060e-03
0.750000 5.644985e-03
1.000000 5.319625e-03
1.250000 5.118361e-03
1.500000 5.084415e-03
1.750000 5.245462e-03
2.000000 5.603647e-03
2.250000 6.137508e-03
2.500000 6.813087e-03
2.750000 7.594723e-03
3.000000 8.450662e-03
3.250000 9.354441e-03
3.500000 1.028434e-02
3.750000 1.122234e-02
4.000000 1.215323e-02
4.250000 1.306387e-02
4.500000 1.394273e-02
4.750000 1.477961e-02
5.000000 1.556539e-02
5.250000 1.629194e-02
5.500000 1.695205e-02
5.750000 1.753940e-02
6.000000 1.804854e-02
6.250000 1.847488e-02
6.500000 1.881470e-02
6.750000 1.906519e-02
7.000000 1.922440e-02
7.250000 1.929130e-02
7.500000 1.926574e-02
7.750000 1.914849e-02
8.000000 1.894121e-02
8.250000 1.864645e-02
8.500000 1.826768e-02
8.750000 1.780919e-02
9.000000 1.727619e-02
9.250000 1.667473e-02
9.500000 1.601173e-02
9.750000 1.529499e-02
10.000000 1.453322e-02
10.250000 1.373610e-02
10.500000 1.291433e-02
10.750000 1.207978e-02
11.000000 1.124564e-02
11.250000 1.042661e-02
11.500000 9.639082e-03
11.750000 8.901259e-03
12.000000 8.232957e-03
12.250000 7.654841e-03
12.500000 7.186675e-03
12.750000 6.844384e-03
13.000000 6.636384e-03
13.250000 6.560582e-03
13.500000 6.603800e-03
13.750000 6.744215e-03
14.000000 6.955616e-03
14.250000 7.211521e-03
14.500000 7.487926e-03
14.750000 7.764542e-03
15.000000 8.025005e-03
15.250000 8.256548e-03
15.500000 8.449494e-03
15.750000 8.596749e-03
16.000000 8.693355e-03
16.250000 8.736135e-03
16.500000 8.723395e-03
16.750000 8.654701e-03
17.000000 8.530690e-03
17.250000 8.352919e-03
17.500000 8.123737e-03
17.750000 7.846174e-03
18.000000 7.523842e-03
18.250000 7.160850e-03
18.500000 6.761722e-03
18.750000 6.331330e-03
19.000000 5.874827e-03
19.250000 5.397598e-03
19.500000 4.905228e-03
19.750000 4.403488e-03
20.000000 3.898373e-03
20.250000 3.396218e-03
20.500000 2.903965e-03
20.750000 2.429748e-03
21.000000 1.984153e-03
21.250000 1.582939e-03
21.500000 1.252404e-03
21.750000 1.035355e-03
22.000000 9.768524e-04
22.250000 1.071668e-03
22.500000 1.259339e-03
22.750000 1.482932e-03
23.000000 1.710052e-03
23.250000 1.924578e-03
23.500000 2.118647e-03
23.750000 2.288632e-03
24.000000 2.433299e-03
24.250000 2.552921e-03
24.500000 2.648831e-03
24.750000 2.723163e-03
25.000000 2.778673e-03
25.250000 2.818598e-03
25.500000 2.846517e-03
25.750000 2.866194e-03
26.000000 2.881399e-03
26.250000 2.895711e-03
26.500000 2.912298e-03
26.750000 2.933713e-03
27.000000 2.961718e-03
27.250000 2.997168e-03
27.500000 3.039986e-03
27.750000 3.089212e-03
28.000000 3.143133e-03
28.250000 3.199461e-03
28.500000 3.255528e-03
28.750000 3.308474e-03
29.000000 3.355415e-03
29.250000 3.393576e-03
29.500000 3.420395e-03
29.750000 3.433596e-03
30.000000 3.431234e-03
30.250000 3.411727e-03
30.500000 3.373868e-03
30.750000 3.316831e-03
31.000000 3.240161e-03
31.250000 3.143767e-03
31.500000 3.027902e-03
31.750000 2.893152e-03
32.000000 2.740404e-03
32.250000 2.570835e-03
32.500000 2.385882e-03
32.750000 2.187227e-03
33.000000 1.976782e-03
33.250000 1.756687e-03
33.500000 1.529339e-03
33.750000 1.297473e-03
34.000000 1.064405e-03
34.250000 8.346908e-04
34.500000 6.161604e-04
34.750000 4.271091e-04
35.000000 3.185066e-04
35.250000 3.595398e-04
35.500000 5.049734e-04
35.750000 6.818246e-04
36.000000 8.619681e-04
36.250000 1.035329e-03
36.500000 1.197294e-03
36.750000 1.345255e-03
37.000000 1.477540e-03
37.250000 1.593027e-03
37.500000 1.690980e-03
37.750000 1.770976e-03
38.000000 1.832866e-03
38.250000 1.876750e-03
38.500000 1.902961e-03
38.750000 1.912052e-03
39.000000 1.904788e-03
39.250000 1.882130e-03
39.500000 1.845235e-03
39.750000 1.795446e-03
40.000000 1.734290e-03
40.250000 1.663482e-03
40.500000 1.584931e-03
40.750000 1.500754e-03
41.000000 1.413301e-03
41.250000 1.325183e-03
41.500000 1.239291e-03
41.750000 1.158803e-03
42.000000 1.087117e-03
42.250000 1.027680e-03
42.500000 9.836323e-04
42.750000 9.573026e-04
43.000000 9.496838e-04
43.250000 9.601464e-04
43.500000 9.865783e-04
43.750000 1.025890e-03
44.000000 1.074629e-03
44.250000 1.129463e-03
44.500000 1.187454e-03
44.750000 1.246151e-03
45.000000 1.303576e-03
45.250000 1.358170e-03
45.500000 1.408714e-03
45.750000 1.454271e-03
46.000000 1.494119e-03
46.250000 1.527713e-03
46.500000 1.554644e-03
46.750000 1.574614e-03
47.000000 1.587411e-03
47.250000 1.592900e-03
47.500000 1.591013e-03
47.750000 1.581743e-03
48.000000 1.565150e-03
48.250000 1.541365e-03
48.500000 1.510604e-03
48.750000 1.473183e-03
49.000000 1.429546e-03
49.250000 1.380292e-03
49.500000 1.326220e-03
49.750000 1.268382e-03
50.000000 1.208146e-03
