-50.000000 1.127401e-03
-49.750000 8.769239e-04
-49.500000 6.087121e-04
-49.250000 3.324963e-04
-49.000000 1.048493e-04
-48.750000 2.801968e-04
-48.500000 5.510666e-04
-48.250000 8.134536e-04
-48.000000 1.055816e-03
-47.750000 1.271010e-03
-47.500000 1.453164e-03
-47.250000 1.597366e-03
-47.000000 1.699701e-03
-46.750000 1.757346e-03
-46.500000 1.768696e-03
-46.250000 1.733502e-03
-46.000000 1.653080e-03
-45.750000 1.530636e-03
-45.500000 1.371944e-03
-45.250000 1.186837e-03
-45.000000 9.927730e-04
-44.750000 8.228236e-04
-44.500000 7.352957e-04
-44.250000 7.890047e-04
-44.000000 9.758326e-04
-43.750000 1.240795e-03
-43.500000 1.540364e-03
-43.250000 1.848950e-03
-43.000000 2.150584e-03
-42.750000 2.434004e-03
-42.500000 2.690572e-03
-42.250000 2.913432e-03
-42.000000 3.097194e-03
-41.750000 3.237817e-03
-41.500000 3.332592e-03
-41.250000 3.380149e-03
-41.000000 3.380477e-03
-40.750000 3.334940e-03
-40.500000 3.246279e-03
-40.250000 3.118627e-03
-40.000000 2.957509e-03
-39.750000 2.769878e-03
-39.500000 2.564161e-03
-39.250000 2.350336e-03
-39.000000 2.139982e-03
-38.750000 1.946133e-03
-38.500000 1.782543e-03
-38.250000 1.661792e-03
-38.000000 1.592014e-03
-37.750000 1.573572e-03
-37.500000 1.598341e-03
-37.250000 1.652684e-03
-37.000000 1.721898e-03
-36.750000 1.793463e-03
-36.500000 1.858370e-03
-36.250000 1.911231e-03
-36.000000 1.949890e-03
-35.750000 1.974906e-03
-35.500000 1.989014e-03
-35.250000 1.996506e-03
-35.000000 2.002497e-03
-34.750000 2.012049e-03
-34.500000 2.029197e-03
-34.250000 2.056087e-03
-34.000000 2.092426e-03
-33.750000 2.135414e-03
-33.500000 2.180155e-03
-33.250000 2.220367e-03
-33.000000 2.249175e-03
-32.750000 2.259825e-03
-32.500000 2.246243e-03
-32.250000 2.203440e-03
-32.000000 2.127793e-03
-31.750000 2.017252e-03
-31.500000 1.871502e-03
-31.250000 1.692149e-03
-31.000000 1.483037e-03
-30.750000 1.250945e-03
-30.500000 1.007427e-03
-30.250000 7.740399e-04
-30.000000 5.960789e-04
-29.750000 5.513395e-04
-29.500000 6.669063e-04
-29.250000 8.688897e-04
-29.000000 1.091247e-03
-28.750000 1.300608e-03
-28.500000 1.478614e-03
-28.250000 1.613283e-03
-28.000000 1.696273e-03
-27.750000 1.722303e-03
-27.500000 1.689621e-03
-27.250000 1.601478e-03
-27.000000 1.469404e-03
-26.750000 1.320109e-03
-26.500000 1.207165e-03
-26.250000 1.213664e-03
-26.000000 1.405308e-03
-25.750000 1.773658e-03
-25.500000 2.268794e-03
-25.250000 2.846034e-03
-25.000000 3.473305e-03
-24.750000 4.126097e-03
-24.500000 4.783561e-03
-24.250000 5.426623e-03
-24.000000 6.037229e-03
-23.750000 6.598143e-03
-23.500000 7.093026e-03
-23.250000 7.506638e-03
-23.000000 7.825123e-03
-22.750000 8.036304e-03
-22.500000 8.129997e-03
-22.250000 8.098305e-03
-22.000000 7.935907e-03
-21.750000 7.640327e-03
-21.500000 7.212220e-03
-21.250000 6.655706e-03
-21.000000 5.978895e-03
-20.750000 5.194921e-03
-20.500000 4.324428e-03
-20.250000 3.402645e-03
-20.000000 2.502866e-03
-19.750000 1.818380e-03
-19.500000 1.761853e-03
-19.250000 2.422754e-03
-19.000000 3.406088e-03
-18.750000 4.480074e-03
-18.500000 5.552467e-03
-18.250000 6.575115e-03
-18.000000 7.515021e-03
-17.750000 8.346039e-03
-17.500000 9.046293e-03
-17.250000 9.597387e-03
-17.000000 9.984268e-03
-16.750000 1.019532e-02
-16.500000 1.022256e-02
-16.250000 1.006181e-02
-16.000000 9.712932e-03
-15.750000 9.180027e-03
-15.500000 8.471738e-03
-15.250000 7.601784e-03
-15.000000 6.590168e-03
-14.750000 5.466312e-03
-14.500000 4.278297e-03
-14.250000 3.124355e-03
-14.000000 2.264217e-03
-13.750000 2.238584e-03
-13.500000 3.116636e-03
-13.250000 4.380273e-03
-13.000000 5.747715e-03
-12.750000 7.109176e-03
-12.500000 8.408329e-03
-12.250000 9.607721e-03
-12.000000 1.067888e-02
-11.750000 1.159919e-02
-11.500000 1.235089e-02
-11.250000 1.292086e-02
-11.000000 1.330066e-02
-10.750000 1.348665e-02
-10.500000 1.348019e-02
-10.250000 1.328780e-02
-10.000000 1.292140e-02
-9.750000 1.239851e-02
-9.500000 1.174268e-02
-9.250000 1.098405e-02
-9.000000 1.016027e-02
-8.750000 9.317679e-03
-8.500000 8.512551e-03
-8.250000 7.810830e-03
-8.000000 7.283369e-03
-7.750000 6.992541e-03
-7.500000 6.971568e-03
-7.250000 7.210098e-03
-7.000000 7.660789e-03
-6.750000 8.261882e-03
-6.500000 8.957828e-03
-6.250000 9.709222e-03
-6.000000 1.049449e-02
-5.750000 1.130784e-02
-5.500000 1.215589e-02
-5.250000 1.305384e-02
-5.000000 1.402131e-02
-4.750000 1.507803e-02
-4.500000 1.623980e-02
-4.250000 1.751527e-02
-4.000000 1.890392e-02
-3.750000 2.039537e-02
-3.500000 2.196987e-02
-3.250000 2.359957e-02
-3.000000 2.525015e-02
-2.750000 2.688263e-02
-2.500000 2.845500e-02
-2.250000 2.992381e-02
-2.000000 3.124547e-02
-1.750000 3.237755e-02
-1.500000 3.327976e-02
-1.250000 3.391500e-02
-1.000000 3.425013e-02
-0.750000 3.425680e-02
-0.500000 3.391204e-02
-0.250000 3.319883e-02
0.000000 3.210652e-02
0.250000 3.063123e-02
0.500000 2.877601e-02
0.750000 2.655111e-02
1.000000 2.397407e-02
1.250000 2.107007e-02
1.500000 1.787273e-02
1.750000 1.442673e-02
2.000000 1.079674e-02
2.250000 7.107654e-03
2.500000 3.823563e-03
2.750000 3.476950e-03
3.000000 6.670457e-03
3.250000 1.056523e-02
3.500000 1.454149e-02
3.750000 1.844548e-02
4.000000 2.219612e-02
4.250000 2.573286e-02
4.500000 2.900489e-02
4.750000 3.196844e-02
5.000000 3.458621e-02
5.250000 3.682751e-02
5.500000 3.866861e-02
5.750000 4.009312e-02
6.000000 4.109232e-02
6.250000 4.166550e-02
6.500000 4.182014e-02
6.750000 4.157208e-02
7.000000 4.094566e-02
7.250000 3.997377e-02
7.500000 3.869795e-02
7.750000 3.716839e-02
8.000000 3.544408e-02
8.250000 3.359270e-02
8.500000 3.169033e-02
8.750000 2.982040e-02
9.000000 2.807119e-02
9.250000 2.653087e-02
9.500000 2.527906e-02
9.750000 2.437529e-02
10.000000 2.384694e-02
10.250000 2.368174e-02
10.500000 2.382922e-02
10.750000 2.421116e-02
11.000000 2.473618e-02
11.250000 2.531316e-02
11.500000 2.586008e-02
11.750000 2.630851e-02
12.000000 2.660478e-02
12.250000 2.670944e-02
12.500000 2.659605e-02
12.750000 2.624960e-02
13.000000 2.566505e-02
13.250000 2.484601e-02
13.500000 2.380342e-02
13.750000 2.255445e-02
14.000000 2.112141e-02
14.250000 1.953076e-02
14.500000 1.781216e-02
14.750000 1.599756e-02
15.000000 1.412044e-02
15.250000 1.221502e-02
15.500000 1.031575e-02
15.750000 8.457052e-03
16.000000 6.673791e-03
16.250000 5.003588e-03
16.500000 3.495354e-03
16.750000 2.242503e-03
17.000000 1.503372e-03
17.250000 1.629214e-03
17.500000 2.237187e-03
17.750000 2.870289e-03
18.000000 3.387624e-03
18.250000 3.751165e-03
18.500000 3.952904e-03
18.750000 3.997354e-03
19.000000 3.896532e-03
19.250000 3.668528e-03
19.500000 3.337789e-03
19.750000 2.937296e-03
20.000000 2.513995e-03
20.250000 2.139108e-03
20.500000 1.915590e-03
20.750000 1.940983e-03
21.000000 2.216893e-03
21.250000 2.652619e-03
21.500000 3.154676e-03
21.750000 3.660347e-03
22.000000 4.130317e-03
22.250000 4.538983e-03
22.500000 4.869091e-03
22.750000 5.109127e-03
23.000000 5.252018e-03
23.250000 5.294426e-03
23.500000 5.236310e-03
23.750000 5.080599e-03
24.000000 4.832919e-03
24.250000 4.501350e-03
24.500000 4.096242e-03
24.750000 3.630138e-03
25.000000 3.117985e-03
25.250000 2.578064e-03
25.500000 2.034924e-03
25.750000 1.528309e-03
26.000000 1.138331e-03
26.250000 1.010096e-03
26.500000 1.203363e-03
26.750000 1.570994e-03
27.000000 1.983120e-03
27.250000 2.382124e-03
27.500000 2.742468e-03
27.750000 3.051402e-03
28.000000 3.302401e-03
28.250000 3.492765e-03
28.500000 3.622602e-03
28.750000 3.694311e-03
29.000000 3.712256e-03
29.250000 3.682516e-03
29.500000 3.612652e-03
29.750000 3.511486e-03
30.000000 3.388856e-03
30.250000 3.255338e-03
30.500000 3.121884e-03
30.750000 2.999338e-03
31.000000 2.897791e-03
31.250000 2.825791e-03
31.500000 2.789559e-03
31.750000 2.792436e-03
32.000000 2.834838e-03
32.250000 2.914749e-03
32.500000 3.028561e-03
32.750000 3.171903e-03
33.000000 3.340219e-03
33.250000 3.529001e-03
33.500000 3.733761e-03
33.750000 3.949859e-03
34.000000 4.172320e-03
34.250000 4.395692e-03
34.500000 4.614007e-03
34.750000 4.820834e-03
35.000000 5.009415e-03
35.250000 5.172860e-03
35.500000 5.304394e-03
35.750000 5.397604e-03
36.000000 5.446712e-03
36.250000 5.446829e-03
36.500000 5.394199e-03
36.750000 5.286441e-03
37.000000 5.122771e-03
37.250000 4.904243e-03
37.500000 4.634020e-03
37.750000 4.317735e-03
38.000000 3.964031e-03
38.250000 3.585419e-03
38.500000 3.199692e-03
38.750000 2.832039e-03
39.000000 2.517318e-03
39.250000 2.299259e-03
39.500000 2.219223e-03
39.750000 2.293051e-03
40.000000 2.498245e-03
40.250000 2.789479e-03
40.500000 3.121341e-03
40.750000 3.458138e-03
41.000000 3.773917e-03
41.250000 4.050000e-03
41.500000 4.272888e-03
41.750000 4.432925e-03
42.000000 4.523526e-03
42.250000 4.540742e-03
42.500000 4.483009e-03
42.750000 4.350999e-03
43.000000 4.147542e-03
43.250000 3.877596e-03
43.500000 3.548313e-03
43.750000 3.169272e-03
44.000000 2.753115e-03
44.250000 2.317112e-03
44.500000 1.886967e-03
44.750000 1.505646e-03
45.000000 1.247416e-03
45.250000 1.202879e-03
45.500000 1.381728e-03
45.750000 1.693132e-03
46.000000 2.050672e-03
46.250000 2.404815e-03
46.500000 2.728355e-03
46.750000 3.005040e-03
47.000000 3.224498e-03
47.250000 3.380126e-03
47.500000 3.468170e-03
47.750000 3.487333e-03
48.000000 3.438602e-03
48.250000 3.325213e-03
48.500000 3.152724e-03
48.750000 2.929247e-03
49.000000 2.665940e-03
49.250000 2.378000e-03
49.500000 2.086466e-03
49.750000 1.820972e-03
50.000000 1.621605e-03
