-50.000000 9.939088e-04
-49.750000 9.259358e-04
-49.500000 8.284232e-04
-49.250000 7.053429e-04
-49.000000 5.689792e-04
-48.750000 4.526144e-04
-48.500000 4.244492e-04
-48.250000 5.261345e-04
-48.000000 7.059799e-04
-47.750000 9.043823e-04
-47.500000 1.085834e-03
-47.250000 1.227619e-03
-47.000000 1.314091e-03
-46.750000 1.335391e-03
-46.500000 1.287429e-03
-46.250000 1.171976e-03
-46.000000 9.965407e-04
-45.750000 7.740949e-04
-45.500000 5.236648e-04
-45.250000 2.798463e-04
-45.000000 1.882908e-04
-44.750000 3.609582e-04
-44.500000 5.624859e-04
-44.250000 7.296356e-04
-44.000000 8.486974e-04
-43.750000 9.167701e-04
-43.500000 9.373578e-04
-43.250000 9.188910e-04
-43.000000 8.732809e-04
-42.750000 8.139870e-04
-42.500000 7.534582e-04
-42.250000 7.002760e-04
-42.000000 6.571980e-04
-41.750000 6.216671e-04
-41.500000 5.888735e-04
-41.250000 5.554103e-04
-41.000000 5.215155e-04
-40.750000 4.912810e-04
-40.500000 4.710477e-04
-40.250000 4.665766e-04
-40.000000 4.805614e-04
-39.750000 5.124981e-04
-39.500000 5.606341e-04
-39.250000 6.233743e-04
-39.000000 6.987186e-04
-38.750000 7.826662e-04
-38.500000 8.681478e-04
-38.250000 9.451790e-04
-38.000000 1.001990e-03
-37.750000 1.026595e-03
-37.500000 1.008409e-03
-37.250000 9.397490e-04
-37.000000 8.173372e-04
-36.750000 6.445978e-04
-36.500000 4.396618e-04
-36.250000 2.843269e-04
-36.000000 3.894653e-04
-35.750000 6.744943e-04
-35.500000 1.000120e-03
-35.250000 1.322892e-03
-35.000000 1.619119e-03
-34.750000 1.870337e-03
-34.500000 2.061246e-03
-34.250000 2.179770e-03
-34.000000 2.217664e-03
-33.750000 2.171472e-03
-33.500000 2.044009e-03
-33.250000 1.846995e-03
-33.000000 1.606259e-03
-32.750000 1.371995e-03
-32.500000 1.230212e-03
-32.250000 1.273641e-03
-32.000000 1.507148e-03
-31.750000 1.847163e-03
-31.500000 2.208749e-03
-31.250000 2.532731e-03
-31.000000 2.779014e-03
-30.750000 2.920724e-03
-30.500000 2.942177e-03
-30.250000 2.838585e-03
-30.000000 2.616206e-03
-29.750000 2.292466e-03
-29.500000 1.896234e-03
-29.250000 1.469497e-03
-29.000000 1.074272e-03
-28.750000 8.076471e-04
-28.500000 7.649031e-04
-28.250000 8.820389e-04
-28.000000 1.009169e-03
-27.750000 1.063302e-03
-27.500000 1.016300e-03
-27.250000 8.702017e-04
-27.000000 6.523135e-04
-26.750000 4.369671e-04
-26.500000 4.107668e-04
-26.250000 6.182777e-04
-26.000000 8.645265e-04
-25.750000 1.050150e-03
-25.500000 1.129931e-03
-25.250000 1.079611e-03
-25.000000 8.905336e-04
-24.750000 5.698136e-04
-24.500000 1.626283e-04
-24.250000 4.221584e-04
-24.000000 9.848091e-04
-23.750000 1.554563e-03
-23.500000 2.080115e-03
-23.250000 2.517295e-03
-23.000000 2.829552e-03
-22.750000 2.991029e-03
-22.500000 2.989043e-03
-22.250000 2.825437e-03
-22.000000 2.516657e-03
-21.750000 2.092569e-03
-21.500000 1.594395e-03
-21.250000 1.073160e-03
-21.000000 5.965350e-04
-20.750000 3.240672e-04
-20.500000 4.521976e-04
-20.250000 6.443316e-04
-20.000000 7.496082e-04
-19.750000 7.791190e-04
-19.500000 8.125951e-04
-19.250000 9.601923e-04
-19.000000 1.257460e-03
-18.750000 1.646699e-03
-18.500000 2.051094e-03
-18.250000 2.405555e-03
-18.000000 2.659619e-03
-17.750000 2.778241e-03
-17.500000 2.743622e-03
-17.250000 2.557378e-03
-17.000000 2.243163e-03
-16.750000 1.851731e-03
-16.500000 1.473091e-03
-16.250000 1.248243e-03
-16.000000 1.288666e-03
-15.750000 1.514716e-03
-15.500000 1.761657e-03
-15.250000 1.924658e-03
-15.000000 1.960701e-03
-14.750000 1.874774e-03
-14.500000 1.724196e-03
-14.250000 1.631022e-03
-14.000000 1.744282e-03
-13.750000 2.103551e-03
-13.500000 2.609649e-03
-13.250000 3.138932e-03
-13.000000 3.595850e-03
-12.750000 3.913082e-03
-12.500000 4.046841e-03
-12.250000 3.974808e-03
-12.000000 3.694965e-03
-11.750000 3.223889e-03
-11.500000 2.593993e-03
-11.250000 1.849977e-03
-11.000000 1.047437e-03
-10.750000 3.162680e-04
-10.500000 6.834605e-04
-10.250000 1.409757e-03
-10.000000 2.080976e-03
-9.750000 2.679598e-03
-9.500000 3.212501e-03
-9.250000 3.692864e-03
-9.000000 4.129184e-03
-8.750000 4.516659e-03
-8.500000 4.833646e-03
-8.250000 5.044163e-03
-8.000000 5.104762e-03
-7.750000 4.973052e-03
-7.500000 4.615707e-03
-7.250000 4.014867e-03
-7.000000 3.172840e-03
-6.750000 2.117072e-03
-6.500000 9.308697e-04
-6.250000 7.166279e-04
-6.000000 2.031227e-03
-5.750000 3.397650e-03
-5.500000 4.655813e-03
-5.250000 5.716297e-03
-5.000000 6.506690e-03
-4.750000 6.973550e-03
-4.500000 7.088266e-03
-4.250000 6.854615e-03
-4.000000 6.320277e-03
-3.750000 5.598592e-03
-3.500000 4.908659e-03
-3.250000 4.600716e-03
-3.000000 4.988032e-03
-2.750000 6.025554e-03
-2.500000 7.409945e-03
-2.250000 8.860518e-03
-2.000000 1.018080e-02
-1.750000 1.123464e-02
-1.500000 1.192812e-02
-1.250000 1.220266e-02
-1.000000 1.203371e-02
-0.750000 1.143185e-02
-0.500000 1.044554e-02
-0.250000 9.167061e-03
0.000000 7.746333e-03
0.250000 6.419343e-03
0.500000 5.533281e-03
0.750000 5.424027e-03
1.000000 6.070911e-03
1.250000 7.107422e-03
1.500000 8.186614e-03
1.750000 9.105605e-03
2.000000 9.772932e-03
2.250000 1.017468e-02
2.500000 1.035586e-02
2.750000 1.040535e-02
3.000000 1.043392e-02
3.250000 1.054081e-02
3.500000 1.077568e-02
3.750000 1.111593e-02
4.000000 1.147450e-02
4.250000 1.173068e-02
4.500000 1.176342e-02
4.750000 1.147506e-02
5.000000 1.080394e-02
5.250000 9.729544e-03
5.500000 8.273239e-03
5.750000 6.497796e-03
6.000000 4.513438e-03
6.250000 2.541633e-03
6.500000 1.541487e-03
6.750000 2.810752e-03
7.000000 4.561504e-03
7.250000 6.121049e-03
7.500000 7.332905e-03
7.750000 8.132091e-03
8.000000 8.501961e-03
8.250000 8.468389e-03
8.500000 8.099606e-03
8.750000 7.507500e-03
9.000000 6.847940e-03
9.250000 6.310004e-03
9.500000 6.069229e-03
9.750000 6.198989e-03
10.000000 6.622694e-03
10.250000 7.177527e-03
10.500000 7.706643e-03
10.750000 8.099930e-03
11.000000 8.295859e-03
11.250000 8.272032e-03
11.500000 8.035125e-03
11.750000 7.612199e-03
12.000000 7.043424e-03
12.250000 6.376451e-03
12.500000 5.662989e-03
12.750000 4.958359e-03
13.000000 4.324158e-03
13.250000 3.831081e-03
13.500000 3.551354e-03
13.750000 3.527890e-03
14.000000 3.739339e-03
14.250000 4.108726e-03
14.500000 4.545321e-03
14.750000 4.971967e-03
15.000000 5.330744e-03
15.250000 5.581181e-03
15.500000 5.698584e-03
15.750000 5.673804e-03
16.000000 5.514137e-03
16.250000 5.245050e-03
16.500000 4.912440e-03
16.750000 4.584005e-03
17.000000 4.344541e-03
17.250000 4.275397e-03
17.500000 4.417322e-03
17.750000 4.745839e-03
18.000000 5.187169e-03
18.250000 5.653665e-03
18.500000 6.066854e-03
18.750000 6.364698e-03
19.000000 6.502031e-03
19.250000 6.449709e-03
19.500000 6.194150e-03
19.750000 5.737399e-03
20.000000 5.097750e-03
20.250000 4.311548e-03
20.500000 3.438874e-03
20.750000 2.582365e-03
21.000000 1.940935e-03
21.250000 1.822340e-03
21.500000 2.247003e-03
21.750000 2.875324e-03
22.000000 3.471766e-03
22.250000 3.931309e-03
22.500000 4.207332e-03
22.750000 4.283877e-03
23.000000 4.166452e-03
23.250000 3.878306e-03
23.500000 3.458710e-03
23.750000 2.963093e-03
24.000000 2.466255e-03
24.250000 2.067199e-03
24.500000 1.874182e-03
24.750000 1.930203e-03
25.000000 2.159597e-03
25.250000 2.447331e-03
25.500000 2.712917e-03
25.750000 2.913817e-03
26.000000 3.030750e-03
26.250000 3.056973e-03
26.500000 2.992121e-03
26.750000 2.838917e-03
27.000000 2.601820e-03
27.250000 2.287041e-03
27.500000 1.903410e-03
27.750000 1.463642e-03
28.000000 9.860870e-04
28.250000 5.018727e-04
28.500000 2.034156e-04
28.750000 5.511064e-04
29.000000 9.520485e-04
29.250000 1.284321e-03
29.500000 1.521085e-03
29.750000 1.647957e-03
30.000000 1.659651e-03
30.250000 1.559828e-03
30.500000 1.360695e-03
30.750000 1.081939e-03
31.000000 7.491505e-04
31.250000 3.932094e-04
31.500000 9.862471e-05
31.750000 3.268070e-04
32.000000 6.054037e-04
32.250000 8.279374e-04
32.500000 9.868170e-04
32.750000 1.086689e-03
33.000000 1.140809e-03
33.250000 1.167072e-03
33.500000 1.181700e-03
33.750000 1.192215e-03
34.000000 1.193756e-03
34.250000 1.171504e-03
34.500000 1.107288e-03
34.750000 9.863922e-04
35.000000 8.028278e-04
35.250000 5.658985e-04
35.500000 3.320417e-04
35.750000 3.487856e-04
36.000000 6.477209e-04
36.250000 9.985920e-04
36.500000 1.329302e-03
36.750000 1.605502e-03
37.000000 1.803387e-03
37.250000 1.907189e-03
37.500000 1.909530e-03
37.750000 1.811785e-03
38.000000 1.623936e-03
38.250000 1.363967e-03
38.500000 1.057346e-03
38.750000 7.388187e-04
39.000000 4.666265e-04
39.250000 3.663773e-04
39.500000 4.845378e-04
39.750000 6.528198e-04
40.000000 7.851028e-04
40.250000 8.613364e-04
40.500000 8.834158e-04
40.750000 8.642038e-04
41.000000 8.225891e-04
41.250000 7.778358e-04
41.500000 7.420440e-04
41.750000 7.141480e-04
42.000000 6.810696e-04
42.250000 6.254430e-04
42.500000 5.332961e-04
42.750000 3.979178e-04
43.000000 2.205821e-04
43.250000 1.019693e-05
43.500000 2.211538e-04
43.750000 4.543236e-04
44.000000 6.712798e-04
44.250000 8.541102e-04
44.500000 9.876423e-04
44.750000 1.061095e-03
45.000000 1.069326e-03
45.250000 1.013655e-03
45.500000 9.023672e-04
45.750000 7.513692e-04
46.000000 5.862349e-04
46.250000 4.478448e-04
46.500000 3.914503e-04
46.750000 4.304161e-04
47.000000 5.044052e-04
47.250000 5.569559e-04
47.500000 5.602396e-04
47.750000 5.042845e-04
48.000000 3.922917e-04
48.250000 2.499934e-04
48.500000 2.031647e-04
48.750000 3.762888e-04
49.000000 6.211128e-04
49.250000 8.694988e-04
49.500000 1.093224e-03
49.750000 1.272520e-03
50.000000 1.392627e-03
