-50.000000 1.491253e-03
-49.750000 1.512168e-03
-49.500000 1.529405e-03
-49.250000 1.543003e-03
-49.000000 1.553029e-03
-48.750000 1.559588e-03
-48.500000 1.562818e-03
-48.250000 1.562897e-03
-48.000000 1.560052e-03
-47.750000 1.554554e-03
-47.500000 1.546732e-03
-47.250000 1.536974e-03
-47.000000 1.525729e-03
-46.750000 1.513521e-03
-46.500000 1.500942e-03
-46.250000 1.488661e-03
-46.000000 1.477419e-03
-45.750000 1.468024e-03
-45.500000 1.461342e-03
-45.250000 1.458276e-03
-45.000000 1.459742e-03
-44.750000 1.466636e-03
-44.500000 1.479795e-03
-44.250000 1.499963e-03
-44.000000 1.527751e-03
-43.750000 1.563610e-03
-43.500000 1.607820e-03
-43.250000 1.660481e-03
-43.000000 1.721528e-03
-42.750000 1.790754e-03
-42.500000 1.867831e-03
-42.250000 1.952342e-03
-42.000000 2.043809e-03
-41.750000 2.141715e-03
-41.500000 2.245523e-03
-41.250000 2.354693e-03
-41.000000 2.468688e-03
-40.750000 2.586983e-03
-40.500000 2.709073e-03
-40.250000 2.834467e-03
-40.000000 2.962696e-03
-39.750000 3.093309e-03
-39.500000 3.225874e-03
-39.250000 3.359977e-03
-39.000000 3.495220e-03
-38.750000 3.631220e-03
-38.500000 3.767609e-03
-38.250000 3.904032e-03
-38.000000 4.040147e-03
-37.750000 4.175624e-03
-37.500000 4.310143e-03
-37.250000 4.443396e-03
-37.000000 4.575085e-03
-36.750000 4.704921e-03
-36.500000 4.832625e-03
-36.250000 4.957928e-03
-36.000000 5.080570e-03
-35.750000 5.200301e-03
-35.500000 5.316877e-03
-35.250000 5.430067e-03
-35.000000 5.539646e-03
-34.750000 5.645400e-03
-34.500000 5.747123e-03
-34.250000 5.844617e-03
-34.000000 5.937696e-03
-33.750000 6.026181e-03
-33.500000 6.109902e-03
-33.250000 6.188699e-03
-33.000000 6.262420e-03
-32.750000 6.330924e-03
-32.500000 6.394078e-03
-32.250000 6.451758e-03
-32.000000 6.503849e-03
-31.750000 6.550248e-03
-31.500000 6.590857e-03
-31.250000 6.625590e-03
-31.000000 6.654369e-03
-30.750000 6.677127e-03
-30.500000 6.693804e-03
-30.250000 6.704349e-03
-30.000000 6.708723e-03
-29.750000 6.706892e-03
-29.500000 6.698834e-03
-29.250000 6.684535e-03
-29.000000 6.663989e-03
-28.750000 6.637201e-03
-28.500000 6.604182e-03
-28.250000 6.564953e-03
-28.000000 6.519545e-03
-27.750000 6.467995e-03
-27.500000 6.410351e-03
-27.250000 6.346668e-03
-27.000000 6.277009e-03
-26.750000 6.201446e-03
-26.500000 6.120060e-03
-26.250000 6.032939e-03
-26.000000 5.940179e-03
-25.750000 5.841886e-03
-25.500000 5.738172e-03
-25.250000 5.629158e-03
-25.000000 5.514973e-03
-24.750000 5.395753e-03
-24.500000 5.271643e-03
-24.250000 5.142796e-03
-24.000000 5.009372e-03
-23.750000 4.871539e-03
-23.500000 4.729473e-03
-23.250000 4.583361e-03
-23.000000 4.433394e-03
-22.750000 4.279774e-03
-22.500000 4.122713e-03
-22.250000 3.962430e-03
-22.000000 3.799158e-03
-21.750000 3.633138e-03
-21.500000 3.464627e-03
-21.250000 3.293894e-03
-21.000000 3.121228e-03
-20.750000 2.946940e-03
-20.500000 2.771368e-03
-20.250000 2.594885e-03
-20.000000 2.417911e-03
-19.750000 2.240933e-03
-19.500000 2.064522e-03
-19.250000 1.889383e-03
-19.000000 1.716406e-03
-18.750000 1.546765e-03
-18.500000 1.382069e-03
-18.250000 1.224607e-03
-18.000000 1.077734e-03
-17.750000 9.464213e-04
-17.500000 8.378602e-04
-17.250000 7.614673e-04
-17.000000 7.268567e-04
-16.750000 7.391461e-04
-16.500000 7.952894e-04
-16.250000 8.860770e-04
-16.000000 1.001215e-03
-15.750000 1.132407e-03
-15.500000 1.273843e-03
-15.250000 1.421652e-03
-15.000000 1.573266e-03
-14.750000 1.726959e-03
-14.500000 1.881546e-03
-14.250000 2.036198e-03
-14.000000 2.190329e-03
-13.750000 2.343517e-03
-13.500000 2.495465e-03
-13.250000 2.645968e-03
-13.000000 2.794890e-03
-12.750000 2.942157e-03
-12.500000 3.087742e-03
-12.250000 3.231659e-03
-12.000000 3.373961e-03
-11.750000 3.514733e-03
-11.500000 3.654088e-03
-11.250000 3.792170e-03
-11.000000 3.929144e-03
-10.750000 4.065200e-03
-10.500000 4.200546e-03
-10.250000 4.335410e-03
-10.000000 4.470032e-03
-9.750000 4.604667e-03
-9.500000 4.739579e-03
-9.250000 4.875039e-03
-9.000000 5.011319e-03
-8.750000 5.148697e-03
-8.500000 5.287443e-03
-8.250000 5.427823e-03
-8.000000 5.570095e-03
-7.750000 5.714502e-03
-7.500000 5.861272e-03
-7.250000 6.010614e-03
-7.000000 6.162717e-03
-6.750000 6.317743e-03
-6.500000 6.475830e-03
-6.250000 6.637086e-03
-6.000000 6.801589e-03
-5.750000 6.969385e-03
-5.500000 7.140488e-03
-5.250000 7.314881e-03
-5.000000 7.492509e-03
-4.750000 7.673288e-03
-4.500000 7.857099e-03
-4.250000 8.043791e-03
-4.000000 8.233182e-03
-3.750000 8.425060e-03
-3.500000 8.619183e-03
-3.250000 8.815283e-03
-3.000000 9.013065e-03
-2.750000 9.212210e-03
-2.500000 9.412379e-03
-2.250000 9.613210e-03
-2.000000 9.814324e-03
-1.750000 1.001532e-02
-1.500000 1.021580e-02
-1.250000 1.041533e-02
-1.000000 1.061347e-02
-0.750000 1.080979e-02
-0.500000 1.100384e-02
-0.250000 1.119515e-02
0.000000 1.138327e-02
0.250000 1.156775e-02
0.500000 1.174811e-02
0.750000 1.192389e-02
1.000000 1.209465e-02
1.250000 1.225992e-02
1.500000 1.241927e-02
1.750000 1.257225e-02
2.000000 1.271844e-02
2.250000 1.285741e-02
2.500000 1.298876e-02
2.750000 1.311208e-02
3.000000 1.322700e-02
3.250000 1.333316e-02
3.500000 1.343019e-02
3.750000 1.351778e-02
4.000000 1.359559e-02
4.250000 1.366334e-02
4.500000 1.372074e-02
4.750000 1.376755e-02
5.000000 1.380352e-02
5.250000 1.382845e-02
5.500000 1.384214e-02
5.750000 1.384443e-02
6.000000 1.383517e-02
6.250000 1.381425e-02
6.500000 1.378158e-02
6.750000 1.373708e-02
7.000000 1.368071e-02
7.250000 1.361246e-02
7.500000 1.353233e-02
7.750000 1.344036e-02
8.000000 1.333662e-02
8.250000 1.322119e-02
8.500000 1.309418e-02
8.750000 1.295573e-02
9.000000 1.280602e-02
9.250000 1.264523e-02
9.500000 1.247358e-02
9.750000 1.229131e-02
10.000000 1.209870e-02
10.250000 1.189604e-02
10.500000 1.168364e-02
10.750000 1.146184e-02
11.000000 1.123102e-02
11.250000 1.099156e-02
11.500000 1.074387e-02
11.750000 1.048840e-02
12.000000 1.022558e-02
12.250000 9.955911e-03
12.500000 9.679884e-03
12.750000 9.398024e-03
13.000000 9.110872e-03
13.250000 8.818995e-03
13.500000 8.522979e-03
13.750000 8.223434e-03
14.000000 7.920994e-03
14.250000 7.616316e-03
14.500000 7.310084e-03
14.750000 7.003012e-03
15.000000 6.695845e-03
15.250000 6.389363e-03
15.500000 6.084390e-03
15.750000 5.781795e-03
16.000000 5.482504e-03
16.250000 5.187510e-03
16.500000 4.897886e-03
16.750000 4.614796e-03
17.000000 4.339519e-03
17.250000 4.073468e-03
17.500000 3.818208e-03
17.750000 3.575483e-03
18.000000 3.347226e-03
18.250000 3.135564e-03
18.500000 2.942791e-03
18.750000 2.771303e-03
19.000000 2.623463e-03
19.250000 2.501404e-03
19.500000 2.406759e-03
19.750000 2.340366e-03
20.000000 2.302033e-03
20.250000 2.290433e-03
20.500000 2.303189e-03
20.750000 2.337126e-03
21.000000 2.388611e-03
21.250000 2.453893e-03
21.500000 2.529363e-03
21.750000 2.611727e-03
22.000000 2.698080e-03
22.250000 2.785928e-03
22.500000 2.873166e-03
22.750000 2.958035e-03
23.000000 3.039079e-03
23.250000 3.115099e-03
23.500000 3.185112e-03
23.750000 3.248318e-03
24.000000 3.304071e-03
24.250000 3.351853e-03
24.500000 3.391256e-03
24.750000 3.421968e-03
25.000000 3.443756e-03
25.250000 3.456460e-03
25.500000 3.459983e-03
25.750000 3.454280e-03
26.000000 3.439360e-03
26.250000 3.415273e-03
26.500000 3.382114e-03
26.750000 3.340010e-03
27.000000 3.289126e-03
27.250000 3.229656e-03
27.500000 3.161824e-03
27.750000 3.085881e-03
28.000000 3.002102e-03
28.250000 2.910786e-03
28.500000 2.812255e-03
28.750000 2.706850e-03
29.000000 2.594932e-03
29.250000 2.476880e-03
29.500000 2.353092e-03
29.750000 2.223985e-03
30.000000 2.089995e-03
30.250000 1.951576e-03
30.500000 1.809209e-03
30.750000 1.663404e-03
31.000000 1.514712e-03
31.250000 1.363744e-03
31.500000 1.211203e-03
31.750000 1.057951e-03
32.000000 9.051378e-04
32.250000 7.544798e-04
32.500000 6.089167e-04
32.750000 4.742893e-04
33.000000 3.636495e-04
33.250000 3.042676e-04
33.500000 3.245632e-04
33.750000 4.115500e-04
34.000000 5.319867e-04
34.250000 6.664103e-04
34.500000 8.062585e-04
34.750000 9.475477e-04
35.000000 1.088161e-03
35.250000 1.226815e-03
35.500000 1.362636e-03
35.750000 1.494976e-03
36.000000 1.623318e-03
36.250000 1.747230e-03
36.500000 1.866343e-03
36.750000 1.980331e-03
37.000000 2.088906e-03
37.250000 2.191809e-03
37.500000 2.288812e-03
37.750000 2.379709e-03
38.000000 2.464319e-03
38.250000 2.542485e-03
38.500000 2.614072e-03
38.750000 2.678964e-03
39.000000 2.737070e-03
39.250000 2.788317e-03
39.500000 2.832654e-03
39.750000 2.870051e-03
40.000000 2.900496e-03
40.250000 2.923997e-03
40.500000 2.940583e-03
40.750000 2.950301e-03
41.000000 2.953216e-03
41.250000 2.949412e-03
41.500000 2.938990e-03
41.750000 2.922068e-03
42.000000 2.898782e-03
42.250000 2.869282e-03
42.500000 2.833737e-03
42.750000 2.792328e-03
43.000000 2.745252e-03
43.250000 2.692719e-03
43.500000 2.634952e-03
43.750000 2.572189e-03
44.000000 2.504677e-03
44.250000 2.432677e-03
44.500000 2.356460e-03
44.750000 2.276309e-03
45.000000 2.192516e-03
45.250000 2.105386e-03
45.500000 2.015231e-03
45.750000 1.922376e-03
46.000000 1.827160e-03
46.250000 1.729931e-03
46.500000 1.631056e-03
46.750000 1.530920e-03
47.000000 1.429934e-03
47.250000 1.328538e-03
47.500000 1.227220e-03
47.750000 1.126527e-03
48.000000 1.027097e-03
48.250000 9.296963e-04
48.500000 8.352847e-04
48.750000 7.451104e-04
49.000000 6.608510e-04
49.250000 5.848010e-04
49.500000 5.200587e-04
49.750000 4.705205e-04
50.000000 4.402785e-04
