-50.000000 1.091984e-03
-49.750000 1.118742e-03
-49.500000 1.140289e-03
-49.250000 1.156550e-03
-49.000000 1.167516e-03
-48.750000 1.173239e-03
-48.500000 1.173840e-03
-48.250000 1.169500e-03
-48.000000 1.160468e-03
-47.750000 1.147052e-03
-47.500000 1.129625e-03
-47.250000 1.108617e-03
-47.000000 1.084512e-03
-46.750000 1.057848e-03
-46.500000 1.029205e-03
-46.250000 9.992047e-04
-46.000000 9.684961e-04
-45.750000 9.377480e-04
-45.500000 9.076347e-04
-45.250000 8.788220e-04
-45.000000 8.519506e-04
-44.750000 8.276193e-04
-44.500000 8.063702e-04
-44.250000 7.886775e-04
-44.000000 7.749432e-04
-43.750000 7.655014e-04
-43.500000 7.606337e-04
-43.250000 7.605931e-04
-43.000000 7.656336e-04
-42.750000 7.760400e-04
-42.500000 7.921521e-04
-42.250000 8.143764e-04
-42.000000 8.431828e-04
-41.750000 8.790858e-04
-41.500000 9.226114e-04
-41.250000 9.742581e-04
-41.000000 1.034456e-03
-40.750000 1.103531e-03
-40.500000 1.181681e-03
-40.250000 1.268962e-03
-40.000000 1.365280e-03
-39.750000 1.470399e-03
-39.500000 1.583945e-03
-39.250000 1.705421e-03
-39.000000 1.834213e-03
-38.750000 1.969607e-03
-38.500000 2.110794e-03
-38.250000 2.256883e-03
-38.000000 2.406910e-03
-37.750000 2.559846e-03
-37.500000 2.714603e-03
-37.250000 2.870049e-03
-37.000000 3.025009e-03
-36.750000 3.178279e-03
-36.500000 3.328632e-03
-36.250000 3.474831e-03
-36.000000 3.615636e-03
-35.750000 3.749812e-03
-35.500000 3.876145e-03
-35.250000 3.993448e-03
-35.000000 4.100574e-03
-34.750000 4.196423e-03
-34.500000 4.279959e-03
-34.250000 4.350216e-03
-34.000000 4.406311e-03
-33.750000 4.447456e-03
-33.500000 4.472967e-03
-33.250000 4.482277e-03
-33.000000 4.474946e-03
-32.750000 4.450675e-03
-32.500000 4.409317e-03
-32.250000 4.350891e-03
-32.000000 4.275599e-03
-31.750000 4.183840e-03
-31.500000 4.076233e-03
-31.250000 3.953642e-03
-31.000000 3.817209e-03
-30.750000 3.668390e-03
-30.500000 3.509014e-03
-30.250000 3.341345e-03
-30.000000 3.168175e-03
-29.750000 2.992927e-03
-29.500000 2.819780e-03
-29.250000 2.653795e-03
-29.000000 2.500985e-03
-28.750000 2.368254e-03
-28.500000 2.263045e-03
-28.250000 2.192575e-03
-28.000000 2.162638e-03
-27.750000 2.176316e-03
-27.500000 2.233176e-03
-27.250000 2.329423e-03
-27.000000 2.458896e-03
-26.750000 2.614352e-03
-26.500000 2.788513e-03
-26.250000 2.974680e-03
-26.000000 3.166980e-03
-25.750000 3.360384e-03
-25.500000 3.550633e-03
-25.250000 3.734130e-03
-25.000000 3.907835e-03
-24.750000 4.069187e-03
-24.500000 4.216038e-03
-24.250000 4.346606e-03
-24.000000 4.459449e-03
-23.750000 4.553441e-03
-23.500000 4.627765e-03
-23.250000 4.681906e-03
-23.000000 4.715659e-03
-22.750000 4.729130e-03
-22.500000 4.722749e-03
-22.250000 4.697284e-03
-22.000000 4.653861e-03
-21.750000 4.593981e-03
-21.500000 4.519547e-03
-21.250000 4.432882e-03
-21.000000 4.336752e-03
-20.750000 4.234381e-03
-20.500000 4.129446e-03
-20.250000 4.026045e-03
-20.000000 3.928628e-03
-19.750000 3.841853e-03
-19.500000 3.770379e-03
-19.250000 3.718570e-03
-19.000000 3.690137e-03
-18.750000 3.687781e-03
-18.500000 3.712889e-03
-18.250000 3.765376e-03
-18.000000 3.843704e-03
-17.750000 3.945068e-03
-17.500000 4.065703e-03
-17.250000 4.201227e-03
-17.000000 4.346960e-03
-16.750000 4.498186e-03
-16.500000 4.650338e-03
-16.250000 4.799125e-03
-16.000000 4.940606e-03
-15.750000 5.071233e-03
-15.500000 5.187876e-03
-15.250000 5.287834e-03
-15.000000 5.368851e-03
-14.750000 5.429126e-03
-14.500000 5.467337e-03
-14.250000 5.482664e-03
-14.000000 5.474829e-03
-13.750000 5.444146e-03
-13.500000 5.391584e-03
-13.250000 5.318847e-03
-13.000000 5.228474e-03
-12.750000 5.123952e-03
-12.500000 5.009844e-03
-12.250000 4.891909e-03
-12.000000 4.777184e-03
-11.750000 4.673980e-03
-11.500000 4.591704e-03
-11.250000 4.540417e-03
-11.000000 4.530079e-03
-10.750000 4.569516e-03
-10.500000 4.665319e-03
-10.250000 4.820986e-03
-10.000000 5.036613e-03
-9.750000 5.309180e-03
-9.500000 5.633292e-03
-9.250000 6.002057e-03
-9.000000 6.407868e-03
-8.750000 6.842977e-03
-8.500000 7.299840e-03
-8.250000 7.771297e-03
-8.000000 8.250639e-03
-7.750000 8.731611e-03
-7.500000 9.208389e-03
-7.250000 9.675546e-03
-7.000000 1.012802e-02
-6.750000 1.056108e-02
-6.500000 1.097030e-02
-6.250000 1.135159e-02
-6.000000 1.170110e-02
-5.750000 1.201531e-02
-5.500000 1.229096e-02
-5.250000 1.252508e-02
-5.000000 1.271501e-02
-4.750000 1.285838e-02
-4.500000 1.295313e-02
-4.250000 1.299751e-02
-4.000000 1.299007e-02
-3.750000 1.292973e-02
-3.500000 1.281571e-02
-3.250000 1.264756e-02
-3.000000 1.242518e-02
-2.750000 1.214882e-02
-2.500000 1.181906e-02
-2.250000 1.143684e-02
-2.000000 1.100345e-02
-1.750000 1.052051e-02
-1.500000 9.990039e-03
-1.250000 9.414416e-03
-1.000000 8.796430e-03
-0.750000 8.139324e-03
-0.500000 7.446884e-03
-0.250000 6.723597e-03
0.000000 5.974957e-03
0.250000 5.208060e-03
0.500000 4.432861e-03
0.750000 3.665000e-03
1.000000 2.932650e-03
1.250000 2.293556e-03
1.500000 1.868224e-03
1.750000 1.827315e-03
2.000000 2.196757e-03
2.250000 2.817530e-03
2.500000 3.554574e-03
2.750000 4.340885e-03
3.000000 5.144219e-03
3.250000 5.947049e-03
3.500000 6.738390e-03
3.750000 7.510466e-03
4.000000 8.257242e-03
4.250000 8.973747e-03
4.500000 9.655724e-03
4.750000 1.029945e-02
5.000000 1.090166e-02
5.250000 1.145945e-02
5.500000 1.197029e-02
5.750000 1.243200e-02
6.000000 1.284271e-02
6.250000 1.320092e-02
6.500000 1.350543e-02
6.750000 1.375538e-02
7.000000 1.395023e-02
7.250000 1.408977e-02
7.500000 1.417410e-02
7.750000 1.420366e-02
8.000000 1.417917e-02
8.250000 1.410167e-02
8.500000 1.397248e-02
8.750000 1.379319e-02
9.000000 1.356569e-02
9.250000 1.329209e-02
9.500000 1.297476e-02
9.750000 1.261626e-02
10.000000 1.221938e-02
10.250000 1.178708e-02
10.500000 1.132248e-02
10.750000 1.082885e-02
11.000000 1.030957e-02
11.250000 9.768129e-03
11.500000 9.208076e-03
11.750000 8.633021e-03
12.000000 8.046607e-03
12.250000 7.452484e-03
12.500000 6.854291e-03
12.750000 6.255641e-03
13.000000 5.660101e-03
13.250000 5.071180e-03
13.500000 4.492332e-03
13.750000 3.926956e-03
14.000000 3.378433e-03
14.250000 2.850204e-03
14.500000 2.345951e-03
14.750000 1.870028e-03
15.000000 1.428563e-03
15.250000 1.032673e-03
15.500000 7.088870e-04
15.750000 5.262481e-04
16.000000 5.644349e-04
16.250000 7.478579e-04
16.500000 9.671417e-04
16.750000 1.178545e-03
17.000000 1.367201e-03
17.250000 1.527452e-03
17.500000 1.657070e-03
17.750000 1.755421e-03
18.000000 1.822789e-03
18.250000 1.860121e-03
18.500000 1.868917e-03
18.750000 1.851230e-03
19.000000 1.809707e-03
19.250000 1.747710e-03
19.500000 1.669492e-03
19.750000 1.580484e-03
20.000000 1.487650e-03
20.250000 1.399876e-03
20.500000 1.328082e-03
20.750000 1.284523e-03
21.000000 1.280595e-03
21.250000 1.323507e-03
21.500000 1.413878e-03
21.750000 1.546320e-03
22.000000 1.712245e-03
22.250000 1.902580e-03
22.500000 2.109205e-03
22.750000 2.325343e-03
23.000000 2.545451e-03
23.250000 2.764986e-03
23.500000 2.980178e-03
23.750000 3.187862e-03
24.000000 3.385357e-03
24.250000 3.570383e-03
24.500000 3.741006e-03
24.750000 3.895604e-03
25.000000 4.032846e-03
25.250000 4.151675e-03
25.500000 4.251301e-03
25.750000 4.331195e-03
26.000000 4.391088e-03
26.250000 4.430969e-03
26.500000 4.451088e-03
26.750000 4.451954e-03
27.000000 4.434339e-03
27.250000 4.399281e-03
27.500000 4.348085e-03
27.750000 4.282328e-03
28.000000 4.203862e-03
28.250000 4.114812e-03
28.500000 4.017577e-03
28.750000 3.914816e-03
29.000000 3.809434e-03
29.250000 3.704540e-03
29.500000 3.603390e-03
29.750000 3.509294e-03
30.000000 3.425488e-03
30.250000 3.354969e-03
30.500000 3.300299e-03
30.750000 3.263406e-03
31.000000 3.245411e-03
31.250000 3.246516e-03
31.500000 3.265979e-03
31.750000 3.302195e-03
32.000000 3.352843e-03
32.250000 3.415096e-03
32.500000 3.485824e-03
32.750000 3.561791e-03
33.000000 3.639808e-03
33.250000 3.716845e-03
33.500000 3.790102e-03
33.750000 3.857057e-03
34.000000 3.915480e-03
34.250000 3.963442e-03
34.500000 3.999312e-03
34.750000 4.021742e-03
35.000000 4.029660e-03
35.250000 4.022253e-03
35.500000 3.998958e-03
35.750000 3.959444e-03
36.000000 3.903605e-03
36.250000 3.831545e-03
36.500000 3.743568e-03
36.750000 3.640173e-03
37.000000 3.522039e-03
37.250000 3.390027e-03
37.500000 3.245169e-03
37.750000 3.088672e-03
38.000000 2.921922e-03
38.250000 2.746490e-03
38.500000 2.564161e-03
38.750000 2.376963e-03
39.000000 2.187230e-03
39.250000 1.997686e-03
39.500000 1.811588e-03
39.750000 1.632910e-03
40.000000 1.466592e-03
40.250000 1.318767e-03
40.500000 1.196770e-03
40.750000 1.108458e-03
41.000000 1.060350e-03
41.250000 1.054932e-03
41.500000 1.088980e-03
41.750000 1.154626e-03
42.000000 1.242242e-03
42.250000 1.342867e-03
42.500000 1.449241e-03
42.750000 1.555854e-03
43.000000 1.658635e-03
43.250000 1.754584e-03
43.500000 1.841494e-03
43.750000 1.917739e-03
44.000000 1.982131e-03
44.250000 2.033829e-03
44.500000 2.072264e-03
44.750000 2.097102e-03
45.000000 2.108202e-03
45.250000 2.105599e-03
45.500000 2.089477e-03
45.750000 2.060162e-03
46.000000 2.018102e-03
46.250000 1.963859e-03
46.500000 1.898099e-03
46.750000 1.821580e-03
47.000000 1.735148e-03
47.250000 1.639726e-03
47.500000 1.536311e-03
47.750000 1.425967e-03
48.000000 1.309829e-03
48.250000 1.189105e-03
48.500000 1.065094e-03
48.750000 9.392254e-04
49.000000 8.131316e-04
49.250000 6.888121e-04
49.500000 5.689781e-04
49.750000 4.578227e-04
50.000000 3.626867e-04
