-50.000000 6.085055e-04
-49.750000 4.445168e-04
-49.500000 3.021852e-04
-49.250000 3.667563e-04
-49.000000 5.946852e-04
-48.750000 8.377704e-04
-48.500000 1.036023e-03
-48.250000 1.159184e-03
-48.000000 1.191313e-03
-47.750000 1.128690e-03
-47.500000 9.791280e-04
-47.250000 7.606217e-04
-47.000000 4.990117e-04
-46.750000 2.250117e-04
-46.500000 4.176945e-05
-46.250000 2.461180e-04
-46.000000 3.923581e-04
-45.750000 4.667279e-04
-45.500000 4.792851e-04
-45.250000 4.658805e-04
-45.000000 4.879790e-04
-44.750000 5.874900e-04
-44.500000 7.405411e-04
-44.250000 8.947455e-04
-44.000000 1.005378e-03
-43.750000 1.041131e-03
-43.500000 9.838841e-04
-43.250000 8.288385e-04
-43.000000 5.850881e-04
-42.750000 2.824333e-04
-42.500000 1.810471e-04
-42.250000 5.161916e-04
-42.000000 8.634330e-04
-41.750000 1.158040e-03
-41.500000 1.369120e-03
-41.250000 1.477024e-03
-41.000000 1.473478e-03
-40.750000 1.361979e-03
-40.500000 1.157097e-03
-40.250000 8.826511e-04
-40.000000 5.691955e-04
-39.750000 2.537723e-04
-39.500000 1.055425e-04
-39.250000 3.253858e-04
-39.000000 5.068322e-04
-38.750000 6.179067e-04
-38.500000 6.624175e-04
-38.250000 6.590249e-04
-38.000000 6.387090e-04
-37.750000 6.360382e-04
-37.500000 6.697415e-04
-37.250000 7.297703e-04
-37.000000 7.897465e-04
-36.750000 8.261420e-04
-36.500000 8.267503e-04
-36.250000 7.918198e-04
-36.000000 7.329059e-04
-35.750000 6.705459e-04
-35.500000 6.290576e-04
-35.250000 6.261548e-04
-35.000000 6.633005e-04
-34.750000 7.294353e-04
-34.500000 8.127232e-04
-34.250000 9.053541e-04
-34.000000 1.000666e-03
-33.750000 1.089058e-03
-33.500000 1.156764e-03
-33.250000 1.188008e-03
-33.000000 1.169238e-03
-32.750000 1.094278e-03
-32.500000 9.704762e-04
-32.250000 8.277892e-04
-32.000000 7.302016e-04
-31.750000 7.553363e-04
-31.500000 9.058538e-04
-31.250000 1.106483e-03
-31.000000 1.285563e-03
-30.750000 1.396773e-03
-30.500000 1.413941e-03
-30.250000 1.327767e-03
-30.000000 1.145016e-03
-29.750000 8.891827e-04
-29.500000 6.068371e-04
-29.250000 4.031025e-04
-29.000000 4.455395e-04
-28.750000 6.364242e-04
-28.500000 8.094184e-04
-28.250000 9.113102e-04
-28.000000 9.363369e-04
-27.750000 9.068142e-04
-27.500000 8.663240e-04
-27.250000 8.604055e-04
-27.000000 8.997150e-04
-26.750000 9.463791e-04
-26.500000 9.444494e-04
-26.250000 8.522505e-04
-26.000000 6.655818e-04
-25.750000 4.882422e-04
-25.500000 6.448453e-04
-25.250000 1.123591e-03
-25.000000 1.700809e-03
-24.750000 2.265159e-03
-24.500000 2.738623e-03
-24.250000 3.057294e-03
-24.000000 3.173966e-03
-23.750000 3.064488e-03
-23.500000 2.735221e-03
-23.250000 2.234825e-03
-23.000000 1.686636e-03
-22.750000 1.371006e-03
-22.500000 1.594076e-03
-22.250000 2.159517e-03
-22.000000 2.739485e-03
-21.750000 3.164464e-03
-21.500000 3.352412e-03
-21.250000 3.272644e-03
-21.000000 2.939052e-03
-20.750000 2.413771e-03
-20.500000 1.826216e-03
-20.250000 1.423327e-03
-20.000000 1.479289e-03
-19.750000 1.848910e-03
-19.500000 2.194283e-03
-19.250000 2.327473e-03
-19.000000 2.167196e-03
-18.750000 1.695029e-03
-18.500000 9.446764e-04
-18.250000 2.240927e-04
-18.000000 1.184083e-03
-17.750000 2.283551e-03
-17.500000 3.273203e-03
-17.250000 4.034035e-03
-17.000000 4.472208e-03
-16.750000 4.527324e-03
-16.500000 4.180066e-03
-16.250000 3.456213e-03
-16.000000 2.427648e-03
-15.750000 1.223753e-03
-15.500000 5.084551e-04
-15.250000 1.539990e-03
-15.000000 2.576120e-03
-14.750000 3.311428e-03
-14.500000 3.646216e-03
-14.250000 3.537465e-03
-14.000000 3.000777e-03
-13.750000 2.129799e-03
-13.500000 1.232830e-03
-13.250000 1.390600e-03
-13.000000 2.523365e-03
-12.750000 3.691434e-03
-12.500000 4.594410e-03
-12.250000 5.082532e-03
-12.000000 5.071389e-03
-11.750000 4.537001e-03
-11.500000 3.520419e-03
-11.250000 2.151470e-03
-11.000000 9.935152e-04
-10.750000 1.977054e-03
-10.500000 3.679784e-03
-10.250000 5.250077e-03
-10.000000 6.478188e-03
-9.750000 7.244219e-03
-9.500000 7.487902e-03
-9.250000 7.207277e-03
-9.000000 6.455218e-03
-8.750000 5.330132e-03
-8.500000 3.961492e-03
-8.250000 2.496211e-03
-8.000000 1.139637e-03
-7.750000 9.264586e-04
-7.500000 2.057557e-03
-7.250000 3.297215e-03
-7.000000 4.548797e-03
-6.750000 5.810634e-03
-6.500000 7.033701e-03
-6.250000 8.105511e-03
-6.000000 8.869739e-03
-5.750000 9.162664e-03
-5.500000 8.858842e-03
-5.250000 7.934705e-03
-5.000000 6.600381e-03
-4.750000 5.636961e-03
-4.500000 6.470019e-03
-4.250000 9.292586e-03
-4.000000 1.306963e-02
-3.750000 1.702547e-02
-3.500000 2.064607e-02
-3.250000 2.353873e-02
-3.000000 2.540870e-02
-2.750000 2.608062e-02
-2.500000 2.553810e-02
-2.250000 2.398118e-02
-2.000000 2.191152e-02
-1.750000 2.021979e-02
-1.500000 2.004665e-02
-1.250000 2.205974e-02
-1.000000 2.584976e-02
-0.750000 3.043211e-02
-0.500000 3.490362e-02
-0.250000 3.861526e-02
0.000000 4.114767e-02
0.250000 4.227499e-02
0.500000 4.194088e-02
0.750000 4.023804e-02
1.000000 3.738461e-02
1.250000 3.369489e-02
1.500000 2.954554e-02
1.750000 2.533980e-02
2.000000 2.147352e-02
2.250000 1.830420e-02
2.500000 1.611770e-02
2.750000 1.508102e-02
3.000000 1.519478e-02
3.250000 1.629939e-02
3.500000 1.814055e-02
3.750000 2.042562e-02
4.000000 2.284562e-02
4.250000 2.508921e-02
4.500000 2.686463e-02
4.750000 2.792655e-02
5.000000 2.810133e-02
5.250000 2.730592e-02
5.500000 2.555858e-02
5.750000 2.298184e-02
6.000000 1.980097e-02
6.250000 1.634493e-02
6.500000 1.306008e-02
6.750000 1.052500e-02
7.000000 9.309085e-03
7.250000 9.453136e-03
7.500000 1.029763e-02
7.750000 1.113851e-02
8.000000 1.158963e-02
8.250000 1.152168e-02
8.500000 1.095676e-02
8.750000 1.000065e-02
9.000000 8.798456e-03
9.250000 7.503728e-03
9.500000 6.261127e-03
9.750000 5.209566e-03
10.000000 4.505469e-03
10.250000 4.316827e-03
10.500000 4.705679e-03
10.750000 5.537423e-03
11.000000 6.588245e-03
11.250000 7.653677e-03
11.500000 8.569612e-03
11.750000 9.211689e-03
12.000000 9.500060e-03
12.250000 9.408032e-03
12.500000 8.970571e-03
12.750000 8.290227e-03
13.000000 7.536197e-03
13.250000 6.921190e-03
13.500000 6.626355e-03
13.750000 6.686503e-03
14.000000 6.956795e-03
14.250000 7.215384e-03
14.500000 7.274763e-03
14.750000 7.024296e-03
15.000000 6.430505e-03
15.250000 5.525795e-03
15.500000 4.397254e-03
15.750000 3.183427e-03
16.000000 2.104224e-03
16.250000 1.560498e-03
16.500000 1.792470e-03
16.750000 2.276440e-03
17.000000 2.609419e-03
17.250000 2.674988e-03
17.500000 2.470550e-03
17.750000 2.052953e-03
18.000000 1.529389e-03
18.250000 1.085637e-03
18.500000 9.970917e-04
18.750000 1.249885e-03
19.000000 1.536192e-03
19.250000 1.691287e-03
19.500000 1.669173e-03
19.750000 1.485117e-03
20.000000 1.203704e-03
20.250000 9.503535e-04
20.500000 8.952724e-04
20.750000 1.054488e-03
21.000000 1.254490e-03
21.250000 1.361212e-03
21.500000 1.315508e-03
21.750000 1.107392e-03
22.000000 7.709435e-04
22.250000 4.427254e-04
22.500000 5.597848e-04
22.750000 9.985312e-04
23.000000 1.422732e-03
23.250000 1.728685e-03
23.500000 1.865889e-03
23.750000 1.811739e-03
24.000000 1.569678e-03
24.250000 1.170264e-03
24.500000 6.842093e-04
24.750000 3.903753e-04
25.000000 7.553123e-04
25.250000 1.251142e-03
25.500000 1.657076e-03
25.750000 1.912302e-03
26.000000 1.992724e-03
26.250000 1.902325e-03
26.500000 1.674498e-03
26.750000 1.377994e-03
27.000000 1.128732e-03
27.250000 1.065738e-03
27.500000 1.201982e-03
27.750000 1.395498e-03
28.000000 1.517748e-03
28.250000 1.500312e-03
28.500000 1.316813e-03
28.750000 9.701936e-04
29.000000 4.859259e-04
29.250000 1.036286e-04
29.500000 7.240445e-04
29.750000 1.337909e-03
30.000000 1.885581e-03
30.250000 2.319385e-03
30.500000 2.603227e-03
30.750000 2.715259e-03
31.000000 2.649088e-03
31.250000 2.413640e-03
31.500000 2.032433e-03
31.750000 1.544607e-03
32.000000 1.018748e-03
32.250000 6.467897e-04
32.500000 8.202125e-04
32.750000 1.319018e-03
33.000000 1.837564e-03
33.250000 2.284404e-03
33.500000 2.619010e-03
33.750000 2.817489e-03
34.000000 2.867070e-03
34.250000 2.765945e-03
34.500000 2.524763e-03
34.750000 2.169517e-03
35.000000 1.747949e-03
35.250000 1.346379e-03
35.500000 1.116508e-03
35.750000 1.192275e-03
36.000000 1.477100e-03
36.250000 1.789894e-03
36.500000 2.025396e-03
36.750000 2.134651e-03
37.000000 2.100249e-03
37.250000 1.926772e-03
37.500000 1.636238e-03
37.750000 1.264484e-03
38.000000 8.581161e-04
38.250000 4.771452e-04
38.500000 2.468402e-04
38.750000 3.313485e-04
39.000000 4.613959e-04
39.250000 5.085666e-04
39.500000 4.861416e-04
39.750000 4.809388e-04
40.000000 6.072655e-04
40.250000 8.572953e-04
40.500000 1.146603e-03
40.750000 1.406170e-03
41.000000 1.587399e-03
41.250000 1.658286e-03
41.500000 1.603583e-03
41.750000 1.426139e-03
42.000000 1.149178e-03
42.250000 8.249606e-04
42.500000 5.745091e-04
42.750000 6.063173e-04
43.000000 8.588549e-04
43.250000 1.121653e-03
43.500000 1.303657e-03
43.750000 1.371105e-03
44.000000 1.317263e-03
44.250000 1.155543e-03
44.500000 9.178513e-04
44.750000 6.577270e-04
45.000000 4.662474e-04
45.250000 4.497782e-04
45.500000 5.462957e-04
45.750000 6.162213e-04
46.000000 5.968295e-04
46.250000 4.760217e-04
46.500000 2.892611e-04
46.750000 2.620547e-04
47.000000 5.440110e-04
47.250000 8.854964e-04
47.500000 1.195096e-03
47.750000 1.424731e-03
48.000000 1.540856e-03
48.250000 1.524184e-03
48.500000 1.371559e-03
48.750000 1.097729e-03
49.000000 7.403838e-04
49.250000 4.033220e-04
49.500000 4.448238e-04
49.750000 7.994911e-04
50.000000 1.145853e-03
