-50.000000 6.266382e-03
-49.750000 6.387269e-03
-49.500000 6.492424e-03
-49.250000 6.581543e-03
-49.000000 6.654370e-03
-48.750000 6.710694e-03
-48.500000 6.750348e-03
-48.250000 6.773218e-03
-48.000000 6.779236e-03
-47.750000 6.768384e-03
-47.500000 6.740695e-03
-47.250000 6.696254e-03
-47.000000 6.635197e-03
-46.750000 6.557711e-03
-46.500000 6.464037e-03
-46.250000 6.354471e-03
-46.000000 6.229361e-03
-45.750000 6.089110e-03
-45.500000 5.934176e-03
-45.250000 5.765075e-03
-45.000000 5.582381e-03
-44.750000 5.386726e-03
-44.500000 5.178809e-03
-44.250000 4.959394e-03
-44.000000 4.729320e-03
-43.750000 4.489507e-03
-43.500000 4.240972e-03
-43.250000 3.984844e-03
-43.000000 3.722394e-03
-42.750000 3.455076e-03
-42.500000 3.184585e-03
-42.250000 2.912960e-03
-42.000000 2.642726e-03
-41.750000 2.377135e-03
-41.500000 2.120536e-03
-41.250000 1.878942e-03
-41.000000 1.660816e-03
-40.750000 1.477876e-03
-40.500000 1.345016e-03
-40.250000 1.277421e-03
-40.000000 1.283899e-03
-39.750000 1.361026e-03
-39.500000 1.494955e-03
-39.250000 1.668732e-03
-39.000000 1.867699e-03
-38.750000 2.080953e-03
-38.500000 2.300788e-03
-38.250000 2.521764e-03
-38.000000 2.739938e-03
-37.750000 2.952358e-03
-37.500000 3.156727e-03
-37.250000 3.351204e-03
-37.000000 3.534275e-03
-36.750000 3.704665e-03
-36.500000 3.861298e-03
-36.250000 4.003255e-03
-36.000000 4.129762e-03
-35.750000 4.240178e-03
-35.500000 4.333991e-03
-35.250000 4.410823e-03
-35.000000 4.470431e-03
-34.750000 4.512724e-03
-34.500000 4.537773e-03
-34.250000 4.545833e-03
-34.000000 4.537372e-03
-33.750000 4.513094e-03
-33.500000 4.473990e-03
-33.250000 4.421379e-03
-33.000000 4.356972e-03
-32.750000 4.282942e-03
-32.500000 4.202001e-03
-32.250000 4.117492e-03
-32.000000 4.033464e-03
-31.750000 3.954734e-03
-31.500000 3.886896e-03
-31.250000 3.836227e-03
-31.000000 3.809468e-03
-30.750000 3.813431e-03
-30.500000 3.854456e-03
-30.250000 3.937810e-03
-30.000000 4.067168e-03
-29.750000 4.244326e-03
-29.500000 4.469226e-03
-29.250000 4.740238e-03
-29.000000 5.054604e-03
-28.750000 5.408881e-03
-28.500000 5.799324e-03
-28.250000 6.222144e-03
-28.000000 6.673672e-03
-27.750000 7.150440e-03
-27.500000 7.649206e-03
-27.250000 8.166950e-03
-27.000000 8.700851e-03
-26.750000 9.248267e-03
-26.500000 9.806698e-03
-26.250000 1.037377e-02
-26.000000 1.094720e-02
-25.750000 1.152481e-02
-25.500000 1.210445e-02
-25.250000 1.268405e-02
-25.000000 1.326158e-02
-24.750000 1.383506e-02
-24.500000 1.440251e-02
-24.250000 1.496202e-02
-24.000000 1.551167e-02
-23.750000 1.604960e-02
-23.500000 1.657396e-02
-23.250000 1.708292e-02
-23.000000 1.757469e-02
-22.750000 1.804753e-02
-22.500000 1.849968e-02
-22.250000 1.892948e-02
-22.000000 1.933526e-02
-21.750000 1.971541e-02
-21.500000 2.006837e-02
-21.250000 2.039262e-02
-21.000000 2.068671e-02
-20.750000 2.094923e-02
-20.500000 2.117883e-02
-20.250000 2.137425e-02
-20.000000 2.153428e-02
-19.750000 2.165779e-02
-19.500000 2.174374e-02
-19.250000 2.179117e-02
-19.000000 2.179922e-02
-18.750000 2.176713e-02
-18.500000 2.169425e-02
-18.250000 2.158003e-02
-18.000000 2.142409e-02
-17.750000 2.122613e-02
-17.500000 2.098605e-02
-17.250000 2.070388e-02
-17.000000 2.037987e-02
-16.750000 2.001444e-02
-16.500000 1.960827e-02
-16.250000 1.916229e-02
-16.000000 1.867775e-02
-15.750000 1.815627e-02
-15.500000 1.759989e-02
-15.250000 1.701116e-02
-15.000000 1.639330e-02
-14.750000 1.575029e-02
-14.500000 1.508709e-02
-14.250000 1.440990e-02
-14.000000 1.372646e-02
-13.750000 1.304647e-02
-13.500000 1.238204e-02
-13.250000 1.174823e-02
-13.000000 1.116350e-02
-12.750000 1.064991e-02
-12.500000 1.023273e-02
-12.250000 9.938960e-03
-12.000000 9.794597e-03
-11.750000 9.820726e-03
-11.500000 1.002977e-02
-11.250000 1.042345e-02
-11.000000 1.099341e-02
-10.750000 1.172408e-02
-10.500000 1.259627e-02
-10.250000 1.359016e-02
-10.000000 1.468721e-02
-9.750000 1.587104e-02
-9.500000 1.712756e-02
-9.250000 1.844486e-02
-9.000000 1.981286e-02
-8.750000 2.122299e-02
-8.500000 2.266790e-02
-8.250000 2.414116e-02
-8.000000 2.563714e-02
-7.750000 2.715076e-02
-7.500000 2.867744e-02
-7.250000 3.021294e-02
-7.000000 3.175333e-02
-6.750000 3.329493e-02
-6.500000 3.483425e-02
-6.250000 3.636796e-02
-6.000000 3.789287e-02
-5.750000 3.940593e-02
-5.500000 4.090416e-02
-5.250000 4.238473e-02
-5.000000 4.384483e-02
-4.750000 4.528180e-02
-4.500000 4.669302e-02
-4.250000 4.807595e-02
-4.000000 4.942813e-02
-3.750000 5.074719e-02
-3.500000 5.203082e-02
-3.250000 5.327679e-02
-3.000000 5.448294e-02
-2.750000 5.564722e-02
-2.500000 5.676763e-02
-2.250000 5.784226e-02
-2.000000 5.886929e-02
-1.750000 5.984700e-02
-1.500000 6.077375e-02
-1.250000 6.164798e-02
-1.000000 6.246825e-02
-0.750000 6.323319e-02
-0.500000 6.394155e-02
-0.250000 6.459217e-02
0.000000 6.518399e-02
0.250000 6.571606e-02
0.500000 6.618754e-02
0.750000 6.659769e-02
1.000000 6.694586e-02
1.250000 6.723155e-02
1.500000 6.745432e-02
1.750000 6.761388e-02
2.000000 6.771004e-02
2.250000 6.774270e-02
2.500000 6.771189e-02
2.750000 6.761774e-02
3.000000 6.746051e-02
3.250000 6.724054e-02
3.500000 6.695829e-02
3.750000 6.661434e-02
4.000000 6.620934e-02
4.250000 6.574409e-02
4.500000 6.521947e-02
4.750000 6.463644e-02
5.000000 6.399609e-02
5.250000 6.329960e-02
5.500000 6.254824e-02
5.750000 6.174336e-02
6.000000 6.088642e-02
6.250000 5.997895e-02
6.500000 5.902256e-02
6.750000 5.801897e-02
7.000000 5.696993e-02
7.250000 5.587730e-02
7.500000 5.474299e-02
7.750000 5.356900e-02
8.000000 5.235735e-02
8.250000 5.111016e-02
8.500000 4.982959e-02
8.750000 4.851784e-02
9.000000 4.717718e-02
9.250000 4.580992e-02
9.500000 4.441838e-02
9.750000 4.300496e-02
10.000000 4.157208e-02
10.250000 4.012217e-02
10.500000 3.865772e-02
10.750000 3.718123e-02
11.000000 3.569524e-02
11.250000 3.420229e-02
11.500000 3.270496e-02
11.750000 3.120587e-02
12.000000 2.970764e-02
12.250000 2.821295e-02
12.500000 2.672451e-02
12.750000 2.524509e-02
13.000000 2.377753e-02
13.250000 2.232475e-02
13.500000 2.088983e-02
13.750000 1.947598e-02
14.000000 1.808667e-02
14.250000 1.672568e-02
14.500000 1.539725e-02
14.750000 1.410620e-02
15.000000 1.285826e-02
15.250000 1.166035e-02
15.500000 1.052109e-02
15.750000 9.451506e-03
16.000000 8.465840e-03
16.250000 7.582524e-03
16.500000 6.824748e-03
16.750000 6.219657e-03
17.000000 5.794493e-03
17.250000 5.568684e-03
17.500000 5.544509e-03
17.750000 5.703098e-03
18.000000 6.009849e-03
18.250000 6.424998e-03
18.500000 6.912111e-03
18.750000 7.441751e-03
19.000000 7.991669e-03
19.250000 8.545559e-03
19.500000 9.091598e-03
19.750000 9.621208e-03
20.000000 1.012814e-02
20.250000 1.060781e-02
20.500000 1.105686e-02
20.750000 1.147284e-02
21.000000 1.185396e-02
21.250000 1.219898e-02
21.500000 1.250707e-02
21.750000 1.277773e-02
22.000000 1.301072e-02
22.250000 1.320607e-02
22.500000 1.336398e-02
22.750000 1.348483e-02
23.000000 1.356915e-02
23.250000 1.361761e-02
23.500000 1.363101e-02
23.750000 1.361027e-02
24.000000 1.355638e-02
24.250000 1.347047e-02
24.500000 1.335375e-02
24.750000 1.320750e-02
25.000000 1.303311e-02
25.250000 1.283202e-02
25.500000 1.260579e-02
25.750000 1.235602e-02
26.000000 1.208440e-02
26.250000 1.179269e-02
26.500000 1.148274e-02
26.750000 1.115648e-02
27.000000 1.081591e-02
27.250000 1.046312e-02
27.500000 1.010031e-02
27.750000 9.729784e-03
28.000000 9.353947e-03
28.250000 8.975342e-03
28.500000 8.596654e-03
28.750000 8.220722e-03
29.000000 7.850558e-03
29.250000 7.489354e-03
29.500000 7.140487e-03
29.750000 6.807511e-03
30.000000 6.494123e-03
30.250000 6.204108e-03
30.500000 5.941228e-03
30.750000 5.709075e-03
31.000000 5.510862e-03
31.250000 5.349178e-03
31.500000 5.225728e-03
31.750000 5.141118e-03
32.000000 5.094712e-03
32.250000 5.084625e-03
32.500000 5.107853e-03
32.750000 5.160507e-03
33.000000 5.238115e-03
33.250000 5.335927e-03
33.500000 5.449174e-03
33.750000 5.573279e-03
34.000000 5.703980e-03
34.250000 5.837410e-03
34.500000 5.970124e-03
34.750000 6.099096e-03
35.000000 6.221702e-03
35.250000 6.335683e-03
35.500000 6.439119e-03
35.750000 6.530390e-03
36.000000 6.608150e-03
36.250000 6.671297e-03
36.500000 6.718946e-03
36.750000 6.750415e-03
37.000000 6.765205e-03
37.250000 6.762984e-03
37.500000 6.743582e-03
37.750000 6.706974e-03
38.000000 6.653283e-03
38.250000 6.582771e-03
38.500000 6.495839e-03
38.750000 6.393026e-03
39.000000 6.275019e-03
39.250000 6.142649e-03
39.500000 5.996911e-03
39.750000 5.838971e-03
40.000000 5.670186e-03
40.250000 5.492127e-03
40.500000 5.306604e-03
40.750000 5.115709e-03
41.000000 4.921847e-03
41.250000 4.727789e-03
41.500000 4.536712e-03
41.750000 4.352242e-03
42.000000 4.178471e-03
42.250000 4.019931e-03
42.500000 3.881505e-03
42.750000 3.768230e-03
43.000000 3.684984e-03
43.250000 3.636059e-03
43.500000 3.624696e-03
43.750000 3.652676e-03
44.000000 3.720101e-03
44.250000 3.825437e-03
44.500000 3.965790e-03
44.750000 4.137334e-03
45.000000 4.335745e-03
45.250000 4.556580e-03
45.500000 4.795539e-03
45.750000 5.048613e-03
46.000000 5.312165e-03
46.250000 5.582936e-03
46.500000 5.858030e-03
46.750000 6.134885e-03
47.000000 6.411226e-03
47.250000 6.685036e-03
47.500000 6.954517e-03
47.750000 7.218060e-03
48.000000 7.474224e-03
48.250000 7.721712e-03
48.500000 7.959355e-03
48.750000 8.186101e-03
49.000000 8.400998e-03
49.250000 8.603193e-03
49.500000 8.791915e-03
49.750000 8.966481e-03
50.000000 9.126279e-03
