-50.000000 5.805552e-04
-49.750000 5.680614e-04
-49.500000 5.547127e-04
-49.250000 5.404171e-04
-49.000000 5.251129e-04
-48.750000 5.087700e-04
-48.500000 4.913933e-04
-48.250000 4.730263e-04
-48.000000 4.537565e-04
-47.750000 4.337230e-04
-47.500000 4.131269e-04
-47.250000 3.922453e-04
-47.000000 3.714495e-04
-46.750000 3.512264e-04
-46.500000 3.322022e-04
-46.250000 3.151594e-04
-46.000000 3.010336e-04
-45.750000 2.908682e-04
-45.500000 2.857028e-04
-45.250000 2.864011e-04
-45.000000 2.934681e-04
-44.750000 3.069476e-04
-44.500000 3.264557e-04
-44.250000 3.513217e-04
-44.000000 3.807522e-04
-43.750000 4.139572e-04
-43.500000 4.502175e-04
-43.250000 4.889072e-04
-43.000000 5.294927e-04
-42.750000 5.715189e-04
-42.500000 6.145948e-04
-42.250000 6.583796e-04
-42.000000 7.025712e-04
-41.750000 7.468967e-04
-41.500000 7.911066e-04
-41.250000 8.349685e-04
-41.000000 8.782641e-04
-40.750000 9.207862e-04
-40.500000 9.623366e-04
-40.250000 1.002724e-03
-40.000000 1.041765e-03
-39.750000 1.079281e-03
-39.500000 1.115099e-03
-39.250000 1.149050e-03
-39.000000 1.180971e-03
-38.750000 1.210705e-03
-38.500000 1.238098e-03
-38.250000 1.263001e-03
-38.000000 1.285273e-03
-37.750000 1.304776e-03
-37.500000 1.321379e-03
-37.250000 1.334956e-03
-37.000000 1.345391e-03
-36.750000 1.352572e-03
-36.500000 1.356396e-03
-36.250000 1.356768e-03
-36.000000 1.353603e-03
-35.750000 1.346823e-03
-35.500000 1.336366e-03
-35.250000 1.322175e-03
-35.000000 1.304213e-03
-34.750000 1.282452e-03
-34.500000 1.256884e-03
-34.250000 1.227521e-03
-34.000000 1.194396e-03
-33.750000 1.157571e-03
-33.500000 1.117142e-03
-33.250000 1.073246e-03
-33.000000 1.026078e-03
-32.750000 9.759018e-04
-32.500000 9.230790e-04
-32.250000 8.681039e-04
-32.000000 8.116566e-04
-31.750000 7.546799e-04
-31.500000 6.984912e-04
-31.250000 6.449319e-04
-31.000000 5.965443e-04
-30.750000 5.567018e-04
-30.500000 5.295120e-04
-30.250000 5.192166e-04
-30.000000 5.290217e-04
-29.750000 5.599589e-04
-29.500000 6.107158e-04
-29.250000 6.785304e-04
-29.000000 7.603072e-04
-28.750000 8.532951e-04
-28.500000 9.552973e-04
-28.250000 1.064635e-03
-28.000000 1.180034e-03
-27.750000 1.300515e-03
-27.500000 1.425310e-03
-27.250000 1.553794e-03
-27.000000 1.685442e-03
-26.750000 1.819804e-03
-26.500000 1.956476e-03
-26.250000 2.095092e-03
-26.000000 2.235310e-03
-25.750000 2.376805e-03
-25.500000 2.519265e-03
-25.250000 2.662387e-03
-25.000000 2.805873e-03
-24.750000 2.949433e-03
-24.500000 3.092774e-03
-24.250000 3.235610e-03
-24.000000 3.377655e-03
-23.750000 3.518623e-03
-23.500000 3.658229e-03
-23.250000 3.796191e-03
-23.000000 3.932225e-03
-22.750000 4.066050e-03
-22.500000 4.197384e-03
-22.250000 4.325950e-03
-22.000000 4.451468e-03
-21.750000 4.573664e-03
-21.500000 4.692265e-03
-21.250000 4.807001e-03
-21.000000 4.917604e-03
-20.750000 5.023811e-03
-20.500000 5.125363e-03
-20.250000 5.222005e-03
-20.000000 5.313487e-03
-19.750000 5.399565e-03
-19.500000 5.479999e-03
-19.250000 5.554559e-03
-19.000000 5.623019e-03
-18.750000 5.685160e-03
-18.500000 5.740772e-03
-18.250000 5.789654e-03
-18.000000 5.831612e-03
-17.750000 5.866464e-03
-17.500000 5.894034e-03
-17.250000 5.914159e-03
-17.000000 5.926687e-03
-16.750000 5.931477e-03
-16.500000 5.928399e-03
-16.250000 5.917337e-03
-16.000000 5.898188e-03
-15.750000 5.870862e-03
-15.500000 5.835285e-03
-15.250000 5.791398e-03
-15.000000 5.739158e-03
-14.750000 5.678540e-03
-14.500000 5.609537e-03
-14.250000 5.532163e-03
-14.000000 5.446452e-03
-13.750000 5.352462e-03
-13.500000 5.250276e-03
-13.250000 5.140006e-03
-13.000000 5.021795e-03
-12.750000 4.895821e-03
-12.500000 4.762303e-03
-12.250000 4.621506e-03
-12.000000 4.473751e-03
-11.750000 4.319424e-03
-11.500000 4.158989e-03
-11.250000 3.993008e-03
-11.000000 3.822161e-03
-10.750000 3.647281e-03
-10.500000 3.469387e-03
-10.250000 3.289747e-03
-10.000000 3.109940e-03
-9.750000 2.931953e-03
-9.500000 2.758291e-03
-9.250000 2.592116e-03
-9.000000 2.437383e-03
-8.750000 2.298950e-03
-8.500000 2.182556e-03
-8.250000 2.094569e-03
-8.000000 2.041349e-03
-7.750000 2.028240e-03
-7.500000 2.058468e-03
-7.250000 2.132446e-03
-7.000000 2.247873e-03
-6.750000 2.400534e-03
-6.500000 2.585344e-03
-6.250000 2.797199e-03
-6.000000 3.031472e-03
-5.750000 3.284203e-03
-5.500000 3.552105e-03
-5.250000 3.832484e-03
-5.000000 4.123134e-03
-4.750000 4.422237e-03
-4.500000 4.728278e-03
-4.250000 5.039974e-03
-4.000000 5.356225e-03
-3.750000 5.676070e-03
-3.500000 5.998656e-03
-3.250000 6.323219e-03
-3.000000 6.649058e-03
-2.750000 6.975529e-03
-2.500000 7.302032e-03
-2.250000 7.628000e-03
-2.000000 7.952899e-03
-1.750000 8.276216e-03
-1.500000 8.597464e-03
-1.250000 8.916169e-03
-1.000000 9.231879e-03
-0.750000 9.544154e-03
-0.500000 9.852565e-03
-0.250000 1.015670e-02
0.000000 1.045616e-02
0.250000 1.075055e-02
0.500000 1.103949e-02
0.750000 1.132262e-02
1.000000 1.159957e-02
1.250000 1.187000e-02
1.500000 1.213358e-02
1.750000 1.238997e-02
2.000000 1.263887e-02
2.250000 1.287998e-02
2.500000 1.311299e-02
2.750000 1.333764e-02
3.000000 1.355366e-02
3.250000 1.376079e-02
3.500000 1.395878e-02
3.750000 1.414741e-02
4.000000 1.432647e-02
4.250000 1.449573e-02
4.500000 1.465502e-02
4.750000 1.480416e-02
5.000000 1.494298e-02
5.250000 1.507133e-02
5.500000 1.518907e-02
5.750000 1.529607e-02
6.000000 1.539224e-02
6.250000 1.547748e-02
6.500000 1.555170e-02
6.750000 1.561484e-02
7.000000 1.566684e-02
7.250000 1.570767e-02
7.500000 1.573731e-02
7.750000 1.575574e-02
8.000000 1.576297e-02
8.250000 1.575902e-02
8.500000 1.574393e-02
8.750000 1.571774e-02
9.000000 1.568051e-02
9.250000 1.563232e-02
9.500000 1.557326e-02
9.750000 1.550343e-02
10.000000 1.542295e-02
10.250000 1.533195e-02
10.500000 1.523056e-02
10.750000 1.511895e-02
11.000000 1.499728e-02
11.250000 1.486572e-02
11.500000 1.472448e-02
11.750000 1.457375e-02
12.000000 1.441375e-02
12.250000 1.424470e-02
12.500000 1.406683e-02
12.750000 1.388040e-02
13.000000 1.368565e-02
13.250000 1.348285e-02
13.500000 1.327228e-02
13.750000 1.305421e-02
14.000000 1.282894e-02
14.250000 1.259675e-02
14.500000 1.235797e-02
14.750000 1.211290e-02
15.000000 1.186185e-02
15.250000 1.160515e-02
15.500000 1.134314e-02
15.750000 1.107614e-02
16.000000 1.080450e-02
16.250000 1.052857e-02
16.500000 1.024868e-02
16.750000 9.965194e-03
17.000000 9.678466e-03
17.250000 9.388855e-03
17.500000 9.096722e-03
17.750000 8.802431e-03
18.000000 8.506348e-03
18.250000 8.208842e-03
18.500000 7.910285e-03
18.750000 7.611049e-03
19.000000 7.311511e-03
19.250000 7.012050e-03
19.500000 6.713049e-03
19.750000 6.414895e-03
20.000000 6.117981e-03
20.250000 5.822708e-03
20.500000 5.529485e-03
20.750000 5.238734e-03
21.000000 4.950894e-03
21.250000 4.666425e-03
21.500000 4.385815e-03
21.750000 4.109588e-03
22.000000 3.838319e-03
22.250000 3.572648e-03
22.500000 3.313304e-03
22.750000 3.061133e-03
23.000000 2.817141e-03
23.250000 2.582550e-03
23.500000 2.358871e-03
23.750000 2.148002e-03
24.000000 1.952340e-03
24.250000 1.774904e-03
24.500000 1.619400e-03
24.750000 1.490141e-03
25.000000 1.391647e-03
25.250000 1.327784e-03
25.500000 1.300579e-03
25.750000 1.309243e-03
26.000000 1.350108e-03
26.250000 1.417576e-03
26.500000 1.505445e-03
26.750000 1.607949e-03
27.000000 1.720247e-03
27.250000 1.838507e-03
27.500000 1.959792e-03
27.750000 2.081878e-03
28.000000 2.203089e-03
28.250000 2.322160e-03
28.500000 2.438130e-03
28.750000 2.550266e-03
29.000000 2.658010e-03
29.250000 2.760931e-03
29.500000 2.858703e-03
29.750000 2.951079e-03
30.000000 3.037874e-03
30.250000 3.118958e-03
30.500000 3.194239e-03
30.750000 3.263664e-03
31.000000 3.327208e-03
31.250000 3.384871e-03
31.500000 3.436678e-03
31.750000 3.482669e-03
32.000000 3.522905e-03
32.250000 3.557461e-03
32.500000 3.586425e-03
32.750000 3.609898e-03
33.000000 3.627993e-03
33.250000 3.640833e-03
33.500000 3.648548e-03
33.750000 3.651280e-03
34.000000 3.649176e-03
34.250000 3.642393e-03
34.500000 3.631091e-03
34.750000 3.615438e-03
35.000000 3.595608e-03
35.250000 3.571777e-03
35.500000 3.544128e-03
35.750000 3.512847e-03
36.000000 3.478122e-03
36.250000 3.440145e-03
36.500000 3.399110e-03
36.750000 3.355213e-03
37.000000 3.308652e-03
37.250000 3.259625e-03
37.500000 3.208330e-03
37.750000 3.154968e-03
38.000000 3.099736e-03
38.250000 3.042834e-03
38.500000 2.984458e-03
38.750000 2.924803e-03
39.000000 2.864064e-03
39.250000 2.802431e-03
39.500000 2.740094e-03
39.750000 2.677237e-03
40.000000 2.614044e-03
40.250000 2.550691e-03
40.500000 2.487352e-03
40.750000 2.424195e-03
41.000000 2.361385e-03
41.250000 2.299077e-03
41.500000 2.237424e-03
41.750000 2.176570e-03
42.000000 2.116651e-03
42.250000 2.057798e-03
42.500000 2.000131e-03
42.750000 1.943762e-03
43.000000 1.888795e-03
43.250000 1.835324e-03
43.500000 1.783430e-03
43.750000 1.733188e-03
44.000000 1.684657e-03
44.250000 1.637890e-03
44.500000 1.592925e-03
44.750000 1.549789e-03
45.000000 1.508499e-03
45.250000 1.469060e-03
45.500000 1.431467e-03
45.750000 1.395703e-03
46.000000 1.361744e-03
46.250000 1.329555e-03
46.500000 1.299094e-03
46.750000 1.270315e-03
47.000000 1.243163e-03
47.250000 1.217584e-03
47.500000 1.193518e-03
47.750000 1.170906e-03
48.000000 1.149690e-03
48.250000 1.129814e-03
48.500000 1.111227e-03
48.750000 1.093880e-03
49.000000 1.077733e-03
49.250000 1.062751e-03
49.500000 1.048905e-03
49.750000 1.036175e-03
50.000000 1.024550e-03
