-50.000000 1.401546e-03
-49.750000 1.378238e-03
-49.500000 1.352185e-03
-49.250000 1.323527e-03
-49.000000 1.292423e-03
-48.750000 1.259055e-03
-48.500000 1.223630e-03
-48.250000 1.186381e-03
-48.000000 1.147571e-03
-47.750000 1.107494e-03
-47.500000 1.066483e-03
-47.250000 1.024909e-03
-47.000000 9.831918e-04
-46.750000 9.417995e-04
-46.500000 9.012573e-04
-46.250000 8.621491e-04
-46.000000 8.251184e-04
-45.750000 7.908620e-04
-45.500000 7.601165e-04
-45.250000 7.336307e-04
-45.000000 7.121237e-04
-44.750000 6.962292e-04
-44.500000 6.864314e-04
-44.250000 6.830058e-04
-44.000000 6.859797e-04
-43.750000 6.951245e-04
-43.500000 7.099827e-04
-43.250000 7.299213e-04
-43.000000 7.541965e-04
-42.750000 7.820162e-04
-42.500000 8.125890e-04
-42.250000 8.451589e-04
-42.000000 8.790236e-04
-41.750000 9.135438e-04
-41.500000 9.481435e-04
-41.250000 9.823069e-04
-41.000000 1.015573e-03
-40.750000 1.047530e-03
-40.500000 1.077809e-03
-40.250000 1.106078e-03
-40.000000 1.132041e-03
-39.750000 1.155430e-03
-39.500000 1.176005e-03
-39.250000 1.193551e-03
-39.000000 1.207875e-03
-38.750000 1.218810e-03
-38.500000 1.226209e-03
-38.250000 1.229947e-03
-38.000000 1.229924e-03
-37.750000 1.226062e-03
-37.500000 1.218307e-03
-37.250000 1.206634e-03
-37.000000 1.191043e-03
-36.750000 1.171569e-03
-36.500000 1.148276e-03
-36.250000 1.121269e-03
-36.000000 1.090694e-03
-35.750000 1.056747e-03
-35.500000 1.019680e-03
-35.250000 9.798100e-04
-35.000000 9.375361e-04
-34.750000 8.933544e-04
-34.500000 8.478818e-04
-34.250000 8.018854e-04
-34.000000 7.563183e-04
-33.750000 7.123602e-04
-33.500000 6.714529e-04
-33.250000 6.353141e-04
-33.000000 6.058940e-04
-32.750000 5.852302e-04
-32.500000 5.751758e-04
-32.250000 5.770416e-04
-32.000000 5.912940e-04
-31.750000 6.174694e-04
-31.500000 6.543545e-04
-31.250000 7.003145e-04
-31.000000 7.536095e-04
-30.750000 8.126042e-04
-30.500000 8.758675e-04
-30.250000 9.421955e-04
-30.000000 1.010598e-03
-29.750000 1.080269e-03
-29.500000 1.150558e-03
-29.250000 1.220946e-03
-29.000000 1.291022e-03
-28.750000 1.360468e-03
-28.500000 1.429048e-03
-28.250000 1.496595e-03
-28.000000 1.563006e-03
-27.750000 1.628233e-03
-27.500000 1.692277e-03
-27.250000 1.755180e-03
-27.000000 1.817021e-03
-26.750000 1.877907e-03
-26.500000 1.937964e-03
-26.250000 1.997332e-03
-26.000000 2.056151e-03
-25.750000 2.114557e-03
-25.500000 2.172672e-03
-25.250000 2.230591e-03
-25.000000 2.288378e-03
-24.750000 2.346053e-03
-24.500000 2.403592e-03
-24.250000 2.460915e-03
-24.000000 2.517885e-03
-23.750000 2.574304e-03
-23.500000 2.629913e-03
-23.250000 2.684392e-03
-23.000000 2.737364e-03
-22.750000 2.788395e-03
-22.500000 2.837003e-03
-22.250000 2.882659e-03
-22.000000 2.924799e-03
-21.750000 2.962827e-03
-21.500000 2.996124e-03
-21.250000 3.024057e-03
-21.000000 3.045985e-03
-20.750000 3.061271e-03
-20.500000 3.069284e-03
-20.250000 3.069410e-03
-20.000000 3.061063e-03
-19.750000 3.043683e-03
-19.500000 3.016752e-03
-19.250000 2.979796e-03
-19.000000 2.932389e-03
-18.750000 2.874164e-03
-18.500000 2.804811e-03
-18.250000 2.724089e-03
-18.000000 2.631824e-03
-17.750000 2.527915e-03
-17.500000 2.412337e-03
-17.250000 2.285143e-03
-17.000000 2.146468e-03
-16.750000 1.996530e-03
-16.500000 1.835634e-03
-16.250000 1.664176e-03
-16.000000 1.482654e-03
-15.750000 1.291685e-03
-15.500000 1.092052e-03
-15.250000 8.848101e-04
-15.000000 6.716417e-04
-14.750000 4.562264e-04
-14.500000 2.527799e-04
-14.250000 1.642883e-04
-14.000000 3.233713e-04
-13.750000 5.496596e-04
-13.500000 7.895268e-04
-13.250000 1.034425e-03
-13.000000 1.281402e-03
-12.750000 1.528742e-03
-12.500000 1.775135e-03
-12.250000 2.019449e-03
-12.000000 2.260656e-03
-11.750000 2.497809e-03
-11.500000 2.730034e-03
-11.250000 2.956539e-03
-11.000000 3.176617e-03
-10.750000 3.389655e-03
-10.500000 3.595150e-03
-10.250000 3.792712e-03
-10.000000 3.982079e-03
-9.750000 4.163126e-03
-9.500000 4.335876e-03
-9.250000 4.500505e-03
-9.000000 4.657351e-03
-8.750000 4.806916e-03
-8.500000 4.949869e-03
-8.250000 5.087039e-03
-8.000000 5.219416e-03
-7.750000 5.348131e-03
-7.500000 5.474444e-03
-7.250000 5.599718e-03
-7.000000 5.725392e-03
-6.750000 5.852941e-03
-6.500000 5.983842e-03
-6.250000 6.119523e-03
-6.000000 6.261322e-03
-5.750000 6.410439e-03
-5.500000 6.567891e-03
-5.250000 6.734478e-03
-5.000000 6.910749e-03
-4.750000 7.096979e-03
-4.500000 7.293161e-03
-4.250000 7.499002e-03
-4.000000 7.713927e-03
-3.750000 7.937099e-03
-3.500000 8.167438e-03
-3.250000 8.403649e-03
-3.000000 8.644246e-03
-2.750000 8.887590e-03
-2.500000 9.131915e-03
-2.250000 9.375358e-03
-2.000000 9.615990e-03
-1.750000 9.851840e-03
-1.500000 1.008092e-02
-1.250000 1.030125e-02
-1.000000 1.051088e-02
-0.750000 1.070789e-02
-0.500000 1.089045e-02
-0.250000 1.105677e-02
0.000000 1.120519e-02
0.250000 1.133411e-02
0.500000 1.144209e-02
0.750000 1.152778e-02
1.000000 1.158998e-02
1.250000 1.162761e-02
1.500000 1.163977e-02
1.750000 1.162567e-02
2.000000 1.158473e-02
2.250000 1.151648e-02
2.500000 1.142066e-02
2.750000 1.129714e-02
3.000000 1.114600e-02
3.250000 1.096744e-02
3.500000 1.076188e-02
3.750000 1.052988e-02
4.000000 1.027218e-02
4.250000 9.989688e-03
4.500000 9.683486e-03
4.750000 9.354817e-03
5.000000 9.005090e-03
5.250000 8.635886e-03
5.500000 8.248955e-03
5.750000 7.846226e-03
6.000000 7.429813e-03
6.250000 7.002037e-03
6.500000 6.565446e-03
6.750000 6.122862e-03
7.000000 5.677438e-03
7.250000 5.232749e-03
7.500000 4.792930e-03
7.750000 4.362873e-03
8.000000 3.948505e-03
8.250000 3.557173e-03
8.500000 3.198091e-03
8.750000 2.882721e-03
9.000000 2.624653e-03
9.250000 2.438201e-03
9.500000 2.334947e-03
9.750000 2.319003e-03
10.000000 2.384151e-03
10.250000 2.515652e-03
10.500000 2.695248e-03
10.750000 2.905625e-03
11.000000 3.132508e-03
11.250000 3.364932e-03
11.500000 3.594725e-03
11.750000 3.815846e-03
12.000000 4.023817e-03
12.250000 4.215309e-03
12.500000 4.387845e-03
12.750000 4.539594e-03
13.000000 4.669233e-03
13.250000 4.775849e-03
13.500000 4.858870e-03
13.750000 4.918014e-03
14.000000 4.953256e-03
14.250000 4.964795e-03
14.500000 4.953038e-03
14.750000 4.918579e-03
15.000000 4.862184e-03
15.250000 4.784782e-03
15.500000 4.687451e-03
15.750000 4.571412e-03
16.000000 4.438019e-03
16.250000 4.288755e-03
16.500000 4.125225e-03
16.750000 3.949158e-03
17.000000 3.762406e-03
17.250000 3.566952e-03
17.500000 3.364916e-03
17.750000 3.158577e-03
18.000000 2.950401e-03
18.250000 2.743074e-03
18.500000 2.539551e-03
18.750000 2.343116e-03
19.000000 2.157431e-03
19.250000 1.986570e-03
19.500000 1.834958e-03
19.750000 1.707156e-03
20.000000 1.607394e-03
20.250000 1.538812e-03
20.500000 1.502618e-03
20.750000 1.497514e-03
21.000000 1.519795e-03
21.250000 1.564106e-03
21.500000 1.624469e-03
21.750000 1.695141e-03
22.000000 1.771112e-03
22.250000 1.848283e-03
22.500000 1.923440e-03
22.750000 1.994151e-03
23.000000 2.058638e-03
23.250000 2.115666e-03
23.500000 2.164441e-03
23.750000 2.204541e-03
24.000000 2.235852e-03
24.250000 2.258525e-03
24.500000 2.272940e-03
24.750000 2.279670e-03
25.000000 2.279462e-03
25.250000 2.273202e-03
25.500000 2.261896e-03
25.750000 2.246642e-03
26.000000 2.228592e-03
26.250000 2.208925e-03
26.500000 2.188803e-03
26.750000 2.169332e-03
27.000000 2.151511e-03
27.250000 2.136190e-03
27.500000 2.124028e-03
27.750000 2.115457e-03
28.000000 2.110660e-03
28.250000 2.109560e-03
28.500000 2.111831e-03
28.750000 2.116915e-03
29.000000 2.124057e-03
29.250000 2.132345e-03
29.500000 2.140759e-03
29.750000 2.148211e-03
30.000000 2.153592e-03
30.250000 2.155803e-03
30.500000 2.153792e-03
30.750000 2.146573e-03
31.000000 2.133247e-03
31.250000 2.113016e-03
31.500000 2.085192e-03
31.750000 2.049202e-03
32.000000 2.004594e-03
32.250000 1.951039e-03
32.500000 1.888332e-03
32.750000 1.816391e-03
33.000000 1.735263e-03
33.250000 1.645124e-03
33.500000 1.546285e-03
33.750000 1.439208e-03
34.000000 1.324527e-03
34.250000 1.203094e-03
34.500000 1.076061e-03
34.750000 9.450485e-04
35.000000 8.124760e-04
35.250000 6.822835e-04
35.500000 5.614836e-04
35.750000 4.631914e-04
36.000000 4.093761e-04
36.250000 4.213834e-04
36.500000 4.964806e-04
36.750000 6.125211e-04
37.000000 7.504593e-04
37.250000 8.993443e-04
37.500000 1.053166e-03
37.750000 1.208354e-03
38.000000 1.362548e-03
38.250000 1.514029e-03
38.500000 1.661440e-03
38.750000 1.803658e-03
39.000000 1.939718e-03
39.250000 2.068777e-03
39.500000 2.190092e-03
39.750000 2.303009e-03
40.000000 2.406954e-03
40.250000 2.501432e-03
40.500000 2.586023e-03
40.750000 2.660382e-03
41.000000 2.724238e-03
41.250000 2.777391e-03
41.500000 2.819712e-03
41.750000 2.851146e-03
42.000000 2.871703e-03
42.250000 2.881462e-03
42.500000 2.880568e-03
42.750000 2.869227e-03
43.000000 2.847707e-03
43.250000 2.816330e-03
43.500000 2.775476e-03
43.750000 2.725571e-03
44.000000 2.667089e-03
44.250000 2.600546e-03
44.500000 2.526497e-03
44.750000 2.445530e-03
45.000000 2.358263e-03
45.250000 2.265341e-03
45.500000 2.167429e-03
45.750000 2.065213e-03
46.000000 1.959393e-03
46.250000 1.850681e-03
46.500000 1.739802e-03
46.750000 1.627491e-03
47.000000 1.514497e-03
47.250000 1.401581e-03
47.500000 1.289533e-03
47.750000 1.179173e-03
48.000000 1.071378e-03
48.250000 9.671086e-04
48.500000 8.674496e-04
48.750000 7.736725e-04
49.000000 6.873118e-04
49.250000 6.102468e-04
49.500000 5.447395e-04
49.750000 4.933110e-04
50.000000 4.582835e-04
