-50.000000 8.254806e-03
-49.750000 1.071342e-02
-49.500000 1.196869e-02
-49.250000 1.149940e-02
-49.000000 9.486203e-03
-48.750000 6.968559e-03
-48.500000 6.316240e-03
-48.250000 8.464173e-03
-48.000000 1.100410e-02
-47.750000 1.232926e-02
-47.500000 1.191157e-02
-47.250000 9.946666e-03
-47.000000 7.479349e-03
-46.750000 6.737531e-03
-46.500000 8.650382e-03
-46.250000 1.100611e-02
-46.000000 1.217905e-02
-45.750000 1.163184e-02
-45.500000 9.604587e-03
-45.250000 7.285825e-03
-45.000000 7.026448e-03
-44.750000 9.260273e-03
-44.500000 1.165554e-02
-44.250000 1.273286e-02
-44.000000 1.202816e-02
-43.750000 9.843386e-03
-43.500000 7.459441e-03
-43.250000 7.296034e-03
-43.000000 9.617565e-03
-42.750000 1.201458e-02
-42.500000 1.303612e-02
-42.250000 1.227271e-02
-42.000000 1.012741e-02
-41.750000 8.030824e-03
-41.500000 8.224556e-03
-41.250000 1.054286e-02
-41.000000 1.273692e-02
-40.750000 1.347137e-02
-40.500000 1.241185e-02
-40.250000 1.011308e-02
-40.000000 8.316986e-03
-39.750000 9.220414e-03
-39.500000 1.194071e-02
-39.250000 1.417681e-02
-39.000000 1.470423e-02
-38.750000 1.324950e-02
-38.500000 1.044388e-02
-38.250000 8.272044e-03
-38.000000 9.374453e-03
-37.750000 1.253816e-02
-37.500000 1.508885e-02
-37.250000 1.574144e-02
-37.000000 1.422592e-02
-36.750000 1.118735e-02
-36.500000 8.634138e-03
-36.250000 9.490845e-03
-36.000000 1.273522e-02
-35.750000 1.545028e-02
-35.500000 1.624115e-02
-35.250000 1.483399e-02
-35.000000 1.192458e-02
-34.750000 9.531137e-03
-34.500000 1.031637e-02
-34.250000 1.334473e-02
-34.000000 1.586265e-02
-33.750000 1.646285e-02
-33.500000 1.489243e-02
-33.250000 1.194370e-02
-33.000000 9.804500e-03
-32.750000 1.095410e-02
-32.500000 1.404765e-02
-32.250000 1.639880e-02
-32.000000 1.670669e-02
-31.750000 1.483718e-02
-31.500000 1.182124e-02
-31.250000 1.024881e-02
-31.000000 1.223549e-02
-30.750000 1.567100e-02
-30.500000 1.794725e-02
-30.250000 1.789675e-02
-30.000000 1.549570e-02
-29.750000 1.198616e-02
-29.500000 1.046847e-02
-29.250000 1.312220e-02
-29.000000 1.709403e-02
-28.750000 1.958169e-02
-28.500000 1.942155e-02
-28.250000 1.661514e-02
-28.000000 1.245290e-02
-27.750000 1.035118e-02
-27.500000 1.314498e-02
-27.250000 1.754096e-02
-27.000000 2.035605e-02
-26.750000 2.038763e-02
-26.500000 1.773128e-02
-26.250000 1.389072e-02
-26.000000 1.228498e-02
-25.750000 1.508888e-02
-25.500000 1.922380e-02
-25.250000 2.165617e-02
-25.000000 2.115662e-02
-24.750000 1.788558e-02
-24.500000 1.366314e-02
-24.250000 1.265885e-02
-24.000000 1.663214e-02
-23.750000 2.151816e-02
-23.500000 2.425707e-02
-23.250000 2.370088e-02
-23.000000 2.009684e-02
-22.750000 1.536953e-02
-22.500000 1.383144e-02
-22.250000 1.765526e-02
-22.000000 2.268830e-02
-21.750000 2.555296e-02
-21.500000 2.502809e-02
-21.250000 2.148584e-02
-21.000000 1.714493e-02
-20.750000 1.623413e-02
-20.500000 2.009991e-02
-20.250000 2.471725e-02
-20.000000 2.682884e-02
-19.750000 2.522918e-02
-19.500000 2.049504e-02
-19.250000 1.573174e-02
-19.000000 1.678731e-02
-18.750000 2.324390e-02
-18.500000 2.945408e-02
-18.250000 3.228098e-02
-18.000000 3.068495e-02
-17.750000 2.534731e-02
-17.500000 1.928544e-02
-17.250000 1.846244e-02
-17.000000 2.411319e-02
-16.750000 3.025577e-02
-16.500000 3.294617e-02
-16.250000 3.091802e-02
-16.000000 2.508377e-02
-15.750000 1.950690e-02
-15.500000 2.123253e-02
-15.250000 2.917372e-02
-15.000000 3.652003e-02
-14.750000 3.956495e-02
-14.500000 3.716410e-02
-14.250000 3.042929e-02
-14.000000 2.375671e-02
-13.750000 2.475372e-02
-13.500000 3.299933e-02
-13.250000 4.095645e-02
-13.000000 4.417627e-02
-12.750000 4.121231e-02
-12.500000 3.316687e-02
-12.250000 2.486938e-02
-12.000000 2.560090e-02
-11.750000 3.515500e-02
-11.500000 4.435692e-02
-11.250000 4.823829e-02
-11.000000 4.550129e-02
-10.750000 3.809757e-02
-10.500000 3.246905e-02
-10.250000 3.662902e-02
-10.000000 4.749577e-02
-9.750000 5.657341e-02
-9.500000 5.885609e-02
-9.250000 5.284559e-02
-9.000000 4.087667e-02
-8.750000 3.231133e-02
-8.500000 4.038620e-02
-8.250000 5.762205e-02
-8.000000 7.167175e-02
-7.750000 7.669901e-02
-7.500000 7.096255e-02
-7.250000 5.689512e-02
-7.000000 4.402957e-02
-6.750000 4.879723e-02
-6.500000 6.798922e-02
-6.250000 8.591515e-02
-6.000000 9.443395e-02
-5.750000 9.152250e-02
-5.500000 8.106822e-02
-5.250000 7.414312e-02
-5.000000 8.221890e-02
-4.750000 1.004019e-01
-4.500000 1.146590e-01
-4.250000 1.152285e-01
-4.000000 9.971012e-02
-3.750000 7.882475e-02
-3.500000 8.706407e-02
-3.250000 1.349801e-01
-3.000000 1.921059e-01
-2.750000 2.360438e-01
-2.500000 2.522931e-01
-2.250000 2.330505e-01
-2.000000 1.836883e-01
-1.750000 1.521592e-01
-1.500000 2.304512e-01
-1.250000 3.873724e-01
-1.000000 5.664702e-01
-0.750000 7.371739e-01
-0.500000 8.769129e-01
-0.250000 9.682787e-01
0.000000 1.000033e+00
0.250000 9.682787e-01
0.500000 8.769129e-01
0.750000 7.371739e-01
1.000000 5.664702e-01
1.250000 3.873724e-01
1.500000 2.304512e-01
1.750000 1.521592e-01
2.000000 1.836883e-01
2.250000 2.330505e-01
2.500000 2.522931e-01
2.750000 2.360438e-01
3.000000 1.921059e-01
3.250000 1.349801e-01
3.500000 8.706407e-02
3.750000 7.882475e-02
4.000000 9.971012e-02
4.250000 1.152285e-01
4.500000 1.146590e-01
4.750000 1.004019e-01
5.000000 8.221890e-02
5.250000 7.414312e-02
5.500000 8.106822e-02
5.750000 9.152250e-02
6.000000 9.443395e-02
6.250000 8.591515e-02
6.500000 6.798922e-02
6.750000 4.879723e-02
7.000000 4.402957e-02
7.250000 5.689512e-02
7.500000 7.096255e-02
7.750000 7.669901e-02
8.000000 7.167175e-02
8.250000 5.762205e-02
8.500000 4.038620e-02
8.750000 3.231133e-02
9.000000 4.087667e-02
9.250000 5.284559e-02
9.500000 5.885609e-02
9.750000 5.657341e-02
10.000000 4.749577e-02
10.250000 3.662902e-02
10.500000 3.246905e-02
10.750000 3.809757e-02
11.000000 4.550129e-02
11.250000 4.823829e-02
11.500000 4.435692e-02
11.750000 3.515500e-02
12.000000 2.560090e-02
12.250000 2.486938e-02
12.500000 3.316687e-02
12.750000 4.121231e-02
13.000000 4.417627e-02
13.250000 4.095645e-02
13.500000 3.299933e-02
13.750000 2.475372e-02
14.000000 2.375671e-02
14.250000 3.042929e-02
14.500000 3.716410e-02
14.750000 3.956495e-02
15.000000 3.652003e-02
15.250000 2.917372e-02
15.500000 2.123253e-02
15.750000 1.950690e-02
16.000000 2.508377e-02
16.250000 3.091802e-02
16.500000 3.294617e-02
16.750000 3.025577e-02
17.000000 2.411319e-02
17.250000 1.846244e-02
17.500000 1.928544e-02
17.750000 2.534731e-02
18.000000 3.068495e-02
18.250000 3.228098e-02
18.500000 2.945408e-02
18.750000 2.324390e-02
19.000000 1.678731e-02
19.250000 1.573174e-02
19.500000 2.049504e-02
19.750000 2.522918e-02
20.000000 2.682884e-02
20.250000 2.471725e-02
20.500000 2.009991e-02
20.750000 1.623413e-02
21.000000 1.714493e-02
21.250000 2.148584e-02
21.500000 2.502809e-02
21.750000 2.555296e-02
22.000000 2.268830e-02
22.250000 1.765526e-02
22.500000 1.383144e-02
22.750000 1.536953e-02
23.000000 2.009684e-02
23.250000 2.370088e-02
23.500000 2.425707e-02
23.750000 2.151816e-02
24.000000 1.663214e-02
24.250000 1.265885e-02
24.500000 1.366314e-02
24.750000 1.788558e-02
25.000000 2.115662e-02
25.250000 2.165617e-02
25.500000 1.922380e-02
25.750000 1.508888e-02
26.000000 1.228498e-02
26.250000 1.389072e-02
26.500000 1.773128e-02
26.750000 2.038763e-02
27.000000 2.035605e-02
27.250000 1.754096e-02
27.500000 1.314498e-02
27.750000 1.035118e-02
28.000000 1.245290e-02
28.250000 1.661514e-02
28.500000 1.942155e-02
28.750000 1.958169e-02
29.000000 1.709403e-02
29.250000 1.312220e-02
29.500000 1.046847e-02
29.750000 1.198616e-02
30.000000 1.549570e-02
30.250000 1.789675e-02
30.500000 1.794725e-02
30.750000 1.567100e-02
31.000000 1.223549e-02
31.250000 1.024881e-02
31.500000 1.182124e-02
31.750000 1.483718e-02
32.000000 1.670669e-02
32.250000 1.639880e-02
32.500000 1.404765e-02
32.750000 1.095410e-02
33.000000 9.804500e-03
33.250000 1.194370e-02
33.500000 1.489243e-02
33.750000 1.646285e-02
34.000000 1.586265e-02
34.250000 1.334473e-02
34.500000 1.031637e-02
34.750000 9.531137e-03
35.000000 1.192458e-02
35.250000 1.483399e-02
35.500000 1.624115e-02
35.750000 1.545028e-02
36.000000 1.273522e-02
36.250000 9.490845e-03
36.500000 8.634138e-03
36.750000 1.118735e-02
37.000000 1.422592e-02
37.250000 1.574144e-02
37.500000 1.508885e-02
37.750000 1.253816e-02
38.000000 9.374453e-03
38.250000 8.272044e-03
38.500000 1.044388e-02
38.750000 1.324950e-02
39.000000 1.470423e-02
39.250000 1.417681e-02
39.500000 1.194071e-02
39.750000 9.220414e-03
40.000000 8.316986e-03
40.250000 1.011308e-02
40.500000 1.241185e-02
40.750000 1.347137e-02
41.000000 1.273692e-02
41.250000 1.054286e-02
41.500000 8.224556e-03
41.750000 8.030824e-03
42.000000 1.012741e-02
42.250000 1.227271e-02
42.500000 1.303612e-02
42.750000 1.201458e-02
43.000000 9.617565e-03
43.250000 7.296034e-03
43.500000 7.459441e-03
43.750000 9.843386e-03
44.000000 1.202816e-02
44.250000 1.273286e-02
44.500000 1.165554e-02
44.750000 9.260273e-03
45.000000 7.026448e-03
45.250000 7.285825e-03
45.500000 9.604587e-03
45.750000 1.163184e-02
46.000000 1.217905e-02
46.250000 1.100611e-02
46.500000 8.650382e-03
46.750000 6.737531e-03
47.000000 7.479349e-03
47.250000 9.946666e-03
47.500000 1.191157e-02
47.750000 1.232926e-02
48.000000 1.100410e-02
48.250000 8.464173e-03
48.500000 6.316240e-03
48.750000 6.968559e-03
49.000000 9.486203e-03
49.250000 1.149940e-02
49.500000 1.196869e-02
49.750000 1.071342e-02
50.000000 8.254806e-03
