-50.000000 3.438010e-02
-49.750000 3.384237e-02
-49.500000 3.263994e-02
-49.250000 3.080147e-02
-49.000000 2.837632e-02
-48.750000 2.543798e-02
-48.500000 2.209221e-02
-48.250000 1.849645e-02
-48.000000 1.490951e-02
-47.750000 1.181325e-02
-47.500000 1.008942e-02
-47.250000 1.063618e-02
-47.000000 1.316989e-02
-46.750000 1.668499e-02
-46.500000 2.048554e-02
-46.250000 2.420091e-02
-46.000000 2.761520e-02
-45.750000 3.058454e-02
-45.500000 3.300489e-02
-45.250000 3.479951e-02
-45.000000 3.591417e-02
-44.750000 3.631548e-02
-44.500000 3.599063e-02
-44.250000 3.494788e-02
-44.000000 3.321788e-02
-43.750000 3.085600e-02
-43.500000 2.794736e-02
-43.250000 2.461716e-02
-43.000000 2.105366e-02
-42.750000 1.755871e-02
-42.500000 1.464377e-02
-42.250000 1.309537e-02
-42.000000 1.359798e-02
-41.750000 1.597435e-02
-41.500000 1.943459e-02
-41.250000 2.330398e-02
-41.000000 2.716336e-02
-40.750000 3.075138e-02
-40.500000 3.389067e-02
-40.250000 3.645260e-02
-40.000000 3.834187e-02
-39.750000 3.948986e-02
-39.500000 3.985198e-02
-39.250000 3.940685e-02
-39.000000 3.815649e-02
-38.750000 3.612723e-02
-38.500000 3.337190e-02
-38.250000 2.997450e-02
-38.000000 2.606098e-02
-37.750000 2.182538e-02
-37.500000 1.759661e-02
-37.250000 1.400105e-02
-37.000000 1.217467e-02
-36.750000 1.316886e-02
-36.500000 1.650813e-02
-36.250000 2.097325e-02
-36.000000 2.576118e-02
-35.750000 3.044056e-02
-35.500000 3.475265e-02
-35.250000 3.851956e-02
-35.000000 4.160889e-02
-34.750000 4.392027e-02
-34.500000 4.538048e-02
-34.250000 4.594212e-02
-34.000000 4.558390e-02
-33.750000 4.431200e-02
-33.500000 4.216258e-02
-33.250000 3.920616e-02
-33.000000 3.555604e-02
-32.750000 3.138560e-02
-32.500000 2.696486e-02
-32.250000 2.273599e-02
-32.000000 1.943446e-02
-31.750000 1.808410e-02
-31.500000 1.937053e-02
-31.250000 2.289162e-02
-31.000000 2.768187e-02
-30.750000 3.295749e-02
-30.500000 3.821573e-02
-30.250000 4.312781e-02
-30.000000 4.746119e-02
-29.750000 5.104149e-02
-29.500000 5.373542e-02
-29.250000 5.544363e-02
-29.000000 5.609805e-02
-28.750000 5.566151e-02
-28.500000 5.412865e-02
-28.250000 5.152800e-02
-28.000000 4.792588e-02
-27.750000 4.343401e-02
-27.500000 3.822573e-02
-27.250000 3.257232e-02
-27.000000 2.692773e-02
-26.750000 2.210955e-02
-26.500000 1.949120e-02
-26.250000 2.039424e-02
-26.000000 2.454338e-02
-25.750000 3.052378e-02
-25.500000 3.719470e-02
-25.250000 4.388160e-02
-25.000000 5.016924e-02
-24.750000 5.577141e-02
-24.500000 6.047389e-02
-24.250000 6.411116e-02
-24.000000 6.655730e-02
-23.750000 6.772307e-02
-23.500000 6.755603e-02
-23.250000 6.604219e-02
-23.000000 6.320936e-02
-22.750000 5.913279e-02
-22.500000 5.394575e-02
-22.250000 4.786082e-02
-22.000000 4.121582e-02
-21.750000 3.457502e-02
-21.500000 2.892847e-02
-21.250000 2.586528e-02
-21.000000 2.689196e-02
-20.750000 3.181827e-02
-20.500000 3.910829e-02
-20.250000 4.739697e-02
-20.000000 5.582450e-02
-19.750000 6.384450e-02
-19.500000 7.107381e-02
-19.250000 7.722126e-02
-19.000000 8.205705e-02
-18.750000 8.540054e-02
-18.500000 8.711614e-02
-18.250000 8.711332e-02
-18.000000 8.534870e-02
-17.750000 8.183007e-02
-17.500000 7.662316e-02
-17.250000 6.986409e-02
-17.000000 6.178461e-02
-16.750000 5.276936e-02
-16.500000 4.349408e-02
-16.250000 3.525379e-02
-16.000000 3.045741e-02
-15.750000 3.182453e-02
-15.500000 3.917036e-02
-15.250000 4.992525e-02
-15.000000 6.204553e-02
-14.750000 7.436759e-02
-14.500000 8.617904e-02
-14.250000 9.697512e-02
-14.000000 1.063596e-01
-13.750000 1.140063e-01
-13.500000 1.196461e-01
-13.250000 1.230637e-01
-13.000000 1.241002e-01
-12.750000 1.226584e-01
-12.500000 1.187117e-01
-12.250000 1.123172e-01
-12.000000 1.036391e-01
-11.750000 9.299289e-02
-11.500000 8.093964e-02
-11.250000 6.849447e-02
-11.000000 5.756230e-02
-10.750000 5.144523e-02
-10.500000 5.370576e-02
-10.250000 6.452503e-02
-10.000000 8.091844e-02
-9.750000 1.000755e-01
-9.500000 1.202121e-01
-9.250000 1.401745e-01
-9.000000 1.591193e-01
-8.750000 1.763618e-01
-8.500000 1.913128e-01
-8.250000 2.034552e-01
-8.000000 2.123381e-01
-7.750000 2.175818e-01
-7.500000 2.188899e-01
-7.250000 2.160681e-01
-7.000000 2.090559e-01
-6.750000 1.979798e-01
-6.500000 1.832500e-01
-6.250000 1.657492e-01
-6.000000 1.472068e-01
-5.750000 1.308655e-01
-5.500000 1.221222e-01
-5.250000 1.271888e-01
-5.000000 1.485585e-01
-4.750000 1.835560e-01
-4.500000 2.280934e-01
-4.250000 2.790398e-01
-4.000000 3.342834e-01
-3.750000 3.923177e-01
-3.500000 4.519547e-01
-3.250000 5.121747e-01
-3.000000 5.720523e-01
-2.750000 6.307230e-01
-2.500000 6.873695e-01
-2.250000 7.412182e-01
-2.000000 7.915421e-01
-1.750000 8.376651e-01
-1.500000 8.789695e-01
-1.250000 9.149025e-01
-1.000000 9.449829e-01
-0.750000 9.688077e-01
-0.500000 9.860575e-01
-0.250000 9.965010e-01
0.000000 9.999978e-01
0.250000 9.965010e-01
0.500000 9.860575e-01
0.750000 9.688077e-01
1.000000 9.449829e-01
1.250000 9.149025e-01
1.500000 8.789695e-01
1.750000 8.376651e-01
2.000000 7.915421e-01
2.250000 7.412182e-01
2.500000 6.873695e-01
2.750000 6.307230e-01
3.000000 5.720523e-01
3.250000 5.121747e-01
3.500000 4.519547e-01
3.750000 3.923177e-01
4.000000 3.342834e-01
4.250000 2.790398e-01
4.500000 2.280934e-01
4.750000 1.835560e-01
5.000000 1.485585e-01
5.250000 1.271888e-01
5.500000 1.221222e-01
5.750000 1.308655e-01
6.000000 1.472068e-01
6.250000 1.657492e-01
6.500000 1.832500e-01
6.750000 1.979798e-01
7.000000 2.090559e-01
7.250000 2.160681e-01
7.500000 2.188899e-01
7.750000 2.175818e-01
8.000000 2.123381e-01
8.250000 2.034552e-01
8.500000 1.913128e-01
8.750000 1.763618e-01
9.000000 1.591193e-01
9.250000 1.401745e-01
9.500000 1.202121e-01
9.750000 1.000755e-01
10.000000 8.091844e-02
10.250000 6.452503e-02
10.500000 5.370576e-02
10.750000 5.144523e-02
11.000000 5.756230e-02
11.250000 6.849447e-02
11.500000 8.093964e-02
11.750000 9.299289e-02
12.000000 1.036391e-01
12.250000 1.123172e-01
12.500000 1.187117e-01
12.750000 1.226584e-01
13.000000 1.241002e-01
13.250000 1.230637e-01
13.500000 1.196461e-01
13.750000 1.140063e-01
14.000000 1.063596e-01
14.250000 9.697512e-02
14.500000 8.617904e-02
14.750000 7.436759e-02
15.000000 6.204553e-02
15.250000 4.992525e-02
15.500000 3.917036e-02
15.750000 3.182453e-02
16.000000 3.045741e-02
16.250000 3.525379e-02
16.500000 4.349408e-02
16.750000 5.276936e-02
17.000000 6.178461e-02
17.250000 6.986409e-02
17.500000 7.662316e-02
17.750000 8.183007e-02
18.000000 8.534870e-02
18.250000 8.711332e-02
18.500000 8.711614e-02
18.750000 8.540054e-02
19.000000 8.205705e-02
19.250000 7.722126e-02
19.500000 7.107381e-02
19.750000 6.384450e-02
20.000000 5.582450e-02
20.250000 4.739697e-02
20.500000 3.910829e-02
20.750000 3.181827e-02
21.000000 2.689196e-02
21.250000 2.586528e-02
21.500000 2.892847e-02
21.750000 3.457502e-02
22.000000 4.121582e-02
22.250000 4.786082e-02
22.500000 5.394575e-02
22.750000 5.913279e-02
23.000000 6.320936e-02
23.250000 6.604219e-02
23.500000 6.755603e-02
23.750000 6.772307e-02
24.000000 6.655730e-02
24.250000 6.411116e-02
24.500000 6.047389e-02
24.750000 5.577141e-02
25.000000 5.016924e-02
25.250000 4.388160e-02
25.500000 3.719470e-02
25.750000 3.052378e-02
26.000000 2.454338e-02
26.250000 2.039424e-02
26.500000 1.949120e-02
26.750000 2.210955e-02
27.000000 2.692773e-02
27.250000 3.257232e-02
27.500000 3.822573e-02
27.750000 4.343401e-02
28.000000 4.792588e-02
28.250000 5.152800e-02
28.500000 5.412865e-02
28.750000 5.566151e-02
29.000000 5.609805e-02
29.250000 5.544363e-02
29.500000 5.373542e-02
29.750000 5.104149e-02
30.000000 4.746119e-02
30.250000 4.312781e-02
30.500000 3.821573e-02
30.750000 3.295749e-02
31.000000 2.768187e-02
31.250000 2.289162e-02
31.500000 1.937053e-02
31.750000 1.808410e-02
32.000000 1.943446e-02
32.250000 2.273599e-02
32.500000 2.696486e-02
32.750000 3.138560e-02
33.000000 3.555604e-02
33.250000 3.920616e-02
33.500000 4.216258e-02
33.750000 4.431200e-02
34.000000 4.558390e-02
34.250000 4.594212e-02
34.500000 4.538048e-02
34.750000 4.392027e-02
35.000000 4.160889e-02
35.250000 3.851956e-02
35.500000 3.475265e-02
35.750000 3.044056e-02
36.000000 2.576118e-02
36.250000 2.097325e-02
36.500000 1.650813e-02
36.750000 1.316886e-02
37.000000 1.217467e-02
37.250000 1.400105e-02
37.500000 1.759661e-02
37.750000 2.182538e-02
38.000000 2.606098e-02
38.250000 2.997450e-02
38.500000 3.337190e-02
38.750000 3.612723e-02
39.000000 3.815649e-02
39.250000 3.940685e-02
39.500000 3.985198e-02
39.750000 3.948986e-02
40.000000 3.834187e-02
40.250000 3.645260e-02
40.500000 3.389067e-02
40.750000 3.075138e-02
41.000000 2.716336e-02
41.250000 2.330398e-02
41.500000 1.943459e-02
41.750000 1.597435e-02
42.000000 1.359798e-02
42.250000 1.309537e-02
42.500000 1.464377e-02
42.750000 1.755871e-02
43.000000 2.105366e-02
43.250000 2.461716e-02
43.500000 2.794736e-02
43.750000 3.085600e-02
44.000000 3.321788e-02
44.250000 3.494788e-02
44.500000 3.599063e-02
44.750000 3.631548e-02
45.000000 3.591417e-02
45.250000 3.479951e-02
45.500000 3.300489e-02
45.750000 3.058454e-02
46.000000 2.761520e-02
46.250000 2.420091e-02
46.500000 2.048554e-02
46.750000 1.668499e-02
47.000000 1.316989e-02
47.250000 1.063618e-02
47.500000 1.008942e-02
47.750000 1.181325e-02
48.000000 1.490951e-02
48.250000 1.849645e-02
48.500000 2.209221e-02
48.750000 2.543798e-02
49.000000 2.837632e-02
49.250000 3.080147e-02
49.500000 3.263994e-02
49.750000 3.384237e-02
50.000000 3.438010e-02
