-50.000000 1.433322e-02
-49.750000 1.106232e-02
-49.500000 7.722928e-03
-49.250000 5.633628e-03
-49.000000 6.759865e-03
-48.750000 9.970921e-03
-48.500000 1.349052e-02
-48.250000 1.661261e-02
-48.000000 1.900486e-02
-47.750000 2.047256e-02
-47.500000 2.090828e-02
-47.250000 2.028220e-02
-47.000000 1.864334e-02
-46.750000 1.612891e-02
-46.500000 1.299561e-02
-46.250000 9.731657e-03
-46.000000 7.410314e-03
-45.750000 7.701087e-03
-45.500000 1.038620e-02
-45.250000 1.380805e-02
-45.000000 1.702641e-02
-44.750000 1.959287e-02
-44.500000 2.125601e-02
-44.250000 2.187543e-02
-44.000000 2.140000e-02
-43.750000 1.986506e-02
-43.500000 1.739953e-02
-43.250000 1.425327e-02
-43.000000 1.089189e-02
-42.750000 8.291305e-03
-42.500000 8.083855e-03
-42.250000 1.047713e-02
-42.000000 1.386934e-02
-41.750000 1.716216e-02
-41.500000 1.982328e-02
-41.250000 2.155972e-02
-41.000000 2.220736e-02
-40.750000 2.170207e-02
-40.500000 2.007623e-02
-40.250000 1.746999e-02
-40.000000 1.417322e-02
-39.750000 1.077019e-02
-39.500000 8.542098e-03
-39.250000 9.242332e-03
-39.000000 1.244006e-02
-38.750000 1.641299e-02
-38.500000 2.017264e-02
-38.250000 2.321513e-02
-38.000000 2.524083e-02
-37.750000 2.606998e-02
-37.500000 2.562126e-02
-37.250000 2.390900e-02
-37.000000 2.104929e-02
-36.750000 1.728290e-02
-36.500000 1.306054e-02
-36.250000 9.370626e-03
-36.000000 8.364251e-03
-35.750000 1.106771e-02
-35.500000 1.533806e-02
-35.250000 1.960770e-02
-35.000000 2.319052e-02
-34.750000 2.572113e-02
-34.500000 2.698745e-02
-34.250000 2.689166e-02
-34.000000 2.544490e-02
-33.750000 2.277633e-02
-33.500000 1.916414e-02
-33.250000 1.513268e-02
-33.000000 1.173609e-02
-32.750000 1.082243e-02
-32.500000 1.322706e-02
-32.250000 1.734728e-02
-32.000000 2.164576e-02
-31.750000 2.531328e-02
-31.500000 2.789892e-02
-31.250000 2.913618e-02
-31.000000 2.889204e-02
-30.750000 2.715687e-02
-30.500000 2.405302e-02
-30.250000 1.987174e-02
-30.000000 1.520396e-02
-29.750000 1.138831e-02
-29.500000 1.098281e-02
-29.250000 1.464339e-02
-29.000000 1.996673e-02
-28.750000 2.529434e-02
-28.500000 2.983112e-02
-28.250000 3.311901e-02
-28.000000 3.487259e-02
-27.750000 3.493951e-02
-27.500000 3.329580e-02
-27.250000 3.005529e-02
-27.000000 2.549882e-02
-26.750000 2.016615e-02
-26.500000 1.516166e-02
-26.250000 1.279297e-02
-26.000000 1.510943e-02
-25.750000 2.037329e-02
-25.500000 2.621629e-02
-25.250000 3.142703e-02
-25.000000 3.536338e-02
-24.750000 3.764015e-02
-24.500000 3.804118e-02
-24.250000 3.649923e-02
-24.000000 3.309841e-02
-23.750000 2.809592e-02
-23.500000 2.200006e-02
-23.250000 1.587406e-02
-23.000000 1.232056e-02
-22.750000 1.462072e-02
-22.500000 2.078495e-02
-22.250000 2.764772e-02
-22.000000 3.377607e-02
-21.750000 3.845023e-02
-21.500000 4.123530e-02
-21.250000 4.188220e-02
-21.000000 4.031291e-02
-20.750000 3.663505e-02
-20.500000 3.119022e-02
-20.250000 2.470425e-02
-20.000000 1.877884e-02
-19.750000 1.674473e-02
-19.500000 2.089429e-02
-19.250000 2.853680e-02
-19.000000 3.681424e-02
-18.750000 4.426576e-02
-18.500000 5.005650e-02
-18.250000 5.364472e-02
-18.000000 5.469522e-02
-17.750000 5.306658e-02
-17.500000 4.882470e-02
-17.250000 4.228301e-02
-17.000000 3.411814e-02
-16.750000 2.575650e-02
-16.500000 2.045965e-02
-16.250000 2.264686e-02
-16.000000 3.095242e-02
-15.750000 4.107698e-02
-15.500000 5.065032e-02
-15.250000 5.843925e-02
-15.000000 6.367545e-02
-14.750000 6.586684e-02
-14.500000 6.475785e-02
-14.250000 6.033550e-02
-14.000000 5.286360e-02
-13.750000 4.298182e-02
-13.500000 3.205487e-02
-13.250000 2.347357e-02
-13.000000 2.390762e-02
-12.750000 3.377330e-02
-12.500000 4.677734e-02
-12.250000 5.940985e-02
-12.000000 6.999890e-02
-11.750000 7.751583e-02
-11.500000 8.127791e-02
-11.250000 8.089872e-02
-11.000000 7.631297e-02
-10.750000 6.785577e-02
-10.500000 5.646937e-02
-10.250000 4.432463e-02
-10.000000 3.641028e-02
-9.750000 3.977133e-02
-9.500000 5.365518e-02
-9.250000 7.174760e-02
-9.000000 8.997067e-02
-8.750000 1.060305e-01
-8.500000 1.183866e-01
-8.250000 1.259230e-01
-8.000000 1.278811e-01
-7.750000 1.238774e-01
-7.500000 1.139637e-01
-7.250000 9.874944e-02
-7.000000 7.972092e-02
-6.750000 6.026752e-02
-6.500000 4.850549e-02
-6.250000 5.515986e-02
-6.000000 7.633956e-02
-5.750000 1.017382e-01
-5.500000 1.256386e-01
-5.250000 1.447848e-01
-5.000000 1.568610e-01
-4.750000 1.601036e-01
-4.500000 1.532941e-01
-4.250000 1.359830e-01
-4.000000 1.092655e-01
-3.750000 7.915963e-02
-3.500000 6.973260e-02
-3.250000 1.084405e-01
-3.000000 1.764620e-01
-2.750000 2.583268e-01
-2.500000 3.481211e-01
-2.250000 4.421514e-01
-2.000000 5.371994e-01
-1.750000 6.301697e-01
-1.500000 7.180566e-01
-1.250000 7.980036e-01
-1.000000 8.673891e-01
-0.750000 9.239183e-01
-0.500000 9.657078e-01
-0.250000 9.913574e-01
0.000000 1.000004e+00
0.250000 9.913574e-01
0.500000 9.657078e-01
0.750000 9.239183e-01
1.000000 8.673891e-01
1.250000 7.980036e-01
1.500000 7.180566e-01
1.750000 6.301697e-01
2.000000 5.371994e-01
2.250000 4.421514e-01
2.500000 3.481211e-01
2.750000 2.583268e-01
3.000000 1.764620e-01
3.250000 1.084405e-01
3.500000 6.973260e-02
3.750000 7.915963e-02
4.000000 1.092655e-01
4.250000 1.359830e-01
4.500000 1.532941e-01
4.750000 1.601036e-01
5.000000 1.568610e-01
5.250000 1.447848e-01
5.500000 1.256386e-01
5.750000 1.017382e-01
6.000000 7.633956e-02
6.250000 5.515986e-02
6.500000 4.850549e-02
6.750000 6.026752e-02
7.000000 7.972092e-02
7.250000 9.874944e-02
7.500000 1.139637e-01
7.750000 1.238774e-01
8.000000 1.278811e-01
8.250000 1.259230e-01
8.500000 1.183866e-01
8.750000 1.060305e-01
9.000000 8.997067e-02
9.250000 7.174760e-02
9.500000 5.365518e-02
9.750000 3.977133e-02
10.000000 3.641028e-02
10.250000 4.432463e-02
10.500000 5.646937e-02
10.750000 6.785577e-02
11.000000 7.631297e-02
11.250000 8.089872e-02
11.500000 8.127791e-02
11.750000 7.751583e-02
12.000000 6.999890e-02
12.250000 5.940985e-02
12.500000 4.677734e-02
12.750000 3.377330e-02
13.000000 2.390762e-02
13.250000 2.347357e-02
13.500000 3.205487e-02
13.750000 4.298182e-02
14.000000 5.286360e-02
14.250000 6.033550e-02
14.500000 6.475785e-02
14.750000 6.586684e-02
15.000000 6.367545e-02
15.250000 5.843925e-02
15.500000 5.065032e-02
15.750000 4.107698e-02
16.000000 3.095242e-02
16.250000 2.264686e-02
16.500000 2.045965e-02
16.750000 2.575650e-02
17.000000 3.411814e-02
17.250000 4.228301e-02
17.500000 4.882470e-02
17.750000 5.306658e-02
18.000000 5.469522e-02
18.250000 5.364472e-02
18.500000 5.005650e-02
18.750000 4.426576e-02
19.000000 3.681424e-02
19.250000 2.853680e-02
19.500000 2.089429e-02
19.750000 1.674473e-02
20.000000 1.877884e-02
20.250000 2.470425e-02
20.500000 3.119022e-02
20.750000 3.663505e-02
21.000000 4.031291e-02
21.250000 4.188220e-02
21.500000 4.123530e-02
21.750000 3.845023e-02
22.000000 3.377607e-02
22.250000 2.764772e-02
22.500000 2.078495e-02
22.750000 1.462072e-02
23.000000 1.232056e-02
23.250000 1.587406e-02
23.500000 2.200006e-02
23.750000 2.809592e-02
24.000000 3.309841e-02
24.250000 3.649923e-02
24.500000 3.804118e-02
24.750000 3.764015e-02
25.000000 3.536338e-02
25.250000 3.142703e-02
25.500000 2.621629e-02
25.750000 2.037329e-02
26.000000 1.510943e-02
26.250000 1.279297e-02
26.500000 1.516166e-02
26.750000 2.016615e-02
27.000000 2.549882e-02
27.250000 3.005529e-02
27.500000 3.329580e-02
27.750000 3.493951e-02
28.000000 3.487259e-02
28.250000 3.311901e-02
28.500000 2.983112e-02
28.750000 2.529434e-02
29.000000 1.996673e-02
29.250000 1.464339e-02
29.500000 1.098281e-02
29.750000 1.138831e-02
30.000000 1.520396e-02
30.250000 1.987174e-02
30.500000 2.405302e-02
30.750000 2.715687e-02
31.000000 2.889204e-02
31.250000 2.913618e-02
31.500000 2.789892e-02
31.750000 2.531328e-02
32.000000 2.164576e-02
32.250000 1.734728e-02
32.500000 1.322706e-02
32.750000 1.082243e-02
33.000000 1.173609e-02
33.250000 1.513268e-02
33.500000 1.916414e-02
33.750000 2.277633e-02
34.000000 2.544490e-02
34.250000 2.689166e-02
34.500000 2.698745e-02
34.750000 2.572113e-02
35.000000 2.319052e-02
35.250000 1.960770e-02
35.500000 1.533806e-02
35.750000 1.106771e-02
36.000000 8.364251e-03
36.250000 9.370626e-03
36.500000 1.306054e-02
36.750000 1.728290e-02
37.000000 2.104929e-02
37.250000 2.390900e-02
37.500000 2.562126e-02
37.750000 2.606998e-02
38.000000 2.524083e-02
38.250000 2.321513e-02
38.500000 2.017264e-02
38.750000 1.641299e-02
39.000000 1.244006e-02
39.250000 9.242332e-03
39.500000 8.542098e-03
39.750000 1.077019e-02
40.000000 1.417322e-02
40.250000 1.746999e-02
40.500000 2.007623e-02
40.750000 2.170207e-02
41.000000 2.220736e-02
41.250000 2.155972e-02
41.500000 1.982328e-02
41.750000 1.716216e-02
42.000000 1.386934e-02
42.250000 1.047713e-02
42.500000 8.083855e-03
42.750000 8.291305e-03
43.000000 1.089189e-02
43.250000 1.425327e-02
43.500000 1.739953e-02
43.750000 1.986506e-02
44.000000 2.140000e-02
44.250000 2.187543e-02
44.500000 2.125601e-02
44.750000 1.959287e-02
45.000000 1.702641e-02
45.250000 1.380805e-02
45.500000 1.038620e-02
45.750000 7.701087e-03
46.000000 7.410314e-03
46.250000 9.731657e-03
46.500000 1.299561e-02
46.750000 1.612891e-02
47.000000 1.864334e-02
47.250000 2.028220e-02
47.500000 2.090828e-02
47.750000 2.047256e-02
48.000000 1.900486e-02
48.250000 1.661261e-02
48.500000 1.349052e-02
48.750000 9.970921e-03
49.000000 6.759865e-03
49.250000 5.633628e-03
49.500000 7.722928e-03
49.750000 1.106232e-02
50.000000 1.433322e-02
