-50.000000 6.974282e-03
-49.750000 7.006251e-03
-49.500000 7.035682e-03
-49.250000 7.062532e-03
-49.000000 7.086758e-03
-48.750000 7.108320e-03
-48.500000 7.127177e-03
-48.250000 7.143291e-03
-48.000000 7.156625e-03
-47.750000 7.167142e-03
-47.500000 7.174809e-03
-47.250000 7.179591e-03
-47.000000 7.181456e-03
-46.750000 7.180375e-03
-46.500000 7.176317e-03
-46.250000 7.169255e-03
-46.000000 7.159163e-03
-45.750000 7.146015e-03
-45.500000 7.129788e-03
-45.250000 7.110461e-03
-45.000000 7.088014e-03
-44.750000 7.062427e-03
-44.500000 7.033685e-03
-44.250000 7.001771e-03
-44.000000 6.966673e-03
-43.750000 6.928379e-03
-43.500000 6.886879e-03
-43.250000 6.842166e-03
-43.000000 6.794235e-03
-42.750000 6.743081e-03
-42.500000 6.688704e-03
-42.250000 6.631104e-03
-42.000000 6.570285e-03
-41.750000 6.506253e-03
-41.500000 6.439017e-03
-41.250000 6.368587e-03
-41.000000 6.294980e-03
-40.750000 6.218211e-03
-40.500000 6.138303e-03
-40.250000 6.055280e-03
-40.000000 5.969171e-03
-39.750000 5.880008e-03
-39.500000 5.787830e-03
-39.250000 5.692679e-03
-39.000000 5.594603e-03
-38.750000 5.493657e-03
-38.500000 5.389903e-03
-38.250000 5.283408e-03
-38.000000 5.174251e-03
-37.750000 5.062519e-03
-37.500000 4.948309e-03
-37.250000 4.831732e-03
-37.000000 4.712913e-03
-36.750000 4.591991e-03
-36.500000 4.469128e-03
-36.250000 4.344502e-03
-36.000000 4.218322e-03
-35.750000 4.090823e-03
-35.500000 3.962275e-03
-35.250000 3.832990e-03
-35.000000 3.703327e-03
-34.750000 3.573703e-03
-34.500000 3.444599e-03
-34.250000 3.316579e-03
-34.000000 3.190297e-03
-33.750000 3.066516e-03
-33.500000 2.946126e-03
-33.250000 2.830156e-03
-33.000000 2.719797e-03
-32.750000 2.616406e-03
-32.500000 2.521513e-03
-32.250000 2.436804e-03
-32.000000 2.364087e-03
-31.750000 2.305222e-03
-31.500000 2.262025e-03
-31.250000 2.236143e-03
-31.000000 2.228910e-03
-30.750000 2.241226e-03
-30.500000 2.273473e-03
-30.250000 2.325495e-03
-30.000000 2.396649e-03
-29.750000 2.485900e-03
-29.500000 2.591950e-03
-29.250000 2.713364e-03
-29.000000 2.848674e-03
-28.750000 2.996457e-03
-28.500000 3.155384e-03
-28.250000 3.324245e-03
-28.000000 3.501959e-03
-27.750000 3.687574e-03
-27.500000 3.880251e-03
-27.250000 4.079261e-03
-27.000000 4.283964e-03
-26.750000 4.493805e-03
-26.500000 4.708294e-03
-26.250000 4.927002e-03
-26.000000 5.149550e-03
-25.750000 5.375601e-03
-25.500000 5.604853e-03
-25.250000 5.837036e-03
-25.000000 6.071904e-03
-24.750000 6.309234e-03
-24.500000 6.548822e-03
-24.250000 6.790478e-03
-24.000000 7.034027e-03
-23.750000 7.279305e-03
-23.500000 7.526158e-03
-23.250000 7.774442e-03
-23.000000 8.024018e-03
-22.750000 8.274755e-03
-22.500000 8.526527e-03
-22.250000 8.779214e-03
-22.000000 9.032698e-03
-21.750000 9.286867e-03
-21.500000 9.541611e-03
-21.250000 9.796823e-03
-21.000000 1.005240e-02
-20.750000 1.030824e-02
-20.500000 1.056424e-02
-20.250000 1.082030e-02
-20.000000 1.107634e-02
-19.750000 1.133224e-02
-19.500000 1.158793e-02
-19.250000 1.184330e-02
-19.000000 1.209826e-02
-18.750000 1.235274e-02
-18.500000 1.260663e-02
-18.250000 1.285984e-02
-18.000000 1.311230e-02
-17.750000 1.336391e-02
-17.500000 1.361460e-02
-17.250000 1.386426e-02
-17.000000 1.411282e-02
-16.750000 1.436020e-02
-16.500000 1.460632e-02
-16.250000 1.485108e-02
-16.000000 1.509441e-02
-15.750000 1.533623e-02
-15.500000 1.557646e-02
-15.250000 1.581502e-02
-15.000000 1.605183e-02
-14.750000 1.628681e-02
-14.500000 1.651989e-02
-14.250000 1.675099e-02
-14.000000 1.698003e-02
-13.750000 1.720693e-02
-13.500000 1.743164e-02
-13.250000 1.765406e-02
-13.000000 1.787413e-02
-12.750000 1.809177e-02
-12.500000 1.830692e-02
-12.250000 1.851951e-02
-12.000000 1.872946e-02
-11.750000 1.893670e-02
-11.500000 1.914118e-02
-11.250000 1.934281e-02
-11.000000 1.954155e-02
-10.750000 1.973731e-02
-10.500000 1.993004e-02
-10.250000 2.011968e-02
-10.000000 2.030616e-02
-9.750000 2.048941e-02
-9.500000 2.066940e-02
-9.250000 2.084604e-02
-9.000000 2.101929e-02
-8.750000 2.118909e-02
-8.500000 2.135538e-02
-8.250000 2.151810e-02
-8.000000 2.167722e-02
-7.750000 2.183266e-02
-7.500000 2.198439e-02
-7.250000 2.213235e-02
-7.000000 2.227650e-02
-6.750000 2.241678e-02
-6.500000 2.255315e-02
-6.250000 2.268557e-02
-6.000000 2.281399e-02
-5.750000 2.293837e-02
-5.500000 2.305866e-02
-5.250000 2.317484e-02
-5.000000 2.328686e-02
-4.750000 2.339468e-02
-4.500000 2.349827e-02
-4.250000 2.359760e-02
-4.000000 2.369263e-02
-3.750000 2.378333e-02
-3.500000 2.386967e-02
-3.250000 2.395162e-02
-3.000000 2.402915e-02
-2.750000 2.410225e-02
-2.500000 2.417088e-02
-2.250000 2.423502e-02
-2.000000 2.429466e-02
-1.750000 2.434976e-02
-1.500000 2.440032e-02
-1.250000 2.444632e-02
-1.000000 2.448774e-02
-0.750000 2.452456e-02
-0.500000 2.455678e-02
-0.250000 2.458438e-02
0.000000 2.460736e-02
0.250000 2.462571e-02
0.500000 2.463942e-02
0.750000 2.464848e-02
1.000000 2.465290e-02
1.250000 2.465268e-02
1.500000 2.464780e-02
1.750000 2.463828e-02
2.000000 2.462412e-02
2.250000 2.460531e-02
2.500000 2.458188e-02
2.750000 2.455382e-02
3.000000 2.452115e-02
3.250000 2.448388e-02
3.500000 2.444201e-02
3.750000 2.439557e-02
4.000000 2.434456e-02
4.250000 2.428901e-02
4.500000 2.422894e-02
4.750000 2.416435e-02
5.000000 2.409529e-02
5.250000 2.402176e-02
5.500000 2.394380e-02
5.750000 2.386143e-02
6.000000 2.377468e-02
6.250000 2.368357e-02
6.500000 2.358814e-02
6.750000 2.348842e-02
7.000000 2.338444e-02
7.250000 2.327625e-02
7.500000 2.316387e-02
7.750000 2.304734e-02
8.000000 2.292670e-02
8.250000 2.280200e-02
8.500000 2.267328e-02
8.750000 2.254057e-02
9.000000 2.240393e-02
9.250000 2.226341e-02
9.500000 2.211904e-02
9.750000 2.197088e-02
10.000000 2.181898e-02
10.250000 2.166339e-02
10.500000 2.150417e-02
10.750000 2.134137e-02
11.000000 2.117505e-02
11.250000 2.100526e-02
11.500000 2.083206e-02
11.750000 2.065552e-02
12.000000 2.047569e-02
12.250000 2.029263e-02
12.500000 2.010642e-02
12.750000 1.991711e-02
13.000000 1.972478e-02
13.250000 1.952949e-02
13.500000 1.933130e-02
13.750000 1.913030e-02
14.000000 1.892655e-02
14.250000 1.872012e-02
14.500000 1.851110e-02
14.750000 1.829954e-02
15.000000 1.808554e-02
15.250000 1.786917e-02
15.500000 1.765050e-02
15.750000 1.742962e-02
16.000000 1.720662e-02
16.250000 1.698157e-02
16.500000 1.675455e-02
16.750000 1.652567e-02
17.000000 1.629499e-02
17.250000 1.606262e-02
17.500000 1.582863e-02
17.750000 1.559313e-02
18.000000 1.535621e-02
18.250000 1.511796e-02
18.500000 1.487848e-02
18.750000 1.463787e-02
19.000000 1.439622e-02
19.250000 1.415365e-02
19.500000 1.391025e-02
19.750000 1.366613e-02
20.000000 1.342140e-02
20.250000 1.317617e-02
20.500000 1.293056e-02
20.750000 1.268468e-02
21.000000 1.243865e-02
21.250000 1.219260e-02
21.500000 1.194664e-02
21.750000 1.170092e-02
22.000000 1.145556e-02
22.250000 1.121070e-02
22.500000 1.096649e-02
22.750000 1.072307e-02
23.000000 1.048059e-02
23.250000 1.023921e-02
23.500000 9.999108e-03
23.750000 9.760444e-03
24.000000 9.523402e-03
24.250000 9.288169e-03
24.500000 9.054944e-03
24.750000 8.823934e-03
25.000000 8.595357e-03
25.250000 8.369442e-03
25.500000 8.146434e-03
25.750000 7.926587e-03
26.000000 7.710174e-03
26.250000 7.497482e-03
26.500000 7.288814e-03
26.750000 7.084492e-03
27.000000 6.884859e-03
27.250000 6.690274e-03
27.500000 6.501120e-03
27.750000 6.317797e-03
28.000000 6.140727e-03
28.250000 5.970352e-03
28.500000 5.807129e-03
28.750000 5.651532e-03
29.000000 5.504046e-03
29.250000 5.365159e-03
29.500000 5.235362e-03
29.750000 5.115135e-03
30.000000 5.004940e-03
30.250000 4.905207e-03
30.500000 4.816327e-03
30.750000 4.738634e-03
31.000000 4.672398e-03
31.250000 4.617807e-03
31.500000 4.574961e-03
31.750000 4.543863e-03
32.000000 4.524418e-03
32.250000 4.516429e-03
32.500000 4.519599e-03
32.750000 4.533545e-03
33.000000 4.557801e-03
33.250000 4.591833e-03
33.500000 4.635053e-03
33.750000 4.686836e-03
34.000000 4.746527e-03
34.250000 4.813462e-03
34.500000 4.886974e-03
34.750000 4.966405e-03
35.000000 5.051115e-03
35.250000 5.140486e-03
35.500000 5.233928e-03
35.750000 5.330881e-03
36.000000 5.430819e-03
36.250000 5.533245e-03
36.500000 5.637700e-03
36.750000 5.743754e-03
37.000000 5.851008e-03
37.250000 5.959094e-03
37.500000 6.067672e-03
37.750000 6.176428e-03
38.000000 6.285072e-03
38.250000 6.393337e-03
38.500000 6.500978e-03
38.750000 6.607768e-03
39.000000 6.713499e-03
39.250000 6.817981e-03
39.500000 6.921036e-03
39.750000 7.022503e-03
40.000000 7.122232e-03
40.250000 7.220086e-03
40.500000 7.315938e-03
40.750000 7.409673e-03
41.000000 7.501183e-03
41.250000 7.590371e-03
41.500000 7.677146e-03
41.750000 7.761425e-03
42.000000 7.843133e-03
42.250000 7.922200e-03
42.500000 7.998562e-03
42.750000 8.072162e-03
43.000000 8.142948e-03
43.250000 8.210872e-03
43.500000 8.275890e-03
43.750000 8.337964e-03
44.000000 8.397060e-03
44.250000 8.453148e-03
44.500000 8.506199e-03
44.750000 8.556192e-03
45.000000 8.603106e-03
45.250000 8.646924e-03
45.500000 8.687633e-03
45.750000 8.725222e-03
46.000000 8.759682e-03
46.250000 8.791010e-03
46.500000 8.819201e-03
46.750000 8.844256e-03
47.000000 8.866177e-03
47.250000 8.884969e-03
47.500000 8.900638e-03
47.750000 8.913194e-03
48.000000 8.922647e-03
48.250000 8.929012e-03
48.500000 8.932303e-03
48.750000 8.932537e-03
49.000000 8.929734e-03
49.250000 8.923914e-03
49.500000 8.915101e-03
49.750000 8.903318e-03
50.000000 8.888594e-03
