-50.000000 9.948311e-03
-49.750000 1.351391e-02
-49.500000 1.679261e-02
-49.250000 1.948627e-02
-49.000000 2.141109e-02
-48.750000 2.244967e-02
-48.500000 2.254037e-02
-48.250000 2.167603e-02
-48.000000 1.990597e-02
-47.750000 1.734198e-02
-47.500000 1.417706e-02
-47.250000 1.075100e-02
-47.000000 7.787897e-03
-46.750000 6.842194e-03
-46.500000 8.784523e-03
-46.250000 1.210813e-02
-46.000000 1.557881e-02
-45.750000 1.865264e-02
-45.500000 2.104467e-02
-45.250000 2.258139e-02
-45.000000 2.316183e-02
-44.750000 2.274769e-02
-44.500000 2.136238e-02
-44.250000 1.909497e-02
-44.000000 1.611377e-02
-43.750000 1.271095e-02
-43.500000 9.455622e-03
-43.250000 7.584777e-03
-43.000000 8.531699e-03
-42.750000 1.153879e-02
-42.500000 1.509590e-02
-42.250000 1.842738e-02
-42.000000 2.114782e-02
-41.750000 2.302977e-02
-41.500000 2.393555e-02
-41.250000 2.379912e-02
-41.000000 2.262351e-02
-40.750000 2.048576e-02
-40.500000 1.755365e-02
-40.250000 1.413679e-02
-40.000000 1.084677e-02
-39.750000 8.954673e-03
-39.500000 9.909324e-03
-39.250000 1.312277e-02
-39.000000 1.709077e-02
-38.750000 2.094363e-02
-38.500000 2.422500e-02
-38.250000 2.665557e-02
-38.000000 2.805470e-02
-37.750000 2.831783e-02
-37.500000 2.741119e-02
-37.250000 2.537278e-02
-37.000000 2.231859e-02
-36.750000 1.846252e-02
-36.500000 1.418450e-02
-36.250000 1.027957e-02
-36.000000 8.554098e-03
-35.750000 1.054875e-02
-35.500000 1.464804e-02
-35.250000 1.911520e-02
-35.000000 2.317190e-02
-34.750000 2.642123e-02
-34.500000 2.862128e-02
-34.250000 2.962597e-02
-34.000000 2.937095e-02
-33.750000 2.787351e-02
-33.500000 2.524028e-02
-33.250000 2.168885e-02
-33.000000 1.760977e-02
-32.750000 1.374603e-02
-32.500000 1.153472e-02
-32.250000 1.251368e-02
-32.000000 1.608730e-02
-31.750000 2.058203e-02
-31.500000 2.494656e-02
-31.250000 2.861276e-02
-31.000000 3.123574e-02
-30.750000 3.259742e-02
-30.500000 3.257707e-02
-30.250000 3.114464e-02
-30.000000 2.836376e-02
-29.750000 2.440624e-02
-29.500000 1.959925e-02
-29.250000 1.459347e-02
-29.000000 1.093284e-02
-28.750000 1.131639e-02
-28.500000 1.563893e-02
-28.250000 2.132898e-02
-28.000000 2.695663e-02
-27.750000 3.185004e-02
-27.500000 3.560931e-02
-27.250000 3.796991e-02
-27.000000 3.876928e-02
-26.750000 3.794194e-02
-26.500000 3.552489e-02
-26.250000 3.167243e-02
-26.000000 2.669461e-02
-25.750000 2.117079e-02
-25.500000 1.628997e-02
-25.250000 1.437277e-02
-25.000000 1.711333e-02
-24.750000 2.277999e-02
-24.500000 2.920660e-02
-24.250000 3.523978e-02
-24.000000 4.024412e-02
-23.750000 4.381587e-02
-23.500000 4.569367e-02
-23.250000 4.573490e-02
-23.000000 4.391392e-02
-22.750000 4.033093e-02
-22.500000 3.523603e-02
-22.250000 2.909521e-02
-22.000000 2.278504e-02
-21.750000 1.809115e-02
-21.500000 1.776658e-02
-21.250000 2.228102e-02
-21.000000 2.908059e-02
-20.750000 3.614177e-02
-20.500000 4.239419e-02
-20.250000 4.720921e-02
-20.000000 5.017994e-02
-19.750000 5.105355e-02
-19.500000 4.971432e-02
-19.250000 4.618531e-02
-19.000000 4.064373e-02
-18.750000 3.346801e-02
-18.500000 2.540042e-02
-18.250000 1.817419e-02
-18.000000 1.594583e-02
-17.750000 2.133130e-02
-17.500000 3.033138e-02
-17.250000 3.981843e-02
-17.000000 4.843481e-02
-16.750000 5.541957e-02
-16.500000 6.025662e-02
-16.250000 6.259227e-02
-16.000000 6.222167e-02
-15.750000 5.909587e-02
-15.500000 5.334126e-02
-15.250000 4.530490e-02
-15.000000 3.569043e-02
-14.750000 2.605334e-02
-14.500000 2.038332e-02
-14.250000 2.409672e-02
-14.000000 3.460706e-02
-13.750000 4.697491e-02
-13.500000 5.890506e-02
-13.250000 6.922150e-02
-13.000000 7.714639e-02
-12.750000 8.212254e-02
-12.500000 8.377894e-02
-12.250000 8.193810e-02
-12.000000 7.664312e-02
-11.750000 6.821222e-02
-11.500000 5.736914e-02
-11.250000 4.561160e-02
-11.000000 3.621310e-02
-10.750000 3.492310e-02
-10.500000 4.399695e-02
-10.250000 5.874579e-02
-10.000000 7.487446e-02
-9.750000 9.003516e-02
-9.500000 1.027795e-01
-9.250000 1.120746e-01
-9.000000 1.171583e-01
-8.750000 1.175094e-01
-8.500000 1.128568e-01
-8.250000 1.032075e-01
-8.000000 8.890329e-02
-7.750000 7.077036e-02
-7.500000 5.068108e-02
-7.250000 3.420292e-02
-7.000000 3.559677e-02
-6.750000 5.550957e-02
-6.500000 8.078846e-02
-6.250000 1.057704e-01
-6.000000 1.278769e-01
-5.750000 1.453140e-01
-5.500000 1.566273e-01
-5.250000 1.606484e-01
-5.000000 1.565628e-01
-4.750000 1.440912e-01
-4.500000 1.239561e-01
-4.250000 9.936451e-02
-4.000000 8.089869e-02
-3.750000 9.050266e-02
-3.500000 1.338768e-01
-3.250000 1.970159e-01
-3.000000 2.711431e-01
-2.750000 3.519540e-01
-2.500000 4.365268e-01
-2.250000 5.223427e-01
-2.000000 6.070167e-01
-1.750000 6.882446e-01
-1.500000 7.638214e-01
-1.250000 8.316869e-01
-1.000000 8.899796e-01
-0.750000 9.370905e-01
-0.500000 9.717123e-01
-0.250000 9.928802e-01
0.000000 1.000003e+00
0.250000 9.928802e-01
0.500000 9.717123e-01
0.750000 9.370905e-01
1.000000 8.899796e-01
1.250000 8.316869e-01
1.500000 7.638214e-01
1.750000 6.882446e-01
2.000000 6.070167e-01
2.250000 5.223427e-01
2.500000 4.365268e-01
2.750000 3.519540e-01
3.000000 2.711431e-01
3.250000 1.970159e-01
3.500000 1.338768e-01
3.750000 9.050266e-02
4.000000 8.089869e-02
4.250000 9.936451e-02
4.500000 1.239561e-01
4.750000 1.440912e-01
5.000000 1.565628e-01
5.250000 1.606484e-01
5.500000 1.566273e-01
5.750000 1.453140e-01
6.000000 1.278769e-01
6.250000 1.057704e-01
6.500000 8.078846e-02
6.750000 5.550957e-02
7.000000 3.559677e-02
7.250000 3.420292e-02
7.500000 5.068108e-02
7.750000 7.077036e-02
8.000000 8.890329e-02
8.250000 1.032075e-01
8.500000 1.128568e-01
8.750000 1.175094e-01
9.000000 1.171583e-01
9.250000 1.120746e-01
9.500000 1.027795e-01
9.750000 9.003516e-02
10.000000 7.487446e-02
10.250000 5.874579e-02
10.500000 4.399695e-02
10.750000 3.492310e-02
11.000000 3.621310e-02
11.250000 4.561160e-02
11.500000 5.736914e-02
11.750000 6.821222e-02
12.000000 7.664312e-02
12.250000 8.193810e-02
12.500000 8.377894e-02
12.750000 8.212254e-02
13.000000 7.714639e-02
13.250000 6.922150e-02
13.500000 5.890506e-02
13.750000 4.697491e-02
14.000000 3.460706e-02
14.250000 2.409672e-02
14.500000 2.038332e-02
14.750000 2.605334e-02
15.000000 3.569043e-02
15.250000 4.530490e-02
15.500000 5.334126e-02
15.750000 5.909587e-02
16.000000 6.222167e-02
16.250000 6.259227e-02
16.500000 6.025662e-02
16.750000 5.541957e-02
17.000000 4.843481e-02
17.250000 3.981843e-02
17.500000 3.033138e-02
17.750000 2.133130e-02
18.000000 1.594583e-02
18.250000 1.817419e-02
18.500000 2.540042e-02
18.750000 3.346801e-02
19.000000 4.064373e-02
19.250000 4.618531e-02
19.500000 4.971432e-02
19.750000 5.105355e-02
20.000000 5.017994e-02
20.250000 4.720921e-02
20.500000 4.239419e-02
20.750000 3.614177e-02
21.000000 2.908059e-02
21.250000 2.228102e-02
21.500000 1.776658e-02
21.750000 1.809115e-02
22.000000 2.278504e-02
22.250000 2.909521e-02
22.500000 3.523603e-02
22.750000 4.033093e-02
23.000000 4.391392e-02
23.250000 4.573490e-02
23.500000 4.569367e-02
23.750000 4.381587e-02
24.000000 4.024412e-02
24.250000 3.523978e-02
24.500000 2.920660e-02
24.750000 2.277999e-02
25.000000 1.711333e-02
25.250000 1.437277e-02
25.500000 1.628997e-02
25.750000 2.117079e-02
26.000000 2.669461e-02
26.250000 3.167243e-02
26.500000 3.552489e-02
26.750000 3.794194e-02
27.000000 3.876928e-02
27.250000 3.796991e-02
27.500000 3.560931e-02
27.750000 3.185004e-02
28.000000 2.695663e-02
28.250000 2.132898e-02
28.500000 1.563893e-02
28.750000 1.131639e-02
29.000000 1.093284e-02
29.250000 1.459347e-02
29.500000 1.959925e-02
29.750000 2.440624e-02
30.000000 2.836376e-02
30.250000 3.114464e-02
30.500000 3.257707e-02
30.750000 3.259742e-02
31.000000 3.123574e-02
31.250000 2.861276e-02
31.500000 2.494656e-02
31.750000 2.058203e-02
32.000000 1.608730e-02
32.250000 1.251368e-02
32.500000 1.153472e-02
32.750000 1.374603e-02
33.000000 1.760977e-02
33.250000 2.168885e-02
33.500000 2.524028e-02
33.750000 2.787351e-02
34.000000 2.937095e-02
34.250000 2.962597e-02
34.500000 2.862128e-02
34.750000 2.642123e-02
35.000000 2.317190e-02
35.250000 1.911520e-02
35.500000 1.464804e-02
35.750000 1.054875e-02
36.000000 8.554098e-03
36.250000 1.027957e-02
36.500000 1.418450e-02
36.750000 1.846252e-02
37.000000 2.231859e-02
37.250000 2.537278e-02
37.500000 2.741119e-02
37.750000 2.831783e-02
38.000000 2.805470e-02
38.250000 2.665557e-02
38.500000 2.422500e-02
38.750000 2.094363e-02
39.000000 1.709077e-02
39.250000 1.312277e-02
39.500000 9.909324e-03
39.750000 8.954673e-03
40.000000 1.084677e-02
40.250000 1.413679e-02
40.500000 1.755365e-02
40.750000 2.048576e-02
41.000000 2.262351e-02
41.250000 2.379912e-02
41.500000 2.393555e-02
41.750000 2.302977e-02
42.000000 2.114782e-02
42.250000 1.842738e-02
42.500000 1.509590e-02
42.750000 1.153879e-02
43.000000 8.531699e-03
43.250000 7.584777e-03
43.500000 9.455622e-03
43.750000 1.271095e-02
44.000000 1.611377e-02
44.250000 1.909497e-02
44.500000 2.136238e-02
44.750000 2.274769e-02
45.000000 2.316183e-02
45.250000 2.258139e-02
45.500000 2.104467e-02
45.750000 1.865264e-02
46.000000 1.557881e-02
46.250000 1.210813e-02
46.500000 8.784523e-03
46.750000 6.842194e-03
47.000000 7.787897e-03
47.250000 1.075100e-02
47.500000 1.417706e-02
47.750000 1.734198e-02
48.000000 1.990597e-02
48.250000 2.167603e-02
48.500000 2.254037e-02
48.750000 2.244967e-02
49.000000 2.141109e-02
49.250000 1.948627e-02
49.500000 1.679261e-02
49.750000 1.351391e-02
50.000000 9.948311e-03
