-50.000000 3.404162e-03
-49.750000 3.443197e-03
-49.500000 3.482259e-03
-49.250000 3.521346e-03
-49.000000 3.560455e-03
-48.750000 3.599584e-03
-48.500000 3.638729e-03
-48.250000 3.677887e-03
-48.000000 3.717058e-03
-47.750000 3.756237e-03
-47.500000 3.795422e-03
-47.250000 3.834611e-03
-47.000000 3.873800e-03
-46.750000 3.912989e-03
-46.500000 3.952174e-03
-46.250000 3.991352e-03
-46.000000 4.030522e-03
-45.750000 4.069680e-03
-45.500000 4.108825e-03
-45.250000 4.147954e-03
-45.000000 4.187065e-03
-44.750000 4.226156e-03
-44.500000 4.265223e-03
-44.250000 4.304265e-03
-44.000000 4.343280e-03
-43.750000 4.382265e-03
-43.500000 4.421218e-03
-43.250000 4.460137e-03
-43.000000 4.499019e-03
-42.750000 4.537863e-03
-42.500000 4.576666e-03
-42.250000 4.615425e-03
-42.000000 4.654140e-03
-41.750000 4.692806e-03
-41.500000 4.731424e-03
-41.250000 4.769989e-03
-41.000000 4.808501e-03
-40.750000 4.846956e-03
-40.500000 4.885353e-03
-40.250000 4.923691e-03
-40.000000 4.961965e-03
-39.750000 5.000176e-03
-39.500000 5.038319e-03
-39.250000 5.076395e-03
-39.000000 5.114399e-03
-38.750000 5.152331e-03
-38.500000 5.190188e-03
-38.250000 5.227968e-03
-38.000000 5.265670e-03
-37.750000 5.303290e-03
-37.500000 5.340828e-03
-37.250000 5.378281e-03
-37.000000 5.415647e-03
-36.750000 5.452925e-03
-36.500000 5.490111e-03
-36.250000 5.527205e-03
-36.000000 5.564204e-03
-35.750000 5.601107e-03
-35.500000 5.637910e-03
-35.250000 5.674614e-03
-35.000000 5.711214e-03
-34.750000 5.747711e-03
-34.500000 5.784101e-03
-34.250000 5.820383e-03
-34.000000 5.856555e-03
-33.750000 5.892615e-03
-33.500000 5.928561e-03
-33.250000 5.964391e-03
-33.000000 6.000104e-03
-32.750000 6.035697e-03
-32.500000 6.071169e-03
-32.250000 6.106518e-03
-32.000000 6.141741e-03
-31.750000 6.176838e-03
-31.500000 6.211807e-03
-31.250000 6.246645e-03
-31.000000 6.281350e-03
-30.750000 6.315922e-03
-30.500000 6.350358e-03
-30.250000 6.384656e-03
-30.000000 6.418815e-03
-29.750000 6.452832e-03
-29.500000 6.486707e-03
-29.250000 6.520437e-03
-29.000000 6.554021e-03
-28.750000 6.587457e-03
-28.500000 6.620743e-03
-28.250000 6.653877e-03
-28.000000 6.686858e-03
-27.750000 6.719684e-03
-27.500000 6.752354e-03
-27.250000 6.784865e-03
-27.000000 6.817216e-03
-26.750000 6.849406e-03
-26.500000 6.881433e-03
-26.250000 6.913294e-03
-26.000000 6.944989e-03
-25.750000 6.976516e-03
-25.500000 7.007872e-03
-25.250000 7.039058e-03
-25.000000 7.070070e-03
-24.750000 7.100908e-03
-24.500000 7.131570e-03
-24.250000 7.162054e-03
-24.000000 7.192358e-03
-23.750000 7.222482e-03
-23.500000 7.252423e-03
-23.250000 7.282180e-03
-23.000000 7.311752e-03
-22.750000 7.341137e-03
-22.500000 7.370333e-03
-22.250000 7.399339e-03
-22.000000 7.428154e-03
-21.750000 7.456776e-03
-21.500000 7.485203e-03
-21.250000 7.513434e-03
-21.000000 7.541468e-03
-20.750000 7.569303e-03
-20.500000 7.596938e-03
-20.250000 7.624371e-03
-20.000000 7.651602e-03
-19.750000 7.678627e-03
-19.500000 7.705447e-03
-19.250000 7.732060e-03
-19.000000 7.758464e-03
-18.750000 7.784658e-03
-18.500000 7.810641e-03
-18.250000 7.836411e-03
-18.000000 7.861967e-03
-17.750000 7.887308e-03
-17.500000 7.912433e-03
-17.250000 7.937339e-03
-17.000000 7.962026e-03
-16.750000 7.986493e-03
-16.500000 8.010738e-03
-16.250000 8.034761e-03
-16.000000 8.058559e-03
-15.750000 8.082131e-03
-15.500000 8.105477e-03
-15.250000 8.128595e-03
-15.000000 8.151485e-03
-14.750000 8.174144e-03
-14.500000 8.196571e-03
-14.250000 8.218766e-03
-14.000000 8.240727e-03
-13.750000 8.262454e-03
-13.500000 8.283944e-03
-13.250000 8.305198e-03
-13.000000 8.326213e-03
-12.750000 8.346989e-03
-12.500000 8.367525e-03
-12.250000 8.387819e-03
-12.000000 8.407871e-03
-11.750000 8.427679e-03
-11.500000 8.447243e-03
-11.250000 8.466561e-03
-11.000000 8.485633e-03
-10.750000 8.504457e-03
-10.500000 8.523033e-03
-10.250000 8.541359e-03
-10.000000 8.559435e-03
-9.750000 8.577259e-03
-9.500000 8.594831e-03
-9.250000 8.612150e-03
-9.000000 8.629214e-03
-8.750000 8.646024e-03
-8.500000 8.662577e-03
-8.250000 8.678874e-03
-8.000000 8.694913e-03
-7.750000 8.710693e-03
-7.500000 8.726215e-03
-7.250000 8.741476e-03
-7.000000 8.756476e-03
-6.750000 8.771214e-03
-6.500000 8.785690e-03
-6.250000 8.799903e-03
-6.000000 8.813851e-03
-5.750000 8.827535e-03
-5.500000 8.840953e-03
-5.250000 8.854105e-03
-5.000000 8.866990e-03
-4.750000 8.879607e-03
-4.500000 8.891956e-03
-4.250000 8.904037e-03
-4.000000 8.915847e-03
-3.750000 8.927387e-03
-3.500000 8.938657e-03
-3.250000 8.949655e-03
-3.000000 8.960381e-03
-2.750000 8.970834e-03
-2.500000 8.981014e-03
-2.250000 8.990920e-03
-2.000000 9.000552e-03
-1.750000 9.009910e-03
-1.500000 9.018992e-03
-1.250000 9.027798e-03
-1.000000 9.036327e-03
-0.750000 9.044580e-03
-0.500000 9.052556e-03
-0.250000 9.060254e-03
0.000000 9.067674e-03
0.250000 9.074815e-03
0.500000 9.081678e-03
0.750000 9.088261e-03
1.000000 9.094564e-03
1.250000 9.100587e-03
1.500000 9.106330e-03
1.750000 9.111792e-03
2.000000 9.116974e-03
2.250000 9.121873e-03
2.500000 9.126491e-03
2.750000 9.130828e-03
3.000000 9.134882e-03
3.250000 9.138653e-03
3.500000 9.142142e-03
3.750000 9.145348e-03
4.000000 9.148271e-03
4.250000 9.150911e-03
4.500000 9.153267e-03
4.750000 9.155339e-03
5.000000 9.157128e-03
5.250000 9.158633e-03
5.500000 9.159853e-03
5.750000 9.160790e-03
6.000000 9.161442e-03
6.250000 9.161811e-03
6.500000 9.161894e-03
6.750000 9.161694e-03
7.000000 9.161208e-03
7.250000 9.160439e-03
7.500000 9.159385e-03
7.750000 9.158046e-03
8.000000 9.156423e-03
8.250000 9.154515e-03
8.500000 9.152323e-03
8.750000 9.149847e-03
9.000000 9.147087e-03
9.250000 9.144042e-03
9.500000 9.140713e-03
9.750000 9.137101e-03
10.000000 9.133205e-03
10.250000 9.129025e-03
10.500000 9.124561e-03
10.750000 9.119815e-03
11.000000 9.114785e-03
11.250000 9.109472e-03
11.500000 9.103877e-03
11.750000 9.097999e-03
12.000000 9.091839e-03
12.250000 9.085397e-03
12.500000 9.078674e-03
12.750000 9.071669e-03
13.000000 9.064383e-03
13.250000 9.056816e-03
13.500000 9.048969e-03
13.750000 9.040842e-03
14.000000 9.032436e-03
14.250000 9.023750e-03
14.500000 9.014785e-03
14.750000 9.005541e-03
15.000000 8.996020e-03
15.250000 8.986221e-03
15.500000 8.976144e-03
15.750000 8.965791e-03
16.000000 8.955162e-03
16.250000 8.944257e-03
16.500000 8.933076e-03
16.750000 8.921621e-03
17.000000 8.909892e-03
17.250000 8.897889e-03
17.500000 8.885612e-03
17.750000 8.873064e-03
18.000000 8.860243e-03
18.250000 8.847151e-03
18.500000 8.833788e-03
18.750000 8.820155e-03
19.000000 8.806252e-03
19.250000 8.792081e-03
19.500000 8.777642e-03
19.750000 8.762935e-03
20.000000 8.747961e-03
20.250000 8.732721e-03
20.500000 8.717216e-03
20.750000 8.701446e-03
21.000000 8.685413e-03
21.250000 8.669116e-03
21.500000 8.652557e-03
21.750000 8.635736e-03
22.000000 8.618655e-03
22.250000 8.601314e-03
22.500000 8.583713e-03
22.750000 8.565855e-03
23.000000 8.547739e-03
23.250000 8.529367e-03
23.500000 8.510739e-03
23.750000 8.491856e-03
24.000000 8.472719e-03
24.250000 8.453330e-03
24.500000 8.433689e-03
24.750000 8.413796e-03
25.000000 8.393654e-03
25.250000 8.373262e-03
25.500000 8.352623e-03
25.750000 8.331736e-03
26.000000 8.310604e-03
26.250000 8.289226e-03
26.500000 8.267604e-03
26.750000 8.245739e-03
27.000000 8.223633e-03
27.250000 8.201286e-03
27.500000 8.178699e-03
27.750000 8.155873e-03
28.000000 8.132810e-03
28.250000 8.109510e-03
28.500000 8.085976e-03
28.750000 8.062207e-03
29.000000 8.038205e-03
29.250000 8.013972e-03
29.500000 7.989508e-03
29.750000 7.964815e-03
30.000000 7.939893e-03
30.250000 7.914745e-03
30.500000 7.889371e-03
30.750000 7.863773e-03
31.000000 7.837952e-03
31.250000 7.811909e-03
31.500000 7.785645e-03
31.750000 7.759162e-03
32.000000 7.732461e-03
32.250000 7.705543e-03
32.500000 7.678410e-03
32.750000 7.651064e-03
33.000000 7.623504e-03
33.250000 7.595734e-03
33.500000 7.567753e-03
33.750000 7.539564e-03
34.000000 7.511169e-03
34.250000 7.482567e-03
34.500000 7.453762e-03
34.750000 7.424753e-03
35.000000 7.395544e-03
35.250000 7.366134e-03
35.500000 7.336526e-03
35.750000 7.306722e-03
36.000000 7.276722e-03
36.250000 7.246528e-03
36.500000 7.216142e-03
36.750000 7.185565e-03
37.000000 7.154799e-03
37.250000 7.123846e-03
37.500000 7.092706e-03
37.750000 7.061382e-03
38.000000 7.029874e-03
38.250000 6.998186e-03
38.500000 6.966318e-03
38.750000 6.934271e-03
39.000000 6.902049e-03
39.250000 6.869651e-03
39.500000 6.837080e-03
39.750000 6.804338e-03
40.000000 6.771426e-03
40.250000 6.738346e-03
40.500000 6.705100e-03
40.750000 6.671689e-03
41.000000 6.638115e-03
41.250000 6.604380e-03
41.500000 6.570485e-03
41.750000 6.536433e-03
42.000000 6.502225e-03
42.250000 6.467862e-03
42.500000 6.433348e-03
42.750000 6.398683e-03
43.000000 6.363869e-03
43.250000 6.328908e-03
43.500000 6.293803e-03
43.750000 6.258554e-03
44.000000 6.223164e-03
44.250000 6.187634e-03
44.500000 6.151967e-03
44.750000 6.116164e-03
45.000000 6.080228e-03
45.250000 6.044160e-03
45.500000 6.007962e-03
45.750000 5.971636e-03
46.000000 5.935184e-03
46.250000 5.898608e-03
46.500000 5.861911e-03
46.750000 5.825093e-03
47.000000 5.788157e-03
47.250000 5.751106e-03
47.500000 5.713941e-03
47.750000 5.676664e-03
48.000000 5.639277e-03
48.250000 5.601782e-03
48.500000 5.564182e-03
48.750000 5.526479e-03
49.000000 5.488674e-03
49.250000 5.450770e-03
49.500000 5.412770e-03
49.750000 5.374674e-03
50.000000 5.336486e-03
