-50.00     15.601815
-49.75     15.659276
-49.50     15.713027
-49.25     15.773673
-49.00     15.833269
-48.75     15.883597
-48.50     15.929061
-48.25     15.979760
-48.00     16.038782
-47.75     16.095330
-47.50     16.146902
-47.25     16.201772
-47.00     16.257314
-46.75     16.308791
-46.50     16.374644
-46.25     16.465187
-46.00     16.550353
-45.75     16.617488
-45.50     16.666277
-45.25     16.721834
-45.00     16.805508
-44.75     16.896460
-44.50     16.978875
-44.25     17.056410
-44.00     17.131612
-43.75     17.211456
-43.50     17.296412
-43.25     17.383339
-43.00     17.463702
-42.75     17.546639
-42.50     17.657339
-42.25     17.774796
-42.00     17.877648
-41.75     17.977864
-41.50     18.078664
-41.25     18.180498
-41.00     18.282385
-40.75     18.387872
-40.50     18.488917
-40.25     18.585661
-40.00     18.684763
-39.75     18.776501
-39.50     18.857432
-39.25     18.950364
-39.00     19.056319
-38.75     19.168842
-38.50     19.284844
-38.25     19.388265
-38.00     19.470034
-37.75     19.546722
-37.50     19.626830
-37.25     19.706558
-37.00     19.793899
-36.75     19.875975
-36.50     19.964396
-36.25     20.082222
-36.00     20.195440
-35.75     20.293342
-35.50     20.384973
-35.25     20.476945
-35.00     20.583468
-34.75     20.713308
-34.50     20.849691
-34.25     20.970896
-34.00     21.082185
-33.75     21.210645
-33.50     21.352456
-33.25     21.494093
-33.00     21.628062
-32.75     21.763776
-32.50     21.898639
-32.25     22.029371
-32.00     22.164341
-31.75     22.316901
-31.50     22.472674
-31.25     22.639444
-31.00     22.804917
-30.75     22.960032
-30.50     23.105870
-30.25     23.238457
-30.00     23.376494
-29.75     23.518884
-29.50     23.655065
-29.25     23.791454
-29.00     23.945385
-28.75     24.115880
-28.50     24.271902
-28.25     24.422247
-28.00     24.569747
-27.75     24.724298
-27.50     24.905356
-27.25     25.099454
-27.00     25.277961
-26.75     25.456075
-26.50     25.630780
-26.25     25.802299
-26.00     25.984297
-25.75     26.179958
-25.50     26.382062
-25.25     26.581151
-25.00     26.770223
-24.75     26.952979
-24.50     27.128768
-24.25     27.307729
-24.00     27.510471
-23.75     27.727679
-23.50     27.951245
-23.25     28.179139
-23.00     28.416826
-22.75     28.640338
-22.50     28.882145
-22.25     29.151465
-22.00     29.430743
-21.75     29.708085
-21.50     29.979050
-21.25     30.253957
-21.00     30.527028
-20.75     30.805918
-20.50     31.092226
-20.25     31.390367
-20.00     31.693507
-19.75     31.991394
-19.50     32.287964
-19.25     32.588456
-19.00     32.900616
-18.75     33.235753
-18.50     33.582307
-18.25     33.921826
-18.00     34.247353
-17.75     34.567612
-17.50     34.911125
-17.25     35.288585
-17.00     35.677166
-16.75     36.065023
-16.50     36.439965
-16.25     36.821329
-16.00     37.228085
-15.75     37.662444
-15.50     38.109691
-15.25     38.545609
-15.00     38.967375
-14.75     39.406811
-14.50     39.875415
-14.25     40.374915
-14.00     40.876311
-13.75     41.400249
-13.50     41.946810
-13.25     42.489537
-13.00     43.041714
-12.75     43.627193
-12.50     44.221673
-12.25     44.823214
-12.00     45.426858
-11.75     46.040168
-11.50     46.691210
-11.25     47.390703
-11.00     48.143405
-10.75     48.913276
-10.50     49.692127
-10.25     50.497233
-10.00     51.352805
 -9.75     52.245843
 -9.50     53.160519
 -9.25     54.089673
 -9.00     55.039656
 -8.75     56.034348
 -8.50     57.115929
 -8.25     58.232712
 -8.00     59.372277
 -7.75     60.554742
 -7.50     61.776437
 -7.25     63.076776
 -7.00     64.444501
 -6.75     65.863385
 -6.50     67.331634
 -6.25     68.886065
 -6.00     70.537775
 -5.75     72.278869
 -5.50     74.115494
 -5.25     76.032981
 -5.00     78.064474
 -4.75     80.255166
 -4.50     82.591017
 -4.25     85.073383
 -4.00     87.703675
 -3.75     90.503855
 -3.50     93.527117
 -3.25     96.749526
 -3.00     100.179100
 -2.75     103.838875
 -2.50     107.753080
 -2.25     111.961332
 -2.00     116.404634
 -1.75     121.041136
 -1.50     125.821816
 -1.25     130.652047
 -1.00     135.273304
 -0.75     139.280720
 -0.50     142.376066
 -0.25     144.332483
  0.00     145.001862
  0.25     144.332483
  0.50     142.376066
  0.75     139.280720
  1.00     135.273304
  1.25     130.652047
  1.50     125.821816
  1.75     121.041136
  2.00     116.404634
  2.25     111.961332
  2.50     107.753080
  2.75     103.838875
  3.00     100.179100
  3.25     96.749526
  3.50     93.527117
  3.75     90.503855
  4.00     87.703675
  4.25     85.073383
  4.50     82.591017
  4.75     80.255166
  5.00     78.064474
  5.25     76.032981
  5.50     74.115494
  5.75     72.278869
  6.00     70.537775
  6.25     68.886065
  6.50     67.331634
  6.75     65.863385
  7.00     64.444501
  7.25     63.076776
  7.50     61.776437
  7.75     60.554742
  8.00     59.372277
  8.25     58.232712
  8.50     57.115929
  8.75     56.034348
  9.00     55.039656
  9.25     54.089673
  9.50     53.160519
  9.75     52.245843
 10.00     51.352805
 10.25     50.497233
 10.50     49.692127
 10.75     48.913276
 11.00     48.143405
 11.25     47.390703
 11.50     46.691210
 11.75     46.040168
 12.00     45.426858
 12.25     44.823214
 12.50     44.221673
 12.75     43.627193
 13.00     43.041714
 13.25     42.489537
 13.50     41.946810
 13.75     41.400249
 14.00     40.876311
 14.25     40.374915
 14.50     39.875415
 14.75     39.406811
 15.00     38.967375
 15.25     38.545609
 15.50     38.109691
 15.75     37.662444
 16.00     37.228085
 16.25     36.821329
 16.50     36.439965
 16.75     36.065023
 17.00     35.677166
 17.25     35.288585
 17.50     34.911125
 17.75     34.567612
 18.00     34.247353
 18.25     33.921826
 18.50     33.582307
 18.75     33.235753
 19.00     32.900616
 19.25     32.588456
 19.50     32.287964
 19.75     31.991394
 20.00     31.693507
 20.25     31.390367
 20.50     31.092226
 20.75     30.805918
 21.00     30.527028
 21.25     30.253957
 21.50     29.979050
 21.75     29.708085
 22.00     29.430743
 22.25     29.151465
 22.50     28.882145
 22.75     28.640338
 23.00     28.416826
 23.25     28.179139
 23.50     27.951245
 23.75     27.727679
 24.00     27.510471
 24.25     27.307729
 24.50     27.128768
 24.75     26.952979
 25.00     26.770223
 25.25     26.581151
 25.50     26.382062
 25.75     26.179958
 26.00     25.984297
 26.25     25.802299
 26.50     25.630780
 26.75     25.456075
 27.00     25.277961
 27.25     25.099454
 27.50     24.905356
 27.75     24.724298
 28.00     24.569747
 28.25     24.422247
 28.50     24.271902
 28.75     24.115880
 29.00     23.945385
 29.25     23.791454
 29.50     23.655065
 29.75     23.518884
 30.00     23.376494
 30.25     23.238457
 30.50     23.105870
 30.75     22.960032
 31.00     22.804917
 31.25     22.639444
 31.50     22.472674
 31.75     22.316901
 32.00     22.164341
 32.25     22.029371
 32.50     21.898639
 32.75     21.763776
 33.00     21.628062
 33.25     21.494093
 33.50     21.352456
 33.75     21.210645
 34.00     21.082185
 34.25     20.970896
 34.50     20.849691
 34.75     20.713308
 35.00     20.583468
 35.25     20.476945
 35.50     20.384973
 35.75     20.293342
 36.00     20.195440
 36.25     20.082222
 36.50     19.964396
 36.75     19.875975
 37.00     19.793899
 37.25     19.706558
 37.50     19.626830
 37.75     19.546722
 38.00     19.470034
 38.25     19.388265
 38.50     19.284844
 38.75     19.168842
 39.00     19.056319
 39.25     18.950364
 39.50     18.857432
 39.75     18.776501
 40.00     18.684763
 40.25     18.585661
 40.50     18.488917
 40.75     18.387872
 41.00     18.282385
 41.25     18.180498
 41.50     18.078664
 41.75     17.977864
 42.00     17.877648
 42.25     17.774796
 42.50     17.657339
 42.75     17.546639
 43.00     17.463702
 43.25     17.383339
 43.50     17.296412
 43.75     17.211456
 44.00     17.131612
 44.25     17.056410
 44.50     16.978875
 44.75     16.896460
 45.00     16.805508
 45.25     16.721834
 45.50     16.666277
 45.75     16.617488
 46.00     16.550353
 46.25     16.465187
 46.50     16.374644
 46.75     16.308791
 47.00     16.257314
 47.25     16.201772
 47.50     16.146902
 47.75     16.095330
 48.00     16.038782
 48.25     15.979760
 48.50     15.929061
 48.75     15.883597
 49.00     15.833269
 49.25     15.773673
 49.50     15.713027
 49.75     15.659276
 50.00     15.601815
