-50.000000 2.518971e-03
-49.750000 2.697704e-03
-49.500000 2.852809e-03
-49.250000 2.981590e-03
-49.000000 3.082194e-03
-48.750000 3.153636e-03
-48.500000 3.195826e-03
-48.250000 3.209569e-03
-48.000000 3.196554e-03
-47.750000 3.159321e-03
-47.500000 3.101188e-03
-47.250000 3.026152e-03
-47.000000 2.938733e-03
-46.750000 2.843764e-03
-46.500000 2.746107e-03
-46.250000 2.650310e-03
-46.000000 2.560201e-03
-45.750000 2.478483e-03
-45.500000 2.406409e-03
-45.250000 2.343600e-03
-45.000000 2.288095e-03
-44.750000 2.236624e-03
-44.500000 2.185045e-03
-44.250000 2.128850e-03
-44.000000 2.063640e-03
-43.750000 1.985516e-03
-43.500000 1.891347e-03
-43.250000 1.778941e-03
-43.000000 1.647122e-03
-42.750000 1.495757e-03
-42.500000 1.325743e-03
-42.250000 1.139015e-03
-42.000000 9.386205e-04
-41.750000 7.290983e-04
-41.500000 5.180554e-04
-41.250000 3.239688e-04
-41.000000 2.182437e-04
-40.750000 3.076852e-04
-40.500000 4.860125e-04
-40.250000 6.744868e-04
-40.000000 8.529229e-04
-39.750000 1.013109e-03
-39.500000 1.149995e-03
-39.250000 1.259922e-03
-39.000000 1.340171e-03
-38.750000 1.388832e-03
-38.500000 1.404776e-03
-38.250000 1.387642e-03
-38.000000 1.337829e-03
-37.750000 1.256484e-03
-37.500000 1.145481e-03
-37.250000 1.007417e-03
-37.000000 8.456405e-04
-36.750000 6.644760e-04
-36.500000 4.702231e-04
-36.250000 2.770814e-04
-36.000000 1.598340e-04
-35.750000 2.779353e-04
-35.500000 4.835671e-04
-35.250000 6.996092e-04
-35.000000 9.116594e-04
-34.750000 1.113578e-03
-34.500000 1.301302e-03
-34.250000 1.471797e-03
-34.000000 1.622826e-03
-33.750000 1.752895e-03
-33.500000 1.861248e-03
-33.250000 1.947859e-03
-33.000000 2.013412e-03
-32.750000 2.059258e-03
-32.500000 2.087342e-03
-32.250000 2.100096e-03
-32.000000 2.100293e-03
-31.750000 2.090868e-03
-31.500000 2.074697e-03
-31.250000 2.054373e-03
-31.000000 2.031973e-03
-30.750000 2.008879e-03
-30.500000 1.985670e-03
-30.250000 1.962121e-03
-30.000000 1.937315e-03
-29.750000 1.909859e-03
-29.500000 1.878175e-03
-29.250000 1.840831e-03
-29.000000 1.796892e-03
-28.750000 1.746268e-03
-28.500000 1.690060e-03
-28.250000 1.630894e-03
-28.000000 1.573201e-03
-27.750000 1.523350e-03
-27.500000 1.489392e-03
-27.250000 1.480134e-03
-27.000000 1.503414e-03
-26.750000 1.564056e-03
-26.500000 1.662556e-03
-26.250000 1.795274e-03
-26.000000 1.955797e-03
-25.750000 2.136537e-03
-25.500000 2.329875e-03
-25.250000 2.528773e-03
-25.000000 2.727020e-03
-24.750000 2.919287e-03
-24.500000 3.101127e-03
-24.250000 3.268954e-03
-24.000000 3.420027e-03
-23.750000 3.552439e-03
-23.500000 3.665107e-03
-23.250000 3.757755e-03
-23.000000 3.830891e-03
-22.750000 3.885754e-03
-22.500000 3.924250e-03
-22.250000 3.948846e-03
-22.000000 3.962440e-03
-21.750000 3.968188e-03
-21.500000 3.969303e-03
-21.250000 3.968827e-03
-21.000000 3.969404e-03
-20.750000 3.973059e-03
-20.500000 3.981034e-03
-20.250000 3.993684e-03
-20.000000 4.010468e-03
-19.750000 4.030015e-03
-19.500000 4.050278e-03
-19.250000 4.068724e-03
-19.000000 4.082554e-03
-18.750000 4.088918e-03
-18.500000 4.085103e-03
-18.250000 4.068694e-03
-18.000000 4.037686e-03
-17.750000 3.990568e-03
-17.500000 3.926363e-03
-17.250000 3.844643e-03
-17.000000 3.745512e-03
-16.750000 3.629578e-03
-16.500000 3.497892e-03
-16.250000 3.351890e-03
-16.000000 3.193315e-03
-15.750000 3.024138e-03
-15.500000 2.846469e-03
-15.250000 2.662482e-03
-15.000000 2.474330e-03
-14.750000 2.284081e-03
-14.500000 2.093655e-03
-14.250000 1.904792e-03
-14.000000 1.719017e-03
-13.750000 1.537651e-03
-13.500000 1.361818e-03
-13.250000 1.192491e-03
-13.000000 1.030541e-03
-12.750000 8.767955e-04
-12.500000 7.321091e-04
-12.250000 5.974117e-04
-12.000000 4.737479e-04
-11.750000 3.622851e-04
-11.500000 2.642902e-04
-11.250000 1.811102e-04
-11.000000 1.144543e-04
-10.750000 6.880029e-05
-10.500000 5.882188e-05
-10.250000 8.817984e-05
-10.000000 1.414767e-04
-9.750000 2.179311e-04
-9.500000 3.218060e-04
-9.250000 4.565310e-04
-9.000000 6.241753e-04
-8.750000 8.257276e-04
-8.500000 1.061303e-03
-8.250000 1.330233e-03
-8.000000 1.631100e-03
-7.750000 1.961747e-03
-7.500000 2.319299e-03
-7.250000 2.700183e-03
-7.000000 3.100173e-03
-6.750000 3.514451e-03
-6.500000 3.937676e-03
-6.250000 4.364080e-03
-6.000000 4.787573e-03
-5.750000 5.201864e-03
-5.500000 5.600591e-03
-5.250000 5.977459e-03
-5.000000 6.326386e-03
-4.750000 6.641655e-03
-4.500000 6.918059e-03
-4.250000 7.151053e-03
-4.000000 7.336892e-03
-3.750000 7.472770e-03
-3.500000 7.556946e-03
-3.250000 7.588855e-03
-3.000000 7.569211e-03
-2.750000 7.500093e-03
-2.500000 7.385005e-03
-2.250000 7.228915e-03
-2.000000 7.038263e-03
-1.750000 6.820914e-03
-1.500000 6.586032e-03
-1.250000 6.343850e-03
-1.000000 6.105272e-03
-0.750000 5.881266e-03
-0.500000 5.682016e-03
-0.250000 5.515882e-03
0.000000 5.388310e-03
0.250000 5.300951e-03
0.500000 5.251276e-03
0.750000 5.232843e-03
1.000000 5.236180e-03
1.250000 5.250005e-03
1.500000 5.262495e-03
1.750000 5.262346e-03
2.000000 5.239551e-03
2.250000 5.185887e-03
2.500000 5.095183e-03
2.750000 4.963443e-03
3.000000 4.788885e-03
3.250000 4.571948e-03
3.500000 4.315310e-03
3.750000 4.023955e-03
4.000000 3.705336e-03
4.250000 3.369710e-03
4.500000 3.030714e-03
4.750000 2.706178e-03
5.000000 2.418853e-03
5.250000 2.195736e-03
5.500000 2.063232e-03
5.750000 2.036616e-03
6.000000 2.110273e-03
6.250000 2.259719e-03
6.500000 2.453622e-03
6.750000 2.663903e-03
7.000000 2.869307e-03
7.250000 3.055135e-03
7.500000 3.211981e-03
7.750000 3.334628e-03
8.000000 3.421287e-03
8.250000 3.473110e-03
8.500000 3.493842e-03
8.750000 3.489520e-03
9.000000 3.468099e-03
9.250000 3.438909e-03
9.500000 3.411835e-03
9.750000 3.396211e-03
10.000000 3.399492e-03
10.250000 3.425988e-03
10.500000 3.476028e-03
10.750000 3.545835e-03
11.000000 3.628136e-03
11.250000 3.713261e-03
11.500000 3.790357e-03
11.750000 3.848454e-03
12.000000 3.877270e-03
12.250000 3.867749e-03
12.500000 3.812405e-03
12.750000 3.705539e-03
13.000000 3.543375e-03
13.250000 3.324196e-03
13.500000 3.048525e-03
13.750000 2.719483e-03
14.000000 2.343644e-03
14.250000 1.933261e-03
14.500000 1.512757e-03
14.750000 1.139029e-03
15.000000 9.474727e-04
15.250000 1.092225e-03
15.500000 1.499189e-03
15.750000 2.019931e-03
16.000000 2.580676e-03
16.250000 3.147532e-03
16.500000 3.700813e-03
16.750000 4.226525e-03
17.000000 4.713574e-03
17.250000 5.152788e-03
17.500000 5.536593e-03
17.750000 5.858926e-03
18.000000 6.115246e-03
18.250000 6.302579e-03
18.500000 6.419571e-03
18.750000 6.466525e-03
19.000000 6.445442e-03
19.250000 6.360036e-03
19.500000 6.215751e-03
19.750000 6.019769e-03
20.000000 5.781015e-03
20.250000 5.510153e-03
20.500000 5.219559e-03
20.750000 4.923212e-03
21.000000 4.636407e-03
21.250000 4.375114e-03
21.500000 4.154771e-03
21.750000 3.988404e-03
22.000000 3.884325e-03
22.250000 3.844201e-03
22.500000 3.862497e-03
22.750000 3.927764e-03
23.000000 4.025161e-03
23.250000 4.139110e-03
23.500000 4.255241e-03
23.750000 4.361447e-03
24.000000 4.448241e-03
24.250000 4.508707e-03
24.500000 4.538255e-03
24.750000 4.534321e-03
25.000000 4.496056e-03
25.250000 4.424023e-03
25.500000 4.319929e-03
25.750000 4.186361e-03
26.000000 4.026555e-03
26.250000 3.844171e-03
26.500000 3.643095e-03
26.750000 3.427266e-03
27.000000 3.200533e-03
27.250000 2.966549e-03
27.500000 2.728725e-03
27.750000 2.490241e-03
28.000000 2.254152e-03
28.250000 2.023591e-03
28.500000 1.802130e-03
28.750000 1.594316e-03
29.000000 1.406411e-03
29.250000 1.247195e-03
29.500000 1.128170e-03
29.750000 1.061654e-03
30.000000 1.055581e-03
30.250000 1.108020e-03
30.500000 1.207528e-03
30.750000 1.338928e-03
31.000000 1.488309e-03
31.250000 1.644715e-03
31.500000 1.799909e-03
31.750000 1.947703e-03
32.000000 2.083405e-03
32.250000 2.203473e-03
32.500000 2.305326e-03
32.750000 2.387254e-03
33.000000 2.448375e-03
33.250000 2.488613e-03
33.500000 2.508685e-03
33.750000 2.510064e-03
34.000000 2.494921e-03
34.250000 2.466027e-03
34.500000 2.426602e-03
34.750000 2.380117e-03
35.000000 2.330026e-03
35.250000 2.279450e-03
35.500000 2.230846e-03
35.750000 2.185696e-03
36.000000 2.144288e-03
36.250000 2.105641e-03
36.500000 2.067596e-03
36.750000 2.027064e-03
37.000000 1.980368e-03
37.250000 1.923618e-03
37.500000 1.853065e-03
37.750000 1.765394e-03
38.000000 1.657943e-03
38.250000 1.528869e-03
38.500000 1.377274e-03
38.750000 1.203341e-03
39.000000 1.008599e-03
39.250000 7.966690e-04
39.500000 5.759784e-04
39.750000 3.726811e-04
40.000000 2.878843e-04
40.250000 4.295202e-04
40.500000 6.756757e-04
40.750000 9.499969e-04
41.000000 1.231174e-03
41.250000 1.509938e-03
41.500000 1.780238e-03
41.750000 2.037310e-03
42.000000 2.277161e-03
42.250000 2.496438e-03
42.500000 2.692407e-03
42.750000 2.862979e-03
43.000000 3.006724e-03
43.250000 3.122900e-03
43.500000 3.211452e-03
43.750000 3.273001e-03
44.000000 3.308821e-03
44.250000 3.320787e-03
44.500000 3.311314e-03
44.750000 3.283264e-03
45.000000 3.239847e-03
45.250000 3.184489e-03
45.500000 3.120692e-03
45.750000 3.051873e-03
46.000000 2.981204e-03
46.250000 2.911450e-03
46.500000 2.844840e-03
46.750000 2.782961e-03
47.000000 2.726726e-03
47.250000 2.676392e-03
47.500000 2.631645e-03
47.750000 2.591739e-03
48.000000 2.555652e-03
48.250000 2.522254e-03
48.500000 2.490450e-03
48.750000 2.459280e-03
49.000000 2.427986e-03
49.250000 2.396020e-03
49.500000 2.363030e-03
49.750000 2.328802e-03
50.000000 2.293201e-03
