-50.000000 5.903110e-04
-49.750000 4.296428e-04
-49.500000 3.626168e-04
-49.250000 4.231880e-04
-49.000000 5.400684e-04
-48.750000 6.483654e-04
-48.500000 7.200572e-04
-48.250000 7.448776e-04
-48.000000 7.221511e-04
-47.750000 6.584860e-04
-47.500000 5.676163e-04
-47.250000 4.718759e-04
-47.000000 4.036557e-04
-46.750000 3.936667e-04
-46.500000 4.385436e-04
-46.250000 5.038559e-04
-46.000000 5.587116e-04
-45.750000 5.857169e-04
-45.500000 5.775273e-04
-45.250000 5.337382e-04
-45.000000 4.591169e-04
-44.750000 3.624349e-04
-44.500000 2.557802e-04
-44.250000 1.557817e-04
-44.000000 9.449906e-05
-43.750000 1.090736e-04
-43.500000 1.492456e-04
-43.250000 1.793158e-04
-43.000000 2.035826e-04
-42.750000 2.429178e-04
-42.500000 3.152188e-04
-42.250000 4.195195e-04
-42.000000 5.419832e-04
-41.750000 6.657922e-04
-41.500000 7.747372e-04
-41.250000 8.543492e-04
-41.000000 8.927180e-04
-40.750000 8.812710e-04
-40.500000 8.154157e-04
-40.250000 6.949711e-04
-40.000000 5.244581e-04
-39.750000 3.141976e-04
-39.500000 1.035180e-04
-39.250000 2.273413e-04
-39.000000 4.840296e-04
-38.750000 7.335668e-04
-38.500000 9.555250e-04
-38.250000 1.135770e-03
-38.000000 1.263608e-03
-37.750000 1.331953e-03
-37.500000 1.337574e-03
-37.250000 1.281131e-03
-37.000000 1.166985e-03
-36.750000 1.002896e-03
-36.500000 7.999112e-04
-36.250000 5.736242e-04
-36.000000 3.534694e-04
-35.750000 2.401547e-04
-35.500000 3.639942e-04
-35.250000 5.750391e-04
-35.000000 7.834848e-04
-34.750000 9.647048e-04
-34.500000 1.106638e-03
-34.250000 1.201182e-03
-34.000000 1.242643e-03
-33.750000 1.227625e-03
-33.500000 1.155440e-03
-33.250000 1.028932e-03
-33.000000 8.561378e-04
-32.750000 6.548583e-04
-32.500000 4.692713e-04
-32.250000 4.099695e-04
-32.000000 5.525511e-04
-31.750000 7.913985e-04
-31.500000 1.041450e-03
-31.250000 1.265052e-03
-31.000000 1.441003e-03
-30.750000 1.555748e-03
-30.500000 1.601598e-03
-30.250000 1.576498e-03
-30.000000 1.483991e-03
-29.750000 1.332964e-03
-29.500000 1.137121e-03
-29.250000 9.142862e-04
-29.000000 6.861422e-04
-28.750000 4.804007e-04
-28.500000 3.402459e-04
-28.250000 3.209528e-04
-28.000000 4.068334e-04
-27.750000 5.395242e-04
-27.500000 7.033131e-04
-27.250000 9.044899e-04
-27.000000 1.147256e-03
-26.750000 1.425417e-03
-26.500000 1.722893e-03
-26.250000 2.017202e-03
-26.000000 2.283035e-03
-25.750000 2.495313e-03
-25.500000 2.631811e-03
-25.250000 2.675474e-03
-25.000000 2.616541e-03
-24.750000 2.454668e-03
-24.500000 2.201639e-03
-24.250000 1.886274e-03
-24.000000 1.565144e-03
-23.750000 1.339774e-03
-23.500000 1.335481e-03
-23.250000 1.572859e-03
-23.000000 1.943186e-03
-22.750000 2.338318e-03
-22.500000 2.691334e-03
-22.250000 2.963144e-03
-22.000000 3.131988e-03
-21.750000 3.188945e-03
-21.500000 3.135903e-03
-21.250000 2.984158e-03
-21.000000 2.752945e-03
-20.750000 2.467628e-03
-20.500000 2.157398e-03
-20.250000 1.852284e-03
-20.000000 1.579153e-03
-19.750000 1.356790e-03
-19.500000 1.192131e-03
-19.250000 1.082647e-03
-19.000000 1.027609e-03
-18.750000 1.040108e-03
-18.500000 1.143170e-03
-18.250000 1.347896e-03
-18.000000 1.640873e-03
-17.750000 1.993061e-03
-17.500000 2.371536e-03
-17.250000 2.744939e-03
-17.000000 3.085473e-03
-16.750000 3.370058e-03
-16.500000 3.581290e-03
-16.250000 3.708201e-03
-16.000000 3.746701e-03
-15.750000 3.699630e-03
-15.500000 3.576426e-03
-15.250000 3.392444e-03
-15.000000 3.167979e-03
-14.750000 2.927032e-03
-14.500000 2.695659e-03
-14.250000 2.499600e-03
-14.000000 2.360804e-03
-13.750000 2.293360e-03
-13.500000 2.300997e-03
-13.250000 2.378630e-03
-13.000000 2.517359e-03
-12.750000 2.709421e-03
-12.500000 2.950477e-03
-12.250000 3.239271e-03
-12.000000 3.575952e-03
-11.750000 3.960210e-03
-11.500000 4.389760e-03
-11.250000 4.859331e-03
-11.000000 5.360097e-03
-10.750000 5.879478e-03
-10.500000 6.401297e-03
-10.250000 6.906282e-03
-10.000000 7.372961e-03
-9.750000 7.778917e-03
-9.500000 8.102393e-03
-9.250000 8.324145e-03
-9.000000 8.429469e-03
-8.750000 8.410285e-03
-8.500000 8.267188e-03
-8.250000 8.011350e-03
-8.000000 7.666102e-03
-7.750000 7.267810e-03
-7.500000 6.865090e-03
-7.250000 6.514525e-03
-7.000000 6.270588e-03
-6.750000 6.169872e-03
-6.500000 6.216375e-03
-6.250000 6.378597e-03
-6.000000 6.601416e-03
-5.750000 6.823769e-03
-5.500000 6.992366e-03
-5.250000 7.068780e-03
-5.000000 7.031866e-03
-4.750000 6.877838e-03
-4.500000 6.619265e-03
-4.250000 6.283340e-03
-4.000000 5.909143e-03
-3.750000 5.543095e-03
-3.500000 5.231517e-03
-3.250000 5.010168e-03
-3.000000 4.893830e-03
-2.750000 4.872329e-03
-2.500000 4.916944e-03
-2.250000 4.993277e-03
-2.000000 5.072768e-03
-1.750000 5.138420e-03
-1.500000 5.184813e-03
-1.250000 5.214309e-03
-1.000000 5.231361e-03
-0.750000 5.236845e-03
-0.500000 5.224274e-03
-0.250000 5.179169e-03
0.000000 5.081643e-03
0.250000 4.911083e-03
0.500000 4.651510e-03
0.750000 4.296616e-03
1.000000 3.854406e-03
1.250000 3.352354e-03
1.500000 2.844892e-03
1.750000 2.423017e-03
2.000000 2.206884e-03
2.250000 2.271069e-03
2.500000 2.556919e-03
2.750000 2.930770e-03
3.000000 3.280146e-03
3.250000 3.534187e-03
3.500000 3.653722e-03
3.750000 3.622472e-03
4.000000 3.442088e-03
4.250000 3.128983e-03
4.500000 2.711754e-03
4.750000 2.229193e-03
5.000000 1.730562e-03
5.250000 1.283952e-03
5.500000 1.001385e-03
5.750000 1.016344e-03
6.000000 1.304515e-03
6.250000 1.745222e-03
6.500000 2.286834e-03
6.750000 2.922630e-03
7.000000 3.650592e-03
7.250000 4.457473e-03
7.500000 5.316255e-03
7.750000 6.189552e-03
8.000000 7.035067e-03
8.250000 7.811342e-03
8.500000 8.483073e-03
8.750000 9.025621e-03
9.000000 9.428358e-03
9.250000 9.696418e-03
9.500000 9.850262e-03
9.750000 9.922455e-03
10.000000 9.951289e-03
10.250000 9.971785e-03
10.500000 1.000613e-02
10.750000 1.005697e-02
11.000000 1.010664e-02
11.250000 1.012294e-02
11.500000 1.006925e-02
11.750000 9.915667e-03
12.000000 9.648714e-03
12.250000 9.278544e-03
12.500000 8.843072e-03
12.750000 8.407581e-03
13.000000 8.056179e-03
13.250000 7.870410e-03
13.500000 7.897150e-03
13.750000 8.123510e-03
14.000000 8.479528e-03
14.250000 8.865377e-03
14.500000 9.180870e-03
14.750000 9.343544e-03
15.000000 9.295877e-03
15.250000 9.006509e-03
15.500000 8.468773e-03
15.750000 7.697954e-03
16.000000 6.727741e-03
16.250000 5.606079e-03
16.500000 4.390599e-03
16.750000 3.143924e-03
17.000000 1.929552e-03
17.250000 8.133904e-04
17.500000 2.887584e-04
17.750000 1.047749e-03
18.000000 1.665692e-03
18.250000 2.084617e-03
18.500000 2.308875e-03
18.750000 2.360008e-03
19.000000 2.273153e-03
19.250000 2.094442e-03
19.500000 1.877428e-03
19.750000 1.676210e-03
20.000000 1.531653e-03
20.250000 1.453412e-03
20.500000 1.415635e-03
20.750000 1.376808e-03
21.000000 1.304571e-03
21.250000 1.189188e-03
21.500000 1.050240e-03
21.750000 9.435583e-04
22.000000 9.500151e-04
22.250000 1.105819e-03
22.500000 1.363106e-03
22.750000 1.652419e-03
23.000000 1.922388e-03
23.250000 2.139749e-03
23.500000 2.284225e-03
23.750000 2.345595e-03
24.000000 2.321981e-03
24.250000 2.218450e-03
24.500000 2.045605e-03
24.750000 1.818234e-03
25.000000 1.554368e-03
25.250000 1.275530e-03
25.500000 1.009856e-03
25.750000 8.004115e-04
26.000000 7.095686e-04
26.250000 7.717600e-04
26.500000 9.395211e-04
26.750000 1.145437e-03
27.000000 1.347235e-03
27.250000 1.520363e-03
27.500000 1.648428e-03
27.750000 1.719493e-03
28.000000 1.725265e-03
28.250000 1.661359e-03
28.500000 1.527776e-03
28.750000 1.329203e-03
29.000000 1.074961e-03
29.250000 7.785180e-04
29.500000 4.566276e-04
29.750000 1.287886e-04
30.000000 1.907677e-04
30.250000 4.768856e-04
30.500000 7.183119e-04
30.750000 9.037480e-04
31.000000 1.027744e-03
31.250000 1.091300e-03
31.500000 1.102392e-03
31.750000 1.075982e-03
32.000000 1.032890e-03
32.250000 9.961439e-04
32.500000 9.835502e-04
32.750000 9.992632e-04
33.000000 1.031891e-03
33.250000 1.061473e-03
33.500000 1.068303e-03
33.750000 1.038003e-03
34.000000 9.630267e-04
34.250000 8.424013e-04
34.500000 6.807986e-04
34.750000 4.874440e-04
35.000000 2.758317e-04
35.250000 8.392577e-05
35.500000 1.919532e-04
35.750000 3.887664e-04
36.000000 5.669494e-04
36.250000 7.171216e-04
36.500000 8.364196e-04
36.750000 9.251537e-04
37.000000 9.854837e-04
37.250000 1.020208e-03
37.500000 1.031895e-03
37.750000 1.022829e-03
38.000000 9.961265e-04
38.250000 9.581237e-04
38.500000 9.215200e-04
38.750000 9.071842e-04
39.000000 9.396817e-04
39.250000 1.033936e-03
39.500000 1.184450e-03
39.750000 1.369401e-03
40.000000 1.561285e-03
40.250000 1.733493e-03
40.500000 1.862800e-03
40.750000 1.930502e-03
41.000000 1.923341e-03
41.250000 1.834429e-03
41.500000 1.664179e-03
41.750000 1.421492e-03
42.000000 1.126484e-03
42.250000 8.200674e-04
42.500000 5.983409e-04
42.750000 6.228620e-04
43.000000 8.620217e-04
43.250000 1.151424e-03
43.500000 1.408582e-03
43.750000 1.596943e-03
44.000000 1.697900e-03
44.250000 1.703564e-03
44.500000 1.614708e-03
44.750000 1.439717e-03
45.000000 1.193510e-03
45.250000 8.961526e-04
45.500000 5.711532e-04
45.750000 2.435315e-04
46.000000 6.248874e-05
46.250000 3.245405e-04
46.500000 5.256949e-04
46.750000 6.547390e-04
47.000000 7.084414e-04
47.250000 6.935063e-04
47.500000 6.303268e-04
47.750000 5.603216e-04
48.000000 5.478202e-04
48.250000 6.357925e-04
48.500000 7.965961e-04
48.750000 9.764333e-04
49.000000 1.134536e-03
49.250000 1.244388e-03
49.500000 1.289819e-03
49.750000 1.263228e-03
50.000000 1.164897e-03
