-50.000000 5.657287e-03
-49.750000 5.659354e-03
-49.500000 5.660640e-03
-49.250000 5.661153e-03
-49.000000 5.660902e-03
-48.750000 5.659897e-03
-48.500000 5.658147e-03
-48.250000 5.655662e-03
-48.000000 5.652451e-03
-47.750000 5.648526e-03
-47.500000 5.643895e-03
-47.250000 5.638572e-03
-47.000000 5.632565e-03
-46.750000 5.625887e-03
-46.500000 5.618550e-03
-46.250000 5.610565e-03
-46.000000 5.601944e-03
-45.750000 5.592700e-03
-45.500000 5.582845e-03
-45.250000 5.572392e-03
-45.000000 5.561354e-03
-44.750000 5.549744e-03
-44.500000 5.537576e-03
-44.250000 5.524863e-03
-44.000000 5.511620e-03
-43.750000 5.497860e-03
-43.500000 5.483598e-03
-43.250000 5.468848e-03
-43.000000 5.453625e-03
-42.750000 5.437943e-03
-42.500000 5.421817e-03
-42.250000 5.405264e-03
-42.000000 5.388297e-03
-41.750000 5.370932e-03
-41.500000 5.353185e-03
-41.250000 5.335072e-03
-41.000000 5.316608e-03
-40.750000 5.297810e-03
-40.500000 5.278692e-03
-40.250000 5.259273e-03
-40.000000 5.239567e-03
-39.750000 5.219591e-03
-39.500000 5.199361e-03
-39.250000 5.178895e-03
-39.000000 5.158208e-03
-38.750000 5.137317e-03
-38.500000 5.116239e-03
-38.250000 5.094991e-03
-38.000000 5.073588e-03
-37.750000 5.052049e-03
-37.500000 5.030390e-03
-37.250000 5.008627e-03
-37.000000 4.986778e-03
-36.750000 4.964858e-03
-36.500000 4.942886e-03
-36.250000 4.920878e-03
-36.000000 4.898850e-03
-35.750000 4.876819e-03
-35.500000 4.854802e-03
-35.250000 4.832815e-03
-35.000000 4.810875e-03
-34.750000 4.788999e-03
-34.500000 4.767203e-03
-34.250000 4.745502e-03
-34.000000 4.723914e-03
-33.750000 4.702454e-03
-33.500000 4.681139e-03
-33.250000 4.659984e-03
-33.000000 4.639004e-03
-32.750000 4.618217e-03
-32.500000 4.597637e-03
-32.250000 4.577279e-03
-32.000000 4.557159e-03
-31.750000 4.537291e-03
-31.500000 4.517691e-03
-31.250000 4.498374e-03
-31.000000 4.479353e-03
-30.750000 4.460643e-03
-30.500000 4.442258e-03
-30.250000 4.424213e-03
-30.000000 4.406520e-03
-29.750000 4.389194e-03
-29.500000 4.372248e-03
-29.250000 4.355695e-03
-29.000000 4.339547e-03
-28.750000 4.323818e-03
-28.500000 4.308520e-03
-28.250000 4.293665e-03
-28.000000 4.279265e-03
-27.750000 4.265332e-03
-27.500000 4.251877e-03
-27.250000 4.238911e-03
-27.000000 4.226446e-03
-26.750000 4.214493e-03
-26.500000 4.203061e-03
-26.250000 4.192162e-03
-26.000000 4.181805e-03
-25.750000 4.172000e-03
-25.500000 4.162756e-03
-25.250000 4.154083e-03
-25.000000 4.145990e-03
-24.750000 4.138486e-03
-24.500000 4.131579e-03
-24.250000 4.125277e-03
-24.000000 4.119589e-03
-23.750000 4.114523e-03
-23.500000 4.110085e-03
-23.250000 4.106284e-03
-23.000000 4.103126e-03
-22.750000 4.100618e-03
-22.500000 4.098768e-03
-22.250000 4.097580e-03
-22.000000 4.097062e-03
-21.750000 4.097220e-03
-21.500000 4.098058e-03
-21.250000 4.099583e-03
-21.000000 4.101800e-03
-20.750000 4.104713e-03
-20.500000 4.108328e-03
-20.250000 4.112649e-03
-20.000000 4.117680e-03
-19.750000 4.123426e-03
-19.500000 4.129889e-03
-19.250000 4.137075e-03
-19.000000 4.144987e-03
-18.750000 4.153626e-03
-18.500000 4.162997e-03
-18.250000 4.173102e-03
-18.000000 4.183944e-03
-17.750000 4.195525e-03
-17.500000 4.207846e-03
-17.250000 4.220910e-03
-17.000000 4.234717e-03
-16.750000 4.249270e-03
-16.500000 4.264569e-03
-16.250000 4.280616e-03
-16.000000 4.297409e-03
-15.750000 4.314950e-03
-15.500000 4.333239e-03
-15.250000 4.352275e-03
-15.000000 4.372057e-03
-14.750000 4.392585e-03
-14.500000 4.413858e-03
-14.250000 4.435874e-03
-14.000000 4.458631e-03
-13.750000 4.482127e-03
-13.500000 4.506360e-03
-13.250000 4.531328e-03
-13.000000 4.557027e-03
-12.750000 4.583453e-03
-12.500000 4.610605e-03
-12.250000 4.638476e-03
-12.000000 4.667065e-03
-11.750000 4.696364e-03
-11.500000 4.726371e-03
-11.250000 4.757079e-03
-11.000000 4.788484e-03
-10.750000 4.820579e-03
-10.500000 4.853358e-03
-10.250000 4.886814e-03
-10.000000 4.920942e-03
-9.750000 4.955732e-03
-9.500000 4.991179e-03
-9.250000 5.027274e-03
-9.000000 5.064009e-03
-8.750000 5.101375e-03
-8.500000 5.139364e-03
-8.250000 5.177966e-03
-8.000000 5.217172e-03
-7.750000 5.256973e-03
-7.500000 5.297356e-03
-7.250000 5.338314e-03
-7.000000 5.379834e-03
-6.750000 5.421905e-03
-6.500000 5.464517e-03
-6.250000 5.507656e-03
-6.000000 5.551312e-03
-5.750000 5.595472e-03
-5.500000 5.640123e-03
-5.250000 5.685253e-03
-5.000000 5.730847e-03
-4.750000 5.776894e-03
-4.500000 5.823378e-03
-4.250000 5.870286e-03
-4.000000 5.917604e-03
-3.750000 5.965317e-03
-3.500000 6.013410e-03
-3.250000 6.061868e-03
-3.000000 6.110677e-03
-2.750000 6.159819e-03
-2.500000 6.209281e-03
-2.250000 6.259046e-03
-2.000000 6.309097e-03
-1.750000 6.359418e-03
-1.500000 6.409993e-03
-1.250000 6.460805e-03
-1.000000 6.511837e-03
-0.750000 6.563073e-03
-0.500000 6.614494e-03
-0.250000 6.666083e-03
0.000000 6.717823e-03
0.250000 6.769696e-03
0.500000 6.821684e-03
0.750000 6.873769e-03
1.000000 6.925933e-03
1.250000 6.978158e-03
1.500000 7.030425e-03
1.750000 7.082717e-03
2.000000 7.135014e-03
2.250000 7.187298e-03
2.500000 7.239550e-03
2.750000 7.291752e-03
3.000000 7.343885e-03
3.250000 7.395929e-03
3.500000 7.447866e-03
3.750000 7.499677e-03
4.000000 7.551344e-03
4.250000 7.602846e-03
4.500000 7.654166e-03
4.750000 7.705283e-03
5.000000 7.756180e-03
5.250000 7.806836e-03
5.500000 7.857234e-03
5.750000 7.907354e-03
6.000000 7.957177e-03
6.250000 8.006684e-03
6.500000 8.055857e-03
6.750000 8.104677e-03
7.000000 8.153125e-03
7.250000 8.201182e-03
7.500000 8.248830e-03
7.750000 8.296050e-03
8.000000 8.342824e-03
8.250000 8.389134e-03
8.500000 8.434962e-03
8.750000 8.480289e-03
9.000000 8.525097e-03
9.250000 8.569370e-03
9.500000 8.613088e-03
9.750000 8.656234e-03
10.000000 8.698792e-03
10.250000 8.740744e-03
10.500000 8.782072e-03
10.750000 8.822761e-03
11.000000 8.862792e-03
11.250000 8.902150e-03
11.500000 8.940818e-03
11.750000 8.978780e-03
12.000000 9.016021e-03
12.250000 9.052523e-03
12.500000 9.088273e-03
12.750000 9.123254e-03
13.000000 9.157451e-03
13.250000 9.190850e-03
13.500000 9.223435e-03
13.750000 9.255193e-03
14.000000 9.286109e-03
14.250000 9.316170e-03
14.500000 9.345361e-03
14.750000 9.373670e-03
15.000000 9.401083e-03
15.250000 9.427587e-03
15.500000 9.453170e-03
15.750000 9.477820e-03
16.000000 9.501524e-03
16.250000 9.524271e-03
16.500000 9.546050e-03
16.750000 9.566849e-03
17.000000 9.586658e-03
17.250000 9.605465e-03
17.500000 9.623262e-03
17.750000 9.640038e-03
18.000000 9.655783e-03
18.250000 9.670489e-03
18.500000 9.684146e-03
18.750000 9.696746e-03
19.000000 9.708281e-03
19.250000 9.718743e-03
19.500000 9.728124e-03
19.750000 9.736417e-03
20.000000 9.743616e-03
20.250000 9.749713e-03
20.500000 9.754703e-03
20.750000 9.758581e-03
21.000000 9.761339e-03
21.250000 9.762975e-03
21.500000 9.763482e-03
21.750000 9.762857e-03
22.000000 9.761095e-03
22.250000 9.758193e-03
22.500000 9.754148e-03
22.750000 9.748957e-03
23.000000 9.742618e-03
23.250000 9.735127e-03
23.500000 9.726485e-03
23.750000 9.716689e-03
24.000000 9.705738e-03
24.250000 9.693632e-03
24.500000 9.680371e-03
24.750000 9.665954e-03
25.000000 9.650383e-03
25.250000 9.633658e-03
25.500000 9.615780e-03
25.750000 9.596752e-03
26.000000 9.576575e-03
26.250000 9.555252e-03
26.500000 9.532786e-03
26.750000 9.509179e-03
27.000000 9.484436e-03
27.250000 9.458561e-03
27.500000 9.431557e-03
27.750000 9.403430e-03
28.000000 9.374184e-03
28.250000 9.343825e-03
28.500000 9.312359e-03
28.750000 9.279793e-03
29.000000 9.246132e-03
29.250000 9.211384e-03
29.500000 9.175555e-03
29.750000 9.138655e-03
30.000000 9.100690e-03
30.250000 9.061669e-03
30.500000 9.021601e-03
30.750000 8.980495e-03
31.000000 8.938360e-03
31.250000 8.895207e-03
31.500000 8.851045e-03
31.750000 8.805885e-03
32.000000 8.759737e-03
32.250000 8.712613e-03
32.500000 8.664525e-03
32.750000 8.615484e-03
33.000000 8.565502e-03
33.250000 8.514592e-03
33.500000 8.462767e-03
33.750000 8.410040e-03
34.000000 8.356424e-03
34.250000 8.301933e-03
34.500000 8.246581e-03
34.750000 8.190382e-03
35.000000 8.133351e-03
35.250000 8.075504e-03
35.500000 8.016855e-03
35.750000 7.957419e-03
36.000000 7.897214e-03
36.250000 7.836254e-03
36.500000 7.774556e-03
36.750000 7.712137e-03
37.000000 7.649013e-03
37.250000 7.585202e-03
37.500000 7.520722e-03
37.750000 7.455590e-03
38.000000 7.389823e-03
38.250000 7.323441e-03
38.500000 7.256461e-03
38.750000 7.188902e-03
39.000000 7.120783e-03
39.250000 7.052123e-03
39.500000 6.982942e-03
39.750000 6.913258e-03
40.000000 6.843093e-03
40.250000 6.772465e-03
40.500000 6.701395e-03
40.750000 6.629904e-03
41.000000 6.558012e-03
41.250000 6.485739e-03
41.500000 6.413107e-03
41.750000 6.340137e-03
42.000000 6.266851e-03
42.250000 6.193269e-03
42.500000 6.119414e-03
42.750000 6.045307e-03
43.000000 5.970971e-03
43.250000 5.896428e-03
43.500000 5.821700e-03
43.750000 5.746809e-03
44.000000 5.671780e-03
44.250000 5.596634e-03
44.500000 5.521394e-03
44.750000 5.446084e-03
45.000000 5.370728e-03
45.250000 5.295348e-03
45.500000 5.219969e-03
45.750000 5.144614e-03
46.000000 5.069308e-03
46.250000 4.994074e-03
46.500000 4.918937e-03
46.750000 4.843921e-03
47.000000 4.769052e-03
47.250000 4.694354e-03
47.500000 4.619851e-03
47.750000 4.545570e-03
48.000000 4.471535e-03
48.250000 4.397773e-03
48.500000 4.324308e-03
48.750000 4.251167e-03
49.000000 4.178375e-03
49.250000 4.105960e-03
49.500000 4.033948e-03
49.750000 3.962364e-03
50.000000 3.891237e-03
