-50.000000 6.188696e-04
-49.750000 6.394473e-04
-49.500000 6.497226e-04
-49.250000 6.566995e-04
-49.000000 6.663855e-04
-48.750000 6.809775e-04
-48.500000 6.977419e-04
-48.250000 7.105532e-04
-48.000000 7.130733e-04
-47.750000 7.019092e-04
-47.500000 6.788750e-04
-47.250000 6.519962e-04
-47.000000 6.343024e-04
-46.750000 6.386926e-04
-46.500000 6.698702e-04
-46.250000 7.203806e-04
-46.000000 7.749897e-04
-45.750000 8.177543e-04
-45.500000 8.363380e-04
-45.250000 8.235652e-04
-45.000000 7.776893e-04
-44.750000 7.021690e-04
-44.500000 6.052434e-04
-44.250000 4.994481e-04
-44.000000 4.009718e-04
-43.750000 3.272941e-04
-43.500000 2.885132e-04
-43.250000 2.753452e-04
-43.000000 2.647875e-04
-42.750000 2.378981e-04
-42.500000 1.866771e-04
-42.250000 1.152888e-04
-42.000000 6.981031e-05
-41.750000 1.433456e-04
-41.500000 2.515555e-04
-41.250000 3.538134e-04
-41.000000 4.349665e-04
-40.750000 4.846396e-04
-40.500000 4.961609e-04
-40.250000 4.669893e-04
-40.000000 3.991146e-04
-39.750000 2.994735e-04
-39.500000 1.824979e-04
-39.250000 9.874844e-05
-39.000000 1.656851e-04
-38.750000 2.859277e-04
-38.500000 3.982721e-04
-38.250000 4.921330e-04
-38.000000 5.680183e-04
-37.750000 6.327408e-04
-37.500000 6.958488e-04
-37.250000 7.644281e-04
-37.000000 8.385000e-04
-36.750000 9.101672e-04
-36.500000 9.666604e-04
-36.250000 9.948352e-04
-36.000000 9.852189e-04
-35.750000 9.352999e-04
-35.500000 8.526600e-04
-35.250000 7.587286e-04
-35.000000 6.913923e-04
-34.750000 6.934737e-04
-34.500000 7.768407e-04
-34.250000 9.108168e-04
-34.000000 1.054944e-03
-33.750000 1.180283e-03
-33.500000 1.271273e-03
-33.250000 1.323321e-03
-33.000000 1.340315e-03
-32.750000 1.331693e-03
-32.500000 1.308530e-03
-32.250000 1.279113e-03
-32.000000 1.245605e-03
-31.750000 1.203711e-03
-31.500000 1.145728e-03
-31.250000 1.065271e-03
-31.000000 9.616938e-04
-30.750000 8.432825e-04
-30.500000 7.291057e-04
-30.250000 6.472912e-04
-30.000000 6.219446e-04
-29.750000 6.504547e-04
-29.500000 7.033463e-04
-29.250000 7.486708e-04
-29.000000 7.663745e-04
-28.750000 7.493921e-04
-28.500000 7.014359e-04
-28.250000 6.347470e-04
-28.000000 5.674227e-04
-27.750000 5.185493e-04
-27.500000 4.999529e-04
-27.250000 5.104084e-04
-27.000000 5.414829e-04
-26.750000 5.888067e-04
-26.500000 6.558548e-04
-26.250000 7.487874e-04
-26.000000 8.689416e-04
-25.750000 1.009741e-03
-25.500000 1.158900e-03
-25.250000 1.302301e-03
-25.000000 1.426948e-03
-24.750000 1.522505e-03
-24.500000 1.581758e-03
-24.250000 1.600367e-03
-24.000000 1.576341e-03
-23.750000 1.509668e-03
-23.500000 1.402594e-03
-23.250000 1.260983e-03
-23.000000 1.097357e-03
-22.750000 9.363591e-04
-22.500000 8.210800e-04
-22.250000 8.036425e-04
-22.000000 8.987144e-04
-21.750000 1.063767e-03
-21.500000 1.243749e-03
-21.250000 1.398509e-03
-21.000000 1.503064e-03
-20.750000 1.544083e-03
-20.500000 1.517822e-03
-20.250000 1.428647e-03
-20.000000 1.287275e-03
-19.750000 1.108537e-03
-19.500000 9.092127e-04
-19.250000 7.080145e-04
-19.000000 5.337940e-04
-18.750000 4.508535e-04
-18.500000 5.378115e-04
-18.250000 7.671701e-04
-18.000000 1.072490e-03
-17.750000 1.415599e-03
-17.500000 1.770020e-03
-17.250000 2.111099e-03
-17.000000 2.415118e-03
-16.750000 2.661279e-03
-16.500000 2.834199e-03
-16.250000 2.925984e-03
-16.000000 2.937451e-03
-15.750000 2.878331e-03
-15.500000 2.766439e-03
-15.250000 2.625888e-03
-15.000000 2.484422e-03
-14.750000 2.369853e-03
-14.500000 2.305678e-03
-14.250000 2.306709e-03
-14.000000 2.376558e-03
-13.750000 2.508382e-03
-13.500000 2.687966e-03
-13.250000 2.897009e-03
-13.000000 3.115567e-03
-12.750000 3.324007e-03
-12.500000 3.504983e-03
-12.250000 3.645502e-03
-12.000000 3.738789e-03
-11.750000 3.785587e-03
-11.500000 3.794534e-03
-11.250000 3.781348e-03
-11.000000 3.766589e-03
-10.750000 3.771963e-03
-10.500000 3.815680e-03
-10.250000 3.908242e-03
-10.000000 4.050409e-03
-9.750000 4.234200e-03
-9.500000 4.446176e-03
-9.250000 4.671412e-03
-9.000000 4.896943e-03
-8.750000 5.114251e-03
-8.500000 5.320686e-03
-8.250000 5.519683e-03
-8.000000 5.719483e-03
-7.750000 5.930312e-03
-7.500000 6.160547e-03
-7.250000 6.413146e-03
-7.000000 6.683881e-03
-6.750000 6.962263e-03
-6.500000 7.234793e-03
-6.250000 7.489186e-03
-6.000000 7.717907e-03
-5.750000 7.919726e-03
-5.500000 8.098666e-03
-5.250000 8.260585e-03
-5.000000 8.408561e-03
-4.750000 8.538966e-03
-4.500000 8.640073e-03
-4.250000 8.694042e-03
-4.000000 8.681752e-03
-3.750000 8.588920e-03
-3.500000 8.411765e-03
-3.250000 8.160787e-03
-3.000000 7.861642e-03
-2.750000 7.552296e-03
-2.500000 7.275957e-03
-2.250000 7.070379e-03
-2.000000 6.956682e-03
-1.750000 6.933139e-03
-1.500000 6.977971e-03
-1.250000 7.059578e-03
-1.000000 7.148276e-03
-0.750000 7.224494e-03
-0.500000 7.281899e-03
-0.250000 7.326444e-03
0.000000 7.372948e-03
0.250000 7.440623e-03
0.500000 7.548577e-03
0.750000 7.711975e-03
1.000000 7.939249e-03
1.250000 8.230533e-03
1.500000 8.577318e-03
1.750000 8.963243e-03
2.000000 9.365851e-03
2.250000 9.759025e-03
2.500000 1.011570e-02
2.750000 1.041045e-02
3.000000 1.062154e-02
3.250000 1.073227e-02
3.500000 1.073162e-02
3.750000 1.061414e-02
4.000000 1.037972e-02
4.250000 1.003312e-02
4.500000 9.583805e-03
4.750000 9.045837e-03
5.000000 8.437760e-03
5.250000 7.782060e-03
5.500000 7.103784e-03
5.750000 6.428060e-03
6.000000 5.776614e-03
6.250000 5.164001e-03
6.500000 4.594966e-03
6.750000 4.064563e-03
7.000000 3.561838e-03
7.250000 3.076219e-03
7.500000 2.604471e-03
7.750000 2.156209e-03
8.000000 1.756872e-03
8.250000 1.445798e-03
8.500000 1.260366e-03
8.750000 1.200342e-03
9.000000 1.213185e-03
9.250000 1.234017e-03
9.500000 1.223606e-03
9.750000 1.174264e-03
10.000000 1.102809e-03
10.250000 1.040093e-03
10.500000 1.014789e-03
10.750000 1.035026e-03
11.000000 1.085885e-03
11.250000 1.147374e-03
11.500000 1.212280e-03
11.750000 1.290278e-03
12.000000 1.398461e-03
12.250000 1.544803e-03
12.500000 1.717499e-03
12.750000 1.888301e-03
13.000000 2.024026e-03
13.250000 2.097750e-03
13.500000 2.097165e-03
13.750000 2.030924e-03
14.000000 1.933054e-03
14.250000 1.861057e-03
14.500000 1.875861e-03
14.750000 2.001828e-03
15.000000 2.206080e-03
15.250000 2.423705e-03
15.500000 2.591922e-03
15.750000 2.666229e-03
16.000000 2.624496e-03
16.250000 2.467508e-03
16.500000 2.219040e-03
16.750000 1.926397e-03
17.000000 1.659890e-03
17.250000 1.499511e-03
17.500000 1.487520e-03
17.750000 1.584476e-03
18.000000 1.706973e-03
18.250000 1.787976e-03
18.500000 1.794134e-03
18.750000 1.721337e-03
19.000000 1.588622e-03
19.250000 1.433360e-03
19.500000 1.304117e-03
19.750000 1.243459e-03
20.000000 1.261666e-03
20.250000 1.329825e-03
20.500000 1.404677e-03
20.750000 1.452700e-03
21.000000 1.456817e-03
21.250000 1.414326e-03
21.500000 1.333564e-03
21.750000 1.231712e-03
22.000000 1.133931e-03
22.250000 1.071602e-03
22.500000 1.073889e-03
22.750000 1.151499e-03
23.000000 1.289065e-03
23.250000 1.456106e-03
23.500000 1.620661e-03
23.750000 1.755285e-03
24.000000 1.838660e-03
24.250000 1.856442e-03
24.500000 1.802207e-03
24.750000 1.678370e-03
25.000000 1.496959e-03
25.250000 1.280508e-03
25.500000 1.063612e-03
25.750000 8.936442e-04
26.000000 8.182982e-04
26.250000 8.460959e-04
26.500000 9.322650e-04
26.750000 1.023625e-03
27.000000 1.087851e-03
27.250000 1.112371e-03
27.500000 1.097608e-03
27.750000 1.051887e-03
28.000000 9.877385e-04
28.250000 9.189361e-04
28.500000 8.580862e-04
28.750000 8.147881e-04
29.000000 7.944656e-04
29.250000 7.979476e-04
29.500000 8.218090e-04
29.750000 8.593663e-04
30.000000 9.021192e-04
30.250000 9.413835e-04
30.500000 9.698697e-04
30.750000 9.829918e-04
31.000000 9.797323e-04
31.250000 9.629401e-04
31.500000 9.389880e-04
31.750000 9.167220e-04
32.000000 9.056774e-04
32.250000 9.137608e-04
32.500000 9.451088e-04
32.750000 9.990846e-04
33.000000 1.070678e-03
33.250000 1.151619e-03
33.500000 1.231481e-03
33.750000 1.298708e-03
34.000000 1.341794e-03
34.250000 1.350729e-03
34.500000 1.318630e-03
34.750000 1.243358e-03
35.000000 1.129027e-03
35.250000 9.874449e-04
35.500000 8.396503e-04
35.750000 7.164663e-04
36.000000 6.511801e-04
36.250000 6.551257e-04
36.500000 7.018992e-04
36.750000 7.509938e-04
37.000000 7.726285e-04
37.250000 7.521572e-04
37.500000 6.874585e-04
37.750000 5.868746e-04
38.000000 4.692733e-04
38.250000 3.674326e-04
38.500000 3.266962e-04
38.750000 3.620478e-04
39.000000 4.307397e-04
39.250000 4.899871e-04
39.500000 5.191901e-04
39.750000 5.123236e-04
40.000000 4.725677e-04
40.250000 4.101204e-04
40.500000 3.415755e-04
40.750000 2.893630e-04
41.000000 2.742494e-04
41.250000 2.967315e-04
41.500000 3.380957e-04
41.750000 3.827879e-04
42.000000 4.261442e-04
42.250000 4.707244e-04
42.500000 5.210213e-04
42.750000 5.791728e-04
43.000000 6.432718e-04
43.250000 7.085126e-04
43.500000 7.696044e-04
43.750000 8.228262e-04
44.000000 8.670305e-04
44.250000 9.035069e-04
44.500000 9.348430e-04
44.750000 9.631698e-04
45.000000 9.885112e-04
45.250000 1.008048e-03
45.500000 1.016678e-03
45.750000 1.008569e-03
46.000000 9.790465e-04
46.250000 9.262738e-04
46.500000 8.524762e-04
46.750000 7.646822e-04
47.000000 6.748523e-04
47.250000 5.986022e-04
47.500000 5.504655e-04
47.750000 5.352116e-04
48.000000 5.431333e-04
48.250000 5.570167e-04
48.500000 5.626212e-04
48.750000 5.536174e-04
49.000000 5.319173e-04
49.250000 5.058741e-04
49.500000 4.863224e-04
49.750000 4.800976e-04
50.000000 4.844882e-04
