-50.000000 7.298693e-04
-49.750000 6.486314e-04
-49.500000 5.545226e-04
-49.250000 4.539504e-04
-49.000000 3.560605e-04
-48.750000 2.745729e-04
-48.500000 2.292512e-04
-48.250000 2.337645e-04
-48.000000 2.750384e-04
-47.750000 3.308274e-04
-47.500000 3.895060e-04
-47.250000 4.480082e-04
-47.000000 5.067353e-04
-46.750000 5.663356e-04
-46.500000 6.259313e-04
-46.250000 6.825753e-04
-46.000000 7.317058e-04
-45.750000 7.681881e-04
-45.500000 7.875694e-04
-45.250000 7.873634e-04
-45.000000 7.683529e-04
-44.750000 7.359534e-04
-44.500000 7.014095e-04
-44.250000 6.815041e-04
-44.000000 6.937950e-04
-43.750000 7.469030e-04
-43.500000 8.345421e-04
-43.250000 9.401306e-04
-43.000000 1.044787e-03
-42.750000 1.131685e-03
-42.500000 1.187289e-03
-42.250000 1.201547e-03
-42.000000 1.167900e-03
-41.750000 1.083277e-03
-41.500000 9.480512e-04
-41.250000 7.659288e-04
-41.000000 5.439608e-04
-40.750000 2.943265e-04
-40.500000 9.303501e-05
-40.250000 3.031383e-04
-40.000000 5.837031e-04
-39.750000 8.563460e-04
-39.500000 1.107365e-03
-39.250000 1.327627e-03
-39.000000 1.510725e-03
-38.750000 1.652912e-03
-38.500000 1.753104e-03
-38.250000 1.812723e-03
-38.000000 1.835360e-03
-37.750000 1.826241e-03
-37.500000 1.791555e-03
-37.250000 1.737681e-03
-37.000000 1.670430e-03
-36.750000 1.594414e-03
-36.500000 1.512686e-03
-36.250000 1.426732e-03
-36.000000 1.336819e-03
-35.750000 1.242597e-03
-35.500000 1.143776e-03
-35.250000 1.040716e-03
-35.000000 9.348250e-04
-34.750000 8.287439e-04
-34.500000 7.263423e-04
-34.250000 6.325545e-04
-34.000000 5.529784e-04
-33.750000 4.929886e-04
-33.500000 4.561101e-04
-33.250000 4.422395e-04
-33.000000 4.474705e-04
-32.750000 4.662160e-04
-32.500000 4.937282e-04
-32.250000 5.272398e-04
-32.000000 5.658197e-04
-31.750000 6.097280e-04
-31.500000 6.597689e-04
-31.250000 7.168088e-04
-31.000000 7.814624e-04
-30.750000 8.538907e-04
-30.500000 9.336570e-04
-30.250000 1.019619e-03
-30.000000 1.109866e-03
-29.750000 1.201737e-03
-29.500000 1.291920e-03
-29.250000 1.376667e-03
-29.000000 1.452071e-03
-28.750000 1.514421e-03
-28.500000 1.560564e-03
-28.250000 1.588275e-03
-28.000000 1.596576e-03
-27.750000 1.585991e-03
-27.500000 1.558681e-03
-27.250000 1.518414e-03
-27.000000 1.470289e-03
-26.750000 1.420143e-03
-26.500000 1.373594e-03
-26.250000 1.334827e-03
-26.000000 1.305465e-03
-25.750000 1.284029e-03
-25.500000 1.266358e-03
-25.250000 1.246893e-03
-25.000000 1.220427e-03
-24.750000 1.183881e-03
-24.500000 1.137973e-03
-24.250000 1.088777e-03
-24.000000 1.048865e-03
-23.750000 1.036668e-03
-23.500000 1.071547e-03
-23.250000 1.164918e-03
-23.000000 1.314701e-03
-22.750000 1.508489e-03
-22.500000 1.730347e-03
-22.250000 1.965150e-03
-22.000000 2.199987e-03
-21.750000 2.424218e-03
-21.500000 2.629143e-03
-21.250000 2.807626e-03
-21.000000 2.953737e-03
-20.750000 3.062434e-03
-20.500000 3.129312e-03
-20.250000 3.150497e-03
-20.000000 3.122702e-03
-19.750000 3.043541e-03
-19.500000 2.912126e-03
-19.250000 2.730031e-03
-19.000000 2.502784e-03
-18.750000 2.242216e-03
-18.500000 1.970333e-03
-18.250000 1.725085e-03
-18.000000 1.564086e-03
-17.750000 1.548541e-03
-17.500000 1.696976e-03
-17.250000 1.966844e-03
-17.000000 2.293996e-03
-16.750000 2.624453e-03
-16.500000 2.918806e-03
-16.250000 3.148651e-03
-16.000000 3.293908e-03
-15.750000 3.341817e-03
-15.500000 3.287035e-03
-15.250000 3.132537e-03
-15.000000 2.891546e-03
-14.750000 2.591399e-03
-14.500000 2.280894e-03
-14.250000 2.040098e-03
-14.000000 1.973603e-03
-13.750000 2.149191e-03
-13.500000 2.536677e-03
-13.250000 3.051739e-03
-13.000000 3.619532e-03
-12.750000 4.188675e-03
-12.500000 4.725217e-03
-12.250000 5.206680e-03
-12.000000 5.618635e-03
-11.750000 5.952771e-03
-11.500000 6.205636e-03
-11.250000 6.377648e-03
-11.000000 6.472232e-03
-10.750000 6.495070e-03
-10.500000 6.453475e-03
-10.250000 6.355940e-03
-10.000000 6.211865e-03
-9.750000 6.031451e-03
-9.500000 5.825691e-03
-9.250000 5.606387e-03
-9.000000 5.386061e-03
-8.750000 5.177678e-03
-8.500000 4.994129e-03
-8.250000 4.847489e-03
-8.000000 4.748205e-03
-7.750000 4.704436e-03
-7.500000 4.721776e-03
-7.250000 4.803395e-03
-7.000000 4.950412e-03
-6.750000 5.162165e-03
-6.500000 5.436116e-03
-6.250000 5.767422e-03
-6.000000 6.148411e-03
-5.750000 6.568272e-03
-5.500000 7.013167e-03
-5.250000 7.466820e-03
-5.000000 7.911474e-03
-4.750000 8.329071e-03
-4.500000 8.702493e-03
-4.250000 9.016739e-03
-4.000000 9.259916e-03
-3.750000 9.423979e-03
-3.500000 9.505163e-03
-3.250000 9.504058e-03
-3.000000 9.425330e-03
-2.750000 9.277091e-03
-2.500000 9.069964e-03
-2.250000 8.815920e-03
-2.000000 8.527023e-03
-1.750000 8.214218e-03
-1.500000 7.886377e-03
-1.250000 7.549749e-03
-1.000000 7.207916e-03
-0.750000 6.862276e-03
-0.500000 6.512906e-03
-0.250000 6.159604e-03
0.000000 5.802861e-03
0.250000 5.444554e-03
0.500000 5.088212e-03
0.750000 4.738825e-03
1.000000 4.402259e-03
1.250000 4.084450e-03
1.500000 3.790675e-03
1.750000 3.525295e-03
2.000000 3.292345e-03
2.250000 3.097181e-03
2.500000 2.948857e-03
2.750000 2.862112e-03
3.000000 2.856843e-03
3.250000 2.953174e-03
3.500000 3.163275e-03
3.750000 3.485331e-03
4.000000 3.903885e-03
4.250000 4.394721e-03
4.500000 4.929957e-03
4.750000 5.481397e-03
5.000000 6.022461e-03
5.250000 6.529504e-03
5.500000 6.983016e-03
5.750000 7.368835e-03
6.000000 7.679367e-03
6.250000 7.914641e-03
6.500000 8.082966e-03
6.750000 8.200853e-03
7.000000 8.291741e-03
7.250000 8.383095e-03
7.500000 8.501764e-03
7.750000 8.668222e-03
8.000000 8.891238e-03
8.250000 9.164919e-03
8.500000 9.469242e-03
8.750000 9.773690e-03
9.000000 1.004249e-02
9.250000 1.023988e-02
9.500000 1.033462e-02
9.750000 1.030337e-02
10.000000 1.013322e-02
10.250000 9.823572e-03
10.500000 9.387554e-03
10.750000 8.853259e-03
11.000000 8.264530e-03
11.250000 7.680633e-03
11.500000 7.172575e-03
11.750000 6.812295e-03
12.000000 6.652548e-03
12.250000 6.704853e-03
12.500000 6.932625e-03
12.750000 7.266744e-03
13.000000 7.629996e-03
13.250000 7.954581e-03
13.500000 8.189372e-03
13.750000 8.300917e-03
14.000000 8.272009e-03
14.250000 8.099611e-03
14.500000 7.792727e-03
14.750000 7.370289e-03
15.000000 6.858988e-03
15.250000 6.290964e-03
15.500000 5.701197e-03
15.750000 5.124396e-03
16.000000 4.591186e-03
16.250000 4.123615e-03
16.500000 3.730862e-03
16.750000 3.407141e-03
17.000000 3.133872e-03
17.250000 2.886111e-03
17.500000 2.640438e-03
17.750000 2.381204e-03
18.000000 2.104071e-03
18.250000 1.817932e-03
18.500000 1.546944e-03
18.750000 1.332731e-03
19.000000 1.227950e-03
19.250000 1.263507e-03
19.500000 1.415656e-03
19.750000 1.630045e-03
20.000000 1.860902e-03
20.250000 2.080700e-03
20.500000 2.275596e-03
20.750000 2.440252e-03
21.000000 2.574119e-03
21.250000 2.678695e-03
21.500000 2.755430e-03
21.750000 2.804281e-03
22.000000 2.823039e-03
22.250000 2.807462e-03
22.500000 2.752073e-03
22.750000 2.651353e-03
23.000000 2.500996e-03
23.250000 2.298999e-03
23.500000 2.046422e-03
23.750000 1.747762e-03
24.000000 1.410962e-03
24.250000 1.047153e-03
24.500000 6.704800e-04
24.750000 3.010509e-04
25.000000 1.268705e-04
25.250000 4.230163e-04
25.500000 7.061272e-04
25.750000 9.365785e-04
26.000000 1.103824e-03
26.250000 1.202430e-03
26.500000 1.231137e-03
26.750000 1.192879e-03
27.000000 1.095036e-03
27.250000 9.502960e-04
27.500000 7.795261e-04
27.750000 6.202745e-04
28.000000 5.404362e-04
28.250000 6.036424e-04
28.500000 7.808003e-04
28.750000 1.005201e-03
29.000000 1.236563e-03
29.250000 1.454326e-03
29.500000 1.646938e-03
29.750000 1.807260e-03
30.000000 1.930609e-03
30.250000 2.013765e-03
30.500000 2.054418e-03
30.750000 2.050914e-03
31.000000 2.002235e-03
31.250000 1.908198e-03
31.500000 1.769814e-03
31.750000 1.589797e-03
32.000000 1.373262e-03
32.250000 1.128909e-03
32.500000 8.718827e-04
32.750000 6.327578e-04
33.000000 4.829746e-04
33.250000 5.202794e-04
33.500000 7.034615e-04
33.750000 9.273846e-04
34.000000 1.139945e-03
34.250000 1.317680e-03
34.500000 1.447921e-03
34.750000 1.523626e-03
35.000000 1.541887e-03
35.250000 1.503389e-03
35.500000 1.412095e-03
35.750000 1.274938e-03
36.000000 1.101542e-03
36.250000 9.041634e-04
36.500000 6.985112e-04
36.750000 5.075519e-04
37.000000 3.731192e-04
37.250000 3.552037e-04
37.500000 4.443316e-04
37.750000 5.695022e-04
38.000000 6.911315e-04
38.250000 7.958593e-04
38.500000 8.808984e-04
38.750000 9.481306e-04
39.000000 1.001564e-03
39.250000 1.045729e-03
39.500000 1.084487e-03
39.750000 1.120302e-03
40.000000 1.154088e-03
40.250000 1.185606e-03
40.500000 1.214183e-03
40.750000 1.239426e-03
41.000000 1.261674e-03
41.250000 1.282021e-03
41.500000 1.301919e-03
41.750000 1.322487e-03
42.000000 1.343763e-03
42.250000 1.364214e-03
42.500000 1.380672e-03
42.750000 1.388747e-03
43.000000 1.383533e-03
43.250000 1.360405e-03
43.500000 1.315727e-03
43.750000 1.247370e-03
44.000000 1.155019e-03
44.250000 1.040284e-03
44.500000 9.066461e-04
44.750000 7.593181e-04
45.000000 6.051182e-04
45.250000 4.526815e-04
45.500000 3.140061e-04
45.750000 2.105206e-04
46.000000 1.787368e-04
46.250000 2.164962e-04
46.500000 2.709003e-04
46.750000 3.129144e-04
47.000000 3.336599e-04
47.250000 3.316168e-04
47.500000 3.086657e-04
47.750000 2.688439e-04
48.000000 2.179531e-04
48.250000 1.639186e-04
48.500000 1.187938e-04
48.750000 1.004616e-04
49.000000 1.141292e-04
49.250000 1.394273e-04
49.500000 1.596791e-04
49.750000 1.680312e-04
50.000000 1.623960e-04
