-50.000000 3.354000e-04
-49.750000 1.016627e-04
-49.500000 1.801666e-04
-49.250000 4.011916e-04
-49.000000 5.572014e-04
-48.750000 6.235675e-04
-48.500000 5.986058e-04
-48.250000 5.051344e-04
-48.000000 3.959156e-04
-47.750000 3.527044e-04
-47.500000 4.055106e-04
-47.250000 4.833973e-04
-47.000000 5.292303e-04
-46.750000 5.331281e-04
-46.500000 5.191729e-04
-46.250000 5.259701e-04
-46.000000 5.701837e-04
-45.750000 6.279874e-04
-45.500000 6.618894e-04
-45.250000 6.474215e-04
-45.000000 5.804564e-04
-44.750000 4.762895e-04
-44.500000 3.670883e-04
-44.250000 2.958697e-04
-44.000000 2.858967e-04
-43.750000 3.080495e-04
-43.500000 3.262659e-04
-43.250000 3.314581e-04
-43.000000 3.297501e-04
-42.750000 3.242380e-04
-42.500000 3.071172e-04
-42.250000 2.677735e-04
-42.000000 2.093163e-04
-41.750000 1.721232e-04
-41.500000 2.164112e-04
-41.250000 3.053819e-04
-41.000000 3.759187e-04
-40.750000 3.936278e-04
-40.500000 3.453483e-04
-40.250000 2.438526e-04
-40.000000 1.733593e-04
-39.750000 2.782395e-04
-39.500000 4.483259e-04
-39.250000 5.860794e-04
-39.000000 6.496467e-04
-38.750000 6.187989e-04
-38.500000 4.931095e-04
-38.250000 2.984564e-04
-38.000000 1.707704e-04
-37.750000 3.601044e-04
-37.500000 6.106478e-04
-37.250000 8.146979e-04
-37.000000 9.381971e-04
-36.750000 9.680875e-04
-36.500000 9.095289e-04
-36.250000 7.863930e-04
-36.000000 6.437233e-04
-35.750000 5.491835e-04
-35.500000 5.579241e-04
-35.250000 6.419450e-04
-35.000000 7.296552e-04
-34.750000 7.728279e-04
-34.500000 7.497481e-04
-34.250000 6.555070e-04
-34.000000 4.961658e-04
-33.750000 2.852708e-04
-33.500000 4.147730e-05
-33.250000 2.136739e-04
-33.000000 4.560397e-04
-32.750000 6.610510e-04
-32.500000 8.044220e-04
-32.250000 8.644418e-04
-32.000000 8.253096e-04
-31.750000 6.821606e-04
-31.500000 4.520146e-04
-31.250000 2.490880e-04
-31.000000 4.351887e-04
-30.750000 7.971242e-04
-30.500000 1.137349e-03
-30.250000 1.388399e-03
-30.000000 1.510295e-03
-29.750000 1.488617e-03
-29.500000 1.341035e-03
-29.250000 1.123853e-03
-29.000000 9.336976e-04
-28.750000 8.677701e-04
-28.500000 9.154241e-04
-28.250000 9.739702e-04
-28.000000 9.898223e-04
-27.750000 1.016871e-03
-27.500000 1.175641e-03
-27.250000 1.497707e-03
-27.000000 1.878652e-03
-26.750000 2.182578e-03
-26.500000 2.299298e-03
-26.250000 2.160976e-03
-26.000000 1.752299e-03
-25.750000 1.122446e-03
-25.500000 4.852711e-04
-25.250000 7.886082e-04
-25.000000 1.495580e-03
-24.750000 2.033906e-03
-24.500000 2.272197e-03
-24.250000 2.160058e-03
-24.000000 1.716189e-03
-23.750000 1.046389e-03
-23.500000 5.709060e-04
-23.250000 1.091463e-03
-23.000000 1.792864e-03
-22.750000 2.274271e-03
-22.500000 2.420608e-03
-22.250000 2.200155e-03
-22.000000 1.648051e-03
-21.750000 8.572915e-04
-21.500000 1.577431e-04
-21.250000 9.647083e-04
-21.000000 1.692683e-03
-20.750000 2.173506e-03
-20.500000 2.357774e-03
-20.250000 2.252261e-03
-20.000000 1.913731e-03
-19.750000 1.435463e-03
-19.500000 9.309655e-04
-19.250000 5.344644e-04
-19.000000 4.357990e-04
-18.750000 6.141756e-04
-18.500000 8.826048e-04
-18.250000 1.207547e-03
-18.000000 1.558942e-03
-17.750000 1.868735e-03
-17.500000 2.057341e-03
-17.250000 2.061475e-03
-17.000000 1.851230e-03
-16.750000 1.437611e-03
-16.500000 8.759845e-04
-16.250000 3.381315e-04
-16.000000 6.108738e-04
-15.750000 1.170475e-03
-15.500000 1.617391e-03
-15.250000 1.891798e-03
-15.000000 1.983091e-03
-14.750000 1.911488e-03
-14.500000 1.717499e-03
-14.250000 1.449762e-03
-14.000000 1.153946e-03
-13.750000 8.695924e-04
-13.500000 6.492590e-04
-13.250000 6.022885e-04
-13.000000 8.008065e-04
-12.750000 1.157452e-03
-12.500000 1.588211e-03
-12.250000 2.044869e-03
-12.000000 2.487215e-03
-11.750000 2.874052e-03
-11.500000 3.164529e-03
-11.250000 3.325148e-03
-11.000000 3.340873e-03
-10.750000 3.228982e-03
-10.500000 3.052552e-03
-10.250000 2.921955e-03
-10.000000 2.954459e-03
-9.750000 3.186723e-03
-9.500000 3.539058e-03
-9.250000 3.882420e-03
-9.000000 4.108984e-03
-8.750000 4.157985e-03
-8.500000 4.017466e-03
-8.250000 3.717334e-03
-8.000000 3.317523e-03
-7.750000 2.892412e-03
-7.500000 2.513246e-03
-7.250000 2.231574e-03
-7.000000 2.068353e-03
-6.750000 2.012219e-03
-6.500000 2.024350e-03
-6.250000 2.045376e-03
-6.000000 2.005918e-03
-5.750000 1.843538e-03
-5.500000 1.527433e-03
-5.250000 1.111788e-03
-5.000000 9.261202e-04
-4.750000 1.421633e-03
-4.500000 2.290952e-03
-4.250000 3.240294e-03
-4.000000 4.146213e-03
-3.750000 4.948968e-03
-3.500000 5.629948e-03
-3.250000 6.197714e-03
-3.000000 6.666410e-03
-2.750000 7.032270e-03
-2.500000 7.261315e-03
-2.250000 7.296226e-03
-2.000000 7.078033e-03
-1.750000 6.570902e-03
-1.500000 5.779958e-03
-1.250000 4.757691e-03
-1.000000 3.599836e-03
-0.750000 2.438416e-03
-0.500000 1.463255e-03
-0.250000 1.052447e-03
0.000000 1.383834e-03
0.250000 1.929317e-03
0.500000 2.468968e-03
0.750000 2.988508e-03
1.000000 3.485053e-03
1.250000 3.931222e-03
1.500000 4.294618e-03
1.750000 4.569800e-03
2.000000 4.796380e-03
2.250000 5.046761e-03
2.500000 5.380743e-03
2.750000 5.795756e-03
3.000000 6.217706e-03
3.250000 6.537174e-03
3.500000 6.655670e-03
3.750000 6.516566e-03
4.000000 6.117526e-03
4.250000 5.509013e-03
4.500000 4.783347e-03
4.750000 4.057100e-03
5.000000 3.446408e-03
5.250000 3.031978e-03
5.500000 2.824512e-03
5.750000 2.770324e-03
6.000000 2.804235e-03
6.250000 2.890457e-03
6.500000 3.021913e-03
6.750000 3.199902e-03
7.000000 3.416932e-03
7.250000 3.650452e-03
7.500000 3.865701e-03
7.750000 4.023644e-03
8.000000 4.091586e-03
8.250000 4.055047e-03
8.500000 3.928902e-03
8.750000 3.764121e-03
9.000000 3.642730e-03
9.250000 3.650495e-03
9.500000 3.831764e-03
9.750000 4.166094e-03
10.000000 4.592357e-03
10.250000 5.045391e-03
10.500000 5.470931e-03
10.750000 5.822394e-03
11.000000 6.055029e-03
11.250000 6.126584e-03
11.500000 6.005422e-03
11.750000 5.681777e-03
12.000000 5.176487e-03
12.250000 4.543026e-03
12.500000 3.861497e-03
12.750000 3.226448e-03
13.000000 2.733059e-03
13.250000 2.464495e-03
13.500000 2.472031e-03
13.750000 2.744912e-03
14.000000 3.205124e-03
14.250000 3.735791e-03
14.500000 4.208986e-03
14.750000 4.506150e-03
15.000000 4.537345e-03
15.250000 4.258177e-03
15.500000 3.680847e-03
15.750000 2.878467e-03
16.000000 1.990041e-03
16.250000 1.260881e-03
16.500000 1.081475e-03
16.750000 1.353786e-03
17.000000 1.568780e-03
17.250000 1.532399e-03
17.500000 1.231416e-03
17.750000 7.361374e-04
18.000000 2.656436e-04
18.250000 6.126648e-04
18.500000 1.110161e-03
18.750000 1.463342e-03
19.000000 1.638016e-03
19.250000 1.659119e-03
19.500000 1.592178e-03
19.750000 1.515197e-03
20.000000 1.475373e-03
20.250000 1.464151e-03
20.500000 1.446227e-03
20.750000 1.407958e-03
21.000000 1.373977e-03
21.250000 1.380193e-03
21.500000 1.425638e-03
21.750000 1.460053e-03
22.000000 1.422264e-03
22.250000 1.283524e-03
22.500000 1.079969e-03
22.750000 9.476588e-04
23.000000 1.059810e-03
23.250000 1.371880e-03
23.500000 1.704774e-03
23.750000 1.933572e-03
24.000000 1.993310e-03
24.250000 1.863278e-03
24.500000 1.560582e-03
24.750000 1.140512e-03
25.000000 7.282114e-04
25.250000 6.415029e-04
25.500000 9.776638e-04
25.750000 1.386357e-03
26.000000 1.712030e-03
26.250000 1.900832e-03
26.500000 1.932285e-03
26.750000 1.806973e-03
27.000000 1.545340e-03
27.250000 1.192014e-03
27.500000 8.347698e-04
27.750000 6.566321e-04
28.000000 7.967783e-04
28.250000 1.057518e-03
28.500000 1.260234e-03
28.750000 1.338138e-03
29.000000 1.276146e-03
29.250000 1.092201e-03
29.500000 8.348378e-04
29.750000 5.970000e-04
30.000000 5.324957e-04
30.250000 6.699836e-04
30.500000 8.485638e-04
30.750000 9.720858e-04
31.000000 1.013654e-03
31.250000 9.792563e-04
31.500000 8.934459e-04
31.750000 7.897700e-04
32.000000 6.989345e-04
32.250000 6.344665e-04
32.500000 5.875850e-04
32.750000 5.427743e-04
33.000000 5.019815e-04
33.250000 4.967522e-04
33.500000 5.634805e-04
33.750000 6.937468e-04
34.000000 8.428706e-04
34.250000 9.662281e-04
34.500000 1.031653e-03
34.750000 1.021544e-03
35.000000 9.341543e-04
35.250000 7.851739e-04
35.500000 6.115907e-04
35.750000 4.814113e-04
36.000000 4.750293e-04
36.250000 5.750047e-04
36.500000 6.920323e-04
36.750000 7.704416e-04
37.000000 7.867933e-04
37.250000 7.331847e-04
37.500000 6.098022e-04
37.750000 4.224192e-04
38.000000 1.825760e-04
38.250000 9.271231e-05
38.500000 3.757748e-04
38.750000 6.375726e-04
39.000000 8.457116e-04
39.250000 9.728396e-04
39.500000 1.003137e-03
39.750000 9.386864e-04
40.000000 8.051169e-04
40.250000 6.569533e-04
40.500000 5.720439e-04
40.750000 5.884876e-04
41.000000 6.453660e-04
41.250000 6.643568e-04
41.500000 6.125339e-04
41.750000 5.069265e-04
42.000000 4.207710e-04
42.250000 4.484062e-04
42.500000 5.575961e-04
42.750000 6.418246e-04
43.000000 6.369183e-04
43.250000 5.236407e-04
43.500000 3.299846e-04
43.750000 2.331966e-04
44.000000 4.509742e-04
44.250000 7.200611e-04
44.500000 9.178291e-04
44.750000 9.975677e-04
45.000000 9.446032e-04
45.250000 7.749969e-04
45.500000 5.394546e-04
45.750000 3.493149e-04
46.000000 3.712634e-04
46.250000 5.020132e-04
46.500000 5.700359e-04
46.750000 5.236794e-04
47.000000 3.677735e-04
47.250000 1.680980e-04
47.500000 2.450758e-04
47.750000 4.862077e-04
48.000000 6.720840e-04
48.250000 7.508779e-04
48.500000 7.052512e-04
48.750000 5.466303e-04
49.000000 3.209071e-04
49.250000 1.923839e-04
49.500000 3.629883e-04
49.750000 5.516441e-04
50.000000 6.491390e-04
