-50.000000 4.189962e-03
-49.750000 4.168272e-03
-49.500000 4.141787e-03
-49.250000 4.110584e-03
-49.000000 4.074755e-03
-48.750000 4.034415e-03
-48.500000 3.989694e-03
-48.250000 3.940742e-03
-48.000000 3.887730e-03
-47.750000 3.830851e-03
-47.500000 3.770318e-03
-47.250000 3.706371e-03
-47.000000 3.639272e-03
-46.750000 3.569313e-03
-46.500000 3.496813e-03
-46.250000 3.422122e-03
-46.000000 3.345626e-03
-45.750000 3.267746e-03
-45.500000 3.188943e-03
-45.250000 3.109720e-03
-45.000000 3.030626e-03
-44.750000 2.952257e-03
-44.500000 2.875258e-03
-44.250000 2.800324e-03
-44.000000 2.728200e-03
-43.750000 2.659676e-03
-43.500000 2.595577e-03
-43.250000 2.536757e-03
-43.000000 2.484077e-03
-42.750000 2.438385e-03
-42.500000 2.400489e-03
-42.250000 2.371123e-03
-42.000000 2.350915e-03
-41.750000 2.340354e-03
-41.500000 2.339762e-03
-41.250000 2.349276e-03
-41.000000 2.368840e-03
-40.750000 2.398214e-03
-40.500000 2.436986e-03
-40.250000 2.484600e-03
-40.000000 2.540388e-03
-39.750000 2.603601e-03
-39.500000 2.673442e-03
-39.250000 2.749091e-03
-39.000000 2.829729e-03
-38.750000 2.914555e-03
-38.500000 3.002797e-03
-38.250000 3.093719e-03
-38.000000 3.186628e-03
-37.750000 3.280873e-03
-37.500000 3.375847e-03
-37.250000 3.470984e-03
-37.000000 3.565757e-03
-36.750000 3.659679e-03
-36.500000 3.752295e-03
-36.250000 3.843184e-03
-36.000000 3.931953e-03
-35.750000 4.018239e-03
-35.500000 4.101702e-03
-35.250000 4.182027e-03
-35.000000 4.258918e-03
-34.750000 4.332104e-03
-34.500000 4.401329e-03
-34.250000 4.466357e-03
-34.000000 4.526968e-03
-33.750000 4.582959e-03
-33.500000 4.634141e-03
-33.250000 4.680341e-03
-33.000000 4.721399e-03
-32.750000 4.757172e-03
-32.500000 4.787526e-03
-32.250000 4.812344e-03
-32.000000 4.831519e-03
-31.750000 4.844959e-03
-31.500000 4.852583e-03
-31.250000 4.854324e-03
-31.000000 4.850125e-03
-30.750000 4.839944e-03
-30.500000 4.823748e-03
-30.250000 4.801521e-03
-30.000000 4.773255e-03
-29.750000 4.738956e-03
-29.500000 4.698643e-03
-29.250000 4.652347e-03
-29.000000 4.600114e-03
-28.750000 4.542000e-03
-28.500000 4.478077e-03
-28.250000 4.408432e-03
-28.000000 4.333164e-03
-27.750000 4.252389e-03
-27.500000 4.166240e-03
-27.250000 4.074867e-03
-27.000000 3.978440e-03
-26.750000 3.877148e-03
-26.500000 3.771204e-03
-26.250000 3.660848e-03
-26.000000 3.546347e-03
-25.750000 3.428004e-03
-25.500000 3.306161e-03
-25.250000 3.181206e-03
-25.000000 3.053583e-03
-24.750000 2.923805e-03
-24.500000 2.792465e-03
-24.250000 2.660261e-03
-24.000000 2.528015e-03
-23.750000 2.396707e-03
-23.500000 2.267512e-03
-23.250000 2.141845e-03
-23.000000 2.021411e-03
-22.750000 1.908253e-03
-22.500000 1.804790e-03
-22.250000 1.713807e-03
-22.000000 1.638376e-03
-21.750000 1.581657e-03
-21.500000 1.546563e-03
-21.250000 1.535330e-03
-21.000000 1.549112e-03
-20.750000 1.587764e-03
-20.500000 1.649915e-03
-20.250000 1.733290e-03
-20.000000 1.835134e-03
-19.750000 1.952586e-03
-19.500000 2.082940e-03
-19.250000 2.223780e-03
-19.000000 2.373017e-03
-18.750000 2.528883e-03
-18.500000 2.689891e-03
-18.250000 2.854788e-03
-18.000000 3.022520e-03
-17.750000 3.192188e-03
-17.500000 3.363022e-03
-17.250000 3.534353e-03
-17.000000 3.705595e-03
-16.750000 3.876228e-03
-16.500000 4.045789e-03
-16.250000 4.213858e-03
-16.000000 4.380056e-03
-15.750000 4.544033e-03
-15.500000 4.705471e-03
-15.250000 4.864071e-03
-15.000000 5.019560e-03
-14.750000 5.171683e-03
-14.500000 5.320200e-03
-14.250000 5.464891e-03
-14.000000 5.605549e-03
-13.750000 5.741981e-03
-13.500000 5.874009e-03
-13.250000 6.001467e-03
-13.000000 6.124204e-03
-12.750000 6.242078e-03
-12.500000 6.354962e-03
-12.250000 6.462742e-03
-12.000000 6.565314e-03
-11.750000 6.662587e-03
-11.500000 6.754484e-03
-11.250000 6.840938e-03
-11.000000 6.921895e-03
-10.750000 6.997314e-03
-10.500000 7.067166e-03
-10.250000 7.131434e-03
-10.000000 7.190116e-03
-9.750000 7.243221e-03
-9.500000 7.290771e-03
-9.250000 7.332800e-03
-9.000000 7.369358e-03
-8.750000 7.400506e-03
-8.500000 7.426319e-03
-8.250000 7.446885e-03
-8.000000 7.462306e-03
-7.750000 7.472697e-03
-7.500000 7.478186e-03
-7.250000 7.478916e-03
-7.000000 7.475041e-03
-6.750000 7.466731e-03
-6.500000 7.454167e-03
-6.250000 7.437546e-03
-6.000000 7.417075e-03
-5.750000 7.392975e-03
-5.500000 7.365479e-03
-5.250000 7.334833e-03
-5.000000 7.301294e-03
-4.750000 7.265129e-03
-4.500000 7.226617e-03
-4.250000 7.186047e-03
-4.000000 7.143714e-03
-3.750000 7.099923e-03
-3.500000 7.054986e-03
-3.250000 7.009219e-03
-3.000000 6.962943e-03
-2.750000 6.916480e-03
-2.500000 6.870153e-03
-2.250000 6.824283e-03
-2.000000 6.779189e-03
-1.750000 6.735181e-03
-1.500000 6.692564e-03
-1.250000 6.651628e-03
-1.000000 6.612653e-03
-0.750000 6.575901e-03
-0.500000 6.541615e-03
-0.250000 6.510016e-03
0.000000 6.481301e-03
0.250000 6.455641e-03
0.500000 6.433178e-03
0.750000 6.414023e-03
1.000000 6.398255e-03
1.250000 6.385921e-03
1.500000 6.377031e-03
1.750000 6.371565e-03
2.000000 6.369466e-03
2.250000 6.370645e-03
2.500000 6.374980e-03
2.750000 6.382320e-03
3.000000 6.392483e-03
3.250000 6.405262e-03
3.500000 6.420426e-03
3.750000 6.437720e-03
4.000000 6.456873e-03
4.250000 6.477598e-03
4.500000 6.499593e-03
4.750000 6.522548e-03
5.000000 6.546144e-03
5.250000 6.570057e-03
5.500000 6.593963e-03
5.750000 6.617537e-03
6.000000 6.640455e-03
6.250000 6.662400e-03
6.500000 6.683060e-03
6.750000 6.702129e-03
7.000000 6.719314e-03
7.250000 6.734331e-03
7.500000 6.746908e-03
7.750000 6.756785e-03
8.000000 6.763720e-03
8.250000 6.767481e-03
8.500000 6.767854e-03
8.750000 6.764642e-03
9.000000 6.757663e-03
9.250000 6.746754e-03
9.500000 6.731770e-03
9.750000 6.712582e-03
10.000000 6.689083e-03
10.250000 6.661183e-03
10.500000 6.628814e-03
10.750000 6.591925e-03
11.000000 6.550487e-03
11.250000 6.504494e-03
11.500000 6.453959e-03
11.750000 6.398918e-03
12.000000 6.339430e-03
12.250000 6.275575e-03
12.500000 6.207462e-03
12.750000 6.135220e-03
13.000000 6.059006e-03
13.250000 5.979005e-03
13.500000 5.895427e-03
13.750000 5.808512e-03
14.000000 5.718533e-03
14.250000 5.625792e-03
14.500000 5.530625e-03
14.750000 5.433404e-03
15.000000 5.334536e-03
15.250000 5.234468e-03
15.500000 5.133685e-03
15.750000 5.032715e-03
16.000000 4.932128e-03
16.250000 4.832536e-03
16.500000 4.734593e-03
16.750000 4.638998e-03
17.000000 4.546484e-03
17.250000 4.457823e-03
17.500000 4.373814e-03
17.750000 4.295274e-03
18.000000 4.223030e-03
18.250000 4.157901e-03
18.500000 4.100683e-03
18.750000 4.052127e-03
19.000000 4.012917e-03
19.250000 3.983652e-03
19.500000 3.964817e-03
19.750000 3.956774e-03
20.000000 3.959738e-03
20.250000 3.973773e-03
20.500000 3.998790e-03
20.750000 4.034550e-03
21.000000 4.080674e-03
21.250000 4.136659e-03
21.500000 4.201897e-03
21.750000 4.275697e-03
22.000000 4.357306e-03
22.250000 4.445927e-03
22.500000 4.540741e-03
22.750000 4.640920e-03
23.000000 4.745640e-03
23.250000 4.854094e-03
23.500000 4.965497e-03
23.750000 5.079092e-03
24.000000 5.194154e-03
24.250000 5.309992e-03
24.500000 5.425951e-03
24.750000 5.541409e-03
25.000000 5.655782e-03
25.250000 5.768515e-03
25.500000 5.879090e-03
25.750000 5.987018e-03
26.000000 6.091840e-03
26.250000 6.193126e-03
26.500000 6.290473e-03
26.750000 6.383502e-03
27.000000 6.471862e-03
27.250000 6.555224e-03
27.500000 6.633280e-03
27.750000 6.705747e-03
28.000000 6.772359e-03
28.250000 6.832874e-03
28.500000 6.887067e-03
28.750000 6.934732e-03
29.000000 6.975684e-03
29.250000 7.009752e-03
29.500000 7.036786e-03
29.750000 7.056652e-03
30.000000 7.069231e-03
30.250000 7.074422e-03
30.500000 7.072142e-03
30.750000 7.062322e-03
31.000000 7.044907e-03
31.250000 7.019862e-03
31.500000 6.987162e-03
31.750000 6.946802e-03
32.000000 6.898787e-03
32.250000 6.843141e-03
32.500000 6.779901e-03
32.750000 6.709115e-03
33.000000 6.630850e-03
33.250000 6.545184e-03
33.500000 6.452209e-03
33.750000 6.352030e-03
34.000000 6.244767e-03
34.250000 6.130551e-03
34.500000 6.009527e-03
34.750000 5.881854e-03
35.000000 5.747700e-03
35.250000 5.607249e-03
35.500000 5.460697e-03
35.750000 5.308251e-03
36.000000 5.150132e-03
36.250000 4.986573e-03
36.500000 4.817821e-03
36.750000 4.644135e-03
37.000000 4.465790e-03
37.250000 4.283075e-03
37.500000 4.096297e-03
37.750000 3.905781e-03
38.000000 3.711873e-03
38.250000 3.514947e-03
38.500000 3.315405e-03
38.750000 3.113692e-03
39.000000 2.910301e-03
39.250000 2.705796e-03
39.500000 2.500832e-03
39.750000 2.296197e-03
40.000000 2.092873e-03
40.250000 1.892123e-03
40.500000 1.695650e-03
40.750000 1.505837e-03
41.000000 1.326149e-03
41.250000 1.161740e-03
41.500000 1.020265e-03
41.750000 9.124167e-04
42.000000 8.507130e-04
42.250000 8.446339e-04
42.500000 8.943674e-04
42.750000 9.904343e-04
43.000000 1.119773e-03
43.250000 1.271017e-03
43.500000 1.435994e-03
43.750000 1.609212e-03
44.000000 1.787017e-03
44.250000 1.966919e-03
44.500000 2.147170e-03
44.750000 2.326490e-03
45.000000 2.503911e-03
45.250000 2.678669e-03
45.500000 2.850147e-03
45.750000 3.017828e-03
46.000000 3.181271e-03
46.250000 3.340093e-03
46.500000 3.493954e-03
46.750000 3.642551e-03
47.000000 3.785612e-03
47.250000 3.922888e-03
47.500000 4.054154e-03
47.750000 4.179205e-03
48.000000 4.297854e-03
48.250000 4.409932e-03
48.500000 4.515285e-03
48.750000 4.613775e-03
49.000000 4.705280e-03
49.250000 4.789691e-03
49.500000 4.866914e-03
49.750000 4.936871e-03
50.000000 4.999496e-03
