-50.000000 8.548939e-03
-49.750000 8.714720e-03
-49.500000 8.879906e-03
-49.250000 9.044425e-03
-49.000000 9.208205e-03
-48.750000 9.371176e-03
-48.500000 9.533264e-03
-48.250000 9.694399e-03
-48.000000 9.854507e-03
-47.750000 1.001352e-02
-47.500000 1.017135e-02
-47.250000 1.032795e-02
-47.000000 1.048323e-02
-46.750000 1.063712e-02
-46.500000 1.078955e-02
-46.250000 1.094045e-02
-46.000000 1.108974e-02
-45.750000 1.123736e-02
-45.500000 1.138323e-02
-45.250000 1.152728e-02
-45.000000 1.166945e-02
-44.750000 1.180966e-02
-44.500000 1.194784e-02
-44.250000 1.208392e-02
-44.000000 1.221784e-02
-43.750000 1.234952e-02
-43.500000 1.247890e-02
-43.250000 1.260591e-02
-43.000000 1.273048e-02
-42.750000 1.285255e-02
-42.500000 1.297206e-02
-42.250000 1.308893e-02
-42.000000 1.320312e-02
-41.750000 1.331454e-02
-41.500000 1.342315e-02
-41.250000 1.352888e-02
-41.000000 1.363167e-02
-40.750000 1.373147e-02
-40.500000 1.382821e-02
-40.250000 1.392184e-02
-40.000000 1.401230e-02
-39.750000 1.409954e-02
-39.500000 1.418350e-02
-39.250000 1.426414e-02
-39.000000 1.434141e-02
-38.750000 1.441524e-02
-38.500000 1.448560e-02
-38.250000 1.455244e-02
-38.000000 1.461571e-02
-37.750000 1.467537e-02
-37.500000 1.473137e-02
-37.250000 1.478368e-02
-37.000000 1.483225e-02
-36.750000 1.487705e-02
-36.500000 1.491804e-02
-36.250000 1.495518e-02
-36.000000 1.498844e-02
-35.750000 1.501779e-02
-35.500000 1.504320e-02
-35.250000 1.506464e-02
-35.000000 1.508208e-02
-34.750000 1.509550e-02
-34.500000 1.510488e-02
-34.250000 1.511018e-02
-34.000000 1.511140e-02
-33.750000 1.510851e-02
-33.500000 1.510150e-02
-33.250000 1.509035e-02
-33.000000 1.507506e-02
-32.750000 1.505560e-02
-32.500000 1.503198e-02
-32.250000 1.500418e-02
-32.000000 1.497220e-02
-31.750000 1.493603e-02
-31.500000 1.489569e-02
-31.250000 1.485116e-02
-31.000000 1.480245e-02
-30.750000 1.474957e-02
-30.500000 1.469252e-02
-30.250000 1.463132e-02
-30.000000 1.456597e-02
-29.750000 1.449648e-02
-29.500000 1.442288e-02
-29.250000 1.434519e-02
-29.000000 1.426341e-02
-28.750000 1.417759e-02
-28.500000 1.408773e-02
-28.250000 1.399386e-02
-28.000000 1.389603e-02
-27.750000 1.379425e-02
-27.500000 1.368856e-02
-27.250000 1.357901e-02
-27.000000 1.346561e-02
-26.750000 1.334843e-02
-26.500000 1.322750e-02
-26.250000 1.310287e-02
-26.000000 1.297458e-02
-25.750000 1.284270e-02
-25.500000 1.270726e-02
-25.250000 1.256834e-02
-25.000000 1.242598e-02
-24.750000 1.228026e-02
-24.500000 1.213124e-02
-24.250000 1.197898e-02
-24.000000 1.182356e-02
-23.750000 1.166506e-02
-23.500000 1.150354e-02
-23.250000 1.133911e-02
-23.000000 1.117183e-02
-22.750000 1.100180e-02
-22.500000 1.082912e-02
-22.250000 1.065388e-02
-22.000000 1.047618e-02
-21.750000 1.029614e-02
-21.500000 1.011387e-02
-21.250000 9.929478e-03
-21.000000 9.743097e-03
-20.750000 9.554856e-03
-20.500000 9.364894e-03
-20.250000 9.173356e-03
-20.000000 8.980395e-03
-19.750000 8.786174e-03
-19.500000 8.590866e-03
-19.250000 8.394655e-03
-19.000000 8.197735e-03
-18.750000 8.000315e-03
-18.500000 7.802618e-03
-18.250000 7.604884e-03
-18.000000 7.407369e-03
-17.750000 7.210350e-03
-17.500000 7.014127e-03
-17.250000 6.819023e-03
-17.000000 6.625390e-03
-16.750000 6.433609e-03
-16.500000 6.244095e-03
-16.250000 6.057302e-03
-16.000000 5.873723e-03
-15.750000 5.693895e-03
-15.500000 5.518406e-03
-15.250000 5.347894e-03
-15.000000 5.183050e-03
-14.750000 5.024623e-03
-14.500000 4.873416e-03
-14.250000 4.730285e-03
-14.000000 4.596133e-03
-13.750000 4.471901e-03
-13.500000 4.358551e-03
-13.250000 4.257046e-03
-13.000000 4.168325e-03
-12.750000 4.093271e-03
-12.500000 4.032675e-03
-12.250000 3.987200e-03
-12.000000 3.957350e-03
-11.750000 3.943432e-03
-11.500000 3.945548e-03
-11.250000 3.963579e-03
-11.000000 3.997195e-03
-10.750000 4.045868e-03
-10.500000 4.108907e-03
-10.250000 4.185485e-03
-10.000000 4.274679e-03
-9.750000 4.375507e-03
-9.500000 4.486961e-03
-9.250000 4.608029e-03
-9.000000 4.737727e-03
-8.750000 4.875105e-03
-8.500000 5.019266e-03
-8.250000 5.169365e-03
-8.000000 5.324619e-03
-7.750000 5.484303e-03
-7.500000 5.647749e-03
-7.250000 5.814346e-03
-7.000000 5.983532e-03
-6.750000 6.154795e-03
-6.500000 6.327664e-03
-6.250000 6.501711e-03
-6.000000 6.676541e-03
-5.750000 6.851792e-03
-5.500000 7.027134e-03
-5.250000 7.202260e-03
-5.000000 7.376888e-03
-4.750000 7.550756e-03
-4.500000 7.723623e-03
-4.250000 7.895264e-03
-4.000000 8.065470e-03
-3.750000 8.234045e-03
-3.500000 8.400806e-03
-3.250000 8.565583e-03
-3.000000 8.728215e-03
-2.750000 8.888550e-03
-2.500000 9.046447e-03
-2.250000 9.201771e-03
-2.000000 9.354395e-03
-1.750000 9.504198e-03
-1.500000 9.651069e-03
-1.250000 9.794898e-03
-1.000000 9.935583e-03
-0.750000 1.007303e-02
-0.500000 1.020714e-02
-0.250000 1.033783e-02
0.000000 1.046503e-02
0.250000 1.058863e-02
0.500000 1.070859e-02
0.750000 1.082481e-02
1.000000 1.093725e-02
1.250000 1.104582e-02
1.500000 1.115048e-02
1.750000 1.125116e-02
2.000000 1.134781e-02
2.250000 1.144039e-02
2.500000 1.152883e-02
2.750000 1.161311e-02
3.000000 1.169317e-02
3.250000 1.176899e-02
3.500000 1.184051e-02
3.750000 1.190772e-02
4.000000 1.197057e-02
4.250000 1.202905e-02
4.500000 1.208313e-02
4.750000 1.213278e-02
5.000000 1.217799e-02
5.250000 1.221873e-02
5.500000 1.225500e-02
5.750000 1.228678e-02
6.000000 1.231406e-02
6.250000 1.233684e-02
6.500000 1.235511e-02
6.750000 1.236886e-02
7.000000 1.237811e-02
7.250000 1.238285e-02
7.500000 1.238309e-02
7.750000 1.237883e-02
8.000000 1.237008e-02
8.250000 1.235686e-02
8.500000 1.233919e-02
8.750000 1.231708e-02
9.000000 1.229054e-02
9.250000 1.225960e-02
9.500000 1.222429e-02
9.750000 1.218464e-02
10.000000 1.214066e-02
10.250000 1.209239e-02
10.500000 1.203987e-02
10.750000 1.198313e-02
11.000000 1.192222e-02
11.250000 1.185716e-02
11.500000 1.178800e-02
11.750000 1.171479e-02
12.000000 1.163758e-02
12.250000 1.155641e-02
12.500000 1.147135e-02
12.750000 1.138243e-02
13.000000 1.128972e-02
13.250000 1.119329e-02
13.500000 1.109318e-02
13.750000 1.098947e-02
14.000000 1.088222e-02
14.250000 1.077150e-02
14.500000 1.065739e-02
14.750000 1.053995e-02
15.000000 1.041926e-02
15.250000 1.029542e-02
15.500000 1.016848e-02
15.750000 1.003855e-02
16.000000 9.905718e-03
16.250000 9.770064e-03
16.500000 9.631688e-03
16.750000 9.490689e-03
17.000000 9.347168e-03
17.250000 9.201231e-03
17.500000 9.052987e-03
17.750000 8.902550e-03
18.000000 8.750039e-03
18.250000 8.595575e-03
18.500000 8.439287e-03
18.750000 8.281307e-03
19.000000 8.121775e-03
19.250000 7.960836e-03
19.500000 7.798641e-03
19.750000 7.635351e-03
20.000000 7.471132e-03
20.250000 7.306162e-03
20.500000 7.140625e-03
20.750000 6.974719e-03
21.000000 6.808652e-03
21.250000 6.642644e-03
21.500000 6.476931e-03
21.750000 6.311764e-03
22.000000 6.147410e-03
22.250000 5.984157e-03
22.500000 5.822311e-03
22.750000 5.662203e-03
23.000000 5.504188e-03
23.250000 5.348649e-03
23.500000 5.195995e-03
23.750000 5.046670e-03
24.000000 4.901149e-03
24.250000 4.759941e-03
24.500000 4.623592e-03
24.750000 4.492681e-03
25.000000 4.367822e-03
25.250000 4.249657e-03
25.500000 4.138854e-03
25.750000 4.036098e-03
26.000000 3.942079e-03
26.250000 3.857476e-03
26.500000 3.782945e-03
26.750000 3.719095e-03
27.000000 3.666465e-03
27.250000 3.625505e-03
27.500000 3.596557e-03
27.750000 3.579830e-03
28.000000 3.575397e-03
28.250000 3.583183e-03
28.500000 3.602971e-03
28.750000 3.634409e-03
29.000000 3.677025e-03
29.250000 3.730250e-03
29.500000 3.793435e-03
29.750000 3.865879e-03
30.000000 3.946847e-03
30.250000 4.035593e-03
30.500000 4.131374e-03
30.750000 4.233462e-03
31.000000 4.341159e-03
31.250000 4.453797e-03
31.500000 4.570748e-03
31.750000 4.691423e-03
32.000000 4.815274e-03
32.250000 4.941792e-03
32.500000 5.070508e-03
32.750000 5.200989e-03
33.000000 5.332835e-03
33.250000 5.465680e-03
33.500000 5.599184e-03
33.750000 5.733038e-03
34.000000 5.866955e-03
34.250000 6.000671e-03
34.500000 6.133943e-03
34.750000 6.266544e-03
35.000000 6.398268e-03
35.250000 6.528921e-03
35.500000 6.658324e-03
35.750000 6.786311e-03
36.000000 6.912728e-03
36.250000 7.037430e-03
36.500000 7.160283e-03
36.750000 7.281162e-03
37.000000 7.399950e-03
37.250000 7.516536e-03
37.500000 7.630819e-03
37.750000 7.742703e-03
38.000000 7.852096e-03
38.250000 7.958916e-03
38.500000 8.063082e-03
38.750000 8.164521e-03
39.000000 8.263164e-03
39.250000 8.358945e-03
39.500000 8.451804e-03
39.750000 8.541683e-03
40.000000 8.628530e-03
40.250000 8.712295e-03
40.500000 8.792933e-03
40.750000 8.870400e-03
41.000000 8.944657e-03
41.250000 9.015668e-03
41.500000 9.083400e-03
41.750000 9.147820e-03
42.000000 9.208903e-03
42.250000 9.266622e-03
42.500000 9.320956e-03
42.750000 9.371883e-03
43.000000 9.419387e-03
43.250000 9.463453e-03
43.500000 9.504067e-03
43.750000 9.541219e-03
44.000000 9.574901e-03
44.250000 9.605108e-03
44.500000 9.631834e-03
44.750000 9.655078e-03
45.000000 9.674842e-03
45.250000 9.691126e-03
45.500000 9.703935e-03
45.750000 9.713275e-03
46.000000 9.719155e-03
46.250000 9.721585e-03
46.500000 9.720576e-03
46.750000 9.716143e-03
47.000000 9.708300e-03
47.250000 9.697065e-03
47.500000 9.682456e-03
47.750000 9.664495e-03
48.000000 9.643204e-03
48.250000 9.618605e-03
48.500000 9.590726e-03
48.750000 9.559592e-03
49.000000 9.525232e-03
49.250000 9.487677e-03
49.500000 9.446957e-03
49.750000 9.403105e-03
50.000000 9.356157e-03
