-50.000000 3.011392e-03
-49.750000 3.052878e-03
-49.500000 3.091991e-03
-49.250000 3.128515e-03
-49.000000 3.162253e-03
-48.750000 3.193020e-03
-48.500000 3.220648e-03
-48.250000 3.244980e-03
-48.000000 3.265873e-03
-47.750000 3.283197e-03
-47.500000 3.296836e-03
-47.250000 3.306683e-03
-47.000000 3.312643e-03
-46.750000 3.314634e-03
-46.500000 3.312585e-03
-46.250000 3.306436e-03
-46.000000 3.296135e-03
-45.750000 3.281647e-03
-45.500000 3.262942e-03
-45.250000 3.240006e-03
-45.000000 3.212833e-03
-44.750000 3.181431e-03
-44.500000 3.145817e-03
-44.250000 3.106023e-03
-44.000000 3.062092e-03
-43.750000 3.014082e-03
-43.500000 2.962065e-03
-43.250000 2.906127e-03
-43.000000 2.846373e-03
-42.750000 2.782923e-03
-42.500000 2.715919e-03
-42.250000 2.645528e-03
-42.000000 2.571938e-03
-41.750000 2.495370e-03
-41.500000 2.416078e-03
-41.250000 2.334358e-03
-41.000000 2.250551e-03
-40.750000 2.165059e-03
-40.500000 2.078351e-03
-40.250000 1.990979e-03
-40.000000 1.903598e-03
-39.750000 1.816988e-03
-39.500000 1.732074e-03
-39.250000 1.649957e-03
-39.000000 1.571941e-03
-38.750000 1.499551e-03
-38.500000 1.434534e-03
-38.250000 1.378833e-03
-38.000000 1.334500e-03
-37.750000 1.303561e-03
-37.500000 1.287800e-03
-37.250000 1.288540e-03
-37.000000 1.306446e-03
-36.750000 1.341446e-03
-36.500000 1.392777e-03
-36.250000 1.459160e-03
-36.000000 1.539003e-03
-35.750000 1.630606e-03
-35.500000 1.732305e-03
-35.250000 1.842560e-03
-35.000000 1.959997e-03
-34.750000 2.083418e-03
-34.500000 2.211784e-03
-34.250000 2.344203e-03
-34.000000 2.479908e-03
-33.750000 2.618232e-03
-33.500000 2.758597e-03
-33.250000 2.900495e-03
-33.000000 3.043476e-03
-32.750000 3.187139e-03
-32.500000 3.331120e-03
-32.250000 3.475092e-03
-32.000000 3.618753e-03
-31.750000 3.761827e-03
-31.500000 3.904056e-03
-31.250000 4.045202e-03
-31.000000 4.185040e-03
-30.750000 4.323361e-03
-30.500000 4.459966e-03
-30.250000 4.594670e-03
-30.000000 4.727294e-03
-29.750000 4.857674e-03
-29.500000 4.985650e-03
-29.250000 5.111074e-03
-29.000000 5.233804e-03
-28.750000 5.353706e-03
-28.500000 5.470656e-03
-28.250000 5.584534e-03
-28.000000 5.695229e-03
-27.750000 5.802638e-03
-27.500000 5.906663e-03
-27.250000 6.007215e-03
-27.000000 6.104211e-03
-26.750000 6.197575e-03
-26.500000 6.287237e-03
-26.250000 6.373135e-03
-26.000000 6.455214e-03
-25.750000 6.533425e-03
-25.500000 6.607726e-03
-25.250000 6.678083e-03
-25.000000 6.744465e-03
-24.750000 6.806852e-03
-24.500000 6.865229e-03
-24.250000 6.919587e-03
-24.000000 6.969923e-03
-23.750000 7.016243e-03
-23.500000 7.058557e-03
-23.250000 7.096884e-03
-23.000000 7.131245e-03
-22.750000 7.161672e-03
-22.500000 7.188200e-03
-22.250000 7.210871e-03
-22.000000 7.229734e-03
-21.750000 7.244843e-03
-21.500000 7.256256e-03
-21.250000 7.264039e-03
-21.000000 7.268264e-03
-20.750000 7.269005e-03
-20.500000 7.266344e-03
-20.250000 7.260368e-03
-20.000000 7.251168e-03
-19.750000 7.238838e-03
-19.500000 7.223481e-03
-19.250000 7.205200e-03
-19.000000 7.184104e-03
-18.750000 7.160307e-03
-18.500000 7.133925e-03
-18.250000 7.105078e-03
-18.000000 7.073889e-03
-17.750000 7.040486e-03
-17.500000 7.004998e-03
-17.250000 6.967557e-03
-17.000000 6.928297e-03
-16.750000 6.887356e-03
-16.500000 6.844872e-03
-16.250000 6.800985e-03
-16.000000 6.755836e-03
-15.750000 6.709569e-03
-15.500000 6.662327e-03
-15.250000 6.614254e-03
-15.000000 6.565494e-03
-14.750000 6.516191e-03
-14.500000 6.466489e-03
-14.250000 6.416530e-03
-14.000000 6.366458e-03
-13.750000 6.316411e-03
-13.500000 6.266530e-03
-13.250000 6.216950e-03
-13.000000 6.167807e-03
-12.750000 6.119232e-03
-12.500000 6.071355e-03
-12.250000 6.024300e-03
-12.000000 5.978190e-03
-11.750000 5.933142e-03
-11.500000 5.889271e-03
-11.250000 5.846685e-03
-11.000000 5.805489e-03
-10.750000 5.765783e-03
-10.500000 5.727660e-03
-10.250000 5.691208e-03
-10.000000 5.656512e-03
-9.750000 5.623646e-03
-9.500000 5.592683e-03
-9.250000 5.563687e-03
-9.000000 5.536715e-03
-8.750000 5.511822e-03
-8.500000 5.489051e-03
-8.250000 5.468444e-03
-8.000000 5.450032e-03
-7.750000 5.433844e-03
-7.500000 5.419900e-03
-7.250000 5.408215e-03
-7.000000 5.398799e-03
-6.750000 5.391655e-03
-6.500000 5.386783e-03
-6.250000 5.384174e-03
-6.000000 5.383818e-03
-5.750000 5.385698e-03
-5.500000 5.389792e-03
-5.250000 5.396077e-03
-5.000000 5.404523e-03
-4.750000 5.415097e-03
-4.500000 5.427763e-03
-4.250000 5.442481e-03
-4.000000 5.459208e-03
-3.750000 5.477900e-03
-3.500000 5.498507e-03
-3.250000 5.520979e-03
-3.000000 5.545262e-03
-2.750000 5.571302e-03
-2.500000 5.599039e-03
-2.250000 5.628414e-03
-2.000000 5.659365e-03
-1.750000 5.691828e-03
-1.500000 5.725737e-03
-1.250000 5.761024e-03
-1.000000 5.797620e-03
-0.750000 5.835453e-03
-0.500000 5.874449e-03
-0.250000 5.914533e-03
0.000000 5.955629e-03
0.250000 5.997658e-03
0.500000 6.040538e-03
0.750000 6.084189e-03
1.000000 6.128526e-03
1.250000 6.173463e-03
1.500000 6.218914e-03
1.750000 6.264790e-03
2.000000 6.311000e-03
2.250000 6.357453e-03
2.500000 6.404055e-03
2.750000 6.450714e-03
3.000000 6.497332e-03
3.250000 6.543814e-03
3.500000 6.590062e-03
3.750000 6.635978e-03
4.000000 6.681462e-03
4.250000 6.726416e-03
4.500000 6.770739e-03
4.750000 6.814331e-03
5.000000 6.857091e-03
5.250000 6.898919e-03
5.500000 6.939714e-03
5.750000 6.979378e-03
6.000000 7.017810e-03
6.250000 7.054912e-03
6.500000 7.090586e-03
6.750000 7.124735e-03
7.000000 7.157264e-03
7.250000 7.188079e-03
7.500000 7.217087e-03
7.750000 7.244197e-03
8.000000 7.269321e-03
8.250000 7.292371e-03
8.500000 7.313262e-03
8.750000 7.331913e-03
9.000000 7.348243e-03
9.250000 7.362175e-03
9.500000 7.373635e-03
9.750000 7.382551e-03
10.000000 7.388855e-03
10.250000 7.392481e-03
10.500000 7.393368e-03
10.750000 7.391457e-03
11.000000 7.386692e-03
11.250000 7.379023e-03
11.500000 7.368402e-03
11.750000 7.354783e-03
12.000000 7.338129e-03
12.250000 7.318401e-03
12.500000 7.295567e-03
12.750000 7.269600e-03
13.000000 7.240475e-03
13.250000 7.208171e-03
13.500000 7.172673e-03
13.750000 7.133968e-03
14.000000 7.092048e-03
14.250000 7.046911e-03
14.500000 6.998555e-03
14.750000 6.946986e-03
15.000000 6.892213e-03
15.250000 6.834247e-03
15.500000 6.773105e-03
15.750000 6.708809e-03
16.000000 6.641382e-03
16.250000 6.570854e-03
16.500000 6.497256e-03
16.750000 6.420625e-03
17.000000 6.341000e-03
17.250000 6.258425e-03
17.500000 6.172947e-03
17.750000 6.084616e-03
18.000000 5.993486e-03
18.250000 5.899613e-03
18.500000 5.803058e-03
18.750000 5.703885e-03
19.000000 5.602158e-03
19.250000 5.497948e-03
19.500000 5.391325e-03
19.750000 5.282365e-03
20.000000 5.171143e-03
20.250000 5.057739e-03
20.500000 4.942235e-03
20.750000 4.824714e-03
21.000000 4.705262e-03
21.250000 4.583966e-03
21.500000 4.460917e-03
21.750000 4.336206e-03
22.000000 4.209927e-03
22.250000 4.082173e-03
22.500000 3.953043e-03
22.750000 3.822634e-03
23.000000 3.691047e-03
23.250000 3.558385e-03
23.500000 3.424751e-03
23.750000 3.290253e-03
24.000000 3.154999e-03
24.250000 3.019102e-03
24.500000 2.882678e-03
24.750000 2.745848e-03
25.000000 2.608738e-03
25.250000 2.471483e-03
25.500000 2.334224e-03
25.750000 2.197120e-03
26.000000 2.060343e-03
26.250000 1.924089e-03
26.500000 1.788585e-03
26.750000 1.654103e-03
27.000000 1.520977e-03
27.250000 1.389631e-03
27.500000 1.260623e-03
27.750000 1.134714e-03
28.000000 1.012975e-03
28.250000 8.969630e-04
28.500000 7.889957e-04
28.750000 6.925462e-04
29.000000 6.126790e-04
29.250000 5.560804e-04
29.500000 5.296694e-04
29.750000 5.372770e-04
30.000000 5.769201e-04
30.250000 6.420806e-04
30.500000 7.253387e-04
30.750000 8.206676e-04
31.000000 9.238375e-04
31.250000 1.032032e-03
31.500000 1.143390e-03
31.750000 1.256660e-03
32.000000 1.370984e-03
32.250000 1.485756e-03
32.500000 1.600536e-03
32.750000 1.714999e-03
33.000000 1.828897e-03
33.250000 1.942037e-03
33.500000 2.054266e-03
33.750000 2.165461e-03
34.000000 2.275523e-03
34.250000 2.384368e-03
34.500000 2.491927e-03
34.750000 2.598140e-03
35.000000 2.702956e-03
35.250000 2.806333e-03
35.500000 2.908233e-03
35.750000 3.008623e-03
36.000000 3.107474e-03
36.250000 3.204761e-03
36.500000 3.300461e-03
36.750000 3.394554e-03
37.000000 3.487024e-03
37.250000 3.577852e-03
37.500000 3.667026e-03
37.750000 3.754532e-03
38.000000 3.840358e-03
38.250000 3.924493e-03
38.500000 4.006927e-03
38.750000 4.087650e-03
39.000000 4.166654e-03
39.250000 4.243930e-03
39.500000 4.319470e-03
39.750000 4.393267e-03
40.000000 4.465312e-03
40.250000 4.535599e-03
40.500000 4.604120e-03
40.750000 4.670869e-03
41.000000 4.735837e-03
41.250000 4.799019e-03
41.500000 4.860407e-03
41.750000 4.919994e-03
42.000000 4.977773e-03
42.250000 5.033737e-03
42.500000 5.087880e-03
42.750000 5.140193e-03
43.000000 5.190672e-03
43.250000 5.239308e-03
43.500000 5.286095e-03
43.750000 5.331027e-03
44.000000 5.374098e-03
44.250000 5.415302e-03
44.500000 5.454633e-03
44.750000 5.492087e-03
45.000000 5.527658e-03
45.250000 5.561342e-03
45.500000 5.593137e-03
45.750000 5.623038e-03
46.000000 5.651044e-03
46.250000 5.677153e-03
46.500000 5.701365e-03
46.750000 5.723680e-03
47.000000 5.744100e-03
47.250000 5.762626e-03
47.500000 5.779263e-03
47.750000 5.794016e-03
48.000000 5.806890e-03
48.250000 5.817892e-03
48.500000 5.827032e-03
48.750000 5.834320e-03
49.000000 5.839768e-03
49.250000 5.843389e-03
49.500000 5.845197e-03
49.750000 5.845210e-03
50.000000 5.843446e-03
