-50.000000 2.549759e-03
-49.750000 2.766694e-03
-49.500000 2.967328e-03
-49.250000 3.148583e-03
-49.000000 3.307790e-03
-48.750000 3.442729e-03
-48.500000 3.551652e-03
-48.250000 3.633314e-03
-48.000000 3.686989e-03
-47.750000 3.712479e-03
-47.500000 3.710119e-03
-47.250000 3.680765e-03
-47.000000 3.625780e-03
-46.750000 3.547008e-03
-46.500000 3.446732e-03
-46.250000 3.327634e-03
-46.000000 3.192728e-03
-45.750000 3.045301e-03
-45.500000 2.888821e-03
-45.250000 2.726846e-03
-45.000000 2.562907e-03
-44.750000 2.400378e-03
-44.500000 2.242323e-03
-44.250000 2.091332e-03
-44.000000 1.949358e-03
-43.750000 1.817566e-03
-43.500000 1.696245e-03
-43.250000 1.584794e-03
-43.000000 1.481823e-03
-42.750000 1.385370e-03
-42.500000 1.293200e-03
-42.250000 1.203158e-03
-42.000000 1.113528e-03
-41.750000 1.023388e-03
-41.500000 9.329566e-04
-41.250000 8.439878e-04
-41.000000 7.602282e-04
-40.750000 6.878654e-04
-40.500000 6.354624e-04
-40.250000 6.122129e-04
-40.000000 6.238387e-04
-39.750000 6.688614e-04
-39.500000 7.394484e-04
-39.250000 8.255327e-04
-39.000000 9.178756e-04
-38.750000 1.008972e-03
-38.500000 1.092891e-03
-38.250000 1.164919e-03
-38.000000 1.221266e-03
-37.750000 1.258904e-03
-37.500000 1.275473e-03
-37.250000 1.269254e-03
-37.000000 1.239175e-03
-36.750000 1.184868e-03
-36.500000 1.106767e-03
-36.250000 1.006341e-03
-36.000000 8.865716e-04
-35.750000 7.531095e-04
-35.500000 6.171934e-04
-35.250000 5.027462e-04
-35.000000 4.551904e-04
-34.750000 5.158796e-04
-34.500000 6.686529e-04
-34.250000 8.728470e-04
-34.000000 1.102401e-03
-33.750000 1.343352e-03
-33.500000 1.587162e-03
-33.250000 1.827663e-03
-33.000000 2.059857e-03
-32.750000 2.279443e-03
-32.500000 2.482625e-03
-32.250000 2.666057e-03
-32.000000 2.826832e-03
-31.750000 2.962499e-03
-31.500000 3.071092e-03
-31.250000 3.151160e-03
-31.000000 3.201801e-03
-30.750000 3.222693e-03
-30.500000 3.214128e-03
-30.250000 3.177041e-03
-30.000000 3.113056e-03
-29.750000 3.024526e-03
-29.500000 2.914599e-03
-29.250000 2.787292e-03
-29.000000 2.647597e-03
-28.750000 2.501592e-03
-28.500000 2.356539e-03
-28.250000 2.220879e-03
-28.000000 2.103977e-03
-27.750000 2.015372e-03
-27.500000 1.963398e-03
-27.250000 1.953371e-03
-27.000000 1.986122e-03
-26.750000 2.057792e-03
-26.500000 2.161023e-03
-26.250000 2.286823e-03
-26.000000 2.426168e-03
-25.750000 2.570956e-03
-25.500000 2.714382e-03
-25.250000 2.850983e-03
-25.000000 2.976534e-03
-24.750000 3.087899e-03
-24.500000 3.182904e-03
-24.250000 3.260220e-03
-24.000000 3.319270e-03
-23.750000 3.360157e-03
-23.500000 3.383595e-03
-23.250000 3.390857e-03
-23.000000 3.383710e-03
-22.750000 3.364355e-03
-22.500000 3.335355e-03
-22.250000 3.299548e-03
-22.000000 3.259947e-03
-21.750000 3.219612e-03
-21.500000 3.181509e-03
-21.250000 3.148348e-03
-21.000000 3.122426e-03
-20.750000 3.105474e-03
-20.500000 3.098546e-03
-20.250000 3.101963e-03
-20.000000 3.115317e-03
-19.750000 3.137549e-03
-19.500000 3.167068e-03
-19.250000 3.201910e-03
-19.000000 3.239901e-03
-18.750000 3.278808e-03
-18.500000 3.316470e-03
-18.250000 3.350892e-03
-18.000000 3.380317e-03
-17.750000 3.403273e-03
-17.500000 3.418589e-03
-17.250000 3.425406e-03
-17.000000 3.423169e-03
-16.750000 3.411611e-03
-16.500000 3.390730e-03
-16.250000 3.360763e-03
-16.000000 3.322152e-03
-15.750000 3.275509e-03
-15.500000 3.221577e-03
-15.250000 3.161191e-03
-15.000000 3.095233e-03
-14.750000 3.024591e-03
-14.500000 2.950116e-03
-14.250000 2.872582e-03
-14.000000 2.792656e-03
-13.750000 2.710869e-03
-13.500000 2.627613e-03
-13.250000 2.543143e-03
-13.000000 2.457610e-03
-12.750000 2.371120e-03
-12.500000 2.283823e-03
-12.250000 2.196038e-03
-12.000000 2.108422e-03
-11.750000 2.022184e-03
-11.500000 1.939343e-03
-11.250000 1.863004e-03
-11.000000 1.797624e-03
-10.750000 1.749116e-03
-10.500000 1.724634e-03
-10.250000 1.731815e-03
-10.000000 1.777481e-03
-9.750000 1.866198e-03
-9.500000 1.999386e-03
-9.250000 2.175409e-03
-9.000000 2.390421e-03
-8.750000 2.639381e-03
-8.500000 2.916832e-03
-8.250000 3.217325e-03
-8.000000 3.535587e-03
-7.750000 3.866545e-03
-7.500000 4.205300e-03
-7.250000 4.547087e-03
-7.000000 4.887245e-03
-6.750000 5.221210e-03
-6.500000 5.544520e-03
-6.250000 5.852837e-03
-6.000000 6.141982e-03
-5.750000 6.407976e-03
-5.500000 6.647094e-03
-5.250000 6.855914e-03
-5.000000 7.031385e-03
-4.750000 7.170875e-03
-4.500000 7.272241e-03
-4.250000 7.333882e-03
-4.000000 7.354800e-03
-3.750000 7.334654e-03
-3.500000 7.273813e-03
-3.250000 7.173412e-03
-3.000000 7.035392e-03
-2.750000 6.862557e-03
-2.500000 6.658612e-03
-2.250000 6.428207e-03
-2.000000 6.176969e-03
-1.750000 5.911519e-03
-1.500000 5.639454e-03
-1.250000 5.369266e-03
-1.000000 5.110142e-03
-0.750000 4.871592e-03
-0.500000 4.662830e-03
-0.250000 4.491898e-03
0.000000 4.364594e-03
0.250000 4.283460e-03
0.500000 4.247146e-03
0.750000 4.250431e-03
1.000000 4.284935e-03
1.250000 4.340272e-03
1.500000 4.405284e-03
1.750000 4.469060e-03
2.000000 4.521645e-03
2.250000 4.554434e-03
2.500000 4.560356e-03
2.750000 4.533923e-03
3.000000 4.471217e-03
3.250000 4.369859e-03
3.500000 4.228986e-03
3.750000 4.049274e-03
4.000000 3.833009e-03
4.250000 3.584277e-03
4.500000 3.309307e-03
4.750000 3.017101e-03
5.000000 2.720484e-03
5.250000 2.437682e-03
5.500000 2.194099e-03
5.750000 2.022287e-03
6.000000 1.955482e-03
6.250000 2.012476e-03
6.500000 2.185753e-03
6.750000 2.447676e-03
7.000000 2.766169e-03
7.250000 3.114141e-03
7.500000 3.471184e-03
7.750000 3.822262e-03
8.000000 4.156126e-03
8.250000 4.464163e-03
8.500000 4.739668e-03
8.750000 4.977404e-03
9.000000 5.173330e-03
9.250000 5.324438e-03
9.500000 5.428642e-03
9.750000 5.484697e-03
10.000000 5.492142e-03
10.250000 5.451247e-03
10.500000 5.362962e-03
10.750000 5.228879e-03
11.000000 5.051188e-03
11.250000 4.832656e-03
11.500000 4.576606e-03
11.750000 4.286942e-03
12.000000 3.968213e-03
12.250000 3.625765e-03
12.500000 3.266061e-03
12.750000 2.897278e-03
13.000000 2.530443e-03
13.250000 2.181496e-03
13.500000 1.874665e-03
13.750000 1.645912e-03
14.000000 1.539037e-03
14.250000 1.582685e-03
14.500000 1.765088e-03
14.750000 2.045656e-03
15.000000 2.384016e-03
15.250000 2.751522e-03
15.500000 3.129589e-03
15.750000 3.505906e-03
16.000000 3.871797e-03
16.250000 4.220703e-03
16.500000 4.547365e-03
16.750000 4.847370e-03
17.000000 5.116923e-03
17.250000 5.352724e-03
17.500000 5.551922e-03
17.750000 5.712113e-03
18.000000 5.831370e-03
18.250000 5.908286e-03
18.500000 5.942038e-03
18.750000 5.932464e-03
19.000000 5.880153e-03
19.250000 5.786539e-03
19.500000 5.654023e-03
19.750000 5.486107e-03
20.000000 5.287554e-03
20.250000 5.064575e-03
20.500000 4.825044e-03
20.750000 4.578703e-03
21.000000 4.337309e-03
21.250000 4.114555e-03
21.500000 3.925528e-03
21.750000 3.785370e-03
22.000000 3.707022e-03
22.250000 3.698453e-03
22.500000 3.760507e-03
22.750000 3.886587e-03
23.000000 4.064344e-03
23.250000 4.278365e-03
23.500000 4.512633e-03
23.750000 4.752116e-03
24.000000 4.983524e-03
24.250000 5.195517e-03
24.500000 5.378659e-03
24.750000 5.525264e-03
25.000000 5.629242e-03
25.250000 5.685953e-03
25.500000 5.692093e-03
25.750000 5.645601e-03
26.000000 5.545579e-03
26.250000 5.392216e-03
26.500000 5.186724e-03
26.750000 4.931266e-03
27.000000 4.628879e-03
27.250000 4.283405e-03
27.500000 3.899400e-03
27.750000 3.482064e-03
28.000000 3.037162e-03
28.250000 2.570990e-03
28.500000 2.090419e-03
28.750000 1.603223e-03
29.000000 1.119536e-03
29.250000 6.597588e-04
29.500000 3.272604e-04
29.750000 4.860744e-04
30.000000 8.773341e-04
30.250000 1.279806e-03
30.500000 1.661218e-03
30.750000 2.011798e-03
31.000000 2.326420e-03
31.250000 2.601834e-03
31.500000 2.835995e-03
31.750000 3.027854e-03
32.000000 3.177275e-03
32.250000 3.284987e-03
32.500000 3.352546e-03
32.750000 3.382288e-03
33.000000 3.377275e-03
33.250000 3.341217e-03
33.500000 3.278394e-03
33.750000 3.193535e-03
34.000000 3.091687e-03
34.250000 2.978040e-03
34.500000 2.857719e-03
34.750000 2.735532e-03
35.000000 2.615676e-03
35.250000 2.501443e-03
35.500000 2.394936e-03
35.750000 2.296875e-03
36.000000 2.206543e-03
36.250000 2.121895e-03
36.500000 2.039837e-03
36.750000 1.956609e-03
37.000000 1.868208e-03
37.250000 1.770772e-03
37.500000 1.660881e-03
37.750000 1.535767e-03
38.000000 1.393434e-03
38.250000 1.232702e-03
38.500000 1.053210e-03
38.750000 8.554025e-04
39.000000 6.405549e-04
39.250000 4.111446e-04
39.500000 1.751161e-04
39.750000 1.222215e-04
40.000000 3.701641e-04
40.250000 6.373769e-04
40.500000 9.084558e-04
40.750000 1.178893e-03
41.000000 1.445151e-03
41.250000 1.704020e-03
41.500000 1.952550e-03
41.750000 2.188079e-03
42.000000 2.408268e-03
42.250000 2.611142e-03
42.500000 2.795119e-03
42.750000 2.959034e-03
43.000000 3.102145e-03
43.250000 3.224138e-03
43.500000 3.325109e-03
43.750000 3.405545e-03
44.000000 3.466287e-03
44.250000 3.508489e-03
44.500000 3.533563e-03
44.750000 3.543120e-03
45.000000 3.538907e-03
45.250000 3.522737e-03
45.500000 3.496426e-03
45.750000 3.461726e-03
46.000000 3.420276e-03
46.250000 3.373551e-03
46.500000 3.322837e-03
46.750000 3.269215e-03
47.000000 3.213561e-03
47.250000 3.156565e-03
47.500000 3.098761e-03
47.750000 3.040564e-03
48.000000 2.982309e-03
48.250000 2.924293e-03
48.500000 2.866801e-03
48.750000 2.810130e-03
49.000000 2.754588e-03
49.250000 2.700486e-03
49.500000 2.648109e-03
49.750000 2.597683e-03
50.000000 2.549326e-03
