-50.000000 8.272059e-03
-49.750000 8.290528e-03
-49.500000 8.296462e-03
-49.250000 8.289536e-03
-49.000000 8.269460e-03
-48.750000 8.235976e-03
-48.500000 8.188862e-03
-48.250000 8.127927e-03
-48.000000 8.053016e-03
-47.750000 7.964008e-03
-47.500000 7.860814e-03
-47.250000 7.743383e-03
-47.000000 7.611697e-03
-46.750000 7.465775e-03
-46.500000 7.305671e-03
-46.250000 7.131480e-03
-46.000000 6.943332e-03
-45.750000 6.741402e-03
-45.500000 6.525907e-03
-45.250000 6.297110e-03
-45.000000 6.055329e-03
-44.750000 5.800935e-03
-44.500000 5.534369e-03
-44.250000 5.256150e-03
-44.000000 4.966891e-03
-43.750000 4.667330e-03
-43.500000 4.358363e-03
-43.250000 4.041106e-03
-43.000000 3.716986e-03
-42.750000 3.387890e-03
-42.500000 3.056414e-03
-42.250000 2.726288e-03
-42.000000 2.403112e-03
-41.750000 2.095654e-03
-41.500000 1.817988e-03
-41.250000 1.592317e-03
-41.000000 1.449810e-03
-40.750000 1.421886e-03
-40.500000 1.519950e-03
-40.250000 1.726464e-03
-40.000000 2.010995e-03
-39.750000 2.347171e-03
-39.500000 2.717028e-03
-39.250000 3.109156e-03
-39.000000 3.516250e-03
-38.750000 3.933444e-03
-38.500000 4.357315e-03
-38.250000 4.785318e-03
-38.000000 5.215451e-03
-37.750000 5.646067e-03
-37.500000 6.075749e-03
-37.250000 6.503239e-03
-37.000000 6.927389e-03
-36.750000 7.347130e-03
-36.500000 7.761453e-03
-36.250000 8.169392e-03
-36.000000 8.570017e-03
-35.750000 8.962429e-03
-35.500000 9.345749e-03
-35.250000 9.719125e-03
-35.000000 1.008172e-02
-34.750000 1.043272e-02
-34.500000 1.077133e-02
-34.250000 1.109677e-02
-34.000000 1.140828e-02
-33.750000 1.170512e-02
-33.500000 1.198657e-02
-33.250000 1.225194e-02
-33.000000 1.250054e-02
-32.750000 1.273172e-02
-32.500000 1.294487e-02
-32.250000 1.313936e-02
-32.000000 1.331464e-02
-31.750000 1.347014e-02
-31.500000 1.360537e-02
-31.250000 1.371982e-02
-31.000000 1.381307e-02
-30.750000 1.388468e-02
-30.500000 1.393429e-02
-30.250000 1.396156e-02
-30.000000 1.396620e-02
-29.750000 1.394797e-02
-29.500000 1.390665e-02
-29.250000 1.384212e-02
-29.000000 1.375428e-02
-28.750000 1.364310e-02
-28.500000 1.350862e-02
-28.250000 1.335096e-02
-28.000000 1.317030e-02
-27.750000 1.296693e-02
-27.500000 1.274124e-02
-27.250000 1.249372e-02
-27.000000 1.222500e-02
-26.750000 1.193588e-02
-26.500000 1.162730e-02
-26.250000 1.130046e-02
-26.000000 1.095678e-02
-25.750000 1.059800e-02
-25.500000 1.022623e-02
-25.250000 9.844029e-03
-25.000000 9.454525e-03
-24.750000 9.061536e-03
-24.500000 8.669724e-03
-24.250000 8.284782e-03
-24.000000 7.913628e-03
-23.750000 7.564590e-03
-23.500000 7.247522e-03
-23.250000 6.973761e-03
-23.000000 6.755792e-03
-22.750000 6.606510e-03
-22.500000 6.538009e-03
-22.250000 6.560092e-03
-22.000000 6.678867e-03
-21.750000 6.895962e-03
-21.500000 7.208639e-03
-21.250000 7.610729e-03
-21.000000 8.093952e-03
-20.750000 8.649187e-03
-20.500000 9.267417e-03
-20.250000 9.940285e-03
-20.000000 1.066035e-02
-19.750000 1.142113e-02
-19.500000 1.221703e-02
-19.250000 1.304325e-02
-19.000000 1.389566e-02
-18.750000 1.477065e-02
-18.500000 1.566507e-02
-18.250000 1.657614e-02
-18.000000 1.750133e-02
-17.750000 1.843839e-02
-17.500000 1.938523e-02
-17.250000 2.033992e-02
-17.000000 2.130067e-02
-16.750000 2.226576e-02
-16.500000 2.323359e-02
-16.250000 2.420262e-02
-16.000000 2.517136e-02
-15.750000 2.613838e-02
-15.500000 2.710230e-02
-15.250000 2.806179e-02
-15.000000 2.901552e-02
-14.750000 2.996222e-02
-14.500000 3.090065e-02
-14.250000 3.182959e-02
-14.000000 3.274786e-02
-13.750000 3.365428e-02
-13.500000 3.454773e-02
-13.250000 3.542709e-02
-13.000000 3.629127e-02
-12.750000 3.713922e-02
-12.500000 3.796989e-02
-12.250000 3.878229e-02
-12.000000 3.957544e-02
-11.750000 4.034837e-02
-11.500000 4.110016e-02
-11.250000 4.182993e-02
-11.000000 4.253679e-02
-10.750000 4.321993e-02
-10.500000 4.387853e-02
-10.250000 4.451182e-02
-10.000000 4.511906e-02
-9.750000 4.569954e-02
-9.500000 4.625260e-02
-9.250000 4.677760e-02
-9.000000 4.727393e-02
-8.750000 4.774104e-02
-8.500000 4.817839e-02
-8.250000 4.858549e-02
-8.000000 4.896189e-02
-7.750000 4.930719e-02
-7.500000 4.962099e-02
-7.250000 4.990298e-02
-7.000000 5.015284e-02
-6.750000 5.037034e-02
-6.500000 5.055525e-02
-6.250000 5.070741e-02
-6.000000 5.082667e-02
-5.750000 5.091295e-02
-5.500000 5.096620e-02
-5.250000 5.098641e-02
-5.000000 5.097361e-02
-4.750000 5.092787e-02
-4.500000 5.084932e-02
-4.250000 5.073811e-02
-4.000000 5.059443e-02
-3.750000 5.041852e-02
-3.500000 5.021067e-02
-3.250000 4.997118e-02
-3.000000 4.970042e-02
-2.750000 4.939879e-02
-2.500000 4.906672e-02
-2.250000 4.870468e-02
-2.000000 4.831318e-02
-1.750000 4.789279e-02
-1.500000 4.744408e-02
-1.250000 4.696767e-02
-1.000000 4.646422e-02
-0.750000 4.593444e-02
-0.500000 4.537903e-02
-0.250000 4.479877e-02
0.000000 4.419444e-02
0.250000 4.356687e-02
0.500000 4.291693e-02
0.750000 4.224549e-02
1.000000 4.155347e-02
1.250000 4.084182e-02
1.500000 4.011153e-02
1.750000 3.936358e-02
2.000000 3.859902e-02
2.250000 3.781891e-02
2.500000 3.702433e-02
2.750000 3.621641e-02
3.000000 3.539628e-02
3.250000 3.456511e-02
3.500000 3.372410e-02
3.750000 3.287448e-02
4.000000 3.201751e-02
4.250000 3.115446e-02
4.500000 3.028665e-02
4.750000 2.941544e-02
5.000000 2.854220e-02
5.250000 2.766836e-02
5.500000 2.679538e-02
5.750000 2.592477e-02
6.000000 2.505807e-02
6.250000 2.419690e-02
6.500000 2.334293e-02
6.750000 2.249788e-02
7.000000 2.166355e-02
7.250000 2.084184e-02
7.500000 2.003471e-02
7.750000 1.924422e-02
8.000000 1.847256e-02
8.250000 1.772199e-02
8.500000 1.699493e-02
8.750000 1.629388e-02
9.000000 1.562147e-02
9.250000 1.498045e-02
9.500000 1.437363e-02
9.750000 1.380386e-02
10.000000 1.327403e-02
10.250000 1.278690e-02
10.500000 1.234510e-02
10.750000 1.195095e-02
11.000000 1.160638e-02
11.250000 1.131277e-02
11.500000 1.107082e-02
11.750000 1.088046e-02
12.000000 1.074077e-02
12.250000 1.064999e-02
12.500000 1.060556e-02
12.750000 1.060419e-02
13.000000 1.064206e-02
13.250000 1.071492e-02
13.500000 1.081833e-02
13.750000 1.094774e-02
14.000000 1.109869e-02
14.250000 1.126687e-02
14.500000 1.144825e-02
14.750000 1.163906e-02
15.000000 1.183588e-02
15.250000 1.203560e-02
15.500000 1.223543e-02
15.750000 1.243292e-02
16.000000 1.262588e-02
16.250000 1.281241e-02
16.500000 1.299085e-02
16.750000 1.315977e-02
17.000000 1.331794e-02
17.250000 1.346431e-02
17.500000 1.359802e-02
17.750000 1.371833e-02
18.000000 1.382465e-02
18.250000 1.391653e-02
18.500000 1.399361e-02
18.750000 1.405563e-02
19.000000 1.410246e-02
19.250000 1.413400e-02
19.500000 1.415027e-02
19.750000 1.415136e-02
20.000000 1.413741e-02
20.250000 1.410863e-02
20.500000 1.406529e-02
20.750000 1.400772e-02
21.000000 1.393629e-02
21.250000 1.385143e-02
21.500000 1.375360e-02
21.750000 1.364331e-02
22.000000 1.352113e-02
22.250000 1.338763e-02
22.500000 1.324344e-02
22.750000 1.308923e-02
23.000000 1.292569e-02
23.250000 1.275354e-02
23.500000 1.257354e-02
23.750000 1.238648e-02
24.000000 1.219315e-02
24.250000 1.199440e-02
24.500000 1.179108e-02
24.750000 1.158406e-02
25.000000 1.137425e-02
25.250000 1.116255e-02
25.500000 1.094988e-02
25.750000 1.073719e-02
26.000000 1.052541e-02
26.250000 1.031548e-02
26.500000 1.010834e-02
26.750000 9.904914e-03
27.000000 9.706115e-03
27.250000 9.512829e-03
27.500000 9.325907e-03
27.750000 9.146160e-03
28.000000 8.974344e-03
28.250000 8.811151e-03
28.500000 8.657199e-03
28.750000 8.513019e-03
29.000000 8.379044e-03
29.250000 8.255603e-03
29.500000 8.142907e-03
29.750000 8.041049e-03
30.000000 7.949995e-03
30.250000 7.869584e-03
30.500000 7.799533e-03
30.750000 7.739438e-03
31.000000 7.688781e-03
31.250000 7.646946e-03
31.500000 7.613222e-03
31.750000 7.586826e-03
32.000000 7.566911e-03
32.250000 7.552584e-03
32.500000 7.542922e-03
32.750000 7.536983e-03
33.000000 7.533819e-03
33.250000 7.532494e-03
33.500000 7.532085e-03
33.750000 7.531700e-03
34.000000 7.530478e-03
34.250000 7.527600e-03
34.500000 7.522289e-03
34.750000 7.513819e-03
35.000000 7.501512e-03
35.250000 7.484743e-03
35.500000 7.462936e-03
35.750000 7.435572e-03
36.000000 7.402180e-03
36.250000 7.362343e-03
36.500000 7.315690e-03
36.750000 7.261903e-03
37.000000 7.200709e-03
37.250000 7.131881e-03
37.500000 7.055235e-03
37.750000 6.970632e-03
38.000000 6.877971e-03
38.250000 6.777193e-03
38.500000 6.668275e-03
38.750000 6.551230e-03
39.000000 6.426107e-03
39.250000 6.292989e-03
39.500000 6.151989e-03
39.750000 6.003255e-03
40.000000 5.846961e-03
40.250000 5.683314e-03
40.500000 5.512549e-03
40.750000 5.334929e-03
41.000000 5.150747e-03
41.250000 4.960324e-03
41.500000 4.764012e-03
41.750000 4.562194e-03
42.000000 4.355289e-03
42.250000 4.143753e-03
42.500000 3.928086e-03
42.750000 3.708842e-03
43.000000 3.486639e-03
43.250000 3.262179e-03
43.500000 3.036272e-03
43.750000 2.809874e-03
44.000000 2.584148e-03
44.250000 2.360548e-03
44.500000 2.140959e-03
44.750000 1.927895e-03
45.000000 1.724825e-03
45.250000 1.536617e-03
45.500000 1.370115e-03
45.750000 1.234566e-03
46.000000 1.141146e-03
46.250000 1.100341e-03
46.500000 1.117264e-03
46.750000 1.188483e-03
47.000000 1.303947e-03
47.250000 1.451815e-03
47.500000 1.621833e-03
47.750000 1.806293e-03
48.000000 1.999715e-03
48.250000 2.198244e-03
48.500000 2.399129e-03
48.750000 2.600361e-03
49.000000 2.800427e-03
49.250000 2.998152e-03
49.500000 3.192602e-03
49.750000 3.383009e-03
50.000000 3.568732e-03
