-50.000000 3.584860e-03
-49.750000 3.768758e-03
-49.500000 3.937164e-03
-49.250000 4.088594e-03
-49.000000 4.221727e-03
-48.750000 4.335403e-03
-48.500000 4.428626e-03
-48.250000 4.500573e-03
-48.000000 4.550597e-03
-47.750000 4.578240e-03
-47.500000 4.583238e-03
-47.250000 4.565532e-03
-47.000000 4.525284e-03
-46.750000 4.462883e-03
-46.500000 4.378966e-03
-46.250000 4.274435e-03
-46.000000 4.150482e-03
-45.750000 4.008623e-03
-45.500000 3.850736e-03
-45.250000 3.679123e-03
-45.000000 3.496580e-03
-44.750000 3.306498e-03
-44.500000 3.112989e-03
-44.250000 2.921033e-03
-44.000000 2.736631e-03
-43.750000 2.566891e-03
-43.500000 2.419946e-03
-43.250000 2.304494e-03
-43.000000 2.228773e-03
-42.750000 2.199009e-03
-42.500000 2.217816e-03
-42.250000 2.283404e-03
-42.000000 2.390087e-03
-41.750000 2.529762e-03
-41.500000 2.693526e-03
-41.250000 2.872829e-03
-41.000000 3.060039e-03
-40.750000 3.248599e-03
-40.500000 3.432963e-03
-40.250000 3.608456e-03
-40.000000 3.771130e-03
-39.750000 3.917638e-03
-39.500000 4.045136e-03
-39.250000 4.151216e-03
-39.000000 4.233845e-03
-38.750000 4.291340e-03
-38.500000 4.322337e-03
-38.250000 4.325780e-03
-38.000000 4.300914e-03
-37.750000 4.247284e-03
-37.500000 4.164737e-03
-37.250000 4.053442e-03
-37.000000 3.913905e-03
-36.750000 3.747007e-03
-36.500000 3.554063e-03
-36.250000 3.336911e-03
-36.000000 3.098070e-03
-35.750000 2.840996e-03
-35.500000 2.570541e-03
-35.250000 2.293751e-03
-35.000000 2.021295e-03
-34.750000 1.769834e-03
-34.500000 1.565117e-03
-34.250000 1.442555e-03
-34.000000 1.436615e-03
-33.750000 1.558351e-03
-33.500000 1.787911e-03
-33.250000 2.093106e-03
-33.000000 2.446388e-03
-32.750000 2.828524e-03
-32.500000 3.226562e-03
-32.250000 3.631454e-03
-32.000000 4.036473e-03
-31.750000 4.436293e-03
-31.500000 4.826475e-03
-31.250000 5.203170e-03
-31.000000 5.562952e-03
-30.750000 5.902723e-03
-30.500000 6.219656e-03
-30.250000 6.511171e-03
-30.000000 6.774915e-03
-29.750000 7.008759e-03
-29.500000 7.210800e-03
-29.250000 7.379362e-03
-29.000000 7.513006e-03
-28.750000 7.610535e-03
-28.500000 7.671007e-03
-28.250000 7.693741e-03
-28.000000 7.678333e-03
-27.750000 7.624668e-03
-27.500000 7.532932e-03
-27.250000 7.403638e-03
-27.000000 7.237643e-03
-26.750000 7.036186e-03
-26.500000 6.800929e-03
-26.250000 6.534019e-03
-26.000000 6.238175e-03
-25.750000 5.916816e-03
-25.500000 5.574248e-03
-25.250000 5.215929e-03
-25.000000 4.848873e-03
-24.750000 4.482203e-03
-24.500000 4.127903e-03
-24.250000 3.801677e-03
-24.000000 3.523544e-03
-23.750000 3.317252e-03
-23.500000 3.207048e-03
-23.250000 3.211256e-03
-23.000000 3.335495e-03
-22.750000 3.570874e-03
-22.500000 3.898687e-03
-22.250000 4.297277e-03
-22.000000 4.746709e-03
-21.750000 5.230483e-03
-21.500000 5.735514e-03
-21.250000 6.251491e-03
-21.000000 6.770195e-03
-20.750000 7.284938e-03
-20.500000 7.790157e-03
-20.250000 8.281128e-03
-20.000000 8.753773e-03
-19.750000 9.204526e-03
-19.500000 9.630241e-03
-19.250000 1.002813e-02
-19.000000 1.039573e-02
-18.750000 1.073085e-02
-18.500000 1.103157e-02
-18.250000 1.129621e-02
-18.000000 1.152333e-02
-17.750000 1.171173e-02
-17.500000 1.186040e-02
-17.250000 1.196857e-02
-17.000000 1.203565e-02
-16.750000 1.206126e-02
-16.500000 1.204520e-02
-16.250000 1.198746e-02
-16.000000 1.188819e-02
-15.750000 1.174773e-02
-15.500000 1.156654e-02
-15.250000 1.134527e-02
-15.000000 1.108467e-02
-14.750000 1.078565e-02
-14.500000 1.044921e-02
-14.250000 1.007647e-02
-14.000000 9.668665e-03
-13.750000 9.227090e-03
-13.500000 8.753136e-03
-13.250000 8.248260e-03
-13.000000 7.713977e-03
-12.750000 7.151858e-03
-12.500000 6.563517e-03
-12.250000 5.950604e-03
-12.000000 5.314806e-03
-11.750000 4.657837e-03
-11.500000 3.981448e-03
-11.250000 3.287434e-03
-11.000000 2.577690e-03
-10.750000 1.854378e-03
-10.500000 1.120827e-03
-10.250000 3.927609e-04
-10.000000 4.246862e-04
-9.750000 1.171447e-03
-9.500000 1.938470e-03
-9.250000 2.711787e-03
-9.000000 3.488196e-03
-8.750000 4.265577e-03
-8.500000 5.042070e-03
-8.250000 5.815903e-03
-8.000000 6.585342e-03
-7.750000 7.348674e-03
-7.500000 8.104193e-03
-7.250000 8.850206e-03
-7.000000 9.585021e-03
-6.750000 1.030696e-02
-6.500000 1.101434e-02
-6.250000 1.170550e-02
-6.000000 1.237879e-02
-5.750000 1.303257e-02
-5.500000 1.366523e-02
-5.250000 1.427516e-02
-5.000000 1.486080e-02
-4.750000 1.542063e-02
-4.500000 1.595316e-02
-4.250000 1.645695e-02
-4.000000 1.693061e-02
-3.750000 1.737282e-02
-3.500000 1.778233e-02
-3.250000 1.815797e-02
-3.000000 1.849865e-02
-2.750000 1.880336e-02
-2.500000 1.907121e-02
-2.250000 1.930140e-02
-2.000000 1.949326e-02
-1.750000 1.964623e-02
-1.500000 1.975986e-02
-1.250000 1.983385e-02
-1.000000 1.986803e-02
-0.750000 1.986237e-02
-0.500000 1.981695e-02
-0.250000 1.973204e-02
0.000000 1.960802e-02
0.250000 1.944543e-02
0.500000 1.924493e-02
0.750000 1.900736e-02
1.000000 1.873365e-02
1.250000 1.842492e-02
1.500000 1.808237e-02
1.750000 1.770736e-02
2.000000 1.730137e-02
2.250000 1.686599e-02
2.500000 1.640291e-02
2.750000 1.591394e-02
3.000000 1.540098e-02
3.250000 1.486602e-02
3.500000 1.431113e-02
3.750000 1.373846e-02
4.000000 1.315024e-02
4.250000 1.254878e-02
4.500000 1.193643e-02
4.750000 1.131563e-02
5.000000 1.068892e-02
5.250000 1.005892e-02
5.500000 9.428350e-03
5.750000 8.800118e-03
6.000000 8.177320e-03
6.250000 7.563340e-03
6.500000 6.961956e-03
6.750000 6.377501e-03
7.000000 5.815080e-03
7.250000 5.280866e-03
7.500000 4.782479e-03
7.750000 4.329389e-03
8.000000 3.933201e-03
8.250000 3.607444e-03
8.500000 3.366231e-03
8.750000 3.221294e-03
9.000000 3.177923e-03
9.250000 3.232080e-03
9.500000 3.371060e-03
9.750000 3.577324e-03
10.000000 3.832838e-03
10.250000 4.121802e-03
10.500000 4.431574e-03
10.750000 4.752522e-03
11.000000 5.077466e-03
11.250000 5.401093e-03
11.500000 5.719463e-03
11.750000 6.029635e-03
12.000000 6.329394e-03
12.250000 6.617053e-03
12.500000 6.891310e-03
12.750000 7.151149e-03
13.000000 7.395761e-03
13.250000 7.624497e-03
13.500000 7.836820e-03
13.750000 8.032282e-03
14.000000 8.210501e-03
14.250000 8.371145e-03
14.500000 8.513922e-03
14.750000 8.638575e-03
15.000000 8.744874e-03
15.250000 8.832620e-03
15.500000 8.901641e-03
15.750000 8.951795e-03
16.000000 8.982976e-03
16.250000 8.995114e-03
16.500000 8.988181e-03
16.750000 8.962200e-03
17.000000 8.917245e-03
17.250000 8.853451e-03
17.500000 8.771015e-03
17.750000 8.670207e-03
18.000000 8.551373e-03
18.250000 8.414939e-03
18.500000 8.261418e-03
18.750000 8.091414e-03
19.000000 7.905626e-03
19.250000 7.704853e-03
19.500000 7.489998e-03
19.750000 7.262076e-03
20.000000 7.022211e-03
20.250000 6.771651e-03
20.500000 6.511769e-03
20.750000 6.244074e-03
21.000000 5.970219e-03
21.250000 5.692016e-03
21.500000 5.411450e-03
21.750000 5.130700e-03
22.000000 4.852159e-03
22.250000 4.578458e-03
22.500000 4.312492e-03
22.750000 4.057432e-03
23.000000 3.816727e-03
23.250000 3.594067e-03
23.500000 3.393292e-03
23.750000 3.218211e-03
24.000000 3.072321e-03
24.250000 2.958422e-03
24.500000 2.878196e-03
24.750000 2.831834e-03
25.000000 2.817877e-03
25.250000 2.833305e-03
25.500000 2.873899e-03
25.750000 2.934726e-03
26.000000 3.010629e-03
26.250000 3.096621e-03
26.500000 3.188126e-03
26.750000 3.281108e-03
27.000000 3.372105e-03
27.250000 3.458202e-03
27.500000 3.536989e-03
27.750000 3.606497e-03
28.000000 3.665146e-03
28.250000 3.711692e-03
28.500000 3.745182e-03
28.750000 3.764914e-03
29.000000 3.770412e-03
29.250000 3.761397e-03
29.500000 3.737763e-03
29.750000 3.699568e-03
30.000000 3.647011e-03
30.250000 3.580430e-03
30.500000 3.500287e-03
30.750000 3.407166e-03
31.000000 3.301768e-03
31.250000 3.184917e-03
31.500000 3.057558e-03
31.750000 2.920770e-03
32.000000 2.775785e-03
32.250000 2.624011e-03
32.500000 2.467078e-03
32.750000 2.306890e-03
33.000000 2.145716e-03
33.250000 1.986302e-03
33.500000 1.832024e-03
33.750000 1.687066e-03
34.000000 1.556576e-03
34.250000 1.446671e-03
34.500000 1.364074e-03
34.750000 1.315112e-03
35.000000 1.304118e-03
35.250000 1.331939e-03
35.500000 1.395593e-03
35.750000 1.489357e-03
36.000000 1.606461e-03
36.250000 1.740423e-03
36.500000 1.885687e-03
36.750000 2.037748e-03
37.000000 2.193033e-03
37.250000 2.348721e-03
37.500000 2.502563e-03
37.750000 2.652748e-03
38.000000 2.797791e-03
38.250000 2.936466e-03
38.500000 3.067746e-03
38.750000 3.190767e-03
39.000000 3.304802e-03
39.250000 3.409238e-03
39.500000 3.503566e-03
39.750000 3.587373e-03
40.000000 3.660331e-03
40.250000 3.722196e-03
40.500000 3.772804e-03
40.750000 3.812071e-03
41.000000 3.839991e-03
41.250000 3.856637e-03
41.500000 3.862161e-03
41.750000 3.856797e-03
42.000000 3.840859e-03
42.250000 3.814749e-03
42.500000 3.778951e-03
42.750000 3.734040e-03
43.000000 3.680681e-03
43.250000 3.619631e-03
43.500000 3.551743e-03
43.750000 3.477964e-03
44.000000 3.399340e-03
44.250000 3.317010e-03
44.500000 3.232209e-03
44.750000 3.146255e-03
45.000000 3.060542e-03
45.250000 2.976522e-03
45.500000 2.895678e-03
45.750000 2.819492e-03
46.000000 2.749397e-03
46.250000 2.686721e-03
46.500000 2.632627e-03
46.750000 2.588042e-03
47.000000 2.553596e-03
47.250000 2.529572e-03
47.500000 2.515878e-03
47.750000 2.512045e-03
48.000000 2.517250e-03
48.250000 2.530371e-03
48.500000 2.550054e-03
48.750000 2.574781e-03
49.000000 2.602953e-03
49.250000 2.632951e-03
49.500000 2.663187e-03
49.750000 2.692155e-03
50.000000 2.718452e-03
