-50.000000 2.740356e-03
-49.750000 2.739254e-03
-49.500000 2.735241e-03
-49.250000 2.728165e-03
-49.000000 2.717884e-03
-48.750000 2.704259e-03
-48.500000 2.687159e-03
-48.250000 2.666463e-03
-48.000000 2.642058e-03
-47.750000 2.613843e-03
-47.500000 2.581730e-03
-47.250000 2.545645e-03
-47.000000 2.505529e-03
-46.750000 2.461339e-03
-46.500000 2.413051e-03
-46.250000 2.360661e-03
-46.000000 2.304187e-03
-45.750000 2.243673e-03
-45.500000 2.179187e-03
-45.250000 2.110829e-03
-45.000000 2.038733e-03
-44.750000 1.963073e-03
-44.500000 1.884070e-03
-44.250000 1.801998e-03
-44.000000 1.717199e-03
-43.750000 1.630099e-03
-43.500000 1.541225e-03
-43.250000 1.451241e-03
-43.000000 1.360981e-03
-42.750000 1.271509e-03
-42.500000 1.184183e-03
-42.250000 1.100746e-03
-42.000000 1.023418e-03
-41.750000 9.549675e-04
-41.500000 8.986888e-04
-41.250000 8.581814e-04
-41.000000 8.368281e-04
-40.750000 8.370246e-04
-40.500000 8.594895e-04
-40.250000 9.030855e-04
-40.000000 9.652698e-04
-39.750000 1.042847e-03
-39.500000 1.132612e-03
-39.250000 1.231708e-03
-39.000000 1.337741e-03
-38.750000 1.448760e-03
-38.500000 1.563180e-03
-38.250000 1.679711e-03
-38.000000 1.797281e-03
-37.750000 1.914989e-03
-37.500000 2.032058e-03
-37.250000 2.147809e-03
-37.000000 2.261640e-03
-36.750000 2.373004e-03
-36.500000 2.481406e-03
-36.250000 2.586390e-03
-36.000000 2.687533e-03
-35.750000 2.784443e-03
-35.500000 2.876755e-03
-35.250000 2.964129e-03
-35.000000 3.046252e-03
-34.750000 3.122831e-03
-34.500000 3.193598e-03
-34.250000 3.258309e-03
-34.000000 3.316743e-03
-33.750000 3.368704e-03
-33.500000 3.414020e-03
-33.250000 3.452544e-03
-33.000000 3.484157e-03
-32.750000 3.508765e-03
-32.500000 3.526304e-03
-32.250000 3.536737e-03
-32.000000 3.540060e-03
-31.750000 3.536298e-03
-31.500000 3.525508e-03
-31.250000 3.507783e-03
-31.000000 3.483248e-03
-30.750000 3.452066e-03
-30.500000 3.414437e-03
-30.250000 3.370602e-03
-30.000000 3.320842e-03
-29.750000 3.265481e-03
-29.500000 3.204889e-03
-29.250000 3.139483e-03
-29.000000 3.069731e-03
-28.750000 2.996155e-03
-28.500000 2.919330e-03
-28.250000 2.839892e-03
-28.000000 2.758538e-03
-27.750000 2.676028e-03
-27.500000 2.593185e-03
-27.250000 2.510899e-03
-27.000000 2.430116e-03
-26.750000 2.351839e-03
-26.500000 2.277109e-03
-26.250000 2.206989e-03
-26.000000 2.142532e-03
-25.750000 2.084749e-03
-25.500000 2.034555e-03
-25.250000 1.992724e-03
-25.000000 1.959830e-03
-24.750000 1.936198e-03
-24.500000 1.921871e-03
-24.250000 1.916594e-03
-24.000000 1.919817e-03
-23.750000 1.930732e-03
-23.500000 1.948316e-03
-23.250000 1.971391e-03
-23.000000 1.998686e-03
-22.750000 2.028893e-03
-22.500000 2.060713e-03
-22.250000 2.092901e-03
-22.000000 2.124293e-03
-21.750000 2.153828e-03
-21.500000 2.180569e-03
-21.250000 2.203717e-03
-21.000000 2.222628e-03
-20.750000 2.236823e-03
-20.500000 2.246018e-03
-20.250000 2.250139e-03
-20.000000 2.249360e-03
-19.750000 2.244134e-03
-19.500000 2.235245e-03
-19.250000 2.223861e-03
-19.000000 2.211583e-03
-18.750000 2.200508e-03
-18.500000 2.193264e-03
-18.250000 2.193019e-03
-18.000000 2.203430e-03
-17.750000 2.228516e-03
-17.500000 2.272434e-03
-17.250000 2.339190e-03
-17.000000 2.432309e-03
-16.750000 2.554569e-03
-16.500000 2.707843e-03
-16.250000 2.893091e-03
-16.000000 3.110477e-03
-15.750000 3.359562e-03
-15.500000 3.639504e-03
-15.250000 3.949232e-03
-15.000000 4.287577e-03
-14.750000 4.653354e-03
-14.500000 5.045413e-03
-14.250000 5.462658e-03
-14.000000 5.904057e-03
-13.750000 6.368633e-03
-13.500000 6.855459e-03
-13.250000 7.363645e-03
-13.000000 7.892331e-03
-12.750000 8.440675e-03
-12.500000 9.007846e-03
-12.250000 9.593014e-03
-12.000000 1.019535e-02
-11.750000 1.081400e-02
-11.500000 1.144813e-02
-11.250000 1.209686e-02
-11.000000 1.275930e-02
-10.750000 1.343455e-02
-10.500000 1.412169e-02
-10.250000 1.481977e-02
-10.000000 1.552781e-02
-9.750000 1.624483e-02
-9.500000 1.696982e-02
-9.250000 1.770175e-02
-9.000000 1.843957e-02
-8.750000 1.918221e-02
-8.500000 1.992859e-02
-8.250000 2.067761e-02
-8.000000 2.142815e-02
-7.750000 2.217910e-02
-7.500000 2.292931e-02
-7.250000 2.367764e-02
-7.000000 2.442295e-02
-6.750000 2.516408e-02
-6.500000 2.589988e-02
-6.250000 2.662919e-02
-6.000000 2.735085e-02
-5.750000 2.806372e-02
-5.500000 2.876665e-02
-5.250000 2.945852e-02
-5.000000 3.013820e-02
-4.750000 3.080458e-02
-4.500000 3.145657e-02
-4.250000 3.209310e-02
-4.000000 3.271311e-02
-3.750000 3.331557e-02
-3.500000 3.389948e-02
-3.250000 3.446385e-02
-3.000000 3.500773e-02
-2.750000 3.553020e-02
-2.500000 3.603038e-02
-2.250000 3.650741e-02
-2.000000 3.696049e-02
-1.750000 3.738882e-02
-1.500000 3.779169e-02
-1.250000 3.816839e-02
-1.000000 3.851827e-02
-0.750000 3.884073e-02
-0.500000 3.913521e-02
-0.250000 3.940120e-02
0.000000 3.963824e-02
0.250000 3.984593e-02
0.500000 4.002389e-02
0.750000 4.017183e-02
1.000000 4.028949e-02
1.250000 4.037667e-02
1.500000 4.043323e-02
1.750000 4.045908e-02
2.000000 4.045418e-02
2.250000 4.041856e-02
2.500000 4.035229e-02
2.750000 4.025550e-02
3.000000 4.012840e-02
3.250000 3.997121e-02
3.500000 3.978424e-02
3.750000 3.956786e-02
4.000000 3.932247e-02
4.250000 3.904853e-02
4.500000 3.874657e-02
4.750000 3.841715e-02
5.000000 3.806091e-02
5.250000 3.767852e-02
5.500000 3.727070e-02
5.750000 3.683823e-02
6.000000 3.638194e-02
6.250000 3.590268e-02
6.500000 3.540139e-02
6.750000 3.487900e-02
7.000000 3.433654e-02
7.250000 3.377504e-02
7.500000 3.319559e-02
7.750000 3.259930e-02
8.000000 3.198733e-02
8.250000 3.136089e-02
8.500000 3.072119e-02
8.750000 3.006950e-02
9.000000 2.940711e-02
9.250000 2.873533e-02
9.500000 2.805551e-02
9.750000 2.736904e-02
10.000000 2.667730e-02
10.250000 2.598171e-02
10.500000 2.528373e-02
10.750000 2.458481e-02
11.000000 2.388643e-02
11.250000 2.319009e-02
11.500000 2.249731e-02
11.750000 2.180960e-02
12.000000 2.112851e-02
12.250000 2.045559e-02
12.500000 1.979237e-02
12.750000 1.914040e-02
13.000000 1.850124e-02
13.250000 1.787643e-02
13.500000 1.726747e-02
13.750000 1.667586e-02
14.000000 1.610306e-02
14.250000 1.555048e-02
14.500000 1.501947e-02
14.750000 1.451128e-02
15.000000 1.402709e-02
15.250000 1.356794e-02
15.500000 1.313472e-02
15.750000 1.272814e-02
16.000000 1.234874e-02
16.250000 1.199680e-02
16.500000 1.167238e-02
16.750000 1.137527e-02
17.000000 1.110497e-02
17.250000 1.086072e-02
17.500000 1.064147e-02
17.750000 1.044592e-02
18.000000 1.027253e-02
18.250000 1.011955e-02
18.500000 9.985068e-03
18.750000 9.867043e-03
19.000000 9.763354e-03
19.250000 9.671843e-03
19.500000 9.590354e-03
19.750000 9.516771e-03
20.000000 9.449050e-03
20.250000 9.385247e-03
20.500000 9.323535e-03
20.750000 9.262221e-03
21.000000 9.199754e-03
21.250000 9.134733e-03
21.500000 9.065908e-03
21.750000 8.992178e-03
22.000000 8.912589e-03
22.250000 8.826328e-03
22.500000 8.732716e-03
22.750000 8.631206e-03
23.000000 8.521368e-03
23.250000 8.402887e-03
23.500000 8.275555e-03
23.750000 8.139262e-03
24.000000 7.993989e-03
24.250000 7.839801e-03
24.500000 7.676842e-03
24.750000 7.505327e-03
25.000000 7.325538e-03
25.250000 7.137817e-03
25.500000 6.942562e-03
25.750000 6.740220e-03
26.000000 6.531287e-03
26.250000 6.316302e-03
26.500000 6.095843e-03
26.750000 5.870522e-03
27.000000 5.640990e-03
27.250000 5.407927e-03
27.500000 5.172043e-03
27.750000 4.934082e-03
28.000000 4.694816e-03
28.250000 4.455050e-03
28.500000 4.215624e-03
28.750000 3.977415e-03
29.000000 3.741348e-03
29.250000 3.508401e-03
29.500000 3.279618e-03
29.750000 3.056124e-03
30.000000 2.839146e-03
30.250000 2.630035e-03
30.500000 2.430299e-03
30.750000 2.241625e-03
31.000000 2.065912e-03
31.250000 1.905272e-03
31.500000 1.761997e-03
31.750000 1.638453e-03
32.000000 1.536864e-03
32.250000 1.458976e-03
32.500000 1.405640e-03
32.750000 1.376462e-03
33.000000 1.369665e-03
33.250000 1.382277e-03
33.500000 1.410570e-03
33.750000 1.450566e-03
34.000000 1.498459e-03
34.250000 1.550859e-03
34.500000 1.604898e-03
34.750000 1.658222e-03
35.000000 1.708941e-03
35.250000 1.755562e-03
35.500000 1.796916e-03
35.750000 1.832096e-03
36.000000 1.860414e-03
36.250000 1.881356e-03
36.500000 1.894550e-03
36.750000 1.899748e-03
37.000000 1.896802e-03
37.250000 1.885650e-03
37.500000 1.866310e-03
37.750000 1.838868e-03
38.000000 1.803471e-03
38.250000 1.760328e-03
38.500000 1.709706e-03
38.750000 1.651926e-03
39.000000 1.587374e-03
39.250000 1.516498e-03
39.500000 1.439825e-03
39.750000 1.357973e-03
40.000000 1.271677e-03
40.250000 1.181829e-03
40.500000 1.089543e-03
40.750000 9.962481e-04
41.000000 9.038422e-04
41.250000 8.149204e-04
41.500000 7.330862e-04
41.750000 6.632774e-04
42.000000 6.117976e-04
42.250000 5.853934e-04
42.500000 5.889158e-04
42.750000 6.228375e-04
43.000000 6.831612e-04
43.250000 7.637801e-04
43.500000 8.588071e-04
43.750000 9.635532e-04
44.000000 1.074557e-03
44.250000 1.189301e-03
44.500000 1.305930e-03
44.750000 1.423032e-03
45.000000 1.539496e-03
45.250000 1.654420e-03
45.500000 1.767051e-03
45.750000 1.876740e-03
46.000000 1.982923e-03
46.250000 2.085100e-03
46.500000 2.182824e-03
46.750000 2.275691e-03
47.000000 2.363341e-03
47.250000 2.445445e-03
47.500000 2.521713e-03
47.750000 2.591880e-03
48.000000 2.655717e-03
48.250000 2.713022e-03
48.500000 2.763620e-03
48.750000 2.807368e-03
49.000000 2.844149e-03
49.250000 2.873874e-03
49.500000 2.896482e-03
49.750000 2.911940e-03
50.000000 2.920242e-03
