-50.000000 8.867512e-03
-49.750000 9.142429e-03
-49.500000 9.418282e-03
-49.250000 9.695027e-03
-49.000000 9.972618e-03
-48.750000 1.025101e-02
-48.500000 1.053017e-02
-48.250000 1.081005e-02
-48.000000 1.109060e-02
-47.750000 1.137180e-02
-47.500000 1.165359e-02
-47.250000 1.193593e-02
-47.000000 1.221880e-02
-46.750000 1.250214e-02
-46.500000 1.278592e-02
-46.250000 1.307010e-02
-46.000000 1.335464e-02
-45.750000 1.363951e-02
-45.500000 1.392465e-02
-45.250000 1.421004e-02
-45.000000 1.449564e-02
-44.750000 1.478140e-02
-44.500000 1.506730e-02
-44.250000 1.535328e-02
-44.000000 1.563932e-02
-43.750000 1.592537e-02
-43.500000 1.621140e-02
-43.250000 1.649736e-02
-43.000000 1.678323e-02
-42.750000 1.706896e-02
-42.500000 1.735452e-02
-42.250000 1.763986e-02
-42.000000 1.792495e-02
-41.750000 1.820975e-02
-41.500000 1.849423e-02
-41.250000 1.877834e-02
-41.000000 1.906206e-02
-40.750000 1.934533e-02
-40.500000 1.962813e-02
-40.250000 1.991041e-02
-40.000000 2.019214e-02
-39.750000 2.047328e-02
-39.500000 2.075380e-02
-39.250000 2.103365e-02
-39.000000 2.131281e-02
-38.750000 2.159123e-02
-38.500000 2.186887e-02
-38.250000 2.214570e-02
-38.000000 2.242169e-02
-37.750000 2.269679e-02
-37.500000 2.297097e-02
-37.250000 2.324419e-02
-37.000000 2.351642e-02
-36.750000 2.378762e-02
-36.500000 2.405775e-02
-36.250000 2.432678e-02
-36.000000 2.459467e-02
-35.750000 2.486140e-02
-35.500000 2.512691e-02
-35.250000 2.539117e-02
-35.000000 2.565416e-02
-34.750000 2.591583e-02
-34.500000 2.617615e-02
-34.250000 2.643509e-02
-34.000000 2.669261e-02
-33.750000 2.694867e-02
-33.500000 2.720325e-02
-33.250000 2.745630e-02
-33.000000 2.770780e-02
-32.750000 2.795771e-02
-32.500000 2.820599e-02
-32.250000 2.845262e-02
-32.000000 2.869756e-02
-31.750000 2.894077e-02
-31.500000 2.918223e-02
-31.250000 2.942191e-02
-31.000000 2.965976e-02
-30.750000 2.989576e-02
-30.500000 3.012987e-02
-30.250000 3.036207e-02
-30.000000 3.059233e-02
-29.750000 3.082060e-02
-29.500000 3.104687e-02
-29.250000 3.127110e-02
-29.000000 3.149326e-02
-28.750000 3.171332e-02
-28.500000 3.193125e-02
-28.250000 3.214703e-02
-28.000000 3.236061e-02
-27.750000 3.257198e-02
-27.500000 3.278111e-02
-27.250000 3.298796e-02
-27.000000 3.319252e-02
-26.750000 3.339474e-02
-26.500000 3.359461e-02
-26.250000 3.379209e-02
-26.000000 3.398717e-02
-25.750000 3.417981e-02
-25.500000 3.436999e-02
-25.250000 3.455768e-02
-25.000000 3.474286e-02
-24.750000 3.492551e-02
-24.500000 3.510559e-02
-24.250000 3.528308e-02
-24.000000 3.545796e-02
-23.750000 3.563021e-02
-23.500000 3.579980e-02
-23.250000 3.596672e-02
-23.000000 3.613092e-02
-22.750000 3.629241e-02
-22.500000 3.645115e-02
-22.250000 3.660712e-02
-22.000000 3.676030e-02
-21.750000 3.691067e-02
-21.500000 3.705821e-02
-21.250000 3.720291e-02
-21.000000 3.734473e-02
-20.750000 3.748367e-02
-20.500000 3.761970e-02
-20.250000 3.775280e-02
-20.000000 3.788297e-02
-19.750000 3.801017e-02
-19.500000 3.813440e-02
-19.250000 3.825563e-02
-19.000000 3.837385e-02
-18.750000 3.848905e-02
-18.500000 3.860121e-02
-18.250000 3.871031e-02
-18.000000 3.881635e-02
-17.750000 3.891930e-02
-17.500000 3.901915e-02
-17.250000 3.911589e-02
-17.000000 3.920951e-02
-16.750000 3.929999e-02
-16.500000 3.938732e-02
-16.250000 3.947150e-02
-16.000000 3.955251e-02
-15.750000 3.963033e-02
-15.500000 3.970497e-02
-15.250000 3.977641e-02
-15.000000 3.984464e-02
-14.750000 3.990965e-02
-14.500000 3.997143e-02
-14.250000 4.002998e-02
-14.000000 4.008529e-02
-13.750000 4.013735e-02
-13.500000 4.018616e-02
-13.250000 4.023171e-02
-13.000000 4.027399e-02
-12.750000 4.031301e-02
-12.500000 4.034874e-02
-12.250000 4.038120e-02
-12.000000 4.041037e-02
-11.750000 4.043626e-02
-11.500000 4.045886e-02
-11.250000 4.047817e-02
-11.000000 4.049419e-02
-10.750000 4.050691e-02
-10.500000 4.051634e-02
-10.250000 4.052247e-02
-10.000000 4.052531e-02
-9.750000 4.052485e-02
-9.500000 4.052111e-02
-9.250000 4.051406e-02
-9.000000 4.050373e-02
-8.750000 4.049011e-02
-8.500000 4.047321e-02
-8.250000 4.045302e-02
-8.000000 4.042956e-02
-7.750000 4.040283e-02
-7.500000 4.037282e-02
-7.250000 4.033956e-02
-7.000000 4.030304e-02
-6.750000 4.026326e-02
-6.500000 4.022024e-02
-6.250000 4.017399e-02
-6.000000 4.012450e-02
-5.750000 4.007179e-02
-5.500000 4.001587e-02
-5.250000 3.995674e-02
-5.000000 3.989442e-02
-4.750000 3.982892e-02
-4.500000 3.976023e-02
-4.250000 3.968839e-02
-4.000000 3.961339e-02
-3.750000 3.953525e-02
-3.500000 3.945398e-02
-3.250000 3.936959e-02
-3.000000 3.928210e-02
-2.750000 3.919152e-02
-2.500000 3.909786e-02
-2.250000 3.900114e-02
-2.000000 3.890137e-02
-1.750000 3.879856e-02
-1.500000 3.869274e-02
-1.250000 3.858392e-02
-1.000000 3.847211e-02
-0.750000 3.835734e-02
-0.500000 3.823961e-02
-0.250000 3.811895e-02
0.000000 3.799537e-02
0.250000 3.786890e-02
0.500000 3.773955e-02
0.750000 3.760734e-02
1.000000 3.747229e-02
1.250000 3.733442e-02
1.500000 3.719375e-02
1.750000 3.705031e-02
2.000000 3.690411e-02
2.250000 3.675517e-02
2.500000 3.660352e-02
2.750000 3.644917e-02
3.000000 3.629216e-02
3.250000 3.613251e-02
3.500000 3.597023e-02
3.750000 3.580536e-02
4.000000 3.563791e-02
4.250000 3.546791e-02
4.500000 3.529539e-02
4.750000 3.512037e-02
5.000000 3.494288e-02
5.250000 3.476294e-02
5.500000 3.458058e-02
5.750000 3.439582e-02
6.000000 3.420870e-02
6.250000 3.401923e-02
6.500000 3.382746e-02
6.750000 3.363340e-02
7.000000 3.343708e-02
7.250000 3.323853e-02
7.500000 3.303779e-02
7.750000 3.283488e-02
8.000000 3.262982e-02
8.250000 3.242266e-02
8.500000 3.221341e-02
8.750000 3.200212e-02
9.000000 3.178880e-02
9.250000 3.157350e-02
9.500000 3.135623e-02
9.750000 3.113705e-02
10.000000 3.091596e-02
10.250000 3.069302e-02
10.500000 3.046824e-02
10.750000 3.024167e-02
11.000000 3.001333e-02
11.250000 2.978326e-02
11.500000 2.955149e-02
11.750000 2.931806e-02
12.000000 2.908299e-02
12.250000 2.884633e-02
12.500000 2.860810e-02
12.750000 2.836835e-02
13.000000 2.812709e-02
13.250000 2.788438e-02
13.500000 2.764025e-02
13.750000 2.739472e-02
14.000000 2.714784e-02
14.250000 2.689964e-02
14.500000 2.665016e-02
14.750000 2.639944e-02
15.000000 2.614750e-02
15.250000 2.589439e-02
15.500000 2.564014e-02
15.750000 2.538479e-02
16.000000 2.512838e-02
16.250000 2.487094e-02
16.500000 2.461251e-02
16.750000 2.435313e-02
17.000000 2.409284e-02
17.250000 2.383167e-02
17.500000 2.356967e-02
17.750000 2.330686e-02
18.000000 2.304329e-02
18.250000 2.277900e-02
18.500000 2.251403e-02
18.750000 2.224841e-02
19.000000 2.198218e-02
19.250000 2.171539e-02
19.500000 2.144807e-02
19.750000 2.118027e-02
20.000000 2.091201e-02
20.250000 2.064335e-02
20.500000 2.037432e-02
20.750000 2.010496e-02
21.000000 1.983532e-02
21.250000 1.956543e-02
21.500000 1.929533e-02
21.750000 1.902508e-02
22.000000 1.875470e-02
22.250000 1.848424e-02
22.500000 1.821374e-02
22.750000 1.794324e-02
23.000000 1.767279e-02
23.250000 1.740243e-02
23.500000 1.713220e-02
23.750000 1.686215e-02
24.000000 1.659232e-02
24.250000 1.632275e-02
24.500000 1.605349e-02
24.750000 1.578459e-02
25.000000 1.551608e-02
25.250000 1.524802e-02
25.500000 1.498046e-02
25.750000 1.471343e-02
26.000000 1.444699e-02
26.250000 1.418119e-02
26.500000 1.391608e-02
26.750000 1.365170e-02
27.000000 1.338811e-02
27.250000 1.312536e-02
27.500000 1.286351e-02
27.750000 1.260260e-02
28.000000 1.234270e-02
28.250000 1.208387e-02
28.500000 1.182615e-02
28.750000 1.156962e-02
29.000000 1.131434e-02
29.250000 1.106036e-02
29.500000 1.080777e-02
29.750000 1.055662e-02
30.000000 1.030699e-02
30.250000 1.005897e-02
30.500000 9.812614e-03
30.750000 9.568022e-03
31.000000 9.325277e-03
31.250000 9.084473e-03
31.500000 8.845705e-03
31.750000 8.609079e-03
32.000000 8.374704e-03
32.250000 8.142696e-03
32.500000 7.913181e-03
32.750000 7.686292e-03
33.000000 7.462174e-03
33.250000 7.240981e-03
33.500000 7.022879e-03
33.750000 6.808050e-03
34.000000 6.596689e-03
34.250000 6.389006e-03
34.500000 6.185234e-03
34.750000 5.985621e-03
35.000000 5.790440e-03
35.250000 5.599987e-03
35.500000 5.414586e-03
35.750000 5.234585e-03
36.000000 5.060363e-03
36.250000 4.892332e-03
36.500000 4.730932e-03
36.750000 4.576636e-03
37.000000 4.429944e-03
37.250000 4.291384e-03
37.500000 4.161505e-03
37.750000 4.040869e-03
38.000000 3.930042e-03
38.250000 3.829577e-03
38.500000 3.740003e-03
38.750000 3.661802e-03
39.000000 3.595391e-03
39.250000 3.541100e-03
39.500000 3.499155e-03
39.750000 3.469658e-03
40.000000 3.452579e-03
40.250000 3.447754e-03
40.500000 3.454881e-03
40.750000 3.473537e-03
41.000000 3.503188e-03
41.250000 3.543212e-03
41.500000 3.592921e-03
41.750000 3.651582e-03
42.000000 3.718442e-03
42.250000 3.792741e-03
42.500000 3.873735e-03
42.750000 3.960702e-03
43.000000 4.052956e-03
43.250000 4.149848e-03
43.500000 4.250776e-03
43.750000 4.355178e-03
44.000000 4.462541e-03
44.250000 4.572391e-03
44.500000 4.684297e-03
44.750000 4.797869e-03
45.000000 4.912748e-03
45.250000 5.028611e-03
45.500000 5.145165e-03
45.750000 5.262145e-03
46.000000 5.379308e-03
46.250000 5.496437e-03
46.500000 5.613333e-03
46.750000 5.729816e-03
47.000000 5.845723e-03
47.250000 5.960903e-03
47.500000 6.075223e-03
47.750000 6.188558e-03
48.000000 6.300796e-03
48.250000 6.411833e-03
48.500000 6.521576e-03
48.750000 6.629937e-03
49.000000 6.736837e-03
49.250000 6.842205e-03
49.500000 6.945973e-03
49.750000 7.048080e-03
50.000000 7.148470e-03
