-50.000000 5.683079e-05
-49.750000 1.186059e-04
-49.500000 1.879052e-04
-49.250000 2.444214e-04
-49.000000 2.768563e-04
-48.750000 2.782785e-04
-48.500000 2.468279e-04
-48.250000 1.864309e-04
-48.000000 1.075550e-04
-47.750000 4.155275e-05
-47.500000 8.434520e-05
-47.250000 1.419134e-04
-47.000000 1.705758e-04
-46.750000 1.635464e-04
-46.500000 1.282824e-04
-46.250000 1.060480e-04
-46.000000 1.598439e-04
-45.750000 2.538827e-04
-45.500000 3.429069e-04
-45.250000 4.030716e-04
-45.000000 4.201171e-04
-44.750000 3.882877e-04
-44.500000 3.116422e-04
-44.250000 2.083236e-04
-44.000000 1.371773e-04
-43.750000 1.942780e-04
-43.500000 3.024009e-04
-43.250000 3.909319e-04
-43.000000 4.374370e-04
-42.750000 4.350556e-04
-42.500000 3.869893e-04
-42.250000 3.045369e-04
-42.000000 2.049826e-04
-41.750000 1.103207e-04
-41.500000 5.638207e-05
-41.250000 7.001010e-05
-41.000000 8.348689e-05
-40.750000 8.058885e-05
-40.500000 9.131465e-05
-40.250000 1.364480e-04
-40.000000 1.927870e-04
-39.750000 2.352454e-04
-39.500000 2.476970e-04
-39.250000 2.223606e-04
-39.000000 1.609811e-04
-38.750000 8.355446e-05
-38.500000 9.525847e-05
-38.250000 1.944213e-04
-38.000000 2.883098e-04
-37.750000 3.527560e-04
-37.500000 3.776788e-04
-37.250000 3.627973e-04
-37.000000 3.191681e-04
-36.750000 2.721169e-04
-36.500000 2.583209e-04
-36.250000 2.930524e-04
-36.000000 3.495225e-04
-35.750000 3.961838e-04
-35.500000 4.156860e-04
-35.250000 4.026662e-04
-35.000000 3.612069e-04
-34.750000 3.055652e-04
-34.500000 2.651814e-04
-34.250000 2.794114e-04
-34.000000 3.536575e-04
-33.750000 4.554783e-04
-33.500000 5.545217e-04
-33.250000 6.298210e-04
-33.000000 6.673095e-04
-32.750000 6.611312e-04
-32.500000 6.185892e-04
-32.250000 5.682322e-04
-32.000000 5.624217e-04
-31.750000 6.422494e-04
-31.500000 7.895046e-04
-31.250000 9.532193e-04
-31.000000 1.089371e-03
-30.750000 1.169661e-03
-30.500000 1.181593e-03
-30.250000 1.128384e-03
-30.000000 1.028179e-03
-29.750000 9.106909e-04
-29.500000 8.081279e-04
-29.250000 7.381630e-04
-29.000000 6.899681e-04
-28.750000 6.335188e-04
-28.500000 5.447575e-04
-28.250000 4.269802e-04
-28.000000 3.396827e-04
-27.750000 3.980434e-04
-27.500000 5.834281e-04
-27.250000 7.966158e-04
-27.000000 9.830125e-04
-26.750000 1.115858e-03
-26.500000 1.185044e-03
-26.250000 1.194242e-03
-26.000000 1.158552e-03
-25.750000 1.100348e-03
-25.500000 1.042476e-03
-25.250000 9.999091e-04
-25.000000 9.746001e-04
-24.750000 9.587232e-04
-24.500000 9.442943e-04
-24.250000 9.316255e-04
-24.000000 9.314438e-04
-23.750000 9.588539e-04
-23.500000 1.021297e-03
-23.250000 1.110139e-03
-23.000000 1.203834e-03
-22.750000 1.277781e-03
-22.500000 1.313110e-03
-22.250000 1.302928e-03
-22.000000 1.257264e-03
-21.750000 1.205913e-03
-21.500000 1.192507e-03
-21.250000 1.249994e-03
-21.000000 1.371715e-03
-20.750000 1.514852e-03
-20.500000 1.627996e-03
-20.250000 1.670424e-03
-20.000000 1.619081e-03
-19.750000 1.470770e-03
-19.500000 1.243931e-03
-19.250000 9.841102e-04
-19.000000 7.794657e-04
-18.750000 7.518932e-04
-18.500000 9.125889e-04
-18.250000 1.143602e-03
-18.000000 1.357555e-03
-17.750000 1.516141e-03
-17.500000 1.605925e-03
-17.250000 1.625190e-03
-17.000000 1.577037e-03
-16.750000 1.465593e-03
-16.500000 1.294761e-03
-16.250000 1.069315e-03
-16.000000 7.984345e-04
-15.750000 5.065229e-04
-15.500000 2.998931e-04
-15.250000 4.382342e-04
-15.000000 7.456821e-04
-14.750000 1.047882e-03
-14.500000 1.289998e-03
-14.250000 1.437967e-03
-14.000000 1.468695e-03
-13.750000 1.375593e-03
-13.500000 1.183039e-03
-13.250000 9.810626e-04
-13.000000 9.643068e-04
-12.750000 1.249940e-03
-12.500000 1.697574e-03
-12.250000 2.147193e-03
-12.000000 2.501719e-03
-11.750000 2.710567e-03
-11.500000 2.769438e-03
-11.250000 2.730017e-03
-11.000000 2.702753e-03
-10.750000 2.818680e-03
-10.500000 3.135744e-03
-10.250000 3.589826e-03
-10.000000 4.056307e-03
-9.750000 4.423398e-03
-9.500000 4.622677e-03
-9.250000 4.635518e-03
-9.000000 4.489698e-03
-8.750000 4.247533e-03
-8.500000 3.983413e-03
-8.250000 3.753068e-03
-8.000000 3.569931e-03
-7.750000 3.410605e-03
-7.500000 3.250090e-03
-7.250000 3.100278e-03
-7.000000 3.023858e-03
-6.750000 3.103877e-03
-6.500000 3.377668e-03
-6.250000 3.805999e-03
-6.000000 4.313875e-03
-5.750000 4.839623e-03
-5.500000 5.348708e-03
-5.250000 5.820905e-03
-5.000000 6.229244e-03
-4.750000 6.525741e-03
-4.500000 6.642300e-03
-4.250000 6.505523e-03
-4.000000 6.057763e-03
-3.750000 5.277122e-03
-3.500000 4.194986e-03
-3.250000 2.927805e-03
-3.000000 1.841926e-03
-2.750000 1.960203e-03
-2.500000 3.223124e-03
-2.250000 4.717076e-03
-2.000000 6.154803e-03
-1.750000 7.450362e-03
-1.500000 8.567309e-03
-1.250000 9.474601e-03
-1.000000 1.012606e-02
-0.750000 1.045703e-02
-0.500000 1.039780e-02
-0.250000 9.899244e-03
0.000000 8.965791e-03
0.250000 7.696708e-03
0.500000 6.351023e-03
0.750000 5.435418e-03
1.000000 5.540926e-03
1.250000 6.632981e-03
1.500000 8.099558e-03
1.750000 9.424590e-03
2.000000 1.031101e-02
2.250000 1.060969e-02
2.500000 1.027743e-02
2.750000 9.358605e-03
3.000000 7.977858e-03
3.250000 6.350465e-03
3.500000 4.841346e-03
3.750000 4.064960e-03
4.000000 4.489789e-03
4.250000 5.668378e-03
4.500000 6.951866e-03
4.750000 7.999067e-03
5.000000 8.656836e-03
5.250000 8.866975e-03
5.500000 8.633361e-03
5.750000 8.009751e-03
6.000000 7.093450e-03
6.250000 6.020595e-03
6.500000 4.961700e-03
6.750000 4.109508e-03
7.000000 3.625497e-03
7.250000 3.525136e-03
7.500000 3.650065e-03
7.750000 3.814558e-03
8.000000 3.910859e-03
8.250000 3.903313e-03
8.500000 3.791675e-03
8.750000 3.584473e-03
9.000000 3.291649e-03
9.250000 2.937668e-03
9.500000 2.591453e-03
9.750000 2.393582e-03
10.000000 2.501288e-03
10.250000 2.920239e-03
10.500000 3.491095e-03
10.750000 4.037383e-03
11.000000 4.431876e-03
11.250000 4.600768e-03
11.500000 4.521443e-03
11.750000 4.222155e-03
12.000000 3.781445e-03
12.250000 3.323177e-03
12.500000 2.991791e-03
12.750000 2.880391e-03
13.000000 2.951448e-03
13.250000 3.071045e-03
13.500000 3.113301e-03
13.750000 3.010840e-03
14.000000 2.755798e-03
14.250000 2.389691e-03
14.500000 1.995297e-03
14.750000 1.685487e-03
15.000000 1.556243e-03
15.250000 1.594897e-03
15.500000 1.685480e-03
15.750000 1.718235e-03
16.000000 1.637522e-03
16.250000 1.436292e-03
16.500000 1.149875e-03
16.750000 8.713087e-04
17.000000 7.827410e-04
17.250000 9.811539e-04
17.500000 1.305270e-03
17.750000 1.610091e-03
18.000000 1.828089e-03
18.250000 1.929762e-03
18.500000 1.907646e-03
18.750000 1.770270e-03
19.000000 1.538247e-03
19.250000 1.240846e-03
19.500000 9.139971e-04
19.750000 6.052938e-04
20.000000 4.070918e-04
20.250000 4.501571e-04
20.500000 6.416086e-04
20.750000 8.476146e-04
21.000000 1.026352e-03
21.250000 1.163678e-03
21.500000 1.251010e-03
21.750000 1.281133e-03
22.000000 1.249024e-03
22.250000 1.154167e-03
22.500000 1.002711e-03
22.750000 8.086391e-04
23.000000 5.938701e-04
23.250000 3.883430e-04
23.500000 2.335731e-04
23.750000 1.766175e-04
24.000000 1.795542e-04
24.250000 1.561534e-04
24.500000 1.056750e-04
24.750000 1.805763e-04
25.000000 3.763964e-04
25.250000 6.079477e-04
25.500000 8.361414e-04
25.750000 1.030307e-03
26.000000 1.166574e-03
26.250000 1.230676e-03
26.500000 1.220424e-03
26.750000 1.147021e-03
27.000000 1.034873e-03
27.250000 9.187688e-04
27.500000 8.344845e-04
27.750000 7.995758e-04
28.000000 7.993627e-04
28.250000 8.002280e-04
28.500000 7.735684e-04
28.750000 7.063122e-04
29.000000 6.004971e-04
29.250000 4.701980e-04
29.500000 3.402519e-04
29.750000 2.495846e-04
30.000000 2.375894e-04
30.250000 2.810237e-04
30.500000 3.272989e-04
30.750000 3.526611e-04
31.000000 3.529140e-04
31.250000 3.328575e-04
31.500000 3.030256e-04
31.750000 2.792342e-04
32.000000 2.790279e-04
32.250000 3.091454e-04
32.500000 3.584731e-04
32.750000 4.084874e-04
33.000000 4.429161e-04
33.250000 4.503145e-04
33.500000 4.245923e-04
33.750000 3.653318e-04
34.000000 2.778305e-04
34.250000 1.731924e-04
34.500000 7.570421e-05
34.750000 8.655717e-05
35.000000 1.646961e-04
35.250000 2.242125e-04
35.500000 2.527222e-04
35.750000 2.488522e-04
36.000000 2.164931e-04
36.250000 1.629307e-04
36.500000 9.700499e-05
36.750000 2.738786e-05
37.000000 3.969295e-05
37.250000 9.872392e-05
37.500000 1.477792e-04
37.750000 1.856225e-04
38.000000 2.115592e-04
38.250000 2.253421e-04
38.500000 2.280578e-04
38.750000 2.234939e-04
39.000000 2.186951e-04
39.250000 2.214742e-04
39.500000 2.344968e-04
39.750000 2.522119e-04
40.000000 2.650753e-04
40.250000 2.655377e-04
40.500000 2.515940e-04
40.750000 2.285205e-04
41.000000 2.088180e-04
41.250000 2.059838e-04
41.500000 2.207074e-04
41.750000 2.387252e-04
42.000000 2.440890e-04
42.250000 2.273490e-04
42.500000 1.871076e-04
42.750000 1.313693e-04
43.000000 8.768047e-05
43.250000 1.066247e-04
43.500000 1.609195e-04
43.750000 2.066469e-04
44.000000 2.284814e-04
44.250000 2.224785e-04
44.500000 1.926409e-04
44.750000 1.523127e-04
45.000000 1.285341e-04
45.250000 1.464178e-04
45.500000 1.895086e-04
45.750000 2.310307e-04
46.000000 2.585847e-04
46.250000 2.696395e-04
46.500000 2.675556e-04
46.750000 2.587211e-04
47.000000 2.492112e-04
47.250000 2.415863e-04
47.500000 2.340604e-04
47.750000 2.227827e-04
48.000000 2.048461e-04
48.250000 1.797526e-04
48.500000 1.492372e-04
48.750000 1.164795e-04
49.000000 8.612168e-05
49.250000 6.689358e-05
49.500000 7.087494e-05
49.750000 9.450697e-05
50.000000 1.236456e-04
