-50.000000 2.710853e-03
-49.750000 2.481661e-03
-49.500000 2.247914e-03
-49.250000 2.013799e-03
-49.000000 1.785620e-03
-48.750000 1.573115e-03
-48.500000 1.391290e-03
-48.250000 1.261660e-03
-48.000000 1.209068e-03
-47.750000 1.250173e-03
-47.500000 1.382040e-03
-47.250000 1.586129e-03
-47.000000 1.841278e-03
-46.750000 2.130916e-03
-46.500000 2.443678e-03
-46.250000 2.771951e-03
-46.000000 3.110482e-03
-45.750000 3.455460e-03
-45.500000 3.803959e-03
-45.250000 4.153609e-03
-45.000000 4.502397e-03
-44.750000 4.848547e-03
-44.500000 5.190447e-03
-44.250000 5.526604e-03
-44.000000 5.855613e-03
-43.750000 6.176135e-03
-43.500000 6.486893e-03
-43.250000 6.786657e-03
-43.000000 7.074244e-03
-42.750000 7.348515e-03
-42.500000 7.608374e-03
-42.250000 7.852769e-03
-42.000000 8.080694e-03
-41.750000 8.291190e-03
-41.500000 8.483347e-03
-41.250000 8.656304e-03
-41.000000 8.809259e-03
-40.750000 8.941463e-03
-40.500000 9.052230e-03
-40.250000 9.140935e-03
-40.000000 9.207021e-03
-39.750000 9.250000e-03
-39.500000 9.269457e-03
-39.250000 9.265055e-03
-39.000000 9.236537e-03
-38.750000 9.183733e-03
-38.500000 9.106561e-03
-38.250000 9.005036e-03
-38.000000 8.879275e-03
-37.750000 8.729503e-03
-37.500000 8.556067e-03
-37.250000 8.359440e-03
-37.000000 8.140241e-03
-36.750000 7.899252e-03
-36.500000 7.637439e-03
-36.250000 7.355988e-03
-36.000000 7.056343e-03
-35.750000 6.740265e-03
-35.500000 6.409910e-03
-35.250000 6.067938e-03
-35.000000 5.717659e-03
-34.750000 5.363244e-03
-34.500000 5.009998e-03
-34.250000 4.664733e-03
-34.000000 4.336212e-03
-33.750000 4.035605e-03
-33.500000 3.776751e-03
-33.250000 3.575774e-03
-33.000000 3.449469e-03
-32.750000 3.412123e-03
-32.500000 3.471663e-03
-32.250000 3.627285e-03
-32.000000 3.870256e-03
-31.750000 4.187164e-03
-31.500000 4.563424e-03
-31.250000 4.985555e-03
-31.000000 5.442091e-03
-30.750000 5.923654e-03
-30.500000 6.422648e-03
-30.250000 6.932892e-03
-30.000000 7.449278e-03
-29.750000 7.967498e-03
-29.500000 8.483845e-03
-29.250000 8.995062e-03
-29.000000 9.498237e-03
-28.750000 9.990725e-03
-28.500000 1.047009e-02
-28.250000 1.093408e-02
-28.000000 1.138059e-02
-27.750000 1.180761e-02
-27.500000 1.221329e-02
-27.250000 1.259587e-02
-27.000000 1.295367e-02
-26.750000 1.328514e-02
-26.500000 1.358881e-02
-26.250000 1.386333e-02
-26.000000 1.410742e-02
-25.750000 1.431995e-02
-25.500000 1.449989e-02
-25.250000 1.464631e-02
-25.000000 1.475844e-02
-24.750000 1.483563e-02
-24.500000 1.487741e-02
-24.250000 1.488345e-02
-24.000000 1.485362e-02
-23.750000 1.478797e-02
-23.500000 1.468682e-02
-23.250000 1.455070e-02
-23.000000 1.438046e-02
-22.750000 1.417726e-02
-22.500000 1.394265e-02
-22.250000 1.367865e-02
-22.000000 1.338775e-02
-21.750000 1.307309e-02
-21.500000 1.273852e-02
-21.250000 1.238875e-02
-21.000000 1.202951e-02
-20.750000 1.166768e-02
-20.500000 1.131151e-02
-20.250000 1.097075e-02
-20.000000 1.065673e-02
-19.750000 1.038232e-02
-19.500000 1.016164e-02
-19.250000 1.000954e-02
-19.000000 9.940586e-03
-18.750000 9.967922e-03
-18.500000 1.010192e-02
-18.250000 1.034916e-02
-18.000000 1.071186e-02
-17.750000 1.118812e-02
-17.500000 1.177258e-02
-17.250000 1.245754e-02
-17.000000 1.323396e-02
-16.750000 1.409237e-02
-16.500000 1.502344e-02
-16.250000 1.601834e-02
-16.000000 1.706894e-02
-15.750000 1.816782e-02
-15.500000 1.930827e-02
-15.250000 2.048420e-02
-15.000000 2.169006e-02
-14.750000 2.292078e-02
-14.500000 2.417170e-02
-14.250000 2.543847e-02
-14.000000 2.671703e-02
-13.750000 2.800357e-02
-13.500000 2.929445e-02
-13.250000 3.058624e-02
-13.000000 3.187562e-02
-12.750000 3.315943e-02
-12.500000 3.443460e-02
-12.250000 3.569819e-02
-12.000000 3.694734e-02
-11.750000 3.817929e-02
-11.500000 3.939135e-02
-11.250000 4.058093e-02
-11.000000 4.174553e-02
-10.750000 4.288271e-02
-10.500000 4.399013e-02
-10.250000 4.506553e-02
-10.000000 4.610673e-02
-9.750000 4.711164e-02
-9.500000 4.807825e-02
-9.250000 4.900466e-02
-9.000000 4.988904e-02
-8.750000 5.072967e-02
-8.500000 5.152493e-02
-8.250000 5.227327e-02
-8.000000 5.297328e-02
-7.750000 5.362363e-02
-7.500000 5.422311e-02
-7.250000 5.477060e-02
-7.000000 5.526511e-02
-6.750000 5.570575e-02
-6.500000 5.609175e-02
-6.250000 5.642243e-02
-6.000000 5.669727e-02
-5.750000 5.691582e-02
-5.500000 5.707778e-02
-5.250000 5.718295e-02
-5.000000 5.723126e-02
-4.750000 5.722275e-02
-4.500000 5.715757e-02
-4.250000 5.703601e-02
-4.000000 5.685845e-02
-3.750000 5.662541e-02
-3.500000 5.633751e-02
-3.250000 5.599550e-02
-3.000000 5.560022e-02
-2.750000 5.515264e-02
-2.500000 5.465384e-02
-2.250000 5.410498e-02
-2.000000 5.350737e-02
-1.750000 5.286240e-02
-1.500000 5.217155e-02
-1.250000 5.143642e-02
-1.000000 5.065869e-02
-0.750000 4.984016e-02
-0.500000 4.898270e-02
-0.250000 4.808827e-02
0.000000 4.715893e-02
0.250000 4.619682e-02
0.500000 4.520415e-02
0.750000 4.418323e-02
1.000000 4.313645e-02
1.250000 4.206625e-02
1.500000 4.097518e-02
1.750000 3.986585e-02
2.000000 3.874093e-02
2.250000 3.760320e-02
2.500000 3.645549e-02
2.750000 3.530072e-02
3.000000 3.414187e-02
3.250000 3.298202e-02
3.500000 3.182433e-02
3.750000 3.067206e-02
4.000000 2.952854e-02
4.250000 2.839721e-02
4.500000 2.728162e-02
4.750000 2.618543e-02
5.000000 2.511239e-02
5.250000 2.406639e-02
5.500000 2.305140e-02
5.750000 2.207151e-02
6.000000 2.113087e-02
6.250000 2.023368e-02
6.500000 1.938413e-02
6.750000 1.858636e-02
7.000000 1.784429e-02
7.250000 1.716160e-02
7.500000 1.654150e-02
7.750000 1.598662e-02
8.000000 1.549879e-02
8.250000 1.507891e-02
8.500000 1.472679e-02
8.750000 1.444105e-02
9.000000 1.421912e-02
9.250000 1.405729e-02
9.500000 1.395081e-02
9.750000 1.389413e-02
10.000000 1.388110e-02
10.250000 1.390519e-02
10.500000 1.395981e-02
10.750000 1.403840e-02
11.000000 1.413468e-02
11.250000 1.424276e-02
11.500000 1.435717e-02
11.750000 1.447296e-02
12.000000 1.458569e-02
12.250000 1.469146e-02
12.500000 1.478683e-02
12.750000 1.486885e-02
13.000000 1.493502e-02
13.250000 1.498322e-02
13.500000 1.501173e-02
13.750000 1.501915e-02
14.000000 1.500440e-02
14.250000 1.496667e-02
14.500000 1.490542e-02
14.750000 1.482033e-02
15.000000 1.471130e-02
15.250000 1.457840e-02
15.500000 1.442192e-02
15.750000 1.424226e-02
16.000000 1.404001e-02
16.250000 1.381588e-02
16.500000 1.357069e-02
16.750000 1.330540e-02
17.000000 1.302108e-02
17.250000 1.271888e-02
17.500000 1.240007e-02
17.750000 1.206600e-02
18.000000 1.171811e-02
18.250000 1.135794e-02
18.500000 1.098708e-02
18.750000 1.060726e-02
19.000000 1.022026e-02
19.250000 9.827966e-03
19.500000 9.432356e-03
19.750000 9.035523e-03
20.000000 8.639669e-03
20.250000 8.247124e-03
20.500000 7.860354e-03
20.750000 7.481976e-03
21.000000 7.114761e-03
21.250000 6.761641e-03
21.500000 6.425701e-03
21.750000 6.110149e-03
22.000000 5.818268e-03
22.250000 5.553322e-03
22.500000 5.318423e-03
22.750000 5.116350e-03
23.000000 4.949328e-03
23.250000 4.818797e-03
23.500000 4.725211e-03
23.750000 4.667905e-03
24.000000 4.645090e-03
24.250000 4.653957e-03
24.500000 4.690904e-03
24.750000 4.751808e-03
25.000000 4.832316e-03
25.250000 4.928090e-03
25.500000 5.034999e-03
25.750000 5.149246e-03
26.000000 5.267432e-03
26.250000 5.386588e-03
26.500000 5.504165e-03
26.750000 5.618013e-03
27.000000 5.726357e-03
27.250000 5.827754e-03
27.500000 5.921067e-03
27.750000 6.005432e-03
28.000000 6.080230e-03
28.250000 6.145064e-03
28.500000 6.199737e-03
28.750000 6.244236e-03
29.000000 6.278717e-03
29.250000 6.303490e-03
29.500000 6.319006e-03
29.750000 6.325853e-03
30.000000 6.324740e-03
30.250000 6.316488e-03
30.500000 6.302024e-03
30.750000 6.282368e-03
31.000000 6.258621e-03
31.250000 6.231954e-03
31.500000 6.203591e-03
31.750000 6.174793e-03
32.000000 6.146839e-03
32.250000 6.121004e-03
32.500000 6.098531e-03
32.750000 6.080612e-03
33.000000 6.068352e-03
33.250000 6.062750e-03
33.500000 6.064667e-03
33.750000 6.074804e-03
34.000000 6.093683e-03
34.250000 6.121632e-03
34.500000 6.158778e-03
34.750000 6.205045e-03
35.000000 6.260157e-03
35.250000 6.323656e-03
35.500000 6.394912e-03
35.750000 6.473149e-03
36.000000 6.557465e-03
36.250000 6.646860e-03
36.500000 6.740256e-03
36.750000 6.836525e-03
37.000000 6.934508e-03
37.250000 7.033036e-03
37.500000 7.130942e-03
37.750000 7.227084e-03
38.000000 7.320347e-03
38.250000 7.409660e-03
38.500000 7.494000e-03
38.750000 7.572399e-03
39.000000 7.643948e-03
39.250000 7.707799e-03
39.500000 7.763172e-03
39.750000 7.809350e-03
40.000000 7.845685e-03
40.250000 7.871596e-03
40.500000 7.886570e-03
40.750000 7.890160e-03
41.000000 7.881986e-03
41.250000 7.861737e-03
41.500000 7.829162e-03
41.750000 7.784079e-03
42.000000 7.726366e-03
42.250000 7.655966e-03
42.500000 7.572881e-03
42.750000 7.477175e-03
43.000000 7.368969e-03
43.250000 7.248445e-03
43.500000 7.115839e-03
43.750000 6.971447e-03
44.000000 6.815619e-03
44.250000 6.648762e-03
44.500000 6.471336e-03
44.750000 6.283861e-03
45.000000 6.086911e-03
45.250000 5.881121e-03
45.500000 5.667188e-03
45.750000 5.445872e-03
46.000000 5.218008e-03
46.250000 4.984509e-03
46.500000 4.746380e-03
46.750000 4.504729e-03
47.000000 4.260795e-03
47.250000 4.015970e-03
47.500000 3.771835e-03
47.750000 3.530215e-03
48.000000 3.293237e-03
48.250000 3.063412e-03
48.500000 2.843726e-03
48.750000 2.637742e-03
49.000000 2.449669e-03
49.250000 2.284358e-03
49.500000 2.147114e-03
49.750000 2.043225e-03
50.000000 1.977144e-03
