-50.000000 1.055587e-03
-49.750000 8.003780e-04
-49.500000 5.426272e-04
-49.250000 2.937030e-04
-49.000000 1.395935e-04
-48.750000 3.002451e-04
-48.500000 5.356593e-04
-48.250000 7.692024e-04
-48.000000 9.900794e-04
-47.750000 1.193275e-03
-47.500000 1.375053e-03
-47.250000 1.532246e-03
-47.000000 1.662110e-03
-46.750000 1.762301e-03
-46.500000 1.830896e-03
-46.250000 1.866434e-03
-46.000000 1.867955e-03
-45.750000 1.835057e-03
-45.500000 1.767973e-03
-45.250000 1.667686e-03
-45.000000 1.536141e-03
-44.750000 1.376661e-03
-44.500000 1.194859e-03
-44.250000 1.000827e-03
-44.000000 8.145980e-04
-43.750000 6.777978e-04
-43.500000 6.572980e-04
-43.250000 7.865552e-04
-43.000000 1.023956e-03
-42.750000 1.319335e-03
-42.500000 1.643988e-03
-42.250000 1.982317e-03
-42.000000 2.324485e-03
-41.750000 2.663242e-03
-41.500000 2.992642e-03
-41.250000 3.307512e-03
-41.000000 3.603233e-03
-40.750000 3.875658e-03
-40.500000 4.121094e-03
-40.250000 4.336314e-03
-40.000000 4.518583e-03
-39.750000 4.665697e-03
-39.500000 4.776013e-03
-39.250000 4.848496e-03
-39.000000 4.882746e-03
-38.750000 4.879046e-03
-38.500000 4.838395e-03
-38.250000 4.762552e-03
-38.000000 4.654089e-03
-37.750000 4.516444e-03
-37.500000 4.354000e-03
-37.250000 4.172163e-03
-37.000000 3.977467e-03
-36.750000 3.777659e-03
-36.500000 3.581732e-03
-36.250000 3.399820e-03
-36.000000 3.242798e-03
-35.750000 3.121421e-03
-35.500000 3.044933e-03
-35.250000 3.019371e-03
-35.000000 3.046181e-03
-34.750000 3.121863e-03
-34.500000 3.238861e-03
-34.250000 3.387235e-03
-34.000000 3.556344e-03
-33.750000 3.736079e-03
-33.500000 3.917522e-03
-33.250000 4.093196e-03
-33.000000 4.257069e-03
-32.750000 4.404459e-03
-32.500000 4.531894e-03
-32.250000 4.636976e-03
-32.000000 4.718263e-03
-31.750000 4.775144e-03
-31.500000 4.807745e-03
-31.250000 4.816818e-03
-31.000000 4.803640e-03
-30.750000 4.769908e-03
-30.500000 4.717628e-03
-30.250000 4.648996e-03
-30.000000 4.566282e-03
-29.750000 4.471716e-03
-29.500000 4.367369e-03
-29.250000 4.255070e-03
-29.000000 4.136330e-03
-28.750000 4.012312e-03
-28.500000 3.883849e-03
-28.250000 3.751506e-03
-28.000000 3.615720e-03
-27.750000 3.476991e-03
-27.500000 3.336151e-03
-27.250000 3.194702e-03
-27.000000 3.055206e-03
-26.750000 2.921732e-03
-26.500000 2.800266e-03
-26.250000 2.698980e-03
-26.000000 2.628082e-03
-25.750000 2.598921e-03
-25.500000 2.622177e-03
-25.250000 2.705498e-03
-25.000000 2.851612e-03
-24.750000 3.057908e-03
-24.500000 3.317544e-03
-24.250000 3.621211e-03
-24.000000 3.958669e-03
-23.750000 4.319698e-03
-23.500000 4.694538e-03
-23.250000 5.074027e-03
-23.000000 5.449597e-03
-22.750000 5.813238e-03
-22.500000 6.157466e-03
-22.250000 6.475317e-03
-22.000000 6.760356e-03
-21.750000 7.006716e-03
-21.500000 7.209140e-03
-21.250000 7.363043e-03
-21.000000 7.464565e-03
-20.750000 7.510641e-03
-20.500000 7.499052e-03
-20.250000 7.428485e-03
-20.000000 7.298578e-03
-19.750000 7.109956e-03
-19.500000 6.864265e-03
-19.250000 6.564188e-03
-19.000000 6.213455e-03
-18.750000 5.816841e-03
-18.500000 5.380158e-03
-18.250000 4.910239e-03
-18.000000 4.414925e-03
-17.750000 3.903065e-03
-17.500000 3.384547e-03
-17.250000 2.870399e-03
-17.000000 2.373054e-03
-16.750000 1.906910e-03
-16.500000 1.489467e-03
-16.250000 1.143062e-03
-16.000000 8.947535e-04
-15.750000 7.633819e-04
-15.500000 7.289391e-04
-15.250000 7.328138e-04
-15.000000 7.218392e-04
-14.750000 6.744324e-04
-14.500000 6.160311e-04
-14.250000 6.514040e-04
-14.000000 9.075617e-04
-13.750000 1.389333e-03
-13.500000 2.055351e-03
-13.250000 2.884177e-03
-13.000000 3.867072e-03
-12.750000 4.999506e-03
-12.500000 6.277747e-03
-12.250000 7.697538e-03
-12.000000 9.253552e-03
-11.750000 1.093915e-02
-11.500000 1.274629e-02
-11.250000 1.466550e-02
-11.000000 1.668593e-02
-10.750000 1.879537e-02
-10.500000 2.098037e-02
-10.250000 2.322632e-02
-10.000000 2.551758e-02
-9.750000 2.783763e-02
-9.500000 3.016919e-02
-9.250000 3.249440e-02
-9.000000 3.479500e-02
-8.750000 3.705248e-02
-8.500000 3.924830e-02
-8.250000 4.136404e-02
-8.000000 4.338161e-02
-7.750000 4.528345e-02
-7.500000 4.705267e-02
-7.250000 4.867328e-02
-7.000000 5.013032e-02
-6.750000 5.141006e-02
-6.500000 5.250013e-02
-6.250000 5.338966e-02
-6.000000 5.406941e-02
-5.750000 5.453190e-02
-5.500000 5.477145e-02
-5.250000 5.478434e-02
-5.000000 5.456880e-02
-4.750000 5.412508e-02
-4.500000 5.345547e-02
-4.250000 5.256431e-02
-4.000000 5.145801e-02
-3.750000 5.014497e-02
-3.500000 4.863560e-02
-3.250000 4.694226e-02
-3.000000 4.507924e-02
-2.750000 4.306269e-02
-2.500000 4.091066e-02
-2.250000 3.864302e-02
-2.000000 3.628164e-02
-1.750000 3.385042e-02
-1.500000 3.137562e-02
-1.250000 2.888625e-02
-1.000000 2.641471e-02
-0.750000 2.399786e-02
-0.500000 2.167829e-02
-0.250000 1.950606e-02
0.000000 1.754022e-02
0.250000 1.584890e-02
0.500000 1.450510e-02
0.750000 1.357445e-02
1.000000 1.309470e-02
1.250000 1.305589e-02
1.500000 1.339736e-02
1.750000 1.402606e-02
2.000000 1.484238e-02
2.250000 1.575825e-02
2.500000 1.670390e-02
2.750000 1.762746e-02
3.000000 1.849186e-02
3.250000 1.927155e-02
3.500000 1.994971e-02
3.750000 2.051621e-02
4.000000 2.096611e-02
4.250000 2.129855e-02
4.500000 2.151600e-02
4.750000 2.162360e-02
5.000000 2.162871e-02
5.250000 2.154044e-02
5.500000 2.136931e-02
5.750000 2.112685e-02
6.000000 2.082528e-02
6.250000 2.047712e-02
6.500000 2.009478e-02
6.750000 1.969026e-02
7.000000 1.927463e-02
7.250000 1.885777e-02
7.500000 1.844791e-02
7.750000 1.805140e-02
8.000000 1.767246e-02
8.250000 1.731310e-02
8.500000 1.697312e-02
8.750000 1.665032e-02
9.000000 1.634074e-02
9.250000 1.603907e-02
9.500000 1.573904e-02
9.750000 1.543393e-02
10.000000 1.511697e-02
10.250000 1.478172e-02
10.500000 1.442243e-02
10.750000 1.403424e-02
11.000000 1.361339e-02
11.250000 1.315733e-02
11.500000 1.266475e-02
11.750000 1.213563e-02
12.000000 1.157114e-02
12.250000 1.097365e-02
12.500000 1.034662e-02
12.750000 9.694536e-03
13.000000 9.022809e-03
13.250000 8.337720e-03
13.500000 7.646354e-03
13.750000 6.956584e-03
14.000000 6.277096e-03
14.250000 5.617472e-03
14.500000 4.988362e-03
14.750000 4.401702e-03
15.000000 3.870922e-03
15.250000 3.410831e-03
15.500000 3.036561e-03
15.750000 2.760652e-03
16.000000 2.588092e-03
16.250000 2.511623e-03
16.500000 2.511593e-03
16.750000 2.561475e-03
17.000000 2.634932e-03
17.250000 2.710201e-03
17.500000 2.771259e-03
17.750000 2.807215e-03
18.000000 2.811223e-03
18.250000 2.779475e-03
18.500000 2.710429e-03
18.750000 2.604253e-03
19.000000 2.462422e-03
19.250000 2.287436e-03
19.500000 2.082614e-03
19.750000 1.851955e-03
20.000000 1.600077e-03
20.250000 1.332292e-03
20.500000 1.055020e-03
20.750000 7.773387e-04
21.000000 5.174556e-04
21.250000 3.340006e-04
21.500000 3.640704e-04
21.750000 5.633735e-04
22.000000 8.024304e-04
22.250000 1.040613e-03
22.500000 1.265031e-03
22.750000 1.469561e-03
23.000000 1.650450e-03
23.250000 1.805147e-03
23.500000 1.931915e-03
23.750000 2.029669e-03
24.000000 2.097906e-03
24.250000 2.136661e-03
24.500000 2.146466e-03
24.750000 2.128319e-03
25.000000 2.083656e-03
25.250000 2.014307e-03
25.500000 1.922474e-03
25.750000 1.810692e-03
26.000000 1.681813e-03
26.250000 1.538996e-03
26.500000 1.385736e-03
26.750000 1.225944e-03
27.000000 1.064146e-03
27.250000 9.058904e-04
27.500000 7.585528e-04
27.750000 6.326449e-04
28.000000 5.428602e-04
28.250000 5.047670e-04
28.500000 5.230934e-04
28.750000 5.849395e-04
29.000000 6.707832e-04
29.250000 7.655141e-04
29.500000 8.599340e-04
29.750000 9.488391e-04
30.000000 1.029379e-03
30.250000 1.100109e-03
30.500000 1.160464e-03
30.750000 1.210463e-03
31.000000 1.250514e-03
31.250000 1.281272e-03
31.500000 1.303524e-03
31.750000 1.318089e-03
32.000000 1.325726e-03
32.250000 1.327058e-03
32.500000 1.322509e-03
32.750000 1.312265e-03
33.000000 1.296254e-03
33.250000 1.274160e-03
33.500000 1.245451e-03
33.750000 1.209439e-03
34.000000 1.165350e-03
34.250000 1.112412e-03
34.500000 1.049953e-03
34.750000 9.775125e-04
35.000000 8.949934e-04
35.250000 8.028745e-04
35.500000 7.026019e-04
35.750000 5.973989e-04
36.000000 4.941264e-04
36.250000 4.073970e-04
36.500000 3.645574e-04
36.750000 3.936601e-04
37.000000 4.908436e-04
37.250000 6.305363e-04
37.500000 7.931573e-04
37.750000 9.677353e-04
38.000000 1.147714e-03
38.250000 1.328503e-03
38.500000 1.506416e-03
38.750000 1.678234e-03
39.000000 1.841018e-03
39.250000 1.992042e-03
39.500000 2.128779e-03
39.750000 2.248908e-03
40.000000 2.350345e-03
40.250000 2.431266e-03
40.500000 2.490148e-03
40.750000 2.525803e-03
41.000000 2.537418e-03
41.250000 2.524595e-03
41.500000 2.487407e-03
41.750000 2.426448e-03
42.000000 2.342918e-03
42.250000 2.238727e-03
42.500000 2.116655e-03
42.750000 1.980592e-03
43.000000 1.835890e-03
43.250000 1.689874e-03
43.500000 1.552454e-03
43.750000 1.436563e-03
44.000000 1.357554e-03
44.250000 1.330231e-03
44.500000 1.363494e-03
44.750000 1.456230e-03
45.000000 1.598551e-03
45.250000 1.776817e-03
45.500000 1.977838e-03
45.750000 2.190591e-03
46.000000 2.406321e-03
46.250000 2.618128e-03
46.500000 2.820511e-03
46.750000 3.009033e-03
47.000000 3.180089e-03
47.250000 3.330764e-03
47.500000 3.458740e-03
47.750000 3.562249e-03
48.000000 3.640034e-03
48.250000 3.691335e-03
48.500000 3.715871e-03
48.750000 3.713837e-03
49.000000 3.685895e-03
49.250000 3.633165e-03
49.500000 3.557225e-03
49.750000 3.460098e-03
50.000000 3.344254e-03
