-50.000000 4.764375e-04
-49.750000 3.777198e-04
-49.500000 2.842329e-04
-49.250000 2.093691e-04
-49.000000 1.640408e-04
-48.750000 1.484592e-04
-48.500000 1.508435e-04
-48.250000 1.634221e-04
-48.000000 1.880590e-04
-47.750000 2.264176e-04
-47.500000 2.730969e-04
-47.250000 3.179584e-04
-47.000000 3.504554e-04
-46.750000 3.621388e-04
-46.500000 3.479233e-04
-46.250000 3.068246e-04
-46.000000 2.425708e-04
-45.750000 1.653687e-04
-45.500000 1.028198e-04
-45.250000 1.156030e-04
-45.000000 1.797674e-04
-44.750000 2.394518e-04
-44.500000 2.764230e-04
-44.250000 2.853229e-04
-44.000000 2.687867e-04
-43.750000 2.393283e-04
-43.500000 2.227396e-04
-43.250000 2.467112e-04
-43.000000 3.085334e-04
-42.750000 3.826391e-04
-42.500000 4.469102e-04
-42.250000 4.872967e-04
-42.000000 4.963302e-04
-41.750000 4.724553e-04
-41.500000 4.200267e-04
-41.250000 3.497948e-04
-41.000000 2.802006e-04
-40.750000 2.370658e-04
-40.500000 2.369247e-04
-40.250000 2.624543e-04
-40.000000 2.828171e-04
-39.750000 2.782198e-04
-39.500000 2.407296e-04
-39.250000 1.723556e-04
-39.000000 9.654240e-05
-38.750000 1.233681e-04
-38.500000 2.442595e-04
-38.250000 3.781668e-04
-38.000000 5.026126e-04
-37.750000 6.056172e-04
-37.500000 6.796602e-04
-37.250000 7.213867e-04
-37.000000 7.316534e-04
-36.750000 7.152877e-04
-36.500000 6.805050e-04
-36.250000 6.380571e-04
-36.000000 6.001330e-04
-35.750000 5.787822e-04
-35.500000 5.835387e-04
-35.250000 6.188485e-04
-35.000000 6.831649e-04
-34.750000 7.703033e-04
-34.500000 8.713709e-04
-34.250000 9.761131e-04
-34.000000 1.073997e-03
-33.750000 1.155554e-03
-33.500000 1.214090e-03
-33.250000 1.247598e-03
-33.000000 1.260515e-03
-32.750000 1.264618e-03
-32.500000 1.277616e-03
-32.250000 1.317784e-03
-32.000000 1.395434e-03
-31.750000 1.506830e-03
-31.500000 1.635590e-03
-31.250000 1.759271e-03
-31.000000 1.855695e-03
-30.750000 1.906800e-03
-30.500000 1.900478e-03
-30.250000 1.831262e-03
-30.000000 1.700301e-03
-29.750000 1.514801e-03
-29.500000 1.287029e-03
-29.250000 1.033024e-03
-29.000000 7.713021e-04
-28.750000 5.224082e-04
-28.500000 3.129565e-04
-28.250000 1.984698e-04
-28.000000 2.329989e-04
-27.750000 3.205896e-04
-27.500000 3.987129e-04
-27.250000 4.631688e-04
-27.000000 5.245662e-04
-26.750000 5.940702e-04
-26.500000 6.765267e-04
-26.250000 7.691021e-04
-26.000000 8.642596e-04
-25.750000 9.534719e-04
-25.500000 1.029518e-03
-25.250000 1.087325e-03
-25.000000 1.124027e-03
-24.750000 1.138900e-03
-24.500000 1.133674e-03
-24.250000 1.113546e-03
-24.000000 1.088717e-03
-23.750000 1.075352e-03
-23.500000 1.093236e-03
-23.250000 1.157839e-03
-23.000000 1.270741e-03
-22.750000 1.417440e-03
-22.500000 1.573606e-03
-22.250000 1.712626e-03
-22.000000 1.810588e-03
-21.750000 1.849329e-03
-21.500000 1.818841e-03
-21.250000 1.719713e-03
-21.000000 1.566109e-03
-20.750000 1.389742e-03
-20.500000 1.243015e-03
-20.250000 1.188622e-03
-20.000000 1.257487e-03
-19.750000 1.416692e-03
-19.500000 1.602620e-03
-19.250000 1.761776e-03
-19.000000 1.861072e-03
-18.750000 1.885631e-03
-18.500000 1.835685e-03
-18.250000 1.723818e-03
-18.000000 1.571832e-03
-17.750000 1.406576e-03
-17.500000 1.254764e-03
-17.250000 1.138393e-03
-17.000000 1.074776e-03
-16.750000 1.083337e-03
-16.500000 1.189888e-03
-16.250000 1.414959e-03
-16.000000 1.757947e-03
-15.750000 2.197890e-03
-15.500000 2.703859e-03
-15.250000 3.243033e-03
-15.000000 3.785806e-03
-14.750000 4.309611e-03
-14.500000 4.801638e-03
-14.250000 5.259707e-03
-14.000000 5.690481e-03
-13.750000 6.104822e-03
-13.500000 6.511249e-03
-13.250000 6.909695e-03
-13.000000 7.288094e-03
-12.750000 7.623138e-03
-12.500000 7.884700e-03
-12.250000 8.042102e-03
-12.000000 8.070294e-03
-11.750000 7.954707e-03
-11.500000 7.694341e-03
-11.250000 7.303394e-03
-11.000000 6.812370e-03
-10.750000 6.270082e-03
-10.500000 5.747731e-03
-10.250000 5.343053e-03
-10.000000 5.172907e-03
-9.750000 5.335659e-03
-9.500000 5.856754e-03
-9.250000 6.677439e-03
-9.000000 7.695850e-03
-8.750000 8.806056e-03
-8.500000 9.913202e-03
-8.250000 1.093726e-02
-8.000000 1.181596e-02
-7.750000 1.250954e-02
-7.500000 1.300619e-02
-7.250000 1.332611e-02
-7.000000 1.352101e-02
-6.750000 1.366592e-02
-6.500000 1.384078e-02
-6.250000 1.410408e-02
-6.000000 1.446823e-02
-5.750000 1.488951e-02
-5.500000 1.527818e-02
-5.250000 1.552205e-02
-5.000000 1.551222e-02
-4.750000 1.516350e-02
-4.500000 1.442778e-02
-4.250000 1.330170e-02
-4.000000 1.183104e-02
-3.750000 1.011503e-02
-3.500000 8.316532e-03
-3.250000 6.685651e-03
-3.000000 5.578126e-03
-2.750000 5.314079e-03
-2.500000 5.806467e-03
-2.250000 6.613832e-03
-2.000000 7.355935e-03
-1.750000 7.824633e-03
-1.500000 7.929877e-03
-1.250000 7.654152e-03
-1.000000 7.027770e-03
-0.750000 6.113704e-03
-0.500000 4.995996e-03
-0.250000 3.769840e-03
0.000000 2.533833e-03
0.250000 1.390681e-03
0.500000 5.402244e-04
0.750000 7.383126e-04
1.000000 1.279927e-03
1.250000 1.651256e-03
1.500000 1.830915e-03
1.750000 1.859012e-03
2.000000 1.806042e-03
2.250000 1.760471e-03
2.500000 1.798573e-03
2.750000 1.940817e-03
3.000000 2.145560e-03
3.250000 2.348559e-03
3.500000 2.496064e-03
3.750000 2.554415e-03
4.000000 2.508892e-03
4.250000 2.360315e-03
4.500000 2.121790e-03
4.750000 1.816364e-03
5.000000 1.476766e-03
5.250000 1.150145e-03
5.500000 9.109158e-04
5.750000 8.527738e-04
6.000000 9.850082e-04
6.250000 1.208671e-03
6.500000 1.438382e-03
6.750000 1.628759e-03
7.000000 1.755168e-03
7.250000 1.802998e-03
7.500000 1.764231e-03
7.750000 1.637059e-03
8.000000 1.426943e-03
8.250000 1.149143e-03
8.500000 8.364098e-04
8.750000 5.708103e-04
9.000000 5.437309e-04
9.250000 7.873496e-04
9.500000 1.104048e-03
9.750000 1.395004e-03
10.000000 1.623270e-03
10.250000 1.776561e-03
10.500000 1.860745e-03
10.750000 1.899267e-03
11.000000 1.930550e-03
11.250000 1.997628e-03
11.500000 2.128930e-03
11.750000 2.322413e-03
12.000000 2.547811e-03
12.250000 2.762231e-03
12.500000 2.924524e-03
12.750000 3.003233e-03
13.000000 2.980213e-03
13.250000 2.852402e-03
13.500000 2.633171e-03
13.750000 2.354199e-03
14.000000 2.068315e-03
14.250000 1.849496e-03
14.500000 1.773109e-03
14.750000 1.864345e-03
15.000000 2.073638e-03
15.250000 2.322403e-03
15.500000 2.546947e-03
15.750000 2.707071e-03
16.000000 2.781242e-03
16.250000 2.761428e-03
16.500000 2.649571e-03
16.750000 2.455418e-03
17.000000 2.195541e-03
17.250000 1.893979e-03
17.500000 1.585533e-03
17.750000 1.322605e-03
18.000000 1.177262e-03
18.250000 1.204136e-03
18.500000 1.378561e-03
18.750000 1.624958e-03
19.000000 1.880944e-03
19.250000 2.110148e-03
19.500000 2.294520e-03
19.750000 2.428203e-03
20.000000 2.514025e-03
20.250000 2.560781e-03
20.500000 2.580222e-03
20.750000 2.583571e-03
21.000000 2.578156e-03
21.250000 2.565280e-03
21.500000 2.540242e-03
21.750000 2.494468e-03
22.000000 2.418773e-03
22.250000 2.306494e-03
22.500000 2.155672e-03
22.750000 1.970059e-03
23.000000 1.759048e-03
23.250000 1.536779e-03
23.500000 1.320523e-03
23.750000 1.128255e-03
24.000000 9.750101e-04
24.250000 8.682720e-04
24.500000 8.053184e-04
24.750000 7.768146e-04
25.000000 7.751119e-04
25.250000 7.994455e-04
25.500000 8.535571e-04
25.750000 9.387176e-04
26.000000 1.048908e-03
26.250000 1.171613e-03
26.500000 1.291776e-03
26.750000 1.395528e-03
27.000000 1.472690e-03
27.250000 1.518302e-03
27.500000 1.533495e-03
27.750000 1.525666e-03
28.000000 1.507566e-03
28.250000 1.494615e-03
28.500000 1.500153e-03
28.750000 1.530036e-03
29.000000 1.579795e-03
29.250000 1.636471e-03
29.500000 1.683519e-03
29.750000 1.705626e-03
30.000000 1.691788e-03
30.250000 1.636696e-03
30.500000 1.540995e-03
30.750000 1.410843e-03
31.000000 1.257043e-03
31.250000 1.093872e-03
31.500000 9.376017e-04
31.750000 8.043951e-04
32.000000 7.068331e-04
32.250000 6.492615e-04
32.500000 6.255585e-04
32.750000 6.232899e-04
33.000000 6.306272e-04
33.250000 6.395546e-04
33.500000 6.449099e-04
33.750000 6.422998e-04
34.000000 6.270078e-04
34.250000 5.943829e-04
34.500000 5.412919e-04
34.750000 4.682023e-04
35.000000 3.823409e-04
35.250000 3.042722e-04
35.500000 2.758124e-04
35.750000 3.275035e-04
36.000000 4.305781e-04
36.250000 5.456430e-04
36.500000 6.502057e-04
36.750000 7.323933e-04
37.000000 7.863943e-04
37.250000 8.106928e-04
37.500000 8.070098e-04
37.750000 7.792188e-04
38.000000 7.321247e-04
38.250000 6.702755e-04
38.500000 5.971196e-04
38.750000 5.148097e-04
39.000000 4.247759e-04
39.250000 3.289844e-04
39.500000 2.320625e-04
39.750000 1.470812e-04
40.000000 1.137823e-04
40.250000 1.573342e-04
40.500000 2.228008e-04
40.750000 2.788254e-04
41.000000 3.161663e-04
41.250000 3.332396e-04
41.500000 3.333973e-04
41.750000 3.240179e-04
42.000000 3.145912e-04
42.250000 3.125500e-04
42.500000 3.185358e-04
42.750000 3.259624e-04
43.000000 3.256526e-04
43.250000 3.109930e-04
43.500000 2.815026e-04
43.750000 2.464274e-04
44.000000 2.285787e-04
44.250000 2.536676e-04
44.500000 3.193139e-04
44.750000 4.014195e-04
45.000000 4.786976e-04
45.250000 5.368899e-04
45.500000 5.671548e-04
45.750000 5.652346e-04
46.000000 5.311214e-04
46.250000 4.686732e-04
46.500000 3.849718e-04
46.750000 2.893999e-04
47.000000 1.925239e-04
47.250000 1.049994e-04
47.500000 3.772294e-05
47.750000 2.153983e-05
48.000000 3.389733e-05
48.250000 2.214771e-05
48.500000 1.420366e-05
48.750000 6.918460e-05
49.000000 1.348489e-04
49.250000 2.018750e-04
49.500000 2.610296e-04
49.750000 3.042824e-04
50.000000 3.258104e-04
