-50.000000 7.104995e-03
-49.750000 7.186220e-03
-49.500000 7.269028e-03
-49.250000 7.353392e-03
-49.000000 7.439285e-03
-48.750000 7.526679e-03
-48.500000 7.615547e-03
-48.250000 7.705859e-03
-48.000000 7.797589e-03
-47.750000 7.890706e-03
-47.500000 7.985183e-03
-47.250000 8.080990e-03
-47.000000 8.178099e-03
-46.750000 8.276480e-03
-46.500000 8.376106e-03
-46.250000 8.476946e-03
-46.000000 8.578973e-03
-45.750000 8.682157e-03
-45.500000 8.786471e-03
-45.250000 8.891885e-03
-45.000000 8.998371e-03
-44.750000 9.105902e-03
-44.500000 9.214449e-03
-44.250000 9.323984e-03
-44.000000 9.434481e-03
-43.750000 9.545911e-03
-43.500000 9.658247e-03
-43.250000 9.771462e-03
-43.000000 9.885530e-03
-42.750000 1.000042e-02
-42.500000 1.011612e-02
-42.250000 1.023259e-02
-42.000000 1.034980e-02
-41.750000 1.046774e-02
-41.500000 1.058637e-02
-41.250000 1.070567e-02
-41.000000 1.082562e-02
-40.750000 1.094620e-02
-40.500000 1.106736e-02
-40.250000 1.118911e-02
-40.000000 1.131139e-02
-39.750000 1.143421e-02
-39.500000 1.155752e-02
-39.250000 1.168131e-02
-39.000000 1.180555e-02
-38.750000 1.193022e-02
-38.500000 1.205530e-02
-38.250000 1.218077e-02
-38.000000 1.230659e-02
-37.750000 1.243275e-02
-37.500000 1.255923e-02
-37.250000 1.268601e-02
-37.000000 1.281305e-02
-36.750000 1.294035e-02
-36.500000 1.306787e-02
-36.250000 1.319560e-02
-36.000000 1.332352e-02
-35.750000 1.345160e-02
-35.500000 1.357983e-02
-35.250000 1.370817e-02
-35.000000 1.383662e-02
-34.750000 1.396515e-02
-34.500000 1.409374e-02
-34.250000 1.422237e-02
-34.000000 1.435102e-02
-33.750000 1.447967e-02
-33.500000 1.460830e-02
-33.250000 1.473689e-02
-33.000000 1.486541e-02
-32.750000 1.499386e-02
-32.500000 1.512221e-02
-32.250000 1.525044e-02
-32.000000 1.537853e-02
-31.750000 1.550647e-02
-31.500000 1.563423e-02
-31.250000 1.576179e-02
-31.000000 1.588914e-02
-30.750000 1.601626e-02
-30.500000 1.614313e-02
-30.250000 1.626973e-02
-30.000000 1.639604e-02
-29.750000 1.652204e-02
-29.500000 1.664772e-02
-29.250000 1.677306e-02
-29.000000 1.689803e-02
-28.750000 1.702263e-02
-28.500000 1.714683e-02
-28.250000 1.727062e-02
-28.000000 1.739398e-02
-27.750000 1.751689e-02
-27.500000 1.763933e-02
-27.250000 1.776130e-02
-27.000000 1.788276e-02
-26.750000 1.800370e-02
-26.500000 1.812412e-02
-26.250000 1.824398e-02
-26.000000 1.836327e-02
-25.750000 1.848198e-02
-25.500000 1.860010e-02
-25.250000 1.871759e-02
-25.000000 1.883446e-02
-24.750000 1.895067e-02
-24.500000 1.906622e-02
-24.250000 1.918109e-02
-24.000000 1.929527e-02
-23.750000 1.940873e-02
-23.500000 1.952147e-02
-23.250000 1.963346e-02
-23.000000 1.974470e-02
-22.750000 1.985516e-02
-22.500000 1.996484e-02
-22.250000 2.007372e-02
-22.000000 2.018177e-02
-21.750000 2.028900e-02
-21.500000 2.039537e-02
-21.250000 2.050089e-02
-21.000000 2.060553e-02
-20.750000 2.070928e-02
-20.500000 2.081213e-02
-20.250000 2.091406e-02
-20.000000 2.101506e-02
-19.750000 2.111512e-02
-19.500000 2.121421e-02
-19.250000 2.131233e-02
-19.000000 2.140947e-02
-18.750000 2.150561e-02
-18.500000 2.160074e-02
-18.250000 2.169484e-02
-18.000000 2.178791e-02
-17.750000 2.187992e-02
-17.500000 2.197088e-02
-17.250000 2.206076e-02
-17.000000 2.214955e-02
-16.750000 2.223724e-02
-16.500000 2.232382e-02
-16.250000 2.240928e-02
-16.000000 2.249361e-02
-15.750000 2.257679e-02
-15.500000 2.265881e-02
-15.250000 2.273966e-02
-15.000000 2.281934e-02
-14.750000 2.289782e-02
-14.500000 2.297510e-02
-14.250000 2.305117e-02
-14.000000 2.312602e-02
-13.750000 2.319963e-02
-13.500000 2.327200e-02
-13.250000 2.334312e-02
-13.000000 2.341297e-02
-12.750000 2.348156e-02
-12.500000 2.354886e-02
-12.250000 2.361486e-02
-12.000000 2.367957e-02
-11.750000 2.374297e-02
-11.500000 2.380505e-02
-11.250000 2.386580e-02
-11.000000 2.392521e-02
-10.750000 2.398328e-02
-10.500000 2.404000e-02
-10.250000 2.409535e-02
-10.000000 2.414934e-02
-9.750000 2.420195e-02
-9.500000 2.425317e-02
-9.250000 2.430300e-02
-9.000000 2.435144e-02
-8.750000 2.439846e-02
-8.500000 2.444407e-02
-8.250000 2.448827e-02
-8.000000 2.453103e-02
-7.750000 2.457236e-02
-7.500000 2.461225e-02
-7.250000 2.465070e-02
-7.000000 2.468769e-02
-6.750000 2.472323e-02
-6.500000 2.475730e-02
-6.250000 2.478991e-02
-6.000000 2.482104e-02
-5.750000 2.485069e-02
-5.500000 2.487885e-02
-5.250000 2.490553e-02
-5.000000 2.493072e-02
-4.750000 2.495441e-02
-4.500000 2.497659e-02
-4.250000 2.499727e-02
-4.000000 2.501644e-02
-3.750000 2.503410e-02
-3.500000 2.505024e-02
-3.250000 2.506486e-02
-3.000000 2.507796e-02
-2.750000 2.508953e-02
-2.500000 2.509957e-02
-2.250000 2.510808e-02
-2.000000 2.511506e-02
-1.750000 2.512050e-02
-1.500000 2.512440e-02
-1.250000 2.512676e-02
-1.000000 2.512758e-02
-0.750000 2.512686e-02
-0.500000 2.512460e-02
-0.250000 2.512078e-02
0.000000 2.511542e-02
0.250000 2.510852e-02
0.500000 2.510006e-02
0.750000 2.509006e-02
1.000000 2.507851e-02
1.250000 2.506541e-02
1.500000 2.505076e-02
1.750000 2.503456e-02
2.000000 2.501682e-02
2.250000 2.499753e-02
2.500000 2.497669e-02
2.750000 2.495431e-02
3.000000 2.493038e-02
3.250000 2.490491e-02
3.500000 2.487790e-02
3.750000 2.484935e-02
4.000000 2.481927e-02
4.250000 2.478765e-02
4.500000 2.475449e-02
4.750000 2.471981e-02
5.000000 2.468360e-02
5.250000 2.464586e-02
5.500000 2.460661e-02
5.750000 2.456583e-02
6.000000 2.452354e-02
6.250000 2.447974e-02
6.500000 2.443443e-02
6.750000 2.438761e-02
7.000000 2.433930e-02
7.250000 2.428949e-02
7.500000 2.423819e-02
7.750000 2.418540e-02
8.000000 2.413113e-02
8.250000 2.407539e-02
8.500000 2.401817e-02
8.750000 2.395949e-02
9.000000 2.389934e-02
9.250000 2.383774e-02
9.500000 2.377469e-02
9.750000 2.371020e-02
10.000000 2.364427e-02
10.250000 2.357691e-02
10.500000 2.350812e-02
10.750000 2.343792e-02
11.000000 2.336631e-02
11.250000 2.329329e-02
11.500000 2.321887e-02
11.750000 2.314306e-02
12.000000 2.306588e-02
12.250000 2.298731e-02
12.500000 2.290738e-02
12.750000 2.282609e-02
13.000000 2.274345e-02
13.250000 2.265947e-02
13.500000 2.257415e-02
13.750000 2.248750e-02
14.000000 2.239954e-02
14.250000 2.231027e-02
14.500000 2.221970e-02
14.750000 2.212784e-02
15.000000 2.203470e-02
15.250000 2.194029e-02
15.500000 2.184461e-02
15.750000 2.174769e-02
16.000000 2.164952e-02
16.250000 2.155012e-02
16.500000 2.144949e-02
16.750000 2.134765e-02
17.000000 2.124462e-02
17.250000 2.114039e-02
17.500000 2.103497e-02
17.750000 2.092839e-02
18.000000 2.082066e-02
18.250000 2.071177e-02
18.500000 2.060175e-02
18.750000 2.049060e-02
19.000000 2.037833e-02
19.250000 2.026497e-02
19.500000 2.015051e-02
19.750000 2.003498e-02
20.000000 1.991838e-02
20.250000 1.980072e-02
20.500000 1.968203e-02
20.750000 1.956230e-02
21.000000 1.944155e-02
21.250000 1.931980e-02
21.500000 1.919705e-02
21.750000 1.907333e-02
22.000000 1.894864e-02
22.250000 1.882299e-02
22.500000 1.869641e-02
22.750000 1.856889e-02
23.000000 1.844046e-02
23.250000 1.831113e-02
23.500000 1.818091e-02
23.750000 1.804981e-02
24.000000 1.791786e-02
24.250000 1.778506e-02
24.500000 1.765142e-02
24.750000 1.751697e-02
25.000000 1.738171e-02
25.250000 1.724565e-02
25.500000 1.710883e-02
25.750000 1.697123e-02
26.000000 1.683289e-02
26.250000 1.669382e-02
26.500000 1.655402e-02
26.750000 1.641352e-02
27.000000 1.627233e-02
27.250000 1.613047e-02
27.500000 1.598794e-02
27.750000 1.584477e-02
28.000000 1.570096e-02
28.250000 1.555654e-02
28.500000 1.541152e-02
28.750000 1.526591e-02
29.000000 1.511973e-02
29.250000 1.497299e-02
29.500000 1.482571e-02
29.750000 1.467791e-02
30.000000 1.452960e-02
30.250000 1.438079e-02
30.500000 1.423151e-02
30.750000 1.408176e-02
31.000000 1.393156e-02
31.250000 1.378093e-02
31.500000 1.362988e-02
31.750000 1.347843e-02
32.000000 1.332659e-02
32.250000 1.317439e-02
32.500000 1.302183e-02
32.750000 1.286894e-02
33.000000 1.271572e-02
33.250000 1.256219e-02
33.500000 1.240838e-02
33.750000 1.225429e-02
34.000000 1.209994e-02
34.250000 1.194535e-02
34.500000 1.179053e-02
34.750000 1.163550e-02
35.000000 1.148028e-02
35.250000 1.132488e-02
35.500000 1.116931e-02
35.750000 1.101360e-02
36.000000 1.085776e-02
36.250000 1.070181e-02
36.500000 1.054576e-02
36.750000 1.038963e-02
37.000000 1.023343e-02
37.250000 1.007718e-02
37.500000 9.920899e-03
37.750000 9.764601e-03
38.000000 9.608303e-03
38.250000 9.452021e-03
38.500000 9.295771e-03
38.750000 9.139570e-03
39.000000 8.983433e-03
39.250000 8.827377e-03
39.500000 8.671418e-03
39.750000 8.515573e-03
40.000000 8.359858e-03
40.250000 8.204289e-03
40.500000 8.048884e-03
40.750000 7.893658e-03
41.000000 7.738628e-03
41.250000 7.583810e-03
41.500000 7.429221e-03
41.750000 7.274879e-03
42.000000 7.120798e-03
42.250000 6.966997e-03
42.500000 6.813493e-03
42.750000 6.660301e-03
43.000000 6.507440e-03
43.250000 6.354927e-03
43.500000 6.202779e-03
43.750000 6.051013e-03
44.000000 5.899647e-03
44.250000 5.748700e-03
44.500000 5.598190e-03
44.750000 5.448134e-03
45.000000 5.298553e-03
45.250000 5.149465e-03
45.500000 5.000890e-03
45.750000 4.852849e-03
46.000000 4.705362e-03
46.250000 4.558451e-03
46.500000 4.412138e-03
46.750000 4.266448e-03
47.000000 4.121404e-03
47.250000 3.977032e-03
47.500000 3.833361e-03
47.750000 3.690419e-03
48.000000 3.548238e-03
48.250000 3.406854e-03
48.500000 3.266302e-03
48.750000 3.126626e-03
49.000000 2.987872e-03
49.250000 2.850091e-03
49.500000 2.713344e-03
49.750000 2.577699e-03
50.000000 2.443236e-03
