-50.000000 2.200772e-03
-49.750000 2.319656e-03
-49.500000 2.446598e-03
-49.250000 2.580211e-03
-49.000000 2.719156e-03
-48.750000 2.862147e-03
-48.500000 3.007956e-03
-48.250000 3.155406e-03
-48.000000 3.303367e-03
-47.750000 3.450753e-03
-47.500000 3.596515e-03
-47.250000 3.739640e-03
-47.000000 3.879146e-03
-46.750000 4.014085e-03
-46.500000 4.143536e-03
-46.250000 4.266613e-03
-46.000000 4.382463e-03
-45.750000 4.490267e-03
-45.500000 4.589248e-03
-45.250000 4.678667e-03
-45.000000 4.757834e-03
-44.750000 4.826110e-03
-44.500000 4.882908e-03
-44.250000 4.927704e-03
-44.000000 4.960039e-03
-43.750000 4.979523e-03
-43.500000 4.985848e-03
-43.250000 4.978786e-03
-43.000000 4.958201e-03
-42.750000 4.924057e-03
-42.500000 4.876425e-03
-42.250000 4.815493e-03
-42.000000 4.741579e-03
-41.750000 4.655142e-03
-41.500000 4.556797e-03
-41.250000 4.447338e-03
-41.000000 4.327754e-03
-40.750000 4.199261e-03
-40.500000 4.063330e-03
-40.250000 3.921727e-03
-40.000000 3.776553e-03
-39.750000 3.630294e-03
-39.500000 3.485861e-03
-39.250000 3.346629e-03
-39.000000 3.216439e-03
-38.750000 3.099553e-03
-38.500000 3.000521e-03
-38.250000 2.923935e-03
-38.000000 2.874054e-03
-37.750000 2.854337e-03
-37.500000 2.866993e-03
-37.250000 2.912660e-03
-37.000000 2.990339e-03
-36.750000 3.097596e-03
-36.500000 3.230944e-03
-36.250000 3.386288e-03
-36.000000 3.559315e-03
-35.750000 3.745781e-03
-35.500000 3.941680e-03
-35.250000 4.143329e-03
-35.000000 4.347392e-03
-34.750000 4.550869e-03
-34.500000 4.751071e-03
-34.250000 4.945589e-03
-34.000000 5.132262e-03
-33.750000 5.309149e-03
-33.500000 5.474512e-03
-33.250000 5.626790e-03
-33.000000 5.764591e-03
-32.750000 5.886682e-03
-32.500000 5.991976e-03
-32.250000 6.079532e-03
-32.000000 6.148548e-03
-31.750000 6.198361e-03
-31.500000 6.228447e-03
-31.250000 6.238417e-03
-31.000000 6.228024e-03
-30.750000 6.197158e-03
-30.500000 6.145855e-03
-30.250000 6.074293e-03
-30.000000 5.982803e-03
-29.750000 5.871868e-03
-29.500000 5.742135e-03
-29.250000 5.594417e-03
-29.000000 5.429711e-03
-28.750000 5.249209e-03
-28.500000 5.054316e-03
-28.250000 4.846681e-03
-28.000000 4.628226e-03
-27.750000 4.401200e-03
-27.500000 4.168231e-03
-27.250000 3.932414e-03
-27.000000 3.697400e-03
-26.750000 3.467520e-03
-26.500000 3.247895e-03
-26.250000 3.044520e-03
-26.000000 2.864238e-03
-25.750000 2.714483e-03
-25.500000 2.602655e-03
-25.250000 2.535075e-03
-25.000000 2.515703e-03
-24.750000 2.545123e-03
-24.500000 2.620332e-03
-24.250000 2.735460e-03
-24.000000 2.883040e-03
-23.750000 3.055234e-03
-23.500000 3.244668e-03
-23.250000 3.444849e-03
-23.000000 3.650272e-03
-22.750000 3.856370e-03
-22.500000 4.059400e-03
-22.250000 4.256320e-03
-22.000000 4.444684e-03
-21.750000 4.622557e-03
-21.500000 4.788449e-03
-21.250000 4.941274e-03
-21.000000 5.080320e-03
-20.750000 5.205229e-03
-20.500000 5.315988e-03
-20.250000 5.412930e-03
-20.000000 5.496733e-03
-19.750000 5.568423e-03
-19.500000 5.629380e-03
-19.250000 5.681340e-03
-19.000000 5.726390e-03
-18.750000 5.766958e-03
-18.500000 5.805785e-03
-18.250000 5.845885e-03
-18.000000 5.890484e-03
-17.750000 5.942933e-03
-17.500000 6.006602e-03
-17.250000 6.084755e-03
-17.000000 6.180409e-03
-16.750000 6.296197e-03
-16.500000 6.434243e-03
-16.250000 6.596062e-03
-16.000000 6.782501e-03
-15.750000 6.993721e-03
-15.500000 7.229218e-03
-15.250000 7.487884e-03
-15.000000 7.768085e-03
-14.750000 8.067756e-03
-14.500000 8.384499e-03
-14.250000 8.715674e-03
-14.000000 9.058478e-03
-13.750000 9.410019e-03
-13.500000 9.767370e-03
-13.250000 1.012762e-02
-13.000000 1.048790e-02
-12.750000 1.084544e-02
-12.500000 1.119755e-02
-12.250000 1.154169e-02
-12.000000 1.187544e-02
-11.750000 1.219657e-02
-11.500000 1.250299e-02
-11.250000 1.279281e-02
-11.000000 1.306436e-02
-10.750000 1.331616e-02
-10.500000 1.354697e-02
-10.250000 1.375583e-02
-10.000000 1.394199e-02
-9.750000 1.410503e-02
-9.500000 1.424480e-02
-9.250000 1.436150e-02
-9.000000 1.445565e-02
-8.750000 1.452813e-02
-8.500000 1.458021e-02
-8.250000 1.461355e-02
-8.000000 1.463025e-02
-7.750000 1.463280e-02
-7.500000 1.462418e-02
-7.250000 1.460775e-02
-7.000000 1.458735e-02
-6.750000 1.456719e-02
-6.500000 1.455186e-02
-6.250000 1.454623e-02
-6.000000 1.455541e-02
-5.750000 1.458459e-02
-5.500000 1.463890e-02
-5.250000 1.472333e-02
-5.000000 1.484244e-02
-4.750000 1.500031e-02
-4.500000 1.520029e-02
-4.250000 1.544495e-02
-4.000000 1.573590e-02
-3.750000 1.607383e-02
-3.500000 1.645846e-02
-3.250000 1.688859e-02
-3.000000 1.736221e-02
-2.750000 1.787657e-02
-2.500000 1.842835e-02
-2.250000 1.901373e-02
-2.000000 1.962856e-02
-1.750000 2.026843e-02
-1.500000 2.092879e-02
-1.250000 2.160501e-02
-1.000000 2.229247e-02
-0.750000 2.298658e-02
-0.500000 2.368285e-02
-0.250000 2.437689e-02
0.000000 2.506448e-02
0.250000 2.574153e-02
0.500000 2.640414e-02
0.750000 2.704859e-02
1.000000 2.767134e-02
1.250000 2.826906e-02
1.500000 2.883863e-02
1.750000 2.937712e-02
2.000000 2.988181e-02
2.250000 3.035021e-02
2.500000 3.078002e-02
2.750000 3.116919e-02
3.000000 3.151585e-02
3.250000 3.181839e-02
3.500000 3.207538e-02
3.750000 3.228565e-02
4.000000 3.244823e-02
4.250000 3.256237e-02
4.500000 3.262754e-02
4.750000 3.264344e-02
5.000000 3.260998e-02
5.250000 3.252725e-02
5.500000 3.239561e-02
5.750000 3.221556e-02
6.000000 3.198785e-02
6.250000 3.171339e-02
6.500000 3.139330e-02
6.750000 3.102886e-02
7.000000 3.062154e-02
7.250000 3.017297e-02
7.500000 2.968493e-02
7.750000 2.915937e-02
8.000000 2.859835e-02
8.250000 2.800408e-02
8.500000 2.737888e-02
8.750000 2.672518e-02
9.000000 2.604551e-02
9.250000 2.534249e-02
9.500000 2.461879e-02
9.750000 2.387716e-02
10.000000 2.312042e-02
10.250000 2.235138e-02
10.500000 2.157293e-02
10.750000 2.078794e-02
11.000000 1.999927e-02
11.250000 1.920980e-02
11.500000 1.842236e-02
11.750000 1.763976e-02
12.000000 1.686472e-02
12.250000 1.609994e-02
12.500000 1.534798e-02
12.750000 1.461134e-02
13.000000 1.389239e-02
13.250000 1.319334e-02
13.500000 1.251626e-02
13.750000 1.186303e-02
14.000000 1.123532e-02
14.250000 1.063454e-02
14.500000 1.006187e-02
14.750000 9.518169e-03
15.000000 9.003965e-03
15.250000 8.519443e-03
15.500000 8.064406e-03
15.750000 7.638261e-03
16.000000 7.240021e-03
16.250000 6.868306e-03
16.500000 6.521368e-03
16.750000 6.197132e-03
17.000000 5.893251e-03
17.250000 5.607172e-03
17.500000 5.336217e-03
17.750000 5.077662e-03
18.000000 4.828822e-03
18.250000 4.587125e-03
18.500000 4.350179e-03
18.750000 4.115833e-03
19.000000 3.882212e-03
19.250000 3.647761e-03
19.500000 3.411258e-03
19.750000 3.171843e-03
20.000000 2.929030e-03
20.250000 2.682740e-03
20.500000 2.433345e-03
20.750000 2.181760e-03
21.000000 1.929620e-03
21.250000 1.679620e-03
21.500000 1.436200e-03
21.750000 1.206912e-03
22.000000 1.005050e-03
22.250000 8.534229e-04
22.500000 7.836974e-04
22.750000 8.173611e-04
23.000000 9.421862e-04
23.250000 1.126048e-03
23.500000 1.342008e-03
23.750000 1.573562e-03
24.000000 1.811121e-03
24.250000 2.048821e-03
24.500000 2.282787e-03
24.750000 2.510238e-03
25.000000 2.729050e-03
25.250000 2.937519e-03
25.500000 3.134231e-03
25.750000 3.317997e-03
26.000000 3.487806e-03
26.250000 3.642809e-03
26.500000 3.782297e-03
26.750000 3.905699e-03
27.000000 4.012574e-03
27.250000 4.102612e-03
27.500000 4.175627e-03
27.750000 4.231561e-03
28.000000 4.270482e-03
28.250000 4.292582e-03
28.500000 4.298179e-03
28.750000 4.287717e-03
29.000000 4.261763e-03
29.250000 4.221011e-03
29.500000 4.166278e-03
29.750000 4.098508e-03
30.000000 4.018770e-03
30.250000 3.928261e-03
30.500000 3.828303e-03
30.750000 3.720349e-03
31.000000 3.605980e-03
31.250000 3.486908e-03
31.500000 3.364968e-03
31.750000 3.242117e-03
32.000000 3.120415e-03
32.250000 3.002007e-03
32.500000 2.889081e-03
32.750000 2.783810e-03
33.000000 2.688276e-03
33.250000 2.604363e-03
33.500000 2.533637e-03
33.750000 2.477220e-03
34.000000 2.435677e-03
34.250000 2.408942e-03
34.500000 2.396303e-03
34.750000 2.396445e-03
35.000000 2.407560e-03
35.250000 2.427483e-03
35.500000 2.453847e-03
35.750000 2.484217e-03
36.000000 2.516207e-03
36.250000 2.547562e-03
36.500000 2.576211e-03
36.750000 2.600295e-03
37.000000 2.618182e-03
37.250000 2.628469e-03
37.500000 2.629970e-03
37.750000 2.621713e-03
38.000000 2.602925e-03
38.250000 2.573023e-03
38.500000 2.531602e-03
38.750000 2.478432e-03
39.000000 2.413445e-03
39.250000 2.336740e-03
39.500000 2.248578e-03
39.750000 2.149389e-03
40.000000 2.039788e-03
40.250000 1.920594e-03
40.500000 1.792879e-03
40.750000 1.658031e-03
41.000000 1.517874e-03
41.250000 1.374863e-03
41.500000 1.232411e-03
41.750000 1.095416e-03
42.000000 9.710346e-04
42.250000 8.695003e-04
42.500000 8.039245e-04
42.750000 7.869149e-04
43.000000 8.238896e-04
43.250000 9.095160e-04
43.500000 1.031988e-03
43.750000 1.179339e-03
44.000000 1.342265e-03
44.250000 1.514174e-03
44.500000 1.690434e-03
44.750000 1.867697e-03
45.000000 2.043435e-03
45.250000 2.215660e-03
45.500000 2.382744e-03
45.750000 2.543319e-03
46.000000 2.696211e-03
46.250000 2.840404e-03
46.500000 2.975007e-03
46.750000 3.099249e-03
47.000000 3.212461e-03
47.250000 3.314074e-03
47.500000 3.403615e-03
47.750000 3.480703e-03
48.000000 3.545050e-03
48.250000 3.596460e-03
48.500000 3.634828e-03
48.750000 3.660140e-03
49.000000 3.672474e-03
49.250000 3.672000e-03
49.500000 3.658978e-03
49.750000 3.633761e-03
50.000000 3.596796e-03
