-50.000000 1.281677e-02
-49.750000 1.466692e-02
-49.500000 1.598051e-02
-49.250000 1.649833e-02
-49.000000 1.612134e-02
-48.750000 1.489718e-02
-48.500000 1.303798e-02
-48.250000 1.098254e-02
-48.000000 9.493311e-03
-47.750000 9.460709e-03
-47.500000 1.099276e-02
-47.250000 1.327982e-02
-47.000000 1.550795e-02
-46.750000 1.716091e-02
-46.500000 1.794530e-02
-46.250000 1.772961e-02
-46.000000 1.652677e-02
-45.750000 1.450694e-02
-45.500000 1.205434e-02
-45.250000 9.907207e-03
-45.000000 9.205148e-03
-44.750000 1.054585e-02
-44.500000 1.311716e-02
-44.250000 1.585574e-02
-44.000000 1.809855e-02
-43.750000 1.947700e-02
-43.500000 1.981083e-02
-43.250000 1.907335e-02
-43.000000 1.739231e-02
-42.750000 1.507970e-02
-42.500000 1.270533e-02
-42.250000 1.116692e-02
-42.000000 1.133266e-02
-41.750000 1.309275e-02
-41.500000 1.550310e-02
-41.250000 1.771269e-02
-41.000000 1.919780e-02
-40.750000 1.968091e-02
-40.500000 1.907329e-02
-40.250000 1.746422e-02
-40.000000 1.515120e-02
-39.750000 1.273072e-02
-39.500000 1.120886e-02
-39.250000 1.160222e-02
-39.000000 1.377833e-02
-38.750000 1.667230e-02
-38.500000 1.936608e-02
-38.250000 2.129733e-02
-38.000000 2.215390e-02
-37.750000 2.181210e-02
-37.500000 2.032389e-02
-37.250000 1.793816e-02
-37.000000 1.516983e-02
-36.750000 1.292484e-02
-36.500000 1.238783e-02
-36.250000 1.398657e-02
-36.000000 1.682096e-02
-35.750000 1.976786e-02
-35.500000 2.208157e-02
-35.250000 2.333566e-02
-35.000000 2.333002e-02
-34.750000 2.205845e-02
-34.500000 1.971762e-02
-34.250000 1.676333e-02
-34.000000 1.404080e-02
-33.750000 1.282945e-02
-33.500000 1.398998e-02
-33.250000 1.684293e-02
-33.000000 2.010254e-02
-32.750000 2.285115e-02
-32.500000 2.455776e-02
-32.250000 2.495664e-02
-32.000000 2.399806e-02
-31.750000 2.185080e-02
-31.500000 1.895165e-02
-31.250000 1.611978e-02
-31.000000 1.461452e-02
-30.750000 1.545819e-02
-30.500000 1.824172e-02
-30.250000 2.168635e-02
-30.000000 2.474554e-02
-29.750000 2.677422e-02
-29.500000 2.742267e-02
-29.250000 2.657813e-02
-29.000000 2.436034e-02
-28.750000 2.116603e-02
-28.500000 1.779118e-02
-28.250000 1.558650e-02
-28.000000 1.596852e-02
-27.750000 1.884288e-02
-27.500000 2.276859e-02
-27.250000 2.645577e-02
-27.000000 2.910655e-02
-26.750000 3.027630e-02
-26.500000 2.978785e-02
-26.250000 2.771663e-02
-26.000000 2.442879e-02
-25.750000 2.069496e-02
-25.500000 1.787303e-02
-25.250000 1.762712e-02
-25.000000 2.032254e-02
-24.750000 2.455566e-02
-24.500000 2.878887e-02
-24.250000 3.201557e-02
-24.000000 3.364966e-02
-23.750000 3.341363e-02
-23.500000 3.130972e-02
-23.250000 2.765318e-02
-23.000000 2.319593e-02
-22.750000 1.940366e-02
-22.500000 1.846201e-02
-22.250000 2.137622e-02
-22.000000 2.656805e-02
-21.750000 3.205090e-02
-21.500000 3.654629e-02
-21.250000 3.930732e-02
-21.000000 3.994238e-02
-20.750000 3.836400e-02
-20.500000 3.480763e-02
-20.250000 2.992319e-02
-20.000000 2.500028e-02
-19.750000 2.221406e-02
-19.500000 2.359282e-02
-19.250000 2.854291e-02
-19.000000 3.478251e-02
-18.750000 4.051060e-02
-18.500000 4.464729e-02
-18.250000 4.659796e-02
-18.000000 4.614264e-02
-17.750000 4.342260e-02
-17.500000 3.898921e-02
-17.250000 3.392116e-02
-17.000000 2.994894e-02
-16.750000 2.904568e-02
-16.500000 3.181096e-02
-16.250000 3.674767e-02
-16.000000 4.181990e-02
-15.750000 4.552406e-02
-15.500000 4.696021e-02
-15.250000 4.573997e-02
-15.000000 4.199019e-02
-14.750000 3.650861e-02
-14.500000 3.117342e-02
-14.250000 2.927555e-02
-14.000000 3.340479e-02
-13.750000 4.217349e-02
-13.500000 5.250902e-02
-13.250000 6.211198e-02
-13.000000 6.947879e-02
-12.750000 7.362621e-02
-12.500000 7.399119e-02
-12.250000 7.042882e-02
-12.000000 6.326395e-02
-11.750000 5.342560e-02
-11.500000 4.280958e-02
-11.250000 3.505736e-02
-11.000000 3.497984e-02
-10.750000 4.274227e-02
-10.500000 5.356860e-02
-10.250000 6.361814e-02
-10.000000 7.078946e-02
-9.750000 7.403035e-02
-9.500000 7.310094e-02
-9.250000 6.867195e-02
-9.000000 6.268298e-02
-8.750000 5.876944e-02
-8.500000 6.135214e-02
-8.250000 7.200922e-02
-8.000000 8.813150e-02
-7.750000 1.059417e-01
-7.500000 1.223417e-01
-7.250000 1.350533e-01
-7.000000 1.424968e-01
-6.750000 1.437754e-01
-6.500000 1.387578e-01
-6.250000 1.282496e-01
-6.000000 1.142975e-01
-5.750000 1.006393e-01
-5.500000 9.272255e-02
-5.250000 9.516269e-02
-5.000000 1.071981e-01
-4.750000 1.234162e-01
-4.500000 1.381793e-01
-4.250000 1.474688e-01
-4.000000 1.491033e-01
-3.750000 1.432343e-01
-3.500000 1.339912e-01
-3.250000 1.322668e-01
-3.000000 1.534353e-01
-2.750000 2.035193e-01
-2.500000 2.765665e-01
-2.250000 3.647690e-01
-2.000000 4.618112e-01
-1.750000 5.623393e-01
-1.500000 6.614411e-01
-1.250000 7.545016e-01
-1.000000 8.372555e-01
-0.750000 9.059211e-01
-0.500000 9.573543e-01
-0.250000 9.891932e-01
0.000000 9.999718e-01
0.250000 9.891932e-01
0.500000 9.573543e-01
0.750000 9.059211e-01
1.000000 8.372555e-01
1.250000 7.545016e-01
1.500000 6.614411e-01
1.750000 5.623393e-01
2.000000 4.618112e-01
2.250000 3.647690e-01
2.500000 2.765665e-01
2.750000 2.035193e-01
3.000000 1.534353e-01
3.250000 1.322668e-01
3.500000 1.339912e-01
3.750000 1.432343e-01
4.000000 1.491033e-01
4.250000 1.474688e-01
4.500000 1.381793e-01
4.750000 1.234162e-01
5.000000 1.071981e-01
5.250000 9.516269e-02
5.500000 9.272255e-02
5.750000 1.006393e-01
6.000000 1.142975e-01
6.250000 1.282496e-01
6.500000 1.387578e-01
6.750000 1.437754e-01
7.000000 1.424968e-01
7.250000 1.350533e-01
7.500000 1.223417e-01
7.750000 1.059417e-01
8.000000 8.813150e-02
8.250000 7.200922e-02
8.500000 6.135214e-02
8.750000 5.876944e-02
9.000000 6.268298e-02
9.250000 6.867195e-02
9.500000 7.310094e-02
9.750000 7.403035e-02
10.000000 7.078946e-02
10.250000 6.361814e-02
10.500000 5.356860e-02
10.750000 4.274227e-02
11.000000 3.497984e-02
11.250000 3.505736e-02
11.500000 4.280958e-02
11.750000 5.342560e-02
12.000000 6.326395e-02
12.250000 7.042882e-02
12.500000 7.399119e-02
12.750000 7.362621e-02
13.000000 6.947879e-02
13.250000 6.211198e-02
13.500000 5.250902e-02
13.750000 4.217349e-02
14.000000 3.340479e-02
14.250000 2.927555e-02
14.500000 3.117342e-02
14.750000 3.650861e-02
15.000000 4.199019e-02
15.250000 4.573997e-02
15.500000 4.696021e-02
15.750000 4.552406e-02
16.000000 4.181990e-02
16.250000 3.674767e-02
16.500000 3.181096e-02
16.750000 2.904568e-02
17.000000 2.994894e-02
17.250000 3.392116e-02
17.500000 3.898921e-02
17.750000 4.342260e-02
18.000000 4.614264e-02
18.250000 4.659796e-02
18.500000 4.464729e-02
18.750000 4.051060e-02
19.000000 3.478251e-02
19.250000 2.854291e-02
19.500000 2.359282e-02
19.750000 2.221406e-02
20.000000 2.500028e-02
20.250000 2.992319e-02
20.500000 3.480763e-02
20.750000 3.836400e-02
21.000000 3.994238e-02
21.250000 3.930732e-02
21.500000 3.654629e-02
21.750000 3.205090e-02
22.000000 2.656805e-02
22.250000 2.137622e-02
22.500000 1.846201e-02
22.750000 1.940366e-02
23.000000 2.319593e-02
23.250000 2.765318e-02
23.500000 3.130972e-02
23.750000 3.341363e-02
24.000000 3.364966e-02
24.250000 3.201557e-02
24.500000 2.878887e-02
24.750000 2.455566e-02
25.000000 2.032254e-02
25.250000 1.762712e-02
25.500000 1.787303e-02
25.750000 2.069496e-02
26.000000 2.442879e-02
26.250000 2.771663e-02
26.500000 2.978785e-02
26.750000 3.027630e-02
27.000000 2.910655e-02
27.250000 2.645577e-02
27.500000 2.276859e-02
27.750000 1.884288e-02
28.000000 1.596852e-02
28.250000 1.558650e-02
28.500000 1.779118e-02
28.750000 2.116603e-02
29.000000 2.436034e-02
29.250000 2.657813e-02
29.500000 2.742267e-02
29.750000 2.677422e-02
30.000000 2.474554e-02
30.250000 2.168635e-02
30.500000 1.824172e-02
30.750000 1.545819e-02
31.000000 1.461452e-02
31.250000 1.611978e-02
31.500000 1.895165e-02
31.750000 2.185080e-02
32.000000 2.399806e-02
32.250000 2.495664e-02
32.500000 2.455776e-02
32.750000 2.285115e-02
33.000000 2.010254e-02
33.250000 1.684293e-02
33.500000 1.398998e-02
33.750000 1.282945e-02
34.000000 1.404080e-02
34.250000 1.676333e-02
34.500000 1.971762e-02
34.750000 2.205845e-02
35.000000 2.333002e-02
35.250000 2.333566e-02
35.500000 2.208157e-02
35.750000 1.976786e-02
36.000000 1.682096e-02
36.250000 1.398657e-02
36.500000 1.238783e-02
36.750000 1.292484e-02
37.000000 1.516983e-02
37.250000 1.793816e-02
37.500000 2.032389e-02
37.750000 2.181210e-02
38.000000 2.215390e-02
38.250000 2.129733e-02
38.500000 1.936608e-02
38.750000 1.667230e-02
39.000000 1.377833e-02
39.250000 1.160222e-02
39.500000 1.120886e-02
39.750000 1.273072e-02
40.000000 1.515120e-02
40.250000 1.746422e-02
40.500000 1.907329e-02
40.750000 1.968091e-02
41.000000 1.919780e-02
41.250000 1.771269e-02
41.500000 1.550310e-02
41.750000 1.309275e-02
42.000000 1.133266e-02
42.250000 1.116692e-02
42.500000 1.270533e-02
42.750000 1.507970e-02
43.000000 1.739231e-02
43.250000 1.907335e-02
43.500000 1.981083e-02
43.750000 1.947700e-02
44.000000 1.809855e-02
44.250000 1.585574e-02
44.500000 1.311716e-02
44.750000 1.054585e-02
45.000000 9.205148e-03
45.250000 9.907207e-03
45.500000 1.205434e-02
45.750000 1.450694e-02
46.000000 1.652677e-02
46.250000 1.772961e-02
46.500000 1.794530e-02
46.750000 1.716091e-02
47.000000 1.550795e-02
47.250000 1.327982e-02
47.500000 1.099276e-02
47.750000 9.460709e-03
48.000000 9.493311e-03
48.250000 1.098254e-02
48.500000 1.303798e-02
48.750000 1.489718e-02
49.000000 1.612134e-02
49.250000 1.649833e-02
49.500000 1.598051e-02
49.750000 1.466692e-02
50.000000 1.281677e-02
