-50.000000 4.349693e-02
-49.750000 4.334390e-02
-49.500000 4.258669e-02
-49.250000 4.124824e-02
-49.000000 3.937353e-02
-48.750000 3.703339e-02
-48.500000 3.433077e-02
-48.250000 3.141111e-02
-48.000000 2.847789e-02
-47.750000 2.581105e-02
-47.500000 2.377247e-02
-47.250000 2.275520e-02
-47.000000 2.303732e-02
-46.750000 2.462292e-02
-46.500000 2.724956e-02
-46.250000 3.054757e-02
-46.000000 3.417335e-02
-45.750000 3.785291e-02
-45.500000 4.137699e-02
-45.250000 4.458561e-02
-45.000000 4.735537e-02
-44.750000 4.959126e-02
-44.500000 5.122198e-02
-44.250000 5.219749e-02
-44.000000 5.248804e-02
-43.750000 5.208414e-02
-43.500000 5.099725e-02
-43.250000 4.926141e-02
-43.000000 4.693589e-02
-42.750000 4.410966e-02
-42.500000 4.090860e-02
-42.250000 3.750661e-02
-42.000000 3.414127e-02
-41.750000 3.112946e-02
-41.500000 2.886433e-02
-41.250000 2.775180e-02
-41.000000 2.806085e-02
-40.750000 2.977778e-02
-40.500000 3.262109e-02
-40.250000 3.619553e-02
-40.000000 4.012539e-02
-39.750000 4.410415e-02
-39.500000 4.789413e-02
-39.250000 5.131252e-02
-39.000000 5.421844e-02
-38.750000 5.650423e-02
-38.500000 5.809020e-02
-38.250000 5.892192e-02
-38.000000 5.896899e-02
-37.750000 5.822512e-02
-37.500000 5.670914e-02
-37.250000 5.446716e-02
-37.000000 5.157643e-02
-36.750000 4.815175e-02
-36.500000 4.435599e-02
-36.250000 4.041632e-02
-36.000000 3.664604e-02
-35.750000 3.346195e-02
-35.500000 3.136146e-02
-35.250000 3.079854e-02
-35.000000 3.196920e-02
-34.750000 3.469556e-02
-34.500000 3.854771e-02
-34.250000 4.304948e-02
-34.000000 4.779266e-02
-33.750000 5.245821e-02
-33.500000 5.680174e-02
-33.250000 6.063518e-02
-33.000000 6.381341e-02
-32.750000 6.622617e-02
-32.500000 6.779355e-02
-32.250000 6.846410e-02
-32.000000 6.821443e-02
-31.750000 6.705023e-02
-31.500000 6.500854e-02
-31.250000 6.216172e-02
-31.000000 5.862403e-02
-30.750000 5.456212e-02
-30.500000 5.021113e-02
-30.250000 4.589699e-02
-30.000000 4.205819e-02
-29.750000 3.923939e-02
-29.500000 3.799878e-02
-29.250000 3.869924e-02
-29.000000 4.131578e-02
-28.750000 4.546625e-02
-28.500000 5.062042e-02
-28.250000 5.627397e-02
-28.000000 6.201192e-02
-27.750000 6.750801e-02
-27.500000 7.250672e-02
-27.250000 7.680699e-02
-27.000000 8.025124e-02
-26.750000 8.271913e-02
-26.500000 8.412442e-02
-26.250000 8.441423e-02
-26.000000 8.356982e-02
-25.750000 8.160897e-02
-25.500000 7.859036e-02
-25.250000 7.462056e-02
-25.000000 6.986559e-02
-24.750000 6.456922e-02
-24.500000 5.908093e-02
-24.250000 5.389179e-02
-24.000000 4.965894e-02
-23.750000 4.715494e-02
-23.500000 4.705087e-02
-23.250000 4.958835e-02
-23.000000 5.445296e-02
-22.750000 6.099461e-02
-22.500000 6.852163e-02
-22.250000 7.644547e-02
-22.000000 8.430118e-02
-21.750000 9.172473e-02
-21.500000 9.842781e-02
-21.250000 1.041801e-01
-21.000000 1.087987e-01
-20.750000 1.121431e-01
-20.500000 1.141127e-01
-20.250000 1.146477e-01
-20.000000 1.137308e-01
-19.750000 1.113916e-01
-19.500000 1.077123e-01
-19.250000 1.028377e-01
-19.000000 9.698898e-02
-18.750000 9.048527e-02
-18.500000 8.377253e-02
-18.250000 7.745584e-02
-18.000000 7.231003e-02
-17.750000 6.920948e-02
-17.500000 6.890796e-02
-17.250000 7.172641e-02
-17.000000 7.740415e-02
-16.750000 8.526368e-02
-16.500000 9.450012e-02
-16.250000 1.043701e-01
-16.000000 1.142516e-01
-15.750000 1.236385e-01
-15.500000 1.321192e-01
-15.250000 1.393575e-01
-15.000000 1.450798e-01
-14.750000 1.490681e-01
-14.500000 1.511574e-01
-14.250000 1.512359e-01
-14.000000 1.492486e-01
-13.750000 1.452029e-01
-13.500000 1.391795e-01
-13.250000 1.313494e-01
-13.000000 1.220020e-01
-12.750000 1.115947e-01
-12.500000 1.008329e-01
-12.250000 9.079010e-02
-12.000000 8.301379e-02
-11.750000 7.939708e-02
-11.500000 8.147179e-02
-11.250000 8.945469e-02
-11.000000 1.022185e-01
-10.750000 1.181614e-01
-10.500000 1.358575e-01
-10.250000 1.542033e-01
-10.000000 1.723530e-01
-9.750000 1.896356e-01
-9.500000 2.054976e-01
-9.250000 2.194705e-01
-9.000000 2.311557e-01
-8.750000 2.402189e-01
-8.500000 2.463927e-01
-8.250000 2.494833e-01
-8.000000 2.493842e-01
-7.750000 2.460964e-01
-7.500000 2.397595e-01
-7.250000 2.306998e-01
-7.000000 2.195037e-01
-6.750000 2.071281e-01
-6.500000 1.950466e-01
-6.250000 1.853823e-01
-6.000000 1.808524e-01
-5.750000 1.842347e-01
-5.500000 1.973573e-01
-5.250000 2.203869e-01
-5.000000 2.521168e-01
-4.750000 2.907970e-01
-4.500000 3.347282e-01
-4.250000 3.824624e-01
-4.000000 4.327988e-01
-3.750000 4.847232e-01
-3.500000 5.373525e-01
-3.250000 5.898947e-01
-3.000000 6.416242e-01
-2.750000 6.918683e-01
-2.500000 7.399996e-01
-2.250000 7.854337e-01
-2.000000 8.276296e-01
-1.750000 8.660916e-01
-1.500000 9.003715e-01
-1.250000 9.300727e-01
-1.000000 9.548529e-01
-0.750000 9.744274e-01
-0.500000 9.885715e-01
-0.250000 9.971232e-01
0.000000 9.999847e-01
0.250000 9.971232e-01
0.500000 9.885715e-01
0.750000 9.744274e-01
1.000000 9.548529e-01
1.250000 9.300727e-01
1.500000 9.003715e-01
1.750000 8.660916e-01
2.000000 8.276296e-01
2.250000 7.854337e-01
2.500000 7.399996e-01
2.750000 6.918683e-01
3.000000 6.416242e-01
3.250000 5.898947e-01
3.500000 5.373525e-01
3.750000 4.847232e-01
4.000000 4.327988e-01
4.250000 3.824624e-01
4.500000 3.347282e-01
4.750000 2.907970e-01
5.000000 2.521168e-01
5.250000 2.203869e-01
5.500000 1.973573e-01
5.750000 1.842347e-01
6.000000 1.808524e-01
6.250000 1.853823e-01
6.500000 1.950466e-01
6.750000 2.071281e-01
7.000000 2.195037e-01
7.250000 2.306998e-01
7.500000 2.397595e-01
7.750000 2.460964e-01
8.000000 2.493842e-01
8.250000 2.494833e-01
8.500000 2.463927e-01
8.750000 2.402189e-01
9.000000 2.311557e-01
9.250000 2.194705e-01
9.500000 2.054976e-01
9.750000 1.896356e-01
10.000000 1.723530e-01
10.250000 1.542033e-01
10.500000 1.358575e-01
10.750000 1.181614e-01
11.000000 1.022185e-01
11.250000 8.945469e-02
11.500000 8.147179e-02
11.750000 7.939708e-02
12.000000 8.301379e-02
12.250000 9.079010e-02
12.500000 1.008329e-01
12.750000 1.115947e-01
13.000000 1.220020e-01
13.250000 1.313494e-01
13.500000 1.391795e-01
13.750000 1.452029e-01
14.000000 1.492486e-01
14.250000 1.512359e-01
14.500000 1.511574e-01
14.750000 1.490681e-01
15.000000 1.450798e-01
15.250000 1.393575e-01
15.500000 1.321192e-01
15.750000 1.236385e-01
16.000000 1.142516e-01
16.250000 1.043701e-01
16.500000 9.450012e-02
16.750000 8.526368e-02
17.000000 7.740415e-02
17.250000 7.172641e-02
17.500000 6.890796e-02
17.750000 6.920948e-02
18.000000 7.231003e-02
18.250000 7.745584e-02
18.500000 8.377253e-02
18.750000 9.048527e-02
19.000000 9.698898e-02
19.250000 1.028377e-01
19.500000 1.077123e-01
19.750000 1.113916e-01
20.000000 1.137308e-01
20.250000 1.146477e-01
20.500000 1.141127e-01
20.750000 1.121431e-01
21.000000 1.087987e-01
21.250000 1.041801e-01
21.500000 9.842781e-02
21.750000 9.172473e-02
22.000000 8.430118e-02
22.250000 7.644547e-02
22.500000 6.852163e-02
22.750000 6.099461e-02
23.000000 5.445296e-02
23.250000 4.958835e-02
23.500000 4.705087e-02
23.750000 4.715494e-02
24.000000 4.965894e-02
24.250000 5.389179e-02
24.500000 5.908093e-02
24.750000 6.456922e-02
25.000000 6.986559e-02
25.250000 7.462056e-02
25.500000 7.859036e-02
25.750000 8.160897e-02
26.000000 8.356982e-02
26.250000 8.441423e-02
26.500000 8.412442e-02
26.750000 8.271913e-02
27.000000 8.025124e-02
27.250000 7.680699e-02
27.500000 7.250672e-02
27.750000 6.750801e-02
28.000000 6.201192e-02
28.250000 5.627397e-02
28.500000 5.062042e-02
28.750000 4.546625e-02
29.000000 4.131578e-02
29.250000 3.869924e-02
29.500000 3.799878e-02
29.750000 3.923939e-02
30.000000 4.205819e-02
30.250000 4.589699e-02
30.500000 5.021113e-02
30.750000 5.456212e-02
31.000000 5.862403e-02
31.250000 6.216172e-02
31.500000 6.500854e-02
31.750000 6.705023e-02
32.000000 6.821443e-02
32.250000 6.846410e-02
32.500000 6.779355e-02
32.750000 6.622617e-02
33.000000 6.381341e-02
33.250000 6.063518e-02
33.500000 5.680174e-02
33.750000 5.245821e-02
34.000000 4.779266e-02
34.250000 4.304948e-02
34.500000 3.854771e-02
34.750000 3.469556e-02
35.000000 3.196920e-02
35.250000 3.079854e-02
35.500000 3.136146e-02
35.750000 3.346195e-02
36.000000 3.664604e-02
36.250000 4.041632e-02
36.500000 4.435599e-02
36.750000 4.815175e-02
37.000000 5.157643e-02
37.250000 5.446716e-02
37.500000 5.670914e-02
37.750000 5.822512e-02
38.000000 5.896899e-02
38.250000 5.892192e-02
38.500000 5.809020e-02
38.750000 5.650423e-02
39.000000 5.421844e-02
39.250000 5.131252e-02
39.500000 4.789413e-02
39.750000 4.410415e-02
40.000000 4.012539e-02
40.250000 3.619553e-02
40.500000 3.262109e-02
40.750000 2.977778e-02
41.000000 2.806085e-02
41.250000 2.775180e-02
41.500000 2.886433e-02
41.750000 3.112946e-02
42.000000 3.414127e-02
42.250000 3.750661e-02
42.500000 4.090860e-02
42.750000 4.410966e-02
43.000000 4.693589e-02
43.250000 4.926141e-02
43.500000 5.099725e-02
43.750000 5.208414e-02
44.000000 5.248804e-02
44.250000 5.219749e-02
44.500000 5.122198e-02
44.750000 4.959126e-02
45.000000 4.735537e-02
45.250000 4.458561e-02
45.500000 4.137699e-02
45.750000 3.785291e-02
46.000000 3.417335e-02
46.250000 3.054757e-02
46.500000 2.724956e-02
46.750000 2.462292e-02
47.000000 2.303732e-02
47.250000 2.275520e-02
47.500000 2.377247e-02
47.750000 2.581105e-02
48.000000 2.847789e-02
48.250000 3.141111e-02
48.500000 3.433077e-02
48.750000 3.703339e-02
49.000000 3.937353e-02
49.250000 4.124824e-02
49.500000 4.258669e-02
49.750000 4.334390e-02
50.000000 4.349693e-02
