-50.000000 3.736661e-03
-49.750000 3.832570e-03
-49.500000 3.921691e-03
-49.250000 4.003676e-03
-49.000000 4.078194e-03
-48.750000 4.144931e-03
-48.500000 4.203591e-03
-48.250000 4.253900e-03
-48.000000 4.295605e-03
-47.750000 4.328477e-03
-47.500000 4.352311e-03
-47.250000 4.366927e-03
-47.000000 4.372173e-03
-46.750000 4.367923e-03
-46.500000 4.354082e-03
-46.250000 4.330582e-03
-46.000000 4.297388e-03
-45.750000 4.254494e-03
-45.500000 4.201926e-03
-45.250000 4.139744e-03
-45.000000 4.068038e-03
-44.750000 3.986936e-03
-44.500000 3.896598e-03
-44.250000 3.797218e-03
-44.000000 3.689030e-03
-43.750000 3.572303e-03
-43.500000 3.447349e-03
-43.250000 3.314519e-03
-43.000000 3.174213e-03
-42.750000 3.026883e-03
-42.500000 2.873040e-03
-42.250000 2.713266e-03
-42.000000 2.548231e-03
-41.750000 2.378720e-03
-41.500000 2.205668e-03
-41.250000 2.030220e-03
-41.000000 1.853826e-03
-40.750000 1.678387e-03
-40.500000 1.506487e-03
-40.250000 1.341774e-03
-40.000000 1.189513e-03
-39.750000 1.057297e-03
-39.500000 9.554987e-04
-39.250000 8.962136e-04
-39.000000 8.891727e-04
-38.750000 9.361996e-04
-38.500000 1.030069e-03
-38.250000 1.159217e-03
-38.000000 1.312738e-03
-37.750000 1.482323e-03
-37.500000 1.662150e-03
-37.250000 1.848210e-03
-37.000000 2.037695e-03
-36.750000 2.228585e-03
-36.500000 2.419372e-03
-36.250000 2.608892e-03
-36.000000 2.796221e-03
-35.750000 2.980604e-03
-35.500000 3.161411e-03
-35.250000 3.338112e-03
-35.000000 3.510250e-03
-34.750000 3.677434e-03
-34.500000 3.839325e-03
-34.250000 3.995630e-03
-34.000000 4.146096e-03
-33.750000 4.290506e-03
-33.500000 4.428677e-03
-33.250000 4.560451e-03
-33.000000 4.685701e-03
-32.750000 4.804318e-03
-32.500000 4.916215e-03
-32.250000 5.021325e-03
-32.000000 5.119592e-03
-31.750000 5.210972e-03
-31.500000 5.295432e-03
-31.250000 5.372942e-03
-31.000000 5.443476e-03
-30.750000 5.507007e-03
-30.500000 5.563504e-03
-30.250000 5.612929e-03
-30.000000 5.655237e-03
-29.750000 5.690366e-03
-29.500000 5.718244e-03
-29.250000 5.738778e-03
-29.000000 5.751856e-03
-28.750000 5.757346e-03
-28.500000 5.755092e-03
-28.250000 5.744913e-03
-28.000000 5.726605e-03
-27.750000 5.699939e-03
-27.500000 5.664661e-03
-27.250000 5.620493e-03
-27.000000 5.567136e-03
-26.750000 5.504270e-03
-26.500000 5.431558e-03
-26.250000 5.348649e-03
-26.000000 5.255182e-03
-25.750000 5.150794e-03
-25.500000 5.035121e-03
-25.250000 4.907809e-03
-25.000000 4.768527e-03
-24.750000 4.616971e-03
-24.500000 4.452888e-03
-24.250000 4.276090e-03
-24.000000 4.086487e-03
-23.750000 3.884123e-03
-23.500000 3.669235e-03
-23.250000 3.442336e-03
-23.000000 3.204347e-03
-22.750000 2.956811e-03
-22.500000 2.702230e-03
-22.250000 2.444652e-03
-22.000000 2.190652e-03
-21.750000 1.950948e-03
-21.500000 1.742739e-03
-21.250000 1.591741e-03
-21.000000 1.529784e-03
-20.750000 1.582409e-03
-20.500000 1.753401e-03
-20.250000 2.025594e-03
-20.000000 2.375580e-03
-19.750000 2.783986e-03
-19.500000 3.237442e-03
-19.250000 3.727209e-03
-19.000000 4.247540e-03
-18.750000 4.794529e-03
-18.500000 5.365391e-03
-18.250000 5.958024e-03
-18.000000 6.570749e-03
-17.750000 7.202150e-03
-17.500000 7.850969e-03
-17.250000 8.516043e-03
-17.000000 9.196261e-03
-16.750000 9.890537e-03
-16.500000 1.059779e-02
-16.250000 1.131693e-02
-16.000000 1.204685e-02
-15.750000 1.278642e-02
-15.500000 1.353451e-02
-15.250000 1.428992e-02
-15.000000 1.505147e-02
-14.750000 1.581791e-02
-14.500000 1.658801e-02
-14.250000 1.736048e-02
-14.000000 1.813403e-02
-13.750000 1.890735e-02
-13.500000 1.967912e-02
-13.250000 2.044798e-02
-13.000000 2.121259e-02
-12.750000 2.197160e-02
-12.500000 2.272365e-02
-12.250000 2.346739e-02
-12.000000 2.420146e-02
-11.750000 2.492453e-02
-11.500000 2.563527e-02
-11.250000 2.633237e-02
-11.000000 2.701455e-02
-10.750000 2.768053e-02
-10.500000 2.832910e-02
-10.250000 2.895904e-02
-10.000000 2.956920e-02
-9.750000 3.015845e-02
-9.500000 3.072571e-02
-9.250000 3.126995e-02
-9.000000 3.179018e-02
-8.750000 3.228550e-02
-8.500000 3.275501e-02
-8.250000 3.319793e-02
-8.000000 3.361351e-02
-7.750000 3.400107e-02
-7.500000 3.436002e-02
-7.250000 3.468980e-02
-7.000000 3.498998e-02
-6.750000 3.526017e-02
-6.500000 3.550005e-02
-6.250000 3.570943e-02
-6.000000 3.588814e-02
-5.750000 3.603614e-02
-5.500000 3.615345e-02
-5.250000 3.624018e-02
-5.000000 3.629654e-02
-4.750000 3.632281e-02
-4.500000 3.631935e-02
-4.250000 3.628662e-02
-4.000000 3.622516e-02
-3.750000 3.613561e-02
-3.500000 3.601865e-02
-3.250000 3.587509e-02
-3.000000 3.570580e-02
-2.750000 3.551171e-02
-2.500000 3.529386e-02
-2.250000 3.505334e-02
-2.000000 3.479131e-02
-1.750000 3.450901e-02
-1.500000 3.420772e-02
-1.250000 3.388880e-02
-1.000000 3.355363e-02
-0.750000 3.320368e-02
-0.500000 3.284042e-02
-0.250000 3.246538e-02
0.000000 3.208010e-02
0.250000 3.168615e-02
0.500000 3.128511e-02
0.750000 3.087855e-02
1.000000 3.046804e-02
1.250000 3.005513e-02
1.500000 2.964136e-02
1.750000 2.922819e-02
2.000000 2.881707e-02
2.250000 2.840936e-02
2.500000 2.800637e-02
2.750000 2.760929e-02
3.000000 2.721925e-02
3.250000 2.683724e-02
3.500000 2.646415e-02
3.750000 2.610075e-02
4.000000 2.574764e-02
4.250000 2.540531e-02
4.500000 2.507409e-02
4.750000 2.475415e-02
5.000000 2.444552e-02
5.250000 2.414807e-02
5.500000 2.386153e-02
5.750000 2.358548e-02
6.000000 2.331936e-02
6.250000 2.306251e-02
6.500000 2.281413e-02
6.750000 2.257332e-02
7.000000 2.233910e-02
7.250000 2.211043e-02
7.500000 2.188620e-02
7.750000 2.166526e-02
8.000000 2.144643e-02
8.250000 2.122854e-02
8.500000 2.101041e-02
8.750000 2.079088e-02
9.000000 2.056884e-02
9.250000 2.034320e-02
9.500000 2.011294e-02
9.750000 1.987709e-02
10.000000 1.963478e-02
10.250000 1.938518e-02
10.500000 1.912759e-02
10.750000 1.886136e-02
11.000000 1.858594e-02
11.250000 1.830090e-02
11.500000 1.800588e-02
11.750000 1.770062e-02
12.000000 1.738496e-02
12.250000 1.705884e-02
12.500000 1.672230e-02
12.750000 1.637545e-02
13.000000 1.601851e-02
13.250000 1.565178e-02
13.500000 1.527565e-02
13.750000 1.489057e-02
14.000000 1.449711e-02
14.250000 1.409588e-02
14.500000 1.368757e-02
14.750000 1.327294e-02
15.000000 1.285281e-02
15.250000 1.242808e-02
15.500000 1.199968e-02
15.750000 1.156861e-02
16.000000 1.113593e-02
16.250000 1.070273e-02
16.500000 1.027017e-02
16.750000 9.839427e-03
17.000000 9.411753e-03
17.250000 8.988428e-03
17.500000 8.570779e-03
17.750000 8.160176e-03
18.000000 7.758033e-03
18.250000 7.365808e-03
18.500000 6.985000e-03
18.750000 6.617149e-03
19.000000 6.263833e-03
19.250000 5.926652e-03
19.500000 5.607223e-03
19.750000 5.307148e-03
20.000000 5.027983e-03
20.250000 4.771191e-03
20.500000 4.538073e-03
20.750000 4.329696e-03
21.000000 4.146798e-03
21.250000 3.989702e-03
21.500000 3.858239e-03
21.750000 3.751696e-03
22.000000 3.668812e-03
22.250000 3.607819e-03
22.500000 3.566538e-03
22.750000 3.542499e-03
23.000000 3.533084e-03
23.250000 3.535674e-03
23.500000 3.547761e-03
23.750000 3.567048e-03
24.000000 3.591511e-03
24.250000 3.619437e-03
24.500000 3.649437e-03
24.750000 3.680444e-03
25.000000 3.711705e-03
25.250000 3.742755e-03
25.500000 3.773393e-03
25.750000 3.803661e-03
26.000000 3.833808e-03
26.250000 3.864262e-03
26.500000 3.895602e-03
26.750000 3.928521e-03
27.000000 3.963794e-03
27.250000 4.002243e-03
27.500000 4.044700e-03
27.750000 4.091971e-03
28.000000 4.144802e-03
28.250000 4.203846e-03
28.500000 4.269636e-03
28.750000 4.342562e-03
29.000000 4.422851e-03
29.250000 4.510566e-03
29.500000 4.605595e-03
29.750000 4.707662e-03
30.000000 4.816333e-03
30.250000 4.931034e-03
30.500000 5.051065e-03
30.750000 5.175624e-03
31.000000 5.303823e-03
31.250000 5.434710e-03
31.500000 5.567285e-03
31.750000 5.700520e-03
32.000000 5.833370e-03
32.250000 5.964790e-03
32.500000 6.093743e-03
32.750000 6.219211e-03
33.000000 6.340203e-03
33.250000 6.455761e-03
33.500000 6.564966e-03
33.750000 6.666943e-03
34.000000 6.760862e-03
34.250000 6.845947e-03
34.500000 6.921472e-03
34.750000 6.986766e-03
35.000000 7.041218e-03
35.250000 7.084271e-03
35.500000 7.115429e-03
35.750000 7.134258e-03
36.000000 7.140382e-03
36.250000 7.133488e-03
36.500000 7.113326e-03
36.750000 7.079708e-03
37.000000 7.032506e-03
37.250000 6.971658e-03
37.500000 6.897164e-03
37.750000 6.809087e-03
38.000000 6.707551e-03
38.250000 6.592746e-03
38.500000 6.464925e-03
38.750000 6.324403e-03
39.000000 6.171564e-03
39.250000 6.006854e-03
39.500000 5.830789e-03
39.750000 5.643956e-03
40.000000 5.447016e-03
40.250000 5.240712e-03
40.500000 5.025872e-03
40.750000 4.803426e-03
41.000000 4.574414e-03
41.250000 4.340011e-03
41.500000 4.101552e-03
41.750000 3.860571e-03
42.000000 3.618853e-03
42.250000 3.378504e-03
42.500000 3.142043e-03
42.750000 2.912528e-03
43.000000 2.693697e-03
43.250000 2.490127e-03
43.500000 2.307347e-03
43.750000 2.151799e-03
44.000000 2.030463e-03
44.250000 1.949959e-03
44.500000 1.915146e-03
44.750000 1.927697e-03
45.000000 1.985454e-03
45.250000 2.083023e-03
45.500000 2.213216e-03
45.750000 2.368521e-03
46.000000 2.542055e-03
46.250000 2.727973e-03
46.500000 2.921502e-03
46.750000 3.118814e-03
47.000000 3.316847e-03
47.250000 3.513140e-03
47.500000 3.705702e-03
47.750000 3.892902e-03
48.000000 4.073392e-03
48.250000 4.246049e-03
48.500000 4.409931e-03
48.750000 4.564248e-03
49.000000 4.708334e-03
49.250000 4.841636e-03
49.500000 4.963693e-03
49.750000 5.074133e-03
50.000000 5.172660e-03
