-50.000000 8.021816e-04
-49.750000 7.925034e-04
-49.500000 8.042434e-04
-49.250000 8.327622e-04
-49.000000 8.720171e-04
-48.750000 9.159132e-04
-48.500000 9.590887e-04
-48.250000 9.971679e-04
-48.000000 1.026725e-03
-47.750000 1.045154e-03
-47.500000 1.050523e-03
-47.250000 1.041468e-03
-47.000000 1.017099e-03
-46.750000 9.769335e-04
-46.500000 9.208492e-04
-46.250000 8.490438e-04
-46.000000 7.620089e-04
-45.750000 6.605200e-04
-45.500000 5.456684e-04
-45.250000 4.190271e-04
-45.000000 2.834467e-04
-44.750000 1.488653e-04
-44.500000 1.015038e-04
-44.250000 2.297520e-04
-44.000000 3.950700e-04
-43.750000 5.699906e-04
-43.500000 7.496746e-04
-43.250000 9.318184e-04
-43.000000 1.114719e-03
-42.750000 1.296904e-03
-42.500000 1.477030e-03
-42.250000 1.653843e-03
-42.000000 1.826161e-03
-41.750000 1.992860e-03
-41.500000 2.152862e-03
-41.250000 2.305121e-03
-41.000000 2.448620e-03
-40.750000 2.582353e-03
-40.500000 2.705327e-03
-40.250000 2.816551e-03
-40.000000 2.915045e-03
-39.750000 2.999843e-03
-39.500000 3.070010e-03
-39.250000 3.124657e-03
-39.000000 3.162975e-03
-38.750000 3.184267e-03
-38.500000 3.187997e-03
-38.250000 3.173844e-03
-38.000000 3.141766e-03
-37.750000 3.092088e-03
-37.500000 3.025598e-03
-37.250000 2.943672e-03
-37.000000 2.848424e-03
-36.750000 2.742891e-03
-36.500000 2.631253e-03
-36.250000 2.519059e-03
-36.000000 2.413415e-03
-35.750000 2.322984e-03
-35.500000 2.257606e-03
-35.250000 2.227272e-03
-35.000000 2.240441e-03
-34.750000 2.302173e-03
-34.500000 2.412965e-03
-34.250000 2.568937e-03
-34.000000 2.763125e-03
-33.750000 2.987084e-03
-33.500000 3.232129e-03
-33.250000 3.490038e-03
-33.000000 3.753335e-03
-32.750000 4.015343e-03
-32.500000 4.270137e-03
-32.250000 4.512468e-03
-32.000000 4.737704e-03
-31.750000 4.941783e-03
-31.500000 5.121183e-03
-31.250000 5.272911e-03
-31.000000 5.394499e-03
-30.750000 5.484007e-03
-30.500000 5.540032e-03
-30.250000 5.561716e-03
-30.000000 5.548754e-03
-29.750000 5.501407e-03
-29.500000 5.420504e-03
-29.250000 5.307455e-03
-29.000000 5.164262e-03
-28.750000 4.993526e-03
-28.500000 4.798473e-03
-28.250000 4.582985e-03
-28.000000 4.351643e-03
-27.750000 4.109795e-03
-27.500000 3.863635e-03
-27.250000 3.620289e-03
-27.000000 3.387873e-03
-26.750000 3.175441e-03
-26.500000 2.992680e-03
-26.250000 2.849196e-03
-26.000000 2.753262e-03
-25.750000 2.710228e-03
-25.500000 2.721190e-03
-25.250000 2.782653e-03
-25.000000 2.887453e-03
-24.750000 3.026435e-03
-24.500000 3.190098e-03
-24.250000 3.369707e-03
-24.000000 3.557797e-03
-23.750000 3.748274e-03
-23.500000 3.936288e-03
-23.250000 4.118018e-03
-23.000000 4.290458e-03
-22.750000 4.451207e-03
-22.500000 4.598309e-03
-22.250000 4.730107e-03
-22.000000 4.845140e-03
-21.750000 4.942066e-03
-21.500000 5.019607e-03
-21.250000 5.076526e-03
-21.000000 5.111618e-03
-20.750000 5.123725e-03
-20.500000 5.111770e-03
-20.250000 5.074802e-03
-20.000000 5.012050e-03
-19.750000 4.922989e-03
-19.500000 4.807405e-03
-19.250000 4.665469e-03
-19.000000 4.497795e-03
-18.750000 4.305506e-03
-18.500000 4.090287e-03
-18.250000 3.854426e-03
-18.000000 3.600850e-03
-17.750000 3.333144e-03
-17.500000 3.055558e-03
-17.250000 2.773006e-03
-17.000000 2.491043e-03
-16.750000 2.215837e-03
-16.500000 1.954128e-03
-16.250000 1.713180e-03
-16.000000 1.500723e-03
-15.750000 1.324884e-03
-15.500000 1.194076e-03
-15.250000 1.116816e-03
-15.000000 1.101451e-03
-14.750000 1.155912e-03
-14.500000 1.287691e-03
-14.250000 1.503979e-03
-14.000000 1.811727e-03
-13.750000 2.217481e-03
-13.500000 2.727151e-03
-13.250000 3.345800e-03
-13.000000 4.077494e-03
-12.750000 4.925197e-03
-12.500000 5.890678e-03
-12.250000 6.974442e-03
-12.000000 8.175668e-03
-11.750000 9.492163e-03
-11.500000 1.092032e-02
-11.250000 1.245513e-02
-11.000000 1.409013e-02
-10.750000 1.581748e-02
-10.500000 1.762797e-02
-10.250000 1.951105e-02
-10.000000 2.145498e-02
-9.750000 2.344683e-02
-9.500000 2.547265e-02
-9.250000 2.751759e-02
-9.000000 2.956599e-02
-8.750000 3.160159e-02
-8.500000 3.360768e-02
-8.250000 3.556724e-02
-8.000000 3.746315e-02
-7.750000 3.927840e-02
-7.500000 4.099620e-02
-7.250000 4.260029e-02
-7.000000 4.407500e-02
-6.750000 4.540555e-02
-6.500000 4.657815e-02
-6.250000 4.758021e-02
-6.000000 4.840051e-02
-5.750000 4.902933e-02
-5.500000 4.945857e-02
-5.250000 4.968194e-02
-5.000000 4.969496e-02
-4.750000 4.949517e-02
-4.500000 4.908208e-02
-4.250000 4.845732e-02
-4.000000 4.762460e-02
-3.750000 4.658980e-02
-3.500000 4.536090e-02
-3.250000 4.394807e-02
-3.000000 4.236355e-02
-2.750000 4.062177e-02
-2.500000 3.873926e-02
-2.250000 3.673473e-02
-2.000000 3.462915e-02
-1.750000 3.244587e-02
-1.500000 3.021092e-02
-1.250000 2.795339e-02
-1.000000 2.570603e-02
-0.750000 2.350610e-02
-0.500000 2.139648e-02
-0.250000 1.942671e-02
0.000000 1.765367e-02
0.250000 1.614028e-02
0.500000 1.495019e-02
0.750000 1.413633e-02
1.000000 1.372473e-02
1.250000 1.370143e-02
1.500000 1.401249e-02
1.750000 1.457856e-02
2.000000 1.531418e-02
2.250000 1.614192e-02
2.500000 1.699850e-02
2.750000 1.783542e-02
3.000000 1.861701e-02
3.250000 1.931807e-02
3.500000 1.992163e-02
3.750000 2.041719e-02
4.000000 2.079941e-02
4.250000 2.106708e-02
4.500000 2.122238e-02
4.750000 2.127026e-02
5.000000 2.121792e-02
5.250000 2.107437e-02
5.500000 2.085006e-02
5.750000 2.055642e-02
6.000000 2.020554e-02
6.250000 1.980973e-02
6.500000 1.938115e-02
6.750000 1.893136e-02
7.000000 1.847095e-02
7.250000 1.800918e-02
7.500000 1.755355e-02
7.750000 1.710965e-02
8.000000 1.668090e-02
8.250000 1.626856e-02
8.500000 1.587178e-02
8.750000 1.548784e-02
9.000000 1.511249e-02
9.250000 1.474034e-02
9.500000 1.436534e-02
9.750000 1.398121e-02
10.000000 1.358187e-02
10.250000 1.316181e-02
10.500000 1.271639e-02
10.750000 1.224200e-02
11.000000 1.173625e-02
11.250000 1.119802e-02
11.500000 1.062747e-02
11.750000 1.002596e-02
12.000000 9.396080e-03
12.250000 8.741441e-03
12.500000 8.066635e-03
12.750000 7.377092e-03
13.000000 6.678966e-03
13.250000 5.979037e-03
13.500000 5.284645e-03
13.750000 4.603682e-03
14.000000 3.944702e-03
14.250000 3.317238e-03
14.500000 2.732521e-03
14.750000 2.204968e-03
15.000000 1.754904e-03
15.250000 1.411864e-03
15.500000 1.211080e-03
15.750000 1.166789e-03
16.000000 1.242491e-03
16.250000 1.375189e-03
16.500000 1.515493e-03
16.750000 1.635090e-03
17.000000 1.719497e-03
17.250000 1.761903e-03
17.500000 1.759831e-03
17.750000 1.713470e-03
18.000000 1.624848e-03
18.250000 1.497433e-03
18.500000 1.336031e-03
18.750000 1.147066e-03
19.000000 9.396294e-04
19.250000 7.288457e-04
19.500000 5.463767e-04
19.750000 4.614529e-04
20.000000 5.394153e-04
20.250000 7.325707e-04
20.500000 9.703789e-04
20.750000 1.219035e-03
21.000000 1.462973e-03
21.250000 1.693319e-03
21.500000 1.904054e-03
21.750000 2.090712e-03
22.000000 2.249886e-03
22.250000 2.379029e-03
22.500000 2.476360e-03
22.750000 2.540827e-03
23.000000 2.572077e-03
23.250000 2.570437e-03
23.500000 2.536902e-03
23.750000 2.473117e-03
24.000000 2.381378e-03
24.250000 2.264631e-03
24.500000 2.126509e-03
24.750000 1.971399e-03
25.000000 1.804584e-03
25.250000 1.632487e-03
25.500000 1.463051e-03
25.750000 1.306216e-03
26.000000 1.174192e-03
26.250000 1.080604e-03
26.500000 1.037112e-03
26.750000 1.047904e-03
27.000000 1.106739e-03
27.250000 1.200258e-03
27.500000 1.313933e-03
27.750000 1.435661e-03
28.000000 1.556536e-03
28.250000 1.670371e-03
28.500000 1.773016e-03
28.750000 1.861822e-03
29.000000 1.935252e-03
29.250000 1.992627e-03
29.500000 2.033936e-03
29.750000 2.059699e-03
30.000000 2.070843e-03
30.250000 2.068597e-03
30.500000 2.054386e-03
30.750000 2.029735e-03
31.000000 1.996170e-03
31.250000 1.955125e-03
31.500000 1.907865e-03
31.750000 1.855426e-03
32.000000 1.798580e-03
32.250000 1.737839e-03
32.500000 1.673494e-03
32.750000 1.605700e-03
33.000000 1.534608e-03
33.250000 1.460549e-03
33.500000 1.384265e-03
33.750000 1.307201e-03
34.000000 1.231852e-03
34.250000 1.162142e-03
34.500000 1.103710e-03
34.750000 1.063838e-03
35.000000 1.050569e-03
35.250000 1.070804e-03
35.500000 1.128057e-03
35.750000 1.221395e-03
36.000000 1.346263e-03
36.250000 1.496293e-03
36.500000 1.664795e-03
36.750000 1.845514e-03
37.000000 2.032841e-03
37.250000 2.221780e-03
37.500000 2.407856e-03
37.750000 2.587023e-03
38.000000 2.755612e-03
38.250000 2.910299e-03
38.500000 3.048101e-03
38.750000 3.166382e-03
39.000000 3.262878e-03
39.250000 3.335714e-03
39.500000 3.383434e-03
39.750000 3.405031e-03
40.000000 3.399975e-03
40.250000 3.368244e-03
40.500000 3.310356e-03
40.750000 3.227404e-03
41.000000 3.121108e-03
41.250000 2.993868e-03
41.500000 2.848846e-03
41.750000 2.690078e-03
42.000000 2.522621e-03
42.250000 2.352738e-03
42.500000 2.188073e-03
42.750000 2.037735e-03
43.000000 1.912022e-03
43.250000 1.821438e-03
43.500000 1.774734e-03
43.750000 1.776424e-03
44.000000 1.825125e-03
44.250000 1.913995e-03
44.500000 2.032937e-03
44.750000 2.171074e-03
45.000000 2.318379e-03
45.250000 2.466349e-03
45.500000 2.608088e-03
45.750000 2.738137e-03
46.000000 2.852253e-03
46.250000 2.947207e-03
46.500000 3.020632e-03
46.750000 3.070897e-03
47.000000 3.097020e-03
47.250000 3.098597e-03
47.500000 3.075742e-03
47.750000 3.029038e-03
48.000000 2.959492e-03
48.250000 2.868490e-03
48.500000 2.757753e-03
48.750000 2.629296e-03
49.000000 2.485380e-03
49.250000 2.328475e-03
49.500000 2.161207e-03
49.750000 1.986324e-03
50.000000 1.806652e-03
