-50.000000 2.429975e-03
-49.750000 2.406518e-03
-49.500000 2.380156e-03
-49.250000 2.350803e-03
-49.000000 2.318380e-03
-48.750000 2.282825e-03
-48.500000 2.244088e-03
-48.250000 2.202136e-03
-48.000000 2.156955e-03
-47.750000 2.108553e-03
-47.500000 2.056961e-03
-47.250000 2.002237e-03
-47.000000 1.944471e-03
-46.750000 1.883788e-03
-46.500000 1.820353e-03
-46.250000 1.754383e-03
-46.000000 1.686149e-03
-45.750000 1.615994e-03
-45.500000 1.544344e-03
-45.250000 1.471726e-03
-45.000000 1.398796e-03
-44.750000 1.326366e-03
-44.500000 1.255440e-03
-44.250000 1.187250e-03
-44.000000 1.123299e-03
-43.750000 1.065380e-03
-43.500000 1.015560e-03
-43.250000 9.761012e-04
-43.000000 9.492696e-04
-42.750000 9.370485e-04
-42.500000 9.407991e-04
-42.250000 9.609970e-04
-42.000000 9.971620e-04
-41.750000 1.048013e-03
-41.500000 1.111760e-03
-41.250000 1.186415e-03
-41.000000 1.270016e-03
-40.750000 1.360762e-03
-40.500000 1.457064e-03
-40.250000 1.557548e-03
-40.000000 1.661033e-03
-39.750000 1.766503e-03
-39.500000 1.873075e-03
-39.250000 1.979975e-03
-39.000000 2.086515e-03
-38.750000 2.192079e-03
-38.500000 2.296104e-03
-38.250000 2.398078e-03
-38.000000 2.497524e-03
-37.750000 2.593999e-03
-37.500000 2.687092e-03
-37.250000 2.776414e-03
-37.000000 2.861601e-03
-36.750000 2.942312e-03
-36.500000 3.018228e-03
-36.250000 3.089048e-03
-36.000000 3.154495e-03
-35.750000 3.214310e-03
-35.500000 3.268257e-03
-35.250000 3.316121e-03
-35.000000 3.357710e-03
-34.750000 3.392853e-03
-34.500000 3.421404e-03
-34.250000 3.443242e-03
-34.000000 3.458271e-03
-33.750000 3.466422e-03
-33.500000 3.467655e-03
-33.250000 3.461958e-03
-33.000000 3.449349e-03
-32.750000 3.429880e-03
-32.500000 3.403637e-03
-32.250000 3.370741e-03
-32.000000 3.331351e-03
-31.750000 3.285667e-03
-31.500000 3.233931e-03
-31.250000 3.176432e-03
-31.000000 3.113511e-03
-30.750000 3.045559e-03
-30.500000 2.973029e-03
-30.250000 2.896438e-03
-30.000000 2.816373e-03
-29.750000 2.733501e-03
-29.500000 2.648573e-03
-29.250000 2.562435e-03
-29.000000 2.476034e-03
-28.750000 2.390429e-03
-28.500000 2.306789e-03
-28.250000 2.226396e-03
-28.000000 2.150638e-03
-27.750000 2.080979e-03
-27.500000 2.018929e-03
-27.250000 1.965980e-03
-27.000000 1.923522e-03
-26.750000 1.892754e-03
-26.500000 1.874573e-03
-26.250000 1.869491e-03
-26.000000 1.877568e-03
-25.750000 1.898408e-03
-25.500000 1.931187e-03
-25.250000 1.974728e-03
-25.000000 2.027605e-03
-24.750000 2.088237e-03
-24.500000 2.154985e-03
-24.250000 2.226216e-03
-24.000000 2.300361e-03
-23.750000 2.375939e-03
-23.500000 2.451582e-03
-23.250000 2.526037e-03
-23.000000 2.598169e-03
-22.750000 2.666961e-03
-22.500000 2.731511e-03
-22.250000 2.791032e-03
-22.000000 2.844848e-03
-21.750000 2.892400e-03
-21.500000 2.933249e-03
-21.250000 2.967082e-03
-21.000000 2.993730e-03
-20.750000 3.013174e-03
-20.500000 3.025571e-03
-20.250000 3.031280e-03
-20.000000 3.030882e-03
-19.750000 3.025228e-03
-19.500000 3.015467e-03
-19.250000 3.003096e-03
-19.000000 2.989997e-03
-18.750000 2.978476e-03
-18.500000 2.971282e-03
-18.250000 2.971599e-03
-18.000000 2.982996e-03
-17.750000 3.009325e-03
-17.500000 3.054544e-03
-17.250000 3.122509e-03
-17.000000 3.216720e-03
-16.750000 3.340099e-03
-16.500000 3.494828e-03
-16.250000 3.682280e-03
-16.000000 3.903059e-03
-15.750000 4.157100e-03
-15.500000 4.443828e-03
-15.250000 4.762307e-03
-15.000000 5.111381e-03
-14.750000 5.489780e-03
-14.500000 5.896195e-03
-14.250000 6.329328e-03
-14.000000 6.787915e-03
-13.750000 7.270738e-03
-13.500000 7.776633e-03
-13.250000 8.304480e-03
-13.000000 8.853200e-03
-12.750000 9.421748e-03
-12.500000 1.000911e-02
-12.250000 1.061427e-02
-12.000000 1.123625e-02
-11.750000 1.187407e-02
-11.500000 1.252674e-02
-11.250000 1.319329e-02
-11.000000 1.387271e-02
-10.750000 1.456403e-02
-10.500000 1.526622e-02
-10.250000 1.597827e-02
-10.000000 1.669916e-02
-9.750000 1.742785e-02
-9.500000 1.816327e-02
-9.250000 1.890436e-02
-9.000000 1.965006e-02
-8.750000 2.039926e-02
-8.500000 2.115087e-02
-8.250000 2.190379e-02
-8.000000 2.265690e-02
-7.750000 2.340908e-02
-7.500000 2.415921e-02
-7.250000 2.490615e-02
-7.000000 2.564879e-02
-6.750000 2.638598e-02
-6.500000 2.711661e-02
-6.250000 2.783955e-02
-6.000000 2.855368e-02
-5.750000 2.925791e-02
-5.500000 2.995112e-02
-5.250000 3.063224e-02
-5.000000 3.130020e-02
-4.750000 3.195393e-02
-4.500000 3.259240e-02
-4.250000 3.321459e-02
-4.000000 3.381951e-02
-3.750000 3.440619e-02
-3.500000 3.497367e-02
-3.250000 3.552105e-02
-3.000000 3.604744e-02
-2.750000 3.655197e-02
-2.500000 3.703383e-02
-2.250000 3.749223e-02
-2.000000 3.792642e-02
-1.750000 3.833568e-02
-1.500000 3.871933e-02
-1.250000 3.907676e-02
-1.000000 3.940736e-02
-0.750000 3.971060e-02
-0.500000 3.998596e-02
-0.250000 4.023300e-02
0.000000 4.045132e-02
0.250000 4.064054e-02
0.500000 4.080036e-02
0.750000 4.093052e-02
1.000000 4.103081e-02
1.250000 4.110108e-02
1.500000 4.114121e-02
1.750000 4.115115e-02
2.000000 4.113090e-02
2.250000 4.108051e-02
2.500000 4.100009e-02
2.750000 4.088978e-02
3.000000 4.074981e-02
3.250000 4.058042e-02
3.500000 4.038194e-02
3.750000 4.015472e-02
4.000000 3.989919e-02
4.250000 3.961582e-02
4.500000 3.930511e-02
4.750000 3.896765e-02
5.000000 3.860404e-02
5.250000 3.821496e-02
5.500000 3.780111e-02
5.750000 3.736325e-02
6.000000 3.690218e-02
6.250000 3.641876e-02
6.500000 3.591386e-02
6.750000 3.538843e-02
7.000000 3.484344e-02
7.250000 3.427989e-02
7.500000 3.369883e-02
7.750000 3.310135e-02
8.000000 3.248857e-02
8.250000 3.186164e-02
8.500000 3.122176e-02
8.750000 3.057013e-02
9.000000 2.990800e-02
9.250000 2.923665e-02
9.500000 2.855739e-02
9.750000 2.787154e-02
10.000000 2.718045e-02
10.250000 2.648550e-02
10.500000 2.578810e-02
10.750000 2.508965e-02
11.000000 2.439160e-02
11.250000 2.369540e-02
11.500000 2.300252e-02
11.750000 2.231446e-02
12.000000 2.163271e-02
12.250000 2.095879e-02
12.500000 2.029420e-02
12.750000 1.964048e-02
13.000000 1.899914e-02
13.250000 1.837170e-02
13.500000 1.775966e-02
13.750000 1.716452e-02
14.000000 1.658772e-02
14.250000 1.603068e-02
14.500000 1.549477e-02
14.750000 1.498127e-02
15.000000 1.449138e-02
15.250000 1.402618e-02
15.500000 1.358664e-02
15.750000 1.317354e-02
16.000000 1.278749e-02
16.250000 1.242889e-02
16.500000 1.209791e-02
16.750000 1.179444e-02
17.000000 1.151813e-02
17.250000 1.126835e-02
17.500000 1.104418e-02
17.750000 1.084445e-02
18.000000 1.066775e-02
18.250000 1.051243e-02
18.500000 1.037667e-02
18.750000 1.025851e-02
19.000000 1.015588e-02
19.250000 1.006666e-02
19.500000 9.988694e-03
19.750000 9.919863e-03
20.000000 9.858095e-03
20.250000 9.801401e-03
20.500000 9.747895e-03
20.750000 9.695814e-03
21.000000 9.643529e-03
21.250000 9.589552e-03
21.500000 9.532539e-03
21.750000 9.471294e-03
22.000000 9.404764e-03
22.250000 9.332036e-03
22.500000 9.252335e-03
22.750000 9.165012e-03
23.000000 9.069541e-03
23.250000 8.965513e-03
23.500000 8.852627e-03
23.750000 8.730683e-03
24.000000 8.599576e-03
24.250000 8.459288e-03
24.500000 8.309884e-03
24.750000 8.151505e-03
25.000000 7.984361e-03
25.250000 7.808727e-03
25.500000 7.624938e-03
25.750000 7.433386e-03
26.000000 7.234514e-03
26.250000 7.028813e-03
26.500000 6.816818e-03
26.750000 6.599107e-03
27.000000 6.376297e-03
27.250000 6.149044e-03
27.500000 5.918039e-03
27.750000 5.684009e-03
28.000000 5.447719e-03
28.250000 5.209969e-03
28.500000 4.971598e-03
28.750000 4.733487e-03
29.000000 4.496564e-03
29.250000 4.261805e-03
29.500000 4.030249e-03
29.750000 3.802999e-03
30.000000 3.581240e-03
30.250000 3.366244e-03
30.500000 3.159386e-03
30.750000 2.962151e-03
31.000000 2.776140e-03
31.250000 2.603064e-03
31.500000 2.444712e-03
31.750000 2.302897e-03
32.000000 2.179353e-03
32.250000 2.075592e-03
32.500000 1.992714e-03
32.750000 1.931213e-03
33.000000 1.890819e-03
33.250000 1.870433e-03
33.500000 1.868189e-03
33.750000 1.881620e-03
34.000000 1.907908e-03
34.250000 1.944118e-03
34.500000 1.987405e-03
34.750000 2.035144e-03
35.000000 2.085005e-03
35.250000 2.134974e-03
35.500000 2.183344e-03
35.750000 2.228694e-03
36.000000 2.269852e-03
36.250000 2.305864e-03
36.500000 2.335964e-03
36.750000 2.359545e-03
37.000000 2.376138e-03
37.250000 2.385390e-03
37.500000 2.387053e-03
37.750000 2.380965e-03
38.000000 2.367044e-03
38.250000 2.345280e-03
38.500000 2.315723e-03
38.750000 2.278483e-03
39.000000 2.233724e-03
39.250000 2.181660e-03
39.500000 2.122557e-03
39.750000 2.056728e-03
40.000000 1.984537e-03
40.250000 1.906399e-03
40.500000 1.822789e-03
40.750000 1.734248e-03
41.000000 1.641392e-03
41.250000 1.544938e-03
41.500000 1.445724e-03
41.750000 1.344754e-03
42.000000 1.243258e-03
42.250000 1.142774e-03
42.500000 1.045274e-03
42.750000 9.533197e-04
43.000000 8.702371e-04
43.250000 8.002216e-04
43.500000 7.481630e-04
43.750000 7.188918e-04
44.000000 7.157780e-04
44.250000 7.393573e-04
44.500000 7.871052e-04
44.750000 8.545709e-04
45.000000 9.368729e-04
45.250000 1.029660e-03
45.500000 1.129425e-03
45.750000 1.233464e-03
46.000000 1.339709e-03
46.250000 1.446564e-03
46.500000 1.552776e-03
46.750000 1.657338e-03
47.000000 1.759425e-03
47.250000 1.858345e-03
47.500000 1.953509e-03
47.750000 2.044409e-03
48.000000 2.130604e-03
48.250000 2.211706e-03
48.500000 2.287376e-03
48.750000 2.357316e-03
49.000000 2.421266e-03
49.250000 2.479002e-03
49.500000 2.530331e-03
49.750000 2.575093e-03
50.000000 2.613157e-03
