-50.000000 1.872908e-03
-49.750000 1.958501e-03
-49.500000 2.042827e-03
-49.250000 2.125799e-03
-49.000000 2.207327e-03
-48.750000 2.287324e-03
-48.500000 2.365704e-03
-48.250000 2.442379e-03
-48.000000 2.517265e-03
-47.750000 2.590278e-03
-47.500000 2.661336e-03
-47.250000 2.730356e-03
-47.000000 2.797258e-03
-46.750000 2.861962e-03
-46.500000 2.924392e-03
-46.250000 2.984471e-03
-46.000000 3.042125e-03
-45.750000 3.097280e-03
-45.500000 3.149865e-03
-45.250000 3.199811e-03
-45.000000 3.247051e-03
-44.750000 3.291518e-03
-44.500000 3.333149e-03
-44.250000 3.371883e-03
-44.000000 3.407659e-03
-43.750000 3.440422e-03
-43.500000 3.470115e-03
-43.250000 3.496686e-03
-43.000000 3.520084e-03
-42.750000 3.540263e-03
-42.500000 3.557176e-03
-42.250000 3.570780e-03
-42.000000 3.581036e-03
-41.750000 3.587905e-03
-41.500000 3.591353e-03
-41.250000 3.591347e-03
-41.000000 3.587858e-03
-40.750000 3.580859e-03
-40.500000 3.570325e-03
-40.250000 3.556238e-03
-40.000000 3.538577e-03
-39.750000 3.517328e-03
-39.500000 3.492479e-03
-39.250000 3.464020e-03
-39.000000 3.431945e-03
-38.750000 3.396251e-03
-38.500000 3.356939e-03
-38.250000 3.314010e-03
-38.000000 3.267471e-03
-37.750000 3.217330e-03
-37.500000 3.163601e-03
-37.250000 3.106299e-03
-37.000000 3.045440e-03
-36.750000 2.981049e-03
-36.500000 2.913148e-03
-36.250000 2.841766e-03
-36.000000 2.766933e-03
-35.750000 2.688684e-03
-35.500000 2.607055e-03
-35.250000 2.522087e-03
-35.000000 2.433824e-03
-34.750000 2.342311e-03
-34.500000 2.247599e-03
-34.250000 2.149740e-03
-34.000000 2.048791e-03
-33.750000 1.944812e-03
-33.500000 1.837865e-03
-33.250000 1.728018e-03
-33.000000 1.615343e-03
-32.750000 1.499914e-03
-32.500000 1.381815e-03
-32.250000 1.261135e-03
-32.000000 1.137973e-03
-31.750000 1.012443e-03
-31.500000 8.846869e-04
-31.250000 7.548884e-04
-31.000000 6.233257e-04
-30.750000 4.904950e-04
-30.500000 3.575230e-04
-30.250000 2.280152e-04
-30.000000 1.214766e-04
-29.750000 1.330492e-04
-29.500000 2.496394e-04
-29.250000 3.873061e-04
-29.000000 5.310882e-04
-28.750000 6.779768e-04
-28.500000 8.269663e-04
-28.250000 9.775854e-04
-28.000000 1.129551e-03
-27.750000 1.282661e-03
-27.500000 1.436749e-03
-27.250000 1.591670e-03
-27.000000 1.747290e-03
-26.750000 1.903480e-03
-26.500000 2.060116e-03
-26.250000 2.217075e-03
-26.000000 2.374237e-03
-25.750000 2.531481e-03
-25.500000 2.688687e-03
-25.250000 2.845737e-03
-25.000000 3.002510e-03
-24.750000 3.158889e-03
-24.500000 3.314754e-03
-24.250000 3.469986e-03
-24.000000 3.624469e-03
-23.750000 3.778083e-03
-23.500000 3.930712e-03
-23.250000 4.082238e-03
-23.000000 4.232545e-03
-22.750000 4.381517e-03
-22.500000 4.529038e-03
-22.250000 4.674995e-03
-22.000000 4.819274e-03
-21.750000 4.961762e-03
-21.500000 5.102349e-03
-21.250000 5.240923e-03
-21.000000 5.377376e-03
-20.750000 5.511600e-03
-20.500000 5.643488e-03
-20.250000 5.772937e-03
-20.000000 5.899842e-03
-19.750000 6.024102e-03
-19.500000 6.145618e-03
-19.250000 6.264291e-03
-19.000000 6.380027e-03
-18.750000 6.492729e-03
-18.500000 6.602308e-03
-18.250000 6.708673e-03
-18.000000 6.811736e-03
-17.750000 6.911414e-03
-17.500000 7.007622e-03
-17.250000 7.100282e-03
-17.000000 7.189315e-03
-16.750000 7.274646e-03
-16.500000 7.356202e-03
-16.250000 7.433916e-03
-16.000000 7.507719e-03
-15.750000 7.577547e-03
-15.500000 7.643340e-03
-15.250000 7.705040e-03
-15.000000 7.762592e-03
-14.750000 7.815943e-03
-14.500000 7.865046e-03
-14.250000 7.909855e-03
-14.000000 7.950327e-03
-13.750000 7.986423e-03
-13.500000 8.018108e-03
-13.250000 8.045349e-03
-13.000000 8.068117e-03
-12.750000 8.086388e-03
-12.500000 8.100138e-03
-12.250000 8.109349e-03
-12.000000 8.114005e-03
-11.750000 8.114097e-03
-11.500000 8.109614e-03
-11.250000 8.100553e-03
-11.000000 8.086912e-03
-10.750000 8.068695e-03
-10.500000 8.045908e-03
-10.250000 8.018560e-03
-10.000000 7.986665e-03
-9.750000 7.950240e-03
-9.500000 7.909305e-03
-9.250000 7.863886e-03
-9.000000 7.814010e-03
-8.750000 7.759708e-03
-8.500000 7.701016e-03
-8.250000 7.637973e-03
-8.000000 7.570621e-03
-7.750000 7.499007e-03
-7.500000 7.423179e-03
-7.250000 7.343192e-03
-7.000000 7.259102e-03
-6.750000 7.170969e-03
-6.500000 7.078859e-03
-6.250000 6.982839e-03
-6.000000 6.882980e-03
-5.750000 6.779358e-03
-5.500000 6.672051e-03
-5.250000 6.561142e-03
-5.000000 6.446718e-03
-4.750000 6.328869e-03
-4.500000 6.207689e-03
-4.250000 6.083276e-03
-4.000000 5.955733e-03
-3.750000 5.825166e-03
-3.500000 5.691687e-03
-3.250000 5.555412e-03
-3.000000 5.416462e-03
-2.750000 5.274962e-03
-2.500000 5.131046e-03
-2.250000 4.984851e-03
-2.000000 4.836524e-03
-1.750000 4.686218e-03
-1.500000 4.534094e-03
-1.250000 4.380324e-03
-1.000000 4.225093e-03
-0.750000 4.068596e-03
-0.500000 3.911047e-03
-0.250000 3.752676e-03
0.000000 3.593737e-03
0.250000 3.434509e-03
0.500000 3.275306e-03
0.750000 3.116481e-03
1.000000 2.958438e-03
1.250000 2.801642e-03
1.500000 2.646638e-03
1.750000 2.494069e-03
2.000000 2.344704e-03
2.250000 2.199468e-03
2.500000 2.059483e-03
2.750000 1.926115e-03
3.000000 1.801021e-03
3.250000 1.686188e-03
3.500000 1.583948e-03
3.750000 1.496927e-03
4.000000 1.427891e-03
4.250000 1.379462e-03
4.500000 1.353702e-03
4.750000 1.351693e-03
5.000000 1.373266e-03
5.250000 1.417019e-03
5.500000 1.480622e-03
5.750000 1.561250e-03
6.000000 1.655995e-03
6.250000 1.762141e-03
6.500000 1.877302e-03
6.750000 1.999458e-03
7.000000 2.126941e-03
7.250000 2.258381e-03
7.500000 2.392662e-03
7.750000 2.528866e-03
8.000000 2.666240e-03
8.250000 2.804157e-03
8.500000 2.942091e-03
8.750000 3.079598e-03
9.000000 3.216296e-03
9.250000 3.351858e-03
9.500000 3.485996e-03
9.750000 3.618458e-03
10.000000 3.749018e-03
10.250000 3.877477e-03
10.500000 4.003653e-03
10.750000 4.127383e-03
11.000000 4.248517e-03
11.250000 4.366918e-03
11.500000 4.482461e-03
11.750000 4.595028e-03
12.000000 4.704514e-03
12.250000 4.810820e-03
12.500000 4.913852e-03
12.750000 5.013527e-03
13.000000 5.109765e-03
13.250000 5.202494e-03
13.500000 5.291646e-03
13.750000 5.377159e-03
14.000000 5.458976e-03
14.250000 5.537044e-03
14.500000 5.611317e-03
14.750000 5.681751e-03
15.000000 5.748308e-03
15.250000 5.810953e-03
15.500000 5.869657e-03
15.750000 5.924394e-03
16.000000 5.975141e-03
16.250000 6.021881e-03
16.500000 6.064600e-03
16.750000 6.103289e-03
17.000000 6.137941e-03
17.250000 6.168553e-03
17.500000 6.195128e-03
17.750000 6.217671e-03
18.000000 6.236189e-03
18.250000 6.250697e-03
18.500000 6.261209e-03
18.750000 6.267747e-03
19.000000 6.270332e-03
19.250000 6.268992e-03
19.500000 6.263756e-03
19.750000 6.254659e-03
20.000000 6.241737e-03
20.250000 6.225031e-03
20.500000 6.204585e-03
20.750000 6.180444e-03
21.000000 6.152661e-03
21.250000 6.121287e-03
21.500000 6.086380e-03
21.750000 6.047999e-03
22.000000 6.006208e-03
22.250000 5.961072e-03
22.500000 5.912660e-03
22.750000 5.861044e-03
23.000000 5.806300e-03
23.250000 5.748504e-03
23.500000 5.687739e-03
23.750000 5.624089e-03
24.000000 5.557639e-03
24.250000 5.488480e-03
24.500000 5.416705e-03
24.750000 5.342409e-03
25.000000 5.265690e-03
25.250000 5.186650e-03
25.500000 5.105394e-03
25.750000 5.022030e-03
26.000000 4.936667e-03
26.250000 4.849420e-03
26.500000 4.760405e-03
26.750000 4.669743e-03
27.000000 4.577558e-03
27.250000 4.483978e-03
27.500000 4.389134e-03
27.750000 4.293160e-03
28.000000 4.196197e-03
28.250000 4.098389e-03
28.500000 3.999885e-03
28.750000 3.900839e-03
29.000000 3.801410e-03
29.250000 3.701766e-03
29.500000 3.602077e-03
29.750000 3.502525e-03
30.000000 3.403297e-03
30.250000 3.304588e-03
30.500000 3.206604e-03
30.750000 3.109562e-03
31.000000 3.013686e-03
31.250000 2.919217e-03
31.500000 2.826403e-03
31.750000 2.735510e-03
32.000000 2.646816e-03
32.250000 2.560611e-03
32.500000 2.477203e-03
32.750000 2.396911e-03
33.000000 2.320066e-03
33.250000 2.247008e-03
33.500000 2.178086e-03
33.750000 2.113647e-03
34.000000 2.054033e-03
34.250000 1.999575e-03
34.500000 1.950577e-03
34.750000 1.907313e-03
35.000000 1.870007e-03
35.250000 1.838828e-03
35.500000 1.813877e-03
35.750000 1.795178e-03
36.000000 1.782673e-03
36.250000 1.776225e-03
36.500000 1.775615e-03
36.750000 1.780552e-03
37.000000 1.790685e-03
37.250000 1.805612e-03
37.500000 1.824896e-03
37.750000 1.848079e-03
38.000000 1.874691e-03
38.250000 1.904266e-03
38.500000 1.936345e-03
38.750000 1.970488e-03
39.000000 2.006277e-03
39.250000 2.043318e-03
39.500000 2.081242e-03
39.750000 2.119710e-03
40.000000 2.158409e-03
40.250000 2.197050e-03
40.500000 2.235373e-03
40.750000 2.273137e-03
41.000000 2.310126e-03
41.250000 2.346142e-03
41.500000 2.381009e-03
41.750000 2.414563e-03
42.000000 2.446661e-03
42.250000 2.477172e-03
42.500000 2.505977e-03
42.750000 2.532972e-03
43.000000 2.558061e-03
43.250000 2.581163e-03
43.500000 2.602200e-03
43.750000 2.621109e-03
44.000000 2.637831e-03
44.250000 2.652317e-03
44.500000 2.664523e-03
44.750000 2.674413e-03
45.000000 2.681957e-03
45.250000 2.687129e-03
45.500000 2.689912e-03
45.750000 2.690291e-03
46.000000 2.688258e-03
46.250000 2.683807e-03
46.500000 2.676939e-03
46.750000 2.667657e-03
47.000000 2.655971e-03
47.250000 2.641892e-03
47.500000 2.625436e-03
47.750000 2.606621e-03
48.000000 2.585470e-03
48.250000 2.562010e-03
48.500000 2.536268e-03
48.750000 2.508278e-03
49.000000 2.478073e-03
49.250000 2.445691e-03
49.500000 2.411174e-03
49.750000 2.374563e-03
50.000000 2.335905e-03
