-50.000000 1.865516e-03
-49.750000 1.887510e-03
-49.500000 1.908798e-03
-49.250000 1.929329e-03
-49.000000 1.949054e-03
-48.750000 1.967922e-03
-48.500000 1.985883e-03
-48.250000 2.002889e-03
-48.000000 2.018892e-03
-47.750000 2.033843e-03
-47.500000 2.047696e-03
-47.250000 2.060404e-03
-47.000000 2.071924e-03
-46.750000 2.082211e-03
-46.500000 2.091222e-03
-46.250000 2.098917e-03
-46.000000 2.105256e-03
-45.750000 2.110201e-03
-45.500000 2.113715e-03
-45.250000 2.115766e-03
-45.000000 2.116320e-03
-44.750000 2.115349e-03
-44.500000 2.112824e-03
-44.250000 2.108720e-03
-44.000000 2.103016e-03
-43.750000 2.095692e-03
-43.500000 2.086731e-03
-43.250000 2.076119e-03
-43.000000 2.063847e-03
-42.750000 2.049906e-03
-42.500000 2.034293e-03
-42.250000 2.017006e-03
-42.000000 1.998049e-03
-41.750000 1.977427e-03
-41.500000 1.955151e-03
-41.250000 1.931232e-03
-41.000000 1.905689e-03
-40.750000 1.878540e-03
-40.500000 1.849810e-03
-40.250000 1.819527e-03
-40.000000 1.787719e-03
-39.750000 1.754423e-03
-39.500000 1.719675e-03
-39.250000 1.683515e-03
-39.000000 1.645988e-03
-38.750000 1.607141e-03
-38.500000 1.567024e-03
-38.250000 1.525688e-03
-38.000000 1.483190e-03
-37.750000 1.439587e-03
-37.500000 1.394939e-03
-37.250000 1.349309e-03
-37.000000 1.302761e-03
-36.750000 1.255361e-03
-36.500000 1.207179e-03
-36.250000 1.158282e-03
-36.000000 1.108744e-03
-35.750000 1.058638e-03
-35.500000 1.008038e-03
-35.250000 9.570227e-04
-35.000000 9.056723e-04
-34.750000 8.540707e-04
-34.500000 8.023073e-04
-34.250000 7.504782e-04
-34.000000 6.986900e-04
-33.750000 6.470646e-04
-33.500000 5.957462e-04
-33.250000 5.449131e-04
-33.000000 4.947955e-04
-32.750000 4.457045e-04
-32.500000 3.980791e-04
-32.250000 3.525631e-04
-32.000000 3.101273e-04
-31.750000 2.722515e-04
-31.500000 2.411293e-04
-31.250000 2.196910e-04
-31.000000 2.109643e-04
-30.750000 2.165641e-04
-30.500000 2.355635e-04
-30.250000 2.652104e-04
-30.000000 3.025216e-04
-29.750000 3.451699e-04
-29.500000 3.915818e-04
-29.250000 4.407525e-04
-29.000000 4.920531e-04
-28.750000 5.450936e-04
-28.500000 5.996363e-04
-28.250000 6.555416e-04
-28.000000 7.127340e-04
-27.750000 7.711813e-04
-27.500000 8.308797e-04
-27.250000 8.918450e-04
-27.000000 9.541052e-04
-26.750000 1.017696e-03
-26.500000 1.082658e-03
-26.250000 1.149030e-03
-26.000000 1.216854e-03
-25.750000 1.286166e-03
-25.500000 1.356998e-03
-25.250000 1.429378e-03
-25.000000 1.503324e-03
-24.750000 1.578851e-03
-24.500000 1.655961e-03
-24.250000 1.734652e-03
-24.000000 1.814909e-03
-23.750000 1.896710e-03
-23.500000 1.980021e-03
-23.250000 2.064800e-03
-23.000000 2.150995e-03
-22.750000 2.238544e-03
-22.500000 2.327373e-03
-22.250000 2.417402e-03
-22.000000 2.508538e-03
-21.750000 2.600681e-03
-21.500000 2.693722e-03
-21.250000 2.787541e-03
-21.000000 2.882012e-03
-20.750000 2.977000e-03
-20.500000 3.072361e-03
-20.250000 3.167947e-03
-20.000000 3.263600e-03
-19.750000 3.359157e-03
-19.500000 3.454448e-03
-19.250000 3.549300e-03
-19.000000 3.643530e-03
-18.750000 3.736956e-03
-18.500000 3.829388e-03
-18.250000 3.920634e-03
-18.000000 4.010498e-03
-17.750000 4.098782e-03
-17.500000 4.185285e-03
-17.250000 4.269805e-03
-17.000000 4.352139e-03
-16.750000 4.432083e-03
-16.500000 4.509432e-03
-16.250000 4.583983e-03
-16.000000 4.655533e-03
-15.750000 4.723879e-03
-15.500000 4.788822e-03
-15.250000 4.850164e-03
-15.000000 4.907712e-03
-14.750000 4.961272e-03
-14.500000 5.010659e-03
-14.250000 5.055688e-03
-14.000000 5.096181e-03
-13.750000 5.131965e-03
-13.500000 5.162871e-03
-13.250000 5.188740e-03
-13.000000 5.209415e-03
-12.750000 5.224749e-03
-12.500000 5.234600e-03
-12.250000 5.238837e-03
-12.000000 5.237334e-03
-11.750000 5.229976e-03
-11.500000 5.216654e-03
-11.250000 5.197272e-03
-11.000000 5.171739e-03
-10.750000 5.139979e-03
-10.500000 5.101922e-03
-10.250000 5.057509e-03
-10.000000 5.006694e-03
-9.750000 4.949439e-03
-9.500000 4.885720e-03
-9.250000 4.815521e-03
-9.000000 4.738839e-03
-8.750000 4.655684e-03
-8.500000 4.566074e-03
-8.250000 4.470043e-03
-8.000000 4.367634e-03
-7.750000 4.258902e-03
-7.500000 4.143915e-03
-7.250000 4.022753e-03
-7.000000 3.895506e-03
-6.750000 3.762279e-03
-6.500000 3.623184e-03
-6.250000 3.478350e-03
-6.000000 3.327914e-03
-5.750000 3.172026e-03
-5.500000 3.010845e-03
-5.250000 2.844545e-03
-5.000000 2.673308e-03
-4.750000 2.497326e-03
-4.500000 2.316805e-03
-4.250000 2.131958e-03
-4.000000 1.943010e-03
-3.750000 1.750196e-03
-3.500000 1.553762e-03
-3.250000 1.353966e-03
-3.000000 1.151078e-03
-2.750000 9.453922e-04
-2.500000 7.372379e-04
-2.250000 5.270474e-04
-2.000000 3.156719e-04
-1.750000 1.085149e-04
-1.500000 1.277622e-04
-1.250000 3.390473e-04
-1.000000 5.557027e-04
-0.750000 7.736183e-04
-0.500000 9.919929e-04
-0.250000 1.210372e-03
0.000000 1.428384e-03
0.250000 1.645683e-03
0.500000 1.861932e-03
0.750000 2.076803e-03
1.000000 2.289967e-03
1.250000 2.501101e-03
1.500000 2.709882e-03
1.750000 2.915990e-03
2.000000 3.119108e-03
2.250000 3.318923e-03
2.500000 3.515124e-03
2.750000 3.707406e-03
3.000000 3.895469e-03
3.250000 4.079017e-03
3.500000 4.257763e-03
3.750000 4.431422e-03
4.000000 4.599719e-03
4.250000 4.762388e-03
4.500000 4.919168e-03
4.750000 5.069808e-03
5.000000 5.214066e-03
5.250000 5.351710e-03
5.500000 5.482519e-03
5.750000 5.606279e-03
6.000000 5.722791e-03
6.250000 5.831866e-03
6.500000 5.933325e-03
6.750000 6.027004e-03
7.000000 6.112749e-03
7.250000 6.190421e-03
7.500000 6.259891e-03
7.750000 6.321048e-03
8.000000 6.373790e-03
8.250000 6.418032e-03
8.500000 6.453701e-03
8.750000 6.480740e-03
9.000000 6.499106e-03
9.250000 6.508769e-03
9.500000 6.509715e-03
9.750000 6.501946e-03
10.000000 6.485477e-03
10.250000 6.460337e-03
10.500000 6.426573e-03
10.750000 6.384243e-03
11.000000 6.333423e-03
11.250000 6.274203e-03
11.500000 6.206685e-03
11.750000 6.130989e-03
12.000000 6.047247e-03
12.250000 5.955608e-03
12.500000 5.856231e-03
12.750000 5.749294e-03
13.000000 5.634984e-03
13.250000 5.513504e-03
13.500000 5.385071e-03
13.750000 5.249914e-03
14.000000 5.108276e-03
14.250000 4.960413e-03
14.500000 4.806593e-03
14.750000 4.647100e-03
15.000000 4.482229e-03
15.250000 4.312288e-03
15.500000 4.137602e-03
15.750000 3.958510e-03
16.000000 3.775368e-03
16.250000 3.588549e-03
16.500000 3.398448e-03
16.750000 3.205488e-03
17.000000 3.010119e-03
17.250000 2.812834e-03
17.500000 2.614178e-03
17.750000 2.414767e-03
18.000000 2.215318e-03
18.250000 2.016696e-03
18.500000 1.819986e-03
18.750000 1.626612e-03
19.000000 1.438541e-03
19.250000 1.258625e-03
19.500000 1.091174e-03
19.750000 9.428446e-04
20.000000 8.236602e-04
20.250000 7.468957e-04
20.500000 7.249213e-04
20.750000 7.609755e-04
21.000000 8.460132e-04
21.250000 9.654733e-04
21.500000 1.106560e-03
21.750000 1.260353e-03
22.000000 1.421100e-03
22.250000 1.585100e-03
22.500000 1.749907e-03
22.750000 1.913833e-03
23.000000 2.075664e-03
23.250000 2.234486e-03
23.500000 2.389584e-03
23.750000 2.540381e-03
24.000000 2.686397e-03
24.250000 2.827225e-03
24.500000 2.962512e-03
24.750000 3.091948e-03
25.000000 3.215261e-03
25.250000 3.332207e-03
25.500000 3.442569e-03
25.750000 3.546155e-03
26.000000 3.642793e-03
26.250000 3.732333e-03
26.500000 3.814642e-03
26.750000 3.889605e-03
27.000000 3.957127e-03
27.250000 4.017127e-03
27.500000 4.069544e-03
27.750000 4.114329e-03
28.000000 4.151452e-03
28.250000 4.180898e-03
28.500000 4.202666e-03
28.750000 4.216772e-03
29.000000 4.223246e-03
29.250000 4.222133e-03
29.500000 4.213491e-03
29.750000 4.197395e-03
30.000000 4.173931e-03
30.250000 4.143201e-03
30.500000 4.105319e-03
30.750000 4.060413e-03
31.000000 4.008621e-03
31.250000 3.950098e-03
31.500000 3.885008e-03
31.750000 3.813528e-03
32.000000 3.735846e-03
32.250000 3.652161e-03
32.500000 3.562683e-03
32.750000 3.467633e-03
33.000000 3.367242e-03
33.250000 3.261751e-03
33.500000 3.151411e-03
33.750000 3.036482e-03
34.000000 2.917235e-03
34.250000 2.793950e-03
34.500000 2.666917e-03
34.750000 2.536437e-03
35.000000 2.402823e-03
35.250000 2.266403e-03
35.500000 2.127520e-03
35.750000 1.986538e-03
36.000000 1.843846e-03
36.250000 1.699873e-03
36.500000 1.555096e-03
36.750000 1.410072e-03
37.000000 1.265475e-03
37.250000 1.122169e-03
37.500000 9.813374e-04
37.750000 8.447240e-04
38.000000 7.150938e-04
38.250000 5.971232e-04
38.500000 4.989271e-04
38.750000 4.334849e-04
39.000000 4.154489e-04
39.250000 4.491894e-04
39.500000 5.233537e-04
39.750000 6.222234e-04
40.000000 7.344854e-04
40.250000 8.535097e-04
40.500000 9.755118e-04
40.750000 1.098239e-03
41.000000 1.220264e-03
41.250000 1.340620e-03
41.500000 1.458613e-03
41.750000 1.573715e-03
42.000000 1.685507e-03
42.250000 1.793647e-03
42.500000 1.897845e-03
42.750000 1.997850e-03
43.000000 2.093446e-03
43.250000 2.184441e-03
43.500000 2.270664e-03
43.750000 2.351966e-03
44.000000 2.428215e-03
44.250000 2.499294e-03
44.500000 2.565102e-03
44.750000 2.625553e-03
45.000000 2.680574e-03
45.250000 2.730106e-03
45.500000 2.774104e-03
45.750000 2.812535e-03
46.000000 2.845377e-03
46.250000 2.872623e-03
46.500000 2.894276e-03
46.750000 2.910353e-03
47.000000 2.920879e-03
47.250000 2.925895e-03
47.500000 2.925449e-03
47.750000 2.919603e-03
48.000000 2.908426e-03
48.250000 2.892002e-03
48.500000 2.870420e-03
48.750000 2.843783e-03
49.000000 2.812201e-03
49.250000 2.775794e-03
49.500000 2.734690e-03
49.750000 2.689026e-03
50.000000 2.638949e-03
