-50.000000 9.866375e-04
-49.750000 9.483210e-04
-49.500000 9.004784e-04
-49.250000 8.435104e-04
-49.000000 7.780317e-04
-48.750000 7.048768e-04
-48.500000 6.251139e-04
-48.250000 5.400831e-04
-48.000000 4.514982e-04
-47.750000 3.617273e-04
-47.500000 2.746243e-04
-47.250000 1.982101e-04
-47.000000 1.518516e-04
-46.750000 1.618826e-04
-46.500000 2.170845e-04
-46.250000 2.885672e-04
-46.000000 3.624139e-04
-45.750000 4.330524e-04
-45.500000 4.977841e-04
-45.250000 5.550526e-04
-45.000000 6.038894e-04
-44.750000 6.437117e-04
-44.500000 6.742384e-04
-44.250000 6.954482e-04
-44.000000 7.075518e-04
-43.750000 7.109673e-04
-43.500000 7.062938e-04
-43.250000 6.942804e-04
-43.000000 6.757900e-04
-42.750000 6.517577e-04
-42.500000 6.231443e-04
-42.250000 5.908887e-04
-42.000000 5.558618e-04
-41.750000 5.188294e-04
-41.500000 4.804358e-04
-41.250000 4.412203e-04
-41.000000 4.016905e-04
-40.750000 3.624822e-04
-40.500000 3.246551e-04
-40.250000 2.901867e-04
-40.000000 2.626521e-04
-39.750000 2.476434e-04
-39.500000 2.515414e-04
-39.250000 2.779796e-04
-39.000000 3.256852e-04
-38.750000 3.905489e-04
-38.500000 4.683849e-04
-38.250000 5.558587e-04
-38.000000 6.503533e-04
-37.750000 7.496646e-04
-37.500000 8.517880e-04
-37.250000 9.548043e-04
-37.000000 1.056832e-03
-36.750000 1.156019e-03
-36.500000 1.250561e-03
-36.250000 1.338727e-03
-36.000000 1.418899e-03
-35.750000 1.489610e-03
-35.500000 1.549592e-03
-35.250000 1.597813e-03
-35.000000 1.633525e-03
-34.750000 1.656297e-03
-34.500000 1.666061e-03
-34.250000 1.663144e-03
-34.000000 1.648297e-03
-33.750000 1.622725e-03
-33.500000 1.588100e-03
-33.250000 1.546566e-03
-33.000000 1.500715e-03
-32.750000 1.453518e-03
-32.500000 1.408193e-03
-32.250000 1.367986e-03
-32.000000 1.335849e-03
-31.750000 1.314053e-03
-31.500000 1.303811e-03
-31.250000 1.305018e-03
-31.000000 1.316230e-03
-30.750000 1.334865e-03
-30.500000 1.357573e-03
-30.250000 1.380645e-03
-30.000000 1.400370e-03
-29.750000 1.413286e-03
-29.500000 1.416351e-03
-29.250000 1.407030e-03
-29.000000 1.383346e-03
-28.750000 1.343907e-03
-28.500000 1.287921e-03
-28.250000 1.215231e-03
-28.000000 1.126368e-03
-27.750000 1.022675e-03
-27.500000 9.065740e-04
-27.250000 7.821525e-04
-27.000000 6.564954e-04
-26.750000 5.426120e-04
-26.500000 4.640669e-04
-26.250000 4.522066e-04
-26.000000 5.188233e-04
-25.750000 6.424977e-04
-25.500000 7.965091e-04
-25.250000 9.636869e-04
-25.000000 1.134030e-03
-24.750000 1.301185e-03
-24.500000 1.460641e-03
-24.250000 1.608926e-03
-24.000000 1.743246e-03
-23.750000 1.861332e-03
-23.500000 1.961369e-03
-23.250000 2.041963e-03
-23.000000 2.102133e-03
-22.750000 2.141304e-03
-22.500000 2.159309e-03
-22.250000 2.156379e-03
-22.000000 2.133140e-03
-21.750000 2.090607e-03
-21.500000 2.030168e-03
-21.250000 1.953576e-03
-21.000000 1.862936e-03
-20.750000 1.760699e-03
-20.500000 1.649654e-03
-20.250000 1.532935e-03
-20.000000 1.414022e-03
-19.750000 1.296745e-03
-19.500000 1.185258e-03
-19.250000 1.083928e-03
-19.000000 9.970640e-04
-18.750000 9.283674e-04
-18.500000 8.801322e-04
-18.250000 8.524360e-04
-18.000000 8.428191e-04
-17.750000 8.467685e-04
-17.500000 8.587655e-04
-17.250000 8.733325e-04
-17.000000 8.856958e-04
-16.750000 8.920426e-04
-16.500000 8.895216e-04
-16.250000 8.761337e-04
-16.000000 8.505977e-04
-15.750000 8.122271e-04
-15.500000 7.608266e-04
-15.250000 6.966092e-04
-15.000000 6.201279e-04
-14.750000 5.322204e-04
-14.500000 4.339620e-04
-14.250000 3.266317e-04
-14.000000 2.117125e-04
-13.750000 9.123203e-05
-13.500000 3.981654e-05
-13.250000 1.659697e-04
-13.000000 2.958559e-04
-12.750000 4.256762e-04
-12.500000 5.537141e-04
-12.250000 6.784572e-04
-12.000000 7.985335e-04
-11.750000 9.127231e-04
-11.500000 1.019979e-03
-11.250000 1.119452e-03
-11.000000 1.210507e-03
-10.750000 1.292740e-03
-10.500000 1.365991e-03
-10.250000 1.430345e-03
-10.000000 1.486128e-03
-9.750000 1.533888e-03
-9.500000 1.574369e-03
-9.250000 1.608464e-03
-9.000000 1.637156e-03
-8.750000 1.661448e-03
-8.500000 1.682270e-03
-8.250000 1.700399e-03
-8.000000 1.716365e-03
-7.750000 1.730379e-03
-7.500000 1.742285e-03
-7.250000 1.751533e-03
-7.000000 1.757197e-03
-6.750000 1.758009e-03
-6.500000 1.752433e-03
-6.250000 1.738750e-03
-6.000000 1.715149e-03
-5.750000 1.679830e-03
-5.500000 1.631097e-03
-5.250000 1.567444e-03
-5.000000 1.487650e-03
-4.750000 1.390851e-03
-4.500000 1.276643e-03
-4.250000 1.145201e-03
-4.000000 9.975003e-04
-3.750000 8.357869e-04
-3.500000 6.648480e-04
-3.250000 4.960744e-04
-3.000000 3.616709e-04
-2.750000 3.380847e-04
-2.500000 4.597735e-04
-2.250000 6.574856e-04
-2.000000 8.840209e-04
-1.750000 1.121158e-03
-1.500000 1.360082e-03
-1.250000 1.595004e-03
-1.000000 1.821319e-03
-0.750000 2.035022e-03
-0.500000 2.232527e-03
-0.250000 2.410636e-03
0.000000 2.566566e-03
0.250000 2.698006e-03
0.500000 2.803189e-03
0.750000 2.880970e-03
1.000000 2.930917e-03
1.250000 2.953404e-03
1.500000 2.949712e-03
1.750000 2.922141e-03
2.000000 2.874128e-03
2.250000 2.810356e-03
2.500000 2.736842e-03
2.750000 2.660937e-03
3.000000 2.591151e-03
3.250000 2.536679e-03
3.500000 2.506503e-03
3.750000 2.508122e-03
4.000000 2.546193e-03
4.250000 2.621607e-03
4.500000 2.731427e-03
4.750000 2.869667e-03
5.000000 3.028505e-03
5.250000 3.199445e-03
5.500000 3.374163e-03
5.750000 3.545016e-03
6.000000 3.705278e-03
6.250000 3.849242e-03
6.500000 3.972225e-03
6.750000 4.070550e-03
7.000000 4.141511e-03
7.250000 4.183334e-03
7.500000 4.195135e-03
7.750000 4.176875e-03
8.000000 4.129306e-03
8.250000 4.053915e-03
8.500000 3.952852e-03
8.750000 3.828858e-03
9.000000 3.685172e-03
9.250000 3.525438e-03
9.500000 3.353608e-03
9.750000 3.173841e-03
10.000000 2.990412e-03
10.250000 2.807650e-03
10.500000 2.629901e-03
10.750000 2.461561e-03
11.000000 2.307170e-03
11.250000 2.171586e-03
11.500000 2.060180e-03
11.750000 1.978953e-03
12.000000 1.934393e-03
12.250000 1.932891e-03
12.500000 1.979754e-03
12.750000 2.078161e-03
13.000000 2.228616e-03
13.250000 2.429127e-03
13.500000 2.675874e-03
13.750000 2.963946e-03
14.000000 3.287853e-03
14.250000 3.641789e-03
14.500000 4.019731e-03
14.750000 4.415458e-03
15.000000 4.822556e-03
15.250000 5.234438e-03
15.500000 5.644385e-03
15.750000 6.045607e-03
16.000000 6.431324e-03
16.250000 6.794864e-03
16.500000 7.129759e-03
16.750000 7.429856e-03
17.000000 7.689417e-03
17.250000 7.903224e-03
17.500000 8.066675e-03
17.750000 8.175863e-03
18.000000 8.227658e-03
18.250000 8.219765e-03
18.500000 8.150772e-03
18.750000 8.020180e-03
19.000000 7.828425e-03
19.250000 7.576869e-03
19.500000 7.267791e-03
19.750000 6.904351e-03
20.000000 6.490539e-03
20.250000 6.031114e-03
20.500000 5.531529e-03
20.750000 4.997837e-03
21.000000 4.436596e-03
21.250000 3.854761e-03
21.500000 3.259572e-03
21.750000 2.658442e-03
22.000000 2.058860e-03
22.250000 1.468345e-03
22.500000 8.947018e-04
22.750000 3.496719e-04
23.000000 2.100752e-04
23.250000 6.836832e-04
23.500000 1.130854e-03
23.750000 1.535449e-03
24.000000 1.892831e-03
24.250000 2.200040e-03
24.500000 2.455221e-03
24.750000 2.657559e-03
25.000000 2.807276e-03
25.250000 2.905652e-03
25.500000 2.955049e-03
25.750000 2.958935e-03
26.000000 2.921929e-03
26.250000 2.849845e-03
26.500000 2.749763e-03
26.750000 2.630097e-03
27.000000 2.500638e-03
27.250000 2.372454e-03
27.500000 2.257479e-03
27.750000 2.167540e-03
28.000000 2.112652e-03
28.250000 2.098900e-03
28.500000 2.126826e-03
28.750000 2.191335e-03
29.000000 2.283243e-03
29.250000 2.391507e-03
29.500000 2.505127e-03
29.750000 2.614252e-03
30.000000 2.710636e-03
30.250000 2.787696e-03
30.500000 2.840396e-03
30.750000 2.865092e-03
31.000000 2.859365e-03
31.250000 2.821877e-03
31.500000 2.752246e-03
31.750000 2.650934e-03
32.000000 2.519146e-03
32.250000 2.358729e-03
32.500000 2.172089e-03
32.750000 1.962094e-03
33.000000 1.731998e-03
33.250000 1.485364e-03
33.500000 1.226014e-03
33.750000 9.580420e-04
34.000000 6.860662e-04
34.250000 4.167743e-04
34.500000 1.752014e-04
34.750000 1.939117e-04
35.000000 4.281278e-04
35.250000 6.713913e-04
35.500000 9.047457e-04
35.750000 1.123541e-03
36.000000 1.325314e-03
36.250000 1.508458e-03
36.500000 1.671939e-03
36.750000 1.815193e-03
37.000000 1.938083e-03
37.250000 2.040853e-03
37.500000 2.124087e-03
37.750000 2.188662e-03
38.000000 2.235695e-03
38.250000 2.266487e-03
38.500000 2.282464e-03
38.750000 2.285115e-03
39.000000 2.275929e-03
39.250000 2.256342e-03
39.500000 2.227685e-03
39.750000 2.191142e-03
40.000000 2.147723e-03
40.250000 2.098244e-03
40.500000 2.043331e-03
40.750000 1.983427e-03
41.000000 1.918823e-03
41.250000 1.849693e-03
41.500000 1.776132e-03
41.750000 1.698212e-03
42.000000 1.616020e-03
42.250000 1.529706e-03
42.500000 1.439524e-03
42.750000 1.345868e-03
43.000000 1.249301e-03
43.250000 1.150590e-03
43.500000 1.050741e-03
43.750000 9.510432e-04
44.000000 8.531460e-04
44.250000 7.591579e-04
44.500000 6.717937e-04
44.750000 5.945293e-04
45.000000 5.316216e-04
45.250000 4.876434e-04
45.500000 4.661184e-04
45.750000 4.676265e-04
46.000000 4.890449e-04
46.250000 5.249224e-04
46.500000 5.696007e-04
46.750000 6.184626e-04
47.000000 6.681797e-04
47.250000 7.165073e-04
47.500000 7.620018e-04
47.750000 8.037878e-04
48.000000 8.413906e-04
48.250000 8.746190e-04
48.500000 9.034813e-04
48.750000 9.281228e-04
49.000000 9.487779e-04
49.250000 9.657311e-04
49.500000 9.792865e-04
49.750000 9.897430e-04
50.000000 9.973757e-04
