-50.000000 5.539968e-02
-49.750000 5.651078e-02
-49.500000 5.720205e-02
-49.250000 5.746400e-02
-49.000000 5.729047e-02
-48.750000 5.667870e-02
-48.500000 5.562941e-02
-48.250000 5.414680e-02
-48.000000 5.223869e-02
-47.750000 4.991645e-02
-47.500000 4.719520e-02
-47.250000 4.409380e-02
-47.000000 4.063520e-02
-46.750000 3.684682e-02
-46.500000 3.276155e-02
-46.250000 2.841987e-02
-46.000000 2.387477e-02
-45.750000 1.920449e-02
-45.500000 1.455070e-02
-45.250000 1.025459e-02
-45.000000 7.356838e-03
-44.750000 7.876268e-03
-44.500000 1.142684e-02
-44.250000 1.611177e-02
-44.000000 2.114426e-02
-43.750000 2.625265e-02
-43.500000 3.131056e-02
-43.250000 3.623940e-02
-43.000000 4.097997e-02
-42.750000 4.548250e-02
-42.500000 4.970291e-02
-42.250000 5.360117e-02
-42.000000 5.714068e-02
-41.750000 6.028803e-02
-41.500000 6.301296e-02
-41.250000 6.528847e-02
-41.000000 6.709096e-02
-40.750000 6.840030e-02
-40.500000 6.920009e-02
-40.250000 6.947771e-02
-40.000000 6.922449e-02
-39.750000 6.843586e-02
-39.500000 6.711137e-02
-39.250000 6.525488e-02
-39.000000 6.287457e-02
-38.750000 5.998308e-02
-38.500000 5.659764e-02
-38.250000 5.274024e-02
-38.000000 4.843807e-02
-37.750000 4.372422e-02
-37.500000 3.863921e-02
-37.250000 3.323439e-02
-37.000000 2.758010e-02
-36.750000 2.178769e-02
-36.500000 1.608051e-02
-36.250000 1.106610e-02
-36.000000 8.622860e-03
-35.750000 1.094770e-02
-35.500000 1.618199e-02
-35.250000 2.237018e-02
-35.000000 2.885625e-02
-34.750000 3.539533e-02
-34.500000 4.185959e-02
-34.250000 4.816193e-02
-34.000000 5.423261e-02
-33.750000 6.001081e-02
-33.500000 6.544129e-02
-33.250000 7.047300e-02
-33.000000 7.505857e-02
-32.750000 7.915418e-02
-32.500000 8.271962e-02
-32.250000 8.571845e-02
-32.000000 8.811820e-02
-31.750000 8.989065e-02
-31.500000 9.101197e-02
-31.250000 9.146301e-02
-31.000000 9.122947e-02
-30.750000 9.030208e-02
-30.500000 8.867683e-02
-30.250000 8.635504e-02
-30.000000 8.334357e-02
-29.750000 7.965499e-02
-29.500000 7.530774e-02
-29.250000 7.032645e-02
-29.000000 6.474245e-02
-28.750000 5.859467e-02
-28.500000 5.193153e-02
-28.250000 4.481498e-02
-28.000000 3.733017e-02
-27.750000 2.961147e-02
-27.500000 2.192593e-02
-27.250000 1.499928e-02
-27.000000 1.121635e-02
-26.750000 1.398012e-02
-26.500000 2.101260e-02
-26.250000 2.944034e-02
-26.000000 3.832088e-02
-25.750000 4.731678e-02
-25.500000 5.625527e-02
-25.250000 6.501890e-02
-25.000000 7.351288e-02
-24.750000 8.165359e-02
-24.500000 8.936409e-02
-24.250000 9.657223e-02
-24.000000 1.032101e-01
-23.750000 1.092136e-01
-23.500000 1.145230e-01
-23.250000 1.190827e-01
-23.000000 1.228422e-01
-22.750000 1.257556e-01
-22.500000 1.277827e-01
-22.250000 1.288891e-01
-22.000000 1.290464e-01
-21.750000 1.282328e-01
-21.500000 1.264333e-01
-21.250000 1.236399e-01
-21.000000 1.198523e-01
-20.750000 1.150777e-01
-20.500000 1.093316e-01
-20.250000 1.026384e-01
-20.000000 9.503215e-02
-19.750000 8.655785e-02
-19.500000 7.727470e-02
-19.250000 6.726177e-02
-19.000000 5.663178e-02
-18.750000 4.556652e-02
-18.500000 3.442561e-02
-18.250000 2.414705e-02
-18.000000 1.771890e-02
-17.750000 2.035359e-02
-17.500000 3.019604e-02
-17.250000 4.271253e-02
-17.000000 5.620238e-02
-16.750000 7.006969e-02
-16.500000 8.402436e-02
-16.250000 9.787616e-02
-16.000000 1.114737e-01
-15.750000 1.246829e-01
-15.500000 1.373787e-01
-15.250000 1.494416e-01
-15.000000 1.607558e-01
-14.750000 1.712093e-01
-14.500000 1.806936e-01
-14.250000 1.891041e-01
-14.000000 1.963403e-01
-13.750000 2.023070e-01
-13.500000 2.069140e-01
-13.250000 2.100772e-01
-13.000000 2.117193e-01
-12.750000 2.117701e-01
-12.500000 2.101672e-01
-12.250000 2.068569e-01
-12.000000 2.017945e-01
-11.750000 1.949458e-01
-11.500000 1.862875e-01
-11.250000 1.758090e-01
-11.000000 1.635149e-01
-10.750000 1.494286e-01
-10.500000 1.336005e-01
-10.250000 1.161241e-01
-10.000000 9.717576e-02
-9.750000 7.712412e-02
-9.500000 5.689946e-02
-9.250000 3.948230e-02
-9.000000 3.413130e-02
-8.750000 4.805728e-02
-8.500000 7.240193e-02
-8.250000 1.010090e-01
-8.000000 1.319759e-01
-7.750000 1.645986e-01
-7.500000 1.985185e-01
-7.250000 2.334961e-01
-7.000000 2.693391e-01
-6.750000 3.058745e-01
-6.500000 3.429381e-01
-6.250000 3.803686e-01
-6.000000 4.180058e-01
-5.750000 4.556895e-01
-5.500000 4.932594e-01
-5.250000 5.305551e-01
-5.000000 5.674168e-01
-4.750000 6.036858e-01
-4.500000 6.392049e-01
-4.250000 6.738195e-01
-4.000000 7.073781e-01
-3.750000 7.397329e-01
-3.500000 7.707409e-01
-3.250000 8.002643e-01
-3.000000 8.281714e-01
-2.750000 8.543373e-01
-2.500000 8.786442e-01
-2.250000 9.009826e-01
-2.000000 9.212515e-01
-1.750000 9.393590e-01
-1.500000 9.552227e-01
-1.250000 9.687705e-01
-1.000000 9.799405e-01
-0.750000 9.886818e-01
-0.500000 9.949542e-01
-0.250000 9.987292e-01
0.000000 9.999895e-01
0.250000 9.987292e-01
0.500000 9.949542e-01
0.750000 9.886818e-01
1.000000 9.799405e-01
1.250000 9.687705e-01
1.500000 9.552227e-01
1.750000 9.393590e-01
2.000000 9.212515e-01
2.250000 9.009826e-01
2.500000 8.786442e-01
2.750000 8.543373e-01
3.000000 8.281714e-01
3.250000 8.002643e-01
3.500000 7.707409e-01
3.750000 7.397329e-01
4.000000 7.073781e-01
4.250000 6.738195e-01
4.500000 6.392049e-01
4.750000 6.036858e-01
5.000000 5.674168e-01
5.250000 5.305551e-01
5.500000 4.932594e-01
5.750000 4.556895e-01
6.000000 4.180058e-01
6.250000 3.803686e-01
6.500000 3.429381e-01
6.750000 3.058745e-01
7.000000 2.693391e-01
7.250000 2.334961e-01
7.500000 1.985185e-01
7.750000 1.645986e-01
8.000000 1.319759e-01
8.250000 1.010090e-01
8.500000 7.240193e-02
8.750000 4.805728e-02
9.000000 3.413130e-02
9.250000 3.948230e-02
9.500000 5.689946e-02
9.750000 7.712412e-02
10.000000 9.717576e-02
10.250000 1.161241e-01
10.500000 1.336005e-01
10.750000 1.494286e-01
11.000000 1.635149e-01
11.250000 1.758090e-01
11.500000 1.862875e-01
11.750000 1.949458e-01
12.000000 2.017945e-01
12.250000 2.068569e-01
12.500000 2.101672e-01
12.750000 2.117701e-01
13.000000 2.117193e-01
13.250000 2.100772e-01
13.500000 2.069140e-01
13.750000 2.023070e-01
14.000000 1.963403e-01
14.250000 1.891041e-01
14.500000 1.806936e-01
14.750000 1.712093e-01
15.000000 1.607558e-01
15.250000 1.494416e-01
15.500000 1.373787e-01
15.750000 1.246829e-01
16.000000 1.114737e-01
16.250000 9.787616e-02
16.500000 8.402436e-02
16.750000 7.006969e-02
17.000000 5.620238e-02
17.250000 4.271253e-02
17.500000 3.019604e-02
17.750000 2.035359e-02
18.000000 1.771890e-02
18.250000 2.414705e-02
18.500000 3.442561e-02
18.750000 4.556652e-02
19.000000 5.663178e-02
19.250000 6.726177e-02
19.500000 7.727470e-02
19.750000 8.655785e-02
20.000000 9.503215e-02
20.250000 1.026384e-01
20.500000 1.093316e-01
20.750000 1.150777e-01
21.000000 1.198523e-01
21.250000 1.236399e-01
21.500000 1.264333e-01
21.750000 1.282328e-01
22.000000 1.290464e-01
22.250000 1.288891e-01
22.500000 1.277827e-01
22.750000 1.257556e-01
23.000000 1.228422e-01
23.250000 1.190827e-01
23.500000 1.145230e-01
23.750000 1.092136e-01
24.000000 1.032101e-01
24.250000 9.657223e-02
24.500000 8.936409e-02
24.750000 8.165359e-02
25.000000 7.351288e-02
25.250000 6.501890e-02
25.500000 5.625527e-02
25.750000 4.731678e-02
26.000000 3.832088e-02
26.250000 2.944034e-02
26.500000 2.101260e-02
26.750000 1.398012e-02
27.000000 1.121635e-02
27.250000 1.499928e-02
27.500000 2.192593e-02
27.750000 2.961147e-02
28.000000 3.733017e-02
28.250000 4.481498e-02
28.500000 5.193153e-02
28.750000 5.859467e-02
29.000000 6.474245e-02
29.250000 7.032645e-02
29.500000 7.530774e-02
29.750000 7.965499e-02
30.000000 8.334357e-02
30.250000 8.635504e-02
30.500000 8.867683e-02
30.750000 9.030208e-02
31.000000 9.122947e-02
31.250000 9.146301e-02
31.500000 9.101197e-02
31.750000 8.989065e-02
32.000000 8.811820e-02
32.250000 8.571845e-02
32.500000 8.271962e-02
32.750000 7.915418e-02
33.000000 7.505857e-02
33.250000 7.047300e-02
33.500000 6.544129e-02
33.750000 6.001081e-02
34.000000 5.423261e-02
34.250000 4.816193e-02
34.500000 4.185959e-02
34.750000 3.539533e-02
35.000000 2.885625e-02
35.250000 2.237018e-02
35.500000 1.618199e-02
35.750000 1.094770e-02
36.000000 8.622860e-03
36.250000 1.106610e-02
36.500000 1.608051e-02
36.750000 2.178769e-02
37.000000 2.758010e-02
37.250000 3.323439e-02
37.500000 3.863921e-02
37.750000 4.372422e-02
38.000000 4.843807e-02
38.250000 5.274024e-02
38.500000 5.659764e-02
38.750000 5.998308e-02
39.000000 6.287457e-02
39.250000 6.525488e-02
39.500000 6.711137e-02
39.750000 6.843586e-02
40.000000 6.922449e-02
40.250000 6.947771e-02
40.500000 6.920009e-02
40.750000 6.840030e-02
41.000000 6.709096e-02
41.250000 6.528847e-02
41.500000 6.301296e-02
41.750000 6.028803e-02
42.000000 5.714068e-02
42.250000 5.360117e-02
42.500000 4.970291e-02
42.750000 4.548250e-02
43.000000 4.097997e-02
43.250000 3.623940e-02
43.500000 3.131056e-02
43.750000 2.625265e-02
44.000000 2.114426e-02
44.250000 1.611177e-02
44.500000 1.142684e-02
44.750000 7.876268e-03
45.000000 7.356838e-03
45.250000 1.025459e-02
45.500000 1.455070e-02
45.750000 1.920449e-02
46.000000 2.387477e-02
46.250000 2.841987e-02
46.500000 3.276155e-02
46.750000 3.684682e-02
47.000000 4.063520e-02
47.250000 4.409380e-02
47.500000 4.719520e-02
47.750000 4.991645e-02
48.000000 5.223869e-02
48.250000 5.414680e-02
48.500000 5.562941e-02
48.750000 5.667870e-02
49.000000 5.729047e-02
49.250000 5.746400e-02
49.500000 5.720205e-02
49.750000 5.651078e-02
50.000000 5.539968e-02
