-50.000000 5.883417e-04
-49.750000 5.915159e-04
-49.500000 5.851597e-04
-49.250000 5.692790e-04
-49.000000 5.443329e-04
-48.750000 5.112405e-04
-48.500000 4.713773e-04
-48.250000 4.265711e-04
-48.000000 3.791120e-04
-47.750000 3.317891e-04
-47.500000 2.879472e-04
-47.250000 2.514480e-04
-47.000000 2.261779e-04
-46.750000 2.146421e-04
-46.500000 2.162501e-04
-46.250000 2.273667e-04
-46.000000 2.433695e-04
-45.750000 2.604223e-04
-45.500000 2.759339e-04
-45.250000 2.883016e-04
-45.000000 2.965241e-04
-44.750000 2.998863e-04
-44.500000 2.977478e-04
-44.250000 2.894296e-04
-44.000000 2.741971e-04
-43.750000 2.513398e-04
-43.500000 2.203787e-04
-43.250000 1.815516e-04
-43.000000 1.372875e-04
-42.750000 9.824149e-05
-42.500000 9.791300e-05
-42.250000 1.527266e-04
-42.000000 2.355138e-04
-41.750000 3.314644e-04
-41.500000 4.346424e-04
-41.250000 5.411354e-04
-41.000000 6.474286e-04
-40.750000 7.500542e-04
-40.500000 8.455663e-04
-40.250000 9.306218e-04
-40.000000 1.002098e-03
-39.750000 1.057224e-03
-39.500000 1.093707e-03
-39.250000 1.109850e-03
-39.000000 1.104654e-03
-38.750000 1.077895e-03
-38.500000 1.030186e-03
-38.250000 9.630106e-04
-38.000000 8.787560e-04
-37.750000 7.807574e-04
-37.500000 6.734103e-04
-37.250000 5.624673e-04
-37.000000 4.557612e-04
-36.750000 3.646459e-04
-36.500000 3.050379e-04
-36.250000 2.907970e-04
-36.000000 3.171190e-04
-35.750000 3.630958e-04
-35.500000 4.104583e-04
-35.250000 4.488772e-04
-35.000000 4.735311e-04
-34.750000 4.830797e-04
-34.500000 4.788339e-04
-34.250000 4.646006e-04
-34.000000 4.467844e-04
-33.750000 4.341561e-04
-33.500000 4.362169e-04
-33.250000 4.595782e-04
-33.000000 5.046765e-04
-32.750000 5.662754e-04
-32.500000 6.367381e-04
-32.250000 7.086795e-04
-32.000000 7.760383e-04
-31.750000 8.342912e-04
-31.500000 8.804208e-04
-31.250000 9.128644e-04
-31.000000 9.314768e-04
-30.750000 9.374857e-04
-30.500000 9.333934e-04
-30.250000 9.227649e-04
-30.000000 9.098313e-04
-29.750000 8.988518e-04
-29.500000 8.932676e-04
-29.250000 8.948459e-04
-29.000000 9.031460e-04
-28.750000 9.155697e-04
-28.500000 9.279636e-04
-28.250000 9.354892e-04
-28.000000 9.334549e-04
-27.750000 9.179628e-04
-27.500000 8.863802e-04
-27.250000 8.377351e-04
-27.000000 7.731908e-04
-26.750000 6.968344e-04
-26.500000 6.171367e-04
-26.250000 5.492260e-04
-26.000000 5.156937e-04
-25.750000 5.379702e-04
-25.500000 6.191474e-04
-25.250000 7.436488e-04
-25.000000 8.926444e-04
-24.750000 1.051750e-03
-24.500000 1.210909e-03
-24.250000 1.362907e-03
-24.000000 1.502374e-03
-23.750000 1.625243e-03
-23.500000 1.728461e-03
-23.250000 1.809799e-03
-23.000000 1.867714e-03
-22.750000 1.901222e-03
-22.500000 1.909785e-03
-22.250000 1.893210e-03
-22.000000 1.851578e-03
-21.750000 1.785226e-03
-21.500000 1.694775e-03
-21.250000 1.581255e-03
-21.000000 1.446354e-03
-20.750000 1.292859e-03
-20.500000 1.125509e-03
-20.250000 9.527005e-04
-20.000000 7.900848e-04
-19.750000 6.668185e-04
-19.500000 6.261927e-04
-19.250000 6.943301e-04
-19.000000 8.482580e-04
-18.750000 1.047348e-03
-18.500000 1.262299e-03
-18.250000 1.474876e-03
-18.000000 1.672799e-03
-17.750000 1.846958e-03
-17.500000 1.990270e-03
-17.250000 2.097285e-03
-17.000000 2.164103e-03
-16.750000 2.188417e-03
-16.500000 2.169575e-03
-16.250000 2.108634e-03
-16.000000 2.008365e-03
-15.750000 1.873209e-03
-15.500000 1.709189e-03
-15.250000 1.523767e-03
-15.000000 1.325689e-03
-14.750000 1.124852e-03
-14.500000 9.322579e-04
-14.250000 7.600856e-04
-14.000000 6.216048e-04
-13.750000 5.295092e-04
-13.500000 4.904021e-04
-13.250000 4.992535e-04
-13.000000 5.446493e-04
-12.750000 6.198332e-04
-12.500000 7.255580e-04
-12.250000 8.655336e-04
-12.000000 1.041369e-03
-11.750000 1.250326e-03
-11.500000 1.485521e-03
-11.250000 1.737044e-03
-11.000000 1.993083e-03
-10.750000 2.240836e-03
-10.500000 2.467276e-03
-10.250000 2.659864e-03
-10.000000 2.807258e-03
-9.750000 2.900056e-03
-9.500000 2.931604e-03
-9.250000 2.898938e-03
-9.000000 2.803954e-03
-8.750000 2.655034e-03
-8.500000 2.469403e-03
-8.250000 2.276319e-03
-8.000000 2.119581e-03
-7.750000 2.053107e-03
-7.500000 2.120335e-03
-7.250000 2.326872e-03
-7.000000 2.638635e-03
-6.750000 3.005273e-03
-6.500000 3.378769e-03
-6.250000 3.718784e-03
-6.000000 3.992160e-03
-5.750000 4.171631e-03
-5.500000 4.235056e-03
-5.250000 4.165194e-03
-5.000000 3.949840e-03
-4.750000 3.582219e-03
-4.500000 3.061779e-03
-4.250000 2.396352e-03
-4.000000 1.611528e-03
-3.750000 8.277619e-04
-3.500000 8.732220e-04
-3.250000 1.871976e-03
-3.000000 3.068593e-03
-2.750000 4.330742e-03
-2.500000 5.609882e-03
-2.250000 6.868366e-03
-2.000000 8.071296e-03
-1.750000 9.185510e-03
-1.500000 1.017997e-02
-1.250000 1.102647e-02
-1.000000 1.170048e-02
-0.750000 1.218181e-02
-0.500000 1.245531e-02
-0.250000 1.251134e-02
0.000000 1.234609e-02
0.250000 1.196178e-02
0.500000 1.136659e-02
0.750000 1.057450e-02
1.000000 9.604934e-03
1.250000 8.482276e-03
1.500000 7.235425e-03
1.750000 5.897517e-03
2.000000 4.506664e-03
2.250000 3.111050e-03
2.500000 1.800211e-03
2.750000 9.773401e-04
3.000000 1.554097e-03
3.250000 2.629448e-03
3.500000 3.679203e-03
3.750000 4.611596e-03
4.000000 5.394214e-03
4.250000 6.010844e-03
4.500000 6.454100e-03
4.750000 6.723468e-03
5.000000 6.824519e-03
5.250000 6.768364e-03
5.500000 6.571126e-03
5.750000 6.253373e-03
6.000000 5.839499e-03
6.250000 5.357072e-03
6.500000 4.836153e-03
6.750000 4.308508e-03
7.000000 3.806459e-03
7.250000 3.360815e-03
7.500000 2.997006e-03
7.750000 2.729191e-03
8.000000 2.554754e-03
8.250000 2.454434e-03
8.500000 2.400486e-03
8.750000 2.368169e-03
9.000000 2.344160e-03
9.250000 2.329984e-03
9.500000 2.341255e-03
9.750000 2.402765e-03
10.000000 2.539108e-03
10.250000 2.763942e-03
10.500000 3.074548e-03
10.750000 3.454592e-03
11.000000 3.880818e-03
11.250000 4.328623e-03
11.500000 4.775101e-03
11.750000 5.200312e-03
12.000000 5.587726e-03
12.250000 5.924349e-03
12.500000 6.200718e-03
12.750000 6.410827e-03
13.000000 6.551991e-03
13.250000 6.624624e-03
13.500000 6.631941e-03
13.750000 6.579585e-03
14.000000 6.475177e-03
14.250000 6.327813e-03
14.500000 6.147527e-03
14.750000 5.944733e-03
15.000000 5.729694e-03
15.250000 5.512030e-03
15.500000 5.300315e-03
15.750000 5.101776e-03
16.000000 4.922117e-03
16.250000 4.765462e-03
16.500000 4.634388e-03
16.750000 4.530000e-03
17.000000 4.452019e-03
17.250000 4.398836e-03
17.500000 4.367542e-03
17.750000 4.353974e-03
18.000000 4.352811e-03
18.250000 4.357762e-03
18.500000 4.361861e-03
18.750000 4.357836e-03
19.000000 4.338536e-03
19.250000 4.297362e-03
19.500000 4.228659e-03
19.750000 4.128057e-03
20.000000 3.992730e-03
20.250000 3.821567e-03
20.500000 3.615269e-03
20.750000 3.376349e-03
21.000000 3.109083e-03
21.250000 2.819397e-03
21.500000 2.514743e-03
21.750000 2.203992e-03
22.000000 1.897408e-03
22.250000 1.606766e-03
22.500000 1.345620e-03
22.750000 1.129332e-03
23.000000 9.733713e-04
23.250000 8.873079e-04
23.500000 8.662535e-04
23.750000 8.905895e-04
24.000000 9.371071e-04
24.250000 9.887409e-04
24.500000 1.036630e-03
24.750000 1.078262e-03
25.000000 1.115033e-03
25.250000 1.150075e-03
25.500000 1.186429e-03
25.750000 1.225635e-03
26.000000 1.266946e-03
26.250000 1.307280e-03
26.500000 1.341783e-03
26.750000 1.364685e-03
27.000000 1.370178e-03
27.250000 1.353118e-03
27.500000 1.309543e-03
27.750000 1.237017e-03
28.000000 1.134868e-03
28.250000 1.004419e-03
28.500000 8.494061e-04
28.750000 6.771727e-04
29.000000 5.027640e-04
29.250000 3.636992e-04
29.500000 3.415601e-04
29.750000 4.625819e-04
30.000000 6.475542e-04
30.250000 8.456666e-04
30.500000 1.036000e-03
30.750000 1.207642e-03
31.000000 1.353598e-03
31.250000 1.469110e-03
31.500000 1.551146e-03
31.750000 1.598223e-03
32.000000 1.610325e-03
32.250000 1.588817e-03
32.500000 1.536339e-03
32.750000 1.456676e-03
33.000000 1.354589e-03
33.250000 1.235634e-03
33.500000 1.105966e-03
33.750000 9.721354e-04
34.000000 8.408779e-04
34.250000 7.188502e-04
34.500000 6.121975e-04
34.750000 5.257356e-04
35.000000 4.616164e-04
35.250000 4.180106e-04
35.500000 3.892223e-04
35.750000 3.678875e-04
36.000000 3.477650e-04
36.250000 3.253907e-04
36.500000 3.004665e-04
36.750000 2.756327e-04
37.000000 2.558352e-04
37.250000 2.466877e-04
37.500000 2.513880e-04
37.750000 2.682774e-04
38.000000 2.919221e-04
38.250000 3.161487e-04
38.500000 3.359910e-04
38.750000 3.482655e-04
39.000000 3.516461e-04
39.250000 3.467354e-04
39.500000 3.362544e-04
39.750000 3.252260e-04
40.000000 3.206234e-04
40.250000 3.295178e-04
40.500000 3.557698e-04
40.750000 3.980100e-04
41.000000 4.509968e-04
41.250000 5.082870e-04
41.500000 5.638854e-04
41.750000 6.127893e-04
42.000000 6.510790e-04
42.250000 6.759156e-04
42.500000 6.855578e-04
42.750000 6.794146e-04
43.000000 6.581388e-04
43.250000 6.237765e-04
43.500000 5.799989e-04
43.750000 5.324223e-04
44.000000 4.888576e-04
44.250000 4.588273e-04
44.500000 4.510860e-04
44.750000 4.692454e-04
45.000000 5.094999e-04
45.250000 5.633243e-04
45.500000 6.216397e-04
45.750000 6.769534e-04
46.000000 7.237230e-04
46.250000 7.581193e-04
46.500000 7.777372e-04
46.750000 7.813766e-04
47.000000 7.688820e-04
47.250000 7.410110e-04
47.500000 6.993104e-04
47.750000 6.459883e-04
48.000000 5.837788e-04
48.250000 5.157985e-04
48.500000 4.454002e-04
48.750000 3.760255e-04
49.000000 3.110584e-04
49.250000 2.536645e-04
49.500000 2.065658e-04
49.750000 1.716639e-04
50.000000 1.495454e-04
