-50.000000 5.239294e-04
-49.750000 4.729771e-04
-49.500000 4.263747e-04
-49.250000 3.899098e-04
-49.000000 3.689596e-04
-48.750000 3.662949e-04
-48.500000 3.803496e-04
-48.250000 4.060049e-04
-48.000000 4.370904e-04
-47.750000 4.682609e-04
-47.500000 4.956051e-04
-47.250000 5.165852e-04
-47.000000 5.298249e-04
-46.750000 5.349279e-04
-46.500000 5.323588e-04
-46.250000 5.233650e-04
-46.000000 5.099126e-04
-45.750000 4.945924e-04
-45.500000 4.804343e-04
-45.250000 4.705586e-04
-45.000000 4.676366e-04
-44.750000 4.732840e-04
-44.500000 4.876748e-04
-44.250000 5.096177e-04
-44.000000 5.370409e-04
-43.750000 5.675933e-04
-43.500000 5.991098e-04
-43.250000 6.298643e-04
-43.000000 6.586524e-04
-42.750000 6.847650e-04
-42.500000 7.079013e-04
-42.250000 7.280444e-04
-42.000000 7.453194e-04
-41.750000 7.598482e-04
-41.500000 7.716192e-04
-41.250000 7.803906e-04
-41.000000 7.856418e-04
-40.750000 7.865804e-04
-40.500000 7.822014e-04
-40.250000 7.713886e-04
-40.000000 7.530439e-04
-39.750000 7.262310e-04
-39.500000 6.903288e-04
-39.250000 6.451970e-04
-39.000000 5.913781e-04
-38.750000 5.303914e-04
-38.500000 4.652373e-04
-38.250000 4.013195e-04
-38.000000 3.478895e-04
-37.750000 3.186138e-04
-37.500000 3.260689e-04
-37.250000 3.706037e-04
-37.000000 4.407212e-04
-36.750000 5.236834e-04
-36.500000 6.102435e-04
-36.250000 6.941842e-04
-36.000000 7.711950e-04
-35.750000 8.381997e-04
-35.500000 8.930423e-04
-35.250000 9.343642e-04
-35.000000 9.615729e-04
-34.750000 9.748577e-04
-34.500000 9.752292e-04
-34.250000 9.645709e-04
-34.000000 9.456908e-04
-33.750000 9.223463e-04
-33.500000 8.991829e-04
-33.250000 8.814860e-04
-33.000000 8.746262e-04
-32.750000 8.831821e-04
-32.500000 9.099825e-04
-32.250000 9.555415e-04
-32.000000 1.018214e-03
-31.750000 1.094920e-03
-31.500000 1.181989e-03
-31.250000 1.275777e-03
-31.000000 1.372982e-03
-30.750000 1.470723e-03
-30.500000 1.566504e-03
-30.250000 1.658121e-03
-30.000000 1.743552e-03
-29.750000 1.820879e-03
-29.500000 1.888219e-03
-29.250000 1.943697e-03
-29.000000 1.985456e-03
-28.750000 2.011691e-03
-28.500000 2.020727e-03
-28.250000 2.011121e-03
-28.000000 1.981789e-03
-27.750000 1.932171e-03
-27.500000 1.862420e-03
-27.250000 1.773642e-03
-27.000000 1.668221e-03
-26.750000 1.550260e-03
-26.500000 1.426209e-03
-26.250000 1.305673e-03
-26.000000 1.202125e-03
-25.750000 1.132436e-03
-25.500000 1.113223e-03
-25.250000 1.153724e-03
-25.000000 1.250667e-03
-24.750000 1.390847e-03
-24.500000 1.557873e-03
-24.250000 1.736736e-03
-24.000000 1.915129e-03
-23.750000 2.083239e-03
-23.500000 2.233221e-03
-23.250000 2.358786e-03
-23.000000 2.454936e-03
-22.750000 2.517819e-03
-22.500000 2.544651e-03
-22.250000 2.533681e-03
-22.000000 2.484161e-03
-21.750000 2.396333e-03
-21.500000 2.271394e-03
-21.250000 2.111463e-03
-21.000000 1.919526e-03
-20.750000 1.699369e-03
-20.500000 1.455505e-03
-20.250000 1.193079e-03
-20.000000 9.177874e-04
-19.750000 6.358595e-04
-19.500000 3.545042e-04
-19.250000 9.297793e-05
-19.000000 2.037109e-04
-18.750000 4.470624e-04
-18.500000 6.702741e-04
-18.250000 8.652262e-04
-18.000000 1.026826e-03
-17.750000 1.151081e-03
-17.500000 1.234997e-03
-17.250000 1.276663e-03
-17.000000 1.275372e-03
-16.750000 1.231800e-03
-16.500000 1.148294e-03
-16.250000 1.029437e-03
-16.000000 8.833857e-04
-15.750000 7.253379e-04
-15.500000 5.864218e-04
-15.250000 5.260642e-04
-15.000000 5.991143e-04
-14.750000 7.821730e-04
-14.500000 1.020174e-03
-14.250000 1.278291e-03
-14.000000 1.537206e-03
-13.750000 1.784505e-03
-13.500000 2.011055e-03
-13.250000 2.209700e-03
-13.000000 2.374813e-03
-12.750000 2.502167e-03
-12.500000 2.588927e-03
-12.250000 2.633670e-03
-12.000000 2.636408e-03
-11.750000 2.598583e-03
-11.500000 2.523033e-03
-11.250000 2.413927e-03
-11.000000 2.276649e-03
-10.750000 2.117656e-03
-10.500000 1.944282e-03
-10.250000 1.764489e-03
-10.000000 1.586532e-03
-9.750000 1.418491e-03
-9.500000 1.267621e-03
-9.250000 1.139495e-03
-9.000000 1.037154e-03
-8.750000 9.607267e-04
-8.500000 9.081624e-04
-8.250000 8.771744e-04
-8.000000 8.676037e-04
-7.750000 8.828157e-04
-7.500000 9.289579e-04
-7.250000 1.012044e-03
-7.000000 1.134635e-03
-6.750000 1.294414e-03
-6.500000 1.485001e-03
-6.250000 1.697620e-03
-6.000000 1.922430e-03
-5.750000 2.149309e-03
-5.500000 2.368306e-03
-5.250000 2.569929e-03
-5.000000 2.745395e-03
-4.750000 2.886852e-03
-4.500000 2.987602e-03
-4.250000 3.042292e-03
-4.000000 3.047076e-03
-3.750000 2.999745e-03
-3.500000 2.899797e-03
-3.250000 2.748473e-03
-3.000000 2.548731e-03
-2.750000 2.305181e-03
-2.500000 2.023996e-03
-2.250000 1.712845e-03
-2.000000 1.380972e-03
-1.750000 1.039859e-03
-1.500000 7.064359e-04
-1.250000 4.206560e-04
-1.000000 3.245106e-04
-0.750000 5.006554e-04
-0.500000 7.489484e-04
-0.250000 9.861191e-04
0.000000 1.190714e-03
0.250000 1.354152e-03
0.500000 1.472297e-03
0.750000 1.543557e-03
1.000000 1.568243e-03
1.250000 1.548216e-03
1.500000 1.486564e-03
1.750000 1.387266e-03
2.000000 1.254809e-03
2.250000 1.093838e-03
2.500000 9.089422e-04
2.750000 7.050784e-04
3.000000 4.907191e-04
3.250000 2.981444e-04
3.500000 2.779430e-04
3.750000 5.006042e-04
4.000000 8.166802e-04
4.250000 1.183538e-03
4.500000 1.594838e-03
4.750000 2.049710e-03
5.000000 2.547307e-03
5.250000 3.085362e-03
5.500000 3.659711e-03
5.750000 4.264218e-03
6.000000 4.890885e-03
6.250000 5.530106e-03
6.500000 6.170998e-03
6.750000 6.801798e-03
7.000000 7.410283e-03
7.250000 7.984219e-03
7.500000 8.511807e-03
7.750000 8.982118e-03
8.000000 9.385497e-03
8.250000 9.713943e-03
8.500000 9.961428e-03
8.750000 1.012417e-02
9.000000 1.020083e-02
9.250000 1.019265e-02
9.500000 1.010351e-02
9.750000 9.939903e-03
10.000000 9.710821e-03
10.250000 9.427535e-03
10.500000 9.103272e-03
10.750000 8.752740e-03
11.000000 8.391486e-03
11.250000 8.035059e-03
11.500000 7.697968e-03
11.750000 7.392495e-03
12.000000 7.127505e-03
12.250000 6.907493e-03
12.500000 6.732155e-03
12.750000 6.596660e-03
13.000000 6.492628e-03
13.250000 6.409560e-03
13.500000 6.336381e-03
13.750000 6.262765e-03
14.000000 6.180071e-03
14.250000 6.081850e-03
14.500000 5.963964e-03
14.750000 5.824438e-03
15.000000 5.663109e-03
15.250000 5.481161e-03
15.500000 5.280625e-03
15.750000 5.063868e-03
16.000000 4.833156e-03
16.250000 4.590301e-03
16.500000 4.336451e-03
16.750000 4.072043e-03
17.000000 3.796907e-03
17.250000 3.510534e-03
17.500000 3.212468e-03
17.750000 2.902802e-03
18.000000 2.582793e-03
18.250000 2.255657e-03
18.500000 1.927789e-03
18.750000 1.610955e-03
19.000000 1.326440e-03
19.250000 1.111247e-03
19.500000 1.016388e-03
19.750000 1.071329e-03
20.000000 1.246197e-03
20.250000 1.484347e-03
20.500000 1.742372e-03
20.750000 1.993810e-03
21.000000 2.222473e-03
21.250000 2.417917e-03
21.500000 2.573251e-03
21.750000 2.684155e-03
22.000000 2.748432e-03
22.250000 2.765806e-03
22.500000 2.737807e-03
22.750000 2.667717e-03
23.000000 2.560526e-03
23.250000 2.422922e-03
23.500000 2.263308e-03
23.750000 2.091831e-03
24.000000 1.920377e-03
24.250000 1.762322e-03
24.500000 1.631609e-03
24.750000 1.540590e-03
25.000000 1.496638e-03
25.250000 1.499201e-03
25.500000 1.539800e-03
25.750000 1.605338e-03
26.000000 1.682197e-03
26.250000 1.758884e-03
26.500000 1.826952e-03
26.750000 1.880927e-03
27.000000 1.917866e-03
27.250000 1.936851e-03
27.500000 1.938521e-03
27.750000 1.924635e-03
28.000000 1.897667e-03
28.250000 1.860415e-03
28.500000 1.815630e-03
28.750000 1.765678e-03
29.000000 1.712272e-03
29.250000 1.656299e-03
29.500000 1.597779e-03
29.750000 1.535962e-03
30.000000 1.469531e-03
30.250000 1.396879e-03
30.500000 1.316411e-03
30.750000 1.226807e-03
31.000000 1.127230e-03
31.250000 1.017472e-03
31.500000 8.980184e-04
31.750000 7.700753e-04
32.000000 6.355716e-04
32.250000 4.972177e-04
32.500000 3.588703e-04
32.750000 2.274901e-04
33.000000 1.262960e-04
33.250000 1.338636e-04
33.500000 2.264956e-04
33.750000 3.280529e-04
34.000000 4.210995e-04
34.250000 5.009579e-04
34.500000 5.659413e-04
34.750000 6.158521e-04
35.000000 6.517029e-04
35.250000 6.756820e-04
35.500000 6.911382e-04
35.750000 7.024597e-04
36.000000 7.147153e-04
36.250000 7.329584e-04
36.500000 7.612461e-04
36.750000 8.017030e-04
37.000000 8.540827e-04
37.250000 9.160227e-04
37.500000 9.837598e-04
37.750000 1.052911e-03
38.000000 1.119072e-03
38.250000 1.178191e-03
38.500000 1.226773e-03
38.750000 1.261983e-03
39.000000 1.281693e-03
39.250000 1.284502e-03
39.500000 1.269726e-03
39.750000 1.237380e-03
40.000000 1.188141e-03
40.250000 1.123292e-03
40.500000 1.044658e-03
40.750000 9.545232e-04
41.000000 8.555328e-04
41.250000 7.505903e-04
41.500000 6.427404e-04
41.750000 5.350478e-04
42.000000 4.304732e-04
42.250000 3.317584e-04
42.500000 2.413501e-04
42.750000 1.615020e-04
43.000000 9.530727e-05
43.250000 5.367053e-05
43.500000 6.256912e-05
43.750000 9.973571e-05
44.000000 1.424911e-04
44.250000 1.892957e-04
44.500000 2.420482e-04
44.750000 3.021336e-04
45.000000 3.696384e-04
45.250000 4.434201e-04
45.500000 5.214363e-04
45.750000 6.010827e-04
46.000000 6.794679e-04
46.250000 7.536231e-04
46.500000 8.206663e-04
46.750000 8.779343e-04
47.000000 9.230917e-04
47.250000 9.542203e-04
47.500000 9.698906e-04
47.750000 9.692158e-04
48.000000 9.518890e-04
48.250000 9.182049e-04
48.500000 8.690700e-04
48.750000 8.060077e-04
49.000000 7.311716e-04
49.250000 6.473956e-04
49.500000 5.583326e-04
49.750000 4.687950e-04
50.000000 3.854825e-04
