-50.000000 9.022583e-03
-49.750000 9.051661e-03
-49.500000 9.080618e-03
-49.250000 9.109453e-03
-49.000000 9.138166e-03
-48.750000 9.166755e-03
-48.500000 9.195220e-03
-48.250000 9.223559e-03
-48.000000 9.251773e-03
-47.750000 9.279859e-03
-47.500000 9.307817e-03
-47.250000 9.335647e-03
-47.000000 9.363346e-03
-46.750000 9.390915e-03
-46.500000 9.418353e-03
-46.250000 9.445658e-03
-46.000000 9.472829e-03
-45.750000 9.499867e-03
-45.500000 9.526769e-03
-45.250000 9.553536e-03
-45.000000 9.580166e-03
-44.750000 9.606658e-03
-44.500000 9.633012e-03
-44.250000 9.659226e-03
-44.000000 9.685300e-03
-43.750000 9.711234e-03
-43.500000 9.737025e-03
-43.250000 9.762674e-03
-43.000000 9.788180e-03
-42.750000 9.813541e-03
-42.500000 9.838757e-03
-42.250000 9.863827e-03
-42.000000 9.888750e-03
-41.750000 9.913526e-03
-41.500000 9.938154e-03
-41.250000 9.962633e-03
-41.000000 9.986961e-03
-40.750000 1.001114e-02
-40.500000 1.003517e-02
-40.250000 1.005904e-02
-40.000000 1.008276e-02
-39.750000 1.010633e-02
-39.500000 1.012974e-02
-39.250000 1.015300e-02
-39.000000 1.017610e-02
-38.750000 1.019905e-02
-38.500000 1.022184e-02
-38.250000 1.024447e-02
-38.000000 1.026694e-02
-37.750000 1.028925e-02
-37.500000 1.031140e-02
-37.250000 1.033339e-02
-37.000000 1.035522e-02
-36.750000 1.037688e-02
-36.500000 1.039838e-02
-36.250000 1.041972e-02
-36.000000 1.044089e-02
-35.750000 1.046190e-02
-35.500000 1.048275e-02
-35.250000 1.050342e-02
-35.000000 1.052393e-02
-34.750000 1.054427e-02
-34.500000 1.056444e-02
-34.250000 1.058445e-02
-34.000000 1.060428e-02
-33.750000 1.062394e-02
-33.500000 1.064343e-02
-33.250000 1.066275e-02
-33.000000 1.068190e-02
-32.750000 1.070087e-02
-32.500000 1.071967e-02
-32.250000 1.073830e-02
-32.000000 1.075675e-02
-31.750000 1.077503e-02
-31.500000 1.079313e-02
-31.250000 1.081105e-02
-31.000000 1.082880e-02
-30.750000 1.084637e-02
-30.500000 1.086376e-02
-30.250000 1.088097e-02
-30.000000 1.089800e-02
-29.750000 1.091485e-02
-29.500000 1.093152e-02
-29.250000 1.094801e-02
-29.000000 1.096432e-02
-28.750000 1.098045e-02
-28.500000 1.099639e-02
-28.250000 1.101215e-02
-28.000000 1.102773e-02
-27.750000 1.104312e-02
-27.500000 1.105833e-02
-27.250000 1.107335e-02
-27.000000 1.108819e-02
-26.750000 1.110284e-02
-26.500000 1.111731e-02
-26.250000 1.113158e-02
-26.000000 1.114567e-02
-25.750000 1.115957e-02
-25.500000 1.117329e-02
-25.250000 1.118681e-02
-25.000000 1.120015e-02
-24.750000 1.121329e-02
-24.500000 1.122625e-02
-24.250000 1.123901e-02
-24.000000 1.125158e-02
-23.750000 1.126396e-02
-23.500000 1.127615e-02
-23.250000 1.128815e-02
-23.000000 1.129996e-02
-22.750000 1.131157e-02
-22.500000 1.132299e-02
-22.250000 1.133421e-02
-22.000000 1.134524e-02
-21.750000 1.135608e-02
-21.500000 1.136672e-02
-21.250000 1.137716e-02
-21.000000 1.138741e-02
-20.750000 1.139747e-02
-20.500000 1.140732e-02
-20.250000 1.141698e-02
-20.000000 1.142645e-02
-19.750000 1.143572e-02
-19.500000 1.144479e-02
-19.250000 1.145366e-02
-19.000000 1.146233e-02
-18.750000 1.147081e-02
-18.500000 1.147908e-02
-18.250000 1.148716e-02
-18.000000 1.149504e-02
-17.750000 1.150272e-02
-17.500000 1.151020e-02
-17.250000 1.151748e-02
-17.000000 1.152456e-02
-16.750000 1.153143e-02
-16.500000 1.153811e-02
-16.250000 1.154459e-02
-16.000000 1.155087e-02
-15.750000 1.155694e-02
-15.500000 1.156281e-02
-15.250000 1.156848e-02
-15.000000 1.157395e-02
-14.750000 1.157922e-02
-14.500000 1.158429e-02
-14.250000 1.158915e-02
-14.000000 1.159381e-02
-13.750000 1.159827e-02
-13.500000 1.160252e-02
-13.250000 1.160657e-02
-13.000000 1.161042e-02
-12.750000 1.161406e-02
-12.500000 1.161751e-02
-12.250000 1.162074e-02
-12.000000 1.162378e-02
-11.750000 1.162661e-02
-11.500000 1.162923e-02
-11.250000 1.163166e-02
-11.000000 1.163388e-02
-10.750000 1.163589e-02
-10.500000 1.163770e-02
-10.250000 1.163930e-02
-10.000000 1.164071e-02
-9.750000 1.164190e-02
-9.500000 1.164290e-02
-9.250000 1.164368e-02
-9.000000 1.164427e-02
-8.750000 1.164465e-02
-8.500000 1.164482e-02
-8.250000 1.164479e-02
-8.000000 1.164455e-02
-7.750000 1.164411e-02
-7.500000 1.164347e-02
-7.250000 1.164262e-02
-7.000000 1.164157e-02
-6.750000 1.164031e-02
-6.500000 1.163885e-02
-6.250000 1.163718e-02
-6.000000 1.163531e-02
-5.750000 1.163323e-02
-5.500000 1.163095e-02
-5.250000 1.162847e-02
-5.000000 1.162578e-02
-4.750000 1.162289e-02
-4.500000 1.161979e-02
-4.250000 1.161649e-02
-4.000000 1.161299e-02
-3.750000 1.160928e-02
-3.500000 1.160537e-02
-3.250000 1.160125e-02
-3.000000 1.159693e-02
-2.750000 1.159241e-02
-2.500000 1.158768e-02
-2.250000 1.158276e-02
-2.000000 1.157763e-02
-1.750000 1.157229e-02
-1.500000 1.156676e-02
-1.250000 1.156102e-02
-1.000000 1.155508e-02
-0.750000 1.154893e-02
-0.500000 1.154259e-02
-0.250000 1.153604e-02
0.000000 1.152929e-02
0.250000 1.152235e-02
0.500000 1.151520e-02
0.750000 1.150784e-02
1.000000 1.150029e-02
1.250000 1.149254e-02
1.500000 1.148459e-02
1.750000 1.147644e-02
2.000000 1.146809e-02
2.250000 1.145954e-02
2.500000 1.145079e-02
2.750000 1.144184e-02
3.000000 1.143269e-02
3.250000 1.142335e-02
3.500000 1.141380e-02
3.750000 1.140406e-02
4.000000 1.139413e-02
4.250000 1.138399e-02
4.500000 1.137366e-02
4.750000 1.136313e-02
5.000000 1.135241e-02
5.250000 1.134149e-02
5.500000 1.133037e-02
5.750000 1.131906e-02
6.000000 1.130755e-02
6.250000 1.129585e-02
6.500000 1.128396e-02
6.750000 1.127187e-02
7.000000 1.125959e-02
7.250000 1.124712e-02
7.500000 1.123445e-02
7.750000 1.122159e-02
8.000000 1.120854e-02
8.250000 1.119530e-02
8.500000 1.118187e-02
8.750000 1.116825e-02
9.000000 1.115444e-02
9.250000 1.114044e-02
9.500000 1.112624e-02
9.750000 1.111186e-02
10.000000 1.109730e-02
10.250000 1.108254e-02
10.500000 1.106760e-02
10.750000 1.105247e-02
11.000000 1.103715e-02
11.250000 1.102165e-02
11.500000 1.100596e-02
11.750000 1.099009e-02
12.000000 1.097403e-02
12.250000 1.095779e-02
12.500000 1.094137e-02
12.750000 1.092476e-02
13.000000 1.090797e-02
13.250000 1.089100e-02
13.500000 1.087384e-02
13.750000 1.085651e-02
14.000000 1.083900e-02
14.250000 1.082130e-02
14.500000 1.080343e-02
14.750000 1.078538e-02
15.000000 1.076715e-02
15.250000 1.074874e-02
15.500000 1.073016e-02
15.750000 1.071140e-02
16.000000 1.069246e-02
16.250000 1.067335e-02
16.500000 1.065406e-02
16.750000 1.063460e-02
17.000000 1.061497e-02
17.250000 1.059517e-02
17.500000 1.057519e-02
17.750000 1.055504e-02
18.000000 1.053472e-02
18.250000 1.051423e-02
18.500000 1.049357e-02
18.750000 1.047274e-02
19.000000 1.045175e-02
19.250000 1.043058e-02
19.500000 1.040925e-02
19.750000 1.038775e-02
20.000000 1.036609e-02
20.250000 1.034426e-02
20.500000 1.032227e-02
20.750000 1.030012e-02
21.000000 1.027780e-02
21.250000 1.025532e-02
21.500000 1.023268e-02
21.750000 1.020987e-02
22.000000 1.018691e-02
22.250000 1.016379e-02
22.500000 1.014051e-02
22.750000 1.011707e-02
23.000000 1.009348e-02
23.250000 1.006973e-02
23.500000 1.004582e-02
23.750000 1.002176e-02
24.000000 9.997543e-03
24.250000 9.973174e-03
24.500000 9.948653e-03
24.750000 9.923980e-03
25.000000 9.899156e-03
25.250000 9.874182e-03
25.500000 9.849058e-03
25.750000 9.823786e-03
26.000000 9.798366e-03
26.250000 9.772799e-03
26.500000 9.747086e-03
26.750000 9.721227e-03
27.000000 9.695224e-03
27.250000 9.669077e-03
27.500000 9.642787e-03
27.750000 9.616355e-03
28.000000 9.589782e-03
28.250000 9.563068e-03
28.500000 9.536214e-03
28.750000 9.509222e-03
29.000000 9.482092e-03
29.250000 9.454825e-03
29.500000 9.427421e-03
29.750000 9.399882e-03
30.000000 9.372209e-03
30.250000 9.344402e-03
30.500000 9.316463e-03
30.750000 9.288391e-03
31.000000 9.260188e-03
31.250000 9.231856e-03
31.500000 9.203394e-03
31.750000 9.174804e-03
32.000000 9.146086e-03
32.250000 9.117242e-03
32.500000 9.088273e-03
32.750000 9.059178e-03
33.000000 9.029960e-03
33.250000 9.000619e-03
33.500000 8.971156e-03
33.750000 8.941572e-03
34.000000 8.911868e-03
34.250000 8.882045e-03
34.500000 8.852104e-03
34.750000 8.822045e-03
35.000000 8.791871e-03
35.250000 8.761580e-03
35.500000 8.731176e-03
35.750000 8.700658e-03
36.000000 8.670027e-03
36.250000 8.639285e-03
36.500000 8.608433e-03
36.750000 8.577470e-03
37.000000 8.546400e-03
37.250000 8.515221e-03
37.500000 8.483936e-03
37.750000 8.452545e-03
38.000000 8.421050e-03
38.250000 8.389451e-03
38.500000 8.357749e-03
38.750000 8.325946e-03
39.000000 8.294042e-03
39.250000 8.262038e-03
39.500000 8.229935e-03
39.750000 8.197735e-03
40.000000 8.165439e-03
40.250000 8.133046e-03
40.500000 8.100559e-03
40.750000 8.067979e-03
41.000000 8.035306e-03
41.250000 8.002541e-03
41.500000 7.969686e-03
41.750000 7.936742e-03
42.000000 7.903709e-03
42.250000 7.870589e-03
42.500000 7.837382e-03
42.750000 7.804091e-03
43.000000 7.770715e-03
43.250000 7.737256e-03
43.500000 7.703715e-03
43.750000 7.670092e-03
44.000000 7.636390e-03
44.250000 7.602609e-03
44.500000 7.568750e-03
44.750000 7.534815e-03
45.000000 7.500803e-03
45.250000 7.466718e-03
45.500000 7.432558e-03
45.750000 7.398326e-03
46.000000 7.364023e-03
46.250000 7.329650e-03
46.500000 7.295207e-03
46.750000 7.260697e-03
47.000000 7.226119e-03
47.250000 7.191476e-03
47.500000 7.156767e-03
47.750000 7.121995e-03
48.000000 7.087161e-03
48.250000 7.052265e-03
48.500000 7.017309e-03
48.750000 6.982293e-03
49.000000 6.947220e-03
49.250000 6.912089e-03
49.500000 6.876903e-03
49.750000 6.841661e-03
50.000000 6.806367e-03
