-50.000000 9.318700e-04
-49.750000 9.101775e-04
-49.500000 8.851467e-04
-49.250000 8.573438e-04
-49.000000 8.271221e-04
-48.750000 7.945913e-04
-48.500000 7.596127e-04
-48.250000 7.218239e-04
-48.000000 6.806964e-04
-47.750000 6.356251e-04
-47.500000 5.860540e-04
-47.250000 5.316494e-04
-47.000000 4.725664e-04
-46.750000 4.099215e-04
-46.500000 3.467664e-04
-46.250000 2.901714e-04
-46.000000 2.544890e-04
-45.750000 2.591572e-04
-45.500000 3.107992e-04
-45.250000 3.972678e-04
-45.000000 5.046578e-04
-44.750000 6.242008e-04
-44.500000 7.505381e-04
-44.250000 8.798892e-04
-44.000000 1.009163e-03
-43.750000 1.135579e-03
-43.500000 1.256516e-03
-43.250000 1.369459e-03
-43.000000 1.472001e-03
-42.750000 1.561858e-03
-42.500000 1.636907e-03
-42.250000 1.695223e-03
-42.000000 1.735114e-03
-41.750000 1.755169e-03
-41.500000 1.754289e-03
-41.250000 1.731726e-03
-41.000000 1.687117e-03
-40.750000 1.620518e-03
-40.500000 1.532439e-03
-40.250000 1.423891e-03
-40.000000 1.296462e-03
-39.750000 1.152450e-03
-39.500000 9.951634e-04
-39.250000 8.296057e-04
-39.000000 6.642443e-04
-38.750000 5.157224e-04
-38.500000 4.187134e-04
-38.250000 4.210392e-04
-38.000000 5.237534e-04
-37.750000 6.805046e-04
-37.500000 8.569687e-04
-37.250000 1.036177e-03
-37.000000 1.209010e-03
-36.750000 1.369627e-03
-36.500000 1.513760e-03
-36.250000 1.638079e-03
-36.000000 1.739936e-03
-35.750000 1.817288e-03
-35.500000 1.868674e-03
-35.250000 1.893231e-03
-35.000000 1.890740e-03
-34.750000 1.861681e-03
-34.500000 1.807319e-03
-34.250000 1.729834e-03
-34.000000 1.632523e-03
-33.750000 1.520115e-03
-33.500000 1.399262e-03
-33.250000 1.279231e-03
-33.000000 1.172626e-03
-32.750000 1.095338e-03
-32.500000 1.063926e-03
-32.250000 1.089426e-03
-32.000000 1.171573e-03
-31.750000 1.299751e-03
-31.500000 1.459227e-03
-31.250000 1.636170e-03
-31.000000 1.819372e-03
-30.750000 2.000147e-03
-30.500000 2.171763e-03
-30.250000 2.328951e-03
-30.000000 2.467557e-03
-29.750000 2.584335e-03
-29.500000 2.676815e-03
-29.250000 2.743223e-03
-29.000000 2.782427e-03
-28.750000 2.793903e-03
-28.500000 2.777699e-03
-28.250000 2.734403e-03
-28.000000 2.665104e-03
-27.750000 2.571360e-03
-27.500000 2.455147e-03
-27.250000 2.318814e-03
-27.000000 2.165032e-03
-26.750000 1.996746e-03
-26.500000 1.817128e-03
-26.250000 1.629543e-03
-26.000000 1.437541e-03
-25.750000 1.244899e-03
-25.500000 1.055773e-03
-25.250000 8.750523e-04
-25.000000 7.091785e-04
-24.750000 5.677660e-04
-24.500000 4.657754e-04
-24.250000 4.213244e-04
-24.000000 4.401197e-04
-23.750000 5.048847e-04
-23.500000 5.924860e-04
-23.250000 6.878519e-04
-23.000000 7.834260e-04
-22.750000 8.758359e-04
-22.500000 9.638062e-04
-22.250000 1.047080e-03
-22.000000 1.125838e-03
-21.750000 1.200364e-03
-21.500000 1.270831e-03
-21.250000 1.337188e-03
-21.000000 1.399101e-03
-20.750000 1.455955e-03
-20.500000 1.506899e-03
-20.250000 1.550916e-03
-20.000000 1.586921e-03
-19.750000 1.613862e-03
-19.500000 1.630824e-03
-19.250000 1.637131e-03
-19.000000 1.632428e-03
-18.750000 1.616766e-03
-18.500000 1.590657e-03
-18.250000 1.555122e-03
-18.000000 1.511711e-03
-17.750000 1.462495e-03
-17.500000 1.410007e-03
-17.250000 1.357128e-03
-17.000000 1.306881e-03
-16.750000 1.262123e-03
-16.500000 1.225162e-03
-16.250000 1.197353e-03
-16.000000 1.178797e-03
-15.750000 1.168261e-03
-15.500000 1.163388e-03
-15.250000 1.161131e-03
-15.000000 1.158329e-03
-14.750000 1.152295e-03
-14.500000 1.141390e-03
-14.250000 1.125585e-03
-14.000000 1.107044e-03
-13.750000 1.090696e-03
-13.500000 1.084574e-03
-13.250000 1.099375e-03
-13.000000 1.146594e-03
-12.750000 1.235387e-03
-12.500000 1.369854e-03
-12.250000 1.548611e-03
-12.000000 1.766432e-03
-11.750000 2.016275e-03
-11.500000 2.290607e-03
-11.250000 2.581993e-03
-11.000000 2.883264e-03
-10.750000 3.187539e-03
-10.500000 3.488206e-03
-10.250000 3.778934e-03
-10.000000 4.053708e-03
-9.750000 4.306897e-03
-9.500000 4.533331e-03
-9.250000 4.728407e-03
-9.000000 4.888200e-03
-8.750000 5.009575e-03
-8.500000 5.090320e-03
-8.250000 5.129273e-03
-8.000000 5.126459e-03
-7.750000 5.083240e-03
-7.500000 5.002468e-03
-7.250000 4.888656e-03
-7.000000 4.748139e-03
-6.750000 4.589224e-03
-6.500000 4.422251e-03
-6.250000 4.259473e-03
-6.000000 4.114570e-03
-5.750000 4.001593e-03
-5.500000 3.933228e-03
-5.250000 3.918573e-03
-5.000000 3.961132e-03
-4.750000 4.057877e-03
-4.500000 4.199837e-03
-4.250000 4.373874e-03
-4.000000 4.564784e-03
-3.750000 4.757049e-03
-3.500000 4.935972e-03
-3.250000 5.088289e-03
-3.000000 5.202430e-03
-2.750000 5.268600e-03
-2.500000 5.278792e-03
-2.250000 5.226792e-03
-2.000000 5.108206e-03
-1.750000 4.920549e-03
-1.500000 4.663425e-03
-1.250000 4.338886e-03
-1.000000 3.952158e-03
-0.750000 3.513132e-03
-0.500000 3.039620e-03
-0.250000 2.564635e-03
0.000000 2.151715e-03
0.250000 1.914064e-03
0.500000 1.980986e-03
0.750000 2.371241e-03
1.000000 2.987150e-03
1.250000 3.732600e-03
1.500000 4.549027e-03
1.750000 5.402078e-03
2.000000 6.269441e-03
2.250000 7.134862e-03
2.500000 7.985454e-03
2.750000 8.810499e-03
3.000000 9.600897e-03
3.250000 1.034893e-02
3.500000 1.104820e-02
3.750000 1.169354e-02
4.000000 1.228109e-02
4.250000 1.280824e-02
4.500000 1.327368e-02
4.750000 1.367731e-02
5.000000 1.402024e-02
5.250000 1.430468e-02
5.500000 1.453383e-02
5.750000 1.471176e-02
6.000000 1.484319e-02
6.250000 1.493330e-02
6.500000 1.498751e-02
6.750000 1.501122e-02
7.000000 1.500952e-02
7.250000 1.498703e-02
7.500000 1.494757e-02
7.750000 1.489407e-02
8.000000 1.482840e-02
8.250000 1.475135e-02
8.500000 1.466258e-02
8.750000 1.456082e-02
9.000000 1.444389e-02
9.250000 1.430902e-02
9.500000 1.415302e-02
9.750000 1.397253e-02
10.000000 1.376430e-02
10.250000 1.352539e-02
10.500000 1.325341e-02
10.750000 1.294665e-02
11.000000 1.260427e-02
11.250000 1.222635e-02
11.500000 1.181399e-02
11.750000 1.136934e-02
12.000000 1.089559e-02
12.250000 1.039699e-02
12.500000 9.878789e-03
12.750000 9.347180e-03
13.000000 8.809257e-03
13.250000 8.272913e-03
13.500000 7.746723e-03
13.750000 7.239782e-03
14.000000 6.761446e-03
14.250000 6.320967e-03
14.500000 5.926940e-03
14.750000 5.586582e-03
15.000000 5.304861e-03
15.250000 5.083662e-03
15.500000 4.921237e-03
15.750000 4.812199e-03
16.000000 4.748147e-03
16.250000 4.718782e-03
16.500000 4.713174e-03
16.750000 4.720871e-03
17.000000 4.732670e-03
17.250000 4.741017e-03
17.500000 4.740118e-03
17.750000 4.725860e-03
18.000000 4.695621e-03
18.250000 4.648034e-03
18.500000 4.582741e-03
18.750000 4.500150e-03
19.000000 4.401215e-03
19.250000 4.287235e-03
19.500000 4.159677e-03
19.750000 4.020033e-03
20.000000 3.869705e-03
20.250000 3.709918e-03
20.500000 3.541679e-03
20.750000 3.365757e-03
21.000000 3.182705e-03
21.250000 2.992910e-03
21.500000 2.796655e-03
21.750000 2.594216e-03
22.000000 2.385954e-03
22.250000 2.172423e-03
22.500000 1.954484e-03
22.750000 1.733434e-03
23.000000 1.511182e-03
23.250000 1.290528e-03
23.500000 1.075701e-03
23.750000 8.734849e-04
24.000000 6.956312e-04
24.250000 5.629343e-04
24.500000 5.046974e-04
24.750000 5.347361e-04
25.000000 6.287081e-04
25.250000 7.511520e-04
25.500000 8.786817e-04
25.750000 9.985134e-04
26.000000 1.103404e-03
26.250000 1.188905e-03
26.500000 1.252139e-03
26.750000 1.291255e-03
27.000000 1.305181e-03
27.250000 1.293495e-03
27.500000 1.256358e-03
27.750000 1.194465e-03
28.000000 1.109005e-03
28.250000 1.001623e-03
28.500000 8.743752e-04
28.750000 7.296841e-04
29.000000 5.702977e-04
29.250000 3.992796e-04
29.500000 2.202592e-04
29.750000 4.605500e-05
30.000000 1.591471e-04
30.250000 3.441348e-04
30.500000 5.263514e-04
30.750000 7.018556e-04
31.000000 8.678151e-04
31.250000 1.021848e-03
31.500000 1.161994e-03
31.750000 1.286753e-03
32.000000 1.395125e-03
32.250000 1.486654e-03
32.500000 1.561457e-03
32.750000 1.620245e-03
33.000000 1.664330e-03
33.250000 1.695603e-03
33.500000 1.716491e-03
33.750000 1.729860e-03
34.000000 1.738879e-03
34.250000 1.746813e-03
34.500000 1.756761e-03
34.750000 1.771365e-03
35.000000 1.792522e-03
35.250000 1.821172e-03
35.500000 1.857200e-03
35.750000 1.899483e-03
36.000000 1.946063e-03
36.250000 1.994389e-03
36.500000 2.041592e-03
36.750000 2.084729e-03
37.000000 2.120992e-03
37.250000 2.147854e-03
37.500000 2.163183e-03
37.750000 2.165305e-03
38.000000 2.153047e-03
38.250000 2.125756e-03
38.500000 2.083304e-03
38.750000 2.026081e-03
39.000000 1.954984e-03
39.250000 1.871395e-03
39.500000 1.777162e-03
39.750000 1.674573e-03
40.000000 1.566331e-03
40.250000 1.455521e-03
40.500000 1.345565e-03
40.750000 1.240139e-03
41.000000 1.143022e-03
41.250000 1.057823e-03
41.500000 9.875567e-04
41.750000 9.340796e-04
42.000000 8.975755e-04
42.250000 8.763464e-04
42.500000 8.671073e-04
42.750000 8.656894e-04
43.000000 8.678410e-04
43.250000 8.698468e-04
43.500000 8.688746e-04
43.750000 8.631044e-04
44.000000 8.517348e-04
44.250000 8.349370e-04
44.500000 8.137929e-04
44.750000 7.902182e-04
45.000000 7.668435e-04
45.250000 7.467988e-04
45.500000 7.333421e-04
45.750000 7.293137e-04
46.000000 7.365194e-04
46.250000 7.552772e-04
46.500000 7.843489e-04
46.750000 8.212754e-04
47.000000 8.629148e-04
47.250000 9.059473e-04
47.500000 9.472271e-04
47.750000 9.839767e-04
48.000000 1.013873e-03
48.250000 1.035073e-03
48.500000 1.046214e-03
48.750000 1.046397e-03
49.000000 1.035176e-03
49.250000 1.012545e-03
49.500000 9.789218e-04
49.750000 9.351477e-04
50.000000 8.824856e-04
