-50.000000 3.639930e-03
-49.750000 3.670589e-03
-49.500000 3.701482e-03
-49.250000 3.732607e-03
-49.000000 3.763961e-03
-48.750000 3.795542e-03
-48.500000 3.827345e-03
-48.250000 3.859369e-03
-48.000000 3.891610e-03
-47.750000 3.924065e-03
-47.500000 3.956730e-03
-47.250000 3.989601e-03
-47.000000 4.022676e-03
-46.750000 4.055951e-03
-46.500000 4.089422e-03
-46.250000 4.123084e-03
-46.000000 4.156935e-03
-45.750000 4.190970e-03
-45.500000 4.225185e-03
-45.250000 4.259577e-03
-45.000000 4.294140e-03
-44.750000 4.328870e-03
-44.500000 4.363764e-03
-44.250000 4.398817e-03
-44.000000 4.434024e-03
-43.750000 4.469380e-03
-43.500000 4.504882e-03
-43.250000 4.540525e-03
-43.000000 4.576303e-03
-42.750000 4.612212e-03
-42.500000 4.648247e-03
-42.250000 4.684403e-03
-42.000000 4.720676e-03
-41.750000 4.757060e-03
-41.500000 4.793550e-03
-41.250000 4.830142e-03
-41.000000 4.866829e-03
-40.750000 4.903607e-03
-40.500000 4.940470e-03
-40.250000 4.977414e-03
-40.000000 5.014433e-03
-39.750000 5.051521e-03
-39.500000 5.088673e-03
-39.250000 5.125885e-03
-39.000000 5.163149e-03
-38.750000 5.200461e-03
-38.500000 5.237815e-03
-38.250000 5.275206e-03
-38.000000 5.312628e-03
-37.750000 5.350076e-03
-37.500000 5.387543e-03
-37.250000 5.425024e-03
-37.000000 5.462514e-03
-36.750000 5.500006e-03
-36.500000 5.537496e-03
-36.250000 5.574976e-03
-36.000000 5.612442e-03
-35.750000 5.649888e-03
-35.500000 5.687307e-03
-35.250000 5.724694e-03
-35.000000 5.762044e-03
-34.750000 5.799350e-03
-34.500000 5.836606e-03
-34.250000 5.873806e-03
-34.000000 5.910946e-03
-33.750000 5.948018e-03
-33.500000 5.985017e-03
-33.250000 6.021937e-03
-33.000000 6.058772e-03
-32.750000 6.095516e-03
-32.500000 6.132164e-03
-32.250000 6.168709e-03
-32.000000 6.205145e-03
-31.750000 6.241467e-03
-31.500000 6.277668e-03
-31.250000 6.313743e-03
-31.000000 6.349686e-03
-30.750000 6.385491e-03
-30.500000 6.421153e-03
-30.250000 6.456664e-03
-30.000000 6.492019e-03
-29.750000 6.527214e-03
-29.500000 6.562240e-03
-29.250000 6.597094e-03
-29.000000 6.631769e-03
-28.750000 6.666258e-03
-28.500000 6.700558e-03
-28.250000 6.734660e-03
-28.000000 6.768561e-03
-27.750000 6.802254e-03
-27.500000 6.835734e-03
-27.250000 6.868994e-03
-27.000000 6.902029e-03
-26.750000 6.934834e-03
-26.500000 6.967402e-03
-26.250000 6.999729e-03
-26.000000 7.031808e-03
-25.750000 7.063635e-03
-25.500000 7.095203e-03
-25.250000 7.126507e-03
-25.000000 7.157542e-03
-24.750000 7.188301e-03
-24.500000 7.218781e-03
-24.250000 7.248975e-03
-24.000000 7.278878e-03
-23.750000 7.308485e-03
-23.500000 7.337791e-03
-23.250000 7.366790e-03
-23.000000 7.395476e-03
-22.750000 7.423846e-03
-22.500000 7.451893e-03
-22.250000 7.479614e-03
-22.000000 7.507001e-03
-21.750000 7.534052e-03
-21.500000 7.560760e-03
-21.250000 7.587121e-03
-21.000000 7.613129e-03
-20.750000 7.638781e-03
-20.500000 7.664071e-03
-20.250000 7.688995e-03
-20.000000 7.713547e-03
-19.750000 7.737724e-03
-19.500000 7.761520e-03
-19.250000 7.784931e-03
-19.000000 7.807953e-03
-18.750000 7.830580e-03
-18.500000 7.852809e-03
-18.250000 7.874636e-03
-18.000000 7.896056e-03
-17.750000 7.917064e-03
-17.500000 7.937657e-03
-17.250000 7.957830e-03
-17.000000 7.977580e-03
-16.750000 7.996901e-03
-16.500000 8.015792e-03
-16.250000 8.034246e-03
-16.000000 8.052261e-03
-15.750000 8.069833e-03
-15.500000 8.086958e-03
-15.250000 8.103632e-03
-15.000000 8.119852e-03
-14.750000 8.135614e-03
-14.500000 8.150915e-03
-14.250000 8.165751e-03
-14.000000 8.180118e-03
-13.750000 8.194014e-03
-13.500000 8.207436e-03
-13.250000 8.220380e-03
-13.000000 8.232842e-03
-12.750000 8.244821e-03
-12.500000 8.256312e-03
-12.250000 8.267314e-03
-12.000000 8.277822e-03
-11.750000 8.287835e-03
-11.500000 8.297350e-03
-11.250000 8.306364e-03
-11.000000 8.314874e-03
-10.750000 8.322878e-03
-10.500000 8.330373e-03
-10.250000 8.337358e-03
-10.000000 8.343830e-03
-9.750000 8.349786e-03
-9.500000 8.355224e-03
-9.250000 8.360143e-03
-9.000000 8.364541e-03
-8.750000 8.368414e-03
-8.500000 8.371763e-03
-8.250000 8.374584e-03
-8.000000 8.376876e-03
-7.750000 8.378637e-03
-7.500000 8.379867e-03
-7.250000 8.380562e-03
-7.000000 8.380723e-03
-6.750000 8.380347e-03
-6.500000 8.379434e-03
-6.250000 8.377981e-03
-6.000000 8.375989e-03
-5.750000 8.373455e-03
-5.500000 8.370380e-03
-5.250000 8.366762e-03
-5.000000 8.362600e-03
-4.750000 8.357893e-03
-4.500000 8.352642e-03
-4.250000 8.346845e-03
-4.000000 8.340501e-03
-3.750000 8.333612e-03
-3.500000 8.326175e-03
-3.250000 8.318191e-03
-3.000000 8.309660e-03
-2.750000 8.300581e-03
-2.500000 8.290955e-03
-2.250000 8.280781e-03
-2.000000 8.270060e-03
-1.750000 8.258792e-03
-1.500000 8.246978e-03
-1.250000 8.234616e-03
-1.000000 8.221709e-03
-0.750000 8.208257e-03
-0.500000 8.194259e-03
-0.250000 8.179718e-03
0.000000 8.164633e-03
0.250000 8.149005e-03
0.500000 8.132836e-03
0.750000 8.116126e-03
1.000000 8.098877e-03
1.250000 8.081089e-03
1.500000 8.062764e-03
1.750000 8.043904e-03
2.000000 8.024509e-03
2.250000 8.004581e-03
2.500000 7.984122e-03
2.750000 7.963133e-03
3.000000 7.941616e-03
3.250000 7.919572e-03
3.500000 7.897005e-03
3.750000 7.873915e-03
4.000000 7.850304e-03
4.250000 7.826175e-03
4.500000 7.801531e-03
4.750000 7.776372e-03
5.000000 7.750702e-03
5.250000 7.724522e-03
5.500000 7.697837e-03
5.750000 7.670647e-03
6.000000 7.642955e-03
6.250000 7.614765e-03
6.500000 7.586080e-03
6.750000 7.556901e-03
7.000000 7.527232e-03
7.250000 7.497076e-03
7.500000 7.466436e-03
7.750000 7.435316e-03
8.000000 7.403718e-03
8.250000 7.371645e-03
8.500000 7.339102e-03
8.750000 7.306092e-03
9.000000 7.272618e-03
9.250000 7.238684e-03
9.500000 7.204293e-03
9.750000 7.169450e-03
10.000000 7.134158e-03
10.250000 7.098421e-03
10.500000 7.062243e-03
10.750000 7.025628e-03
11.000000 6.988580e-03
11.250000 6.951104e-03
11.500000 6.913203e-03
11.750000 6.874883e-03
12.000000 6.836147e-03
12.250000 6.797000e-03
12.500000 6.757446e-03
12.750000 6.717491e-03
13.000000 6.677138e-03
13.250000 6.636393e-03
13.500000 6.595260e-03
13.750000 6.553744e-03
14.000000 6.511851e-03
14.250000 6.469585e-03
14.500000 6.426951e-03
14.750000 6.383955e-03
15.000000 6.340602e-03
15.250000 6.296897e-03
15.500000 6.252845e-03
15.750000 6.208452e-03
16.000000 6.163724e-03
16.250000 6.118666e-03
16.500000 6.073283e-03
16.750000 6.027582e-03
17.000000 5.981568e-03
17.250000 5.935247e-03
17.500000 5.888625e-03
17.750000 5.841708e-03
18.000000 5.794503e-03
18.250000 5.747014e-03
18.500000 5.699249e-03
18.750000 5.651213e-03
19.000000 5.602913e-03
19.250000 5.554356e-03
19.500000 5.505548e-03
19.750000 5.456495e-03
20.000000 5.407204e-03
20.250000 5.357682e-03
20.500000 5.307936e-03
20.750000 5.257972e-03
21.000000 5.207798e-03
21.250000 5.157420e-03
21.500000 5.106846e-03
21.750000 5.056082e-03
22.000000 5.005137e-03
22.250000 4.954017e-03
22.500000 4.902730e-03
22.750000 4.851283e-03
23.000000 4.799684e-03
23.250000 4.747940e-03
23.500000 4.696061e-03
23.750000 4.644052e-03
24.000000 4.591924e-03
24.250000 4.539682e-03
24.500000 4.487337e-03
24.750000 4.434896e-03
25.000000 4.382367e-03
25.250000 4.329760e-03
25.500000 4.277083e-03
25.750000 4.224344e-03
26.000000 4.171554e-03
26.250000 4.118720e-03
26.500000 4.065853e-03
26.750000 4.012962e-03
27.000000 3.960055e-03
27.250000 3.907145e-03
27.500000 3.854239e-03
27.750000 3.801349e-03
28.000000 3.748484e-03
28.250000 3.695656e-03
28.500000 3.642875e-03
28.750000 3.590153e-03
29.000000 3.537500e-03
29.250000 3.484928e-03
29.500000 3.432449e-03
29.750000 3.380076e-03
30.000000 3.327821e-03
30.250000 3.275696e-03
30.500000 3.223716e-03
30.750000 3.171893e-03
31.000000 3.120241e-03
31.250000 3.068776e-03
31.500000 3.017512e-03
31.750000 2.966464e-03
32.000000 2.915649e-03
32.250000 2.865083e-03
32.500000 2.814783e-03
32.750000 2.764767e-03
33.000000 2.715053e-03
33.250000 2.665661e-03
33.500000 2.616611e-03
33.750000 2.567923e-03
34.000000 2.519619e-03
34.250000 2.471723e-03
34.500000 2.424257e-03
34.750000 2.377246e-03
35.000000 2.330717e-03
35.250000 2.284696e-03
35.500000 2.239211e-03
35.750000 2.194293e-03
36.000000 2.149972e-03
36.250000 2.106282e-03
36.500000 2.063256e-03
36.750000 2.020930e-03
37.000000 1.979341e-03
37.250000 1.938530e-03
37.500000 1.898536e-03
37.750000 1.859402e-03
38.000000 1.821173e-03
38.250000 1.783896e-03
38.500000 1.747619e-03
38.750000 1.712390e-03
39.000000 1.678263e-03
39.250000 1.645289e-03
39.500000 1.613523e-03
39.750000 1.583019e-03
40.000000 1.553833e-03
40.250000 1.526021e-03
40.500000 1.499638e-03
40.750000 1.474740e-03
41.000000 1.451379e-03
41.250000 1.429607e-03
41.500000 1.409473e-03
41.750000 1.391021e-03
42.000000 1.374292e-03
42.250000 1.359323e-03
42.500000 1.346141e-03
42.750000 1.334772e-03
43.000000 1.325230e-03
43.250000 1.317524e-03
43.500000 1.311654e-03
43.750000 1.307612e-03
44.000000 1.305381e-03
44.250000 1.304938e-03
44.500000 1.306249e-03
44.750000 1.309273e-03
45.000000 1.313965e-03
45.250000 1.320271e-03
45.500000 1.328132e-03
45.750000 1.337484e-03
46.000000 1.348262e-03
46.250000 1.360395e-03
46.500000 1.373811e-03
46.750000 1.388438e-03
47.000000 1.404201e-03
47.250000 1.421028e-03
47.500000 1.438846e-03
47.750000 1.457583e-03
48.000000 1.477170e-03
48.250000 1.497538e-03
48.500000 1.518623e-03
48.750000 1.540361e-03
49.000000 1.562692e-03
49.250000 1.585557e-03
49.500000 1.608901e-03
49.750000 1.632671e-03
50.000000 1.656818e-03
