-50.000000 6.309259e-04
-49.750000 5.286322e-04
-49.500000 4.229655e-04
-49.250000 3.168066e-04
-49.000000 2.148357e-04
-48.750000 1.296990e-04
-48.500000 1.058981e-04
-48.250000 1.631456e-04
-48.000000 2.429208e-04
-47.750000 3.215983e-04
-47.500000 3.928740e-04
-47.250000 4.540703e-04
-47.000000 5.036564e-04
-46.750000 5.406986e-04
-46.500000 5.647254e-04
-46.250000 5.757168e-04
-46.000000 5.741549e-04
-45.750000 5.611281e-04
-45.500000 5.385083e-04
-45.250000 5.092327e-04
-45.000000 4.777035e-04
-44.750000 4.501893e-04
-44.500000 4.347125e-04
-44.250000 4.394160e-04
-44.000000 4.692665e-04
-43.750000 5.237694e-04
-43.500000 5.981941e-04
-43.250000 6.864420e-04
-43.000000 7.828542e-04
-42.750000 8.826942e-04
-42.500000 9.820550e-04
-42.250000 1.077661e-03
-42.000000 1.166713e-03
-41.750000 1.246793e-03
-41.500000 1.315806e-03
-41.250000 1.371965e-03
-41.000000 1.413779e-03
-40.750000 1.440059e-03
-40.500000 1.449924e-03
-40.250000 1.442817e-03
-40.000000 1.418519e-03
-39.750000 1.377164e-03
-39.500000 1.319263e-03
-39.250000 1.245740e-03
-39.000000 1.157984e-03
-38.750000 1.057959e-03
-38.500000 9.483883e-04
-38.250000 8.331309e-04
-38.000000 7.179097e-04
-37.750000 6.116548e-04
-37.500000 5.283471e-04
-37.250000 4.866550e-04
-37.000000 5.005977e-04
-36.750000 5.663133e-04
-36.500000 6.664970e-04
-36.250000 7.842754e-04
-36.000000 9.080381e-04
-35.750000 1.030295e-03
-35.500000 1.146012e-03
-35.250000 1.251590e-03
-35.000000 1.344341e-03
-34.750000 1.422223e-03
-34.500000 1.483704e-03
-34.250000 1.527699e-03
-34.000000 1.553531e-03
-33.750000 1.560920e-03
-33.500000 1.549970e-03
-33.250000 1.521161e-03
-33.000000 1.475347e-03
-32.750000 1.413750e-03
-32.500000 1.337956e-03
-32.250000 1.249918e-03
-32.000000 1.151966e-03
-31.750000 1.046830e-03
-31.500000 9.376974e-04
-31.250000 8.283018e-04
-31.000000 7.230676e-04
-30.750000 6.272604e-04
-30.500000 5.469543e-04
-30.250000 4.882743e-04
-30.000000 4.552314e-04
-29.750000 4.468250e-04
-29.500000 4.564031e-04
-29.250000 4.745394e-04
-29.000000 4.924089e-04
-28.750000 5.032703e-04
-28.500000 5.025044e-04
-28.250000 4.872566e-04
-28.000000 4.562127e-04
-27.750000 4.097437e-04
-27.500000 3.508327e-04
-27.250000 2.880808e-04
-27.000000 2.434805e-04
-26.750000 2.555120e-04
-26.500000 3.391842e-04
-26.250000 4.714305e-04
-26.000000 6.317149e-04
-25.750000 8.093297e-04
-25.500000 9.979468e-04
-25.250000 1.192853e-03
-25.000000 1.389940e-03
-24.750000 1.585340e-03
-24.500000 1.775299e-03
-24.250000 1.956151e-03
-24.000000 2.124328e-03
-23.750000 2.276398e-03
-23.500000 2.409105e-03
-23.250000 2.519422e-03
-23.000000 2.604594e-03
-22.750000 2.662190e-03
-22.500000 2.690148e-03
-22.250000 2.686814e-03
-22.000000 2.650988e-03
-21.750000 2.581953e-03
-21.500000 2.479513e-03
-21.250000 2.344022e-03
-21.000000 2.176428e-03
-20.750000 1.978331e-03
-20.500000 1.752097e-03
-20.250000 1.501110e-03
-20.000000 1.230420e-03
-19.750000 9.486825e-04
-19.500000 6.751302e-04
-19.250000 4.678760e-04
-19.000000 4.666867e-04
-18.750000 6.854760e-04
-18.500000 9.899838e-04
-18.250000 1.319097e-03
-18.000000 1.651685e-03
-17.750000 1.977361e-03
-17.500000 2.289181e-03
-17.250000 2.581665e-03
-17.000000 2.850180e-03
-16.750000 3.090756e-03
-16.500000 3.300051e-03
-16.250000 3.475378e-03
-16.000000 3.614776e-03
-15.750000 3.717093e-03
-15.500000 3.782084e-03
-15.250000 3.810536e-03
-15.000000 3.804402e-03
-14.750000 3.766959e-03
-14.500000 3.702991e-03
-14.250000 3.618976e-03
-14.000000 3.523245e-03
-13.750000 3.426033e-03
-13.500000 3.339267e-03
-13.250000 3.275888e-03
-13.000000 3.248517e-03
-12.750000 3.267537e-03
-12.500000 3.339076e-03
-12.250000 3.463730e-03
-12.000000 3.636629e-03
-11.750000 3.848703e-03
-11.500000 4.088440e-03
-11.250000 4.343455e-03
-11.000000 4.601547e-03
-10.750000 4.851284e-03
-10.500000 5.082259e-03
-10.250000 5.285172e-03
-10.000000 5.451841e-03
-9.750000 5.575194e-03
-9.500000 5.649267e-03
-9.250000 5.669224e-03
-9.000000 5.631401e-03
-8.750000 5.533385e-03
-8.500000 5.374139e-03
-8.250000 5.154196e-03
-8.000000 4.875986e-03
-7.750000 4.544373e-03
-7.500000 4.167619e-03
-7.250000 3.759109e-03
-7.000000 3.340514e-03
-6.750000 2.947195e-03
-6.500000 2.635183e-03
-6.250000 2.480992e-03
-6.000000 2.553232e-03
-5.750000 2.863963e-03
-5.500000 3.366023e-03
-5.250000 3.997133e-03
-5.000000 4.707570e-03
-4.750000 5.462611e-03
-4.500000 6.237749e-03
-4.250000 7.014598e-03
-4.000000 7.778438e-03
-3.750000 8.516870e-03
-3.500000 9.219108e-03
-3.250000 9.875614e-03
-3.000000 1.047792e-02
-2.750000 1.101857e-02
-2.500000 1.149107e-02
-2.250000 1.188997e-02
-2.000000 1.221082e-02
-1.750000 1.245028e-02
-1.500000 1.260612e-02
-1.250000 1.267726e-02
-1.000000 1.266385e-02
-0.750000 1.256726e-02
-0.500000 1.239014e-02
-0.250000 1.213642e-02
0.000000 1.181140e-02
0.250000 1.142175e-02
0.500000 1.097556e-02
0.750000 1.048245e-02
1.000000 9.953623e-03
1.250000 9.401985e-03
1.500000 8.842245e-03
1.750000 8.290959e-03
2.000000 7.766416e-03
2.250000 7.288173e-03
2.500000 6.875987e-03
2.750000 6.547878e-03
3.000000 6.317380e-03
3.250000 6.190590e-03
3.500000 6.164228e-03
3.750000 6.225818e-03
4.000000 6.356040e-03
4.250000 6.532161e-03
4.500000 6.731192e-03
4.750000 6.932021e-03
5.000000 7.116469e-03
5.250000 7.269591e-03
5.500000 7.379570e-03
5.750000 7.437446e-03
6.000000 7.436809e-03
6.250000 7.373527e-03
6.500000 7.245520e-03
6.750000 7.052587e-03
7.000000 6.796289e-03
7.250000 6.479898e-03
7.500000 6.108411e-03
7.750000 5.688686e-03
8.000000 5.229735e-03
8.250000 4.743314e-03
8.500000 4.244981e-03
8.750000 3.755904e-03
9.000000 3.305592e-03
9.250000 2.934705e-03
9.500000 2.693545e-03
9.750000 2.627288e-03
10.000000 2.749034e-03
10.250000 3.029343e-03
10.500000 3.417459e-03
10.750000 3.865879e-03
11.000000 4.339082e-03
11.250000 4.812379e-03
11.500000 5.268730e-03
11.750000 5.696240e-03
12.000000 6.086574e-03
12.250000 6.434023e-03
12.500000 6.734952e-03
12.750000 6.987478e-03
13.000000 7.191273e-03
13.250000 7.347426e-03
13.500000 7.458349e-03
13.750000 7.527677e-03
14.000000 7.560173e-03
14.250000 7.561597e-03
14.500000 7.538543e-03
14.750000 7.498218e-03
15.000000 7.448158e-03
15.250000 7.395882e-03
15.500000 7.348468e-03
15.750000 7.312113e-03
16.000000 7.291679e-03
16.250000 7.290320e-03
16.500000 7.309230e-03
16.750000 7.347569e-03
17.000000 7.402574e-03
17.250000 7.469844e-03
17.500000 7.543729e-03
17.750000 7.617787e-03
18.000000 7.685219e-03
18.250000 7.739266e-03
18.500000 7.773534e-03
18.750000 7.782240e-03
19.000000 7.760395e-03
19.250000 7.703929e-03
19.500000 7.609764e-03
19.750000 7.475863e-03
20.000000 7.301245e-03
20.250000 7.085992e-03
20.500000 6.831243e-03
20.750000 6.539192e-03
21.000000 6.213085e-03
21.250000 5.857240e-03
21.500000 5.477091e-03
21.750000 5.079277e-03
22.000000 4.671798e-03
22.250000 4.264246e-03
22.500000 3.868127e-03
22.750000 3.497205e-03
23.000000 3.167620e-03
23.250000 2.897227e-03
23.500000 2.703198e-03
23.750000 2.597405e-03
24.000000 2.581176e-03
24.250000 2.643370e-03
24.500000 2.763871e-03
24.750000 2.919748e-03
25.000000 3.089984e-03
25.250000 3.257462e-03
25.500000 3.409104e-03
25.750000 3.535269e-03
26.000000 3.629060e-03
26.250000 3.685741e-03
26.500000 3.702308e-03
26.750000 3.677175e-03
27.000000 3.609962e-03
27.250000 3.501332e-03
27.500000 3.352887e-03
27.750000 3.167091e-03
28.000000 2.947234e-03
28.250000 2.697448e-03
28.500000 2.422813e-03
28.750000 2.129639e-03
29.000000 1.826109e-03
29.250000 1.523754e-03
29.500000 1.240763e-03
29.750000 1.008569e-03
30.000000 8.776480e-04
30.250000 8.940749e-04
30.500000 1.044581e-03
30.750000 1.272551e-03
31.000000 1.531954e-03
31.250000 1.796628e-03
31.500000 2.052019e-03
31.750000 2.289360e-03
32.000000 2.502944e-03
32.250000 2.688890e-03
32.500000 2.844569e-03
32.750000 2.968319e-03
33.000000 3.059300e-03
33.250000 3.117409e-03
33.500000 3.143233e-03
33.750000 3.138009e-03
34.000000 3.103606e-03
34.250000 3.042504e-03
34.500000 2.957779e-03
34.750000 2.853091e-03
35.000000 2.732680e-03
35.250000 2.601343e-03
35.500000 2.464411e-03
35.750000 2.327681e-03
36.000000 2.197260e-03
36.250000 2.079286e-03
36.500000 1.979450e-03
36.750000 1.902318e-03
37.000000 1.850570e-03
37.250000 1.824409e-03
37.500000 1.821427e-03
37.750000 1.837039e-03
38.000000 1.865326e-03
38.250000 1.899948e-03
38.500000 1.934869e-03
38.750000 1.964797e-03
39.000000 1.985390e-03
39.250000 1.993293e-03
39.500000 1.986102e-03
39.750000 1.962293e-03
40.000000 1.921143e-03
40.250000 1.862662e-03
40.500000 1.787538e-03
40.750000 1.697107e-03
41.000000 1.593342e-03
41.250000 1.478880e-03
41.500000 1.357097e-03
41.750000 1.232252e-03
42.000000 1.109710e-03
42.250000 9.961926e-04
42.500000 8.998810e-04
42.750000 8.297848e-04
43.000000 7.936267e-04
43.250000 7.944611e-04
43.500000 8.286152e-04
43.750000 8.873183e-04
44.000000 9.603682e-04
44.250000 1.038751e-03
44.500000 1.115468e-03
44.750000 1.185392e-03
45.000000 1.244869e-03
45.250000 1.291367e-03
45.500000 1.323217e-03
45.750000 1.339442e-03
46.000000 1.339642e-03
46.250000 1.323918e-03
46.500000 1.292815e-03
46.750000 1.247289e-03
47.000000 1.188674e-03
47.250000 1.118674e-03
47.500000 1.039361e-03
47.750000 9.531960e-04
48.000000 8.630804e-04
48.250000 7.724469e-04
48.500000 6.853868e-04
48.750000 6.067600e-04
49.000000 5.420862e-04
49.250000 4.967692e-04
49.500000 4.742652e-04
49.750000 4.739632e-04
50.000000 4.908826e-04
