-50.000000 1.960053e-03
-49.750000 1.995305e-03
-49.500000 2.025636e-03
-49.250000 2.050915e-03
-49.000000 2.071042e-03
-48.750000 2.085946e-03
-48.500000 2.095593e-03
-48.250000 2.099979e-03
-48.000000 2.099136e-03
-47.750000 2.093132e-03
-47.500000 2.082072e-03
-47.250000 2.066098e-03
-47.000000 2.045389e-03
-46.750000 2.020168e-03
-46.500000 1.990693e-03
-46.250000 1.957270e-03
-46.000000 1.920243e-03
-45.750000 1.880003e-03
-45.500000 1.836985e-03
-45.250000 1.791670e-03
-45.000000 1.744587e-03
-44.750000 1.696310e-03
-44.500000 1.647459e-03
-44.250000 1.598697e-03
-44.000000 1.550725e-03
-43.750000 1.504272e-03
-43.500000 1.460084e-03
-43.250000 1.418906e-03
-43.000000 1.381458e-03
-42.750000 1.348407e-03
-42.500000 1.320332e-03
-42.250000 1.297687e-03
-42.000000 1.280772e-03
-41.750000 1.269703e-03
-41.500000 1.264401e-03
-41.250000 1.264591e-03
-41.000000 1.269816e-03
-40.750000 1.279469e-03
-40.500000 1.292827e-03
-40.250000 1.309089e-03
-40.000000 1.327417e-03
-39.750000 1.346966e-03
-39.500000 1.366910e-03
-39.250000 1.386460e-03
-39.000000 1.404882e-03
-38.750000 1.421498e-03
-38.500000 1.435693e-03
-38.250000 1.446919e-03
-38.000000 1.454691e-03
-37.750000 1.458583e-03
-37.500000 1.458235e-03
-37.250000 1.453341e-03
-37.000000 1.443652e-03
-36.750000 1.428971e-03
-36.500000 1.409154e-03
-36.250000 1.384107e-03
-36.000000 1.353781e-03
-35.750000 1.318177e-03
-35.500000 1.277341e-03
-35.250000 1.231368e-03
-35.000000 1.180399e-03
-34.750000 1.124628e-03
-34.500000 1.064301e-03
-34.250000 9.997317e-04
-34.000000 9.313079e-04
-33.750000 8.595184e-04
-33.500000 7.849887e-04
-33.250000 7.085471e-04
-33.000000 6.313390e-04
-32.750000 5.550318e-04
-32.500000 4.821812e-04
-32.250000 4.168390e-04
-32.000000 3.653096e-04
-31.750000 3.360855e-04
-31.500000 3.366685e-04
-31.250000 3.679816e-04
-31.000000 4.238107e-04
-30.750000 4.960893e-04
-30.500000 5.785282e-04
-30.250000 6.669932e-04
-30.000000 7.588402e-04
-29.750000 8.523190e-04
-29.500000 9.462043e-04
-29.250000 1.039586e-03
-29.000000 1.131753e-03
-28.750000 1.222124e-03
-28.500000 1.310208e-03
-28.250000 1.395585e-03
-28.000000 1.477887e-03
-27.750000 1.556791e-03
-27.500000 1.632015e-03
-27.250000 1.703312e-03
-27.000000 1.770469e-03
-26.750000 1.833307e-03
-26.500000 1.891676e-03
-26.250000 1.945459e-03
-26.000000 1.994571e-03
-25.750000 2.038956e-03
-25.500000 2.078588e-03
-25.250000 2.113472e-03
-25.000000 2.143643e-03
-24.750000 2.169164e-03
-24.500000 2.190129e-03
-24.250000 2.206658e-03
-24.000000 2.218900e-03
-23.750000 2.227031e-03
-23.500000 2.231252e-03
-23.250000 2.231788e-03
-23.000000 2.228889e-03
-22.750000 2.222825e-03
-22.500000 2.213888e-03
-22.250000 2.202386e-03
-22.000000 2.188646e-03
-21.750000 2.173005e-03
-21.500000 2.155813e-03
-21.250000 2.137427e-03
-21.000000 2.118209e-03
-20.750000 2.098520e-03
-20.500000 2.078717e-03
-20.250000 2.059152e-03
-20.000000 2.040160e-03
-19.750000 2.022060e-03
-19.500000 2.005150e-03
-19.250000 1.989696e-03
-19.000000 1.975937e-03
-18.750000 1.964072e-03
-18.500000 1.954263e-03
-18.250000 1.946629e-03
-18.000000 1.941245e-03
-17.750000 1.938144e-03
-17.500000 1.937314e-03
-17.250000 1.938704e-03
-17.000000 1.942224e-03
-16.750000 1.947749e-03
-16.500000 1.955124e-03
-16.250000 1.964168e-03
-16.000000 1.974680e-03
-15.750000 1.986442e-03
-15.500000 1.999226e-03
-15.250000 2.012794e-03
-15.000000 2.026906e-03
-14.750000 2.041319e-03
-14.500000 2.055794e-03
-14.250000 2.070094e-03
-14.000000 2.083989e-03
-13.750000 2.097256e-03
-13.500000 2.109680e-03
-13.250000 2.121057e-03
-13.000000 2.131191e-03
-12.750000 2.139901e-03
-12.500000 2.147016e-03
-12.250000 2.152382e-03
-12.000000 2.155859e-03
-11.750000 2.157326e-03
-11.500000 2.156684e-03
-11.250000 2.153857e-03
-11.000000 2.148794e-03
-10.750000 2.141479e-03
-10.500000 2.131932e-03
-10.250000 2.120213e-03
-10.000000 2.106432e-03
-9.750000 2.090755e-03
-9.500000 2.073412e-03
-9.250000 2.054705e-03
-9.000000 2.035018e-03
-8.750000 2.014824e-03
-8.500000 1.994698e-03
-8.250000 1.975319e-03
-8.000000 1.957474e-03
-7.750000 1.942063e-03
-7.500000 1.930083e-03
-7.250000 1.922621e-03
-7.000000 1.920821e-03
-6.750000 1.925851e-03
-6.500000 1.938852e-03
-6.250000 1.960887e-03
-6.000000 1.992884e-03
-5.750000 2.035588e-03
-5.500000 2.089519e-03
-5.250000 2.154956e-03
-5.000000 2.231931e-03
-4.750000 2.320251e-03
-4.500000 2.419520e-03
-4.250000 2.529180e-03
-4.000000 2.648544e-03
-3.750000 2.776835e-03
-3.500000 2.913212e-03
-3.250000 3.056798e-03
-3.000000 3.206694e-03
-2.750000 3.361997e-03
-2.500000 3.521804e-03
-2.250000 3.685220e-03
-2.000000 3.851364e-03
-1.750000 4.019367e-03
-1.500000 4.188377e-03
-1.250000 4.357561e-03
-1.000000 4.526101e-03
-0.750000 4.693201e-03
-0.500000 4.858086e-03
-0.250000 5.020002e-03
0.000000 5.178221e-03
0.250000 5.332040e-03
0.500000 5.480789e-03
0.750000 5.623826e-03
1.000000 5.760548e-03
1.250000 5.890387e-03
1.500000 6.012821e-03
1.750000 6.127373e-03
2.000000 6.233616e-03
2.250000 6.331179e-03
2.500000 6.419749e-03
2.750000 6.499081e-03
3.000000 6.568994e-03
3.250000 6.629385e-03
3.500000 6.680229e-03
3.750000 6.721585e-03
4.000000 6.753606e-03
4.250000 6.776537e-03
4.500000 6.790725e-03
4.750000 6.796626e-03
5.000000 6.794803e-03
5.250000 6.785938e-03
5.500000 6.770833e-03
5.750000 6.750409e-03
6.000000 6.725711e-03
6.250000 6.697905e-03
6.500000 6.668273e-03
6.750000 6.638209e-03
7.000000 6.609199e-03
7.250000 6.582814e-03
7.500000 6.560677e-03
7.750000 6.544442e-03
8.000000 6.535756e-03
8.250000 6.536216e-03
8.500000 6.547331e-03
8.750000 6.570471e-03
9.000000 6.606826e-03
9.250000 6.657360e-03
9.500000 6.722781e-03
9.750000 6.803515e-03
10.000000 6.899690e-03
10.250000 7.011140e-03
10.500000 7.137413e-03
10.750000 7.277788e-03
11.000000 7.431313e-03
11.250000 7.596828e-03
11.500000 7.773011e-03
11.750000 7.958408e-03
12.000000 8.151468e-03
12.250000 8.350578e-03
12.500000 8.554092e-03
12.750000 8.760347e-03
13.000000 8.967692e-03
13.250000 9.174499e-03
13.500000 9.379179e-03
13.750000 9.580191e-03
14.000000 9.776049e-03
14.250000 9.965333e-03
14.500000 1.014669e-02
14.750000 1.031883e-02
15.000000 1.048056e-02
15.250000 1.063074e-02
15.500000 1.076831e-02
15.750000 1.089231e-02
16.000000 1.100185e-02
16.250000 1.109611e-02
16.500000 1.117437e-02
16.750000 1.123599e-02
17.000000 1.128040e-02
17.250000 1.130713e-02
17.500000 1.131578e-02
17.750000 1.130604e-02
18.000000 1.127767e-02
18.250000 1.123053e-02
18.500000 1.116455e-02
18.750000 1.107974e-02
19.000000 1.097619e-02
19.250000 1.085406e-02
19.500000 1.071359e-02
19.750000 1.055510e-02
20.000000 1.037896e-02
20.250000 1.018564e-02
20.500000 9.975647e-03
20.750000 9.749567e-03
21.000000 9.508043e-03
21.250000 9.251776e-03
21.500000 8.981523e-03
21.750000 8.698090e-03
22.000000 8.402336e-03
22.250000 8.095161e-03
22.500000 7.777511e-03
22.750000 7.450370e-03
23.000000 7.114758e-03
23.250000 6.771730e-03
23.500000 6.422374e-03
23.750000 6.067809e-03
24.000000 5.709186e-03
24.250000 5.347687e-03
24.500000 4.984534e-03
24.750000 4.620995e-03
25.000000 4.258396e-03
25.250000 3.898145e-03
25.500000 3.541769e-03
25.750000 3.190975e-03
26.000000 2.847745e-03
26.250000 2.514506e-03
26.500000 2.194411e-03
26.750000 1.891830e-03
27.000000 1.613197e-03
27.250000 1.368355e-03
27.500000 1.172154e-03
27.750000 1.044230e-03
28.000000 1.001939e-03
28.250000 1.046617e-03
28.500000 1.159887e-03
28.750000 1.316662e-03
29.000000 1.496652e-03
29.250000 1.686517e-03
29.500000 1.878030e-03
29.750000 2.066114e-03
30.000000 2.247568e-03
30.250000 2.420317e-03
30.500000 2.583000e-03
30.750000 2.734719e-03
31.000000 2.874898e-03
31.250000 3.003193e-03
31.500000 3.119439e-03
31.750000 3.223608e-03
32.000000 3.315788e-03
32.250000 3.396163e-03
32.500000 3.465000e-03
32.750000 3.522638e-03
33.000000 3.569478e-03
33.250000 3.605978e-03
33.500000 3.632645e-03
33.750000 3.650025e-03
34.000000 3.658703e-03
34.250000 3.659291e-03
34.500000 3.652422e-03
34.750000 3.638747e-03
35.000000 3.618924e-03
35.250000 3.593612e-03
35.500000 3.563463e-03
35.750000 3.529116e-03
36.000000 3.491186e-03
36.250000 3.450262e-03
36.500000 3.406890e-03
36.750000 3.361575e-03
37.000000 3.314768e-03
37.250000 3.266862e-03
37.500000 3.218187e-03
37.750000 3.169006e-03
38.000000 3.119511e-03
38.250000 3.069822e-03
38.500000 3.019990e-03
38.750000 2.969997e-03
39.000000 2.919761e-03
39.250000 2.869141e-03
39.500000 2.817944e-03
39.750000 2.765934e-03
40.000000 2.712838e-03
40.250000 2.658360e-03
40.500000 2.602187e-03
40.750000 2.543997e-03
41.000000 2.483472e-03
41.250000 2.420305e-03
41.500000 2.354205e-03
41.750000 2.284908e-03
42.000000 2.212178e-03
42.250000 2.135817e-03
42.500000 2.055664e-03
42.750000 1.971604e-03
43.000000 1.883564e-03
43.250000 1.791519e-03
43.500000 1.695491e-03
43.750000 1.595553e-03
44.000000 1.491825e-03
44.250000 1.384479e-03
44.500000 1.273740e-03
44.750000 1.159892e-03
45.000000 1.043281e-03
45.250000 9.243373e-04
45.500000 8.036047e-04
45.750000 6.818164e-04
46.000000 5.600642e-04
46.250000 4.402475e-04
46.500000 3.264358e-04
46.750000 2.296067e-04
47.000000 1.807177e-04
47.250000 2.151055e-04
47.500000 3.048992e-04
47.750000 4.143287e-04
48.000000 5.299493e-04
48.250000 6.469243e-04
48.500000 7.630585e-04
48.750000 8.770995e-04
49.000000 9.881941e-04
49.250000 1.095687e-03
49.500000 1.199035e-03
49.750000 1.297770e-03
50.000000 1.391479e-03
