-50.000000 1.623496e-03
-49.750000 1.547793e-03
-49.500000 1.469319e-03
-49.250000 1.388161e-03
-49.000000 1.304416e-03
-48.750000 1.218199e-03
-48.500000 1.129644e-03
-48.250000 1.038911e-03
-48.000000 9.461977e-04
-47.750000 8.517567e-04
-47.500000 7.559281e-04
-47.250000 6.592009e-04
-47.000000 5.623378e-04
-46.750000 4.666519e-04
-46.500000 3.746736e-04
-46.250000 2.918644e-04
-46.000000 2.305976e-04
-45.750000 2.126551e-04
-45.500000 2.491131e-04
-45.250000 3.228958e-04
-45.000000 4.150362e-04
-44.750000 5.160291e-04
-44.500000 6.216295e-04
-44.250000 7.297587e-04
-44.000000 8.392538e-04
-43.750000 9.493734e-04
-43.500000 1.059587e-03
-43.250000 1.169476e-03
-43.000000 1.278689e-03
-42.750000 1.386911e-03
-42.500000 1.493851e-03
-42.250000 1.599237e-03
-42.000000 1.702807e-03
-41.750000 1.804307e-03
-41.500000 1.903493e-03
-41.250000 2.000125e-03
-41.000000 2.093971e-03
-40.750000 2.184807e-03
-40.500000 2.272413e-03
-40.250000 2.356581e-03
-40.000000 2.437108e-03
-39.750000 2.513803e-03
-39.500000 2.586483e-03
-39.250000 2.654977e-03
-39.000000 2.719129e-03
-38.750000 2.778793e-03
-38.500000 2.833838e-03
-38.250000 2.884153e-03
-38.000000 2.929638e-03
-37.750000 2.970217e-03
-37.500000 3.005829e-03
-37.250000 3.036439e-03
-37.000000 3.062031e-03
-36.750000 3.082615e-03
-36.500000 3.098227e-03
-36.250000 3.108929e-03
-36.000000 3.114814e-03
-35.750000 3.116005e-03
-35.500000 3.112660e-03
-35.250000 3.104969e-03
-35.000000 3.093163e-03
-34.750000 3.077508e-03
-34.500000 3.058315e-03
-34.250000 3.035935e-03
-34.000000 3.010767e-03
-33.750000 2.983253e-03
-33.500000 2.953886e-03
-33.250000 2.923203e-03
-33.000000 2.891792e-03
-32.750000 2.860282e-03
-32.500000 2.829347e-03
-32.250000 2.799692e-03
-32.000000 2.772054e-03
-31.750000 2.747181e-03
-31.500000 2.725827e-03
-31.250000 2.708729e-03
-31.000000 2.696587e-03
-30.750000 2.690048e-03
-30.500000 2.689678e-03
-30.250000 2.695946e-03
-30.000000 2.709201e-03
-29.750000 2.729664e-03
-29.500000 2.757414e-03
-29.250000 2.792390e-03
-29.000000 2.834391e-03
-28.750000 2.883092e-03
-28.500000 2.938054e-03
-28.250000 2.998740e-03
-28.000000 3.064539e-03
-27.750000 3.134778e-03
-27.500000 3.208745e-03
-27.250000 3.285701e-03
-27.000000 3.364894e-03
-26.750000 3.445573e-03
-26.500000 3.526991e-03
-26.250000 3.608418e-03
-26.000000 3.689143e-03
-25.750000 3.768476e-03
-25.500000 3.845757e-03
-25.250000 3.920351e-03
-25.000000 3.991653e-03
-24.750000 4.059086e-03
-24.500000 4.122108e-03
-24.250000 4.180202e-03
-24.000000 4.232886e-03
-23.750000 4.279709e-03
-23.500000 4.320248e-03
-23.250000 4.354114e-03
-23.000000 4.380948e-03
-22.750000 4.400425e-03
-22.500000 4.412249e-03
-22.250000 4.416157e-03
-22.000000 4.411920e-03
-21.750000 4.399341e-03
-21.500000 4.378254e-03
-21.250000 4.348532e-03
-21.000000 4.310077e-03
-20.750000 4.262829e-03
-20.500000 4.206765e-03
-20.250000 4.141898e-03
-20.000000 4.068278e-03
-19.750000 3.985996e-03
-19.500000 3.895184e-03
-19.250000 3.796020e-03
-19.000000 3.688726e-03
-18.750000 3.573576e-03
-18.500000 3.450901e-03
-18.250000 3.321093e-03
-18.000000 3.184617e-03
-17.750000 3.042022e-03
-17.500000 2.893957e-03
-17.250000 2.741196e-03
-17.000000 2.584670e-03
-16.750000 2.425513e-03
-16.500000 2.265123e-03
-16.250000 2.105256e-03
-16.000000 1.948145e-03
-15.750000 1.796668e-03
-15.500000 1.654544e-03
-15.250000 1.526527e-03
-15.000000 1.418496e-03
-14.750000 1.337176e-03
-14.500000 1.289241e-03
-14.250000 1.279698e-03
-14.000000 1.310232e-03
-13.750000 1.378612e-03
-13.500000 1.479644e-03
-13.250000 1.606890e-03
-13.000000 1.754078e-03
-12.750000 1.915808e-03
-12.500000 2.087703e-03
-12.250000 2.266302e-03
-12.000000 2.448867e-03
-11.750000 2.633211e-03
-11.500000 2.817550e-03
-11.250000 3.000401e-03
-11.000000 3.180504e-03
-10.750000 3.356765e-03
-10.500000 3.528219e-03
-10.250000 3.694004e-03
-10.000000 3.853339e-03
-9.750000 4.005512e-03
-9.500000 4.149868e-03
-9.250000 4.285803e-03
-9.000000 4.412760e-03
-8.750000 4.530226e-03
-8.500000 4.637725e-03
-8.250000 4.734825e-03
-8.000000 4.821127e-03
-7.750000 4.896273e-03
-7.500000 4.959942e-03
-7.250000 5.011850e-03
-7.000000 5.051751e-03
-6.750000 5.079440e-03
-6.500000 5.094750e-03
-6.250000 5.097553e-03
-6.000000 5.087767e-03
-5.750000 5.065348e-03
-5.500000 5.030301e-03
-5.250000 4.982673e-03
-5.000000 4.922563e-03
-4.750000 4.850118e-03
-4.500000 4.765540e-03
-4.250000 4.669090e-03
-4.000000 4.561091e-03
-3.750000 4.441936e-03
-3.500000 4.312093e-03
-3.250000 4.172120e-03
-3.000000 4.022679e-03
-2.750000 3.864550e-03
-2.500000 3.698660e-03
-2.250000 3.526118e-03
-2.000000 3.348257e-03
-1.750000 3.166698e-03
-1.500000 2.983431e-03
-1.250000 2.800929e-03
-1.000000 2.622282e-03
-0.750000 2.451365e-03
-0.500000 2.293003e-03
-0.250000 2.153077e-03
0.000000 2.038437e-03
0.250000 1.956428e-03
0.500000 1.913887e-03
0.750000 1.915725e-03
1.000000 1.963671e-03
1.250000 2.055891e-03
1.500000 2.187730e-03
1.750000 2.353051e-03
2.000000 2.545474e-03
2.250000 2.759142e-03
2.500000 2.989027e-03
2.750000 3.230957e-03
3.000000 3.481508e-03
3.250000 3.737869e-03
3.500000 3.997706e-03
3.750000 4.259055e-03
4.000000 4.520237e-03
4.250000 4.779795e-03
4.500000 5.036443e-03
4.750000 5.289033e-03
5.000000 5.536528e-03
5.250000 5.777985e-03
5.500000 6.012535e-03
5.750000 6.239379e-03
6.000000 6.457778e-03
6.250000 6.667046e-03
6.500000 6.866546e-03
6.750000 7.055690e-03
7.000000 7.233933e-03
7.250000 7.400774e-03
7.500000 7.555755e-03
7.750000 7.698457e-03
8.000000 7.828506e-03
8.250000 7.945567e-03
8.500000 8.049345e-03
8.750000 8.139589e-03
9.000000 8.216086e-03
9.250000 8.278666e-03
9.500000 8.327202e-03
9.750000 8.361605e-03
10.000000 8.381832e-03
10.250000 8.387879e-03
10.500000 8.379787e-03
10.750000 8.357638e-03
11.000000 8.321557e-03
11.250000 8.271711e-03
11.500000 8.208314e-03
11.750000 8.131619e-03
12.000000 8.041926e-03
12.250000 7.939577e-03
12.500000 7.824961e-03
12.750000 7.698512e-03
13.000000 7.560710e-03
13.250000 7.412083e-03
13.500000 7.253208e-03
13.750000 7.084713e-03
14.000000 6.907280e-03
14.250000 6.721647e-03
14.500000 6.528614e-03
14.750000 6.329042e-03
15.000000 6.123868e-03
15.250000 5.914102e-03
15.500000 5.700843e-03
15.750000 5.485285e-03
16.000000 5.268731e-03
16.250000 5.052602e-03
16.500000 4.838457e-03
16.750000 4.628004e-03
17.000000 4.423114e-03
17.250000 4.225829e-03
17.500000 4.038366e-03
17.750000 3.863099e-03
18.000000 3.702525e-03
18.250000 3.559194e-03
18.500000 3.435603e-03
18.750000 3.334044e-03
19.000000 3.256426e-03
19.250000 3.204081e-03
19.500000 3.177602e-03
19.750000 3.176745e-03
20.000000 3.200426e-03
20.250000 3.246815e-03
20.500000 3.313511e-03
20.750000 3.397742e-03
21.000000 3.496572e-03
21.250000 3.607065e-03
21.500000 3.726410e-03
21.750000 3.851991e-03
22.000000 3.981434e-03
22.250000 4.112611e-03
22.500000 4.243638e-03
22.750000 4.372859e-03
23.000000 4.498823e-03
23.250000 4.620267e-03
23.500000 4.736089e-03
23.750000 4.845336e-03
24.000000 4.947181e-03
24.250000 5.040915e-03
24.500000 5.125928e-03
24.750000 5.201704e-03
25.000000 5.267807e-03
25.250000 5.323879e-03
25.500000 5.369631e-03
25.750000 5.404836e-03
26.000000 5.429326e-03
26.250000 5.442991e-03
26.500000 5.445768e-03
26.750000 5.437648e-03
27.000000 5.418663e-03
27.250000 5.388892e-03
27.500000 5.348453e-03
27.750000 5.297506e-03
28.000000 5.236246e-03
28.250000 5.164906e-03
28.500000 5.083753e-03
28.750000 4.993085e-03
29.000000 4.893233e-03
29.250000 4.784561e-03
29.500000 4.667457e-03
29.750000 4.542342e-03
30.000000 4.409662e-03
30.250000 4.269891e-03
30.500000 4.123532e-03
30.750000 3.971112e-03
31.000000 3.813187e-03
31.250000 3.650345e-03
31.500000 3.483203e-03
31.750000 3.312414e-03
32.000000 3.138673e-03
32.250000 2.962724e-03
32.500000 2.785369e-03
32.750000 2.607485e-03
33.000000 2.430050e-03
33.250000 2.254164e-03
33.500000 2.081103e-03
33.750000 1.912369e-03
34.000000 1.749779e-03
34.250000 1.595562e-03
34.500000 1.452487e-03
34.750000 1.323972e-03
35.000000 1.214107e-03
35.250000 1.127445e-03
35.500000 1.068351e-03
35.750000 1.039896e-03
36.000000 1.042672e-03
36.250000 1.074336e-03
36.500000 1.130264e-03
36.750000 1.204856e-03
37.000000 1.292686e-03
37.250000 1.389107e-03
37.500000 1.490400e-03
37.750000 1.593681e-03
38.000000 1.696742e-03
38.250000 1.797890e-03
38.500000 1.895818e-03
38.750000 1.989505e-03
39.000000 2.078151e-03
39.250000 2.161120e-03
39.500000 2.237908e-03
39.750000 2.308112e-03
40.000000 2.371418e-03
40.250000 2.427577e-03
40.500000 2.476405e-03
40.750000 2.517768e-03
41.000000 2.551578e-03
41.250000 2.577791e-03
41.500000 2.596399e-03
41.750000 2.607427e-03
42.000000 2.610936e-03
42.250000 2.607014e-03
42.500000 2.595780e-03
42.750000 2.577376e-03
43.000000 2.551973e-03
43.250000 2.519762e-03
43.500000 2.480959e-03
43.750000 2.435802e-03
44.000000 2.384547e-03
44.250000 2.327470e-03
44.500000 2.264867e-03
44.750000 2.197051e-03
45.000000 2.124353e-03
45.250000 2.047119e-03
45.500000 1.965713e-03
45.750000 1.880519e-03
46.000000 1.791936e-03
46.250000 1.700382e-03
46.500000 1.606302e-03
46.750000 1.510163e-03
47.000000 1.412469e-03
47.250000 1.313762e-03
47.500000 1.214645e-03
47.750000 1.115797e-03
48.000000 1.018009e-03
48.250000 9.222301e-04
48.500000 8.296442e-04
48.750000 7.417753e-04
49.000000 6.606358e-04
49.250000 5.888943e-04
49.500000 5.299667e-04
49.750000 4.877782e-04
50.000000 4.658400e-04
