-50.000000 2.568101e-04
-49.750000 2.970110e-04
-49.500000 3.251487e-04
-49.250000 3.333505e-04
-49.000000 3.207067e-04
-48.750000 2.902783e-04
-48.500000 2.468282e-04
-48.250000 1.950067e-04
-48.000000 1.384150e-04
-47.750000 8.101846e-05
-47.500000 4.360740e-05
-47.250000 7.971741e-05
-47.000000 1.404830e-04
-46.750000 1.981470e-04
-46.500000 2.434185e-04
-46.250000 2.693814e-04
-46.000000 2.711322e-04
-45.750000 2.465947e-04
-45.500000 1.970843e-04
-45.250000 1.274026e-04
-45.000000 4.622399e-05
-44.750000 4.549857e-05
-44.500000 1.238768e-04
-44.250000 1.884262e-04
-44.000000 2.313442e-04
-43.750000 2.493010e-04
-43.500000 2.434790e-04
-43.250000 2.206559e-04
-43.000000 1.949731e-04
-42.750000 1.873290e-04
-42.500000 2.107507e-04
-42.250000 2.554996e-04
-42.000000 3.036179e-04
-41.750000 3.421304e-04
-41.500000 3.635847e-04
-41.250000 3.644524e-04
-41.000000 3.441454e-04
-40.750000 3.044890e-04
-40.500000 2.494995e-04
-40.250000 1.856523e-04
-40.000000 1.239196e-04
-39.750000 8.773840e-05
-39.500000 1.017454e-04
-39.250000 1.376434e-04
-39.000000 1.666788e-04
-38.750000 1.795466e-04
-38.500000 1.749756e-04
-38.250000 1.569434e-04
-38.000000 1.354181e-04
-37.750000 1.273414e-04
-37.500000 1.467562e-04
-37.250000 1.897186e-04
-37.000000 2.463405e-04
-36.750000 3.124189e-04
-36.500000 3.876267e-04
-36.250000 4.715483e-04
-36.000000 5.611619e-04
-35.750000 6.503002e-04
-35.500000 7.306399e-04
-35.250000 7.933907e-04
-35.000000 8.310318e-04
-34.750000 8.387340e-04
-34.500000 8.152942e-04
-34.250000 7.635185e-04
-34.000000 6.900824e-04
-33.750000 6.049627e-04
-33.500000 5.204892e-04
-33.250000 4.497054e-04
-33.000000 4.030839e-04
-32.750000 3.836626e-04
-32.500000 3.852314e-04
-32.250000 3.973000e-04
-32.000000 4.111526e-04
-31.750000 4.216541e-04
-31.500000 4.262255e-04
-31.250000 4.234670e-04
-31.000000 4.123240e-04
-30.750000 3.917892e-04
-30.500000 3.609200e-04
-30.250000 3.190529e-04
-30.000000 2.662960e-04
-29.750000 2.047167e-04
-29.500000 1.420282e-04
-29.250000 1.048164e-04
-29.000000 1.322577e-04
-28.750000 1.962082e-04
-28.500000 2.596145e-04
-28.250000 3.056527e-04
-28.000000 3.247598e-04
-27.750000 3.119496e-04
-27.500000 2.676806e-04
-27.250000 2.010196e-04
-27.000000 1.421377e-04
-26.750000 1.565681e-04
-26.500000 2.370633e-04
-26.250000 3.233814e-04
-26.000000 3.864346e-04
-25.750000 4.123958e-04
-25.500000 3.962061e-04
-25.250000 3.420800e-04
-25.000000 2.682200e-04
-24.750000 2.205632e-04
-24.500000 2.580029e-04
-24.250000 3.586196e-04
-24.000000 4.695971e-04
-23.750000 5.647583e-04
-23.500000 6.354324e-04
-23.250000 6.839888e-04
-23.000000 7.202696e-04
-22.750000 7.563755e-04
-22.500000 7.998067e-04
-22.250000 8.489843e-04
-22.000000 8.947483e-04
-21.750000 9.260345e-04
-21.500000 9.353143e-04
-21.250000 9.214353e-04
-21.000000 8.895251e-04
-20.750000 8.481279e-04
-20.500000 8.042375e-04
-20.250000 7.584574e-04
-20.000000 7.037199e-04
-19.750000 6.288755e-04
-19.500000 5.245089e-04
-19.250000 3.874903e-04
-19.000000 2.230184e-04
-18.750000 4.924082e-05
-18.500000 1.409725e-04
-18.250000 2.960042e-04
-18.000000 4.118093e-04
-17.750000 4.751892e-04
-17.500000 4.848321e-04
-17.250000 4.588674e-04
-17.000000 4.462359e-04
-16.750000 5.123410e-04
-16.500000 6.695633e-04
-16.250000 8.743063e-04
-16.000000 1.081110e-03
-15.750000 1.257333e-03
-15.500000 1.381765e-03
-15.250000 1.443578e-03
-15.000000 1.441816e-03
-14.750000 1.384402e-03
-14.500000 1.286303e-03
-14.250000 1.166888e-03
-14.000000 1.046798e-03
-13.750000 9.447256e-04
-13.500000 8.745822e-04
-13.250000 8.434210e-04
-13.000000 8.503708e-04
-12.750000 8.867239e-04
-12.500000 9.372453e-04
-12.250000 9.825640e-04
-12.000000 1.002270e-03
-11.750000 9.782423e-04
-11.500000 8.977811e-04
-11.250000 7.562730e-04
-11.000000 5.598742e-04
-10.750000 3.338491e-04
-10.500000 1.985638e-04
-10.250000 3.639604e-04
-10.000000 6.077323e-04
-9.750000 8.227855e-04
-9.500000 9.780817e-04
-9.250000 1.058659e-03
-9.000000 1.060348e-03
-8.750000 9.888561e-04
-8.500000 8.587272e-04
-8.250000 6.923188e-04
-8.000000 5.212855e-04
-7.750000 3.962003e-04
-7.500000 3.859679e-04
-7.250000 4.928015e-04
-7.000000 6.531258e-04
-6.750000 8.281644e-04
-6.500000 9.999830e-04
-6.250000 1.154805e-03
-6.000000 1.278257e-03
-5.750000 1.356447e-03
-5.500000 1.379052e-03
-5.250000 1.342406e-03
-5.000000 1.251516e-03
-4.750000 1.120430e-03
-4.500000 9.706178e-04
-4.250000 8.268972e-04
-4.000000 7.105315e-04
-3.750000 6.317816e-04
-3.500000 5.902315e-04
-3.250000 5.873425e-04
-3.000000 6.350613e-04
-2.750000 7.420600e-04
-2.500000 8.956136e-04
-2.250000 1.065214e-03
-2.000000 1.215774e-03
-1.750000 1.316167e-03
-1.500000 1.343672e-03
-1.250000 1.286481e-03
-1.000000 1.144633e-03
-0.750000 9.292214e-04
-0.500000 6.600437e-04
-0.250000 3.632103e-04
0.000000 1.033306e-04
0.250000 2.807770e-04
0.500000 5.571402e-04
0.750000 8.199718e-04
1.000000 1.067083e-03
1.250000 1.297351e-03
1.500000 1.502463e-03
1.750000 1.665404e-03
2.000000 1.763676e-03
2.250000 1.775212e-03
2.500000 1.685072e-03
2.750000 1.492491e-03
3.000000 1.221496e-03
3.250000 9.485618e-04
3.500000 8.566765e-04
3.750000 1.098027e-03
4.000000 1.543549e-03
4.250000 2.038725e-03
4.500000 2.501773e-03
4.750000 2.883743e-03
5.000000 3.150609e-03
5.250000 3.278304e-03
5.500000 3.252086e-03
5.750000 3.068185e-03
6.000000 2.737813e-03
6.250000 2.295520e-03
6.500000 1.819086e-03
6.750000 1.473141e-03
7.000000 1.490112e-03
7.250000 1.871373e-03
7.500000 2.384031e-03
7.750000 2.852515e-03
8.000000 3.181913e-03
8.250000 3.322472e-03
8.500000 3.255761e-03
8.750000 2.989756e-03
9.000000 2.555015e-03
9.250000 1.999552e-03
9.500000 1.382043e-03
9.750000 7.639990e-04
10.000000 2.030566e-04
10.250000 2.668035e-04
10.500000 6.056061e-04
10.750000 8.152533e-04
11.000000 9.077961e-04
11.250000 9.093468e-04
11.500000 8.500739e-04
11.750000 7.528516e-04
12.000000 6.261519e-04
12.250000 4.705772e-04
12.500000 3.168925e-04
12.750000 3.346558e-04
13.000000 5.926946e-04
13.250000 9.312781e-04
13.500000 1.267454e-03
13.750000 1.548869e-03
14.000000 1.734347e-03
14.250000 1.795892e-03
14.500000 1.723210e-03
14.750000 1.528055e-03
15.000000 1.250638e-03
15.250000 9.770710e-04
15.500000 8.643450e-04
15.750000 1.022335e-03
16.000000 1.343101e-03
16.250000 1.697400e-03
16.500000 2.028989e-03
16.750000 2.322367e-03
17.000000 2.578466e-03
17.250000 2.800203e-03
17.500000 2.983897e-03
17.750000 3.117246e-03
18.000000 3.183358e-03
18.250000 3.167894e-03
18.500000 3.065889e-03
18.750000 2.885928e-03
19.000000 2.650606e-03
19.250000 2.392737e-03
19.500000 2.146960e-03
19.750000 1.937656e-03
20.000000 1.768308e-03
20.250000 1.621182e-03
20.500000 1.469664e-03
20.750000 1.293686e-03
21.000000 1.088343e-03
21.250000 8.645017e-04
21.500000 6.449080e-04
21.750000 4.588149e-04
22.000000 3.341266e-04
22.250000 2.788053e-04
22.500000 2.688573e-04
22.750000 2.855237e-04
23.000000 3.357149e-04
23.250000 4.206389e-04
23.500000 5.199763e-04
23.750000 6.063229e-04
24.000000 6.574333e-04
24.250000 6.612144e-04
24.500000 6.183052e-04
24.750000 5.442284e-04
25.000000 4.712342e-04
25.250000 4.415717e-04
25.500000 4.734711e-04
25.750000 5.386778e-04
26.000000 5.979742e-04
26.250000 6.285467e-04
26.500000 6.254872e-04
26.750000 5.983333e-04
27.000000 5.673537e-04
27.250000 5.565816e-04
27.500000 5.814813e-04
27.750000 6.406896e-04
28.000000 7.226986e-04
28.250000 8.166003e-04
28.500000 9.148602e-04
28.750000 1.010549e-03
29.000000 1.094566e-03
29.250000 1.155374e-03
29.500000 1.181073e-03
29.750000 1.162533e-03
30.000000 1.096379e-03
30.250000 9.873825e-04
30.500000 8.505402e-04
30.750000 7.136602e-04
31.000000 6.184863e-04
31.250000 6.046570e-04
31.500000 6.699844e-04
31.750000 7.725077e-04
32.000000 8.724766e-04
32.250000 9.465767e-04
32.500000 9.835628e-04
32.750000 9.794366e-04
33.000000 9.348273e-04
33.250000 8.539818e-04
33.500000 7.448729e-04
33.750000 6.201658e-04
34.000000 4.988987e-04
34.250000 4.073416e-04
34.500000 3.696646e-04
34.750000 3.817949e-04
35.000000 4.115105e-04
35.250000 4.315473e-04
35.500000 4.335028e-04
35.750000 4.262618e-04
36.000000 4.305922e-04
36.250000 4.654147e-04
36.500000 5.310323e-04
36.750000 6.106439e-04
37.000000 6.848422e-04
37.250000 7.402627e-04
37.500000 7.712746e-04
37.750000 7.786593e-04
38.000000 7.667359e-04
38.250000 7.397016e-04
38.500000 6.986546e-04
38.750000 6.411504e-04
39.000000 5.641555e-04
39.250000 4.701029e-04
39.500000 3.771056e-04
39.750000 3.330941e-04
40.000000 3.870620e-04
40.250000 5.114234e-04
40.500000 6.500197e-04
40.750000 7.666973e-04
41.000000 8.408028e-04
41.250000 8.621109e-04
41.500000 8.294441e-04
41.750000 7.501062e-04
42.000000 6.391973e-04
42.250000 5.188475e-04
42.500000 4.169003e-04
42.750000 3.595844e-04
43.000000 3.504712e-04
43.250000 3.633486e-04
43.500000 3.699088e-04
43.750000 3.566871e-04
44.000000 3.227678e-04
44.250000 2.745041e-04
44.500000 2.216282e-04
44.750000 1.746159e-04
45.000000 1.428542e-04
45.250000 1.322079e-04
45.500000 1.416774e-04
45.750000 1.646214e-04
46.000000 1.932498e-04
46.250000 2.200989e-04
46.500000 2.383962e-04
46.750000 2.430842e-04
47.000000 2.320404e-04
47.250000 2.070320e-04
47.500000 1.744197e-04
47.750000 1.456346e-04
48.000000 1.345580e-04
48.250000 1.458816e-04
48.500000 1.706672e-04
48.750000 2.006230e-04
49.000000 2.344153e-04
49.250000 2.737384e-04
49.500000 3.181412e-04
49.750000 3.627877e-04
50.000000 3.996745e-04
