-50.000000 8.712796e-04
-49.750000 8.974747e-04
-49.500000 9.204745e-04
-49.250000 9.398515e-04
-49.000000 9.552486e-04
-48.750000 9.663683e-04
-48.500000 9.729648e-04
-48.250000 9.748380e-04
-48.000000 9.718294e-04
-47.750000 9.638189e-04
-47.500000 9.507237e-04
-47.250000 9.324972e-04
-47.000000 9.091298e-04
-46.750000 8.806507e-04
-46.500000 8.471319e-04
-46.250000 8.086940e-04
-46.000000 7.655171e-04
-45.750000 7.178574e-04
-45.500000 6.660755e-04
-45.250000 6.106841e-04
-45.000000 5.524325e-04
-44.750000 4.924595e-04
-44.500000 4.325776e-04
-44.250000 3.757924e-04
-44.000000 3.271453e-04
-43.750000 2.944850e-04
-43.500000 2.871077e-04
-43.250000 3.101141e-04
-43.000000 3.603125e-04
-42.750000 4.302443e-04
-42.500000 5.133646e-04
-42.250000 6.053195e-04
-42.000000 7.033819e-04
-41.750000 8.057876e-04
-41.500000 9.113158e-04
-41.250000 1.019055e-03
-41.000000 1.128274e-03
-40.750000 1.238350e-03
-40.500000 1.348728e-03
-40.250000 1.458899e-03
-40.000000 1.568380e-03
-39.750000 1.676711e-03
-39.500000 1.783447e-03
-39.250000 1.888154e-03
-39.000000 1.990410e-03
-38.750000 2.089802e-03
-38.500000 2.185926e-03
-38.250000 2.278388e-03
-38.000000 2.366806e-03
-37.750000 2.450805e-03
-37.500000 2.530027e-03
-37.250000 2.604124e-03
-37.000000 2.672762e-03
-36.750000 2.735623e-03
-36.500000 2.792407e-03
-36.250000 2.842830e-03
-36.000000 2.886627e-03
-35.750000 2.923556e-03
-35.500000 2.953396e-03
-35.250000 2.975950e-03
-35.000000 2.991045e-03
-34.750000 2.998536e-03
-34.500000 2.998309e-03
-34.250000 2.990279e-03
-34.000000 2.974395e-03
-33.750000 2.950642e-03
-33.500000 2.919044e-03
-33.250000 2.879668e-03
-33.000000 2.832630e-03
-32.750000 2.778094e-03
-32.500000 2.716288e-03
-32.250000 2.647503e-03
-32.000000 2.572109e-03
-31.750000 2.490568e-03
-31.500000 2.403447e-03
-31.250000 2.311446e-03
-31.000000 2.215422e-03
-30.750000 2.116429e-03
-30.500000 2.015762e-03
-30.250000 1.915019e-03
-30.000000 1.816166e-03
-29.750000 1.721610e-03
-29.500000 1.634256e-03
-29.250000 1.557522e-03
-29.000000 1.495242e-03
-28.750000 1.451418e-03
-28.500000 1.429759e-03
-28.250000 1.433084e-03
-28.000000 1.462787e-03
-27.750000 1.518592e-03
-27.500000 1.598737e-03
-27.250000 1.700445e-03
-27.000000 1.820480e-03
-26.750000 1.955577e-03
-26.500000 2.102700e-03
-26.250000 2.259150e-03
-26.000000 2.422581e-03
-25.750000 2.590965e-03
-25.500000 2.762544e-03
-25.250000 2.935781e-03
-25.000000 3.109316e-03
-24.750000 3.281929e-03
-24.500000 3.452509e-03
-24.250000 3.620038e-03
-24.000000 3.783569e-03
-23.750000 3.942214e-03
-23.500000 4.095136e-03
-23.250000 4.241542e-03
-23.000000 4.380676e-03
-22.750000 4.511817e-03
-22.500000 4.634276e-03
-22.250000 4.747396e-03
-22.000000 4.850547e-03
-21.750000 4.943129e-03
-21.500000 5.024572e-03
-21.250000 5.094334e-03
-21.000000 5.151906e-03
-20.750000 5.196806e-03
-20.500000 5.228586e-03
-20.250000 5.246832e-03
-20.000000 5.251164e-03
-19.750000 5.241239e-03
-19.500000 5.216750e-03
-19.250000 5.177433e-03
-19.000000 5.123066e-03
-18.750000 5.053473e-03
-18.500000 4.968528e-03
-18.250000 4.868158e-03
-18.000000 4.752350e-03
-17.750000 4.621160e-03
-17.500000 4.474719e-03
-17.250000 4.313249e-03
-17.000000 4.137080e-03
-16.750000 3.946679e-03
-16.500000 3.742686e-03
-16.250000 3.525971e-03
-16.000000 3.297721e-03
-15.750000 3.059578e-03
-15.500000 2.813854e-03
-15.250000 2.563878e-03
-15.000000 2.314585e-03
-14.750000 2.073443e-03
-14.500000 1.851878e-03
-14.250000 1.666983e-03
-14.000000 1.542073e-03
-13.750000 1.502458e-03
-13.500000 1.564283e-03
-13.250000 1.725118e-03
-13.000000 1.967933e-03
-12.750000 2.272474e-03
-12.500000 2.622140e-03
-12.250000 3.005141e-03
-12.000000 3.413440e-03
-11.750000 3.841500e-03
-11.500000 4.285378e-03
-11.250000 4.742135e-03
-11.000000 5.209478e-03
-10.750000 5.685528e-03
-10.500000 6.168684e-03
-10.250000 6.657533e-03
-10.000000 7.150792e-03
-9.750000 7.647265e-03
-9.500000 8.145826e-03
-9.250000 8.645392e-03
-9.000000 9.144919e-03
-8.750000 9.643391e-03
-8.500000 1.013982e-02
-8.250000 1.063322e-02
-8.000000 1.112264e-02
-7.750000 1.160715e-02
-7.500000 1.208583e-02
-7.250000 1.255775e-02
-7.000000 1.302204e-02
-6.750000 1.347783e-02
-6.500000 1.392425e-02
-6.250000 1.436048e-02
-6.000000 1.478570e-02
-5.750000 1.519913e-02
-5.500000 1.559999e-02
-5.250000 1.598755e-02
-5.000000 1.636108e-02
-4.750000 1.671991e-02
-4.500000 1.706337e-02
-4.250000 1.739084e-02
-4.000000 1.770171e-02
-3.750000 1.799542e-02
-3.500000 1.827145e-02
-3.250000 1.852929e-02
-3.000000 1.876850e-02
-2.750000 1.898864e-02
-2.500000 1.918933e-02
-2.250000 1.937023e-02
-2.000000 1.953103e-02
-1.750000 1.967147e-02
-1.500000 1.979131e-02
-1.250000 1.989038e-02
-1.000000 1.996852e-02
-0.750000 2.002564e-02
-0.500000 2.006167e-02
-0.250000 2.007660e-02
0.000000 2.007045e-02
0.250000 2.004328e-02
0.500000 1.999519e-02
0.750000 1.992634e-02
1.000000 1.983690e-02
1.250000 1.972711e-02
1.500000 1.959723e-02
1.750000 1.944755e-02
2.000000 1.927844e-02
2.250000 1.909025e-02
2.500000 1.888342e-02
2.750000 1.865838e-02
3.000000 1.841562e-02
3.250000 1.815565e-02
3.500000 1.787903e-02
3.750000 1.758633e-02
4.000000 1.727815e-02
4.250000 1.695514e-02
4.500000 1.661794e-02
4.750000 1.626723e-02
5.000000 1.590374e-02
5.250000 1.552817e-02
5.500000 1.514128e-02
5.750000 1.474382e-02
6.000000 1.433658e-02
6.250000 1.392035e-02
6.500000 1.349593e-02
6.750000 1.306413e-02
7.000000 1.262579e-02
7.250000 1.218172e-02
7.500000 1.173277e-02
7.750000 1.127977e-02
8.000000 1.082357e-02
8.250000 1.036501e-02
8.500000 9.904922e-03
8.750000 9.444157e-03
9.000000 8.983548e-03
9.250000 8.523927e-03
9.500000 8.066124e-03
9.750000 7.610964e-03
10.000000 7.159269e-03
10.250000 6.711858e-03
10.500000 6.269553e-03
10.750000 5.833178e-03
11.000000 5.403570e-03
11.250000 4.981588e-03
11.500000 4.568125e-03
11.750000 4.164132e-03
12.000000 3.770651e-03
12.250000 3.388871e-03
12.500000 3.020207e-03
12.750000 2.666438e-03
13.000000 2.329930e-03
13.250000 2.014012e-03
13.500000 1.723602e-03
13.750000 1.466182e-03
14.000000 1.253037e-03
14.250000 1.099628e-03
14.500000 1.021855e-03
14.750000 1.026007e-03
15.000000 1.101232e-03
15.250000 1.225929e-03
15.500000 1.379369e-03
15.750000 1.546696e-03
16.000000 1.718432e-03
16.250000 1.888717e-03
16.500000 2.053909e-03
16.750000 2.211713e-03
17.000000 2.360665e-03
17.250000 2.499830e-03
17.500000 2.628630e-03
17.750000 2.746730e-03
18.000000 2.853970e-03
18.250000 2.950324e-03
18.500000 3.035870e-03
18.750000 3.110766e-03
19.000000 3.175241e-03
19.250000 3.229583e-03
19.500000 3.274132e-03
19.750000 3.309271e-03
20.000000 3.335427e-03
20.250000 3.353062e-03
20.500000 3.362675e-03
20.750000 3.364794e-03
21.000000 3.359976e-03
21.250000 3.348805e-03
21.500000 3.331886e-03
21.750000 3.309848e-03
22.000000 3.283333e-03
22.250000 3.253000e-03
22.500000 3.219517e-03
22.750000 3.183557e-03
23.000000 3.145790e-03
23.250000 3.106885e-03
23.500000 3.067494e-03
23.750000 3.028249e-03
24.000000 2.989754e-03
24.250000 2.952574e-03
24.500000 2.917227e-03
24.750000 2.884173e-03
25.000000 2.853806e-03
25.250000 2.826448e-03
25.500000 2.802339e-03
25.750000 2.781630e-03
26.000000 2.764386e-03
26.250000 2.750584e-03
26.500000 2.740111e-03
26.750000 2.732774e-03
27.000000 2.728307e-03
27.250000 2.726376e-03
27.500000 2.726595e-03
27.750000 2.728534e-03
28.000000 2.731731e-03
28.250000 2.735703e-03
28.500000 2.739958e-03
28.750000 2.744005e-03
29.000000 2.747357e-03
29.250000 2.749547e-03
29.500000 2.750124e-03
29.750000 2.748667e-03
30.000000 2.744782e-03
30.250000 2.738108e-03
30.500000 2.728316e-03
30.750000 2.715115e-03
31.000000 2.698247e-03
31.250000 2.677491e-03
31.500000 2.652661e-03
31.750000 2.623607e-03
32.000000 2.590212e-03
32.250000 2.552393e-03
32.500000 2.510099e-03
32.750000 2.463311e-03
33.000000 2.412039e-03
33.250000 2.356322e-03
33.500000 2.296227e-03
33.750000 2.231847e-03
34.000000 2.163300e-03
34.250000 2.090727e-03
34.500000 2.014293e-03
34.750000 1.934184e-03
35.000000 1.850605e-03
35.250000 1.763781e-03
35.500000 1.673957e-03
35.750000 1.581393e-03
36.000000 1.486370e-03
36.250000 1.389184e-03
36.500000 1.290153e-03
36.750000 1.189613e-03
37.000000 1.087928e-03
37.250000 9.854943e-04
37.500000 8.827569e-04
37.750000 7.802329e-04
38.000000 6.785605e-04
38.250000 5.785947e-04
38.500000 4.816078e-04
38.750000 3.897434e-04
39.000000 3.070883e-04
39.250000 2.420137e-04
39.500000 2.094584e-04
39.750000 2.216996e-04
40.000000 2.704303e-04
40.250000 3.381618e-04
40.500000 4.137358e-04
40.750000 4.917529e-04
41.000000 5.695428e-04
41.250000 6.456403e-04
41.500000 7.191455e-04
41.750000 7.894483e-04
42.000000 8.561007e-04
42.250000 9.187538e-04
42.500000 9.771245e-04
42.750000 1.030977e-03
43.000000 1.080113e-03
43.250000 1.124363e-03
43.500000 1.163586e-03
43.750000 1.197663e-03
44.000000 1.226497e-03
44.250000 1.250013e-03
44.500000 1.268157e-03
44.750000 1.280892e-03
45.000000 1.288202e-03
45.250000 1.290089e-03
45.500000 1.286573e-03
45.750000 1.277694e-03
46.000000 1.263507e-03
46.250000 1.244087e-03
46.500000 1.219523e-03
46.750000 1.189924e-03
47.000000 1.155412e-03
47.250000 1.116129e-03
47.500000 1.072229e-03
47.750000 1.023886e-03
48.000000 9.712855e-04
48.250000 9.146329e-04
48.500000 8.541498e-04
48.750000 7.900773e-04
49.000000 7.226802e-04
49.250000 6.522539e-04
49.500000 5.791385e-04
49.750000 5.037472e-04
50.000000 4.266276e-04
