-50.000000 2.696236e-03
-49.750000 2.719784e-03
-49.500000 2.743985e-03
-49.250000 2.768834e-03
-49.000000 2.794327e-03
-48.750000 2.820457e-03
-48.500000 2.847219e-03
-48.250000 2.874606e-03
-48.000000 2.902610e-03
-47.750000 2.931226e-03
-47.500000 2.960446e-03
-47.250000 2.990261e-03
-47.000000 3.020666e-03
-46.750000 3.051651e-03
-46.500000 3.083208e-03
-46.250000 3.115328e-03
-46.000000 3.148005e-03
-45.750000 3.181228e-03
-45.500000 3.214989e-03
-45.250000 3.249280e-03
-45.000000 3.284090e-03
-44.750000 3.319412e-03
-44.500000 3.355237e-03
-44.250000 3.391554e-03
-44.000000 3.428355e-03
-43.750000 3.465632e-03
-43.500000 3.503373e-03
-43.250000 3.541572e-03
-43.000000 3.580217e-03
-42.750000 3.619301e-03
-42.500000 3.658814e-03
-42.250000 3.698747e-03
-42.000000 3.739090e-03
-41.750000 3.779835e-03
-41.500000 3.820973e-03
-41.250000 3.862494e-03
-41.000000 3.904390e-03
-40.750000 3.946652e-03
-40.500000 3.989271e-03
-40.250000 4.032238e-03
-40.000000 4.075545e-03
-39.750000 4.119183e-03
-39.500000 4.163142e-03
-39.250000 4.207416e-03
-39.000000 4.251994e-03
-38.750000 4.296869e-03
-38.500000 4.342033e-03
-38.250000 4.387477e-03
-38.000000 4.433192e-03
-37.750000 4.479171e-03
-37.500000 4.525405e-03
-37.250000 4.571887e-03
-37.000000 4.618608e-03
-36.750000 4.665561e-03
-36.500000 4.712737e-03
-36.250000 4.760129e-03
-36.000000 4.807729e-03
-35.750000 4.855530e-03
-35.500000 4.903523e-03
-35.250000 4.951701e-03
-35.000000 5.000056e-03
-34.750000 5.048582e-03
-34.500000 5.097271e-03
-34.250000 5.146114e-03
-34.000000 5.195106e-03
-33.750000 5.244238e-03
-33.500000 5.293504e-03
-33.250000 5.342896e-03
-33.000000 5.392407e-03
-32.750000 5.442031e-03
-32.500000 5.491759e-03
-32.250000 5.541586e-03
-32.000000 5.591504e-03
-31.750000 5.641507e-03
-31.500000 5.691587e-03
-31.250000 5.741737e-03
-31.000000 5.791952e-03
-30.750000 5.842224e-03
-30.500000 5.892546e-03
-30.250000 5.942913e-03
-30.000000 5.993316e-03
-29.750000 6.043751e-03
-29.500000 6.094210e-03
-29.250000 6.144687e-03
-29.000000 6.195175e-03
-28.750000 6.245669e-03
-28.500000 6.296161e-03
-28.250000 6.346645e-03
-28.000000 6.397116e-03
-27.750000 6.447567e-03
-27.500000 6.497991e-03
-27.250000 6.548382e-03
-27.000000 6.598735e-03
-26.750000 6.649043e-03
-26.500000 6.699300e-03
-26.250000 6.749501e-03
-26.000000 6.799638e-03
-25.750000 6.849707e-03
-25.500000 6.899700e-03
-25.250000 6.949613e-03
-25.000000 6.999440e-03
-24.750000 7.049174e-03
-24.500000 7.098809e-03
-24.250000 7.148341e-03
-24.000000 7.197763e-03
-23.750000 7.247069e-03
-23.500000 7.296255e-03
-23.250000 7.345313e-03
-23.000000 7.394239e-03
-22.750000 7.443027e-03
-22.500000 7.491671e-03
-22.250000 7.540166e-03
-22.000000 7.588507e-03
-21.750000 7.636687e-03
-21.500000 7.684702e-03
-21.250000 7.732547e-03
-21.000000 7.780215e-03
-20.750000 7.827701e-03
-20.500000 7.875001e-03
-20.250000 7.922108e-03
-20.000000 7.969018e-03
-19.750000 8.015726e-03
-19.500000 8.062226e-03
-19.250000 8.108513e-03
-19.000000 8.154582e-03
-18.750000 8.200428e-03
-18.500000 8.246046e-03
-18.250000 8.291431e-03
-18.000000 8.336578e-03
-17.750000 8.381483e-03
-17.500000 8.426139e-03
-17.250000 8.470543e-03
-17.000000 8.514689e-03
-16.750000 8.558573e-03
-16.500000 8.602190e-03
-16.250000 8.645535e-03
-16.000000 8.688604e-03
-15.750000 8.731391e-03
-15.500000 8.773893e-03
-15.250000 8.816105e-03
-15.000000 8.858022e-03
-14.750000 8.899639e-03
-14.500000 8.940953e-03
-14.250000 8.981959e-03
-14.000000 9.022652e-03
-13.750000 9.063028e-03
-13.500000 9.103083e-03
-13.250000 9.142812e-03
-13.000000 9.182212e-03
-12.750000 9.221278e-03
-12.500000 9.260005e-03
-12.250000 9.298391e-03
-12.000000 9.336430e-03
-11.750000 9.374118e-03
-11.500000 9.411453e-03
-11.250000 9.448429e-03
-11.000000 9.485043e-03
-10.750000 9.521291e-03
-10.500000 9.557169e-03
-10.250000 9.592674e-03
-10.000000 9.627801e-03
-9.750000 9.662547e-03
-9.500000 9.696908e-03
-9.250000 9.730881e-03
-9.000000 9.764462e-03
-8.750000 9.797647e-03
-8.500000 9.830433e-03
-8.250000 9.862817e-03
-8.000000 9.894795e-03
-7.750000 9.926364e-03
-7.500000 9.957521e-03
-7.250000 9.988262e-03
-7.000000 1.001858e-02
-6.750000 1.004848e-02
-6.500000 1.007796e-02
-6.250000 1.010700e-02
-6.000000 1.013562e-02
-5.750000 1.016380e-02
-5.500000 1.019154e-02
-5.250000 1.021884e-02
-5.000000 1.024570e-02
-4.750000 1.027212e-02
-4.500000 1.029808e-02
-4.250000 1.032360e-02
-4.000000 1.034866e-02
-3.750000 1.037326e-02
-3.500000 1.039740e-02
-3.250000 1.042109e-02
-3.000000 1.044430e-02
-2.750000 1.046706e-02
-2.500000 1.048934e-02
-2.250000 1.051115e-02
-2.000000 1.053249e-02
-1.750000 1.055335e-02
-1.500000 1.057374e-02
-1.250000 1.059364e-02
-1.000000 1.061306e-02
-0.750000 1.063200e-02
-0.500000 1.065046e-02
-0.250000 1.066842e-02
0.000000 1.068590e-02
0.250000 1.070288e-02
0.500000 1.071937e-02
0.750000 1.073536e-02
1.000000 1.075086e-02
1.250000 1.076586e-02
1.500000 1.078036e-02
1.750000 1.079436e-02
2.000000 1.080786e-02
2.250000 1.082085e-02
2.500000 1.083334e-02
2.750000 1.084532e-02
3.000000 1.085679e-02
3.250000 1.086775e-02
3.500000 1.087820e-02
3.750000 1.088814e-02
4.000000 1.089757e-02
4.250000 1.090649e-02
4.500000 1.091489e-02
4.750000 1.092277e-02
5.000000 1.093014e-02
5.250000 1.093699e-02
5.500000 1.094333e-02
5.750000 1.094914e-02
6.000000 1.095444e-02
6.250000 1.095922e-02
6.500000 1.096348e-02
6.750000 1.096722e-02
7.000000 1.097044e-02
7.250000 1.097313e-02
7.500000 1.097531e-02
7.750000 1.097696e-02
8.000000 1.097809e-02
8.250000 1.097871e-02
8.500000 1.097879e-02
8.750000 1.097836e-02
9.000000 1.097741e-02
9.250000 1.097593e-02
9.500000 1.097393e-02
9.750000 1.097141e-02
10.000000 1.096837e-02
10.250000 1.096481e-02
10.500000 1.096072e-02
10.750000 1.095612e-02
11.000000 1.095100e-02
11.250000 1.094536e-02
11.500000 1.093920e-02
11.750000 1.093252e-02
12.000000 1.092533e-02
12.250000 1.091761e-02
12.500000 1.090939e-02
12.750000 1.090064e-02
13.000000 1.089139e-02
13.250000 1.088162e-02
13.500000 1.087133e-02
13.750000 1.086054e-02
14.000000 1.084924e-02
14.250000 1.083742e-02
14.500000 1.082510e-02
14.750000 1.081227e-02
15.000000 1.079894e-02
15.250000 1.078511e-02
15.500000 1.077077e-02
15.750000 1.075593e-02
16.000000 1.074059e-02
16.250000 1.072475e-02
16.500000 1.070841e-02
16.750000 1.069158e-02
17.000000 1.067426e-02
17.250000 1.065644e-02
17.500000 1.063814e-02
17.750000 1.061935e-02
18.000000 1.060007e-02
18.250000 1.058030e-02
18.500000 1.056006e-02
18.750000 1.053933e-02
19.000000 1.051813e-02
19.250000 1.049645e-02
19.500000 1.047429e-02
19.750000 1.045167e-02
20.000000 1.042857e-02
20.250000 1.040501e-02
20.500000 1.038098e-02
20.750000 1.035649e-02
21.000000 1.033154e-02
21.250000 1.030613e-02
21.500000 1.028027e-02
21.750000 1.025395e-02
22.000000 1.022719e-02
22.250000 1.019997e-02
22.500000 1.017231e-02
22.750000 1.014421e-02
23.000000 1.011567e-02
23.250000 1.008670e-02
23.500000 1.005729e-02
23.750000 1.002745e-02
24.000000 9.997176e-03
24.250000 9.966482e-03
24.500000 9.935366e-03
24.750000 9.903831e-03
25.000000 9.871880e-03
25.250000 9.839516e-03
25.500000 9.806743e-03
25.750000 9.773563e-03
26.000000 9.739980e-03
26.250000 9.705997e-03
26.500000 9.671617e-03
26.750000 9.636844e-03
27.000000 9.601681e-03
27.250000 9.566132e-03
27.500000 9.530199e-03
27.750000 9.493887e-03
28.000000 9.457199e-03
28.250000 9.420138e-03
28.500000 9.382708e-03
28.750000 9.344912e-03
29.000000 9.306755e-03
29.250000 9.268239e-03
29.500000 9.229369e-03
29.750000 9.190148e-03
30.000000 9.150581e-03
30.250000 9.110670e-03
30.500000 9.070419e-03
30.750000 9.029833e-03
31.000000 8.988916e-03
31.250000 8.947670e-03
31.500000 8.906101e-03
31.750000 8.864212e-03
32.000000 8.822007e-03
32.250000 8.779489e-03
32.500000 8.736664e-03
32.750000 8.693536e-03
33.000000 8.650107e-03
33.250000 8.606383e-03
33.500000 8.562367e-03
33.750000 8.518063e-03
34.000000 8.473477e-03
34.250000 8.428611e-03
34.500000 8.383470e-03
34.750000 8.338059e-03
35.000000 8.292382e-03
35.250000 8.246442e-03
35.500000 8.200244e-03
35.750000 8.153793e-03
36.000000 8.107093e-03
36.250000 8.060148e-03
36.500000 8.012963e-03
36.750000 7.965541e-03
37.000000 7.917888e-03
37.250000 7.870007e-03
37.500000 7.821904e-03
37.750000 7.773582e-03
38.000000 7.725046e-03
38.250000 7.676301e-03
38.500000 7.627351e-03
38.750000 7.578200e-03
39.000000 7.528853e-03
39.250000 7.479314e-03
39.500000 7.429589e-03
39.750000 7.379681e-03
40.000000 7.329595e-03
40.250000 7.279336e-03
40.500000 7.228907e-03
40.750000 7.178315e-03
41.000000 7.127563e-03
41.250000 7.076656e-03
41.500000 7.025598e-03
41.750000 6.974395e-03
42.000000 6.923050e-03
42.250000 6.871569e-03
42.500000 6.819955e-03
42.750000 6.768214e-03
43.000000 6.716351e-03
43.250000 6.664369e-03
43.500000 6.612273e-03
43.750000 6.560069e-03
44.000000 6.507760e-03
44.250000 6.455351e-03
44.500000 6.402847e-03
44.750000 6.350253e-03
45.000000 6.297573e-03
45.250000 6.244812e-03
45.500000 6.191974e-03
45.750000 6.139064e-03
46.000000 6.086087e-03
46.250000 6.033047e-03
46.500000 5.979949e-03
46.750000 5.926798e-03
47.000000 5.873597e-03
47.250000 5.820352e-03
47.500000 5.767068e-03
47.750000 5.713748e-03
48.000000 5.660397e-03
48.250000 5.607021e-03
48.500000 5.553623e-03
48.750000 5.500208e-03
49.000000 5.446781e-03
49.250000 5.393345e-03
49.500000 5.339907e-03
49.750000 5.286469e-03
50.000000 5.233038e-03
