-50.000000 7.051655e-04
-49.750000 6.871542e-04
-49.500000 6.665733e-04
-49.250000 6.440146e-04
-49.000000 6.199339e-04
-48.750000 5.946380e-04
-48.500000 5.682956e-04
-48.250000 5.409783e-04
-48.000000 5.127357e-04
-47.750000 4.837080e-04
-47.500000 4.542798e-04
-47.250000 4.252790e-04
-47.000000 3.982154e-04
-46.750000 3.755109e-04
-46.500000 3.605600e-04
-46.250000 3.573032e-04
-46.000000 3.690951e-04
-45.750000 3.973614e-04
-45.500000 4.411506e-04
-45.250000 4.978770e-04
-45.000000 5.643867e-04
-44.750000 6.376154e-04
-44.500000 7.148065e-04
-44.250000 7.935102e-04
-44.000000 8.715261e-04
-43.750000 9.468491e-04
-43.500000 1.017637e-03
-43.250000 1.082195e-03
-43.000000 1.138975e-03
-42.750000 1.186584e-03
-42.500000 1.223790e-03
-42.250000 1.249539e-03
-42.000000 1.262962e-03
-41.750000 1.263391e-03
-41.500000 1.250360e-03
-41.250000 1.223612e-03
-41.000000 1.183103e-03
-40.750000 1.128996e-03
-40.500000 1.061658e-03
-40.250000 9.816514e-04
-40.000000 8.897266e-04
-39.750000 7.868068e-04
-39.500000 6.739766e-04
-39.250000 5.524696e-04
-39.000000 4.236594e-04
-38.750000 2.890725e-04
-38.500000 1.505649e-04
-38.250000 2.092681e-05
-38.000000 1.367069e-04
-37.750000 2.780207e-04
-37.500000 4.172882e-04
-37.250000 5.523560e-04
-37.000000 6.813745e-04
-36.750000 8.025670e-04
-36.500000 9.142158e-04
-36.250000 1.014675e-03
-36.000000 1.102392e-03
-35.750000 1.175934e-03
-35.500000 1.234019e-03
-35.250000 1.275546e-03
-35.000000 1.299640e-03
-34.750000 1.305699e-03
-34.500000 1.293454e-03
-34.250000 1.263050e-03
-34.000000 1.215159e-03
-33.750000 1.151151e-03
-33.500000 1.073369e-03
-33.250000 9.855827e-04
-33.000000 8.937430e-04
-32.750000 8.071168e-04
-32.500000 7.394277e-04
-32.250000 7.080682e-04
-32.000000 7.280355e-04
-31.750000 8.028807e-04
-31.500000 9.235938e-04
-31.250000 1.076314e-03
-31.000000 1.248515e-03
-30.750000 1.430514e-03
-30.500000 1.614935e-03
-30.250000 1.795965e-03
-30.000000 1.968822e-03
-29.750000 2.129461e-03
-29.500000 2.274416e-03
-29.250000 2.400733e-03
-29.000000 2.505941e-03
-28.750000 2.588061e-03
-28.500000 2.645611e-03
-28.250000 2.677631e-03
-28.000000 2.683695e-03
-27.750000 2.663924e-03
-27.500000 2.618994e-03
-27.250000 2.550135e-03
-27.000000 2.459133e-03
-26.750000 2.348319e-03
-26.500000 2.220566e-03
-26.250000 2.079295e-03
-26.000000 1.928486e-03
-25.750000 1.772719e-03
-25.500000 1.617237e-03
-25.250000 1.468028e-03
-25.000000 1.331851e-03
-24.750000 1.216073e-03
-24.500000 1.128003e-03
-24.250000 1.073492e-03
-24.000000 1.055068e-03
-23.750000 1.070788e-03
-23.500000 1.114935e-03
-23.250000 1.180135e-03
-23.000000 1.259392e-03
-22.750000 1.347146e-03
-22.500000 1.439443e-03
-22.250000 1.533648e-03
-22.000000 1.628027e-03
-21.750000 1.721337e-03
-21.500000 1.812484e-03
-21.250000 1.900274e-03
-21.000000 1.983238e-03
-20.750000 2.059550e-03
-20.500000 2.127011e-03
-20.250000 2.183102e-03
-20.000000 2.225076e-03
-19.750000 2.250079e-03
-19.500000 2.255292e-03
-19.250000 2.238072e-03
-19.000000 2.196092e-03
-18.750000 2.127467e-03
-18.500000 2.030865e-03
-18.250000 1.905606e-03
-18.000000 1.751728e-03
-17.750000 1.570048e-03
-17.500000 1.362196e-03
-17.250000 1.130642e-03
-17.000000 8.787446e-04
-16.750000 6.109610e-04
-16.500000 3.343302e-04
-16.250000 9.360451e-05
-16.000000 2.712611e-04
-15.750000 5.496805e-04
-15.500000 8.223660e-04
-15.250000 1.079056e-03
-15.000000 1.312724e-03
-14.750000 1.517077e-03
-14.500000 1.686363e-03
-14.250000 1.815462e-03
-14.000000 1.900033e-03
-13.750000 1.936704e-03
-13.500000 1.923299e-03
-13.250000 1.859136e-03
-13.000000 1.745507e-03
-12.750000 1.586559e-03
-12.500000 1.391185e-03
-12.250000 1.177507e-03
-12.000000 9.833461e-04
-11.750000 8.815809e-04
-11.500000 9.556349e-04
-11.250000 1.207481e-03
-11.000000 1.572481e-03
-10.750000 1.997344e-03
-10.500000 2.450596e-03
-10.250000 2.912070e-03
-10.000000 3.366681e-03
-9.750000 3.801823e-03
-9.500000 4.206353e-03
-9.250000 4.570240e-03
-9.000000 4.884498e-03
-8.750000 5.141240e-03
-8.500000 5.333795e-03
-8.250000 5.456851e-03
-8.000000 5.506603e-03
-7.750000 5.480912e-03
-7.500000 5.379465e-03
-7.250000 5.203967e-03
-7.000000 4.958376e-03
-6.750000 4.649250e-03
-6.500000 4.286311e-03
-6.250000 3.883409e-03
-6.000000 3.460225e-03
-5.750000 3.045127e-03
-5.500000 2.679116e-03
-5.250000 2.417595e-03
-5.000000 2.318974e-03
-4.750000 2.411938e-03
-4.500000 2.671798e-03
-4.250000 3.041197e-03
-4.000000 3.463513e-03
-3.750000 3.895723e-03
-3.500000 4.307224e-03
-3.250000 4.676029e-03
-3.000000 4.985937e-03
-2.750000 5.224906e-03
-2.500000 5.384184e-03
-2.250000 5.457898e-03
-2.000000 5.442904e-03
-1.750000 5.338829e-03
-1.500000 5.148284e-03
-1.250000 4.877333e-03
-1.000000 4.536370e-03
-0.750000 4.141763e-03
-0.500000 3.718862e-03
-0.250000 3.307154e-03
0.000000 2.966961e-03
0.250000 2.779863e-03
0.500000 2.822661e-03
0.750000 3.117131e-03
1.000000 3.618754e-03
1.250000 4.259473e-03
1.500000 4.981473e-03
1.750000 5.743336e-03
2.000000 6.515931e-03
2.250000 7.278074e-03
2.500000 8.013765e-03
2.750000 8.710638e-03
3.000000 9.359104e-03
3.250000 9.951888e-03
3.500000 1.048375e-02
3.750000 1.095130e-02
4.000000 1.135288e-02
4.250000 1.168843e-02
4.500000 1.195935e-02
4.750000 1.216839e-02
5.000000 1.231945e-02
5.250000 1.241745e-02
5.500000 1.246810e-02
5.750000 1.247773e-02
6.000000 1.245301e-02
6.250000 1.240081e-02
6.500000 1.232790e-02
6.750000 1.224076e-02
7.000000 1.214538e-02
7.250000 1.204705e-02
7.500000 1.195023e-02
7.750000 1.185841e-02
8.000000 1.177404e-02
8.250000 1.169848e-02
8.500000 1.163204e-02
8.750000 1.157398e-02
9.000000 1.152261e-02
9.250000 1.147541e-02
9.500000 1.142912e-02
9.750000 1.137990e-02
10.000000 1.132345e-02
10.250000 1.125520e-02
10.500000 1.117040e-02
10.750000 1.106429e-02
11.000000 1.093227e-02
11.250000 1.077003e-02
11.500000 1.057369e-02
11.750000 1.033996e-02
12.000000 1.006625e-02
12.250000 9.750859e-03
12.500000 9.393064e-03
12.750000 8.993256e-03
13.000000 8.553067e-03
13.250000 8.075497e-03
13.500000 7.565055e-03
13.750000 7.027935e-03
14.000000 6.472248e-03
14.250000 5.908353e-03
14.500000 5.349321e-03
14.750000 4.811538e-03
15.000000 4.315333e-03
15.250000 3.885128e-03
15.500000 3.547883e-03
15.750000 3.327986e-03
16.000000 3.238347e-03
16.250000 3.272553e-03
16.500000 3.405559e-03
16.750000 3.602934e-03
17.000000 3.830787e-03
17.250000 4.061014e-03
17.500000 4.272340e-03
17.750000 4.449489e-03
18.000000 4.581979e-03
18.250000 4.663091e-03
18.500000 4.689106e-03
18.750000 4.658767e-03
19.000000 4.572885e-03
19.250000 4.434048e-03
19.500000 4.246379e-03
19.750000 4.015342e-03
20.000000 3.747567e-03
20.250000 3.450707e-03
20.500000 3.133323e-03
20.750000 2.804822e-03
21.000000 2.475451e-03
21.250000 2.156387e-03
21.500000 1.859859e-03
21.750000 1.599129e-03
22.000000 1.387693e-03
22.250000 1.236537e-03
22.500000 1.148975e-03
22.750000 1.116262e-03
23.000000 1.119540e-03
23.250000 1.137312e-03
23.500000 1.151709e-03
23.750000 1.150557e-03
24.000000 1.126860e-03
24.250000 1.077691e-03
24.500000 1.003287e-03
24.750000 9.065579e-04
25.000000 7.931156e-04
25.250000 6.720713e-04
25.500000 5.581869e-04
25.750000 4.751168e-04
26.000000 4.519031e-04
26.250000 4.988419e-04
26.500000 5.941932e-04
26.750000 7.091074e-04
27.000000 8.236388e-04
27.250000 9.255697e-04
27.500000 1.007102e-03
27.750000 1.063033e-03
28.000000 1.089931e-03
28.250000 1.085752e-03
28.500000 1.049667e-03
28.750000 9.819625e-04
29.000000 8.839880e-04
29.250000 7.581609e-04
29.500000 6.081152e-04
29.750000 4.394841e-04
30.000000 2.645494e-04
30.250000 1.455546e-04
30.500000 2.470313e-04
30.750000 4.422381e-04
31.000000 6.495532e-04
31.250000 8.533976e-04
31.500000 1.046468e-03
31.750000 1.223434e-03
32.000000 1.379967e-03
32.250000 1.512573e-03
32.500000 1.618616e-03
32.750000 1.696385e-03
33.000000 1.745176e-03
33.250000 1.765384e-03
33.500000 1.758595e-03
33.750000 1.727698e-03
34.000000 1.676999e-03
34.250000 1.612337e-03
34.500000 1.541157e-03
34.750000 1.472388e-03
35.000000 1.415903e-03
35.250000 1.381251e-03
35.500000 1.375645e-03
35.750000 1.401907e-03
36.000000 1.457611e-03
36.250000 1.536047e-03
36.500000 1.628259e-03
36.750000 1.724956e-03
37.000000 1.817685e-03
37.250000 1.899337e-03
37.500000 1.964257e-03
37.750000 2.008201e-03
38.000000 2.028233e-03
38.250000 2.022627e-03
38.500000 1.990785e-03
38.750000 1.933158e-03
39.000000 1.851193e-03
39.250000 1.747279e-03
39.500000 1.624729e-03
39.750000 1.487782e-03
40.000000 1.341676e-03
40.250000 1.192790e-03
40.500000 1.048889e-03
40.750000 9.193530e-04
41.000000 8.149347e-04
41.250000 7.459341e-04
41.500000 7.179332e-04
41.750000 7.275558e-04
42.000000 7.633420e-04
42.250000 8.112598e-04
42.500000 8.592338e-04
42.750000 8.985364e-04
43.000000 9.234609e-04
43.250000 9.306432e-04
43.500000 9.185201e-04
43.750000 8.869872e-04
44.000000 8.372311e-04
44.250000 7.717215e-04
44.500000 6.944065e-04
44.750000 6.112301e-04
45.000000 5.311332e-04
45.250000 4.672939e-04
45.500000 4.362076e-04
45.750000 4.496605e-04
46.000000 5.045252e-04
46.250000 5.863968e-04
46.500000 6.805754e-04
46.750000 7.764028e-04
47.000000 8.667378e-04
47.250000 9.467521e-04
47.500000 1.013136e-03
47.750000 1.063664e-03
48.000000 1.096968e-03
48.250000 1.112406e-03
48.500000 1.109979e-03
48.750000 1.090273e-03
49.000000 1.054401e-03
49.250000 1.003960e-03
49.500000 9.409754e-04
49.750000 8.678588e-04
50.000000 7.873734e-04
