-50.000000 2.004801e-02
-49.750000 2.012032e-02
-49.500000 2.019246e-02
-49.250000 2.026442e-02
-49.000000 2.033621e-02
-48.750000 2.040783e-02
-48.500000 2.047926e-02
-48.250000 2.055052e-02
-48.000000 2.062160e-02
-47.750000 2.069250e-02
-47.500000 2.076322e-02
-47.250000 2.083376e-02
-47.000000 2.090410e-02
-46.750000 2.097427e-02
-46.500000 2.104424e-02
-46.250000 2.111403e-02
-46.000000 2.118363e-02
-45.750000 2.125303e-02
-45.500000 2.132224e-02
-45.250000 2.139126e-02
-45.000000 2.146008e-02
-44.750000 2.152871e-02
-44.500000 2.159714e-02
-44.250000 2.166537e-02
-44.000000 2.173339e-02
-43.750000 2.180122e-02
-43.500000 2.186884e-02
-43.250000 2.193626e-02
-43.000000 2.200347e-02
-42.750000 2.207048e-02
-42.500000 2.213727e-02
-42.250000 2.220386e-02
-42.000000 2.227024e-02
-41.750000 2.233640e-02
-41.500000 2.240235e-02
-41.250000 2.246809e-02
-41.000000 2.253361e-02
-40.750000 2.259891e-02
-40.500000 2.266399e-02
-40.250000 2.272885e-02
-40.000000 2.279350e-02
-39.750000 2.285792e-02
-39.500000 2.292212e-02
-39.250000 2.298609e-02
-39.000000 2.304983e-02
-38.750000 2.311335e-02
-38.500000 2.317664e-02
-38.250000 2.323970e-02
-38.000000 2.330253e-02
-37.750000 2.336513e-02
-37.500000 2.342750e-02
-37.250000 2.348963e-02
-37.000000 2.355152e-02
-36.750000 2.361318e-02
-36.500000 2.367460e-02
-36.250000 2.373578e-02
-36.000000 2.379673e-02
-35.750000 2.385742e-02
-35.500000 2.391788e-02
-35.250000 2.397809e-02
-35.000000 2.403806e-02
-34.750000 2.409778e-02
-34.500000 2.415726e-02
-34.250000 2.421649e-02
-34.000000 2.427546e-02
-33.750000 2.433419e-02
-33.500000 2.439266e-02
-33.250000 2.445088e-02
-33.000000 2.450885e-02
-32.750000 2.456656e-02
-32.500000 2.462402e-02
-32.250000 2.468122e-02
-32.000000 2.473816e-02
-31.750000 2.479484e-02
-31.500000 2.485126e-02
-31.250000 2.490742e-02
-31.000000 2.496331e-02
-30.750000 2.501894e-02
-30.500000 2.507431e-02
-30.250000 2.512941e-02
-30.000000 2.518425e-02
-29.750000 2.523881e-02
-29.500000 2.529311e-02
-29.250000 2.534713e-02
-29.000000 2.540089e-02
-28.750000 2.545437e-02
-28.500000 2.550758e-02
-28.250000 2.556051e-02
-28.000000 2.561317e-02
-27.750000 2.566556e-02
-27.500000 2.571766e-02
-27.250000 2.576949e-02
-27.000000 2.582104e-02
-26.750000 2.587231e-02
-26.500000 2.592329e-02
-26.250000 2.597400e-02
-26.000000 2.602442e-02
-25.750000 2.607455e-02
-25.500000 2.612440e-02
-25.250000 2.617397e-02
-25.000000 2.622325e-02
-24.750000 2.627224e-02
-24.500000 2.632094e-02
-24.250000 2.636935e-02
-24.000000 2.641747e-02
-23.750000 2.646529e-02
-23.500000 2.651283e-02
-23.250000 2.656007e-02
-23.000000 2.660702e-02
-22.750000 2.665367e-02
-22.500000 2.670002e-02
-22.250000 2.674608e-02
-22.000000 2.679184e-02
-21.750000 2.683730e-02
-21.500000 2.688246e-02
-21.250000 2.692732e-02
-21.000000 2.697188e-02
-20.750000 2.701613e-02
-20.500000 2.706008e-02
-20.250000 2.710373e-02
-20.000000 2.714707e-02
-19.750000 2.719011e-02
-19.500000 2.723284e-02
-19.250000 2.727526e-02
-19.000000 2.731738e-02
-18.750000 2.735918e-02
-18.500000 2.740068e-02
-18.250000 2.744186e-02
-18.000000 2.748273e-02
-17.750000 2.752329e-02
-17.500000 2.756354e-02
-17.250000 2.760347e-02
-17.000000 2.764309e-02
-16.750000 2.768239e-02
-16.500000 2.772138e-02
-16.250000 2.776005e-02
-16.000000 2.779840e-02
-15.750000 2.783644e-02
-15.500000 2.787415e-02
-15.250000 2.791154e-02
-15.000000 2.794862e-02
-14.750000 2.798537e-02
-14.500000 2.802180e-02
-14.250000 2.805791e-02
-14.000000 2.809369e-02
-13.750000 2.812915e-02
-13.500000 2.816428e-02
-13.250000 2.819909e-02
-13.000000 2.823358e-02
-12.750000 2.826773e-02
-12.500000 2.830156e-02
-12.250000 2.833506e-02
-12.000000 2.836823e-02
-11.750000 2.840108e-02
-11.500000 2.843359e-02
-11.250000 2.846577e-02
-11.000000 2.849762e-02
-10.750000 2.852914e-02
-10.500000 2.856032e-02
-10.250000 2.859117e-02
-10.000000 2.862169e-02
-9.750000 2.865188e-02
-9.500000 2.868173e-02
-9.250000 2.871124e-02
-9.000000 2.874042e-02
-8.750000 2.876926e-02
-8.500000 2.879776e-02
-8.250000 2.882593e-02
-8.000000 2.885375e-02
-7.750000 2.888124e-02
-7.500000 2.890839e-02
-7.250000 2.893520e-02
-7.000000 2.896167e-02
-6.750000 2.898780e-02
-6.500000 2.901359e-02
-6.250000 2.903903e-02
-6.000000 2.906413e-02
-5.750000 2.908889e-02
-5.500000 2.911331e-02
-5.250000 2.913738e-02
-5.000000 2.916111e-02
-4.750000 2.918449e-02
-4.500000 2.920753e-02
-4.250000 2.923022e-02
-4.000000 2.925257e-02
-3.750000 2.927457e-02
-3.500000 2.929622e-02
-3.250000 2.931752e-02
-3.000000 2.933848e-02
-2.750000 2.935909e-02
-2.500000 2.937935e-02
-2.250000 2.939926e-02
-2.000000 2.941883e-02
-1.750000 2.943804e-02
-1.500000 2.945690e-02
-1.250000 2.947541e-02
-1.000000 2.949357e-02
-0.750000 2.951138e-02
-0.500000 2.952884e-02
-0.250000 2.954595e-02
0.000000 2.956270e-02
0.250000 2.957910e-02
0.500000 2.959515e-02
0.750000 2.961085e-02
1.000000 2.962619e-02
1.250000 2.964118e-02
1.500000 2.965581e-02
1.750000 2.967009e-02
2.000000 2.968402e-02
2.250000 2.969759e-02
2.500000 2.971080e-02
2.750000 2.972366e-02
3.000000 2.973617e-02
3.250000 2.974832e-02
3.500000 2.976011e-02
3.750000 2.977154e-02
4.000000 2.978262e-02
4.250000 2.979335e-02
4.500000 2.980371e-02
4.750000 2.981372e-02
5.000000 2.982337e-02
5.250000 2.983267e-02
5.500000 2.984160e-02
5.750000 2.985018e-02
6.000000 2.985840e-02
6.250000 2.986626e-02
6.500000 2.987376e-02
6.750000 2.988091e-02
7.000000 2.988769e-02
7.250000 2.989412e-02
7.500000 2.990019e-02
7.750000 2.990590e-02
8.000000 2.991125e-02
8.250000 2.991624e-02
8.500000 2.992087e-02
8.750000 2.992514e-02
9.000000 2.992906e-02
9.250000 2.993261e-02
9.500000 2.993580e-02
9.750000 2.993864e-02
10.000000 2.994111e-02
10.250000 2.994323e-02
10.500000 2.994498e-02
10.750000 2.994637e-02
11.000000 2.994741e-02
11.250000 2.994808e-02
11.500000 2.994840e-02
11.750000 2.994835e-02
12.000000 2.994795e-02
12.250000 2.994718e-02
12.500000 2.994606e-02
12.750000 2.994457e-02
13.000000 2.994273e-02
13.250000 2.994052e-02
13.500000 2.993796e-02
13.750000 2.993503e-02
14.000000 2.993175e-02
14.250000 2.992811e-02
14.500000 2.992410e-02
14.750000 2.991974e-02
15.000000 2.991502e-02
15.250000 2.990994e-02
15.500000 2.990450e-02
15.750000 2.989870e-02
16.000000 2.989254e-02
16.250000 2.988602e-02
16.500000 2.987915e-02
16.750000 2.987191e-02
17.000000 2.986432e-02
17.250000 2.985637e-02
17.500000 2.984806e-02
17.750000 2.983939e-02
18.000000 2.983037e-02
18.250000 2.982098e-02
18.500000 2.981124e-02
18.750000 2.980115e-02
19.000000 2.979069e-02
19.250000 2.977988e-02
19.500000 2.976871e-02
19.750000 2.975719e-02
20.000000 2.974531e-02
20.250000 2.973307e-02
20.500000 2.972048e-02
20.750000 2.970753e-02
21.000000 2.969423e-02
21.250000 2.968057e-02
21.500000 2.966656e-02
21.750000 2.965219e-02
22.000000 2.963747e-02
22.250000 2.962239e-02
22.500000 2.960697e-02
22.750000 2.959118e-02
23.000000 2.957505e-02
23.250000 2.955856e-02
23.500000 2.954172e-02
23.750000 2.952453e-02
24.000000 2.950699e-02
24.250000 2.948909e-02
24.500000 2.947085e-02
24.750000 2.945225e-02
25.000000 2.943330e-02
25.250000 2.941401e-02
25.500000 2.939436e-02
25.750000 2.937437e-02
26.000000 2.935402e-02
26.250000 2.933333e-02
26.500000 2.931229e-02
26.750000 2.929090e-02
27.000000 2.926917e-02
27.250000 2.924709e-02
27.500000 2.922466e-02
27.750000 2.920188e-02
28.000000 2.917877e-02
28.250000 2.915530e-02
28.500000 2.913149e-02
28.750000 2.910734e-02
29.000000 2.908284e-02
29.250000 2.905801e-02
29.500000 2.903282e-02
29.750000 2.900730e-02
30.000000 2.898144e-02
30.250000 2.895523e-02
30.500000 2.892868e-02
30.750000 2.890179e-02
31.000000 2.887457e-02
31.250000 2.884700e-02
31.500000 2.881910e-02
31.750000 2.879086e-02
32.000000 2.876228e-02
32.250000 2.873336e-02
32.500000 2.870411e-02
32.750000 2.867452e-02
33.000000 2.864460e-02
33.250000 2.861434e-02
33.500000 2.858375e-02
33.750000 2.855282e-02
34.000000 2.852156e-02
34.250000 2.848997e-02
34.500000 2.845805e-02
34.750000 2.842580e-02
35.000000 2.839321e-02
35.250000 2.836030e-02
35.500000 2.832706e-02
35.750000 2.829349e-02
36.000000 2.825959e-02
36.250000 2.822536e-02
36.500000 2.819081e-02
36.750000 2.815593e-02
37.000000 2.812073e-02
37.250000 2.808520e-02
37.500000 2.804935e-02
37.750000 2.801318e-02
38.000000 2.797668e-02
38.250000 2.793987e-02
38.500000 2.790273e-02
38.750000 2.786527e-02
39.000000 2.782749e-02
39.250000 2.778939e-02
39.500000 2.775098e-02
39.750000 2.771225e-02
40.000000 2.767320e-02
40.250000 2.763383e-02
40.500000 2.759415e-02
40.750000 2.755416e-02
41.000000 2.751385e-02
41.250000 2.747323e-02
41.500000 2.743230e-02
41.750000 2.739106e-02
42.000000 2.734950e-02
42.250000 2.730764e-02
42.500000 2.726547e-02
42.750000 2.722299e-02
43.000000 2.718020e-02
43.250000 2.713711e-02
43.500000 2.709371e-02
43.750000 2.705001e-02
44.000000 2.700601e-02
44.250000 2.696170e-02
44.500000 2.691709e-02
44.750000 2.687217e-02
45.000000 2.682696e-02
45.250000 2.678145e-02
45.500000 2.673564e-02
45.750000 2.668953e-02
46.000000 2.664313e-02
46.250000 2.659643e-02
46.500000 2.654943e-02
46.750000 2.650214e-02
47.000000 2.645456e-02
47.250000 2.640669e-02
47.500000 2.635852e-02
47.750000 2.631007e-02
48.000000 2.626132e-02
48.250000 2.621229e-02
48.500000 2.616297e-02
48.750000 2.611336e-02
49.000000 2.606346e-02
49.250000 2.601329e-02
49.500000 2.596282e-02
49.750000 2.591208e-02
50.000000 2.586105e-02
