-50.000000 7.662365e-03
-49.750000 7.708265e-03
-49.500000 7.754768e-03
-49.250000 7.801868e-03
-49.000000 7.849561e-03
-48.750000 7.897841e-03
-48.500000 7.946702e-03
-48.250000 7.996140e-03
-48.000000 8.046149e-03
-47.750000 8.096722e-03
-47.500000 8.147854e-03
-47.250000 8.199538e-03
-47.000000 8.251768e-03
-46.750000 8.304538e-03
-46.500000 8.357842e-03
-46.250000 8.411672e-03
-46.000000 8.466022e-03
-45.750000 8.520886e-03
-45.500000 8.576256e-03
-45.250000 8.632125e-03
-45.000000 8.688487e-03
-44.750000 8.745334e-03
-44.500000 8.802659e-03
-44.250000 8.860455e-03
-44.000000 8.918715e-03
-43.750000 8.977430e-03
-43.500000 9.036594e-03
-43.250000 9.096200e-03
-43.000000 9.156239e-03
-42.750000 9.216704e-03
-42.500000 9.277588e-03
-42.250000 9.338883e-03
-42.000000 9.400580e-03
-41.750000 9.462674e-03
-41.500000 9.525155e-03
-41.250000 9.588016e-03
-41.000000 9.651249e-03
-40.750000 9.714847e-03
-40.500000 9.778801e-03
-40.250000 9.843104e-03
-40.000000 9.907748e-03
-39.750000 9.972725e-03
-39.500000 1.003803e-02
-39.250000 1.010365e-02
-39.000000 1.016958e-02
-38.750000 1.023581e-02
-38.500000 1.030233e-02
-38.250000 1.036915e-02
-38.000000 1.043623e-02
-37.750000 1.050359e-02
-37.500000 1.057122e-02
-37.250000 1.063909e-02
-37.000000 1.070722e-02
-36.750000 1.077558e-02
-36.500000 1.084417e-02
-36.250000 1.091299e-02
-36.000000 1.098203e-02
-35.750000 1.105127e-02
-35.500000 1.112071e-02
-35.250000 1.119034e-02
-35.000000 1.126016e-02
-34.750000 1.133016e-02
-34.500000 1.140032e-02
-34.250000 1.147065e-02
-34.000000 1.154113e-02
-33.750000 1.161176e-02
-33.500000 1.168253e-02
-33.250000 1.175343e-02
-33.000000 1.182445e-02
-32.750000 1.189559e-02
-32.500000 1.196684e-02
-32.250000 1.203819e-02
-32.000000 1.210963e-02
-31.750000 1.218117e-02
-31.500000 1.225278e-02
-31.250000 1.232446e-02
-31.000000 1.239621e-02
-30.750000 1.246801e-02
-30.500000 1.253986e-02
-30.250000 1.261176e-02
-30.000000 1.268370e-02
-29.750000 1.275566e-02
-29.500000 1.282764e-02
-29.250000 1.289964e-02
-29.000000 1.297164e-02
-28.750000 1.304364e-02
-28.500000 1.311564e-02
-28.250000 1.318762e-02
-28.000000 1.325959e-02
-27.750000 1.333152e-02
-27.500000 1.340342e-02
-27.250000 1.347527e-02
-27.000000 1.354708e-02
-26.750000 1.361883e-02
-26.500000 1.369052e-02
-26.250000 1.376214e-02
-26.000000 1.383369e-02
-25.750000 1.390515e-02
-25.500000 1.397652e-02
-25.250000 1.404780e-02
-25.000000 1.411897e-02
-24.750000 1.419004e-02
-24.500000 1.426098e-02
-24.250000 1.433181e-02
-24.000000 1.440251e-02
-23.750000 1.447307e-02
-23.500000 1.454349e-02
-23.250000 1.461376e-02
-23.000000 1.468388e-02
-22.750000 1.475383e-02
-22.500000 1.482362e-02
-22.250000 1.489323e-02
-22.000000 1.496267e-02
-21.750000 1.503192e-02
-21.500000 1.510097e-02
-21.250000 1.516983e-02
-21.000000 1.523848e-02
-20.750000 1.530693e-02
-20.500000 1.537515e-02
-20.250000 1.544315e-02
-20.000000 1.551093e-02
-19.750000 1.557847e-02
-19.500000 1.564577e-02
-19.250000 1.571282e-02
-19.000000 1.577962e-02
-18.750000 1.584616e-02
-18.500000 1.591244e-02
-18.250000 1.597844e-02
-18.000000 1.604417e-02
-17.750000 1.610962e-02
-17.500000 1.617479e-02
-17.250000 1.623966e-02
-17.000000 1.630423e-02
-16.750000 1.636850e-02
-16.500000 1.643246e-02
-16.250000 1.649610e-02
-16.000000 1.655943e-02
-15.750000 1.662243e-02
-15.500000 1.668510e-02
-15.250000 1.674743e-02
-15.000000 1.680942e-02
-14.750000 1.687106e-02
-14.500000 1.693235e-02
-14.250000 1.699328e-02
-14.000000 1.705385e-02
-13.750000 1.711406e-02
-13.500000 1.717389e-02
-13.250000 1.723334e-02
-13.000000 1.729241e-02
-12.750000 1.735109e-02
-12.500000 1.740937e-02
-12.250000 1.746726e-02
-12.000000 1.752475e-02
-11.750000 1.758183e-02
-11.500000 1.763850e-02
-11.250000 1.769475e-02
-11.000000 1.775058e-02
-10.750000 1.780598e-02
-10.500000 1.786095e-02
-10.250000 1.791549e-02
-10.000000 1.796958e-02
-9.750000 1.802323e-02
-9.500000 1.807643e-02
-9.250000 1.812918e-02
-9.000000 1.818147e-02
-8.750000 1.823329e-02
-8.500000 1.828465e-02
-8.250000 1.833554e-02
-8.000000 1.838595e-02
-7.750000 1.843588e-02
-7.500000 1.848533e-02
-7.250000 1.853429e-02
-7.000000 1.858275e-02
-6.750000 1.863072e-02
-6.500000 1.867819e-02
-6.250000 1.872516e-02
-6.000000 1.877162e-02
-5.750000 1.881756e-02
-5.500000 1.886299e-02
-5.250000 1.890790e-02
-5.000000 1.895229e-02
-4.750000 1.899615e-02
-4.500000 1.903947e-02
-4.250000 1.908227e-02
-4.000000 1.912452e-02
-3.750000 1.916623e-02
-3.500000 1.920740e-02
-3.250000 1.924802e-02
-3.000000 1.928808e-02
-2.750000 1.932759e-02
-2.500000 1.936655e-02
-2.250000 1.940493e-02
-2.000000 1.944276e-02
-1.750000 1.948001e-02
-1.500000 1.951669e-02
-1.250000 1.955280e-02
-1.000000 1.958833e-02
-0.750000 1.962328e-02
-0.500000 1.965764e-02
-0.250000 1.969141e-02
0.000000 1.972460e-02
0.250000 1.975719e-02
0.500000 1.978919e-02
0.750000 1.982059e-02
1.000000 1.985138e-02
1.250000 1.988158e-02
1.500000 1.991116e-02
1.750000 1.994014e-02
2.000000 1.996850e-02
2.250000 1.999625e-02
2.500000 2.002338e-02
2.750000 2.004990e-02
3.000000 2.007579e-02
3.250000 2.010106e-02
3.500000 2.012570e-02
3.750000 2.014971e-02
4.000000 2.017309e-02
4.250000 2.019584e-02
4.500000 2.021796e-02
4.750000 2.023943e-02
5.000000 2.026027e-02
5.250000 2.028047e-02
5.500000 2.030002e-02
5.750000 2.031893e-02
6.000000 2.033720e-02
6.250000 2.035481e-02
6.500000 2.037178e-02
6.750000 2.038809e-02
7.000000 2.040375e-02
7.250000 2.041875e-02
7.500000 2.043310e-02
7.750000 2.044679e-02
8.000000 2.045982e-02
8.250000 2.047219e-02
8.500000 2.048390e-02
8.750000 2.049494e-02
9.000000 2.050532e-02
9.250000 2.051504e-02
9.500000 2.052408e-02
9.750000 2.053246e-02
10.000000 2.054017e-02
10.250000 2.054721e-02
10.500000 2.055358e-02
10.750000 2.055927e-02
11.000000 2.056429e-02
11.250000 2.056864e-02
11.500000 2.057232e-02
11.750000 2.057531e-02
12.000000 2.057764e-02
12.250000 2.057928e-02
12.500000 2.058025e-02
12.750000 2.058054e-02
13.000000 2.058015e-02
13.250000 2.057909e-02
13.500000 2.057734e-02
13.750000 2.057492e-02
14.000000 2.057181e-02
14.250000 2.056803e-02
14.500000 2.056356e-02
14.750000 2.055841e-02
15.000000 2.055259e-02
15.250000 2.054608e-02
15.500000 2.053889e-02
15.750000 2.053103e-02
16.000000 2.052248e-02
16.250000 2.051325e-02
16.500000 2.050334e-02
16.750000 2.049275e-02
17.000000 2.048148e-02
17.250000 2.046954e-02
17.500000 2.045691e-02
17.750000 2.044361e-02
18.000000 2.042962e-02
18.250000 2.041496e-02
18.500000 2.039962e-02
18.750000 2.038361e-02
19.000000 2.036692e-02
19.250000 2.034955e-02
19.500000 2.033151e-02
19.750000 2.031280e-02
20.000000 2.029342e-02
20.250000 2.027336e-02
20.500000 2.025263e-02
20.750000 2.023123e-02
21.000000 2.020916e-02
21.250000 2.018643e-02
21.500000 2.016303e-02
21.750000 2.013896e-02
22.000000 2.011423e-02
22.250000 2.008883e-02
22.500000 2.006278e-02
22.750000 2.003606e-02
23.000000 2.000868e-02
23.250000 1.998065e-02
23.500000 1.995196e-02
23.750000 1.992261e-02
24.000000 1.989261e-02
24.250000 1.986197e-02
24.500000 1.983067e-02
24.750000 1.979872e-02
25.000000 1.976612e-02
25.250000 1.973289e-02
25.500000 1.969900e-02
25.750000 1.966448e-02
26.000000 1.962932e-02
26.250000 1.959352e-02
26.500000 1.955709e-02
26.750000 1.952002e-02
27.000000 1.948233e-02
27.250000 1.944400e-02
27.500000 1.940505e-02
27.750000 1.936547e-02
28.000000 1.932527e-02
28.250000 1.928445e-02
28.500000 1.924302e-02
28.750000 1.920096e-02
29.000000 1.915830e-02
29.250000 1.911503e-02
29.500000 1.907114e-02
29.750000 1.902666e-02
30.000000 1.898157e-02
30.250000 1.893588e-02
30.500000 1.888959e-02
30.750000 1.884271e-02
31.000000 1.879524e-02
31.250000 1.874718e-02
31.500000 1.869853e-02
31.750000 1.864930e-02
32.000000 1.859949e-02
32.250000 1.854910e-02
32.500000 1.849813e-02
32.750000 1.844660e-02
33.000000 1.839450e-02
33.250000 1.834183e-02
33.500000 1.828860e-02
33.750000 1.823481e-02
34.000000 1.818046e-02
34.250000 1.812557e-02
34.500000 1.807012e-02
34.750000 1.801413e-02
35.000000 1.795759e-02
35.250000 1.790052e-02
35.500000 1.784291e-02
35.750000 1.778477e-02
36.000000 1.772610e-02
36.250000 1.766690e-02
36.500000 1.760718e-02
36.750000 1.754695e-02
37.000000 1.748620e-02
37.250000 1.742494e-02
37.500000 1.736317e-02
37.750000 1.730090e-02
38.000000 1.723813e-02
38.250000 1.717487e-02
38.500000 1.711111e-02
38.750000 1.704687e-02
39.000000 1.698214e-02
39.250000 1.691693e-02
39.500000 1.685124e-02
39.750000 1.678509e-02
40.000000 1.671846e-02
40.250000 1.665137e-02
40.500000 1.658382e-02
40.750000 1.651582e-02
41.000000 1.644736e-02
41.250000 1.637846e-02
41.500000 1.630911e-02
41.750000 1.623932e-02
42.000000 1.616910e-02
42.250000 1.609845e-02
42.500000 1.602737e-02
42.750000 1.595587e-02
43.000000 1.588396e-02
43.250000 1.581163e-02
43.500000 1.573889e-02
43.750000 1.566575e-02
44.000000 1.559220e-02
44.250000 1.551827e-02
44.500000 1.544394e-02
44.750000 1.536922e-02
45.000000 1.529413e-02
45.250000 1.521866e-02
45.500000 1.514281e-02
45.750000 1.506660e-02
46.000000 1.499002e-02
46.250000 1.491309e-02
46.500000 1.483580e-02
46.750000 1.475817e-02
47.000000 1.468019e-02
47.250000 1.460187e-02
47.500000 1.452322e-02
47.750000 1.444424e-02
48.000000 1.436493e-02
48.250000 1.428530e-02
48.500000 1.420536e-02
48.750000 1.412511e-02
49.000000 1.404455e-02
49.250000 1.396370e-02
49.500000 1.388255e-02
49.750000 1.380110e-02
50.000000 1.371938e-02
