-50.000000 1.877317e-04
-49.750000 9.766316e-05
-49.500000 1.835648e-05
-49.250000 7.667352e-05
-49.000000 1.407880e-04
-48.750000 1.872631e-04
-48.500000 2.159509e-04
-48.250000 2.291550e-04
-48.000000 2.300687e-04
-47.750000 2.218034e-04
-47.500000 2.071249e-04
-47.250000 1.887182e-04
-47.000000 1.692872e-04
-46.750000 1.507872e-04
-46.500000 1.330138e-04
-46.250000 1.131696e-04
-46.000000 8.785681e-05
-45.750000 5.823662e-05
-45.500000 4.789592e-05
-45.250000 8.579017e-05
-45.000000 1.420807e-04
-44.750000 1.989890e-04
-44.500000 2.481468e-04
-44.250000 2.842252e-04
-44.000000 3.046481e-04
-43.750000 3.098585e-04
-43.500000 3.034537e-04
-43.250000 2.921679e-04
-43.000000 2.852724e-04
-42.750000 2.918626e-04
-42.500000 3.155446e-04
-42.250000 3.512355e-04
-42.000000 3.877629e-04
-41.750000 4.122685e-04
-41.500000 4.130847e-04
-41.250000 3.815486e-04
-41.000000 3.135174e-04
-40.750000 2.108292e-04
-40.500000 8.641654e-05
-40.250000 9.242250e-05
-40.000000 2.356318e-04
-39.750000 3.699405e-04
-39.500000 4.741666e-04
-39.250000 5.361664e-04
-39.000000 5.506402e-04
-38.750000 5.200581e-04
-38.500000 4.549275e-04
-38.250000 3.732602e-04
-38.000000 2.988342e-04
-37.750000 2.539728e-04
-37.500000 2.414425e-04
-37.250000 2.399710e-04
-37.000000 2.290676e-04
-36.750000 2.034165e-04
-36.500000 1.709113e-04
-36.250000 1.456830e-04
-36.000000 1.344278e-04
-35.750000 1.262913e-04
-35.500000 1.062195e-04
-35.250000 7.446551e-05
-35.000000 7.494160e-05
-34.750000 1.365921e-04
-34.500000 2.125615e-04
-34.250000 2.756994e-04
-34.000000 3.104558e-04
-33.750000 3.086348e-04
-33.500000 2.711002e-04
-33.250000 2.116671e-04
-33.000000 1.669269e-04
-32.750000 1.854921e-04
-32.500000 2.471216e-04
-32.250000 3.014058e-04
-32.000000 3.219333e-04
-31.750000 2.989294e-04
-31.500000 2.349409e-04
-31.250000 1.502541e-04
-31.000000 1.255621e-04
-30.750000 2.220440e-04
-30.500000 3.484813e-04
-30.250000 4.651869e-04
-30.000000 5.591168e-04
-29.750000 6.253912e-04
-29.500000 6.631392e-04
-29.250000 6.729646e-04
-29.000000 6.553850e-04
-28.750000 6.108332e-04
-28.500000 5.412376e-04
-28.250000 4.525230e-04
-28.000000 3.574502e-04
-27.750000 2.784052e-04
-27.500000 2.430013e-04
-27.250000 2.544265e-04
-27.000000 2.811447e-04
-26.750000 2.963857e-04
-26.500000 2.932361e-04
-26.250000 2.796222e-04
-26.000000 2.702797e-04
-25.750000 2.744247e-04
-25.500000 2.878458e-04
-25.250000 3.021407e-04
-25.000000 3.197787e-04
-24.750000 3.574999e-04
-24.500000 4.299771e-04
-24.250000 5.305206e-04
-24.000000 6.350383e-04
-23.750000 7.157590e-04
-23.500000 7.495673e-04
-23.250000 7.227680e-04
-23.000000 6.354316e-04
-22.750000 5.087314e-04
-22.500000 4.039267e-04
-22.250000 4.240713e-04
-22.000000 5.714476e-04
-21.750000 7.507334e-04
-21.500000 8.997004e-04
-21.250000 9.881863e-04
-21.000000 1.004446e-03
-20.750000 9.508790e-04
-20.500000 8.420572e-04
-20.250000 7.026671e-04
-20.000000 5.641651e-04
-19.750000 4.564329e-04
-19.500000 3.887513e-04
-19.250000 3.357578e-04
-19.000000 2.590140e-04
-18.750000 1.469859e-04
-18.500000 1.573218e-04
-18.250000 3.854067e-04
-18.000000 6.713249e-04
-17.750000 9.657688e-04
-17.500000 1.231313e-03
-17.250000 1.433082e-03
-17.000000 1.542141e-03
-16.750000 1.539682e-03
-16.500000 1.420328e-03
-16.250000 1.193818e-03
-16.000000 8.849766e-04
-15.750000 5.340048e-04
-15.500000 2.245697e-04
-15.250000 2.841499e-04
-15.000000 5.233887e-04
-14.750000 6.957346e-04
-14.500000 7.704638e-04
-14.250000 7.485764e-04
-14.000000 6.469154e-04
-13.750000 4.924959e-04
-13.500000 3.183666e-04
-13.250000 1.715073e-04
-13.000000 1.606035e-04
-12.750000 2.654115e-04
-12.500000 3.735488e-04
-12.250000 4.579938e-04
-12.000000 5.071313e-04
-11.750000 5.143525e-04
-11.500000 4.923200e-04
-11.250000 5.004192e-04
-11.000000 6.278136e-04
-10.750000 8.828127e-04
-10.500000 1.198955e-03
-10.250000 1.504854e-03
-10.000000 1.738729e-03
-9.750000 1.851342e-03
-9.500000 1.811166e-03
-9.250000 1.609137e-03
-9.000000 1.260665e-03
-8.750000 8.041972e-04
-8.500000 3.032379e-04
-8.250000 2.665426e-04
-8.000000 7.087891e-04
-7.750000 1.076673e-03
-7.500000 1.350156e-03
-7.250000 1.552006e-03
-7.000000 1.728376e-03
-6.750000 1.922319e-03
-6.500000 2.144964e-03
-6.250000 2.369511e-03
-6.000000 2.549959e-03
-5.750000 2.643267e-03
-5.500000 2.622314e-03
-5.250000 2.481709e-03
-5.000000 2.245648e-03
-4.750000 1.993105e-03
-4.500000 1.904674e-03
-4.250000 2.209417e-03
-4.000000 2.937138e-03
-3.750000 3.927025e-03
-3.500000 5.001678e-03
-3.250000 6.000070e-03
-3.000000 6.773297e-03
-2.750000 7.196730e-03
-2.500000 7.198518e-03
-2.250000 6.806046e-03
-2.000000 6.222526e-03
-1.750000 5.916887e-03
-1.500000 6.477026e-03
-1.250000 8.026021e-03
-1.000000 1.014589e-02
-0.750000 1.235311e-02
-0.500000 1.427954e-02
-0.250000 1.566893e-02
0.000000 1.636579e-02
0.250000 1.631365e-02
0.500000 1.555379e-02
0.750000 1.421978e-02
1.000000 1.252763e-02
1.250000 1.076096e-02
1.500000 9.240445e-03
1.750000 8.240745e-03
2.000000 7.837603e-03
2.250000 7.832801e-03
2.500000 7.903888e-03
2.750000 7.794030e-03
3.000000 7.375918e-03
3.250000 6.643175e-03
3.500000 5.700784e-03
3.750000 4.781026e-03
4.000000 4.252429e-03
4.250000 4.416878e-03
4.500000 5.137979e-03
4.750000 6.010938e-03
5.000000 6.713655e-03
5.250000 7.060545e-03
5.500000 6.967713e-03
5.750000 6.430316e-03
6.000000 5.510119e-03
6.250000 4.327006e-03
6.500000 3.060902e-03
6.750000 2.003006e-03
7.000000 1.652052e-03
7.250000 2.063541e-03
7.500000 2.600658e-03
7.750000 2.943619e-03
8.000000 3.026266e-03
8.250000 2.876595e-03
8.500000 2.564595e-03
8.750000 2.176351e-03
9.000000 1.795168e-03
9.250000 1.486401e-03
9.500000 1.284884e-03
9.750000 1.187241e-03
10.000000 1.157614e-03
10.250000 1.145975e-03
10.500000 1.105472e-03
10.750000 1.007926e-03
11.000000 8.710183e-04
11.250000 8.104154e-04
11.500000 1.000768e-03
11.750000 1.422390e-03
12.000000 1.930145e-03
12.250000 2.409237e-03
12.500000 2.778882e-03
12.750000 2.986614e-03
13.000000 3.011456e-03
13.250000 2.868614e-03
13.500000 2.612814e-03
13.750000 2.337483e-03
14.000000 2.156437e-03
14.250000 2.143627e-03
14.500000 2.268545e-03
14.750000 2.427337e-03
15.000000 2.522362e-03
15.250000 2.496348e-03
15.500000 2.332378e-03
15.750000 2.048647e-03
16.000000 1.699346e-03
16.250000 1.387380e-03
16.500000 1.265534e-03
16.750000 1.411893e-03
17.000000 1.712806e-03
17.250000 2.017901e-03
17.500000 2.235616e-03
17.750000 2.321756e-03
18.000000 2.265861e-03
18.250000 2.086809e-03
18.500000 1.831992e-03
18.750000 1.575677e-03
19.000000 1.404438e-03
19.250000 1.367113e-03
19.500000 1.425466e-03
19.750000 1.494044e-03
20.000000 1.508911e-03
20.250000 1.448032e-03
20.500000 1.325271e-03
20.750000 1.179496e-03
21.000000 1.058603e-03
21.250000 9.930230e-04
21.500000 9.727864e-04
21.750000 9.594035e-04
22.000000 9.188745e-04
22.250000 8.387584e-04
22.500000 7.270423e-04
22.750000 6.037659e-04
23.000000 4.901305e-04
23.250000 3.975483e-04
23.500000 3.240598e-04
23.750000 2.668310e-04
24.000000 2.418030e-04
24.250000 2.717126e-04
24.500000 3.398539e-04
24.750000 4.073874e-04
25.000000 4.469655e-04
25.250000 4.486086e-04
25.500000 4.220818e-04
25.750000 3.997830e-04
26.000000 4.235018e-04
26.250000 5.013966e-04
26.500000 6.006047e-04
26.750000 6.849145e-04
27.000000 7.319637e-04
27.250000 7.334531e-04
27.500000 6.923028e-04
27.750000 6.188487e-04
28.000000 5.262754e-04
28.250000 4.264437e-04
28.500000 3.285116e-04
28.750000 2.435485e-04
29.000000 1.958720e-04
29.250000 2.115363e-04
29.500000 2.662301e-04
29.750000 3.162108e-04
30.000000 3.350998e-04
30.250000 3.126456e-04
30.500000 2.584371e-04
30.750000 2.220093e-04
31.000000 2.809944e-04
31.250000 4.135353e-04
31.500000 5.543613e-04
31.750000 6.635671e-04
32.000000 7.181262e-04
32.250000 7.080821e-04
32.500000 6.368376e-04
32.750000 5.222664e-04
33.000000 3.999254e-04
33.250000 3.271183e-04
33.500000 3.445402e-04
33.750000 4.088848e-04
34.000000 4.599930e-04
34.250000 4.707026e-04
34.500000 4.367832e-04
34.750000 3.671240e-04
35.000000 2.781080e-04
35.250000 1.894330e-04
35.500000 1.206825e-04
35.750000 8.439315e-05
36.000000 6.918482e-05
36.250000 5.097932e-05
36.500000 2.235869e-05
36.750000 1.922963e-05
37.000000 5.423029e-05
37.250000 8.613770e-05
37.500000 1.156223e-04
37.750000 1.486214e-04
38.000000 1.881358e-04
38.250000 2.291982e-04
38.500000 2.612909e-04
38.750000 2.734917e-04
39.000000 2.584890e-04
39.250000 2.151100e-04
39.500000 1.501206e-04
39.750000 8.407156e-05
40.000000 7.660564e-05
40.250000 1.235589e-04
40.500000 1.570216e-04
40.750000 1.575277e-04
41.000000 1.267116e-04
41.250000 9.990772e-05
41.500000 1.510432e-04
41.750000 2.533819e-04
42.000000 3.590831e-04
42.250000 4.443570e-04
42.500000 4.951903e-04
42.750000 5.053397e-04
43.000000 4.762534e-04
43.250000 4.161501e-04
43.500000 3.378438e-04
43.750000 2.555029e-04
44.000000 1.810898e-04
44.250000 1.230651e-04
44.500000 9.409078e-05
44.750000 1.136432e-04
45.000000 1.685652e-04
45.250000 2.329096e-04
45.500000 2.887279e-04
45.750000 3.220383e-04
46.000000 3.229605e-04
46.250000 2.874279e-04
46.500000 2.185411e-04
46.750000 1.288561e-04
47.000000 6.799072e-05
47.250000 1.309150e-04
47.500000 2.155140e-04
47.750000 2.766869e-04
48.000000 3.039679e-04
48.250000 2.961541e-04
48.500000 2.590395e-04
48.750000 2.045514e-04
49.000000 1.508026e-04
49.250000 1.218136e-04
49.500000 1.285618e-04
49.750000 1.501540e-04
50.000000 1.671020e-04
