-50.000000 2.861256e-03
-49.750000 2.818747e-03
-49.500000 2.774409e-03
-49.250000 2.728275e-03
-49.000000 2.680381e-03
-48.750000 2.630766e-03
-48.500000 2.579472e-03
-48.250000 2.526547e-03
-48.000000 2.472040e-03
-47.750000 2.416008e-03
-47.500000 2.358511e-03
-47.250000 2.299615e-03
-47.000000 2.239395e-03
-46.750000 2.177929e-03
-46.500000 2.115309e-03
-46.250000 2.051633e-03
-46.000000 1.987012e-03
-45.750000 1.921571e-03
-45.500000 1.855449e-03
-45.250000 1.788805e-03
-45.000000 1.721822e-03
-44.750000 1.654706e-03
-44.500000 1.587699e-03
-44.250000 1.521077e-03
-44.000000 1.455165e-03
-43.750000 1.390341e-03
-43.500000 1.327051e-03
-43.250000 1.265812e-03
-43.000000 1.207233e-03
-42.750000 1.152017e-03
-42.500000 1.100971e-03
-42.250000 1.055001e-03
-42.000000 1.015095e-03
-41.750000 9.822840e-04
-41.500000 9.575789e-04
-41.250000 9.418864e-04
-41.000000 9.359107e-04
-40.750000 9.400669e-04
-40.500000 9.544285e-04
-40.250000 9.787267e-04
-40.000000 1.012400e-03
-39.750000 1.054680e-03
-39.500000 1.104680e-03
-39.250000 1.161483e-03
-39.000000 1.224198e-03
-38.750000 1.292002e-03
-38.500000 1.364154e-03
-38.250000 1.440000e-03
-38.000000 1.518973e-03
-37.750000 1.600582e-03
-37.500000 1.684403e-03
-37.250000 1.770070e-03
-37.000000 1.857266e-03
-36.750000 1.945715e-03
-36.500000 2.035176e-03
-36.250000 2.125434e-03
-36.000000 2.216300e-03
-35.750000 2.307606e-03
-35.500000 2.399197e-03
-35.250000 2.490937e-03
-35.000000 2.582697e-03
-34.750000 2.674362e-03
-34.500000 2.765825e-03
-34.250000 2.856985e-03
-34.000000 2.947749e-03
-33.750000 3.038030e-03
-33.500000 3.127746e-03
-33.250000 3.216819e-03
-33.000000 3.305176e-03
-32.750000 3.392747e-03
-32.500000 3.479467e-03
-32.250000 3.565273e-03
-32.000000 3.650104e-03
-31.750000 3.733906e-03
-31.500000 3.816622e-03
-31.250000 3.898204e-03
-31.000000 3.978601e-03
-30.750000 4.057767e-03
-30.500000 4.135661e-03
-30.250000 4.212239e-03
-30.000000 4.287465e-03
-29.750000 4.361302e-03
-29.500000 4.433716e-03
-29.250000 4.504678e-03
-29.000000 4.574157e-03
-28.750000 4.642129e-03
-28.500000 4.708571e-03
-28.250000 4.773462e-03
-28.000000 4.836784e-03
-27.750000 4.898523e-03
-27.500000 4.958666e-03
-27.250000 5.017205e-03
-27.000000 5.074133e-03
-26.750000 5.129448e-03
-26.500000 5.183149e-03
-26.250000 5.235240e-03
-26.000000 5.285727e-03
-25.750000 5.334621e-03
-25.500000 5.381935e-03
-25.250000 5.427685e-03
-25.000000 5.471894e-03
-24.750000 5.514584e-03
-24.500000 5.555784e-03
-24.250000 5.595525e-03
-24.000000 5.633845e-03
-23.750000 5.670782e-03
-23.500000 5.706381e-03
-23.250000 5.740690e-03
-23.000000 5.773760e-03
-22.750000 5.805650e-03
-22.500000 5.836418e-03
-22.250000 5.866132e-03
-22.000000 5.894860e-03
-21.750000 5.922676e-03
-21.500000 5.949660e-03
-21.250000 5.975892e-03
-21.000000 6.001462e-03
-20.750000 6.026460e-03
-20.500000 6.050981e-03
-20.250000 6.075126e-03
-20.000000 6.098999e-03
-19.750000 6.122706e-03
-19.500000 6.146361e-03
-19.250000 6.170077e-03
-19.000000 6.193974e-03
-18.750000 6.218171e-03
-18.500000 6.242795e-03
-18.250000 6.267971e-03
-18.000000 6.293828e-03
-17.750000 6.320496e-03
-17.500000 6.348107e-03
-17.250000 6.376794e-03
-17.000000 6.406689e-03
-16.750000 6.437926e-03
-16.500000 6.470635e-03
-16.250000 6.504949e-03
-16.000000 6.540995e-03
-15.750000 6.578901e-03
-15.500000 6.618790e-03
-15.250000 6.660781e-03
-15.000000 6.704992e-03
-14.750000 6.751532e-03
-14.500000 6.800509e-03
-14.250000 6.852021e-03
-14.000000 6.906163e-03
-13.750000 6.963022e-03
-13.500000 7.022678e-03
-13.250000 7.085204e-03
-13.000000 7.150664e-03
-12.750000 7.219115e-03
-12.500000 7.290606e-03
-12.250000 7.365177e-03
-12.000000 7.442859e-03
-11.750000 7.523675e-03
-11.500000 7.607641e-03
-11.250000 7.694762e-03
-11.000000 7.785036e-03
-10.750000 7.878455e-03
-10.500000 7.974998e-03
-10.250000 8.074642e-03
-10.000000 8.177354e-03
-9.750000 8.283092e-03
-9.500000 8.391812e-03
-9.250000 8.503459e-03
-9.000000 8.617976e-03
-8.750000 8.735297e-03
-8.500000 8.855352e-03
-8.250000 8.978067e-03
-8.000000 9.103363e-03
-7.750000 9.231156e-03
-7.500000 9.361358e-03
-7.250000 9.493880e-03
-7.000000 9.628627e-03
-6.750000 9.765502e-03
-6.500000 9.904406e-03
-6.250000 1.004524e-02
-6.000000 1.018789e-02
-5.750000 1.033227e-02
-5.500000 1.047825e-02
-5.250000 1.062574e-02
-5.000000 1.077463e-02
-4.750000 1.092480e-02
-4.500000 1.107614e-02
-4.250000 1.122855e-02
-4.000000 1.138190e-02
-3.750000 1.153610e-02
-3.500000 1.169102e-02
-3.250000 1.184656e-02
-3.000000 1.200260e-02
-2.750000 1.215904e-02
-2.500000 1.231575e-02
-2.250000 1.247263e-02
-2.000000 1.262958e-02
-1.750000 1.278647e-02
-1.500000 1.294321e-02
-1.250000 1.309968e-02
-1.000000 1.325577e-02
-0.750000 1.341138e-02
-0.500000 1.356641e-02
-0.250000 1.372074e-02
0.000000 1.387428e-02
0.250000 1.402692e-02
0.500000 1.417857e-02
0.750000 1.432911e-02
1.000000 1.447845e-02
1.250000 1.462650e-02
1.500000 1.477315e-02
1.750000 1.491831e-02
2.000000 1.506189e-02
2.250000 1.520380e-02
2.500000 1.534393e-02
2.750000 1.548221e-02
3.000000 1.561855e-02
3.250000 1.575285e-02
3.500000 1.588503e-02
3.750000 1.601501e-02
4.000000 1.614270e-02
4.250000 1.626803e-02
4.500000 1.639091e-02
4.750000 1.651127e-02
5.000000 1.662903e-02
5.250000 1.674412e-02
5.500000 1.685646e-02
5.750000 1.696598e-02
6.000000 1.707262e-02
6.250000 1.717631e-02
6.500000 1.727697e-02
6.750000 1.737456e-02
7.000000 1.746900e-02
7.250000 1.756024e-02
7.500000 1.764821e-02
7.750000 1.773286e-02
8.000000 1.781414e-02
8.250000 1.789200e-02
8.500000 1.796638e-02
8.750000 1.803723e-02
9.000000 1.810452e-02
9.250000 1.816818e-02
9.500000 1.822819e-02
9.750000 1.828450e-02
10.000000 1.833707e-02
10.250000 1.838587e-02
10.500000 1.843086e-02
10.750000 1.847201e-02
11.000000 1.850929e-02
11.250000 1.854267e-02
11.500000 1.857212e-02
11.750000 1.859762e-02
12.000000 1.861915e-02
12.250000 1.863669e-02
12.500000 1.865022e-02
12.750000 1.865972e-02
13.000000 1.866518e-02
13.250000 1.866660e-02
13.500000 1.866395e-02
13.750000 1.865724e-02
14.000000 1.864645e-02
14.250000 1.863159e-02
14.500000 1.861266e-02
14.750000 1.858964e-02
15.000000 1.856256e-02
15.250000 1.853141e-02
15.500000 1.849620e-02
15.750000 1.845694e-02
16.000000 1.841365e-02
16.250000 1.836632e-02
16.500000 1.831499e-02
16.750000 1.825967e-02
17.000000 1.820038e-02
17.250000 1.813713e-02
17.500000 1.806996e-02
17.750000 1.799889e-02
18.000000 1.792394e-02
18.250000 1.784515e-02
18.500000 1.776255e-02
18.750000 1.767617e-02
19.000000 1.758604e-02
19.250000 1.749221e-02
19.500000 1.739471e-02
19.750000 1.729358e-02
20.000000 1.718886e-02
20.250000 1.708061e-02
20.500000 1.696886e-02
20.750000 1.685366e-02
21.000000 1.673506e-02
21.250000 1.661312e-02
21.500000 1.648788e-02
21.750000 1.635940e-02
22.000000 1.622774e-02
22.250000 1.609295e-02
22.500000 1.595509e-02
22.750000 1.581422e-02
23.000000 1.567041e-02
23.250000 1.552372e-02
23.500000 1.537421e-02
23.750000 1.522194e-02
24.000000 1.506700e-02
24.250000 1.490943e-02
24.500000 1.474932e-02
24.750000 1.458674e-02
25.000000 1.442175e-02
25.250000 1.425444e-02
25.500000 1.408487e-02
25.750000 1.391312e-02
26.000000 1.373927e-02
26.250000 1.356340e-02
26.500000 1.338558e-02
26.750000 1.320590e-02
27.000000 1.302443e-02
27.250000 1.284126e-02
27.500000 1.265647e-02
27.750000 1.247014e-02
28.000000 1.228237e-02
28.250000 1.209322e-02
28.500000 1.190279e-02
28.750000 1.171117e-02
29.000000 1.151844e-02
29.250000 1.132469e-02
29.500000 1.113001e-02
29.750000 1.093448e-02
30.000000 1.073821e-02
30.250000 1.054127e-02
30.500000 1.034376e-02
30.750000 1.014577e-02
31.000000 9.947393e-03
31.250000 9.748722e-03
31.500000 9.549851e-03
31.750000 9.350872e-03
32.000000 9.151882e-03
32.250000 8.952974e-03
32.500000 8.754245e-03
32.750000 8.555792e-03
33.000000 8.357712e-03
33.250000 8.160103e-03
33.500000 7.963064e-03
33.750000 7.766696e-03
34.000000 7.571099e-03
34.250000 7.376375e-03
34.500000 7.182628e-03
34.750000 6.989962e-03
35.000000 6.798485e-03
35.250000 6.608304e-03
35.500000 6.419530e-03
35.750000 6.232274e-03
36.000000 6.046652e-03
36.250000 5.862781e-03
36.500000 5.680783e-03
36.750000 5.500782e-03
37.000000 5.322907e-03
37.250000 5.147290e-03
37.500000 4.974070e-03
37.750000 4.803392e-03
38.000000 4.635407e-03
38.250000 4.470273e-03
38.500000 4.308156e-03
38.750000 4.149232e-03
39.000000 3.993689e-03
39.250000 3.841724e-03
39.500000 3.693547e-03
39.750000 3.549382e-03
40.000000 3.409470e-03
40.250000 3.274064e-03
40.500000 3.143436e-03
40.750000 3.017876e-03
41.000000 2.897687e-03
41.250000 2.783190e-03
41.500000 2.674719e-03
41.750000 2.572616e-03
42.000000 2.477228e-03
42.250000 2.388898e-03
42.500000 2.307955e-03
42.750000 2.234701e-03
43.000000 2.169397e-03
43.250000 2.112250e-03
43.500000 2.063393e-03
43.750000 2.022871e-03
44.000000 1.990634e-03
44.250000 1.966525e-03
44.500000 1.950281e-03
44.750000 1.941538e-03
45.000000 1.939842e-03
45.250000 1.944666e-03
45.500000 1.955425e-03
45.750000 1.971503e-03
46.000000 1.992262e-03
46.250000 2.017071e-03
46.500000 2.045308e-03
46.750000 2.076383e-03
47.000000 2.109735e-03
47.250000 2.144845e-03
47.500000 2.181233e-03
47.750000 2.218461e-03
48.000000 2.256134e-03
48.250000 2.293892e-03
48.500000 2.331417e-03
48.750000 2.368420e-03
49.000000 2.404647e-03
49.250000 2.439869e-03
49.500000 2.473887e-03
49.750000 2.506522e-03
50.000000 2.537617e-03
