-50.000000 1.102063e-04
-49.750000 1.588772e-04
-49.500000 2.194725e-04
-49.250000 2.785780e-04
-49.000000 3.279149e-04
-48.750000 3.625062e-04
-48.500000 3.799947e-04
-48.250000 3.800961e-04
-48.000000 3.639178e-04
-47.750000 3.332858e-04
-47.500000 2.903530e-04
-47.250000 2.377014e-04
-47.000000 1.790146e-04
-46.750000 1.205666e-04
-46.500000 7.539800e-05
-46.250000 6.619021e-05
-46.000000 8.254606e-05
-45.750000 9.071751e-05
-45.500000 7.691485e-05
-45.250000 4.368875e-05
-45.000000 5.954535e-05
-44.750000 1.441832e-04
-44.500000 2.469737e-04
-44.250000 3.515191e-04
-44.000000 4.444115e-04
-43.750000 5.136611e-04
-43.500000 5.500307e-04
-43.250000 5.483674e-04
-43.000000 5.084618e-04
-42.750000 4.353000e-04
-42.500000 3.388465e-04
-42.250000 2.342301e-04
-42.000000 1.462312e-04
-41.750000 1.201394e-04
-41.500000 1.575122e-04
-41.250000 2.004183e-04
-41.000000 2.264234e-04
-40.750000 2.349877e-04
-40.500000 2.337448e-04
-40.250000 2.324987e-04
-40.000000 2.371927e-04
-39.750000 2.464465e-04
-39.500000 2.544605e-04
-39.250000 2.565098e-04
-39.000000 2.518830e-04
-38.750000 2.436244e-04
-38.500000 2.360672e-04
-38.250000 2.316008e-04
-38.000000 2.293738e-04
-37.750000 2.276382e-04
-37.500000 2.276394e-04
-37.250000 2.350573e-04
-37.000000 2.560115e-04
-36.750000 2.901850e-04
-36.500000 3.294849e-04
-36.250000 3.628213e-04
-36.000000 3.806492e-04
-35.750000 3.772487e-04
-35.500000 3.515919e-04
-35.250000 3.073583e-04
-35.000000 2.522655e-04
-34.750000 1.968400e-04
-34.500000 1.525872e-04
-34.250000 1.286694e-04
-34.000000 1.274204e-04
-33.750000 1.461135e-04
-33.500000 1.824722e-04
-33.250000 2.324009e-04
-33.000000 2.875097e-04
-32.750000 3.372531e-04
-32.500000 3.724535e-04
-32.250000 3.887321e-04
-32.000000 3.897665e-04
-31.750000 3.893450e-04
-31.500000 4.075756e-04
-31.250000 4.566095e-04
-31.000000 5.292084e-04
-30.750000 6.059115e-04
-30.500000 6.675139e-04
-30.250000 7.012142e-04
-30.000000 7.025473e-04
-29.750000 6.756130e-04
-29.500000 6.317871e-04
-29.250000 5.860467e-04
-29.000000 5.503436e-04
-28.750000 5.268992e-04
-28.500000 5.081928e-04
-28.250000 4.851503e-04
-28.000000 4.561771e-04
-27.750000 4.304604e-04
-27.500000 4.218807e-04
-27.250000 4.337717e-04
-27.000000 4.500715e-04
-26.750000 4.447706e-04
-26.500000 3.953612e-04
-26.250000 2.904897e-04
-26.000000 1.443432e-04
-25.750000 1.649975e-04
-25.500000 4.015276e-04
-25.250000 6.667611e-04
-25.000000 9.177829e-04
-24.750000 1.125325e-03
-24.500000 1.266683e-03
-24.250000 1.327979e-03
-24.000000 1.306368e-03
-23.750000 1.211240e-03
-23.500000 1.064416e-03
-23.250000 8.996240e-04
-23.000000 7.599256e-04
-22.750000 6.851930e-04
-22.500000 6.836473e-04
-22.250000 7.238716e-04
-22.000000 7.690326e-04
-21.750000 8.008307e-04
-21.500000 8.177095e-04
-21.250000 8.248765e-04
-21.000000 8.250763e-04
-20.750000 8.144901e-04
-20.500000 7.857838e-04
-20.250000 7.362293e-04
-20.000000 6.774658e-04
-19.750000 6.427706e-04
-19.500000 6.761708e-04
-19.250000 7.915266e-04
-19.000000 9.579388e-04
-18.750000 1.132230e-03
-18.500000 1.280185e-03
-18.250000 1.379735e-03
-18.000000 1.420124e-03
-17.750000 1.400719e-03
-17.500000 1.329353e-03
-17.250000 1.219953e-03
-17.000000 1.089639e-03
-16.750000 9.556823e-04
-16.500000 8.329294e-04
-16.250000 7.321929e-04
-16.000000 6.596593e-04
-15.750000 6.166468e-04
-15.500000 5.991829e-04
-15.250000 5.983501e-04
-15.000000 6.026845e-04
-14.750000 6.019411e-04
-14.500000 5.904725e-04
-14.250000 5.692034e-04
-14.000000 5.456088e-04
-13.750000 5.307520e-04
-13.500000 5.333442e-04
-13.250000 5.550735e-04
-13.000000 5.932510e-04
-12.750000 6.487281e-04
-12.500000 7.301749e-04
-12.250000 8.492418e-04
-12.000000 1.010269e-03
-11.750000 1.204466e-03
-11.500000 1.412233e-03
-11.250000 1.608885e-03
-11.000000 1.769817e-03
-10.750000 1.874356e-03
-10.500000 1.908509e-03
-10.250000 1.866725e-03
-10.000000 1.752715e-03
-9.750000 1.579632e-03
-9.500000 1.370380e-03
-9.250000 1.159562e-03
-9.000000 9.974545e-04
-8.750000 9.446063e-04
-8.500000 1.032006e-03
-8.250000 1.230253e-03
-8.000000 1.487715e-03
-7.750000 1.763374e-03
-7.500000 2.026076e-03
-7.250000 2.247729e-03
-7.000000 2.400316e-03
-6.750000 2.456222e-03
-6.500000 2.390426e-03
-6.250000 2.183716e-03
-6.000000 1.827467e-03
-5.750000 1.335704e-03
-5.500000 8.127705e-04
-5.250000 8.138047e-04
-5.000000 1.580730e-03
-4.750000 2.596750e-03
-4.500000 3.697668e-03
-4.250000 4.810118e-03
-4.000000 5.872940e-03
-3.750000 6.828182e-03
-3.500000 7.622289e-03
-3.250000 8.210071e-03
-3.000000 8.560167e-03
-2.750000 8.661780e-03
-2.500000 8.532795e-03
-2.250000 8.229040e-03
-2.000000 7.852496e-03
-1.750000 7.549570e-03
-1.500000 7.479747e-03
-1.250000 7.743593e-03
-1.000000 8.316688e-03
-0.750000 9.060359e-03
-0.500000 9.790100e-03
-0.250000 1.033325e-02
0.000000 1.055673e-02
0.250000 1.037911e-02
0.500000 9.778885e-03
0.750000 8.804488e-03
1.000000 7.590193e-03
1.250000 6.382121e-03
1.500000 5.547773e-03
1.750000 5.417766e-03
2.000000 5.925623e-03
2.250000 6.645196e-03
2.500000 7.169070e-03
2.750000 7.242192e-03
3.000000 6.739260e-03
3.250000 5.635985e-03
3.500000 3.992584e-03
3.750000 1.949999e-03
4.000000 6.191412e-04
4.250000 2.807092e-03
4.500000 4.965759e-03
4.750000 6.761539e-03
5.000000 8.028480e-03
5.250000 8.664237e-03
5.500000 8.639298e-03
5.750000 8.005487e-03
6.000000 6.904114e-03
6.250000 5.584526e-03
6.500000 4.447715e-03
6.750000 4.010423e-03
7.000000 4.416792e-03
7.250000 5.182618e-03
7.500000 5.821360e-03
7.750000 6.090444e-03
8.000000 5.917319e-03
8.250000 5.342419e-03
8.500000 4.497995e-03
8.750000 3.611435e-03
9.000000 3.011837e-03
9.250000 2.972423e-03
9.500000 3.362234e-03
9.750000 3.815977e-03
10.000000 4.088181e-03
10.250000 4.078186e-03
10.500000 3.774973e-03
10.750000 3.221720e-03
11.000000 2.493124e-03
11.250000 1.678819e-03
11.500000 8.784103e-04
11.750000 3.438706e-04
12.000000 7.168519e-04
12.250000 1.210148e-03
12.500000 1.588071e-03
12.750000 1.837444e-03
13.000000 1.963792e-03
13.250000 1.974265e-03
13.500000 1.875694e-03
13.750000 1.679196e-03
14.000000 1.409284e-03
14.250000 1.118466e-03
14.500000 9.089800e-04
14.750000 9.044745e-04
15.000000 1.084001e-03
15.250000 1.305008e-03
15.500000 1.465151e-03
15.750000 1.516683e-03
16.000000 1.447068e-03
16.250000 1.269734e-03
16.500000 1.019971e-03
16.750000 7.548844e-04
17.000000 5.595221e-04
17.250000 5.176191e-04
17.500000 5.861622e-04
17.750000 6.516613e-04
18.000000 6.596600e-04
18.250000 6.071970e-04
18.500000 5.243715e-04
18.750000 4.661038e-04
19.000000 4.789738e-04
19.250000 5.447974e-04
19.500000 6.072044e-04
19.750000 6.258824e-04
20.000000 5.864801e-04
20.250000 5.017291e-04
20.500000 4.272175e-04
20.750000 4.680296e-04
21.000000 6.535831e-04
21.250000 9.108101e-04
21.500000 1.180422e-03
21.750000 1.426186e-03
22.000000 1.622898e-03
22.250000 1.752770e-03
22.500000 1.805681e-03
22.750000 1.780931e-03
23.000000 1.689558e-03
23.250000 1.556408e-03
23.500000 1.419995e-03
23.750000 1.324718e-03
24.000000 1.299165e-03
24.250000 1.333249e-03
24.500000 1.384292e-03
24.750000 1.405165e-03
25.000000 1.363379e-03
25.250000 1.245917e-03
25.500000 1.057854e-03
25.750000 8.195026e-04
26.000000 5.648205e-04
26.250000 3.491353e-04
26.500000 2.736815e-04
26.750000 3.505118e-04
27.000000 4.443780e-04
27.250000 5.029323e-04
27.500000 5.307181e-04
27.750000 5.519360e-04
28.000000 5.884775e-04
28.250000 6.415882e-04
28.500000 6.927382e-04
28.750000 7.196850e-04
29.000000 7.094370e-04
29.250000 6.640917e-04
29.500000 6.028101e-04
29.750000 5.585776e-04
30.000000 5.597705e-04
30.250000 6.020038e-04
30.500000 6.516934e-04
30.750000 6.746260e-04
31.000000 6.502638e-04
31.250000 5.727469e-04
31.500000 4.486778e-04
31.750000 2.950186e-04
32.000000 1.434144e-04
32.250000 1.094510e-04
32.500000 2.105770e-04
32.750000 2.930881e-04
33.000000 3.287005e-04
33.250000 3.144304e-04
33.500000 2.566209e-04
33.750000 1.676003e-04
34.000000 6.290234e-05
34.250000 4.160060e-05
34.500000 1.322067e-04
34.750000 1.994691e-04
35.000000 2.391376e-04
35.250000 2.521922e-04
35.500000 2.439017e-04
35.750000 2.222896e-04
36.000000 1.965794e-04
36.250000 1.761183e-04
36.500000 1.690759e-04
36.750000 1.789387e-04
37.000000 2.013767e-04
37.250000 2.266320e-04
37.500000 2.437681e-04
37.750000 2.430643e-04
38.000000 2.174879e-04
38.250000 1.639304e-04
38.500000 8.404050e-05
38.750000 1.723614e-05
39.000000 1.260473e-04
39.250000 2.325519e-04
39.500000 3.227401e-04
39.750000 3.852403e-04
40.000000 4.127016e-04
40.250000 4.034900e-04
40.500000 3.629330e-04
40.750000 3.043789e-04
41.000000 2.500399e-04
41.250000 2.255170e-04
41.500000 2.355120e-04
41.750000 2.548103e-04
42.000000 2.573426e-04
42.250000 2.300156e-04
42.500000 1.705456e-04
42.750000 8.419555e-05
43.000000 1.900983e-05
43.250000 1.258301e-04
43.500000 2.236982e-04
43.750000 3.015021e-04
44.000000 3.518181e-04
44.250000 3.717480e-04
44.500000 3.630186e-04
44.750000 3.312676e-04
45.000000 2.846563e-04
45.250000 2.320658e-04
45.500000 1.812740e-04
45.750000 1.377586e-04
46.000000 1.050745e-04
46.250000 8.691997e-05
46.500000 8.634367e-05
46.750000 9.928173e-05
47.000000 1.169239e-04
47.250000 1.337733e-04
47.500000 1.501791e-04
47.750000 1.714686e-04
48.000000 2.034233e-04
48.250000 2.462759e-04
48.500000 2.936229e-04
48.750000 3.358840e-04
49.000000 3.638081e-04
49.250000 3.708004e-04
49.500000 3.545686e-04
49.750000 3.185385e-04
50.000000 2.734617e-04
