-50.000000 9.481835e-04
-49.750000 8.449094e-04
-49.500000 7.185916e-04
-49.250000 5.824847e-04
-49.000000 4.565635e-04
-48.750000 3.710180e-04
-48.500000 3.555793e-04
-48.250000 4.015631e-04
-48.000000 4.687365e-04
-47.750000 5.261160e-04
-47.500000 5.581192e-04
-47.250000 5.588029e-04
-47.000000 5.290729e-04
-46.750000 4.768506e-04
-46.500000 4.198497e-04
-46.250000 3.888979e-04
-46.000000 4.165689e-04
-45.750000 5.052061e-04
-45.500000 6.290563e-04
-45.250000 7.622163e-04
-45.000000 8.866470e-04
-44.750000 9.901433e-04
-44.500000 1.064467e-03
-44.250000 1.104490e-03
-44.000000 1.107793e-03
-43.750000 1.074373e-03
-43.500000 1.006315e-03
-43.250000 9.073924e-04
-43.000000 7.825917e-04
-42.750000 6.376184e-04
-42.500000 4.785406e-04
-42.250000 3.121752e-04
-42.000000 1.526400e-04
-41.750000 1.113511e-04
-41.500000 2.580407e-04
-41.250000 4.302056e-04
-41.000000 6.042818e-04
-40.750000 7.757478e-04
-40.500000 9.414419e-04
-40.250000 1.097662e-03
-40.000000 1.239828e-03
-39.750000 1.362623e-03
-39.500000 1.460378e-03
-39.250000 1.527585e-03
-39.000000 1.559448e-03
-38.750000 1.552395e-03
-38.500000 1.504489e-03
-38.250000 1.415718e-03
-38.000000 1.288127e-03
-37.750000 1.125818e-03
-37.500000 9.348698e-04
-37.250000 7.233763e-04
-37.000000 5.024689e-04
-36.750000 2.938492e-04
-36.500000 1.865308e-04
-36.250000 3.054337e-04
-36.000000 4.958680e-04
-35.750000 6.854588e-04
-35.500000 8.606632e-04
-35.250000 1.018122e-03
-35.000000 1.157722e-03
-34.750000 1.280736e-03
-34.500000 1.388761e-03
-34.250000 1.482920e-03
-34.000000 1.563331e-03
-33.750000 1.628933e-03
-33.500000 1.677660e-03
-33.250000 1.706894e-03
-33.000000 1.714050e-03
-32.750000 1.697121e-03
-32.500000 1.655087e-03
-32.250000 1.588099e-03
-32.000000 1.497398e-03
-31.750000 1.385013e-03
-31.500000 1.253273e-03
-31.250000 1.104263e-03
-31.000000 9.393732e-04
-30.750000 7.591737e-04
-30.500000 5.639795e-04
-30.250000 3.567510e-04
-30.000000 1.676590e-04
-29.750000 2.213889e-04
-29.500000 4.685155e-04
-29.250000 7.510383e-04
-29.000000 1.045869e-03
-28.750000 1.340999e-03
-28.500000 1.624427e-03
-28.250000 1.883338e-03
-28.000000 2.104592e-03
-27.750000 2.275535e-03
-27.500000 2.384883e-03
-27.250000 2.423562e-03
-27.000000 2.385435e-03
-26.750000 2.267844e-03
-26.500000 2.071936e-03
-26.250000 1.802740e-03
-26.000000 1.469038e-03
-25.750000 1.083168e-03
-25.500000 6.617911e-04
-25.250000 2.434022e-04
-25.000000 3.054256e-04
-24.750000 7.349951e-04
-24.500000 1.161747e-03
-24.250000 1.560533e-03
-24.000000 1.922112e-03
-23.750000 2.242461e-03
-23.500000 2.521495e-03
-23.250000 2.762093e-03
-23.000000 2.968761e-03
-22.750000 3.145995e-03
-22.500000 3.296659e-03
-22.250000 3.420776e-03
-22.000000 3.515111e-03
-21.750000 3.573644e-03
-21.500000 3.588820e-03
-21.250000 3.553239e-03
-21.000000 3.461429e-03
-20.750000 3.311430e-03
-20.500000 3.105977e-03
-20.250000 2.853214e-03
-20.000000 2.566829e-03
-19.750000 2.265466e-03
-19.500000 1.971015e-03
-19.250000 1.704954e-03
-19.000000 1.481919e-03
-18.750000 1.301711e-03
-18.500000 1.145272e-03
-18.250000 9.802103e-04
-18.000000 7.726916e-04
-17.750000 4.977062e-04
-17.500000 1.553863e-04
-17.250000 3.293602e-04
-17.000000 8.454859e-04
-16.750000 1.425323e-03
-16.500000 2.038790e-03
-16.250000 2.653954e-03
-16.000000 3.235998e-03
-15.750000 3.749224e-03
-15.500000 4.159422e-03
-15.250000 4.436338e-03
-15.000000 4.556147e-03
-14.750000 4.503945e-03
-14.500000 4.276471e-03
-14.250000 3.885792e-03
-14.000000 3.366055e-03
-13.750000 2.789154e-03
-13.500000 2.300037e-03
-13.250000 2.141241e-03
-13.000000 2.470964e-03
-12.750000 3.146122e-03
-12.500000 3.945355e-03
-12.250000 4.723471e-03
-12.000000 5.390766e-03
-11.750000 5.886786e-03
-11.500000 6.170121e-03
-11.250000 6.215604e-03
-11.000000 6.014416e-03
-10.750000 5.575886e-03
-10.500000 4.931863e-03
-10.250000 4.147894e-03
-10.000000 3.353388e-03
-9.750000 2.805111e-03
-9.500000 2.856993e-03
-9.250000 3.560588e-03
-9.000000 4.617835e-03
-8.750000 5.777224e-03
-8.500000 6.898442e-03
-8.250000 7.899438e-03
-8.000000 8.728877e-03
-7.750000 9.356259e-03
-7.500000 9.768518e-03
-7.250000 9.968729e-03
-7.000000 9.975359e-03
-6.750000 9.821428e-03
-6.500000 9.553192e-03
-6.250000 9.227851e-03
-6.000000 8.909451e-03
-5.750000 8.661944e-03
-5.500000 8.539197e-03
-5.250000 8.574249e-03
-5.000000 8.772936e-03
-4.750000 9.115950e-03
-4.500000 9.567938e-03
-4.250000 1.008796e-02
-4.000000 1.063667e-02
-3.750000 1.117929e-02
-3.500000 1.168554e-02
-3.250000 1.212839e-02
-3.000000 1.248278e-02
-2.750000 1.272489e-02
-2.500000 1.283239e-02
-2.250000 1.278526e-02
-2.000000 1.256736e-02
-1.750000 1.216812e-02
-1.500000 1.158429e-02
-1.250000 1.082154e-02
-1.000000 9.895795e-03
-0.750000 8.834482e-03
-0.500000 7.678150e-03
-0.250000 6.483468e-03
0.000000 5.329598e-03
0.250000 4.329806e-03
0.500000 3.638240e-03
0.750000 3.395601e-03
1.000000 3.583752e-03
1.250000 4.011872e-03
1.500000 4.482321e-03
1.750000 4.869819e-03
2.000000 5.108133e-03
2.250000 5.167551e-03
2.500000 5.041646e-03
2.750000 4.740146e-03
3.000000 4.284562e-03
3.250000 3.704904e-03
3.500000 3.036818e-03
3.750000 2.318943e-03
4.000000 1.590600e-03
4.250000 8.908969e-04
4.500000 2.780343e-04
4.750000 3.758002e-04
5.000000 8.213021e-04
5.250000 1.171521e-03
5.500000 1.413232e-03
5.750000 1.552888e-03
6.000000 1.606705e-03
6.250000 1.598667e-03
6.500000 1.558505e-03
6.750000 1.518441e-03
7.000000 1.508129e-03
7.250000 1.549195e-03
7.500000 1.653525e-03
7.750000 1.827648e-03
8.000000 2.078834e-03
8.250000 2.416761e-03
8.500000 2.850008e-03
8.750000 3.381165e-03
9.000000 4.003967e-03
9.250000 4.703134e-03
9.500000 5.455907e-03
9.750000 6.234198e-03
10.000000 7.006798e-03
10.250000 7.741467e-03
10.500000 8.406850e-03
10.750000 8.974175e-03
11.000000 9.418704e-03
11.250000 9.720883e-03
11.500000 9.867158e-03
11.750000 9.850426e-03
12.000000 9.670135e-03
12.250000 9.332025e-03
12.500000 8.847580e-03
12.750000 8.233213e-03
13.000000 7.509286e-03
13.250000 6.699012e-03
13.500000 5.827341e-03
13.750000 4.919890e-03
14.000000 4.002007e-03
14.250000 3.098063e-03
14.500000 2.231180e-03
14.750000 1.424355e-03
15.000000 7.104800e-04
15.250000 2.947752e-04
15.500000 6.519409e-04
15.750000 1.085188e-03
16.000000 1.429751e-03
16.250000 1.670026e-03
16.500000 1.804255e-03
16.750000 1.835720e-03
17.000000 1.771289e-03
17.250000 1.621046e-03
17.500000 1.398306e-03
17.750000 1.120276e-03
18.000000 8.112145e-04
18.250000 5.186642e-04
18.500000 3.867936e-04
18.750000 5.572754e-04
19.000000 8.441459e-04
19.250000 1.129754e-03
19.500000 1.378042e-03
19.750000 1.572947e-03
20.000000 1.706253e-03
20.250000 1.775085e-03
20.500000 1.781272e-03
20.750000 1.731128e-03
21.000000 1.635375e-03
21.250000 1.509162e-03
21.500000 1.372121e-03
21.750000 1.247924e-03
22.000000 1.161624e-03
22.250000 1.132464e-03
22.500000 1.164609e-03
22.750000 1.245615e-03
23.000000 1.355404e-03
23.250000 1.475651e-03
23.500000 1.593287e-03
23.750000 1.699961e-03
24.000000 1.790294e-03
24.250000 1.860221e-03
24.500000 1.905833e-03
24.750000 1.922790e-03
25.000000 1.906310e-03
25.250000 1.851583e-03
25.500000 1.754484e-03
25.750000 1.612378e-03
26.000000 1.424926e-03
26.250000 1.194856e-03
26.500000 9.290144e-04
26.750000 6.414605e-04
27.000000 3.712832e-04
27.250000 2.897987e-04
27.500000 5.082978e-04
27.750000 7.949435e-04
28.000000 1.068211e-03
28.250000 1.303015e-03
28.500000 1.485137e-03
28.750000 1.605332e-03
29.000000 1.658520e-03
29.250000 1.643849e-03
29.500000 1.564907e-03
29.750000 1.430058e-03
30.000000 1.253136e-03
30.250000 1.055219e-03
30.500000 8.686685e-04
30.750000 7.417191e-04
31.000000 7.237122e-04
31.250000 8.149152e-04
31.500000 9.644485e-04
31.750000 1.123504e-03
32.000000 1.263156e-03
32.250000 1.368680e-03
32.500000 1.434041e-03
32.750000 1.458969e-03
33.000000 1.447238e-03
33.250000 1.405298e-03
33.500000 1.340887e-03
33.750000 1.261561e-03
34.000000 1.173254e-03
34.250000 1.079182e-03
34.500000 9.794866e-04
34.750000 8.718643e-04
35.000000 7.530514e-04
35.250000 6.208402e-04
35.500000 4.766465e-04
35.750000 3.309482e-04
36.000000 2.245335e-04
36.250000 2.501353e-04
36.500000 3.843657e-04
36.750000 5.415965e-04
37.000000 6.875451e-04
37.250000 8.060515e-04
37.500000 8.867593e-04
37.750000 9.230848e-04
38.000000 9.123042e-04
38.250000 8.563146e-04
38.500000 7.631596e-04
38.750000 6.503885e-04
39.000000 5.518880e-04
39.250000 5.205337e-04
39.500000 5.906578e-04
39.750000 7.349302e-04
40.000000 9.051065e-04
40.250000 1.066587e-03
40.500000 1.197315e-03
40.750000 1.282832e-03
41.000000 1.314043e-03
41.250000 1.286424e-03
41.500000 1.199696e-03
41.750000 1.057571e-03
42.000000 8.674190e-04
42.250000 6.398842e-04
42.500000 3.889344e-04
42.750000 1.400625e-04
43.000000 1.661320e-04
43.250000 3.970433e-04
43.500000 6.053843e-04
43.750000 7.719718e-04
44.000000 8.869697e-04
44.250000 9.445185e-04
44.500000 9.424813e-04
44.750000 8.824173e-04
45.000000 7.694162e-04
45.250000 6.117516e-04
45.500000 4.204162e-04
45.750000 2.090801e-04
46.000000 4.205184e-05
46.250000 2.330690e-04
46.500000 4.263488e-04
46.750000 5.893594e-04
47.000000 7.119502e-04
47.250000 7.874145e-04
47.500000 8.124462e-04
47.750000 7.873495e-04
48.000000 7.162280e-04
48.250000 6.073726e-04
48.500000 4.747569e-04
48.750000 3.440958e-04
49.000000 2.703294e-04
49.250000 3.128156e-04
49.500000 4.277383e-04
49.750000 5.510097e-04
50.000000 6.533525e-04
