-50.000000 5.193205e-04
-49.750000 5.030280e-04
-49.500000 4.654538e-04
-49.250000 4.079265e-04
-49.000000 3.337442e-04
-48.750000 2.482724e-04
-48.500000 1.599849e-04
-48.250000 8.874280e-05
-48.000000 9.047114e-05
-47.750000 1.471354e-04
-47.500000 2.012747e-04
-47.250000 2.380966e-04
-47.000000 2.537196e-04
-46.750000 2.486774e-04
-46.500000 2.278120e-04
-46.250000 2.019984e-04
-46.000000 1.897723e-04
-45.750000 2.086395e-04
-45.500000 2.563822e-04
-45.250000 3.169263e-04
-45.000000 3.762628e-04
-44.750000 4.255882e-04
-44.500000 4.602761e-04
-44.250000 4.792436e-04
-44.000000 4.846927e-04
-43.750000 4.817091e-04
-43.500000 4.771974e-04
-43.250000 4.777497e-04
-43.000000 4.868818e-04
-42.750000 5.034010e-04
-42.500000 5.224182e-04
-42.250000 5.382689e-04
-42.000000 5.475164e-04
-41.750000 5.511043e-04
-41.500000 5.553734e-04
-41.250000 5.710429e-04
-41.000000 6.087993e-04
-40.750000 6.728812e-04
-40.500000 7.580929e-04
-40.250000 8.525059e-04
-40.000000 9.419446e-04
-39.750000 1.013055e-03
-39.500000 1.054919e-03
-39.250000 1.060014e-03
-39.000000 1.025010e-03
-38.750000 9.516501e-04
-38.500000 8.480646e-04
-38.250000 7.311524e-04
-38.000000 6.302352e-04
-37.750000 5.856101e-04
-37.500000 6.230624e-04
-37.250000 7.244107e-04
-37.000000 8.491936e-04
-36.750000 9.644582e-04
-36.500000 1.049375e-03
-36.250000 1.092121e-03
-36.000000 1.087620e-03
-35.750000 1.036357e-03
-35.500000 9.435845e-04
-35.250000 8.185281e-04
-35.000000 6.734405e-04
-34.750000 5.224865e-04
-34.500000 3.804830e-04
-34.250000 2.615505e-04
-34.000000 1.777375e-04
-33.750000 1.379961e-04
-33.500000 1.483995e-04
-33.250000 2.110808e-04
-33.000000 3.220921e-04
-32.750000 4.727696e-04
-32.500000 6.508476e-04
-32.250000 8.412049e-04
-32.000000 1.026996e-03
-31.750000 1.191084e-03
-31.500000 1.317629e-03
-31.250000 1.393757e-03
-31.000000 1.411253e-03
-30.750000 1.368396e-03
-30.500000 1.272222e-03
-30.250000 1.141956e-03
-30.000000 1.014043e-03
-29.750000 9.434576e-04
-29.500000 9.799239e-04
-29.250000 1.121902e-03
-29.000000 1.320796e-03
-28.750000 1.523917e-03
-28.500000 1.692320e-03
-28.250000 1.800176e-03
-28.000000 1.832186e-03
-27.750000 1.782286e-03
-27.500000 1.653205e-03
-27.250000 1.456535e-03
-27.000000 1.213667e-03
-26.750000 9.591845e-04
-26.500000 7.492967e-04
-26.250000 6.615499e-04
-26.000000 7.233398e-04
-25.750000 8.594516e-04
-25.500000 9.887129e-04
-25.250000 1.068040e-03
-25.000000 1.080081e-03
-24.750000 1.024012e-03
-24.500000 9.133828e-04
-24.250000 7.786784e-04
-24.000000 6.727779e-04
-23.750000 6.590671e-04
-23.500000 7.508520e-04
-23.250000 8.936283e-04
-23.000000 1.027427e-03
-22.750000 1.113328e-03
-22.500000 1.129972e-03
-22.250000 1.069725e-03
-22.000000 9.384596e-04
-21.750000 7.600316e-04
-21.500000 5.924381e-04
-21.250000 5.490087e-04
-21.000000 6.907865e-04
-20.750000 9.229912e-04
-20.500000 1.151643e-03
-20.250000 1.324848e-03
-20.000000 1.411910e-03
-19.750000 1.394996e-03
-19.500000 1.267497e-03
-19.250000 1.034731e-03
-19.000000 7.185335e-04
-18.750000 3.936845e-04
-18.500000 4.087428e-04
-18.250000 7.999211e-04
-18.000000 1.236689e-03
-17.750000 1.630924e-03
-17.500000 1.940458e-03
-17.250000 2.136339e-03
-17.000000 2.201254e-03
-16.750000 2.132301e-03
-16.500000 1.946532e-03
-16.250000 1.692641e-03
-16.000000 1.473902e-03
-15.750000 1.452347e-03
-15.500000 1.720425e-03
-15.250000 2.190988e-03
-15.000000 2.730539e-03
-14.750000 3.243600e-03
-14.500000 3.666799e-03
-14.250000 3.957557e-03
-14.000000 4.089798e-03
-13.750000 4.053006e-03
-13.500000 3.852328e-03
-13.250000 3.509018e-03
-13.000000 3.061544e-03
-12.750000 2.568742e-03
-12.500000 2.116677e-03
-12.250000 1.821162e-03
-12.000000 1.780285e-03
-11.750000 1.973973e-03
-11.500000 2.290774e-03
-11.250000 2.644528e-03
-11.000000 3.008111e-03
-10.750000 3.397932e-03
-10.500000 3.851722e-03
-10.250000 4.405287e-03
-10.000000 5.073827e-03
-9.750000 5.845259e-03
-9.500000 6.685340e-03
-9.250000 7.547802e-03
-9.000000 8.383917e-03
-8.750000 9.149644e-03
-8.500000 9.810466e-03
-8.250000 1.034427e-02
-8.000000 1.074241e-02
-7.750000 1.100893e-02
-7.500000 1.115797e-02
-7.250000 1.120977e-02
-7.000000 1.118608e-02
-6.750000 1.110663e-02
-6.500000 1.098842e-02
-6.250000 1.084939e-02
-6.000000 1.071703e-02
-5.750000 1.063998e-02
-5.500000 1.069769e-02
-5.250000 1.099849e-02
-5.000000 1.165645e-02
-4.750000 1.275105e-02
-4.500000 1.429479e-02
-4.250000 1.623073e-02
-4.000000 1.845346e-02
-3.750000 2.083293e-02
-3.500000 2.323105e-02
-3.250000 2.551165e-02
-3.000000 2.754700e-02
-2.750000 2.922307e-02
-2.500000 3.044412e-02
-2.250000 3.113671e-02
-2.000000 3.125294e-02
-1.750000 3.077250e-02
-1.500000 2.970344e-02
-1.250000 2.808155e-02
-1.000000 2.596832e-02
-0.750000 2.344758e-02
-0.500000 2.062104e-02
-0.250000 1.760307e-02
0.000000 1.451516e-02
0.250000 1.148072e-02
0.500000 8.621744e-03
0.750000 6.061046e-03
1.000000 3.943054e-03
1.250000 2.510780e-03
1.500000 2.117395e-03
1.750000 2.507726e-03
2.000000 3.024052e-03
2.250000 3.443205e-03
2.500000 3.799931e-03
2.750000 4.210267e-03
3.000000 4.778731e-03
3.250000 5.538080e-03
3.500000 6.444162e-03
3.750000 7.410658e-03
4.000000 8.342658e-03
4.250000 9.154478e-03
4.500000 9.776848e-03
4.750000 1.015949e-02
5.000000 1.027183e-02
5.250000 1.010269e-02
5.500000 9.659397e-03
5.750000 8.966363e-03
6.000000 8.063437e-03
6.250000 7.004643e-03
6.500000 5.858314e-03
6.750000 4.711046e-03
7.000000 3.679796e-03
7.250000 2.930679e-03
7.500000 2.642922e-03
7.750000 2.816321e-03
8.000000 3.221781e-03
8.250000 3.638689e-03
8.500000 3.945993e-03
8.750000 4.088640e-03
9.000000 4.047095e-03
9.250000 3.822594e-03
9.500000 3.429959e-03
9.750000 2.893426e-03
10.000000 2.243702e-03
10.250000 1.515647e-03
10.500000 7.470483e-04
10.750000 9.587973e-05
11.000000 7.901675e-04
11.250000 1.478349e-03
11.500000 2.083269e-03
11.750000 2.583677e-03
12.000000 2.965877e-03
12.250000 3.223478e-03
12.500000 3.357510e-03
12.750000 3.376399e-03
13.000000 3.295766e-03
13.250000 3.138043e-03
13.500000 2.931834e-03
13.750000 2.710590e-03
14.000000 2.509620e-03
14.250000 2.359970e-03
14.500000 2.279343e-03
14.750000 2.265004e-03
15.000000 2.295663e-03
15.250000 2.341754e-03
15.500000 2.376096e-03
15.750000 2.379708e-03
16.000000 2.343360e-03
16.250000 2.267078e-03
16.500000 2.158976e-03
16.750000 2.033796e-03
17.000000 1.910839e-03
17.250000 1.810560e-03
17.500000 1.749298e-03
17.750000 1.733524e-03
18.000000 1.757323e-03
18.250000 1.805512e-03
18.500000 1.859919e-03
18.750000 1.904569e-03
19.000000 1.928103e-03
19.250000 1.924082e-03
19.500000 1.890266e-03
19.750000 1.827529e-03
20.000000 1.738745e-03
20.250000 1.627819e-03
20.500000 1.498996e-03
20.750000 1.356567e-03
21.000000 1.205072e-03
21.250000 1.050110e-03
21.500000 8.998181e-04
21.750000 7.670265e-04
22.000000 6.707747e-04
22.250000 6.317832e-04
22.500000 6.568196e-04
22.750000 7.289812e-04
23.000000 8.207307e-04
23.250000 9.084251e-04
23.500000 9.755753e-04
23.750000 1.011556e-03
24.000000 1.010305e-03
24.250000 9.696466e-04
24.500000 8.909894e-04
24.750000 7.792363e-04
25.000000 6.430381e-04
25.250000 4.961572e-04
25.500000 3.625860e-04
25.750000 2.879238e-04
26.000000 3.145140e-04
26.250000 4.052291e-04
26.500000 5.040947e-04
26.750000 5.838551e-04
27.000000 6.326279e-04
27.250000 6.452488e-04
27.500000 6.203425e-04
27.750000 5.590973e-04
28.000000 4.645225e-04
28.250000 3.410008e-04
28.500000 1.950882e-04
28.750000 6.462561e-05
29.000000 1.866017e-04
29.250000 3.823253e-04
29.500000 5.912225e-04
29.750000 8.063088e-04
30.000000 1.022289e-03
30.250000 1.233267e-03
30.500000 1.432327e-03
30.750000 1.611569e-03
31.000000 1.762444e-03
31.250000 1.876307e-03
31.500000 1.945115e-03
31.750000 1.962169e-03
32.000000 1.922823e-03
32.250000 1.825079e-03
32.500000 1.670012e-03
32.750000 1.462001e-03
33.000000 1.208776e-03
33.250000 9.214307e-04
33.500000 6.151712e-04
33.750000 3.171558e-04
34.000000 1.769095e-04
34.250000 3.856499e-04
34.500000 6.316471e-04
34.750000 8.415768e-04
35.000000 9.993987e-04
35.250000 1.097744e-03
35.500000 1.134126e-03
35.750000 1.110386e-03
36.000000 1.032563e-03
36.250000 9.109189e-04
36.500000 7.604645e-04
36.750000 6.030314e-04
37.000000 4.726233e-04
37.250000 4.167862e-04
37.500000 4.563331e-04
37.750000 5.496570e-04
38.000000 6.482893e-04
38.250000 7.260073e-04
38.500000 7.714012e-04
38.750000 7.813322e-04
39.000000 7.582556e-04
39.250000 7.092322e-04
39.500000 6.456749e-04
39.750000 5.832521e-04
40.000000 5.403831e-04
40.250000 5.322301e-04
40.500000 5.615069e-04
40.750000 6.172610e-04
41.000000 6.839172e-04
41.250000 7.487164e-04
41.500000 8.033891e-04
41.750000 8.432861e-04
42.000000 8.661784e-04
42.250000 8.712954e-04
42.500000 8.586622e-04
42.750000 8.287304e-04
43.000000 7.822942e-04
43.250000 7.206719e-04
43.500000 6.461274e-04
43.750000 5.625379e-04
44.000000 4.764085e-04
44.250000 3.983403e-04
44.500000 3.439014e-04
44.750000 3.283088e-04
45.000000 3.517542e-04
45.250000 3.967343e-04
45.500000 4.433521e-04
45.750000 4.776972e-04
46.000000 4.915217e-04
46.250000 4.806767e-04
46.500000 4.442047e-04
46.750000 3.839213e-04
47.000000 3.043490e-04
47.250000 2.135609e-04
47.500000 1.293153e-04
47.750000 1.063615e-04
48.000000 1.680970e-04
48.250000 2.457144e-04
48.500000 3.107367e-04
48.750000 3.535278e-04
49.000000 3.694958e-04
49.250000 3.569010e-04
49.500000 3.163897e-04
49.750000 2.507844e-04
50.000000 1.649706e-04
