-50.000000 7.281849e-03
-49.750000 6.931508e-03
-49.500000 6.565297e-03
-49.250000 6.184502e-03
-49.000000 5.790583e-03
-48.750000 5.385223e-03
-48.500000 4.970407e-03
-48.250000 4.548546e-03
-48.000000 4.122672e-03
-47.750000 3.696779e-03
-47.500000 3.276392e-03
-47.250000 2.869564e-03
-47.000000 2.488584e-03
-46.750000 2.152661e-03
-46.500000 1.890857e-03
-46.250000 1.740758e-03
-46.000000 1.733849e-03
-45.750000 1.872250e-03
-45.500000 2.126933e-03
-45.250000 2.460173e-03
-45.000000 2.841853e-03
-44.750000 3.251816e-03
-44.500000 3.677092e-03
-44.250000 4.109142e-03
-44.000000 4.542066e-03
-43.750000 4.971546e-03
-43.500000 5.394249e-03
-43.250000 5.807469e-03
-43.000000 6.208925e-03
-42.750000 6.596626e-03
-42.500000 6.968797e-03
-42.250000 7.323826e-03
-42.000000 7.660232e-03
-41.750000 7.976645e-03
-41.500000 8.271792e-03
-41.250000 8.544486e-03
-41.000000 8.793626e-03
-40.750000 9.018188e-03
-40.500000 9.217228e-03
-40.250000 9.389881e-03
-40.000000 9.535361e-03
-39.750000 9.652963e-03
-39.500000 9.742066e-03
-39.250000 9.802134e-03
-39.000000 9.832721e-03
-38.750000 9.833473e-03
-38.500000 9.804132e-03
-38.250000 9.744544e-03
-38.000000 9.654661e-03
-37.750000 9.534551e-03
-37.500000 9.384405e-03
-37.250000 9.204550e-03
-37.000000 8.995460e-03
-36.750000 8.757775e-03
-36.500000 8.492327e-03
-36.250000 8.200168e-03
-36.000000 7.882616e-03
-35.750000 7.541315e-03
-35.500000 7.178314e-03
-35.250000 6.796191e-03
-35.000000 6.398224e-03
-34.750000 5.988633e-03
-34.500000 5.572948e-03
-34.250000 5.158516e-03
-34.000000 4.755231e-03
-33.750000 4.376450e-03
-33.500000 4.039952e-03
-33.250000 3.768352e-03
-33.000000 3.587693e-03
-32.750000 3.522746e-03
-32.500000 3.589472e-03
-32.250000 3.789126e-03
-32.000000 4.108960e-03
-31.750000 4.528584e-03
-31.500000 5.026634e-03
-31.250000 5.584462e-03
-31.000000 6.187120e-03
-30.750000 6.822991e-03
-30.500000 7.483053e-03
-30.250000 8.160176e-03
-30.000000 8.848582e-03
-29.750000 9.543445e-03
-29.500000 1.024062e-02
-29.250000 1.093645e-02
-29.000000 1.162763e-02
-28.750000 1.231112e-02
-28.500000 1.298408e-02
-28.250000 1.364383e-02
-28.000000 1.428781e-02
-27.750000 1.491356e-02
-27.500000 1.551871e-02
-27.250000 1.610096e-02
-27.000000 1.665809e-02
-26.750000 1.718795e-02
-26.500000 1.768845e-02
-26.250000 1.815755e-02
-26.000000 1.859330e-02
-25.750000 1.899379e-02
-25.500000 1.935721e-02
-25.250000 1.968180e-02
-25.000000 1.996587e-02
-24.750000 2.020782e-02
-24.500000 2.040614e-02
-24.250000 2.055938e-02
-24.000000 2.066619e-02
-23.750000 2.072534e-02
-23.500000 2.073566e-02
-23.250000 2.069611e-02
-23.000000 2.060576e-02
-22.750000 2.046379e-02
-22.500000 2.026950e-02
-22.250000 2.002233e-02
-22.000000 1.972188e-02
-21.750000 1.936787e-02
-21.500000 1.896021e-02
-21.250000 1.849901e-02
-21.000000 1.798458e-02
-20.750000 1.741746e-02
-20.500000 1.679851e-02
-20.250000 1.612891e-02
-20.000000 1.541027e-02
-19.750000 1.464477e-02
-19.500000 1.383528e-02
-19.250000 1.298566e-02
-19.000000 1.210113e-02
-18.750000 1.118889e-02
-18.500000 1.025907e-02
-18.250000 9.326325e-03
-18.000000 8.412273e-03
-17.750000 7.549356e-03
-17.500000 6.786004e-03
-17.250000 6.191041e-03
-17.000000 5.849792e-03
-16.750000 5.840262e-03
-16.500000 6.194599e-03
-16.250000 6.883418e-03
-16.000000 7.841486e-03
-15.750000 9.001920e-03
-15.500000 1.031206e-02
-15.250000 1.173455e-02
-15.000000 1.324357e-02
-14.750000 1.482102e-02
-14.500000 1.645384e-02
-14.250000 1.813219e-02
-14.000000 1.984833e-02
-13.750000 2.159592e-02
-13.500000 2.336955e-02
-13.250000 2.516446e-02
-13.000000 2.697633e-02
-12.750000 2.880115e-02
-12.500000 3.063517e-02
-12.250000 3.247477e-02
-12.000000 3.431648e-02
-11.750000 3.615692e-02
-11.500000 3.799278e-02
-11.250000 3.982083e-02
-11.000000 4.163789e-02
-10.750000 4.344081e-02
-10.500000 4.522650e-02
-10.250000 4.699193e-02
-10.000000 4.873408e-02
-9.750000 5.045002e-02
-9.500000 5.213683e-02
-9.250000 5.379166e-02
-9.000000 5.541172e-02
-8.750000 5.699426e-02
-8.500000 5.853661e-02
-8.250000 6.003614e-02
-8.000000 6.149033e-02
-7.750000 6.289670e-02
-7.500000 6.425285e-02
-7.250000 6.555649e-02
-7.000000 6.680538e-02
-6.750000 6.799739e-02
-6.500000 6.913049e-02
-6.250000 7.020273e-02
-6.000000 7.121226e-02
-5.750000 7.215736e-02
-5.500000 7.303638e-02
-5.250000 7.384782e-02
-5.000000 7.459027e-02
-4.750000 7.526244e-02
-4.500000 7.586316e-02
-4.250000 7.639138e-02
-4.000000 7.684618e-02
-3.750000 7.722675e-02
-3.500000 7.753243e-02
-3.250000 7.776267e-02
-3.000000 7.791706e-02
-2.750000 7.799530e-02
-2.500000 7.799726e-02
-2.250000 7.792289e-02
-2.000000 7.777233e-02
-1.750000 7.754580e-02
-1.500000 7.724367e-02
-1.250000 7.686647e-02
-1.000000 7.641480e-02
-0.750000 7.588945e-02
-0.500000 7.529130e-02
-0.250000 7.462137e-02
0.000000 7.388080e-02
0.250000 7.307086e-02
0.500000 7.219293e-02
0.750000 7.124852e-02
1.000000 7.023925e-02
1.250000 6.916685e-02
1.500000 6.803318e-02
1.750000 6.684019e-02
2.000000 6.558993e-02
2.250000 6.428457e-02
2.500000 6.292637e-02
2.750000 6.151769e-02
3.000000 6.006098e-02
3.250000 5.855878e-02
3.500000 5.701372e-02
3.750000 5.542851e-02
4.000000 5.380595e-02
4.250000 5.214891e-02
4.500000 5.046034e-02
4.750000 4.874330e-02
5.000000 4.700087e-02
5.250000 4.523626e-02
5.500000 4.345275e-02
5.750000 4.165370e-02
6.000000 3.984256e-02
6.250000 3.802292e-02
6.500000 3.619845e-02
6.750000 3.437299e-02
7.000000 3.255054e-02
7.250000 3.073533e-02
7.500000 2.893182e-02
7.750000 2.714484e-02
8.000000 2.537964e-02
8.250000 2.364203e-02
8.500000 2.193858e-02
8.750000 2.027685e-02
9.000000 1.866571e-02
9.250000 1.711584e-02
9.500000 1.564026e-02
9.750000 1.425510e-02
10.000000 1.298038e-02
10.250000 1.184070e-02
10.500000 1.086516e-02
10.750000 1.008568e-02
11.000000 9.532575e-03
11.250000 9.227027e-03
11.500000 9.173212e-03
11.750000 9.354581e-03
12.000000 9.737416e-03
12.250000 1.027938e-02
12.500000 1.093798e-02
12.750000 1.167574e-02
13.000000 1.246205e-02
13.250000 1.327287e-02
13.500000 1.408971e-02
13.750000 1.489843e-02
14.000000 1.568817e-02
14.250000 1.645056e-02
14.500000 1.717912e-02
14.750000 1.786878e-02
15.000000 1.851553e-02
15.250000 1.911626e-02
15.500000 1.966850e-02
15.750000 2.017035e-02
16.000000 2.062035e-02
16.250000 2.101741e-02
16.500000 2.136078e-02
16.750000 2.164999e-02
17.000000 2.188481e-02
17.250000 2.206523e-02
17.500000 2.219145e-02
17.750000 2.226384e-02
18.000000 2.228297e-02
18.250000 2.224954e-02
18.500000 2.216441e-02
18.750000 2.202858e-02
19.000000 2.184319e-02
19.250000 2.160950e-02
19.500000 2.132890e-02
19.750000 2.100291e-02
20.000000 2.063313e-02
20.250000 2.022133e-02
20.500000 1.976934e-02
20.750000 1.927915e-02
21.000000 1.875282e-02
21.250000 1.819258e-02
21.500000 1.760073e-02
21.750000 1.697976e-02
22.000000 1.633226e-02
22.250000 1.566103e-02
22.500000 1.496902e-02
22.750000 1.425943e-02
23.000000 1.353574e-02
23.250000 1.280176e-02
23.500000 1.206173e-02
23.750000 1.132043e-02
24.000000 1.058337e-02
24.250000 9.856956e-03
24.500000 9.148816e-03
24.750000 8.468123e-03
25.000000 7.826007e-03
25.250000 7.235934e-03
25.500000 6.713887e-03
25.750000 6.277997e-03
26.000000 5.947123e-03
26.250000 5.738010e-03
26.500000 5.661387e-03
26.750000 5.718607e-03
27.000000 5.900797e-03
27.250000 6.191187e-03
27.500000 6.569153e-03
27.750000 7.013911e-03
28.000000 7.506767e-03
28.250000 8.031974e-03
28.500000 8.576720e-03
28.750000 9.130739e-03
29.000000 9.685830e-03
29.250000 1.023541e-02
29.500000 1.077414e-02
29.750000 1.129767e-02
30.000000 1.180238e-02
30.250000 1.228527e-02
30.500000 1.274381e-02
30.750000 1.317585e-02
31.000000 1.357958e-02
31.250000 1.395345e-02
31.500000 1.429615e-02
31.750000 1.460658e-02
32.000000 1.488382e-02
32.250000 1.512711e-02
32.500000 1.533587e-02
32.750000 1.550962e-02
33.000000 1.564805e-02
33.250000 1.575095e-02
33.500000 1.581824e-02
33.750000 1.584995e-02
34.000000 1.584622e-02
34.250000 1.580729e-02
34.500000 1.573348e-02
34.750000 1.562525e-02
35.000000 1.548310e-02
35.250000 1.530766e-02
35.500000 1.509962e-02
35.750000 1.485975e-02
36.000000 1.458892e-02
36.250000 1.428806e-02
36.500000 1.395816e-02
36.750000 1.360030e-02
37.000000 1.321562e-02
37.250000 1.280532e-02
37.500000 1.237066e-02
37.750000 1.191297e-02
38.000000 1.143363e-02
38.250000 1.093407e-02
38.500000 1.041580e-02
38.750000 9.880366e-03
39.000000 9.329394e-03
39.250000 8.764577e-03
39.500000 8.187695e-03
39.750000 7.600632e-03
40.000000 7.005414e-03
40.250000 6.404262e-03
40.500000 5.799685e-03
40.750000 5.194633e-03
41.000000 4.592775e-03
41.250000 3.999000e-03
41.500000 3.420391e-03
41.750000 2.868173e-03
42.000000 2.361726e-03
42.250000 1.936227e-03
42.500000 1.651793e-03
42.750000 1.580220e-03
43.000000 1.740407e-03
43.250000 2.071621e-03
43.500000 2.499235e-03
43.750000 2.974619e-03
44.000000 3.471127e-03
44.250000 3.974080e-03
44.500000 4.474850e-03
44.750000 4.967950e-03
45.000000 5.449617e-03
45.250000 5.917100e-03
45.500000 6.368270e-03
45.750000 6.801413e-03
46.000000 7.215107e-03
46.250000 7.608144e-03
46.500000 7.979484e-03
46.750000 8.328229e-03
47.000000 8.653599e-03
47.250000 8.954917e-03
47.500000 9.231608e-03
47.750000 9.483184e-03
48.000000 9.709242e-03
48.250000 9.909463e-03
48.500000 1.008361e-02
48.750000 1.023151e-02
49.000000 1.035308e-02
49.250000 1.044830e-02
49.500000 1.051724e-02
49.750000 1.056002e-02
50.000000 1.057684e-02
