-50.000000 1.505816e-02
-49.750000 1.450314e-02
-49.500000 1.392682e-02
-49.250000 1.333003e-02
-49.000000 1.271371e-02
-48.750000 1.207891e-02
-48.500000 1.142687e-02
-48.250000 1.075905e-02
-48.000000 1.007719e-02
-47.750000 9.383443e-03
-47.500000 8.680515e-03
-47.250000 7.971922e-03
-47.000000 7.262383e-03
-46.750000 6.558448e-03
-46.500000 5.869535e-03
-46.250000 5.209605e-03
-46.000000 4.599782e-03
-45.750000 4.071863e-03
-45.500000 3.670950e-03
-45.250000 3.451038e-03
-45.000000 3.455420e-03
-44.750000 3.690389e-03
-44.500000 4.122201e-03
-44.250000 4.701011e-03
-44.000000 5.382518e-03
-43.750000 6.134544e-03
-43.500000 6.935363e-03
-43.250000 7.770435e-03
-43.000000 8.629829e-03
-42.750000 9.506512e-03
-42.500000 1.039530e-02
-42.250000 1.129220e-02
-42.000000 1.219403e-02
-41.750000 1.309812e-02
-41.500000 1.400219e-02
-41.250000 1.490421e-02
-41.000000 1.580236e-02
-40.750000 1.669494e-02
-40.500000 1.758035e-02
-40.250000 1.845708e-02
-40.000000 1.932369e-02
-39.750000 2.017877e-02
-39.500000 2.102096e-02
-39.250000 2.184893e-02
-39.000000 2.266138e-02
-38.750000 2.345703e-02
-38.500000 2.423462e-02
-38.250000 2.499292e-02
-38.000000 2.573071e-02
-37.750000 2.644679e-02
-37.500000 2.713998e-02
-37.250000 2.780911e-02
-37.000000 2.845306e-02
-36.750000 2.907068e-02
-36.500000 2.966087e-02
-36.250000 3.022254e-02
-36.000000 3.075463e-02
-35.750000 3.125609e-02
-35.500000 3.172590e-02
-35.250000 3.216306e-02
-35.000000 3.256659e-02
-34.750000 3.293553e-02
-34.500000 3.326897e-02
-34.250000 3.356600e-02
-34.000000 3.382575e-02
-33.750000 3.404738e-02
-33.500000 3.423007e-02
-33.250000 3.437304e-02
-33.000000 3.447554e-02
-32.750000 3.453685e-02
-32.500000 3.455629e-02
-32.250000 3.453321e-02
-32.000000 3.446699e-02
-31.750000 3.435706e-02
-31.500000 3.420289e-02
-31.250000 3.400398e-02
-31.000000 3.375987e-02
-30.750000 3.347015e-02
-30.500000 3.313446e-02
-30.250000 3.275247e-02
-30.000000 3.232391e-02
-29.750000 3.184856e-02
-29.500000 3.132626e-02
-29.250000 3.075688e-02
-29.000000 3.014039e-02
-28.750000 2.947679e-02
-28.500000 2.876617e-02
-28.250000 2.800869e-02
-28.000000 2.720459e-02
-27.750000 2.635423e-02
-27.500000 2.545806e-02
-27.250000 2.451668e-02
-27.000000 2.353082e-02
-26.750000 2.250144e-02
-26.500000 2.142972e-02
-26.250000 2.031716e-02
-26.000000 1.916567e-02
-25.750000 1.797773e-02
-25.500000 1.675660e-02
-25.250000 1.550667e-02
-25.000000 1.423399e-02
-24.750000 1.294720e-02
-24.500000 1.165893e-02
-24.250000 1.038839e-02
-24.000000 9.165609e-03
-23.750000 8.038545e-03
-23.500000 7.082989e-03
-23.250000 6.409500e-03
-23.000000 6.146427e-03
-22.750000 6.378030e-03
-22.500000 7.085249e-03
-22.250000 8.170417e-03
-22.000000 9.526336e-03
-21.750000 1.107189e-02
-21.500000 1.275358e-02
-21.250000 1.453733e-02
-21.000000 1.640114e-02
-20.750000 1.833032e-02
-20.500000 2.031472e-02
-20.250000 2.234695e-02
-20.000000 2.442144e-02
-19.750000 2.653379e-02
-19.500000 2.868041e-02
-19.250000 3.085823e-02
-19.000000 3.306459e-02
-18.750000 3.529708e-02
-18.500000 3.755347e-02
-18.250000 3.983171e-02
-18.000000 4.212981e-02
-17.750000 4.444589e-02
-17.500000 4.677809e-02
-17.250000 4.912461e-02
-17.000000 5.148369e-02
-16.750000 5.385357e-02
-16.500000 5.623251e-02
-16.250000 5.861879e-02
-16.000000 6.101069e-02
-15.750000 6.340651e-02
-15.500000 6.580453e-02
-15.250000 6.820305e-02
-15.000000 7.060038e-02
-14.750000 7.299481e-02
-14.500000 7.538465e-02
-14.250000 7.776821e-02
-14.000000 8.014381e-02
-13.750000 8.250975e-02
-13.500000 8.486437e-02
-13.250000 8.720598e-02
-13.000000 8.953293e-02
-12.750000 9.184355e-02
-12.500000 9.413620e-02
-12.250000 9.640924e-02
-12.000000 9.866104e-02
-11.750000 1.008900e-01
-11.500000 1.030945e-01
-11.250000 1.052729e-01
-11.000000 1.074238e-01
-10.750000 1.095455e-01
-10.500000 1.116364e-01
-10.250000 1.136952e-01
-10.000000 1.157203e-01
-9.750000 1.177101e-01
-9.500000 1.196634e-01
-9.250000 1.215786e-01
-9.000000 1.234543e-01
-8.750000 1.252892e-01
-8.500000 1.270820e-01
-8.250000 1.288313e-01
-8.000000 1.305357e-01
-7.750000 1.321942e-01
-7.500000 1.338055e-01
-7.250000 1.353683e-01
-7.000000 1.368815e-01
-6.750000 1.383440e-01
-6.500000 1.397547e-01
-6.250000 1.411126e-01
-6.000000 1.424167e-01
-5.750000 1.436660e-01
-5.500000 1.448596e-01
-5.250000 1.459965e-01
-5.000000 1.470760e-01
-4.750000 1.480973e-01
-4.500000 1.490595e-01
-4.250000 1.499620e-01
-4.000000 1.508041e-01
-3.750000 1.515852e-01
-3.500000 1.523046e-01
-3.250000 1.529620e-01
-3.000000 1.535567e-01
-2.750000 1.540883e-01
-2.500000 1.545565e-01
-2.250000 1.549608e-01
-2.000000 1.553010e-01
-1.750000 1.555769e-01
-1.500000 1.557882e-01
-1.250000 1.559348e-01
-1.000000 1.560166e-01
-0.750000 1.560334e-01
-0.500000 1.559854e-01
-0.250000 1.558726e-01
0.000000 1.556950e-01
0.250000 1.554527e-01
0.500000 1.551461e-01
0.750000 1.547752e-01
1.000000 1.543404e-01
1.250000 1.538421e-01
1.500000 1.532805e-01
1.750000 1.526562e-01
2.000000 1.519696e-01
2.250000 1.512211e-01
2.500000 1.504115e-01
2.750000 1.495413e-01
3.000000 1.486111e-01
3.250000 1.476217e-01
3.500000 1.465738e-01
3.750000 1.454682e-01
4.000000 1.443057e-01
4.250000 1.430872e-01
4.500000 1.418136e-01
4.750000 1.404859e-01
5.000000 1.391050e-01
5.250000 1.376721e-01
5.500000 1.361881e-01
5.750000 1.346542e-01
6.000000 1.330716e-01
6.250000 1.314413e-01
6.500000 1.297647e-01
6.750000 1.280429e-01
7.000000 1.262773e-01
7.250000 1.244691e-01
7.500000 1.226198e-01
7.750000 1.207306e-01
8.000000 1.188030e-01
8.250000 1.168383e-01
8.500000 1.148381e-01
8.750000 1.128039e-01
9.000000 1.107370e-01
9.250000 1.086391e-01
9.500000 1.065116e-01
9.750000 1.043562e-01
10.000000 1.021744e-01
10.250000 9.996781e-02
10.500000 9.773805e-02
10.750000 9.548674e-02
11.000000 9.321554e-02
11.250000 9.092610e-02
11.500000 8.862009e-02
11.750000 8.629919e-02
12.000000 8.396511e-02
12.250000 8.161955e-02
12.500000 7.926421e-02
12.750000 7.690084e-02
13.000000 7.453116e-02
13.250000 7.215692e-02
13.500000 6.977987e-02
13.750000 6.740178e-02
14.000000 6.502443e-02
14.250000 6.264960e-02
14.500000 6.027911e-02
14.750000 5.791478e-02
15.000000 5.555845e-02
15.250000 5.321199e-02
15.500000 5.087732e-02
15.750000 4.855638e-02
16.000000 4.625118e-02
16.250000 4.396378e-02
16.500000 4.169633e-02
16.750000 3.945111e-02
17.000000 3.723052e-02
17.250000 3.503714e-02
17.500000 3.287382e-02
17.750000 3.074369e-02
18.000000 2.865032e-02
18.250000 2.659784e-02
18.500000 2.459113e-02
18.750000 2.263612e-02
19.000000 2.074015e-02
19.250000 1.891254e-02
19.500000 1.716539e-02
19.750000 1.551462e-02
20.000000 1.398142e-02
20.250000 1.259387e-02
20.500000 1.138838e-02
20.750000 1.040936e-02
21.000000 9.704788e-03
21.250000 9.315119e-03
21.500000 9.257848e-03
21.750000 9.517122e-03
22.000000 1.004772e-02
22.250000 1.079038e-02
22.500000 1.168690e-02
22.750000 1.268834e-02
23.000000 1.375683e-02
23.250000 1.486417e-02
23.500000 1.598968e-02
23.750000 1.711819e-02
24.000000 1.823848e-02
24.250000 1.934214e-02
24.500000 2.042281e-02
24.750000 2.147557e-02
25.000000 2.249660e-02
25.250000 2.348290e-02
25.500000 2.443207e-02
25.750000 2.534218e-02
26.000000 2.621171e-02
26.250000 2.703939e-02
26.500000 2.782424e-02
26.750000 2.856545e-02
27.000000 2.926239e-02
27.250000 2.991458e-02
27.500000 3.052165e-02
27.750000 3.108335e-02
28.000000 3.159952e-02
28.250000 3.207009e-02
28.500000 3.249508e-02
28.750000 3.287455e-02
29.000000 3.320867e-02
29.250000 3.349763e-02
29.500000 3.374171e-02
29.750000 3.394122e-02
30.000000 3.409654e-02
30.250000 3.420809e-02
30.500000 3.427633e-02
30.750000 3.430178e-02
31.000000 3.428500e-02
31.250000 3.422656e-02
31.500000 3.412712e-02
31.750000 3.398733e-02
32.000000 3.380791e-02
32.250000 3.358959e-02
32.500000 3.333315e-02
32.750000 3.303939e-02
33.000000 3.270915e-02
33.250000 3.234329e-02
33.500000 3.194270e-02
33.750000 3.150829e-02
34.000000 3.104102e-02
34.250000 3.054184e-02
34.500000 3.001175e-02
34.750000 2.945176e-02
35.000000 2.886290e-02
35.250000 2.824621e-02
35.500000 2.760277e-02
35.750000 2.693367e-02
36.000000 2.624000e-02
36.250000 2.552288e-02
36.500000 2.478344e-02
36.750000 2.402283e-02
37.000000 2.324220e-02
37.250000 2.244273e-02
37.500000 2.162558e-02
37.750000 2.079195e-02
38.000000 1.994305e-02
38.250000 1.908007e-02
38.500000 1.820425e-02
38.750000 1.731681e-02
39.000000 1.641901e-02
39.250000 1.551211e-02
39.500000 1.459740e-02
39.750000 1.367619e-02
40.000000 1.274985e-02
40.250000 1.181978e-02
40.500000 1.088748e-02
40.750000 9.954545e-03
41.000000 9.022781e-03
41.250000 8.094261e-03
41.500000 7.171533e-03
41.750000 6.257950e-03
42.000000 5.358329e-03
42.250000 4.480323e-03
42.500000 3.637566e-03
42.750000 2.857399e-03
43.000000 2.200345e-03
43.250000 1.795731e-03
43.500000 1.808187e-03
43.750000 2.219231e-03
44.000000 2.851929e-03
44.250000 3.582138e-03
44.500000 4.353249e-03
44.750000 5.139727e-03
45.000000 5.928847e-03
45.250000 6.713521e-03
45.500000 7.489378e-03
45.750000 8.253474e-03
46.000000 9.003668e-03
46.250000 9.738309e-03
46.500000 1.045606e-02
46.750000 1.115579e-02
47.000000 1.183652e-02
47.250000 1.249739e-02
47.500000 1.313762e-02
47.750000 1.375651e-02
48.000000 1.435343e-02
48.250000 1.492778e-02
48.500000 1.547902e-02
48.750000 1.600667e-02
49.000000 1.651026e-02
49.250000 1.698940e-02
49.500000 1.744370e-02
49.750000 1.787284e-02
50.000000 1.827651e-02
