-50.000000 1.325576e-03
-49.750000 1.431163e-03
-49.500000 1.537768e-03
-49.250000 1.644918e-03
-49.000000 1.752160e-03
-48.750000 1.859059e-03
-48.500000 1.965188e-03
-48.250000 2.070130e-03
-48.000000 2.173475e-03
-47.750000 2.274818e-03
-47.500000 2.373758e-03
-47.250000 2.469898e-03
-47.000000 2.562849e-03
-46.750000 2.652223e-03
-46.500000 2.737641e-03
-46.250000 2.818730e-03
-46.000000 2.895123e-03
-45.750000 2.966462e-03
-45.500000 3.032400e-03
-45.250000 3.092597e-03
-45.000000 3.146727e-03
-44.750000 3.194476e-03
-44.500000 3.235542e-03
-44.250000 3.269640e-03
-44.000000 3.296500e-03
-43.750000 3.315869e-03
-43.500000 3.327514e-03
-43.250000 3.331221e-03
-43.000000 3.326797e-03
-42.750000 3.314074e-03
-42.500000 3.292906e-03
-42.250000 3.263176e-03
-42.000000 3.224795e-03
-41.750000 3.177706e-03
-41.500000 3.121885e-03
-41.250000 3.057347e-03
-41.000000 2.984148e-03
-40.750000 2.902393e-03
-40.500000 2.812244e-03
-40.250000 2.713925e-03
-40.000000 2.607741e-03
-39.750000 2.494093e-03
-39.500000 2.373503e-03
-39.250000 2.246655e-03
-39.000000 2.114442e-03
-38.750000 1.978048e-03
-38.500000 1.839061e-03
-38.250000 1.699643e-03
-38.000000 1.562777e-03
-37.750000 1.432602e-03
-37.500000 1.314822e-03
-37.250000 1.217015e-03
-37.000000 1.148427e-03
-36.750000 1.118554e-03
-36.500000 1.134323e-03
-36.250000 1.197366e-03
-36.000000 1.303758e-03
-35.750000 1.446349e-03
-35.500000 1.617485e-03
-35.250000 1.810540e-03
-35.000000 2.020307e-03
-34.750000 2.242831e-03
-34.500000 2.475114e-03
-34.250000 2.714836e-03
-34.000000 2.960154e-03
-33.750000 3.209556e-03
-33.500000 3.461755e-03
-33.250000 3.715630e-03
-33.000000 3.970173e-03
-32.750000 4.224461e-03
-32.500000 4.477631e-03
-32.250000 4.728868e-03
-32.000000 4.977393e-03
-31.750000 5.222453e-03
-31.500000 5.463323e-03
-31.250000 5.699294e-03
-31.000000 5.929676e-03
-30.750000 6.153798e-03
-30.500000 6.371001e-03
-30.250000 6.580644e-03
-30.000000 6.782102e-03
-29.750000 6.974764e-03
-29.500000 7.158037e-03
-29.250000 7.331346e-03
-29.000000 7.494135e-03
-28.750000 7.645864e-03
-28.500000 7.786016e-03
-28.250000 7.914096e-03
-28.000000 8.029629e-03
-27.750000 8.132165e-03
-27.500000 8.221278e-03
-27.250000 8.296569e-03
-27.000000 8.357664e-03
-26.750000 8.404218e-03
-26.500000 8.435914e-03
-26.250000 8.452466e-03
-26.000000 8.453619e-03
-25.750000 8.439148e-03
-25.500000 8.408864e-03
-25.250000 8.362610e-03
-25.000000 8.300264e-03
-24.750000 8.221741e-03
-24.500000 8.126993e-03
-24.250000 8.016010e-03
-24.000000 7.888822e-03
-23.750000 7.745500e-03
-23.500000 7.586160e-03
-23.250000 7.410961e-03
-23.000000 7.220110e-03
-22.750000 7.013867e-03
-22.500000 6.792545e-03
-22.250000 6.556521e-03
-22.000000 6.306239e-03
-21.750000 6.042224e-03
-21.500000 5.765093e-03
-21.250000 5.475579e-03
-21.000000 5.174556e-03
-20.750000 4.863085e-03
-20.500000 4.542475e-03
-20.250000 4.214377e-03
-20.000000 3.880933e-03
-19.750000 3.545005e-03
-19.500000 3.210549e-03
-19.250000 2.883204e-03
-19.000000 2.571240e-03
-18.750000 2.286928e-03
-18.500000 2.048130e-03
-18.250000 1.878733e-03
-18.000000 1.804579e-03
-17.750000 1.842656e-03
-17.500000 1.990969e-03
-17.250000 2.231025e-03
-17.000000 2.539410e-03
-16.750000 2.896087e-03
-16.500000 3.286454e-03
-16.250000 3.700441e-03
-16.000000 4.131111e-03
-15.750000 4.573568e-03
-15.500000 5.024229e-03
-15.250000 5.480363e-03
-15.000000 5.939803e-03
-14.750000 6.400764e-03
-14.500000 6.861725e-03
-14.250000 7.321359e-03
-14.000000 7.778472e-03
-13.750000 8.231981e-03
-13.500000 8.680881e-03
-13.250000 9.124235e-03
-13.000000 9.561162e-03
-12.750000 9.990825e-03
-12.500000 1.041243e-02
-12.250000 1.082523e-02
-12.000000 1.122849e-02
-11.750000 1.162155e-02
-11.500000 1.200373e-02
-11.250000 1.237442e-02
-11.000000 1.273305e-02
-10.750000 1.307904e-02
-10.500000 1.341187e-02
-10.250000 1.373107e-02
-10.000000 1.403616e-02
-9.750000 1.432672e-02
-9.500000 1.460237e-02
-9.250000 1.486275e-02
-9.000000 1.510753e-02
-8.750000 1.533644e-02
-8.500000 1.554920e-02
-8.250000 1.574562e-02
-8.000000 1.592551e-02
-7.750000 1.608872e-02
-7.500000 1.623515e-02
-7.250000 1.636472e-02
-7.000000 1.647740e-02
-6.750000 1.657318e-02
-6.500000 1.665210e-02
-6.250000 1.671423e-02
-6.000000 1.675966e-02
-5.750000 1.678855e-02
-5.500000 1.680106e-02
-5.250000 1.679739e-02
-5.000000 1.677779e-02
-4.750000 1.674252e-02
-4.500000 1.669189e-02
-4.250000 1.662622e-02
-4.000000 1.654588e-02
-3.750000 1.645126e-02
-3.500000 1.634276e-02
-3.250000 1.622083e-02
-3.000000 1.608593e-02
-2.750000 1.593856e-02
-2.500000 1.577921e-02
-2.250000 1.560842e-02
-2.000000 1.542674e-02
-1.750000 1.523473e-02
-1.500000 1.503296e-02
-1.250000 1.482204e-02
-1.000000 1.460256e-02
-0.750000 1.437514e-02
-0.500000 1.414040e-02
-0.250000 1.389897e-02
0.000000 1.365147e-02
0.250000 1.339854e-02
0.500000 1.314081e-02
0.750000 1.287891e-02
1.000000 1.261345e-02
1.250000 1.234506e-02
1.500000 1.207434e-02
1.750000 1.180188e-02
2.000000 1.152826e-02
2.250000 1.125404e-02
2.500000 1.097976e-02
2.750000 1.070594e-02
3.000000 1.043309e-02
3.250000 1.016165e-02
3.500000 9.892086e-03
3.750000 9.624795e-03
4.000000 9.360155e-03
4.250000 9.098509e-03
4.500000 8.840161e-03
4.750000 8.585379e-03
5.000000 8.334392e-03
5.250000 8.087389e-03
5.500000 7.844519e-03
5.750000 7.605890e-03
6.000000 7.371571e-03
6.250000 7.141594e-03
6.500000 6.915952e-03
6.750000 6.694601e-03
7.000000 6.477468e-03
7.250000 6.264446e-03
7.500000 6.055406e-03
7.750000 5.850195e-03
8.000000 5.648642e-03
8.250000 5.450567e-03
8.500000 5.255782e-03
8.750000 5.064100e-03
9.000000 4.875344e-03
9.250000 4.689350e-03
9.500000 4.505978e-03
9.750000 4.325123e-03
10.000000 4.146722e-03
10.250000 3.970765e-03
10.500000 3.797311e-03
10.750000 3.626500e-03
11.000000 3.458569e-03
11.250000 3.293872e-03
11.500000 3.132905e-03
11.750000 2.976328e-03
12.000000 2.824995e-03
12.250000 2.679987e-03
12.500000 2.542641e-03
12.750000 2.414574e-03
13.000000 2.297696e-03
13.250000 2.194186e-03
13.500000 2.106423e-03
13.750000 2.036852e-03
14.000000 1.987767e-03
14.250000 1.961047e-03
14.500000 1.957884e-03
14.750000 1.978580e-03
15.000000 2.022499e-03
15.250000 2.088166e-03
15.500000 2.173494e-03
15.750000 2.276047e-03
16.000000 2.393285e-03
16.250000 2.522738e-03
16.500000 2.662114e-03
16.750000 2.809343e-03
17.000000 2.962589e-03
17.250000 3.120238e-03
17.500000 3.280872e-03
17.750000 3.443243e-03
18.000000 3.606248e-03
18.250000 3.768904e-03
18.500000 3.930328e-03
18.750000 4.089725e-03
19.000000 4.246370e-03
19.250000 4.399601e-03
19.500000 4.548808e-03
19.750000 4.693427e-03
20.000000 4.832936e-03
20.250000 4.966852e-03
20.500000 5.094725e-03
20.750000 5.216136e-03
21.000000 5.330699e-03
21.250000 5.438054e-03
21.500000 5.537871e-03
21.750000 5.629846e-03
22.000000 5.713703e-03
22.250000 5.789190e-03
22.500000 5.856083e-03
22.750000 5.914183e-03
23.000000 5.963315e-03
23.250000 6.003332e-03
23.500000 6.034111e-03
23.750000 6.055553e-03
24.000000 6.067587e-03
24.250000 6.070165e-03
24.500000 6.063263e-03
24.750000 6.046883e-03
25.000000 6.021050e-03
25.250000 5.985815e-03
25.500000 5.941251e-03
25.750000 5.887455e-03
26.000000 5.824545e-03
26.250000 5.752665e-03
26.500000 5.671977e-03
26.750000 5.582668e-03
27.000000 5.484943e-03
27.250000 5.379028e-03
27.500000 5.265169e-03
27.750000 5.143630e-03
28.000000 5.014693e-03
28.250000 4.878659e-03
28.500000 4.735842e-03
28.750000 4.586575e-03
29.000000 4.431204e-03
29.250000 4.270090e-03
29.500000 4.103607e-03
29.750000 3.932142e-03
30.000000 3.756093e-03
30.250000 3.575870e-03
30.500000 3.391895e-03
30.750000 3.204599e-03
31.000000 3.014426e-03
31.250000 2.821831e-03
31.500000 2.627283e-03
31.750000 2.431267e-03
32.000000 2.234290e-03
32.250000 2.036889e-03
32.500000 1.839644e-03
32.750000 1.643206e-03
33.000000 1.448336e-03
33.250000 1.255992e-03
33.500000 1.067491e-03
33.750000 8.848630e-04
34.000000 7.116540e-04
34.250000 5.549231e-04
34.500000 4.299619e-04
34.750000 3.662195e-04
35.000000 3.899669e-04
35.250000 4.844324e-04
35.500000 6.143697e-04
35.750000 7.586694e-04
36.000000 9.077119e-04
36.250000 1.056962e-03
36.500000 1.204036e-03
36.750000 1.347535e-03
37.000000 1.486553e-03
37.250000 1.620452e-03
37.500000 1.748759e-03
37.750000 1.871103e-03
38.000000 1.987185e-03
38.250000 2.096759e-03
38.500000 2.199623e-03
38.750000 2.295610e-03
39.000000 2.384583e-03
39.250000 2.466433e-03
39.500000 2.541077e-03
39.750000 2.608453e-03
40.000000 2.668526e-03
40.250000 2.721280e-03
40.500000 2.766721e-03
40.750000 2.804873e-03
41.000000 2.835784e-03
41.250000 2.859518e-03
41.500000 2.876157e-03
41.750000 2.885805e-03
42.000000 2.888579e-03
42.250000 2.884616e-03
42.500000 2.874068e-03
42.750000 2.857104e-03
43.000000 2.833907e-03
43.250000 2.804675e-03
43.500000 2.769620e-03
43.750000 2.728970e-03
44.000000 2.682961e-03
44.250000 2.631846e-03
44.500000 2.575888e-03
44.750000 2.515360e-03
45.000000 2.450549e-03
45.250000 2.381748e-03
45.500000 2.309265e-03
45.750000 2.233416e-03
46.000000 2.154525e-03
46.250000 2.072930e-03
46.500000 1.988977e-03
46.750000 1.903026e-03
47.000000 1.815446e-03
47.250000 1.726626e-03
47.500000 1.636968e-03
47.750000 1.546899e-03
48.000000 1.456870e-03
48.250000 1.367368e-03
48.500000 1.278921e-03
48.750000 1.192112e-03
49.000000 1.107595e-03
49.250000 1.026114e-03
49.500000 9.485237e-04
49.750000 8.758153e-04
50.000000 8.091307e-04
