-50.000000 3.024033e-03
-49.750000 3.080519e-03
-49.500000 3.066116e-03
-49.250000 2.980621e-03
-49.000000 2.826632e-03
-48.750000 2.609719e-03
-48.500000 2.338732e-03
-48.250000 2.026504e-03
-48.000000 1.691628e-03
-47.750000 1.362951e-03
-47.500000 1.089511e-03
-47.250000 9.488853e-04
-47.000000 1.000662e-03
-46.750000 1.203017e-03
-46.500000 1.468279e-03
-46.250000 1.736828e-03
-46.000000 1.976254e-03
-45.750000 2.168403e-03
-45.500000 2.302890e-03
-45.250000 2.374508e-03
-45.000000 2.382215e-03
-44.750000 2.328802e-03
-44.500000 2.220888e-03
-44.250000 2.069183e-03
-44.000000 1.889058e-03
-43.750000 1.701393e-03
-43.500000 1.533096e-03
-43.250000 1.414883e-03
-43.000000 1.372155e-03
-42.750000 1.410559e-03
-42.500000 1.511111e-03
-42.250000 1.641987e-03
-42.000000 1.772426e-03
-41.750000 1.878471e-03
-41.500000 1.943199e-03
-41.250000 1.955494e-03
-41.000000 1.908951e-03
-40.750000 1.801109e-03
-40.500000 1.632938e-03
-40.250000 1.408435e-03
-40.000000 1.134307e-03
-39.750000 8.198230e-04
-39.500000 4.777655e-04
-39.250000 1.473067e-04
-39.000000 2.956990e-04
-38.750000 6.507700e-04
-38.500000 9.954706e-04
-38.250000 1.311273e-03
-38.000000 1.586599e-03
-37.750000 1.812488e-03
-37.500000 1.982515e-03
-37.250000 2.093139e-03
-37.000000 2.144148e-03
-36.750000 2.139173e-03
-36.500000 2.086300e-03
-36.250000 1.998799e-03
-36.000000 1.895781e-03
-35.750000 1.802045e-03
-35.500000 1.745297e-03
-35.250000 1.748777e-03
-35.000000 1.821409e-03
-34.750000 1.953535e-03
-34.500000 2.122423e-03
-34.250000 2.301391e-03
-34.000000 2.465821e-03
-33.750000 2.595385e-03
-33.500000 2.674357e-03
-33.250000 2.691363e-03
-33.000000 2.639089e-03
-32.750000 2.514044e-03
-32.500000 2.316359e-03
-32.250000 2.049592e-03
-32.000000 1.720513e-03
-31.750000 1.338909e-03
-31.500000 9.176994e-04
-31.250000 4.758869e-04
-31.000000 1.407011e-04
-30.750000 4.908570e-04
-30.500000 9.214443e-04
-30.250000 1.322151e-03
-30.000000 1.673120e-03
-29.750000 1.959795e-03
-29.500000 2.170367e-03
-29.250000 2.295776e-03
-29.000000 2.329968e-03
-28.750000 2.270143e-03
-28.500000 2.116901e-03
-28.250000 1.874286e-03
-28.000000 1.549706e-03
-27.750000 1.153731e-03
-27.500000 6.997953e-04
-27.250000 2.041078e-04
-27.000000 3.179760e-04
-26.750000 8.440742e-04
-26.500000 1.356510e-03
-26.250000 1.835671e-03
-26.000000 2.262957e-03
-25.750000 2.621323e-03
-25.500000 2.895937e-03
-25.250000 3.074785e-03
-25.000000 3.149186e-03
-24.750000 3.114214e-03
-24.500000 2.969006e-03
-24.250000 2.716951e-03
-24.000000 2.365809e-03
-23.750000 1.927888e-03
-23.500000 1.420871e-03
-23.250000 8.731346e-04
-23.000000 3.835208e-04
-22.750000 5.299044e-04
-22.500000 1.076355e-03
-22.250000 1.630466e-03
-22.000000 2.134351e-03
-21.750000 2.559806e-03
-21.500000 2.885393e-03
-21.250000 3.094336e-03
-21.000000 3.174878e-03
-20.750000 3.121339e-03
-20.500000 2.935949e-03
-20.250000 2.632478e-03
-20.000000 2.244961e-03
-19.750000 1.850523e-03
-19.500000 1.614574e-03
-19.250000 1.756335e-03
-19.000000 2.291763e-03
-18.750000 3.054296e-03
-18.500000 3.912244e-03
-18.250000 4.787455e-03
-18.000000 5.626745e-03
-17.750000 6.388425e-03
-17.500000 7.037830e-03
-17.250000 7.546318e-03
-17.000000 7.891648e-03
-16.750000 8.059010e-03
-16.500000 8.042508e-03
-16.250000 7.847180e-03
-16.000000 7.491898e-03
-15.750000 7.013751e-03
-15.500000 6.474536e-03
-15.250000 5.968452e-03
-15.000000 5.623172e-03
-14.750000 5.573458e-03
-14.500000 5.896404e-03
-14.250000 6.562993e-03
-14.000000 7.466986e-03
-13.750000 8.485648e-03
-13.500000 9.512011e-03
-13.250000 1.046030e-02
-13.000000 1.126291e-02
-12.750000 1.186728e-02
-12.500000 1.223434e-02
-12.250000 1.233847e-02
-12.000000 1.216845e-02
-11.750000 1.172965e-02
-11.500000 1.104777e-02
-11.250000 1.017538e-02
-11.000000 9.203011e-03
-10.750000 8.275687e-03
-10.500000 7.604576e-03
-10.250000 7.430516e-03
-10.000000 7.895330e-03
-9.750000 8.934030e-03
-9.500000 1.034430e-02
-9.250000 1.191421e-02
-9.000000 1.347341e-02
-8.750000 1.489244e-02
-8.500000 1.607292e-02
-8.250000 1.694161e-02
-8.000000 1.744944e-02
-7.750000 1.757475e-02
-7.500000 1.733110e-02
-7.250000 1.678118e-02
-7.000000 1.605896e-02
-6.750000 1.539814e-02
-6.500000 1.514538e-02
-6.250000 1.569982e-02
-6.000000 1.734673e-02
-5.750000 2.012065e-02
-5.500000 2.385341e-02
-5.250000 2.830914e-02
-5.000000 3.326377e-02
-4.750000 3.852314e-02
-4.500000 4.391850e-02
-4.250000 4.929929e-02
-4.000000 5.452838e-02
-3.750000 5.947991e-02
-3.500000 6.403873e-02
-3.250000 6.810101e-02
-3.000000 7.157522e-02
-2.750000 7.438338e-02
-2.500000 7.646231e-02
-2.250000 7.776466e-02
-2.000000 7.825969e-02
-1.750000 7.793374e-02
-1.500000 7.679034e-02
-1.250000 7.484992e-02
-1.000000 7.214915e-02
-0.750000 6.873985e-02
-0.500000 6.468765e-02
-0.250000 6.007022e-02
0.000000 5.497534e-02
0.250000 4.949871e-02
0.500000 4.374164e-02
0.750000 3.780875e-02
1.000000 3.180587e-02
1.250000 2.583833e-02
1.500000 2.001081e-02
1.750000 1.443179e-02
2.000000 9.238401e-03
2.250000 4.765544e-03
2.500000 3.054197e-03
2.750000 5.756597e-03
3.000000 9.059226e-03
3.250000 1.203846e-02
3.500000 1.456256e-02
3.750000 1.660973e-02
4.000000 1.819288e-02
4.250000 1.934378e-02
4.500000 2.010715e-02
4.750000 2.053694e-02
5.000000 2.069284e-02
5.250000 2.063665e-02
5.500000 2.042823e-02
5.750000 2.012124e-02
6.000000 1.975913e-02
6.250000 1.937188e-02
6.500000 1.897432e-02
6.750000 1.856641e-02
7.000000 1.813563e-02
7.250000 1.766091e-02
7.500000 1.711719e-02
7.750000 1.647992e-02
8.000000 1.572865e-02
8.250000 1.484963e-02
8.500000 1.383718e-02
8.750000 1.269424e-02
9.000000 1.143207e-02
9.250000 1.006950e-02
9.500000 8.631765e-03
9.750000 7.149260e-03
10.000000 5.656281e-03
10.250000 4.190324e-03
10.500000 2.793688e-03
10.750000 1.529257e-03
11.000000 6.676641e-04
11.250000 1.091514e-03
11.500000 1.882492e-03
11.750000 2.549616e-03
12.000000 3.033514e-03
12.250000 3.319495e-03
12.500000 3.406155e-03
12.750000 3.300405e-03
13.000000 3.015957e-03
13.250000 2.572571e-03
13.500000 1.995909e-03
13.750000 1.320014e-03
14.000000 6.164223e-04
14.250000 4.931058e-04
14.500000 1.220887e-03
14.750000 2.018124e-03
15.000000 2.782785e-03
15.250000 3.478548e-03
15.500000 4.079389e-03
15.750000 4.565257e-03
16.000000 4.921729e-03
16.250000 5.140289e-03
16.500000 5.218698e-03
16.750000 5.161413e-03
17.000000 4.980114e-03
17.250000 4.694515e-03
17.500000 4.333732e-03
17.750000 3.938422e-03
18.000000 3.563197e-03
18.250000 3.275813e-03
18.500000 3.144188e-03
18.750000 3.205884e-03
19.000000 3.443478e-03
19.250000 3.797722e-03
19.500000 4.200784e-03
19.750000 4.596055e-03
20.000000 4.941921e-03
20.250000 5.209556e-03
20.500000 5.380188e-03
20.750000 5.443079e-03
21.000000 5.394168e-03
21.250000 5.235096e-03
21.500000 4.972412e-03
21.750000 4.616846e-03
22.000000 4.182583e-03
22.250000 3.686527e-03
22.500000 3.147554e-03
22.750000 2.585789e-03
23.000000 2.022008e-03
23.250000 1.477447e-03
23.500000 9.752172e-04
23.750000 5.503820e-04
24.000000 3.165272e-04
24.250000 4.297240e-04
24.500000 6.373598e-04
24.750000 8.040656e-04
25.000000 9.137754e-04
25.250000 9.774117e-04
25.500000 1.020790e-03
25.750000 1.080631e-03
26.000000 1.193616e-03
26.250000 1.379262e-03
26.500000 1.632813e-03
26.750000 1.933855e-03
27.000000 2.257340e-03
27.250000 2.579127e-03
27.500000 2.877642e-03
27.750000 3.134222e-03
28.000000 3.333217e-03
28.250000 3.462116e-03
28.500000 3.511690e-03
28.750000 3.476110e-03
29.000000 3.353021e-03
29.250000 3.143517e-03
29.500000 2.852036e-03
29.750000 2.486139e-03
30.000000 2.056209e-03
30.250000 1.575047e-03
30.500000 1.057412e-03
30.750000 5.196007e-04
31.000000 3.463566e-05
31.250000 5.512460e-04
31.500000 1.048485e-03
31.750000 1.499757e-03
32.000000 1.890708e-03
32.250000 2.209129e-03
32.500000 2.445288e-03
32.750000 2.592238e-03
33.000000 2.646049e-03
33.250000 2.605933e-03
33.500000 2.474256e-03
33.750000 2.256446e-03
34.000000 1.960794e-03
34.250000 1.598156e-03
34.500000 1.181570e-03
34.750000 7.258038e-04
35.000000 2.468473e-04
35.250000 2.387764e-04
35.500000 7.141534e-04
35.750000 1.163159e-03
36.000000 1.570577e-03
36.250000 1.922757e-03
36.500000 2.208075e-03
36.750000 2.417322e-03
37.000000 2.544039e-03
37.250000 2.584763e-03
37.500000 2.539219e-03
37.750000 2.410483e-03
38.000000 2.205200e-03
38.250000 1.934107e-03
38.500000 1.613505e-03
38.750000 1.269818e-03
39.000000 9.540961e-04
39.250000 7.755228e-04
39.500000 8.595726e-04
39.750000 1.147868e-03
40.000000 1.508561e-03
40.250000 1.871638e-03
40.500000 2.203481e-03
40.750000 2.484644e-03
41.000000 2.702473e-03
41.250000 2.848724e-03
41.500000 2.918724e-03
41.750000 2.911023e-03
42.000000 2.827178e-03
42.250000 2.671552e-03
42.500000 2.451064e-03
42.750000 2.174899e-03
43.000000 1.854157e-03
43.250000 1.501483e-03
43.500000 1.130758e-03
43.750000 7.571528e-04
44.000000 3.999643e-04
44.250000 1.391364e-04
44.500000 3.123536e-04
44.750000 5.631432e-04
45.000000 7.687310e-04
45.250000 9.149126e-04
45.500000 9.960944e-04
45.750000 1.010961e-03
46.000000 9.627116e-04
46.250000 8.610876e-04
46.500000 7.282896e-04
46.750000 6.144253e-04
47.000000 6.108098e-04
47.250000 7.741427e-04
47.500000 1.056637e-03
47.750000 1.397167e-03
48.000000 1.758924e-03
48.250000 2.118536e-03
48.500000 2.458557e-03
48.750000 2.764759e-03
49.000000 3.025294e-03
49.250000 3.230511e-03
49.500000 3.373002e-03
49.750000 3.447688e-03
50.000000 3.451902e-03
