-50.000000 2.046974e-03
-49.750000 2.128548e-03
-49.500000 2.211780e-03
-49.250000 2.296664e-03
-49.000000 2.383193e-03
-48.750000 2.471358e-03
-48.500000 2.561150e-03
-48.250000 2.652559e-03
-48.000000 2.745573e-03
-47.750000 2.840179e-03
-47.500000 2.936363e-03
-47.250000 3.034110e-03
-47.000000 3.133404e-03
-46.750000 3.234227e-03
-46.500000 3.336561e-03
-46.250000 3.440387e-03
-46.000000 3.545684e-03
-45.750000 3.652431e-03
-45.500000 3.760605e-03
-45.250000 3.870184e-03
-45.000000 3.981142e-03
-44.750000 4.093455e-03
-44.500000 4.207095e-03
-44.250000 4.322037e-03
-44.000000 4.438252e-03
-43.750000 4.555711e-03
-43.500000 4.674384e-03
-43.250000 4.794240e-03
-43.000000 4.915249e-03
-42.750000 5.037378e-03
-42.500000 5.160593e-03
-42.250000 5.284861e-03
-42.000000 5.410148e-03
-41.750000 5.536418e-03
-41.500000 5.663634e-03
-41.250000 5.791761e-03
-41.000000 5.920760e-03
-40.750000 6.050593e-03
-40.500000 6.181222e-03
-40.250000 6.312607e-03
-40.000000 6.444707e-03
-39.750000 6.577483e-03
-39.500000 6.710893e-03
-39.250000 6.844895e-03
-39.000000 6.979446e-03
-38.750000 7.114504e-03
-38.500000 7.250025e-03
-38.250000 7.385965e-03
-38.000000 7.522280e-03
-37.750000 7.658925e-03
-37.500000 7.795854e-03
-37.250000 7.933022e-03
-37.000000 8.070383e-03
-36.750000 8.207889e-03
-36.500000 8.345495e-03
-36.250000 8.483152e-03
-36.000000 8.620814e-03
-35.750000 8.758433e-03
-35.500000 8.895960e-03
-35.250000 9.033346e-03
-35.000000 9.170545e-03
-34.750000 9.307506e-03
-34.500000 9.444180e-03
-34.250000 9.580519e-03
-34.000000 9.716473e-03
-33.750000 9.851993e-03
-33.500000 9.987028e-03
-33.250000 1.012153e-02
-33.000000 1.025545e-02
-32.750000 1.038873e-02
-32.500000 1.052134e-02
-32.250000 1.065321e-02
-32.000000 1.078430e-02
-31.750000 1.091455e-02
-31.500000 1.104392e-02
-31.250000 1.117237e-02
-31.000000 1.129983e-02
-30.750000 1.142626e-02
-30.500000 1.155161e-02
-30.250000 1.167583e-02
-30.000000 1.179888e-02
-29.750000 1.192070e-02
-29.500000 1.204125e-02
-29.250000 1.216047e-02
-29.000000 1.227833e-02
-28.750000 1.239476e-02
-28.500000 1.250974e-02
-28.250000 1.262320e-02
-28.000000 1.273510e-02
-27.750000 1.284540e-02
-27.500000 1.295404e-02
-27.250000 1.306100e-02
-27.000000 1.316621e-02
-26.750000 1.326964e-02
-26.500000 1.337124e-02
-26.250000 1.347097e-02
-26.000000 1.356879e-02
-25.750000 1.366465e-02
-25.500000 1.375851e-02
-25.250000 1.385033e-02
-25.000000 1.394007e-02
-24.750000 1.402769e-02
-24.500000 1.411315e-02
-24.250000 1.419642e-02
-24.000000 1.427745e-02
-23.750000 1.435621e-02
-23.500000 1.443266e-02
-23.250000 1.450676e-02
-23.000000 1.457848e-02
-22.750000 1.464779e-02
-22.500000 1.471466e-02
-22.250000 1.477904e-02
-22.000000 1.484091e-02
-21.750000 1.490024e-02
-21.500000 1.495699e-02
-21.250000 1.501115e-02
-21.000000 1.506267e-02
-20.750000 1.511154e-02
-20.500000 1.515772e-02
-20.250000 1.520119e-02
-20.000000 1.524192e-02
-19.750000 1.527990e-02
-19.500000 1.531510e-02
-19.250000 1.534749e-02
-19.000000 1.537706e-02
-18.750000 1.540378e-02
-18.500000 1.542765e-02
-18.250000 1.544863e-02
-18.000000 1.546671e-02
-17.750000 1.548189e-02
-17.500000 1.549414e-02
-17.250000 1.550344e-02
-17.000000 1.550979e-02
-16.750000 1.551318e-02
-16.500000 1.551360e-02
-16.250000 1.551103e-02
-16.000000 1.550546e-02
-15.750000 1.549690e-02
-15.500000 1.548534e-02
-15.250000 1.547077e-02
-15.000000 1.545318e-02
-14.750000 1.543258e-02
-14.500000 1.540896e-02
-14.250000 1.538233e-02
-14.000000 1.535268e-02
-13.750000 1.532002e-02
-13.500000 1.528436e-02
-13.250000 1.524568e-02
-13.000000 1.520402e-02
-12.750000 1.515936e-02
-12.500000 1.511171e-02
-12.250000 1.506110e-02
-12.000000 1.500753e-02
-11.750000 1.495100e-02
-11.500000 1.489154e-02
-11.250000 1.482916e-02
-11.000000 1.476387e-02
-10.750000 1.469570e-02
-10.500000 1.462465e-02
-10.250000 1.455076e-02
-10.000000 1.447403e-02
-9.750000 1.439450e-02
-9.500000 1.431218e-02
-9.250000 1.422711e-02
-9.000000 1.413930e-02
-8.750000 1.404879e-02
-8.500000 1.395560e-02
-8.250000 1.385976e-02
-8.000000 1.376130e-02
-7.750000 1.366027e-02
-7.500000 1.355668e-02
-7.250000 1.345058e-02
-7.000000 1.334200e-02
-6.750000 1.323098e-02
-6.500000 1.311756e-02
-6.250000 1.300179e-02
-6.000000 1.288369e-02
-5.750000 1.276332e-02
-5.500000 1.264073e-02
-5.250000 1.251595e-02
-5.000000 1.238904e-02
-4.750000 1.226005e-02
-4.500000 1.212902e-02
-4.250000 1.199601e-02
-4.000000 1.186108e-02
-3.750000 1.172428e-02
-3.500000 1.158567e-02
-3.250000 1.144531e-02
-3.000000 1.130325e-02
-2.750000 1.115957e-02
-2.500000 1.101433e-02
-2.250000 1.086760e-02
-2.000000 1.071944e-02
-1.750000 1.056993e-02
-1.500000 1.041914e-02
-1.250000 1.026715e-02
-1.000000 1.011404e-02
-0.750000 9.959880e-03
-0.500000 9.804767e-03
-0.250000 9.648784e-03
0.000000 9.492021e-03
0.250000 9.334573e-03
0.500000 9.176536e-03
0.750000 9.018012e-03
1.000000 8.859105e-03
1.250000 8.699924e-03
1.500000 8.540583e-03
1.750000 8.381200e-03
2.000000 8.221899e-03
2.250000 8.062810e-03
2.500000 7.904066e-03
2.750000 7.745810e-03
3.000000 7.588189e-03
3.250000 7.431359e-03
3.500000 7.275483e-03
3.750000 7.120733e-03
4.000000 6.967288e-03
4.250000 6.815340e-03
4.500000 6.665087e-03
4.750000 6.516741e-03
5.000000 6.370522e-03
5.250000 6.226665e-03
5.500000 6.085414e-03
5.750000 5.947029e-03
6.000000 5.811780e-03
6.250000 5.679952e-03
6.500000 5.551840e-03
6.750000 5.427755e-03
7.000000 5.308016e-03
7.250000 5.192956e-03
7.500000 5.082913e-03
7.750000 4.978233e-03
8.000000 4.879266e-03
8.250000 4.786361e-03
8.500000 4.699862e-03
8.750000 4.620105e-03
9.000000 4.547409e-03
9.250000 4.482073e-03
9.500000 4.424366e-03
9.750000 4.374524e-03
10.000000 4.332742e-03
10.250000 4.299169e-03
10.500000 4.273899e-03
10.750000 4.256976e-03
11.000000 4.248382e-03
11.250000 4.248041e-03
11.500000 4.255823e-03
11.750000 4.271541e-03
12.000000 4.294957e-03
12.250000 4.325791e-03
12.500000 4.363722e-03
12.750000 4.408398e-03
13.000000 4.459444e-03
13.250000 4.516464e-03
13.500000 4.579055e-03
13.750000 4.646805e-03
14.000000 4.719304e-03
14.250000 4.796147e-03
14.500000 4.876937e-03
14.750000 4.961288e-03
15.000000 5.048827e-03
15.250000 5.139197e-03
15.500000 5.232058e-03
15.750000 5.327085e-03
16.000000 5.423971e-03
16.250000 5.522425e-03
16.500000 5.622176e-03
16.750000 5.722964e-03
17.000000 5.824549e-03
17.250000 5.926704e-03
17.500000 6.029216e-03
17.750000 6.131885e-03
18.000000 6.234526e-03
18.250000 6.336962e-03
18.500000 6.439030e-03
18.750000 6.540577e-03
19.000000 6.641458e-03
19.250000 6.741540e-03
19.500000 6.840694e-03
19.750000 6.938804e-03
20.000000 7.035758e-03
20.250000 7.131451e-03
20.500000 7.225787e-03
20.750000 7.318672e-03
21.000000 7.410021e-03
21.250000 7.499753e-03
21.500000 7.587791e-03
21.750000 7.674065e-03
22.000000 7.758508e-03
22.250000 7.841057e-03
22.500000 7.921652e-03
22.750000 8.000239e-03
23.000000 8.076766e-03
23.250000 8.151184e-03
23.500000 8.223448e-03
23.750000 8.293517e-03
24.000000 8.361350e-03
24.250000 8.426910e-03
24.500000 8.490165e-03
24.750000 8.551083e-03
25.000000 8.609634e-03
25.250000 8.665791e-03
25.500000 8.719531e-03
25.750000 8.770831e-03
26.000000 8.819670e-03
26.250000 8.866031e-03
26.500000 8.909898e-03
26.750000 8.951255e-03
27.000000 8.990090e-03
27.250000 9.026394e-03
27.500000 9.060156e-03
27.750000 9.091370e-03
28.000000 9.120030e-03
28.250000 9.146132e-03
28.500000 9.169674e-03
28.750000 9.190655e-03
29.000000 9.209076e-03
29.250000 9.224939e-03
29.500000 9.238247e-03
29.750000 9.249006e-03
30.000000 9.257223e-03
30.250000 9.262904e-03
30.500000 9.266059e-03
30.750000 9.266700e-03
31.000000 9.264837e-03
31.250000 9.260483e-03
31.500000 9.253654e-03
31.750000 9.244365e-03
32.000000 9.232632e-03
32.250000 9.218473e-03
32.500000 9.201908e-03
32.750000 9.182957e-03
33.000000 9.161642e-03
33.250000 9.137985e-03
33.500000 9.112009e-03
33.750000 9.083740e-03
34.000000 9.053204e-03
34.250000 9.020426e-03
34.500000 8.985436e-03
34.750000 8.948262e-03
35.000000 8.908934e-03
35.250000 8.867483e-03
35.500000 8.823941e-03
35.750000 8.778341e-03
36.000000 8.730716e-03
36.250000 8.681102e-03
36.500000 8.629533e-03
36.750000 8.576047e-03
37.000000 8.520682e-03
37.250000 8.463474e-03
37.500000 8.404464e-03
37.750000 8.343692e-03
38.000000 8.281199e-03
38.250000 8.217026e-03
38.500000 8.151216e-03
38.750000 8.083812e-03
39.000000 8.014859e-03
39.250000 7.944402e-03
39.500000 7.872487e-03
39.750000 7.799159e-03
40.000000 7.724468e-03
40.250000 7.648460e-03
40.500000 7.571185e-03
40.750000 7.492694e-03
41.000000 7.413035e-03
41.250000 7.332261e-03
41.500000 7.250424e-03
41.750000 7.167577e-03
42.000000 7.083774e-03
42.250000 6.999068e-03
42.500000 6.913516e-03
42.750000 6.827174e-03
43.000000 6.740098e-03
43.250000 6.652346e-03
43.500000 6.563978e-03
43.750000 6.475052e-03
44.000000 6.385629e-03
44.250000 6.295770e-03
44.500000 6.205538e-03
44.750000 6.114995e-03
45.000000 6.024206e-03
45.250000 5.933236e-03
45.500000 5.842151e-03
45.750000 5.751018e-03
46.000000 5.659905e-03
46.250000 5.568883e-03
46.500000 5.478020e-03
46.750000 5.387390e-03
47.000000 5.297065e-03
47.250000 5.207118e-03
47.500000 5.117626e-03
47.750000 5.028666e-03
48.000000 4.940314e-03
48.250000 4.852650e-03
48.500000 4.765756e-03
48.750000 4.679712e-03
49.000000 4.594603e-03
49.250000 4.510512e-03
49.500000 4.427526e-03
49.750000 4.345732e-03
50.000000 4.265217e-03
