-50.000000 2.104381e-03
-49.750000 2.298175e-03
-49.500000 2.488795e-03
-49.250000 2.673135e-03
-49.000000 2.848373e-03
-48.750000 3.011926e-03
-48.500000 3.161427e-03
-48.250000 3.294714e-03
-48.000000 3.409828e-03
-47.750000 3.505021e-03
-47.500000 3.578758e-03
-47.250000 3.629736e-03
-47.000000 3.656888e-03
-46.750000 3.659405e-03
-46.500000 3.636749e-03
-46.250000 3.588668e-03
-46.000000 3.515221e-03
-45.750000 3.416802e-03
-45.500000 3.294172e-03
-45.250000 3.148510e-03
-45.000000 2.981479e-03
-44.750000 2.795335e-03
-44.500000 2.593098e-03
-44.250000 2.378819e-03
-44.000000 2.158039e-03
-43.750000 1.938502e-03
-43.500000 1.731253e-03
-43.250000 1.551941e-03
-43.000000 1.421279e-03
-42.750000 1.361758e-03
-42.500000 1.388323e-03
-42.250000 1.499194e-03
-42.000000 1.677848e-03
-41.750000 1.903238e-03
-41.500000 2.157046e-03
-41.250000 2.425423e-03
-41.000000 2.698209e-03
-40.750000 2.967800e-03
-40.500000 3.228284e-03
-40.250000 3.474880e-03
-40.000000 3.703609e-03
-39.750000 3.911081e-03
-39.500000 4.094389e-03
-39.250000 4.251031e-03
-39.000000 4.378880e-03
-38.750000 4.476159e-03
-38.500000 4.541433e-03
-38.250000 4.573613e-03
-38.000000 4.571950e-03
-37.750000 4.536044e-03
-37.500000 4.465854e-03
-37.250000 4.361699e-03
-37.000000 4.224275e-03
-36.750000 4.054667e-03
-36.500000 3.854375e-03
-36.250000 3.625347e-03
-36.000000 3.370045e-03
-35.750000 3.091549e-03
-35.500000 2.793753e-03
-35.250000 2.481731e-03
-35.000000 2.162439e-03
-34.750000 1.846124e-03
-34.500000 1.549141e-03
-34.250000 1.298950e-03
-34.000000 1.138667e-03
-33.750000 1.114746e-03
-33.500000 1.236376e-03
-33.250000 1.464698e-03
-33.000000 1.752602e-03
-32.750000 2.067543e-03
-32.500000 2.389867e-03
-32.250000 2.707296e-03
-32.000000 3.011476e-03
-31.750000 3.296223e-03
-31.500000 3.556661e-03
-31.250000 3.788785e-03
-31.000000 3.989247e-03
-30.750000 4.155242e-03
-30.500000 4.284461e-03
-30.250000 4.375072e-03
-30.000000 4.425726e-03
-29.750000 4.435577e-03
-29.500000 4.404318e-03
-29.250000 4.332231e-03
-29.000000 4.220263e-03
-28.750000 4.070134e-03
-28.500000 3.884502e-03
-28.250000 3.667220e-03
-28.000000 3.423736e-03
-27.750000 3.161738e-03
-27.500000 2.892168e-03
-27.250000 2.630709e-03
-27.000000 2.399566e-03
-26.750000 2.228273e-03
-26.500000 2.150124e-03
-26.250000 2.190998e-03
-26.000000 2.356265e-03
-25.750000 2.629588e-03
-25.500000 2.984355e-03
-25.250000 3.394612e-03
-25.000000 3.839289e-03
-24.750000 4.302159e-03
-24.500000 4.770618e-03
-24.250000 5.234532e-03
-24.000000 5.685434e-03
-23.750000 6.116011e-03
-23.500000 6.519787e-03
-23.250000 6.890938e-03
-23.000000 7.224183e-03
-22.750000 7.514730e-03
-22.500000 7.758241e-03
-22.250000 7.950829e-03
-22.000000 8.089060e-03
-21.750000 8.169960e-03
-21.500000 8.191032e-03
-21.250000 8.150267e-03
-21.000000 8.046164e-03
-20.750000 7.877746e-03
-20.500000 7.644571e-03
-20.250000 7.346752e-03
-20.000000 6.984972e-03
-19.750000 6.560507e-03
-19.500000 6.075255e-03
-19.250000 5.531799e-03
-19.000000 4.933512e-03
-18.750000 4.284802e-03
-18.500000 3.591687e-03
-18.250000 2.863353e-03
-18.000000 2.117292e-03
-17.750000 1.401217e-03
-17.500000 9.094096e-04
-17.250000 1.109011e-03
-17.000000 1.814249e-03
-16.750000 2.662604e-03
-16.500000 3.557469e-03
-16.250000 4.469113e-03
-16.000000 5.382807e-03
-15.750000 6.288352e-03
-15.500000 7.177298e-03
-15.250000 8.042030e-03
-15.000000 8.875438e-03
-14.750000 9.670808e-03
-14.500000 1.042179e-02
-14.250000 1.112244e-02
-14.000000 1.176722e-02
-13.750000 1.235111e-02
-13.500000 1.286962e-02
-13.250000 1.331892e-02
-13.000000 1.369590e-02
-12.750000 1.399826e-02
-12.500000 1.422464e-02
-12.250000 1.437475e-02
-12.000000 1.444953e-02
-11.750000 1.445132e-02
-11.500000 1.438410e-02
-11.250000 1.425374e-02
-11.000000 1.406833e-02
-10.750000 1.383856e-02
-10.500000 1.357811e-02
-10.250000 1.330401e-02
-10.000000 1.303699e-02
-9.750000 1.280140e-02
-9.500000 1.262481e-02
-9.250000 1.253668e-02
-9.000000 1.256619e-02
-8.750000 1.273928e-02
-8.500000 1.307548e-02
-8.250000 1.358561e-02
-8.000000 1.427101e-02
-7.750000 1.512445e-02
-7.500000 1.613234e-02
-7.250000 1.727710e-02
-7.000000 1.853936e-02
-6.750000 1.989948e-02
-6.500000 2.133844e-02
-6.250000 2.283829e-02
-6.000000 2.438237e-02
-5.750000 2.595523e-02
-5.500000 2.754260e-02
-5.250000 2.913127e-02
-5.000000 3.070900e-02
-4.750000 3.226442e-02
-4.500000 3.378697e-02
-4.250000 3.526684e-02
-4.000000 3.669495e-02
-3.750000 3.806291e-02
-3.500000 3.936299e-02
-3.250000 4.058817e-02
-3.000000 4.173205e-02
-2.750000 4.278895e-02
-2.500000 4.375381e-02
-2.250000 4.462227e-02
-2.000000 4.539063e-02
-1.750000 4.605586e-02
-1.500000 4.661560e-02
-1.250000 4.706815e-02
-1.000000 4.741246e-02
-0.750000 4.764813e-02
-0.500000 4.777540e-02
-0.250000 4.779509e-02
0.000000 4.770864e-02
0.250000 4.751805e-02
0.500000 4.722586e-02
0.750000 4.683512e-02
1.000000 4.634935e-02
1.250000 4.577252e-02
1.500000 4.510902e-02
1.750000 4.436356e-02
2.000000 4.354123e-02
2.250000 4.264735e-02
2.500000 4.168751e-02
2.750000 4.066747e-02
3.000000 3.959315e-02
3.250000 3.847056e-02
3.500000 3.730577e-02
3.750000 3.610484e-02
4.000000 3.487383e-02
4.250000 3.361870e-02
4.500000 3.234529e-02
4.750000 3.105931e-02
5.000000 2.976625e-02
5.250000 2.847140e-02
5.500000 2.717979e-02
5.750000 2.589616e-02
6.000000 2.462498e-02
6.250000 2.337039e-02
6.500000 2.213617e-02
6.750000 2.092582e-02
7.000000 1.974246e-02
7.250000 1.858888e-02
7.500000 1.746756e-02
7.750000 1.638063e-02
8.000000 1.532995e-02
8.250000 1.431710e-02
8.500000 1.334342e-02
8.750000 1.241001e-02
9.000000 1.151785e-02
9.250000 1.066775e-02
9.500000 9.860444e-03
9.750000 9.096640e-03
10.000000 8.377045e-03
10.250000 7.702422e-03
10.500000 7.073622e-03
10.750000 6.491603e-03
11.000000 5.957425e-03
11.250000 5.472209e-03
11.500000 5.037032e-03
11.750000 4.652754e-03
12.000000 4.319760e-03
12.250000 4.037635e-03
12.500000 3.804820e-03
12.750000 3.618330e-03
13.000000 3.473650e-03
13.250000 3.364867e-03
13.500000 3.285034e-03
13.750000 3.226687e-03
14.000000 3.182372e-03
14.250000 3.145084e-03
14.500000 3.108558e-03
14.750000 3.067420e-03
15.000000 3.017215e-03
15.250000 2.954379e-03
15.500000 2.876161e-03
15.750000 2.780537e-03
16.000000 2.666129e-03
16.250000 2.532124e-03
16.500000 2.378209e-03
16.750000 2.204511e-03
17.000000 2.011552e-03
17.250000 1.800208e-03
17.500000 1.571675e-03
17.750000 1.327451e-03
18.000000 1.069336e-03
18.250000 7.995074e-04
18.500000 5.209330e-04
18.750000 2.409983e-04
19.000000 1.126270e-04
19.250000 3.782446e-04
19.500000 6.716875e-04
19.750000 9.657503e-04
20.000000 1.255797e-03
20.250000 1.538689e-03
20.500000 1.811617e-03
20.750000 2.071919e-03
21.000000 2.317046e-03
21.250000 2.544564e-03
21.500000 2.752170e-03
21.750000 2.937710e-03
22.000000 3.099199e-03
22.250000 3.234835e-03
22.500000 3.343021e-03
22.750000 3.422374e-03
23.000000 3.471747e-03
23.250000 3.490231e-03
23.500000 3.477175e-03
23.750000 3.432187e-03
24.000000 3.355141e-03
24.250000 3.246189e-03
24.500000 3.105755e-03
24.750000 2.934549e-03
25.000000 2.733568e-03
25.250000 2.504114e-03
25.500000 2.247824e-03
25.750000 1.966739e-03
26.000000 1.663481e-03
26.250000 1.341727e-03
26.500000 1.007718e-03
26.750000 6.765373e-04
27.000000 4.081522e-04
27.250000 4.189551e-04
27.500000 7.143710e-04
27.750000 1.090085e-03
28.000000 1.489103e-03
28.250000 1.896330e-03
28.500000 2.304913e-03
28.750000 2.710303e-03
29.000000 3.108814e-03
29.250000 3.497170e-03
29.500000 3.872352e-03
29.750000 4.231534e-03
30.000000 4.572069e-03
30.250000 4.891489e-03
30.500000 5.187507e-03
30.750000 5.458035e-03
31.000000 5.701189e-03
31.250000 5.915304e-03
31.500000 6.098942e-03
31.750000 6.250905e-03
32.000000 6.370236e-03
32.250000 6.456233e-03
32.500000 6.508444e-03
32.750000 6.526674e-03
33.000000 6.510984e-03
33.250000 6.461688e-03
33.500000 6.379348e-03
33.750000 6.264769e-03
34.000000 6.118990e-03
34.250000 5.943273e-03
34.500000 5.739093e-03
34.750000 5.508123e-03
35.000000 5.252220e-03
35.250000 4.973409e-03
35.500000 4.673862e-03
35.750000 4.355886e-03
36.000000 4.021897e-03
36.250000 3.674402e-03
36.500000 3.315981e-03
36.750000 2.949263e-03
37.000000 2.576904e-03
37.250000 2.201568e-03
37.500000 1.825907e-03
37.750000 1.452537e-03
38.000000 1.084025e-03
38.250000 7.228779e-04
38.500000 3.715885e-04
38.750000 3.647575e-05
39.000000 2.942809e-04
39.250000 6.031928e-04
39.500000 8.942923e-04
39.750000 1.165745e-03
40.000000 1.416020e-03
40.250000 1.643798e-03
40.500000 1.847960e-03
40.750000 2.027593e-03
41.000000 2.181994e-03
41.250000 2.310671e-03
41.500000 2.413344e-03
41.750000 2.489947e-03
42.000000 2.540621e-03
42.250000 2.565715e-03
42.500000 2.565784e-03
42.750000 2.541578e-03
43.000000 2.494043e-03
43.250000 2.424315e-03
43.500000 2.333717e-03
43.750000 2.223762e-03
44.000000 2.096162e-03
44.250000 1.952844e-03
44.500000 1.795998e-03
44.750000 1.628157e-03
45.000000 1.452354e-03
45.250000 1.272429e-03
45.500000 1.093633e-03
45.750000 9.238019e-04
46.000000 7.755009e-04
46.250000 6.685538e-04
46.500000 6.274723e-04
46.750000 6.648147e-04
47.000000 7.673611e-04
47.250000 9.101897e-04
47.500000 1.073425e-03
47.750000 1.244747e-03
48.000000 1.416758e-03
48.250000 1.584793e-03
48.500000 1.745708e-03
48.750000 1.897256e-03
49.000000 2.037766e-03
49.250000 2.165971e-03
49.500000 2.280909e-03
49.750000 2.381867e-03
50.000000 2.468343e-03
