-50.000000 9.886142e-03
-49.750000 9.384861e-03
-49.500000 1.159714e-02
-49.250000 1.542001e-02
-49.000000 1.994608e-02
-48.750000 2.477379e-02
-48.500000 2.972571e-02
-48.250000 3.470970e-02
-48.000000 3.966888e-02
-47.750000 4.456260e-02
-47.500000 4.935853e-02
-47.250000 5.402903e-02
-47.000000 5.854939e-02
-46.750000 6.289686e-02
-46.500000 6.705024e-02
-46.250000 7.098957e-02
-46.000000 7.469599e-02
-45.750000 7.815172e-02
-45.500000 8.134001e-02
-45.250000 8.424518e-02
-45.000000 8.685261e-02
-44.750000 8.914881e-02
-44.500000 9.112143e-02
-44.250000 9.275933e-02
-44.000000 9.405261e-02
-43.750000 9.499265e-02
-43.500000 9.557219e-02
-43.250000 9.578530e-02
-43.000000 9.562749e-02
-42.750000 9.509571e-02
-42.500000 9.418842e-02
-42.250000 9.290557e-02
-42.000000 9.124869e-02
-41.750000 8.922091e-02
-41.500000 8.682700e-02
-41.250000 8.407343e-02
-41.000000 8.096843e-02
-40.750000 7.752210e-02
-40.500000 7.374654e-02
-40.250000 6.965604e-02
-40.000000 6.526744e-02
-39.750000 6.060061e-02
-39.500000 5.567934e-02
-39.250000 5.053281e-02
-39.000000 4.519826e-02
-38.750000 3.972606e-02
-38.500000 3.418988e-02
-38.250000 2.870839e-02
-38.000000 2.349421e-02
-37.750000 1.896275e-02
-37.500000 1.591089e-02
-37.250000 1.541651e-02
-37.000000 1.779928e-02
-36.750000 2.220150e-02
-36.500000 2.769138e-02
-36.250000 3.373279e-02
-36.000000 4.005018e-02
-35.750000 4.649164e-02
-35.500000 5.296292e-02
-35.250000 5.939816e-02
-35.000000 6.574657e-02
-34.750000 7.196590e-02
-34.500000 7.801914e-02
-34.250000 8.387271e-02
-34.000000 8.949550e-02
-33.750000 9.485830e-02
-33.500000 9.993346e-02
-33.250000 1.046948e-01
-33.000000 1.091174e-01
-32.750000 1.131778e-01
-32.500000 1.168538e-01
-32.250000 1.201246e-01
-32.000000 1.229707e-01
-31.750000 1.253743e-01
-31.500000 1.273188e-01
-31.250000 1.287897e-01
-31.000000 1.297738e-01
-30.750000 1.302597e-01
-30.500000 1.302380e-01
-30.250000 1.297011e-01
-30.000000 1.286432e-01
-29.750000 1.270609e-01
-29.500000 1.249526e-01
-29.250000 1.223191e-01
-29.000000 1.191635e-01
-28.750000 1.154913e-01
-28.500000 1.113108e-01
-28.250000 1.066331e-01
-28.000000 1.014725e-01
-27.750000 9.584697e-02
-27.500000 8.977902e-02
-27.250000 8.329687e-02
-27.000000 7.643644e-02
-26.750000 6.924488e-02
-26.500000 6.178689e-02
-26.250000 5.415685e-02
-26.000000 4.650305e-02
-25.750000 3.907873e-02
-25.500000 3.234892e-02
-25.250000 2.717690e-02
-25.000000 2.489650e-02
-24.750000 2.653955e-02
-24.500000 3.168300e-02
-24.250000 3.907944e-02
-24.000000 4.775495e-02
-23.750000 5.715474e-02
-23.500000 6.697100e-02
-23.250000 7.701917e-02
-23.000000 8.717634e-02
-22.750000 9.735176e-02
-22.500000 1.074724e-01
-22.250000 1.174756e-01
-22.000000 1.273050e-01
-21.750000 1.369081e-01
-21.500000 1.462354e-01
-21.250000 1.552394e-01
-21.000000 1.638740e-01
-20.750000 1.720947e-01
-20.500000 1.798581e-01
-20.250000 1.871220e-01
-20.000000 1.938456e-01
-19.750000 1.999892e-01
-19.500000 2.055145e-01
-19.250000 2.103846e-01
-19.000000 2.145642e-01
-18.750000 2.180195e-01
-18.500000 2.207187e-01
-18.250000 2.226315e-01
-18.000000 2.237299e-01
-17.750000 2.239879e-01
-17.500000 2.233818e-01
-17.250000 2.218901e-01
-17.000000 2.194940e-01
-16.750000 2.161773e-01
-16.500000 2.119266e-01
-16.250000 2.067318e-01
-16.000000 2.005861e-01
-15.750000 1.934862e-01
-15.500000 1.854333e-01
-15.250000 1.764334e-01
-15.000000 1.664987e-01
-14.750000 1.556489e-01
-14.500000 1.439143e-01
-14.250000 1.313406e-01
-14.000000 1.179977e-01
-13.750000 1.039966e-01
-13.500000 8.952570e-02
-13.250000 7.493064e-02
-13.000000 6.090782e-02
-12.750000 4.896350e-02
-12.500000 4.213832e-02
-12.250000 4.407336e-02
-12.000000 5.472627e-02
-11.750000 7.090990e-02
-11.500000 9.019001e-02
-11.250000 1.113597e-01
-11.000000 1.338330e-01
-10.750000 1.572953e-01
-10.500000 1.815547e-01
-10.250000 2.064794e-01
-10.000000 2.319679e-01
-9.750000 2.579358e-01
-9.500000 2.843081e-01
-9.250000 3.110153e-01
-9.000000 3.379909e-01
-8.750000 3.651706e-01
-8.500000 3.924909e-01
-8.250000 4.198892e-01
-8.000000 4.473030e-01
-7.750000 4.746705e-01
-7.500000 5.019297e-01
-7.250000 5.290192e-01
-7.000000 5.558777e-01
-6.750000 5.824444e-01
-6.500000 6.086591e-01
-6.250000 6.344621e-01
-6.000000 6.597945e-01
-5.750000 6.845983e-01
-5.500000 7.088166e-01
-5.250000 7.323936e-01
-5.000000 7.552748e-01
-4.750000 7.774072e-01
-4.500000 7.987393e-01
-4.250000 8.192215e-01
-4.000000 8.388060e-01
-3.750000 8.574468e-01
-3.500000 8.751002e-01
-3.250000 8.917247e-01
-3.000000 9.072812e-01
-2.750000 9.217329e-01
-2.500000 9.350456e-01
-2.250000 9.471878e-01
-2.000000 9.581307e-01
-1.750000 9.678484e-01
-1.500000 9.763177e-01
-1.250000 9.835184e-01
-1.000000 9.894335e-01
-0.750000 9.940488e-01
-0.500000 9.973534e-01
-0.250000 9.993393e-01
0.000000 1.000002e+00
0.250000 9.993393e-01
0.500000 9.973534e-01
0.750000 9.940488e-01
1.000000 9.894335e-01
1.250000 9.835184e-01
1.500000 9.763177e-01
1.750000 9.678484e-01
2.000000 9.581307e-01
2.250000 9.471878e-01
2.500000 9.350456e-01
2.750000 9.217329e-01
3.000000 9.072812e-01
3.250000 8.917247e-01
3.500000 8.751002e-01
3.750000 8.574468e-01
4.000000 8.388060e-01
4.250000 8.192215e-01
4.500000 7.987393e-01
4.750000 7.774072e-01
5.000000 7.552748e-01
5.250000 7.323936e-01
5.500000 7.088166e-01
5.750000 6.845983e-01
6.000000 6.597945e-01
6.250000 6.344621e-01
6.500000 6.086591e-01
6.750000 5.824444e-01
7.000000 5.558777e-01
7.250000 5.290192e-01
7.500000 5.019297e-01
7.750000 4.746705e-01
8.000000 4.473030e-01
8.250000 4.198892e-01
8.500000 3.924909e-01
8.750000 3.651706e-01
9.000000 3.379909e-01
9.250000 3.110153e-01
9.500000 2.843081e-01
9.750000 2.579358e-01
10.000000 2.319679e-01
10.250000 2.064794e-01
10.500000 1.815547e-01
10.750000 1.572953e-01
11.000000 1.338330e-01
11.250000 1.113597e-01
11.500000 9.019001e-02
11.750000 7.090990e-02
12.000000 5.472627e-02
12.250000 4.407336e-02
12.500000 4.213832e-02
12.750000 4.896350e-02
13.000000 6.090782e-02
13.250000 7.493064e-02
13.500000 8.952570e-02
13.750000 1.039966e-01
14.000000 1.179977e-01
14.250000 1.313406e-01
14.500000 1.439143e-01
14.750000 1.556489e-01
15.000000 1.664987e-01
15.250000 1.764334e-01
15.500000 1.854333e-01
15.750000 1.934862e-01
16.000000 2.005861e-01
16.250000 2.067318e-01
16.500000 2.119266e-01
16.750000 2.161773e-01
17.000000 2.194940e-01
17.250000 2.218901e-01
17.500000 2.233818e-01
17.750000 2.239879e-01
18.000000 2.237299e-01
18.250000 2.226315e-01
18.500000 2.207187e-01
18.750000 2.180195e-01
19.000000 2.145642e-01
19.250000 2.103846e-01
19.500000 2.055145e-01
19.750000 1.999892e-01
20.000000 1.938456e-01
20.250000 1.871220e-01
20.500000 1.798581e-01
20.750000 1.720947e-01
21.000000 1.638740e-01
21.250000 1.552394e-01
21.500000 1.462354e-01
21.750000 1.369081e-01
22.000000 1.273050e-01
22.250000 1.174756e-01
22.500000 1.074724e-01
22.750000 9.735176e-02
23.000000 8.717634e-02
23.250000 7.701917e-02
23.500000 6.697100e-02
23.750000 5.715474e-02
24.000000 4.775495e-02
24.250000 3.907944e-02
24.500000 3.168300e-02
24.750000 2.653955e-02
25.000000 2.489650e-02
25.250000 2.717690e-02
25.500000 3.234892e-02
25.750000 3.907873e-02
26.000000 4.650305e-02
26.250000 5.415685e-02
26.500000 6.178689e-02
26.750000 6.924488e-02
27.000000 7.643644e-02
27.250000 8.329687e-02
27.500000 8.977902e-02
27.750000 9.584697e-02
28.000000 1.014725e-01
28.250000 1.066331e-01
28.500000 1.113108e-01
28.750000 1.154913e-01
29.000000 1.191635e-01
29.250000 1.223191e-01
29.500000 1.249526e-01
29.750000 1.270609e-01
30.000000 1.286432e-01
30.250000 1.297011e-01
30.500000 1.302380e-01
30.750000 1.302597e-01
31.000000 1.297738e-01
31.250000 1.287897e-01
31.500000 1.273188e-01
31.750000 1.253743e-01
32.000000 1.229707e-01
32.250000 1.201246e-01
32.500000 1.168538e-01
32.750000 1.131778e-01
33.000000 1.091174e-01
33.250000 1.046948e-01
33.500000 9.993346e-02
33.750000 9.485830e-02
34.000000 8.949550e-02
34.250000 8.387271e-02
34.500000 7.801914e-02
34.750000 7.196590e-02
35.000000 6.574657e-02
35.250000 5.939816e-02
35.500000 5.296292e-02
35.750000 4.649164e-02
36.000000 4.005018e-02
36.250000 3.373279e-02
36.500000 2.769138e-02
36.750000 2.220150e-02
37.000000 1.779928e-02
37.250000 1.541651e-02
37.500000 1.591089e-02
37.750000 1.896275e-02
38.000000 2.349421e-02
38.250000 2.870839e-02
38.500000 3.418988e-02
38.750000 3.972606e-02
39.000000 4.519826e-02
39.250000 5.053281e-02
39.500000 5.567934e-02
39.750000 6.060061e-02
40.000000 6.526744e-02
40.250000 6.965604e-02
40.500000 7.374654e-02
40.750000 7.752210e-02
41.000000 8.096843e-02
41.250000 8.407343e-02
41.500000 8.682700e-02
41.750000 8.922091e-02
42.000000 9.124869e-02
42.250000 9.290557e-02
42.500000 9.418842e-02
42.750000 9.509571e-02
43.000000 9.562749e-02
43.250000 9.578530e-02
43.500000 9.557219e-02
43.750000 9.499265e-02
44.000000 9.405261e-02
44.250000 9.275933e-02
44.500000 9.112143e-02
44.750000 8.914881e-02
45.000000 8.685261e-02
45.250000 8.424518e-02
45.500000 8.134001e-02
45.750000 7.815172e-02
46.000000 7.469599e-02
46.250000 7.098957e-02
46.500000 6.705024e-02
46.750000 6.289686e-02
47.000000 5.854939e-02
47.250000 5.402903e-02
47.500000 4.935853e-02
47.750000 4.456260e-02
48.000000 3.966888e-02
48.250000 3.470970e-02
48.500000 2.972571e-02
48.750000 2.477379e-02
49.000000 1.994608e-02
49.250000 1.542001e-02
49.500000 1.159714e-02
49.750000 9.384861e-03
50.000000 9.886142e-03
