-50.000000 2.908710e-03
-49.750000 2.857142e-03
-49.500000 2.796972e-03
-49.250000 2.728157e-03
-49.000000 2.650685e-03
-48.750000 2.564585e-03
-48.500000 2.469920e-03
-48.250000 2.366792e-03
-48.000000 2.255339e-03
-47.750000 2.135736e-03
-47.500000 2.008194e-03
-47.250000 1.872960e-03
-47.000000 1.730318e-03
-46.750000 1.580587e-03
-46.500000 1.424120e-03
-46.250000 1.261305e-03
-46.000000 1.092565e-03
-45.750000 9.183600e-04
-45.500000 7.391962e-04
-45.250000 5.556484e-04
-45.000000 3.684695e-04
-44.750000 1.794067e-04
-44.500000 4.392856e-05
-44.250000 2.192842e-04
-44.000000 4.157221e-04
-43.750000 6.142827e-04
-43.500000 8.135199e-04
-43.250000 1.012600e-03
-43.000000 1.210792e-03
-42.750000 1.407393e-03
-42.500000 1.601707e-03
-42.250000 1.793041e-03
-42.000000 1.980706e-03
-41.750000 2.164014e-03
-41.500000 2.342287e-03
-41.250000 2.514851e-03
-41.000000 2.681046e-03
-40.750000 2.840224e-03
-40.500000 2.991752e-03
-40.250000 3.135017e-03
-40.000000 3.269425e-03
-39.750000 3.394410e-03
-39.500000 3.509427e-03
-39.250000 3.613966e-03
-39.000000 3.707545e-03
-38.750000 3.789718e-03
-38.500000 3.860079e-03
-38.250000 3.918259e-03
-38.000000 3.963936e-03
-37.750000 3.996831e-03
-37.500000 4.016719e-03
-37.250000 4.023426e-03
-37.000000 4.016836e-03
-36.750000 3.996897e-03
-36.500000 3.963622e-03
-36.250000 3.917097e-03
-36.000000 3.857491e-03
-35.750000 3.785059e-03
-35.500000 3.700162e-03
-35.250000 3.603270e-03
-35.000000 3.494994e-03
-34.750000 3.376098e-03
-34.500000 3.247544e-03
-34.250000 3.110527e-03
-34.000000 2.966540e-03
-33.750000 2.817451e-03
-33.500000 2.665613e-03
-33.250000 2.513995e-03
-33.000000 2.366348e-03
-32.750000 2.227376e-03
-32.500000 2.102864e-03
-32.250000 1.999645e-03
-32.000000 1.925221e-03
-31.750000 1.886880e-03
-31.500000 1.890343e-03
-31.250000 1.938430e-03
-31.000000 2.030453e-03
-30.750000 2.162702e-03
-30.500000 2.329645e-03
-30.250000 2.525185e-03
-30.000000 2.743498e-03
-29.750000 2.979439e-03
-29.500000 3.228625e-03
-29.250000 3.487372e-03
-29.000000 3.752575e-03
-28.750000 4.021591e-03
-28.500000 4.292137e-03
-28.250000 4.562202e-03
-28.000000 4.829993e-03
-27.750000 5.093884e-03
-27.500000 5.352382e-03
-27.250000 5.604104e-03
-27.000000 5.847759e-03
-26.750000 6.082135e-03
-26.500000 6.306088e-03
-26.250000 6.518539e-03
-26.000000 6.718468e-03
-25.750000 6.904911e-03
-25.500000 7.076963e-03
-25.250000 7.233773e-03
-25.000000 7.374543e-03
-24.750000 7.498537e-03
-24.500000 7.605073e-03
-24.250000 7.693532e-03
-24.000000 7.763354e-03
-23.750000 7.814044e-03
-23.500000 7.845176e-03
-23.250000 7.856392e-03
-23.000000 7.847407e-03
-22.750000 7.818012e-03
-22.500000 7.768081e-03
-22.250000 7.697572e-03
-22.000000 7.606535e-03
-21.750000 7.495121e-03
-21.500000 7.363586e-03
-21.250000 7.212305e-03
-21.000000 7.041785e-03
-20.750000 6.852683e-03
-20.500000 6.645828e-03
-20.250000 6.422251e-03
-20.000000 6.183224e-03
-19.750000 5.930314e-03
-19.500000 5.665456e-03
-19.250000 5.391043e-03
-19.000000 5.110061e-03
-18.750000 4.826254e-03
-18.500000 4.544351e-03
-18.250000 4.270330e-03
-18.000000 4.011719e-03
-17.750000 3.777849e-03
-17.500000 3.579885e-03
-17.250000 3.430369e-03
-17.000000 3.341945e-03
-16.750000 3.325238e-03
-16.500000 3.386466e-03
-16.250000 3.526005e-03
-16.000000 3.738737e-03
-15.750000 4.015896e-03
-15.500000 4.347274e-03
-15.250000 4.722887e-03
-15.000000 5.133836e-03
-14.750000 5.572576e-03
-14.500000 6.032845e-03
-14.250000 6.509468e-03
-14.000000 6.998147e-03
-13.750000 7.495265e-03
-13.500000 7.997733e-03
-13.250000 8.502870e-03
-13.000000 9.008312e-03
-12.750000 9.511944e-03
-12.500000 1.001185e-02
-12.250000 1.050629e-02
-12.000000 1.099363e-02
-11.750000 1.147238e-02
-11.500000 1.194114e-02
-11.250000 1.239859e-02
-11.000000 1.284353e-02
-10.750000 1.327478e-02
-10.500000 1.369127e-02
-10.250000 1.409200e-02
-10.000000 1.447602e-02
-9.750000 1.484246e-02
-9.500000 1.519050e-02
-9.250000 1.551941e-02
-9.000000 1.582849e-02
-8.750000 1.611715e-02
-8.500000 1.638482e-02
-8.250000 1.663101e-02
-8.000000 1.685532e-02
-7.750000 1.705739e-02
-7.500000 1.723692e-02
-7.250000 1.739368e-02
-7.000000 1.752753e-02
-6.750000 1.763835e-02
-6.500000 1.772612e-02
-6.250000 1.779087e-02
-6.000000 1.783268e-02
-5.750000 1.785171e-02
-5.500000 1.784818e-02
-5.250000 1.782234e-02
-5.000000 1.777454e-02
-4.750000 1.770514e-02
-4.500000 1.761460e-02
-4.250000 1.750339e-02
-4.000000 1.737205e-02
-3.750000 1.722117e-02
-3.500000 1.705137e-02
-3.250000 1.686332e-02
-3.000000 1.665774e-02
-2.750000 1.643538e-02
-2.500000 1.619700e-02
-2.250000 1.594342e-02
-2.000000 1.567547e-02
-1.750000 1.539402e-02
-1.500000 1.509995e-02
-1.250000 1.479415e-02
-1.000000 1.447754e-02
-0.750000 1.415103e-02
-0.500000 1.381555e-02
-0.250000 1.347203e-02
0.000000 1.312140e-02
0.250000 1.276458e-02
0.500000 1.240247e-02
0.750000 1.203598e-02
1.000000 1.166599e-02
1.250000 1.129336e-02
1.500000 1.091892e-02
1.750000 1.054349e-02
2.000000 1.016785e-02
2.250000 9.792728e-03
2.500000 9.418835e-03
2.750000 9.046833e-03
3.000000 8.677337e-03
3.250000 8.310919e-03
3.500000 7.948099e-03
3.750000 7.589344e-03
4.000000 7.235069e-03
4.250000 6.885634e-03
4.500000 6.541342e-03
4.750000 6.202440e-03
5.000000 5.869117e-03
5.250000 5.541508e-03
5.500000 5.219693e-03
5.750000 4.903700e-03
6.000000 4.593505e-03
6.250000 4.289040e-03
6.500000 3.990195e-03
6.750000 3.696824e-03
7.000000 3.408749e-03
7.250000 3.125774e-03
7.500000 2.847688e-03
7.750000 2.574285e-03
8.000000 2.305376e-03
8.250000 2.040821e-03
8.500000 1.780569e-03
8.750000 1.524742e-03
9.000000 1.273794e-03
9.250000 1.028893e-03
9.500000 7.929280e-04
9.750000 5.737168e-04
10.000000 3.957526e-04
10.250000 3.290889e-04
10.500000 4.262146e-04
10.750000 6.118658e-04
11.000000 8.271947e-04
11.250000 1.053121e-03
11.500000 1.283162e-03
11.750000 1.514615e-03
12.000000 1.746110e-03
12.250000 1.976820e-03
12.500000 2.206154e-03
12.750000 2.433630e-03
13.000000 2.658811e-03
13.250000 2.881279e-03
13.500000 3.100617e-03
13.750000 3.316401e-03
14.000000 3.528198e-03
14.250000 3.735568e-03
14.500000 3.938059e-03
14.750000 4.135214e-03
15.000000 4.326569e-03
15.250000 4.511660e-03
15.500000 4.690023e-03
15.750000 4.861196e-03
16.000000 5.024725e-03
16.250000 5.180165e-03
16.500000 5.327082e-03
16.750000 5.465058e-03
17.000000 5.593692e-03
17.250000 5.712603e-03
17.500000 5.821431e-03
17.750000 5.919844e-03
18.000000 6.007533e-03
18.250000 6.084220e-03
18.500000 6.149656e-03
18.750000 6.203624e-03
19.000000 6.245942e-03
19.250000 6.276460e-03
19.500000 6.295065e-03
19.750000 6.301682e-03
20.000000 6.296271e-03
20.250000 6.278831e-03
20.500000 6.249401e-03
20.750000 6.208056e-03
21.000000 6.154912e-03
21.250000 6.090125e-03
21.500000 6.013887e-03
21.750000 5.926432e-03
22.000000 5.828031e-03
22.250000 5.718994e-03
22.500000 5.599668e-03
22.750000 5.470439e-03
23.000000 5.331731e-03
23.250000 5.184004e-03
23.500000 5.027754e-03
23.750000 4.863518e-03
24.000000 4.691866e-03
24.250000 4.513411e-03
24.500000 4.328803e-03
24.750000 4.138738e-03
25.000000 3.943955e-03
25.250000 3.745248e-03
25.500000 3.543468e-03
25.750000 3.339540e-03
26.000000 3.134473e-03
26.250000 2.929383e-03
26.500000 2.725527e-03
26.750000 2.524340e-03
27.000000 2.327496e-03
27.250000 2.136985e-03
27.500000 1.955210e-03
27.750000 1.785112e-03
28.000000 1.630278e-03
28.250000 1.494992e-03
28.500000 1.384095e-03
28.750000 1.302462e-03
29.000000 1.254007e-03
29.250000 1.240430e-03
29.500000 1.260378e-03
29.750000 1.309668e-03
30.000000 1.382431e-03
30.250000 1.472454e-03
30.500000 1.574095e-03
30.750000 1.682653e-03
31.000000 1.794392e-03
31.250000 1.906404e-03
31.500000 2.016438e-03
31.750000 2.122748e-03
32.000000 2.223969e-03
32.250000 2.319029e-03
32.500000 2.407077e-03
32.750000 2.487441e-03
33.000000 2.559585e-03
33.250000 2.623093e-03
33.500000 2.677641e-03
33.750000 2.722988e-03
34.000000 2.758967e-03
34.250000 2.785470e-03
34.500000 2.802449e-03
34.750000 2.809907e-03
35.000000 2.807893e-03
35.250000 2.796503e-03
35.500000 2.775872e-03
35.750000 2.746175e-03
36.000000 2.707621e-03
36.250000 2.660454e-03
36.500000 2.604952e-03
36.750000 2.541420e-03
37.000000 2.470193e-03
37.250000 2.391631e-03
37.500000 2.306122e-03
37.750000 2.214073e-03
38.000000 2.115917e-03
38.250000 2.012107e-03
38.500000 1.903117e-03
38.750000 1.789440e-03
39.000000 1.671593e-03
39.250000 1.550115e-03
39.500000 1.425575e-03
39.750000 1.298578e-03
40.000000 1.169783e-03
40.250000 1.039930e-03
40.500000 9.098957e-04
40.750000 7.808004e-04
41.000000 6.542325e-04
41.250000 5.327556e-04
41.500000 4.211196e-04
41.750000 3.290921e-04
42.000000 2.755799e-04
42.250000 2.811166e-04
42.500000 3.403803e-04
42.750000 4.293513e-04
43.000000 5.310498e-04
43.250000 6.372518e-04
43.500000 7.439885e-04
43.750000 8.491364e-04
44.000000 9.514202e-04
44.250000 1.049992e-03
44.500000 1.144242e-03
44.750000 1.233705e-03
45.000000 1.318013e-03
45.250000 1.396869e-03
45.500000 1.470030e-03
45.750000 1.537303e-03
46.000000 1.598531e-03
46.250000 1.653598e-03
46.500000 1.702423e-03
46.750000 1.744954e-03
47.000000 1.781176e-03
47.250000 1.811102e-03
47.500000 1.834776e-03
47.750000 1.852272e-03
48.000000 1.863692e-03
48.250000 1.869168e-03
48.500000 1.868861e-03
48.750000 1.862958e-03
49.000000 1.851674e-03
49.250000 1.835253e-03
49.500000 1.813964e-03
49.750000 1.788104e-03
50.000000 1.757998e-03
