-50.000000 6.239701e-04
-49.750000 6.170006e-04
-49.500000 6.001503e-04
-49.250000 5.718984e-04
-49.000000 5.313032e-04
-48.750000 4.782104e-04
-48.500000 4.134559e-04
-48.250000 3.391685e-04
-48.000000 2.595458e-04
-47.750000 1.836359e-04
-47.500000 1.349880e-04
-47.250000 1.498958e-04
-47.000000 2.125165e-04
-46.750000 2.867986e-04
-46.500000 3.572910e-04
-46.250000 4.176588e-04
-46.000000 4.650041e-04
-45.750000 4.985779e-04
-45.500000 5.195867e-04
-45.250000 5.312179e-04
-45.000000 5.385146e-04
-44.750000 5.477399e-04
-44.500000 5.649364e-04
-44.250000 5.939188e-04
-44.000000 6.347709e-04
-43.750000 6.838759e-04
-43.500000 7.352731e-04
-43.250000 7.823073e-04
-43.000000 8.188949e-04
-42.750000 8.403687e-04
-42.500000 8.441100e-04
-42.250000 8.301723e-04
-42.000000 8.020321e-04
-41.750000 7.674584e-04
-41.500000 7.390267e-04
-41.250000 7.327136e-04
-41.000000 7.625247e-04
-40.750000 8.330961e-04
-40.500000 9.375064e-04
-40.250000 1.062086e-03
-40.000000 1.191987e-03
-39.750000 1.313919e-03
-39.500000 1.416906e-03
-39.250000 1.492417e-03
-39.000000 1.534456e-03
-38.750000 1.539748e-03
-38.500000 1.508033e-03
-38.250000 1.442479e-03
-38.000000 1.350245e-03
-37.750000 1.243215e-03
-37.500000 1.138595e-03
-37.250000 1.058099e-03
-37.000000 1.022871e-03
-36.750000 1.043211e-03
-36.500000 1.111239e-03
-36.250000 1.205559e-03
-36.000000 1.301754e-03
-35.750000 1.378800e-03
-35.500000 1.420716e-03
-35.250000 1.416338e-03
-35.000000 1.358861e-03
-34.750000 1.245555e-03
-34.500000 1.077751e-03
-34.250000 8.614130e-04
-34.000000 6.100687e-04
-33.750000 3.632891e-04
-33.500000 2.954125e-04
-33.250000 5.257666e-04
-33.000000 8.372769e-04
-32.750000 1.150002e-03
-32.500000 1.437303e-03
-32.250000 1.682302e-03
-32.000000 1.872032e-03
-31.750000 1.996688e-03
-31.500000 2.049844e-03
-31.250000 2.028922e-03
-31.000000 1.935835e-03
-30.750000 1.777974e-03
-30.500000 1.570090e-03
-30.250000 1.338398e-03
-30.000000 1.128838e-03
-29.750000 1.014156e-03
-29.500000 1.061854e-03
-29.250000 1.260745e-03
-29.000000 1.539998e-03
-28.750000 1.837108e-03
-28.500000 2.111635e-03
-28.250000 2.337413e-03
-28.000000 2.496930e-03
-27.750000 2.578885e-03
-27.500000 2.577265e-03
-27.250000 2.491027e-03
-27.000000 2.324023e-03
-26.750000 2.085125e-03
-26.500000 1.788763e-03
-26.250000 1.456741e-03
-26.000000 1.123990e-03
-25.750000 8.545506e-04
-25.500000 7.555487e-04
-25.250000 8.761755e-04
-25.000000 1.114772e-03
-24.750000 1.368604e-03
-24.500000 1.585775e-03
-24.250000 1.740526e-03
-24.000000 1.819597e-03
-23.750000 1.817692e-03
-23.500000 1.736158e-03
-23.250000 1.583008e-03
-23.000000 1.374214e-03
-22.750000 1.137665e-03
-22.500000 9.229521e-04
-22.250000 8.120958e-04
-22.000000 8.746464e-04
-21.750000 1.074639e-03
-21.500000 1.325033e-03
-21.250000 1.564607e-03
-21.000000 1.757558e-03
-20.750000 1.881881e-03
-20.500000 1.924019e-03
-20.250000 1.876909e-03
-20.000000 1.739282e-03
-19.750000 1.515386e-03
-19.500000 1.214976e-03
-19.250000 8.542244e-04
-19.000000 4.642024e-04
-18.750000 2.288005e-04
-18.500000 5.411489e-04
-18.250000 9.531678e-04
-18.000000 1.338244e-03
-17.750000 1.663941e-03
-17.500000 1.907750e-03
-17.250000 2.051917e-03
-17.000000 2.083358e-03
-16.750000 1.994340e-03
-16.500000 1.783593e-03
-16.250000 1.458819e-03
-16.000000 1.046239e-03
-15.750000 6.487069e-04
-15.500000 6.780898e-04
-15.250000 1.232621e-03
-15.000000 1.950969e-03
-14.750000 2.717090e-03
-14.500000 3.484456e-03
-14.250000 4.219954e-03
-14.000000 4.895532e-03
-13.750000 5.487112e-03
-13.500000 5.975010e-03
-13.250000 6.344726e-03
-13.000000 6.587772e-03
-12.750000 6.702468e-03
-12.500000 6.694682e-03
-12.250000 6.578524e-03
-12.000000 6.377002e-03
-11.750000 6.122485e-03
-11.500000 5.856471e-03
-11.250000 5.627497e-03
-11.000000 5.485378e-03
-10.750000 5.470914e-03
-10.500000 5.604274e-03
-10.250000 5.879458e-03
-10.000000 6.269319e-03
-9.750000 6.736971e-03
-9.500000 7.246209e-03
-9.250000 7.767474e-03
-9.000000 8.280102e-03
-8.750000 8.772599e-03
-8.500000 9.242219e-03
-8.250000 9.694423e-03
-8.000000 1.014235e-02
-7.750000 1.060627e-02
-7.500000 1.111268e-02
-7.250000 1.169290e-02
-7.000000 1.238067e-02
-6.750000 1.320898e-02
-6.500000 1.420636e-02
-6.250000 1.539336e-02
-6.000000 1.678003e-02
-5.750000 1.836468e-02
-5.500000 2.013394e-02
-5.250000 2.206358e-02
-5.000000 2.411988e-02
-4.750000 2.626110e-02
-4.500000 2.843903e-02
-4.250000 3.060055e-02
-4.000000 3.268929e-02
-3.750000 3.464733e-02
-3.500000 3.641697e-02
-3.250000 3.794258e-02
-3.000000 3.917241e-02
-2.750000 4.006037e-02
-2.500000 4.056769e-02
-2.250000 4.066433e-02
-2.000000 4.033026e-02
-1.750000 3.955640e-02
-1.500000 3.834519e-02
-1.250000 3.671092e-02
-1.000000 3.467971e-02
-0.750000 3.228920e-02
-0.500000 2.958806e-02
-0.250000 2.663555e-02
0.000000 2.350132e-02
0.250000 2.026628e-02
0.500000 1.702587e-02
0.750000 1.389875e-02
1.000000 1.104748e-02
1.250000 8.719267e-03
1.500000 7.275862e-03
1.750000 7.017940e-03
2.000000 7.778850e-03
2.250000 9.045458e-03
2.500000 1.040771e-02
2.750000 1.164494e-02
3.000000 1.265104e-02
3.250000 1.337991e-02
3.500000 1.381933e-02
3.750000 1.397854e-02
4.000000 1.388184e-02
4.250000 1.356463e-02
4.500000 1.307054e-02
4.750000 1.244884e-02
5.000000 1.175188e-02
5.250000 1.103197e-02
5.500000 1.033756e-02
5.750000 9.708583e-03
6.000000 9.171411e-03
6.250000 8.734943e-03
6.500000 8.389585e-03
6.750000 8.110307e-03
7.000000 7.862971e-03
7.250000 7.611570e-03
7.500000 7.324139e-03
7.750000 6.976338e-03
8.000000 6.552905e-03
8.250000 6.047699e-03
8.500000 5.463048e-03
8.750000 4.809015e-03
9.000000 4.103111e-03
9.250000 3.371423e-03
9.500000 2.653415e-03
9.750000 2.016366e-03
10.000000 1.585661e-03
10.250000 1.522971e-03
10.500000 1.813275e-03
10.750000 2.264516e-03
11.000000 2.736151e-03
11.250000 3.160942e-03
11.500000 3.506382e-03
11.750000 3.756073e-03
12.000000 3.902834e-03
12.250000 3.946066e-03
12.500000 3.890664e-03
12.750000 3.746584e-03
13.000000 3.528724e-03
13.250000 3.257076e-03
13.500000 2.957073e-03
13.750000 2.659887e-03
14.000000 2.401532e-03
14.250000 2.218045e-03
14.500000 2.134026e-03
14.750000 2.149302e-03
15.000000 2.237526e-03
15.250000 2.359960e-03
15.500000 2.480541e-03
15.750000 2.572944e-03
16.000000 2.621682e-03
16.250000 2.621270e-03
16.500000 2.575386e-03
16.750000 2.496387e-03
17.000000 2.404786e-03
17.250000 2.327559e-03
17.500000 2.293472e-03
17.750000 2.324575e-03
18.000000 2.427286e-03
18.250000 2.589868e-03
18.500000 2.788164e-03
18.750000 2.994070e-03
19.000000 3.181476e-03
19.250000 3.328962e-03
19.500000 3.420595e-03
19.750000 3.445989e-03
20.000000 3.400161e-03
20.250000 3.283375e-03
20.500000 3.101034e-03
20.750000 2.863660e-03
21.000000 2.587070e-03
21.250000 2.292816e-03
21.500000 2.008799e-03
21.750000 1.768879e-03
22.000000 1.607751e-03
22.250000 1.546564e-03
22.500000 1.576838e-03
22.750000 1.663358e-03
23.000000 1.764211e-03
23.250000 1.845537e-03
23.500000 1.884920e-03
23.750000 1.869870e-03
24.000000 1.795800e-03
24.250000 1.664634e-03
24.500000 1.484149e-03
24.750000 1.268247e-03
25.000000 1.038913e-03
25.250000 8.315301e-04
25.500000 7.012370e-04
25.750000 6.999939e-04
26.000000 8.111939e-04
26.250000 9.676146e-04
26.500000 1.116349e-03
26.750000 1.227426e-03
27.000000 1.284398e-03
27.250000 1.278916e-03
27.500000 1.208729e-03
27.750000 1.077524e-03
28.000000 8.968304e-04
28.250000 6.937502e-04
28.500000 5.372873e-04
28.750000 5.584992e-04
29.000000 7.806020e-04
29.250000 1.095622e-03
29.500000 1.435316e-03
29.750000 1.766602e-03
30.000000 2.068985e-03
30.250000 2.327536e-03
30.500000 2.530983e-03
30.750000 2.671236e-03
31.000000 2.743302e-03
31.250000 2.745263e-03
31.500000 2.678219e-03
31.750000 2.546139e-03
32.000000 2.355637e-03
32.250000 2.115680e-03
32.500000 1.837281e-03
32.750000 1.533301e-03
33.000000 1.218632e-03
33.250000 9.116808e-04
33.500000 6.401819e-04
33.750000 4.586221e-04
34.000000 4.434810e-04
34.250000 5.627305e-04
34.500000 7.157021e-04
34.750000 8.539232e-04
35.000000 9.617369e-04
35.250000 1.035883e-03
35.500000 1.079032e-03
35.750000 1.097483e-03
36.000000 1.099826e-03
36.250000 1.095538e-03
36.500000 1.093202e-03
36.750000 1.098544e-03
37.000000 1.112992e-03
37.250000 1.133540e-03
37.500000 1.153996e-03
37.750000 1.166889e-03
38.000000 1.165219e-03
38.250000 1.143660e-03
38.500000 1.099286e-03
38.750000 1.032020e-03
39.000000 9.450724e-04
39.250000 8.456216e-04
39.500000 7.459663e-04
39.750000 6.646785e-04
40.000000 6.244803e-04
40.250000 6.410074e-04
40.500000 7.095764e-04
40.750000 8.097887e-04
41.000000 9.200008e-04
41.250000 1.023823e-03
41.500000 1.110055e-03
41.750000 1.171353e-03
42.000000 1.203272e-03
42.250000 1.203694e-03
42.500000 1.172488e-03
42.750000 1.111259e-03
43.000000 1.023132e-03
43.250000 9.125656e-04
43.500000 7.851989e-04
43.750000 6.478399e-04
44.000000 5.088300e-04
44.250000 3.794993e-04
44.500000 2.782856e-04
44.750000 2.339286e-04
45.000000 2.571058e-04
45.250000 3.142219e-04
45.500000 3.729566e-04
45.750000 4.185862e-04
46.000000 4.453583e-04
46.250000 4.515439e-04
46.500000 4.376290e-04
46.750000 4.055983e-04
47.000000 3.586146e-04
47.250000 3.009426e-04
47.500000 2.382661e-04
47.750000 1.790522e-04
48.000000 1.379876e-04
48.250000 1.337834e-04
48.500000 1.633824e-04
48.750000 2.050398e-04
49.000000 2.449172e-04
49.250000 2.772960e-04
49.500000 3.003363e-04
49.750000 3.144292e-04
50.000000 3.216668e-04
