-50.000000 8.003504e-04
-49.750000 8.460966e-04
-49.500000 8.844427e-04
-49.250000 9.116289e-04
-49.000000 9.251331e-04
-48.750000 9.237782e-04
-48.500000 9.078678e-04
-48.250000 8.793826e-04
-48.000000 8.422374e-04
-47.750000 8.025345e-04
-47.500000 7.685543e-04
-47.250000 7.499098e-04
-47.000000 7.552368e-04
-46.750000 7.889361e-04
-46.500000 8.493007e-04
-46.250000 9.296766e-04
-46.000000 1.021263e-03
-45.750000 1.115333e-03
-45.500000 1.204257e-03
-45.250000 1.281774e-03
-45.000000 1.342970e-03
-44.750000 1.384217e-03
-44.500000 1.403101e-03
-44.250000 1.398383e-03
-44.000000 1.369957e-03
-43.750000 1.318797e-03
-43.500000 1.246893e-03
-43.250000 1.157160e-03
-43.000000 1.053317e-03
-42.750000 9.397326e-04
-42.500000 8.212343e-04
-42.250000 7.028576e-04
-42.000000 5.895219e-04
-41.750000 4.855921e-04
-41.500000 3.943246e-04
-41.250000 3.173650e-04
-41.000000 2.549711e-04
-40.750000 2.084794e-04
-40.500000 1.863263e-04
-40.250000 2.057555e-04
-40.000000 2.744888e-04
-39.750000 3.843619e-04
-39.500000 5.262027e-04
-39.250000 6.935994e-04
-39.000000 8.810822e-04
-38.750000 1.083005e-03
-38.500000 1.293210e-03
-38.250000 1.505032e-03
-38.000000 1.711444e-03
-37.750000 1.905270e-03
-37.500000 2.079417e-03
-37.250000 2.227121e-03
-37.000000 2.342185e-03
-36.750000 2.419216e-03
-36.500000 2.453824e-03
-36.250000 2.442808e-03
-36.000000 2.384295e-03
-35.750000 2.277848e-03
-35.500000 2.124526e-03
-35.250000 1.926901e-03
-35.000000 1.689034e-03
-34.750000 1.416434e-03
-34.500000 1.116049e-03
-34.250000 7.965297e-04
-34.000000 4.703613e-04
-33.750000 1.821510e-04
-33.500000 2.708394e-04
-33.250000 5.658450e-04
-33.000000 8.543002e-04
-32.750000 1.114141e-03
-32.500000 1.335550e-03
-32.250000 1.511500e-03
-32.000000 1.636818e-03
-31.750000 1.708168e-03
-31.500000 1.724205e-03
-31.250000 1.685828e-03
-31.000000 1.596568e-03
-30.750000 1.463282e-03
-30.500000 1.297586e-03
-30.250000 1.118905e-03
-30.000000 9.602056e-04
-29.750000 8.725544e-04
-29.500000 9.056623e-04
-29.250000 1.060619e-03
-29.000000 1.293825e-03
-28.750000 1.561325e-03
-28.500000 1.833323e-03
-28.250000 2.090309e-03
-28.000000 2.318797e-03
-27.750000 2.509130e-03
-27.500000 2.654512e-03
-27.250000 2.750593e-03
-27.000000 2.795274e-03
-26.750000 2.788604e-03
-26.500000 2.732675e-03
-26.250000 2.631487e-03
-26.000000 2.490774e-03
-25.750000 2.317768e-03
-25.500000 2.120893e-03
-25.250000 1.909384e-03
-25.000000 1.692781e-03
-24.750000 1.480285e-03
-24.500000 1.279923e-03
-24.250000 1.097532e-03
-24.000000 9.358174e-04
-23.750000 7.940788e-04
-23.500000 6.697055e-04
-23.250000 5.628740e-04
-23.000000 4.859622e-04
-22.750000 4.730635e-04
-22.500000 5.602047e-04
-22.250000 7.443506e-04
-22.000000 9.998379e-04
-21.750000 1.305648e-03
-21.500000 1.646885e-03
-21.250000 2.011128e-03
-21.000000 2.386567e-03
-20.750000 2.761420e-03
-20.500000 3.123935e-03
-20.250000 3.462633e-03
-20.000000 3.766655e-03
-19.750000 4.026142e-03
-19.500000 4.232618e-03
-19.250000 4.379357e-03
-19.000000 4.461707e-03
-18.750000 4.477394e-03
-18.500000 4.426765e-03
-18.250000 4.313017e-03
-18.000000 4.142392e-03
-17.750000 3.924378e-03
-17.500000 3.671925e-03
-17.250000 3.401644e-03
-17.000000 3.133868e-03
-16.750000 2.892112e-03
-16.500000 2.701063e-03
-16.250000 2.582101e-03
-16.000000 2.546928e-03
-15.750000 2.593161e-03
-15.500000 2.706177e-03
-15.250000 2.866255e-03
-15.000000 3.055857e-03
-14.750000 3.263729e-03
-14.500000 3.485933e-03
-14.250000 3.724984e-03
-14.000000 3.987905e-03
-13.750000 4.283596e-03
-13.500000 4.619957e-03
-13.250000 5.001312e-03
-13.000000 5.426716e-03
-12.750000 5.889394e-03
-12.500000 6.377184e-03
-12.250000 6.873594e-03
-12.000000 7.359093e-03
-11.750000 7.812379e-03
-11.500000 8.211505e-03
-11.250000 8.534855e-03
-11.000000 8.761994e-03
-10.750000 8.874404e-03
-10.500000 8.856150e-03
-10.250000 8.694481e-03
-10.000000 8.380423e-03
-9.750000 7.909393e-03
-9.500000 7.282005e-03
-9.250000 6.505385e-03
-9.000000 5.595957e-03
-8.750000 4.586545e-03
-8.500000 3.547730e-03
-8.250000 2.657321e-03
-8.000000 2.337987e-03
-7.750000 2.937500e-03
-7.500000 4.138236e-03
-7.250000 5.587318e-03
-7.000000 7.129026e-03
-6.750000 8.688749e-03
-6.500000 1.021975e-02
-6.250000 1.168677e-02
-6.000000 1.306078e-02
-5.750000 1.431720e-02
-5.500000 1.543544e-02
-5.250000 1.639882e-02
-5.000000 1.719470e-02
-4.750000 1.781460e-02
-4.500000 1.825425e-02
-4.250000 1.851369e-02
-4.000000 1.859715e-02
-3.750000 1.851291e-02
-3.500000 1.827311e-02
-3.250000 1.789335e-02
-3.000000 1.739234e-02
-2.750000 1.679137e-02
-2.500000 1.611373e-02
-2.250000 1.538403e-02
-2.000000 1.462736e-02
-1.750000 1.386835e-02
-1.500000 1.313012e-02
-1.250000 1.243297e-02
-1.000000 1.179320e-02
-0.750000 1.122189e-02
-0.500000 1.072408e-02
-0.250000 1.029862e-02
0.000000 9.938665e-03
0.250000 9.633064e-03
0.500000 9.368107e-03
0.750000 9.129444e-03
1.000000 8.903738e-03
1.250000 8.679835e-03
1.500000 8.449412e-03
1.750000 8.207137e-03
2.000000 7.950479e-03
2.250000 7.679267e-03
2.500000 7.395131e-03
2.750000 7.100882e-03
3.000000 6.799935e-03
3.250000 6.495810e-03
3.500000 6.191768e-03
3.750000 5.890646e-03
4.000000 5.594892e-03
4.250000 5.306846e-03
4.500000 5.029233e-03
4.750000 4.765845e-03
5.000000 4.522318e-03
5.250000 4.306859e-03
5.500000 4.130624e-03
5.750000 4.007362e-03
6.000000 3.951829e-03
6.250000 3.976916e-03
6.500000 4.090259e-03
6.750000 4.291930e-03
7.000000 4.574412e-03
7.250000 4.924594e-03
7.500000 5.326433e-03
7.750000 5.763128e-03
8.000000 6.218440e-03
8.250000 6.677311e-03
8.500000 7.126088e-03
8.750000 7.552584e-03
9.000000 7.946076e-03
9.250000 8.297319e-03
9.500000 8.598587e-03
9.750000 8.843721e-03
10.000000 9.028204e-03
10.250000 9.149231e-03
10.500000 9.205774e-03
10.750000 9.198633e-03
11.000000 9.130453e-03
11.250000 9.005704e-03
11.500000 8.830606e-03
11.750000 8.612980e-03
12.000000 8.362006e-03
12.250000 8.087864e-03
12.500000 7.801236e-03
12.750000 7.512646e-03
13.000000 7.231672e-03
13.250000 6.966065e-03
13.500000 6.720891e-03
13.750000 6.497880e-03
14.000000 6.295121e-03
14.250000 6.107250e-03
14.500000 5.926104e-03
14.750000 5.741743e-03
15.000000 5.543615e-03
15.250000 5.321703e-03
15.500000 5.067483e-03
15.750000 4.774683e-03
16.000000 4.439843e-03
16.250000 4.062761e-03
16.500000 3.646995e-03
16.750000 3.200648e-03
17.000000 2.737996e-03
17.250000 2.283052e-03
17.500000 1.876930e-03
17.750000 1.588031e-03
18.000000 1.501013e-03
18.250000 1.644236e-03
18.500000 1.949965e-03
18.750000 2.329258e-03
19.000000 2.721313e-03
19.250000 3.089844e-03
19.500000 3.412335e-03
19.750000 3.674000e-03
20.000000 3.864994e-03
20.250000 3.979165e-03
20.500000 4.013453e-03
20.750000 3.967585e-03
21.000000 3.843875e-03
21.250000 3.647068e-03
21.500000 3.384203e-03
21.750000 3.064507e-03
22.000000 2.699384e-03
22.250000 2.302664e-03
22.500000 1.891511e-03
22.750000 1.489103e-03
23.000000 1.131918e-03
23.250000 8.844589e-04
23.500000 8.297570e-04
23.750000 9.641860e-04
24.000000 1.186503e-03
24.250000 1.417834e-03
24.500000 1.619727e-03
24.750000 1.773762e-03
25.000000 1.870847e-03
25.250000 1.907147e-03
25.500000 1.882503e-03
25.750000 1.799789e-03
26.000000 1.664725e-03
26.250000 1.486097e-03
26.500000 1.276680e-03
26.750000 1.055805e-03
27.000000 8.555020e-04
27.250000 7.292489e-04
27.500000 7.352844e-04
27.750000 8.705570e-04
28.000000 1.075748e-03
28.250000 1.300335e-03
28.500000 1.515227e-03
28.750000 1.703713e-03
29.000000 1.855580e-03
29.250000 1.964579e-03
29.500000 2.027400e-03
29.750000 2.043226e-03
30.000000 2.013547e-03
30.250000 1.942102e-03
30.500000 1.834909e-03
30.750000 1.700417e-03
31.000000 1.549799e-03
31.250000 1.397372e-03
31.500000 1.260750e-03
31.750000 1.159526e-03
32.000000 1.110389e-03
32.250000 1.119136e-03
32.500000 1.176520e-03
32.750000 1.263422e-03
33.000000 1.359492e-03
33.250000 1.448056e-03
33.500000 1.517068e-03
33.750000 1.558512e-03
34.000000 1.567585e-03
34.250000 1.542069e-03
34.500000 1.481875e-03
34.750000 1.388717e-03
35.000000 1.265859e-03
35.250000 1.117946e-03
35.500000 9.509319e-04
35.750000 7.722792e-04
36.000000 5.919306e-04
36.250000 4.258529e-04
36.500000 3.071245e-04
36.750000 2.903398e-04
37.000000 3.710339e-04
37.250000 4.844135e-04
37.500000 5.935868e-04
37.750000 6.840110e-04
38.000000 7.492588e-04
38.250000 7.863849e-04
38.500000 7.944821e-04
38.750000 7.741420e-04
39.000000 7.271979e-04
39.250000 6.565704e-04
39.500000 5.661802e-04
39.750000 4.609937e-04
40.000000 3.475109e-04
40.250000 2.361287e-04
40.500000 1.526119e-04
40.750000 1.548176e-04
41.000000 2.311930e-04
41.250000 3.215635e-04
41.500000 4.037155e-04
41.750000 4.697063e-04
42.000000 5.155590e-04
42.250000 5.390916e-04
42.500000 5.393570e-04
42.750000 5.164542e-04
43.000000 4.714392e-04
43.250000 4.062788e-04
43.500000 3.238894e-04
43.750000 2.285704e-04
44.000000 1.292498e-04
44.250000 7.536720e-05
44.500000 1.526199e-04
44.750000 2.642901e-04
45.000000 3.766169e-04
45.250000 4.821647e-04
45.500000 5.768111e-04
45.750000 6.576227e-04
46.000000 7.225721e-04
46.250000 7.705425e-04
46.500000 8.013997e-04
46.750000 8.160800e-04
47.000000 8.166820e-04
47.250000 8.065417e-04
47.500000 7.902435e-04
47.750000 7.734577e-04
48.000000 7.624275e-04
48.250000 7.629507e-04
48.500000 7.789978e-04
48.750000 8.115897e-04
49.000000 8.586474e-04
49.250000 9.158642e-04
49.500000 9.779561e-04
49.750000 1.039668e-03
50.000000 1.096346e-03
