-50.000000 2.141900e-03
-49.750000 2.116688e-03
-49.500000 2.090222e-03
-49.250000 2.062599e-03
-49.000000 2.033918e-03
-48.750000 2.004287e-03
-48.500000 1.973816e-03
-48.250000 1.942620e-03
-48.000000 1.910820e-03
-47.750000 1.878541e-03
-47.500000 1.845912e-03
-47.250000 1.813067e-03
-47.000000 1.780140e-03
-46.750000 1.747274e-03
-46.500000 1.714608e-03
-46.250000 1.682287e-03
-46.000000 1.650455e-03
-45.750000 1.619256e-03
-45.500000 1.588832e-03
-45.250000 1.559323e-03
-45.000000 1.530862e-03
-44.750000 1.503577e-03
-44.500000 1.477588e-03
-44.250000 1.453002e-03
-44.000000 1.429914e-03
-43.750000 1.408406e-03
-43.500000 1.388538e-03
-43.250000 1.370355e-03
-43.000000 1.353879e-03
-42.750000 1.339110e-03
-42.500000 1.326026e-03
-42.250000 1.314579e-03
-42.000000 1.304700e-03
-41.750000 1.296298e-03
-41.500000 1.289258e-03
-41.250000 1.283448e-03
-41.000000 1.278717e-03
-40.750000 1.274900e-03
-40.500000 1.271820e-03
-40.250000 1.269289e-03
-40.000000 1.267111e-03
-39.750000 1.265086e-03
-39.500000 1.263012e-03
-39.250000 1.260685e-03
-39.000000 1.257903e-03
-38.750000 1.254464e-03
-38.500000 1.250174e-03
-38.250000 1.244841e-03
-38.000000 1.238279e-03
-37.750000 1.230308e-03
-37.500000 1.220756e-03
-37.250000 1.209457e-03
-37.000000 1.196254e-03
-36.750000 1.180994e-03
-36.500000 1.163534e-03
-36.250000 1.143738e-03
-36.000000 1.121478e-03
-35.750000 1.096632e-03
-35.500000 1.069086e-03
-35.250000 1.038734e-03
-35.000000 1.005476e-03
-34.750000 9.692216e-04
-34.500000 9.298854e-04
-34.250000 8.873914e-04
-34.000000 8.416716e-04
-33.750000 7.926671e-04
-33.500000 7.403298e-04
-33.250000 6.846246e-04
-33.000000 6.255337e-04
-32.750000 5.630644e-04
-32.500000 4.972648e-04
-32.250000 4.282563e-04
-32.000000 3.563111e-04
-31.750000 2.820630e-04
-31.500000 2.072067e-04
-31.250000 1.374986e-04
-31.000000 9.690943e-05
-30.750000 1.280662e-04
-30.500000 2.050164e-04
-30.250000 2.974295e-04
-30.000000 3.974391e-04
-29.750000 5.028363e-04
-29.500000 6.127999e-04
-29.250000 7.269501e-04
-29.000000 8.450790e-04
-28.750000 9.670538e-04
-28.500000 1.092778e-03
-28.250000 1.222173e-03
-28.000000 1.355169e-03
-27.750000 1.491701e-03
-27.500000 1.631703e-03
-27.250000 1.775111e-03
-27.000000 1.921858e-03
-26.750000 2.071875e-03
-26.500000 2.225091e-03
-26.250000 2.381431e-03
-26.000000 2.540818e-03
-25.750000 2.703173e-03
-25.500000 2.868412e-03
-25.250000 3.036449e-03
-25.000000 3.207195e-03
-24.750000 3.380557e-03
-24.500000 3.556442e-03
-24.250000 3.734750e-03
-24.000000 3.915382e-03
-23.750000 4.098235e-03
-23.500000 4.283202e-03
-23.250000 4.470175e-03
-23.000000 4.659043e-03
-22.750000 4.849694e-03
-22.500000 5.042011e-03
-22.250000 5.235879e-03
-22.000000 5.431177e-03
-21.750000 5.627784e-03
-21.500000 5.825578e-03
-21.250000 6.024433e-03
-21.000000 6.224223e-03
-20.750000 6.424820e-03
-20.500000 6.626096e-03
-20.250000 6.827920e-03
-20.000000 7.030160e-03
-19.750000 7.232685e-03
-19.500000 7.435360e-03
-19.250000 7.638052e-03
-19.000000 7.840626e-03
-18.750000 8.042947e-03
-18.500000 8.244878e-03
-18.250000 8.446285e-03
-18.000000 8.647029e-03
-17.750000 8.846976e-03
-17.500000 9.045989e-03
-17.250000 9.243931e-03
-17.000000 9.440668e-03
-16.750000 9.636062e-03
-16.500000 9.829979e-03
-16.250000 1.002228e-02
-16.000000 1.021284e-02
-15.750000 1.040153e-02
-15.500000 1.058820e-02
-15.250000 1.077273e-02
-15.000000 1.095498e-02
-14.750000 1.113484e-02
-14.500000 1.131217e-02
-14.250000 1.148684e-02
-14.000000 1.165874e-02
-13.750000 1.182773e-02
-13.500000 1.199370e-02
-13.250000 1.215653e-02
-13.000000 1.231610e-02
-12.750000 1.247229e-02
-12.500000 1.262499e-02
-12.250000 1.277409e-02
-12.000000 1.291948e-02
-11.750000 1.306106e-02
-11.500000 1.319871e-02
-11.250000 1.333234e-02
-11.000000 1.346185e-02
-10.750000 1.358714e-02
-10.500000 1.370812e-02
-10.250000 1.382469e-02
-10.000000 1.393677e-02
-9.750000 1.404427e-02
-9.500000 1.414711e-02
-9.250000 1.424521e-02
-9.000000 1.433849e-02
-8.750000 1.442688e-02
-8.500000 1.451030e-02
-8.250000 1.458871e-02
-8.000000 1.466201e-02
-7.750000 1.473017e-02
-7.500000 1.479312e-02
-7.250000 1.485081e-02
-7.000000 1.490318e-02
-6.750000 1.495019e-02
-6.500000 1.499181e-02
-6.250000 1.502798e-02
-6.000000 1.505867e-02
-5.750000 1.508386e-02
-5.500000 1.510350e-02
-5.250000 1.511759e-02
-5.000000 1.512609e-02
-4.750000 1.512898e-02
-4.500000 1.512627e-02
-4.250000 1.511793e-02
-4.000000 1.510395e-02
-3.750000 1.508435e-02
-3.500000 1.505911e-02
-3.250000 1.502824e-02
-3.000000 1.499176e-02
-2.750000 1.494967e-02
-2.500000 1.490199e-02
-2.250000 1.484874e-02
-2.000000 1.478995e-02
-1.750000 1.472564e-02
-1.500000 1.465585e-02
-1.250000 1.458061e-02
-1.000000 1.449995e-02
-0.750000 1.441393e-02
-0.500000 1.432259e-02
-0.250000 1.422598e-02
0.000000 1.412415e-02
0.250000 1.401716e-02
0.500000 1.390508e-02
0.750000 1.378796e-02
1.000000 1.366587e-02
1.250000 1.353889e-02
1.500000 1.340710e-02
1.750000 1.327056e-02
2.000000 1.312937e-02
2.250000 1.298360e-02
2.500000 1.283335e-02
2.750000 1.267871e-02
3.000000 1.251978e-02
3.250000 1.235665e-02
3.500000 1.218942e-02
3.750000 1.201820e-02
4.000000 1.184309e-02
4.250000 1.166421e-02
4.500000 1.148168e-02
4.750000 1.129560e-02
5.000000 1.110610e-02
5.250000 1.091330e-02
5.500000 1.071732e-02
5.750000 1.051829e-02
6.000000 1.031635e-02
6.250000 1.011162e-02
6.500000 9.904246e-03
6.750000 9.694358e-03
7.000000 9.482100e-03
7.250000 9.267615e-03
7.500000 9.051049e-03
7.750000 8.832550e-03
8.000000 8.612269e-03
8.250000 8.390360e-03
8.500000 8.166977e-03
8.750000 7.942281e-03
9.000000 7.716432e-03
9.250000 7.489595e-03
9.500000 7.261938e-03
9.750000 7.033631e-03
10.000000 6.804848e-03
10.250000 6.575769e-03
10.500000 6.346575e-03
10.750000 6.117455e-03
11.000000 5.888603e-03
11.250000 5.660217e-03
11.500000 5.432507e-03
11.750000 5.205688e-03
12.000000 4.979988e-03
12.250000 4.755647e-03
12.500000 4.532920e-03
12.750000 4.312083e-03
13.000000 4.093432e-03
13.250000 3.877295e-03
13.500000 3.664033e-03
13.750000 3.454053e-03
14.000000 3.247821e-03
14.250000 3.045870e-03
14.500000 2.848829e-03
14.750000 2.657441e-03
15.000000 2.472601e-03
15.250000 2.295392e-03
15.500000 2.127132e-03
15.750000 1.969435e-03
16.000000 1.824249e-03
16.250000 1.693893e-03
16.500000 1.581020e-03
16.750000 1.488479e-03
17.000000 1.419016e-03
17.250000 1.374811e-03
17.500000 1.356955e-03
17.750000 1.365076e-03
18.000000 1.397318e-03
18.250000 1.450700e-03
18.500000 1.521668e-03
18.750000 1.606624e-03
19.000000 1.702263e-03
19.250000 1.805745e-03
19.500000 1.914718e-03
19.750000 2.027279e-03
20.000000 2.141905e-03
20.250000 2.257381e-03
20.500000 2.372738e-03
20.750000 2.487198e-03
21.000000 2.600135e-03
21.250000 2.711042e-03
21.500000 2.819506e-03
21.750000 2.925188e-03
22.000000 3.027809e-03
22.250000 3.127141e-03
22.500000 3.222995e-03
22.750000 3.315216e-03
23.000000 3.403679e-03
23.250000 3.488283e-03
23.500000 3.568947e-03
23.750000 3.645612e-03
24.000000 3.718233e-03
24.250000 3.786783e-03
24.500000 3.851249e-03
24.750000 3.911628e-03
25.000000 3.967934e-03
25.250000 4.020190e-03
25.500000 4.068430e-03
25.750000 4.112702e-03
26.000000 4.153062e-03
26.250000 4.189577e-03
26.500000 4.222324e-03
26.750000 4.251392e-03
27.000000 4.276878e-03
27.250000 4.298890e-03
27.500000 4.317546e-03
27.750000 4.332974e-03
28.000000 4.345312e-03
28.250000 4.354709e-03
28.500000 4.361321e-03
28.750000 4.365318e-03
29.000000 4.366877e-03
29.250000 4.366187e-03
29.500000 4.363443e-03
29.750000 4.358854e-03
30.000000 4.352636e-03
30.250000 4.345014e-03
30.500000 4.336220e-03
30.750000 4.326497e-03
31.000000 4.316094e-03
31.250000 4.305264e-03
31.500000 4.294268e-03
31.750000 4.283371e-03
32.000000 4.272841e-03
32.250000 4.262946e-03
32.500000 4.253956e-03
32.750000 4.246136e-03
33.000000 4.239749e-03
33.250000 4.235053e-03
33.500000 4.232294e-03
33.750000 4.231710e-03
34.000000 4.233525e-03
34.250000 4.237946e-03
34.500000 4.245165e-03
34.750000 4.255352e-03
35.000000 4.268656e-03
35.250000 4.285202e-03
35.500000 4.305089e-03
35.750000 4.328393e-03
36.000000 4.355161e-03
36.250000 4.385414e-03
36.500000 4.419146e-03
36.750000 4.456326e-03
37.000000 4.496896e-03
37.250000 4.540775e-03
37.500000 4.587861e-03
37.750000 4.638029e-03
38.000000 4.691136e-03
38.250000 4.747022e-03
38.500000 4.805513e-03
38.750000 4.866421e-03
39.000000 4.929548e-03
39.250000 4.994687e-03
39.500000 5.061624e-03
39.750000 5.130140e-03
40.000000 5.200012e-03
40.250000 5.271016e-03
40.500000 5.342925e-03
40.750000 5.415514e-03
41.000000 5.488559e-03
41.250000 5.561839e-03
41.500000 5.635135e-03
41.750000 5.708231e-03
42.000000 5.780917e-03
42.250000 5.852987e-03
42.500000 5.924241e-03
42.750000 5.994484e-03
43.000000 6.063525e-03
43.250000 6.131183e-03
43.500000 6.197279e-03
43.750000 6.261643e-03
44.000000 6.324111e-03
44.250000 6.384525e-03
44.500000 6.442734e-03
44.750000 6.498593e-03
45.000000 6.551965e-03
45.250000 6.602717e-03
45.500000 6.650726e-03
45.750000 6.695872e-03
46.000000 6.738046e-03
46.250000 6.777141e-03
46.500000 6.813059e-03
46.750000 6.845709e-03
47.000000 6.875005e-03
47.250000 6.900867e-03
47.500000 6.923224e-03
47.750000 6.942008e-03
48.000000 6.957160e-03
48.250000 6.968626e-03
48.500000 6.976357e-03
48.750000 6.980312e-03
49.000000 6.980456e-03
49.250000 6.976758e-03
49.500000 6.969196e-03
49.750000 6.957750e-03
50.000000 6.942410e-03
