-50.000000 4.288961e-03
-49.750000 4.364003e-03
-49.500000 4.437935e-03
-49.250000 4.510652e-03
-49.000000 4.582050e-03
-48.750000 4.652029e-03
-48.500000 4.720494e-03
-48.250000 4.787349e-03
-48.000000 4.852505e-03
-47.750000 4.915872e-03
-47.500000 4.977367e-03
-47.250000 5.036906e-03
-47.000000 5.094411e-03
-46.750000 5.149806e-03
-46.500000 5.203018e-03
-46.250000 5.253977e-03
-46.000000 5.302617e-03
-45.750000 5.348875e-03
-45.500000 5.392692e-03
-45.250000 5.434011e-03
-45.000000 5.472780e-03
-44.750000 5.508951e-03
-44.500000 5.542478e-03
-44.250000 5.573322e-03
-44.000000 5.601445e-03
-43.750000 5.626815e-03
-43.500000 5.649405e-03
-43.250000 5.669190e-03
-43.000000 5.686153e-03
-42.750000 5.700281e-03
-42.500000 5.711563e-03
-42.250000 5.719999e-03
-42.000000 5.725590e-03
-41.750000 5.728345e-03
-41.500000 5.728279e-03
-41.250000 5.725412e-03
-41.000000 5.719772e-03
-40.750000 5.711394e-03
-40.500000 5.700319e-03
-40.250000 5.686598e-03
-40.000000 5.670288e-03
-39.750000 5.651454e-03
-39.500000 5.630173e-03
-39.250000 5.606528e-03
-39.000000 5.580614e-03
-38.750000 5.552534e-03
-38.500000 5.522404e-03
-38.250000 5.490351e-03
-38.000000 5.456512e-03
-37.750000 5.421040e-03
-37.500000 5.384097e-03
-37.250000 5.345862e-03
-37.000000 5.306526e-03
-36.750000 5.266295e-03
-36.500000 5.225393e-03
-36.250000 5.184055e-03
-36.000000 5.142536e-03
-35.750000 5.101105e-03
-35.500000 5.060049e-03
-35.250000 5.019669e-03
-35.000000 4.980285e-03
-34.750000 4.942229e-03
-34.500000 4.905850e-03
-34.250000 4.871508e-03
-34.000000 4.839576e-03
-33.750000 4.810437e-03
-33.500000 4.784477e-03
-33.250000 4.762089e-03
-33.000000 4.743665e-03
-32.750000 4.729591e-03
-32.500000 4.720248e-03
-32.250000 4.716000e-03
-32.000000 4.717195e-03
-31.750000 4.724157e-03
-31.500000 4.737182e-03
-31.250000 4.756535e-03
-31.000000 4.782443e-03
-30.750000 4.815095e-03
-30.500000 4.854637e-03
-30.250000 4.901172e-03
-30.000000 4.954759e-03
-29.750000 5.015413e-03
-29.500000 5.083107e-03
-29.250000 5.157774e-03
-29.000000 5.239307e-03
-28.750000 5.327569e-03
-28.500000 5.422389e-03
-28.250000 5.523570e-03
-28.000000 5.630892e-03
-27.750000 5.744116e-03
-27.500000 5.862989e-03
-27.250000 5.987243e-03
-27.000000 6.116603e-03
-26.750000 6.250790e-03
-26.500000 6.389517e-03
-26.250000 6.532499e-03
-26.000000 6.679449e-03
-25.750000 6.830084e-03
-25.500000 6.984123e-03
-25.250000 7.141288e-03
-25.000000 7.301306e-03
-24.750000 7.463912e-03
-24.500000 7.628841e-03
-24.250000 7.795839e-03
-24.000000 7.964656e-03
-23.750000 8.135047e-03
-23.500000 8.306776e-03
-23.250000 8.479609e-03
-23.000000 8.653321e-03
-22.750000 8.827692e-03
-22.500000 9.002507e-03
-22.250000 9.177558e-03
-22.000000 9.352640e-03
-21.750000 9.527555e-03
-21.500000 9.702110e-03
-21.250000 9.876116e-03
-21.000000 1.004939e-02
-20.750000 1.022175e-02
-20.500000 1.039302e-02
-20.250000 1.056304e-02
-20.000000 1.073163e-02
-19.750000 1.089864e-02
-19.500000 1.106390e-02
-19.250000 1.122726e-02
-19.000000 1.138858e-02
-18.750000 1.154770e-02
-18.500000 1.170448e-02
-18.250000 1.185879e-02
-18.000000 1.201048e-02
-17.750000 1.215944e-02
-17.500000 1.230552e-02
-17.250000 1.244860e-02
-17.000000 1.258858e-02
-16.750000 1.272532e-02
-16.500000 1.285871e-02
-16.250000 1.298865e-02
-16.000000 1.311502e-02
-15.750000 1.323774e-02
-15.500000 1.335669e-02
-15.250000 1.347178e-02
-15.000000 1.358292e-02
-14.750000 1.369003e-02
-14.500000 1.379302e-02
-14.250000 1.389181e-02
-14.000000 1.398632e-02
-13.750000 1.407648e-02
-13.500000 1.416223e-02
-13.250000 1.424349e-02
-13.000000 1.432021e-02
-12.750000 1.439233e-02
-12.500000 1.445979e-02
-12.250000 1.452255e-02
-12.000000 1.458057e-02
-11.750000 1.463380e-02
-11.500000 1.468221e-02
-11.250000 1.472575e-02
-11.000000 1.476442e-02
-10.750000 1.479817e-02
-10.500000 1.482699e-02
-10.250000 1.485087e-02
-10.000000 1.486979e-02
-9.750000 1.488375e-02
-9.500000 1.489274e-02
-9.250000 1.489677e-02
-9.000000 1.489583e-02
-8.750000 1.488995e-02
-8.500000 1.487913e-02
-8.250000 1.486339e-02
-8.000000 1.484277e-02
-7.750000 1.481728e-02
-7.500000 1.478696e-02
-7.250000 1.475185e-02
-7.000000 1.471198e-02
-6.750000 1.466741e-02
-6.500000 1.461819e-02
-6.250000 1.456437e-02
-6.000000 1.450602e-02
-5.750000 1.444319e-02
-5.500000 1.437596e-02
-5.250000 1.430441e-02
-5.000000 1.422861e-02
-4.750000 1.414865e-02
-4.500000 1.406463e-02
-4.250000 1.397662e-02
-4.000000 1.388474e-02
-3.750000 1.378909e-02
-3.500000 1.368978e-02
-3.250000 1.358692e-02
-3.000000 1.348064e-02
-2.750000 1.337106e-02
-2.500000 1.325831e-02
-2.250000 1.314253e-02
-2.000000 1.302386e-02
-1.750000 1.290244e-02
-1.500000 1.277844e-02
-1.250000 1.265201e-02
-1.000000 1.252331e-02
-0.750000 1.239251e-02
-0.500000 1.225979e-02
-0.250000 1.212534e-02
0.000000 1.198933e-02
0.250000 1.185197e-02
0.500000 1.171345e-02
0.750000 1.157397e-02
1.000000 1.143376e-02
1.250000 1.129302e-02
1.500000 1.115198e-02
1.750000 1.101087e-02
2.000000 1.086993e-02
2.250000 1.072939e-02
2.500000 1.058951e-02
2.750000 1.045052e-02
3.000000 1.031270e-02
3.250000 1.017630e-02
3.500000 1.004158e-02
3.750000 9.908821e-03
4.000000 9.778283e-03
4.250000 9.650241e-03
4.500000 9.524971e-03
4.750000 9.402746e-03
5.000000 9.283840e-03
5.250000 9.168522e-03
5.500000 9.057061e-03
5.750000 8.949717e-03
6.000000 8.846746e-03
6.250000 8.748392e-03
6.500000 8.654891e-03
6.750000 8.566465e-03
7.000000 8.483321e-03
7.250000 8.405650e-03
7.500000 8.333624e-03
7.750000 8.267393e-03
8.000000 8.207087e-03
8.250000 8.152808e-03
8.500000 8.104636e-03
8.750000 8.062621e-03
9.000000 8.026787e-03
9.250000 7.997128e-03
9.500000 7.973610e-03
9.750000 7.956171e-03
10.000000 7.944720e-03
10.250000 7.939137e-03
10.500000 7.939278e-03
10.750000 7.944974e-03
11.000000 7.956032e-03
11.250000 7.972238e-03
11.500000 7.993360e-03
11.750000 8.019148e-03
12.000000 8.049338e-03
12.250000 8.083654e-03
12.500000 8.121810e-03
12.750000 8.163513e-03
13.000000 8.208464e-03
13.250000 8.256361e-03
13.500000 8.306900e-03
13.750000 8.359778e-03
14.000000 8.414693e-03
14.250000 8.471347e-03
14.500000 8.529445e-03
14.750000 8.588701e-03
15.000000 8.648831e-03
15.250000 8.709560e-03
15.500000 8.770623e-03
15.750000 8.831760e-03
16.000000 8.892721e-03
16.250000 8.953265e-03
16.500000 9.013162e-03
16.750000 9.072188e-03
17.000000 9.130130e-03
17.250000 9.186786e-03
17.500000 9.241960e-03
17.750000 9.295469e-03
18.000000 9.347137e-03
18.250000 9.396797e-03
18.500000 9.444291e-03
18.750000 9.489472e-03
19.000000 9.532198e-03
19.250000 9.572338e-03
19.500000 9.609767e-03
19.750000 9.644371e-03
20.000000 9.676041e-03
20.250000 9.704677e-03
20.500000 9.730186e-03
20.750000 9.752482e-03
21.000000 9.771485e-03
21.250000 9.787124e-03
21.500000 9.799334e-03
21.750000 9.808054e-03
22.000000 9.813233e-03
22.250000 9.814823e-03
22.500000 9.812784e-03
22.750000 9.807080e-03
23.000000 9.797682e-03
23.250000 9.784565e-03
23.500000 9.767711e-03
23.750000 9.747106e-03
24.000000 9.722742e-03
24.250000 9.694613e-03
24.500000 9.662722e-03
24.750000 9.627073e-03
25.000000 9.587677e-03
25.250000 9.544547e-03
25.500000 9.497702e-03
25.750000 9.447165e-03
26.000000 9.392962e-03
26.250000 9.335124e-03
26.500000 9.273684e-03
26.750000 9.208680e-03
27.000000 9.140154e-03
27.250000 9.068151e-03
27.500000 8.992718e-03
27.750000 8.913906e-03
28.000000 8.831771e-03
28.250000 8.746368e-03
28.500000 8.657759e-03
28.750000 8.566007e-03
29.000000 8.471176e-03
29.250000 8.373336e-03
29.500000 8.272557e-03
29.750000 8.168912e-03
30.000000 8.062476e-03
30.250000 7.953327e-03
30.500000 7.841545e-03
30.750000 7.727211e-03
31.000000 7.610408e-03
31.250000 7.491223e-03
31.500000 7.369741e-03
31.750000 7.246052e-03
32.000000 7.120245e-03
32.250000 6.992412e-03
32.500000 6.862646e-03
32.750000 6.731040e-03
33.000000 6.597689e-03
33.250000 6.462690e-03
33.500000 6.326139e-03
33.750000 6.188135e-03
34.000000 6.048775e-03
34.250000 5.908159e-03
34.500000 5.766387e-03
34.750000 5.623558e-03
35.000000 5.479774e-03
35.250000 5.335135e-03
35.500000 5.189742e-03
35.750000 5.043697e-03
36.000000 4.897100e-03
36.250000 4.750053e-03
36.500000 4.602656e-03
36.750000 4.455011e-03
37.000000 4.307219e-03
37.250000 4.159379e-03
37.500000 4.011591e-03
37.750000 3.863955e-03
38.000000 3.716569e-03
38.250000 3.569532e-03
38.500000 3.422942e-03
38.750000 3.276896e-03
39.000000 3.131489e-03
39.250000 2.986819e-03
39.500000 2.842980e-03
39.750000 2.700066e-03
40.000000 2.558173e-03
40.250000 2.417394e-03
40.500000 2.277823e-03
40.750000 2.139555e-03
41.000000 2.002684e-03
41.250000 1.867306e-03
41.500000 1.733521e-03
41.750000 1.601431e-03
42.000000 1.471146e-03
42.250000 1.342783e-03
42.500000 1.216475e-03
42.750000 1.092379e-03
43.000000 9.706871e-04
43.250000 8.516555e-04
43.500000 7.356475e-04
43.750000 6.232248e-04
44.000000 5.153393e-04
44.250000 4.137711e-04
44.500000 3.222016e-04
44.750000 2.487721e-04
45.000000 2.095347e-04
45.250000 2.198511e-04
45.500000 2.713709e-04
45.750000 3.439401e-04
46.000000 4.251653e-04
46.250000 5.094489e-04
46.500000 5.942323e-04
46.750000 6.782374e-04
47.000000 7.607646e-04
47.250000 8.413996e-04
47.500000 9.198803e-04
47.750000 9.960322e-04
48.000000 1.069734e-03
48.250000 1.140899e-03
48.500000 1.209465e-03
48.750000 1.275385e-03
49.000000 1.338624e-03
49.250000 1.399160e-03
49.500000 1.456976e-03
49.750000 1.512064e-03
50.000000 1.564418e-03
