-50.000000 1.118763e-03
-49.750000 1.068902e-03
-49.500000 9.962073e-04
-49.250000 9.251664e-04
-49.000000 9.031896e-04
-48.750000 9.757205e-04
-48.500000 1.141848e-03
-48.250000 1.356138e-03
-48.000000 1.564942e-03
-47.750000 1.724321e-03
-47.500000 1.803055e-03
-47.250000 1.783248e-03
-47.000000 1.661517e-03
-46.750000 1.451223e-03
-46.500000 1.187599e-03
-46.250000 9.409001e-04
-46.000000 8.285333e-04
-45.750000 9.264884e-04
-45.500000 1.148320e-03
-45.250000 1.374366e-03
-45.000000 1.536506e-03
-44.750000 1.603898e-03
-44.500000 1.570024e-03
-44.250000 1.448947e-03
-44.000000 1.276081e-03
-43.750000 1.111068e-03
-43.500000 1.030626e-03
-43.250000 1.081062e-03
-43.000000 1.229428e-03
-42.750000 1.405072e-03
-42.500000 1.554524e-03
-42.250000 1.650931e-03
-42.000000 1.687728e-03
-41.750000 1.672080e-03
-41.500000 1.619017e-03
-41.250000 1.545826e-03
-41.000000 1.467671e-03
-40.750000 1.396459e-03
-40.500000 1.344018e-03
-40.250000 1.326917e-03
-40.000000 1.365766e-03
-39.750000 1.473774e-03
-39.500000 1.643038e-03
-39.250000 1.843593e-03
-39.000000 2.033915e-03
-38.750000 2.171726e-03
-38.500000 2.221110e-03
-38.250000 2.157178e-03
-38.000000 1.969600e-03
-37.750000 1.665922e-03
-37.500000 1.277356e-03
-37.250000 8.802174e-04
-37.000000 6.731051e-04
-36.750000 8.615562e-04
-36.500000 1.229164e-03
-36.250000 1.569453e-03
-36.000000 1.802302e-03
-35.750000 1.895500e-03
-35.500000 1.845632e-03
-35.250000 1.677339e-03
-35.000000 1.449469e-03
-34.750000 1.263996e-03
-34.500000 1.240119e-03
-34.250000 1.401591e-03
-34.000000 1.647064e-03
-33.750000 1.866207e-03
-33.500000 1.991763e-03
-33.250000 1.995717e-03
-33.000000 1.883420e-03
-32.750000 1.693232e-03
-32.500000 1.498614e-03
-32.250000 1.396863e-03
-32.000000 1.449293e-03
-31.750000 1.617461e-03
-31.500000 1.808682e-03
-31.250000 1.949875e-03
-31.000000 2.008993e-03
-30.750000 1.994170e-03
-30.500000 1.949686e-03
-30.250000 1.942493e-03
-30.000000 2.026859e-03
-29.750000 2.203575e-03
-29.500000 2.420312e-03
-29.250000 2.609001e-03
-29.000000 2.717211e-03
-28.750000 2.722727e-03
-28.500000 2.640454e-03
-28.250000 2.525486e-03
-28.000000 2.464165e-03
-27.750000 2.534522e-03
-27.500000 2.747424e-03
-27.250000 3.035602e-03
-27.000000 3.300851e-03
-26.750000 3.456281e-03
-26.500000 3.442275e-03
-26.250000 3.229621e-03
-26.000000 2.819180e-03
-25.750000 2.241430e-03
-25.500000 1.561897e-03
-25.250000 9.315703e-04
-25.000000 8.106875e-04
-24.750000 1.319815e-03
-24.500000 1.926450e-03
-24.250000 2.449286e-03
-24.000000 2.847315e-03
-23.750000 3.125148e-03
-23.500000 3.312218e-03
-23.250000 3.446857e-03
-23.000000 3.557580e-03
-22.750000 3.647770e-03
-22.500000 3.693071e-03
-22.250000 3.653151e-03
-22.000000 3.490541e-03
-21.750000 3.189416e-03
-21.500000 2.774290e-03
-21.250000 2.336155e-03
-21.000000 2.063981e-03
-20.750000 2.171344e-03
-20.500000 2.640585e-03
-20.250000 3.256851e-03
-20.000000 3.834890e-03
-19.750000 4.261148e-03
-19.500000 4.474243e-03
-19.250000 4.454838e-03
-19.000000 4.223597e-03
-18.750000 3.842487e-03
-18.500000 3.416773e-03
-18.250000 3.087493e-03
-18.000000 2.983073e-03
-17.750000 3.126139e-03
-17.500000 3.413814e-03
-17.250000 3.711104e-03
-17.000000 3.922506e-03
-16.750000 4.003904e-03
-16.500000 3.953403e-03
-16.250000 3.799542e-03
-16.000000 3.588725e-03
-15.750000 3.370906e-03
-15.500000 3.184641e-03
-15.250000 3.046870e-03
-15.000000 2.954120e-03
-14.750000 2.894815e-03
-14.500000 2.863225e-03
-14.250000 2.866175e-03
-14.000000 2.921834e-03
-13.750000 3.056254e-03
-13.500000 3.302641e-03
-13.250000 3.700924e-03
-13.000000 4.289418e-03
-12.750000 5.087341e-03
-12.500000 6.078925e-03
-12.250000 7.208513e-03
-12.000000 8.385696e-03
-11.750000 9.495728e-03
-11.500000 1.041262e-02
-11.250000 1.101416e-02
-11.000000 1.119865e-02
-10.750000 1.090342e-02
-10.500000 1.012673e-02
-10.250000 8.959258e-03
-10.000000 7.640449e-03
-9.750000 6.645056e-03
-9.500000 6.610018e-03
-9.250000 7.732098e-03
-9.000000 9.523279e-03
-8.750000 1.141328e-02
-8.500000 1.302417e-02
-8.250000 1.414485e-02
-8.000000 1.470439e-02
-7.750000 1.477804e-02
-7.500000 1.460532e-02
-7.250000 1.458079e-02
-7.000000 1.514266e-02
-6.750000 1.653851e-02
-6.500000 1.866589e-02
-6.250000 2.116450e-02
-6.000000 2.360671e-02
-5.750000 2.561387e-02
-5.500000 2.689955e-02
-5.250000 2.728521e-02
-5.000000 2.670998e-02
-4.750000 2.524201e-02
-4.500000 2.309588e-02
-4.250000 2.066063e-02
-4.000000 1.852598e-02
-3.750000 1.741298e-02
-3.500000 1.783225e-02
-3.250000 1.967226e-02
-3.000000 2.233563e-02
-2.750000 2.519472e-02
-2.500000 2.780201e-02
-2.250000 2.989093e-02
-2.000000 3.133110e-02
-1.750000 3.208905e-02
-1.500000 3.219722e-02
-1.250000 3.172817e-02
-1.000000 3.077317e-02
-0.750000 2.942630e-02
-0.500000 2.777587e-02
-0.250000 2.590388e-02
0.000000 2.389233e-02
0.250000 2.183312e-02
0.500000 1.983597e-02
0.750000 1.802735e-02
1.000000 1.653205e-02
1.250000 1.543408e-02
1.500000 1.473108e-02
1.750000 1.431655e-02
2.000000 1.401202e-02
2.250000 1.362809e-02
2.500000 1.301614e-02
2.750000 1.209552e-02
3.000000 1.086335e-02
3.250000 9.399910e-03
3.500000 7.882645e-03
3.750000 6.614236e-03
4.000000 6.001924e-03
4.250000 6.290097e-03
4.500000 7.264269e-03
4.750000 8.510110e-03
5.000000 9.728098e-03
5.250000 1.076110e-02
5.500000 1.154400e-02
5.750000 1.206572e-02
6.000000 1.234369e-02
6.250000 1.240434e-02
6.500000 1.226812e-02
6.750000 1.194068e-02
7.000000 1.141161e-02
7.250000 1.066068e-02
7.500000 9.669125e-03
7.750000 8.433248e-03
8.000000 6.979819e-03
8.250000 5.390404e-03
8.500000 3.869491e-03
8.750000 2.949967e-03
9.000000 3.354733e-03
9.250000 4.694484e-03
9.500000 6.234473e-03
9.750000 7.640238e-03
10.000000 8.758180e-03
10.250000 9.506701e-03
10.500000 9.848197e-03
10.750000 9.780824e-03
11.000000 9.334333e-03
11.250000 8.566216e-03
11.500000 7.557800e-03
11.750000 6.411627e-03
12.000000 5.253008e-03
12.250000 4.238780e-03
12.500000 3.560778e-03
12.750000 3.373629e-03
13.000000 3.633255e-03
13.250000 4.127363e-03
13.500000 4.667912e-03
13.750000 5.148488e-03
14.000000 5.515074e-03
14.250000 5.738599e-03
14.500000 5.801641e-03
14.750000 5.694402e-03
15.000000 5.415703e-03
15.250000 4.976260e-03
15.500000 4.402485e-03
15.750000 3.740142e-03
16.000000 3.058194e-03
16.250000 2.452569e-03
16.500000 2.037620e-03
16.750000 1.883080e-03
17.000000 1.921235e-03
17.250000 1.998312e-03
17.500000 1.999292e-03
17.750000 1.884936e-03
18.000000 1.690057e-03
18.250000 1.531551e-03
18.500000 1.580194e-03
18.750000 1.896710e-03
19.000000 2.364481e-03
19.250000 2.838842e-03
19.500000 3.217614e-03
19.750000 3.438276e-03
20.000000 3.471682e-03
20.250000 3.320894e-03
20.500000 3.022989e-03
20.750000 2.653214e-03
21.000000 2.327805e-03
21.250000 2.179505e-03
21.500000 2.266647e-03
21.750000 2.509362e-03
22.000000 2.771553e-03
22.250000 2.948953e-03
22.500000 2.985582e-03
22.750000 2.865525e-03
23.000000 2.604801e-03
23.250000 2.245785e-03
23.500000 1.853319e-03
23.750000 1.509806e-03
24.000000 1.294984e-03
24.250000 1.229840e-03
24.500000 1.245952e-03
24.750000 1.255477e-03
25.000000 1.218480e-03
25.250000 1.156319e-03
25.500000 1.143015e-03
25.750000 1.256579e-03
26.000000 1.498816e-03
26.250000 1.801054e-03
26.500000 2.087967e-03
26.750000 2.305400e-03
27.000000 2.423689e-03
27.250000 2.437282e-03
27.500000 2.364164e-03
27.750000 2.243519e-03
28.000000 2.127831e-03
28.250000 2.064376e-03
28.500000 2.069564e-03
28.750000 2.117857e-03
29.000000 2.159071e-03
29.250000 2.145050e-03
29.500000 2.045776e-03
29.750000 1.854819e-03
30.000000 1.590978e-03
30.250000 1.301856e-03
30.500000 1.071795e-03
30.750000 1.005748e-03
31.000000 1.126094e-03
31.250000 1.338230e-03
31.500000 1.550308e-03
31.750000 1.719279e-03
32.000000 1.837909e-03
32.250000 1.920463e-03
32.500000 1.989977e-03
32.750000 2.064541e-03
33.000000 2.146308e-03
33.250000 2.219489e-03
33.500000 2.257742e-03
33.750000 2.234972e-03
34.000000 2.134063e-03
34.250000 1.952208e-03
34.500000 1.703971e-03
34.750000 1.424143e-03
35.000000 1.171801e-03
35.250000 1.025912e-03
35.500000 1.034806e-03
35.750000 1.153307e-03
36.000000 1.294377e-03
36.250000 1.399350e-03
36.500000 1.445928e-03
36.750000 1.438697e-03
37.000000 1.400997e-03
37.250000 1.365378e-03
37.500000 1.358757e-03
37.750000 1.386780e-03
38.000000 1.430916e-03
38.250000 1.461396e-03
38.500000 1.452884e-03
38.750000 1.393749e-03
39.000000 1.289888e-03
39.250000 1.166034e-03
39.500000 1.063633e-03
39.750000 1.026649e-03
40.000000 1.070596e-03
40.250000 1.168004e-03
40.500000 1.274319e-03
40.750000 1.355658e-03
41.000000 1.397228e-03
41.250000 1.402311e-03
41.500000 1.388176e-03
41.750000 1.378595e-03
42.000000 1.392225e-03
42.250000 1.431621e-03
42.500000 1.481683e-03
42.750000 1.518685e-03
43.000000 1.521720e-03
43.250000 1.480510e-03
43.500000 1.399421e-03
43.750000 1.299040e-03
44.000000 1.214234e-03
44.250000 1.182923e-03
44.500000 1.222962e-03
44.750000 1.317423e-03
45.000000 1.428361e-03
45.250000 1.519333e-03
45.500000 1.566269e-03
45.750000 1.559199e-03
46.000000 1.500948e-03
46.250000 1.404949e-03
46.500000 1.292173e-03
46.750000 1.186382e-03
47.000000 1.107065e-03
47.250000 1.062038e-03
47.500000 1.045610e-03
47.750000 1.045498e-03
48.000000 1.052495e-03
48.250000 1.065281e-03
48.500000 1.088494e-03
48.750000 1.126416e-03
49.000000 1.176735e-03
49.250000 1.228807e-03
49.500000 1.267049e-03
49.750000 1.276382e-03
50.000000 1.246952e-03
