-50.000000 4.448739e-04
-49.750000 5.234227e-04
-49.500000 6.267495e-04
-49.250000 7.454086e-04
-49.000000 8.696802e-04
-48.750000 9.906694e-04
-48.500000 1.100498e-03
-48.250000 1.192348e-03
-48.000000 1.260547e-03
-47.750000 1.300699e-03
-47.500000 1.309822e-03
-47.250000 1.286493e-03
-47.000000 1.230957e-03
-46.750000 1.145244e-03
-46.500000 1.033315e-03
-46.250000 9.013606e-04
-46.000000 7.585248e-04
-45.750000 6.186328e-04
-45.500000 5.035288e-04
-45.250000 4.439528e-04
-45.000000 4.601468e-04
-44.750000 5.344980e-04
-44.500000 6.319406e-04
-44.250000 7.271715e-04
-44.000000 8.060636e-04
-43.750000 8.611336e-04
-43.500000 8.888797e-04
-43.250000 8.885563e-04
-43.000000 8.615550e-04
-42.750000 8.109943e-04
-42.500000 7.413505e-04
-42.250000 6.580544e-04
-42.000000 5.670176e-04
-41.750000 4.740841e-04
-41.500000 3.844621e-04
-41.250000 3.024142e-04
-41.000000 2.321323e-04
-40.750000 1.821715e-04
-40.500000 1.729542e-04
-40.250000 2.215682e-04
-40.000000 3.177947e-04
-39.750000 4.475231e-04
-39.500000 6.028903e-04
-39.250000 7.779160e-04
-39.000000 9.661298e-04
-38.750000 1.160031e-03
-38.500000 1.351212e-03
-38.250000 1.530719e-03
-38.000000 1.689492e-03
-37.750000 1.818838e-03
-37.500000 1.910892e-03
-37.250000 1.959049e-03
-37.000000 1.958341e-03
-36.750000 1.905746e-03
-36.500000 1.800406e-03
-36.250000 1.643753e-03
-36.000000 1.439528e-03
-35.750000 1.193695e-03
-35.500000 9.142846e-04
-35.250000 6.112498e-04
-35.000000 2.972932e-04
-34.750000 6.796049e-05
-34.500000 3.418774e-04
-34.250000 6.249796e-04
-34.000000 8.761403e-04
-33.750000 1.084294e-03
-33.500000 1.241122e-03
-33.250000 1.340695e-03
-33.000000 1.379698e-03
-32.750000 1.357687e-03
-32.500000 1.277312e-03
-32.250000 1.144595e-03
-32.000000 9.695474e-04
-31.750000 7.680439e-04
-31.500000 5.683024e-04
-31.250000 4.302790e-04
-31.000000 4.427678e-04
-30.750000 5.874307e-04
-30.500000 7.702000e-04
-30.250000 9.383265e-04
-30.000000 1.066676e-03
-29.750000 1.140828e-03
-29.500000 1.152046e-03
-29.250000 1.096057e-03
-29.000000 9.732155e-04
-28.750000 7.901977e-04
-28.500000 5.676321e-04
-28.250000 3.816891e-04
-28.000000 4.459820e-04
-27.750000 7.525813e-04
-27.500000 1.138701e-03
-27.250000 1.546123e-03
-27.000000 1.948437e-03
-26.750000 2.326785e-03
-26.500000 2.665541e-03
-26.250000 2.951646e-03
-26.000000 3.174773e-03
-25.750000 3.327690e-03
-25.500000 3.406635e-03
-25.250000 3.411637e-03
-25.000000 3.346793e-03
-24.750000 3.220478e-03
-24.500000 3.045525e-03
-24.250000 2.839328e-03
-24.000000 2.623677e-03
-23.750000 2.423776e-03
-23.500000 2.265294e-03
-23.250000 2.168421e-03
-23.000000 2.140329e-03
-22.750000 2.171347e-03
-22.500000 2.238943e-03
-22.250000 2.316310e-03
-22.000000 2.379409e-03
-21.750000 2.410263e-03
-21.500000 2.397665e-03
-21.250000 2.336891e-03
-21.000000 2.229241e-03
-20.750000 2.081798e-03
-20.500000 1.907490e-03
-20.250000 1.725445e-03
-20.000000 1.561016e-03
-19.750000 1.443340e-03
-19.500000 1.396843e-03
-19.250000 1.428107e-03
-19.000000 1.520841e-03
-18.750000 1.646023e-03
-18.500000 1.775070e-03
-18.250000 1.885988e-03
-18.000000 1.964046e-03
-17.750000 2.000757e-03
-17.500000 1.992802e-03
-17.250000 1.941257e-03
-17.000000 1.851064e-03
-16.750000 1.730705e-03
-16.500000 1.591994e-03
-16.250000 1.449897e-03
-16.000000 1.321979e-03
-15.750000 1.226566e-03
-15.500000 1.178553e-03
-15.250000 1.183965e-03
-15.000000 1.238102e-03
-14.750000 1.330270e-03
-14.500000 1.450896e-03
-14.250000 1.595811e-03
-14.000000 1.766857e-03
-13.750000 1.970187e-03
-13.500000 2.213536e-03
-13.250000 2.503419e-03
-13.000000 2.843088e-03
-12.750000 3.231602e-03
-12.500000 3.663889e-03
-12.250000 4.131333e-03
-12.000000 4.622494e-03
-11.750000 5.123759e-03
-11.500000 5.619865e-03
-11.250000 6.094338e-03
-11.000000 6.529867e-03
-10.750000 6.908686e-03
-10.500000 7.212966e-03
-10.250000 7.425240e-03
-10.000000 7.528881e-03
-9.750000 7.508608e-03
-9.500000 7.351031e-03
-9.250000 7.045217e-03
-9.000000 6.583279e-03
-8.750000 5.960996e-03
-8.500000 5.178580e-03
-8.250000 4.241957e-03
-8.000000 3.166306e-03
-7.750000 1.992824e-03
-7.500000 9.520229e-04
-7.250000 1.350753e-03
-7.000000 2.745836e-03
-6.750000 4.311728e-03
-6.500000 5.930114e-03
-6.250000 7.553137e-03
-6.000000 9.143642e-03
-5.750000 1.066775e-02
-5.500000 1.209384e-02
-5.250000 1.339298e-02
-5.000000 1.453953e-02
-4.750000 1.551200e-02
-4.500000 1.629368e-02
-4.250000 1.687327e-02
-4.000000 1.724529e-02
-3.750000 1.741028e-02
-3.500000 1.737484e-02
-3.250000 1.715142e-02
-3.000000 1.675787e-02
-2.750000 1.621673e-02
-2.500000 1.555431e-02
-2.250000 1.479945e-02
-2.000000 1.398212e-02
-1.750000 1.313161e-02
-1.500000 1.227475e-02
-1.250000 1.143385e-02
-1.000000 1.062491e-02
-0.750000 9.856316e-03
-0.500000 9.128341e-03
-0.250000 8.433809e-03
0.000000 7.759912e-03
0.250000 7.090871e-03
0.500000 6.410936e-03
0.750000 5.707203e-03
1.000000 4.971988e-03
1.250000 4.204951e-03
1.500000 3.415955e-03
1.750000 2.631870e-03
2.000000 1.918340e-03
2.250000 1.444065e-03
2.500000 1.481525e-03
2.750000 1.983912e-03
3.000000 2.666078e-03
3.250000 3.376310e-03
3.500000 4.052056e-03
3.750000 4.662486e-03
4.000000 5.190424e-03
4.250000 5.626971e-03
4.500000 5.969828e-03
4.750000 6.222772e-03
5.000000 6.395423e-03
5.250000 6.502971e-03
5.500000 6.565566e-03
5.750000 6.607124e-03
6.000000 6.653299e-03
6.250000 6.728528e-03
6.500000 6.852510e-03
6.750000 7.036965e-03
7.000000 7.283784e-03
7.250000 7.585233e-03
7.500000 7.925979e-03
7.750000 8.286030e-03
8.000000 8.643627e-03
8.250000 8.977521e-03
8.500000 9.268518e-03
8.750000 9.500398e-03
9.000000 9.660396e-03
9.250000 9.739389e-03
9.500000 9.731909e-03
9.750000 9.636024e-03
10.000000 9.453140e-03
10.250000 9.187721e-03
10.500000 8.846953e-03
10.750000 8.440347e-03
11.000000 7.979285e-03
11.250000 7.476523e-03
11.500000 6.945644e-03
11.750000 6.400476e-03
12.000000 5.854484e-03
12.250000 5.320145e-03
12.500000 4.808341e-03
12.750000 4.327795e-03
13.000000 3.884637e-03
13.250000 3.482176e-03
13.500000 3.120986e-03
13.750000 2.799384e-03
14.000000 2.514270e-03
14.250000 2.262208e-03
14.500000 2.040484e-03
14.750000 1.847825e-03
15.000000 1.684505e-03
15.250000 1.551612e-03
15.500000 1.449528e-03
15.750000 1.376098e-03
16.000000 1.325437e-03
16.250000 1.288174e-03
16.500000 1.253055e-03
16.750000 1.209011e-03
17.000000 1.146848e-03
17.250000 1.060352e-03
17.500000 9.470842e-04
17.750000 8.094908e-04
18.000000 6.577718e-04
18.250000 5.182502e-04
18.500000 4.492622e-04
18.750000 5.132971e-04
19.000000 6.859398e-04
19.250000 9.064290e-04
19.500000 1.138209e-03
19.750000 1.361117e-03
20.000000 1.561919e-03
20.250000 1.730899e-03
20.500000 1.860810e-03
20.750000 1.946580e-03
21.000000 1.985249e-03
21.250000 1.975949e-03
21.500000 1.919836e-03
21.750000 1.819974e-03
22.000000 1.681140e-03
22.250000 1.509558e-03
22.500000 1.312586e-03
22.750000 1.098363e-03
23.000000 8.754459e-04
23.250000 6.525195e-04
23.500000 4.384082e-04
23.750000 2.438812e-04
24.000000 1.039918e-04
24.250000 1.523085e-04
24.500000 2.684291e-04
24.750000 3.678707e-04
25.000000 4.431233e-04
25.250000 4.951632e-04
25.500000 5.275630e-04
25.750000 5.451979e-04
26.000000 5.533068e-04
26.250000 5.564522e-04
26.500000 5.575002e-04
26.750000 5.569865e-04
27.000000 5.531980e-04
27.250000 5.429565e-04
27.500000 5.227606e-04
27.750000 4.899404e-04
28.000000 4.437521e-04
28.250000 3.867367e-04
28.500000 3.272037e-04
28.750000 2.836277e-04
29.000000 2.837499e-04
29.250000 3.396095e-04
29.500000 4.335823e-04
29.750000 5.432905e-04
30.000000 6.533610e-04
30.250000 7.534514e-04
30.500000 8.361069e-04
30.750000 8.959732e-04
31.000000 9.296979e-04
31.250000 9.361495e-04
31.500000 9.168431e-04
31.750000 8.765880e-04
32.000000 8.243843e-04
32.250000 7.742944e-04
32.500000 7.448722e-04
32.750000 7.541884e-04
33.000000 8.104872e-04
33.250000 9.074058e-04
33.500000 1.029453e-03
33.750000 1.159839e-03
34.000000 1.284211e-03
34.250000 1.391306e-03
34.500000 1.472705e-03
34.750000 1.522543e-03
35.000000 1.537349e-03
35.250000 1.515985e-03
35.500000 1.459643e-03
35.750000 1.371887e-03
36.000000 1.258777e-03
36.250000 1.129138e-03
36.500000 9.950347e-04
36.750000 8.722847e-04
37.000000 7.797892e-04
37.250000 7.345789e-04
37.500000 7.416885e-04
37.750000 7.889805e-04
38.000000 8.552523e-04
38.250000 9.208878e-04
38.500000 9.718755e-04
38.750000 9.995102e-04
39.000000 9.992259e-04
39.250000 9.696788e-04
39.500000 9.121630e-04
39.750000 8.302688e-04
40.000000 7.297576e-04
40.250000 6.187470e-04
40.500000 5.084610e-04
40.750000 4.146831e-04
41.000000 3.575675e-04
41.250000 3.508060e-04
41.500000 3.844707e-04
41.750000 4.336834e-04
42.000000 4.780993e-04
42.250000 5.058120e-04
42.500000 5.106443e-04
42.750000 4.899892e-04
43.000000 4.436893e-04
43.250000 3.734439e-04
43.500000 2.824592e-04
43.750000 1.753829e-04
44.000000 6.150793e-05
44.250000 8.077313e-05
44.500000 2.037435e-04
44.750000 3.251601e-04
45.000000 4.373274e-04
45.250000 5.355177e-04
45.500000 6.161820e-04
45.750000 6.769473e-04
46.000000 7.167239e-04
46.250000 7.357965e-04
46.500000 7.358773e-04
46.750000 7.201105e-04
47.000000 6.929999e-04
47.250000 6.601903e-04
47.500000 6.279592e-04
47.750000 6.022362e-04
48.000000 5.871552e-04
48.250000 5.836777e-04
48.500000 5.892257e-04
48.750000 5.986911e-04
49.000000 6.061068e-04
49.250000 6.060305e-04
49.500000 5.942956e-04
49.750000 5.682749e-04
50.000000 5.269081e-04
