-50.00     48.001510
-49.75     48.175309
-49.50     48.337015
-49.25     48.487718
-49.00     48.623921
-48.75     48.744409
-48.50     48.855579
-48.25     48.952403
-48.00     49.040109
-47.75     49.147680
-47.50     49.263999
-47.25     49.376413
-47.00     49.486502
-46.75     49.599001
-46.50     49.723955
-46.25     49.872649
-46.00     50.030448
-45.75     50.195434
-45.50     50.372055
-45.25     50.567007
-45.00     50.786026
-44.75     51.025024
-44.50     51.278377
-44.25     51.541707
-44.00     51.814611
-43.75     52.095383
-43.50     52.379075
-43.25     52.661506
-43.00     52.943784
-42.75     53.220657
-42.50     53.482135
-42.25     53.736160
-42.00     53.984049
-41.75     54.215854
-41.50     54.425049
-41.25     54.612958
-41.00     54.792491
-40.75     54.956105
-40.50     55.104876
-40.25     55.248735
-40.00     55.392800
-39.75     55.533487
-39.50     55.677537
-39.25     55.832746
-39.00     55.993693
-38.75     56.162350
-38.50     56.345514
-38.25     56.546846
-38.00     56.767958
-37.75     57.012958
-37.50     57.284600
-37.25     57.582016
-37.00     57.905651
-36.75     58.249819
-36.50     58.605569
-36.25     58.967492
-36.00     59.336677
-35.75     59.712409
-35.50     60.086657
-35.25     60.457349
-35.00     60.833381
-34.75     61.208582
-34.50     61.576511
-34.25     61.943125
-34.00     62.304797
-33.75     62.656240
-33.50     63.009957
-33.25     63.360448
-33.00     63.701686
-32.75     64.038906
-32.50     64.374864
-32.25     64.711602
-32.00     65.052914
-31.75     65.403014
-31.50     65.765463
-31.25     66.142253
-31.00     66.534858
-30.75     66.948797
-30.50     67.401227
-30.25     67.899308
-30.00     68.430899
-29.75     68.983582
-29.50     69.552993
-29.25     70.158867
-29.00     70.784595
-28.75     71.409891
-28.50     72.036646
-28.25     72.700229
-28.00     73.360269
-27.75     73.996881
-27.50     74.617376
-27.25     75.248628
-27.00     75.854125
-26.75     76.442066
-26.50     77.035005
-26.25     77.605587
-26.00     78.154107
-25.75     78.667507
-25.50     79.173731
-25.25     79.650322
-25.00     80.090740
-24.75     80.500676
-24.50     80.940980
-24.25     81.365648
-24.00     81.771140
-23.75     82.175036
-23.50     82.582191
-23.25     83.019135
-23.00     83.481597
-22.75     83.961673
-22.50     84.461827
-22.25     84.989686
-22.00     85.549266
-21.75     86.139172
-21.50     86.755327
-21.25     87.394977
-21.00     88.057525
-20.75     88.743687
-20.50     89.454027
-20.25     90.187766
-20.00     90.943442
-19.75     91.720088
-19.50     92.517056
-19.25     93.333399
-19.00     94.167904
-18.75     95.019413
-18.50     95.887257
-18.25     96.771694
-18.00     97.673835
-17.75     98.595063
-17.50     99.536879
-17.25     100.501410
-17.00     101.491430
-16.75     102.509519
-16.50     103.557414
-16.25     104.636348
-16.00     105.747887
-15.75     106.894379
-15.50     108.078761
-15.25     109.304147
-15.00     110.573634
-14.75     111.890348
-14.50     113.257515
-14.25     114.678410
-14.00     116.156147
-13.75     117.693368
-13.50     119.291924
-13.25     120.952710
-13.00     122.675745
-12.75     124.460499
-12.50     126.306331
-12.25     128.212763
-12.00     130.179456
-11.75     132.206029
-11.50     134.292138
-11.25     136.437976
-11.00     138.644804
-10.75     140.915076
-10.50     143.252240
-10.25     145.660515
-10.00     148.144666
 -9.75     150.709591
 -9.50     153.359799
 -9.25     156.099272
 -9.00     158.932056
 -8.75     161.863060
 -8.50     164.898045
 -8.25     168.042661
 -8.00     171.301795
 -7.75     174.680278
 -7.50     178.184299
 -7.25     181.822225
 -7.00     185.604541
 -6.75     189.543546
 -6.50     193.653246
 -6.25     197.949112
 -6.00     202.447283
 -5.75     207.163296
 -5.50     212.110900
 -5.25     217.301503
 -5.00     222.744350
 -4.75     228.447140
 -4.50     234.416445
 -4.25     240.657248
 -4.00     247.171645
 -3.75     253.957629
 -3.50     261.008259
 -3.25     268.310415
 -3.00     275.842462
 -2.75     283.570813
 -2.50     291.445613
 -2.25     299.395768
 -2.00     307.323592
 -1.75     315.099460
 -1.50     322.557366
 -1.25     329.493452
 -1.00     335.670929
 -0.75     340.835010
 -0.50     344.738519
 -0.25     347.173585
  0.00     348.001507
  0.25     347.173585
  0.50     344.738519
  0.75     340.835010
  1.00     335.670929
  1.25     329.493452
  1.50     322.557366
  1.75     315.099460
  2.00     307.323592
  2.25     299.395768
  2.50     291.445613
  2.75     283.570813
  3.00     275.842462
  3.25     268.310415
  3.50     261.008259
  3.75     253.957629
  4.00     247.171645
  4.25     240.657248
  4.50     234.416445
  4.75     228.447140
  5.00     222.744350
  5.25     217.301503
  5.50     212.110900
  5.75     207.163296
  6.00     202.447283
  6.25     197.949112
  6.50     193.653246
  6.75     189.543546
  7.00     185.604541
  7.25     181.822225
  7.50     178.184299
  7.75     174.680278
  8.00     171.301795
  8.25     168.042661
  8.50     164.898045
  8.75     161.863060
  9.00     158.932056
  9.25     156.099272
  9.50     153.359799
  9.75     150.709591
 10.00     148.144666
 10.25     145.660515
 10.50     143.252240
 10.75     140.915076
 11.00     138.644804
 11.25     136.437976
 11.50     134.292138
 11.75     132.206029
 12.00     130.179456
 12.25     128.212763
 12.50     126.306331
 12.75     124.460499
 13.00     122.675745
 13.25     120.952710
 13.50     119.291924
 13.75     117.693368
 14.00     116.156147
 14.25     114.678410
 14.50     113.257515
 14.75     111.890348
 15.00     110.573634
 15.25     109.304147
 15.50     108.078761
 15.75     106.894379
 16.00     105.747887
 16.25     104.636348
 16.50     103.557414
 16.75     102.509519
 17.00     101.491430
 17.25     100.501410
 17.50     99.536879
 17.75     98.595063
 18.00     97.673835
 18.25     96.771694
 18.50     95.887257
 18.75     95.019413
 19.00     94.167904
 19.25     93.333399
 19.50     92.517056
 19.75     91.720088
 20.00     90.943442
 20.25     90.187766
 20.50     89.454027
 20.75     88.743687
 21.00     88.057525
 21.25     87.394977
 21.50     86.755327
 21.75     86.139172
 22.00     85.549266
 22.25     84.989686
 22.50     84.461827
 22.75     83.961673
 23.00     83.481597
 23.25     83.019135
 23.50     82.582191
 23.75     82.175036
 24.00     81.771140
 24.25     81.365648
 24.50     80.940980
 24.75     80.500676
 25.00     80.090740
 25.25     79.650322
 25.50     79.173731
 25.75     78.667507
 26.00     78.154107
 26.25     77.605587
 26.50     77.035005
 26.75     76.442066
 27.00     75.854125
 27.25     75.248628
 27.50     74.617376
 27.75     73.996881
 28.00     73.360269
 28.25     72.700229
 28.50     72.036646
 28.75     71.409891
 29.00     70.784595
 29.25     70.158867
 29.50     69.552993
 29.75     68.983582
 30.00     68.430899
 30.25     67.899308
 30.50     67.401227
 30.75     66.948797
 31.00     66.534858
 31.25     66.142253
 31.50     65.765463
 31.75     65.403014
 32.00     65.052914
 32.25     64.711602
 32.50     64.374864
 32.75     64.038906
 33.00     63.701686
 33.25     63.360448
 33.50     63.009957
 33.75     62.656240
 34.00     62.304797
 34.25     61.943125
 34.50     61.576511
 34.75     61.208582
 35.00     60.833381
 35.25     60.457349
 35.50     60.086657
 35.75     59.712409
 36.00     59.336677
 36.25     58.967492
 36.50     58.605569
 36.75     58.249819
 37.00     57.905651
 37.25     57.582016
 37.50     57.284600
 37.75     57.012958
 38.00     56.767958
 38.25     56.546846
 38.50     56.345514
 38.75     56.162350
 39.00     55.993693
 39.25     55.832746
 39.50     55.677537
 39.75     55.533487
 40.00     55.392800
 40.25     55.248735
 40.50     55.104876
 40.75     54.956105
 41.00     54.792491
 41.25     54.612958
 41.50     54.425049
 41.75     54.215854
 42.00     53.984049
 42.25     53.736160
 42.50     53.482135
 42.75     53.220657
 43.00     52.943784
 43.25     52.661506
 43.50     52.379075
 43.75     52.095383
 44.00     51.814611
 44.25     51.541707
 44.50     51.278377
 44.75     51.025024
 45.00     50.786026
 45.25     50.567007
 45.50     50.372055
 45.75     50.195434
 46.00     50.030448
 46.25     49.872649
 46.50     49.723955
 46.75     49.599001
 47.00     49.486502
 47.25     49.376413
 47.50     49.263999
 47.75     49.147680
 48.00     49.040109
 48.25     48.952403
 48.50     48.855579
 48.75     48.744409
 49.00     48.623921
 49.25     48.487718
 49.50     48.337015
 49.75     48.175309
 50.00     48.001510
