-50.000000 4.925674e-02
-49.750000 4.930933e-02
-49.500000 4.934022e-02
-49.250000 4.935964e-02
-49.000000 4.940524e-02
-48.750000 4.953576e-02
-48.500000 4.981771e-02
-48.250000 5.030755e-02
-48.000000 5.103419e-02
-47.750000 5.198729e-02
-47.500000 5.311535e-02
-47.250000 5.433392e-02
-47.000000 5.554113e-02
-46.750000 5.663555e-02
-46.500000 5.753242e-02
-46.250000 5.817550e-02
-46.000000 5.854352e-02
-45.750000 5.865082e-02
-45.500000 5.854270e-02
-45.250000 5.828591e-02
-45.000000 5.795590e-02
-44.750000 5.762283e-02
-44.500000 5.733940e-02
-44.250000 5.713361e-02
-44.000000 5.700861e-02
-43.750000 5.694963e-02
-43.500000 5.693610e-02
-43.250000 5.695495e-02
-43.000000 5.701140e-02
-42.750000 5.713367e-02
-42.500000 5.737003e-02
-42.250000 5.777791e-02
-42.000000 5.840745e-02
-41.750000 5.928398e-02
-41.500000 6.039493e-02
-41.250000 6.168584e-02
-41.000000 6.306684e-02
-40.750000 6.442741e-02
-40.500000 6.565524e-02
-40.250000 6.665460e-02
-40.000000 6.736116e-02
-39.750000 6.775128e-02
-39.500000 6.784491e-02
-39.250000 6.770176e-02
-39.000000 6.741086e-02
-38.750000 6.707452e-02
-38.500000 6.678908e-02
-38.250000 6.662633e-02
-38.000000 6.662049e-02
-37.750000 6.676498e-02
-37.500000 6.702016e-02
-37.250000 6.732987e-02
-37.000000 6.764189e-02
-36.750000 6.792664e-02
-36.500000 6.818952e-02
-36.250000 6.847379e-02
-36.000000 6.885279e-02
-35.750000 6.941230e-02
-35.500000 7.022651e-02
-35.250000 7.133394e-02
-35.000000 7.272061e-02
-34.750000 7.431622e-02
-34.500000 7.600442e-02
-34.250000 7.764351e-02
-34.000000 7.909146e-02
-33.750000 8.022959e-02
-33.500000 8.098096e-02
-33.250000 8.132161e-02
-33.000000 8.128367e-02
-32.750000 8.095025e-02
-32.500000 8.044224e-02
-32.250000 7.989807e-02
-32.000000 7.944924e-02
-31.750000 7.919655e-02
-31.500000 7.919297e-02
-31.250000 7.943877e-02
-31.000000 7.989046e-02
-30.750000 8.048075e-02
-30.500000 8.114295e-02
-30.250000 8.183269e-02
-30.000000 8.254129e-02
-29.750000 8.329762e-02
-29.500000 8.415822e-02
-29.250000 8.518777e-02
-29.000000 8.643493e-02
-28.750000 8.791047e-02
-28.500000 8.957442e-02
-28.250000 9.133661e-02
-28.000000 9.307033e-02
-27.750000 9.463505e-02
-27.500000 9.590244e-02
-27.250000 9.678024e-02
-27.000000 9.722994e-02
-26.750000 9.727579e-02
-26.500000 9.700361e-02
-26.250000 9.654865e-02
-26.000000 9.607293e-02
-25.750000 9.573505e-02
-25.500000 9.565810e-02
-25.250000 9.590428e-02
-25.000000 9.646450e-02
-24.750000 9.726706e-02
-24.500000 9.820293e-02
-24.250000 9.915978e-02
-24.000000 1.000552e-01
-23.750000 1.008609e-01
-23.500000 1.016132e-01
-23.250000 1.024064e-01
-23.000000 1.033699e-01
-22.750000 1.046336e-01
-22.500000 1.062875e-01
-22.250000 1.083499e-01
-22.000000 1.107520e-01
-21.750000 1.133470e-01
-21.500000 1.159377e-01
-21.250000 1.183160e-01
-21.000000 1.203039e-01
-20.750000 1.217878e-01
-20.500000 1.227416e-01
-20.250000 1.232353e-01
-20.000000 1.234272e-01
-19.750000 1.235384e-01
-19.500000 1.238114e-01
-19.250000 1.244573e-01
-19.000000 1.256063e-01
-18.750000 1.272744e-01
-18.500000 1.293601e-01
-18.250000 1.316717e-01
-18.000000 1.339783e-01
-17.750000 1.360672e-01
-17.500000 1.377965e-01
-17.250000 1.391324e-01
-17.000000 1.401672e-01
-16.750000 1.411124e-01
-16.500000 1.422655e-01
-16.250000 1.439516e-01
-16.000000 1.464482e-01
-15.750000 1.499122e-01
-15.500000 1.543335e-01
-15.250000 1.595314e-01
-15.000000 1.651934e-01
-14.750000 1.709406e-01
-14.500000 1.763988e-01
-14.250000 1.812593e-01
-14.000000 1.853232e-01
-13.750000 1.885248e-01
-13.500000 1.909363e-01
-13.250000 1.927524e-01
-13.000000 1.942573e-01
-12.750000 1.957761e-01
-12.500000 1.976176e-01
-12.250000 2.000208e-01
-12.000000 2.031161e-01
-11.750000 2.069143e-01
-11.500000 2.113245e-01
-11.250000 2.161939e-01
-11.000000 2.213558e-01
-10.750000 2.266717e-01
-10.500000 2.320581e-01
-10.250000 2.374914e-01
-10.000000 2.429953e-01
-9.750000 2.486134e-01
-9.500000 2.543785e-01
-9.250000 2.602883e-01
-9.000000 2.662957e-01
-8.750000 2.723208e-01
-8.500000 2.782815e-01
-8.250000 2.841375e-01
-8.000000 2.899371e-01
-7.750000 2.958525e-01
-7.500000 3.021928e-01
-7.250000 3.093812e-01
-7.000000 3.178937e-01
-6.750000 3.281650e-01
-6.500000 3.404825e-01
-6.250000 3.549005e-01
-6.000000 3.712024e-01
-5.750000 3.889255e-01
-5.500000 4.074405e-01
-5.250000 4.260668e-01
-5.000000 4.442007e-01
-4.750000 4.614386e-01
-4.500000 4.776822e-01
-4.250000 4.932118e-01
-4.000000 5.087126e-01
-3.750000 5.252328e-01
-3.500000 5.440583e-01
-3.250000 5.665012e-01
-3.000000 5.936367e-01
-2.750000 6.260507e-01
-2.500000 6.636755e-01
-2.250000 7.057571e-01
-2.000000 7.509451e-01
-1.750000 7.974602e-01
-1.500000 8.432860e-01
-1.250000 8.863477e-01
-1.000000 9.246630e-01
-0.750000 9.564618e-01
-0.500000 9.802783e-01
-0.250000 9.950186e-01
0.000000 1.000008e+00
0.250000 9.950186e-01
0.500000 9.802783e-01
0.750000 9.564618e-01
1.000000 9.246630e-01
1.250000 8.863477e-01
1.500000 8.432860e-01
1.750000 7.974602e-01
2.000000 7.509451e-01
2.250000 7.057571e-01
2.500000 6.636755e-01
2.750000 6.260507e-01
3.000000 5.936367e-01
3.250000 5.665012e-01
3.500000 5.440583e-01
3.750000 5.252328e-01
4.000000 5.087126e-01
4.250000 4.932118e-01
4.500000 4.776822e-01
4.750000 4.614386e-01
5.000000 4.442007e-01
5.250000 4.260668e-01
5.500000 4.074405e-01
5.750000 3.889255e-01
6.000000 3.712024e-01
6.250000 3.549005e-01
6.500000 3.404825e-01
6.750000 3.281650e-01
7.000000 3.178937e-01
7.250000 3.093812e-01
7.500000 3.021928e-01
7.750000 2.958525e-01
8.000000 2.899371e-01
8.250000 2.841375e-01
8.500000 2.782815e-01
8.750000 2.723208e-01
9.000000 2.662957e-01
9.250000 2.602883e-01
9.500000 2.543785e-01
9.750000 2.486134e-01
10.000000 2.429953e-01
10.250000 2.374914e-01
10.500000 2.320581e-01
10.750000 2.266717e-01
11.000000 2.213558e-01
11.250000 2.161939e-01
11.500000 2.113245e-01
11.750000 2.069143e-01
12.000000 2.031161e-01
12.250000 2.000208e-01
12.500000 1.976176e-01
12.750000 1.957761e-01
13.000000 1.942573e-01
13.250000 1.927524e-01
13.500000 1.909363e-01
13.750000 1.885248e-01
14.000000 1.853232e-01
14.250000 1.812593e-01
14.500000 1.763988e-01
14.750000 1.709406e-01
15.000000 1.651934e-01
15.250000 1.595314e-01
15.500000 1.543335e-01
15.750000 1.499122e-01
16.000000 1.464482e-01
16.250000 1.439516e-01
16.500000 1.422655e-01
16.750000 1.411124e-01
17.000000 1.401672e-01
17.250000 1.391324e-01
17.500000 1.377965e-01
17.750000 1.360672e-01
18.000000 1.339783e-01
18.250000 1.316717e-01
18.500000 1.293601e-01
18.750000 1.272744e-01
19.000000 1.256063e-01
19.250000 1.244573e-01
19.500000 1.238114e-01
19.750000 1.235384e-01
20.000000 1.234272e-01
20.250000 1.232353e-01
20.500000 1.227416e-01
20.750000 1.217878e-01
21.000000 1.203039e-01
21.250000 1.183160e-01
21.500000 1.159377e-01
21.750000 1.133470e-01
22.000000 1.107520e-01
22.250000 1.083499e-01
22.500000 1.062875e-01
22.750000 1.046336e-01
23.000000 1.033699e-01
23.250000 1.024064e-01
23.500000 1.016132e-01
23.750000 1.008609e-01
24.000000 1.000552e-01
24.250000 9.915978e-02
24.500000 9.820293e-02
24.750000 9.726706e-02
25.000000 9.646450e-02
25.250000 9.590428e-02
25.500000 9.565810e-02
25.750000 9.573505e-02
26.000000 9.607293e-02
26.250000 9.654865e-02
26.500000 9.700361e-02
26.750000 9.727579e-02
27.000000 9.722994e-02
27.250000 9.678024e-02
27.500000 9.590244e-02
27.750000 9.463505e-02
28.000000 9.307033e-02
28.250000 9.133661e-02
28.500000 8.957442e-02
28.750000 8.791047e-02
29.000000 8.643493e-02
29.250000 8.518777e-02
29.500000 8.415822e-02
29.750000 8.329762e-02
30.000000 8.254129e-02
30.250000 8.183269e-02
30.500000 8.114295e-02
30.750000 8.048075e-02
31.000000 7.989046e-02
31.250000 7.943877e-02
31.500000 7.919297e-02
31.750000 7.919655e-02
32.000000 7.944924e-02
32.250000 7.989807e-02
32.500000 8.044224e-02
32.750000 8.095025e-02
33.000000 8.128367e-02
33.250000 8.132161e-02
33.500000 8.098096e-02
33.750000 8.022959e-02
34.000000 7.909146e-02
34.250000 7.764351e-02
34.500000 7.600442e-02
34.750000 7.431622e-02
35.000000 7.272061e-02
35.250000 7.133394e-02
35.500000 7.022651e-02
35.750000 6.941230e-02
36.000000 6.885279e-02
36.250000 6.847379e-02
36.500000 6.818952e-02
36.750000 6.792664e-02
37.000000 6.764189e-02
37.250000 6.732987e-02
37.500000 6.702016e-02
37.750000 6.676498e-02
38.000000 6.662049e-02
38.250000 6.662633e-02
38.500000 6.678908e-02
38.750000 6.707452e-02
39.000000 6.741086e-02
39.250000 6.770176e-02
39.500000 6.784491e-02
39.750000 6.775128e-02
40.000000 6.736116e-02
40.250000 6.665460e-02
40.500000 6.565524e-02
40.750000 6.442741e-02
41.000000 6.306684e-02
41.250000 6.168584e-02
41.500000 6.039493e-02
41.750000 5.928398e-02
42.000000 5.840745e-02
42.250000 5.777791e-02
42.500000 5.737003e-02
42.750000 5.713367e-02
43.000000 5.701140e-02
43.250000 5.695495e-02
43.500000 5.693610e-02
43.750000 5.694963e-02
44.000000 5.700861e-02
44.250000 5.713361e-02
44.500000 5.733940e-02
44.750000 5.762283e-02
45.000000 5.795590e-02
45.250000 5.828591e-02
45.500000 5.854270e-02
45.750000 5.865082e-02
46.000000 5.854352e-02
46.250000 5.817550e-02
46.500000 5.753242e-02
46.750000 5.663555e-02
47.000000 5.554113e-02
47.250000 5.433392e-02
47.500000 5.311535e-02
47.750000 5.198729e-02
48.000000 5.103419e-02
48.250000 5.030755e-02
48.500000 4.981771e-02
48.750000 4.953576e-02
49.000000 4.940524e-02
49.250000 4.935964e-02
49.500000 4.934022e-02
49.750000 4.930933e-02
50.000000 4.925674e-02
