-50.000000 4.532989e-03
-49.750000 4.717979e-03
-49.500000 4.920558e-03
-49.250000 5.139841e-03
-49.000000 5.374565e-03
-48.750000 5.623148e-03
-48.500000 5.883761e-03
-48.250000 6.154412e-03
-48.000000 6.433030e-03
-47.750000 6.717553e-03
-47.500000 7.006016e-03
-47.250000 7.296629e-03
-47.000000 7.587862e-03
-46.750000 7.878523e-03
-46.500000 8.167827e-03
-46.250000 8.455466e-03
-46.000000 8.741672e-03
-45.750000 9.027258e-03
-45.500000 9.313660e-03
-45.250000 9.602948e-03
-45.000000 9.897817e-03
-44.750000 1.020155e-02
-44.500000 1.051793e-02
-44.250000 1.085117e-02
-44.000000 1.120570e-02
-43.750000 1.158606e-02
-43.500000 1.199665e-02
-43.250000 1.244154e-02
-43.000000 1.292427e-02
-42.750000 1.344763e-02
-42.500000 1.401356e-02
-42.250000 1.462300e-02
-42.000000 1.527587e-02
-41.750000 1.597102e-02
-41.500000 1.670632e-02
-41.250000 1.747866e-02
-41.000000 1.828407e-02
-40.750000 1.911783e-02
-40.500000 1.997457e-02
-40.250000 2.084839e-02
-40.000000 2.173293e-02
-39.750000 2.262154e-02
-39.500000 2.350732e-02
-39.250000 2.438324e-02
-39.000000 2.524221e-02
-38.750000 2.607720e-02
-38.500000 2.688127e-02
-38.250000 2.764768e-02
-38.000000 2.836993e-02
-37.750000 2.904188e-02
-37.500000 2.965776e-02
-37.250000 3.021227e-02
-37.000000 3.070064e-02
-36.750000 3.111869e-02
-36.500000 3.146287e-02
-36.250000 3.173034e-02
-36.000000 3.191902e-02
-35.750000 3.202764e-02
-35.500000 3.205579e-02
-35.250000 3.200395e-02
-35.000000 3.187360e-02
-34.750000 3.166717e-02
-34.500000 3.138817e-02
-34.250000 3.104115e-02
-34.000000 3.063181e-02
-33.750000 3.016694e-02
-33.500000 2.965450e-02
-33.250000 2.910360e-02
-33.000000 2.852446e-02
-32.750000 2.792834e-02
-32.500000 2.732751e-02
-32.250000 2.673500e-02
-32.000000 2.616441e-02
-31.750000 2.562958e-02
-31.500000 2.514417e-02
-31.250000 2.472112e-02
-31.000000 2.437206e-02
-30.750000 2.410669e-02
-30.500000 2.393219e-02
-30.250000 2.385275e-02
-30.000000 2.386926e-02
-29.750000 2.397926e-02
-29.500000 2.417717e-02
-29.250000 2.445469e-02
-29.000000 2.480136e-02
-28.750000 2.520524e-02
-28.500000 2.565356e-02
-28.250000 2.613329e-02
-28.000000 2.663167e-02
-27.750000 2.713657e-02
-27.500000 2.763677e-02
-27.250000 2.812220e-02
-27.000000 2.858402e-02
-26.750000 2.901470e-02
-26.500000 2.940805e-02
-26.250000 2.975918e-02
-26.000000 3.006450e-02
-25.750000 3.032165e-02
-25.500000 3.052944e-02
-25.250000 3.068777e-02
-25.000000 3.079758e-02
-24.750000 3.086070e-02
-24.500000 3.087979e-02
-24.250000 3.085822e-02
-24.000000 3.079993e-02
-23.750000 3.070933e-02
-23.500000 3.059114e-02
-23.250000 3.045027e-02
-23.000000 3.029162e-02
-22.750000 3.012002e-02
-22.500000 2.994002e-02
-22.250000 2.975576e-02
-22.000000 2.957092e-02
-21.750000 2.938853e-02
-21.500000 2.921099e-02
-21.250000 2.903998e-02
-21.000000 2.887649e-02
-20.750000 2.872084e-02
-20.500000 2.857276e-02
-20.250000 2.843151e-02
-20.000000 2.829599e-02
-19.750000 2.816496e-02
-19.500000 2.803713e-02
-19.250000 2.791144e-02
-19.000000 2.778720e-02
-18.750000 2.766429e-02
-18.500000 2.754336e-02
-18.250000 2.742596e-02
-18.000000 2.731469e-02
-17.750000 2.721332e-02
-17.500000 2.712683e-02
-17.250000 2.706141e-02
-17.000000 2.702445e-02
-16.750000 2.702437e-02
-16.500000 2.707044e-02
-16.250000 2.717249e-02
-16.000000 2.734053e-02
-15.750000 2.758433e-02
-15.500000 2.791296e-02
-15.250000 2.833433e-02
-15.000000 2.885475e-02
-14.750000 2.947862e-02
-14.500000 3.020822e-02
-14.250000 3.104361e-02
-14.000000 3.198270e-02
-13.750000 3.302140e-02
-13.500000 3.415390e-02
-13.250000 3.537291e-02
-13.000000 3.667006e-02
-12.750000 3.803610e-02
-12.500000 3.946127e-02
-12.250000 4.093550e-02
-12.000000 4.244861e-02
-11.750000 4.399052e-02
-11.500000 4.555131e-02
-11.250000 4.712138e-02
-11.000000 4.869151e-02
-10.750000 5.025292e-02
-10.500000 5.179729e-02
-10.250000 5.331682e-02
-10.000000 5.480426e-02
-9.750000 5.625287e-02
-9.500000 5.765650e-02
-9.250000 5.900954e-02
-9.000000 6.030695e-02
-8.750000 6.154427e-02
-8.500000 6.271756e-02
-8.250000 6.382348e-02
-8.000000 6.485921e-02
-7.750000 6.582250e-02
-7.500000 6.671163e-02
-7.250000 6.752540e-02
-7.000000 6.826314e-02
-6.750000 6.892468e-02
-6.500000 6.951037e-02
-6.250000 7.002101e-02
-6.000000 7.045791e-02
-5.750000 7.082280e-02
-5.500000 7.111786e-02
-5.250000 7.134568e-02
-5.000000 7.150922e-02
-4.750000 7.161183e-02
-4.500000 7.165716e-02
-4.250000 7.164913e-02
-4.000000 7.159194e-02
-3.750000 7.148995e-02
-3.500000 7.134767e-02
-3.250000 7.116970e-02
-3.000000 7.096062e-02
-2.750000 7.072500e-02
-2.500000 7.046726e-02
-2.250000 7.019161e-02
-2.000000 6.990200e-02
-1.750000 6.960202e-02
-1.500000 6.929484e-02
-1.250000 6.898316e-02
-1.000000 6.866912e-02
-0.750000 6.835429e-02
-0.500000 6.803961e-02
-0.250000 6.772538e-02
0.000000 6.741129e-02
0.250000 6.709639e-02
0.500000 6.677915e-02
0.750000 6.645750e-02
1.000000 6.612892e-02
1.250000 6.579048e-02
1.500000 6.543900e-02
1.750000 6.507108e-02
2.000000 6.468327e-02
2.250000 6.427217e-02
2.500000 6.383454e-02
2.750000 6.336743e-02
3.000000 6.286832e-02
3.250000 6.233519e-02
3.500000 6.176664e-02
3.750000 6.116201e-02
4.000000 6.052143e-02
4.250000 5.984591e-02
4.500000 5.913739e-02
4.750000 5.839876e-02
5.000000 5.763392e-02
5.250000 5.684771e-02
5.500000 5.604593e-02
5.750000 5.523526e-02
6.000000 5.442316e-02
6.250000 5.361773e-02
6.500000 5.282756e-02
6.750000 5.206153e-02
7.000000 5.132850e-02
7.250000 5.063713e-02
7.500000 4.999546e-02
7.750000 4.941067e-02
8.000000 4.888872e-02
8.250000 4.843404e-02
8.500000 4.804928e-02
8.750000 4.773509e-02
9.000000 4.749001e-02
9.250000 4.731044e-02
9.500000 4.719064e-02
9.750000 4.712297e-02
10.000000 4.709802e-02
10.250000 4.710495e-02
10.500000 4.713181e-02
10.750000 4.716584e-02
11.000000 4.719385e-02
11.250000 4.720254e-02
11.500000 4.717877e-02
11.750000 4.710985e-02
12.000000 4.698374e-02
12.250000 4.678926e-02
12.500000 4.651621e-02
12.750000 4.615551e-02
13.000000 4.569928e-02
13.250000 4.514089e-02
13.500000 4.447500e-02
13.750000 4.369760e-02
14.000000 4.280597e-02
14.250000 4.179870e-02
14.500000 4.067567e-02
14.750000 3.943797e-02
15.000000 3.808791e-02
15.250000 3.662893e-02
15.500000 3.506556e-02
15.750000 3.340333e-02
16.000000 3.164874e-02
16.250000 2.980914e-02
16.500000 2.789270e-02
16.750000 2.590830e-02
17.000000 2.386547e-02
17.250000 2.177433e-02
17.500000 1.964557e-02
17.750000 1.749039e-02
18.000000 1.532066e-02
18.250000 1.314908e-02
18.500000 1.098987e-02
18.750000 8.860358e-03
19.000000 6.785539e-03
19.250000 4.813488e-03
19.500000 3.081514e-03
19.750000 2.116704e-03
20.000000 2.729208e-03
20.250000 4.196723e-03
20.500000 5.839135e-03
20.750000 7.480416e-03
21.000000 9.067297e-03
21.250000 1.057730e-02
21.500000 1.199845e-02
21.750000 1.332349e-02
22.000000 1.454781e-02
22.250000 1.566862e-02
22.500000 1.668456e-02
22.750000 1.759549e-02
23.000000 1.840234e-02
23.250000 1.910704e-02
23.500000 1.971245e-02
23.750000 2.022225e-02
24.000000 2.064088e-02
24.250000 2.097347e-02
24.500000 2.122569e-02
24.750000 2.140369e-02
25.000000 2.151395e-02
25.250000 2.156317e-02
25.500000 2.155813e-02
25.750000 2.150550e-02
26.000000 2.141175e-02
26.250000 2.128298e-02
26.500000 2.112474e-02
26.750000 2.094192e-02
27.000000 2.073866e-02
27.250000 2.051820e-02
27.500000 2.028287e-02
27.750000 2.003401e-02
28.000000 1.977205e-02
28.250000 1.949646e-02
28.500000 1.920594e-02
28.750000 1.889846e-02
29.000000 1.857140e-02
29.250000 1.822176e-02
29.500000 1.784628e-02
29.750000 1.744163e-02
30.000000 1.700456e-02
30.250000 1.653207e-02
30.500000 1.602157e-02
30.750000 1.547096e-02
31.000000 1.487884e-02
31.250000 1.424454e-02
31.500000 1.356828e-02
31.750000 1.285131e-02
32.000000 1.209602e-02
32.250000 1.130617e-02
32.500000 1.048718e-02
32.750000 9.646579e-03
33.000000 8.794683e-03
33.250000 7.945749e-03
33.500000 7.119723e-03
33.750000 6.344870e-03
34.000000 5.661077e-03
34.250000 5.121945e-03
34.500000 4.789986e-03
34.750000 4.717353e-03
35.000000 4.917895e-03
35.250000 5.358027e-03
35.500000 5.977794e-03
35.750000 6.717213e-03
36.000000 7.528427e-03
36.250000 8.376445e-03
36.500000 9.236119e-03
36.750000 1.008908e-02
37.000000 1.092155e-02
37.250000 1.172286e-02
37.500000 1.248463e-02
37.750000 1.320012e-02
38.000000 1.386396e-02
38.250000 1.447187e-02
38.500000 1.502052e-02
38.750000 1.550749e-02
39.000000 1.593112e-02
39.250000 1.629051e-02
39.500000 1.658548e-02
39.750000 1.681653e-02
40.000000 1.698478e-02
40.250000 1.709199e-02
40.500000 1.714049e-02
40.750000 1.713315e-02
41.000000 1.707336e-02
41.250000 1.696495e-02
41.500000 1.681220e-02
41.750000 1.661973e-02
42.000000 1.639248e-02
42.250000 1.613566e-02
42.500000 1.585463e-02
42.750000 1.555488e-02
43.000000 1.524191e-02
43.250000 1.492115e-02
43.500000 1.459790e-02
43.750000 1.427718e-02
44.000000 1.396363e-02
44.250000 1.366145e-02
44.500000 1.337426e-02
44.750000 1.310507e-02
45.000000 1.285612e-02
45.250000 1.262896e-02
45.500000 1.242434e-02
45.750000 1.224231e-02
46.000000 1.208221e-02
46.250000 1.194283e-02
46.500000 1.182248e-02
46.750000 1.171913e-02
47.000000 1.163055e-02
47.250000 1.155444e-02
47.500000 1.148856e-02
47.750000 1.143082e-02
48.000000 1.137937e-02
48.250000 1.133268e-02
48.500000 1.128954e-02
48.750000 1.124911e-02
49.000000 1.121091e-02
49.250000 1.117478e-02
49.500000 1.114089e-02
49.750000 1.110966e-02
50.000000 1.108169e-02
