-50.000000 2.452009e-03
-49.750000 2.493469e-03
-49.500000 2.554175e-03
-49.250000 2.628933e-03
-49.000000 2.710828e-03
-48.750000 2.792460e-03
-48.500000 2.867067e-03
-48.250000 2.929391e-03
-48.000000 2.976281e-03
-47.750000 3.007077e-03
-47.500000 3.023782e-03
-47.250000 3.031020e-03
-47.000000 3.035708e-03
-46.750000 3.046370e-03
-46.500000 3.072023e-03
-46.250000 3.120742e-03
-46.000000 3.198183e-03
-45.750000 3.306511e-03
-45.500000 3.444123e-03
-45.250000 3.606208e-03
-45.000000 3.785856e-03
-44.750000 3.975318e-03
-44.500000 4.167081e-03
-44.250000 4.354615e-03
-44.000000 4.532808e-03
-43.750000 4.698110e-03
-43.500000 4.848479e-03
-43.250000 4.983159e-03
-43.000000 5.102360e-03
-42.750000 5.206871e-03
-42.500000 5.297677e-03
-42.250000 5.375608e-03
-42.000000 5.441088e-03
-41.750000 5.494012e-03
-41.500000 5.533753e-03
-41.250000 5.559305e-03
-41.000000 5.569511e-03
-40.750000 5.563338e-03
-40.500000 5.540137e-03
-40.250000 5.499847e-03
-40.000000 5.443079e-03
-39.750000 5.371094e-03
-39.500000 5.285628e-03
-39.250000 5.188616e-03
-39.000000 5.081831e-03
-38.750000 4.966513e-03
-38.500000 4.843062e-03
-38.250000 4.710867e-03
-38.000000 4.568325e-03
-37.750000 4.413079e-03
-37.500000 4.242463e-03
-37.250000 4.054092e-03
-37.000000 3.846547e-03
-36.750000 3.620089e-03
-36.500000 3.377368e-03
-36.250000 3.124085e-03
-36.000000 2.869566e-03
-35.750000 2.627095e-03
-35.500000 2.413545e-03
-35.250000 2.247438e-03
-35.000000 2.144468e-03
-34.750000 2.111211e-03
-34.500000 2.140919e-03
-34.250000 2.215382e-03
-34.000000 2.311528e-03
-33.750000 2.407929e-03
-33.500000 2.488649e-03
-33.250000 2.544977e-03
-33.000000 2.576330e-03
-32.750000 2.591023e-03
-32.500000 2.606761e-03
-32.250000 2.649759e-03
-32.000000 2.750686e-03
-31.750000 2.936754e-03
-31.500000 3.223111e-03
-31.250000 3.609213e-03
-31.000000 4.081885e-03
-30.750000 4.621246e-03
-30.500000 5.205513e-03
-30.250000 5.813650e-03
-30.000000 6.426503e-03
-29.750000 7.027217e-03
-29.500000 7.601363e-03
-29.250000 8.136972e-03
-29.000000 8.624511e-03
-28.750000 9.056821e-03
-28.500000 9.428987e-03
-28.250000 9.738156e-03
-28.000000 9.983305e-03
-27.750000 1.016496e-02
-27.500000 1.028490e-02
-27.250000 1.034587e-02
-27.000000 1.035129e-02
-26.750000 1.030505e-02
-26.500000 1.021134e-02
-26.250000 1.007457e-02
-26.000000 9.899285e-03
-25.750000 9.690150e-03
-25.500000 9.451953e-03
-25.250000 9.189534e-03
-25.000000 8.907664e-03
-24.750000 8.610847e-03
-24.500000 8.303010e-03
-24.250000 7.987137e-03
-24.000000 7.664876e-03
-23.750000 7.336186e-03
-23.500000 6.999122e-03
-23.250000 6.649818e-03
-23.000000 6.282712e-03
-22.750000 5.891016e-03
-22.500000 5.467395e-03
-22.250000 5.004764e-03
-22.000000 4.497166e-03
-21.750000 3.940706e-03
-21.500000 3.334682e-03
-21.250000 2.683543e-03
-21.000000 2.002194e-03
-20.750000 1.337633e-03
-20.500000 8.811696e-04
-20.250000 1.078928e-03
-20.000000 1.755195e-03
-19.750000 2.562971e-03
-19.500000 3.401592e-03
-19.250000 4.233666e-03
-19.000000 5.036332e-03
-18.750000 5.791636e-03
-18.500000 6.484238e-03
-18.250000 7.100888e-03
-18.000000 7.630415e-03
-17.750000 8.063858e-03
-17.500000 8.394620e-03
-17.250000 8.618606e-03
-17.000000 8.734332e-03
-16.750000 8.743011e-03
-16.500000 8.648622e-03
-16.250000 8.457997e-03
-16.000000 8.180938e-03
-15.750000 7.830399e-03
-15.500000 7.422748e-03
-15.250000 6.978107e-03
-15.000000 6.520701e-03
-14.750000 6.078941e-03
-14.500000 5.684690e-03
-14.250000 5.370719e-03
-14.000000 5.165487e-03
-13.750000 5.085819e-03
-13.500000 5.130885e-03
-13.250000 5.281779e-03
-13.000000 5.507335e-03
-12.750000 5.772215e-03
-12.500000 6.043195e-03
-12.250000 6.292375e-03
-12.000000 6.498163e-03
-11.750000 6.645157e-03
-11.500000 6.723641e-03
-11.250000 6.729006e-03
-11.000000 6.661170e-03
-10.750000 6.523986e-03
-10.500000 6.324589e-03
-10.250000 6.072631e-03
-10.000000 5.779379e-03
-9.750000 5.456665e-03
-9.500000 5.115723e-03
-9.250000 4.766047e-03
-9.000000 4.414474e-03
-8.750000 4.064799e-03
-8.500000 3.718334e-03
-8.250000 3.375812e-03
-8.000000 3.041140e-03
-7.750000 2.727649e-03
-7.500000 2.467171e-03
-7.250000 2.318138e-03
-7.000000 2.356028e-03
-6.750000 2.630356e-03
-6.500000 3.130685e-03
-6.250000 3.809089e-03
-6.000000 4.615267e-03
-5.750000 5.508256e-03
-5.500000 6.455067e-03
-5.250000 7.427593e-03
-5.000000 8.400674e-03
-4.750000 9.351244e-03
-4.500000 1.025810e-02
-4.250000 1.110200e-02
-4.000000 1.186584e-02
-3.750000 1.253489e-02
-3.500000 1.309691e-02
-3.250000 1.354227e-02
-3.000000 1.386393e-02
-2.750000 1.405733e-02
-2.500000 1.412028e-02
-2.250000 1.405275e-02
-2.000000 1.385675e-02
-1.750000 1.353615e-02
-1.500000 1.309662e-02
-1.250000 1.254568e-02
-1.000000 1.189284e-02
-0.750000 1.114993e-02
-0.500000 1.033153e-02
-0.250000 9.455738e-03
0.000000 8.545186e-03
0.250000 7.628477e-03
0.500000 6.742143e-03
0.750000 5.932706e-03
1.000000 5.257011e-03
1.250000 4.775688e-03
1.500000 4.533136e-03
1.750000 4.529771e-03
2.000000 4.713663e-03
2.250000 5.004519e-03
2.500000 5.324427e-03
2.750000 5.612958e-03
3.000000 5.829018e-03
3.250000 5.948234e-03
3.500000 5.960335e-03
3.750000 5.867616e-03
4.000000 5.684367e-03
4.250000 5.436860e-03
4.500000 5.163163e-03
4.750000 4.911223e-03
5.000000 4.732608e-03
5.250000 4.669741e-03
5.500000 4.739880e-03
5.750000 4.926426e-03
6.000000 5.184979e-03
6.250000 5.458276e-03
6.500000 5.689221e-03
6.750000 5.827814e-03
7.000000 5.833593e-03
7.250000 5.676058e-03
7.500000 5.334547e-03
7.750000 4.798218e-03
8.000000 4.066675e-03
8.250000 3.153013e-03
8.500000 2.099514e-03
8.750000 1.108231e-03
9.000000 1.291329e-03
9.250000 2.610791e-03
9.500000 4.177406e-03
9.750000 5.824405e-03
10.000000 7.489783e-03
10.250000 9.128288e-03
10.500000 1.070039e-02
10.750000 1.217072e-02
11.000000 1.350828e-02
11.250000 1.468715e-02
11.500000 1.568715e-02
11.750000 1.649435e-02
12.000000 1.710140e-02
12.250000 1.750764e-02
12.500000 1.771892e-02
12.750000 1.774717e-02
13.000000 1.760973e-02
13.250000 1.732843e-02
13.500000 1.692842e-02
13.750000 1.643682e-02
14.000000 1.588121e-02
14.250000 1.528801e-02
14.500000 1.468096e-02
14.750000 1.407971e-02
15.000000 1.349881e-02
15.250000 1.294723e-02
15.500000 1.242859e-02
15.750000 1.194198e-02
16.000000 1.148335e-02
16.250000 1.104712e-02
16.500000 1.062773e-02
16.750000 1.022091e-02
17.000000 9.824478e-03
17.250000 9.438538e-03
17.500000 9.065292e-03
17.750000 8.708397e-03
18.000000 8.372104e-03
18.250000 8.060303e-03
18.500000 7.775668e-03
18.750000 7.519033e-03
19.000000 7.289109e-03
19.250000 7.082574e-03
19.500000 6.894435e-03
19.750000 6.718565e-03
20.000000 6.548227e-03
20.250000 6.376491e-03
20.500000 6.196476e-03
20.750000 6.001454e-03
21.000000 5.784863e-03
21.250000 5.540352e-03
21.500000 5.261926e-03
21.750000 4.944291e-03
22.000000 4.583461e-03
22.250000 4.177747e-03
22.500000 3.729380e-03
22.750000 3.247389e-03
23.000000 2.753374e-03
23.250000 2.293660e-03
23.500000 1.960109e-03
23.750000 1.888860e-03
24.000000 2.153970e-03
24.250000 2.681267e-03
24.500000 3.354872e-03
24.750000 4.094779e-03
25.000000 4.851954e-03
25.250000 5.593595e-03
25.500000 6.295462e-03
25.750000 6.938743e-03
26.000000 7.508924e-03
26.250000 7.995504e-03
26.500000 8.392013e-03
26.750000 8.696096e-03
27.000000 8.909509e-03
27.250000 9.037978e-03
27.500000 9.090812e-03
27.750000 9.080269e-03
28.000000 9.020602e-03
28.250000 8.926825e-03
28.500000 8.813223e-03
28.750000 8.691779e-03
29.000000 8.570732e-03
29.250000 8.453570e-03
29.500000 8.338678e-03
29.750000 8.219766e-03
30.000000 8.086984e-03
30.250000 7.928458e-03
30.500000 7.731955e-03
30.750000 7.486397e-03
31.000000 7.183080e-03
31.250000 6.816539e-03
31.500000 6.385096e-03
31.750000 5.891196e-03
32.000000 5.341653e-03
32.250000 4.748048e-03
32.500000 4.127628e-03
32.750000 3.505451e-03
33.000000 2.919037e-03
33.250000 2.426595e-03
33.500000 2.112201e-03
33.750000 2.055372e-03
34.000000 2.254443e-03
34.250000 2.621625e-03
34.500000 3.063424e-03
34.750000 3.518278e-03
35.000000 3.950698e-03
35.250000 4.340511e-03
35.500000 4.676377e-03
35.750000 4.952419e-03
36.000000 5.166431e-03
36.250000 5.318820e-03
36.500000 5.411918e-03
36.750000 5.449486e-03
37.000000 5.436332e-03
37.250000 5.378002e-03
37.500000 5.280535e-03
37.750000 5.150262e-03
38.000000 4.993635e-03
38.250000 4.817080e-03
38.500000 4.626867e-03
38.750000 4.428970e-03
39.000000 4.228952e-03
39.250000 4.031850e-03
39.500000 3.842120e-03
39.750000 3.663646e-03
40.000000 3.499872e-03
40.250000 3.354064e-03
40.500000 3.229689e-03
40.750000 3.130831e-03
41.000000 3.062488e-03
41.250000 3.030543e-03
41.500000 3.041223e-03
41.750000 3.100014e-03
42.000000 3.210301e-03
42.250000 3.372234e-03
42.500000 3.582271e-03
42.750000 3.833480e-03
43.000000 4.116361e-03
43.250000 4.419791e-03
43.500000 4.731870e-03
43.750000 5.040584e-03
44.000000 5.334295e-03
44.250000 5.602123e-03
44.500000 5.834249e-03
44.750000 6.022171e-03
45.000000 6.158915e-03
45.250000 6.239212e-03
45.500000 6.259621e-03
45.750000 6.218616e-03
46.000000 6.116627e-03
46.250000 5.956025e-03
46.500000 5.741087e-03
46.750000 5.477913e-03
47.000000 5.174343e-03
47.250000 4.839866e-03
47.500000 4.485539e-03
47.750000 4.123933e-03
48.000000 3.769053e-03
48.250000 3.436152e-03
48.500000 3.141169e-03
48.750000 2.899421e-03
49.000000 2.723176e-03
49.250000 2.618431e-03
49.500000 2.582459e-03
49.750000 2.604086e-03
50.000000 2.666904e-03
